{"frames": 64, "data": [{"currentFrameRate": 55.329, "devices": [], "gestures": [], "hands": [{"armBasis": [[0.113007, -0.870149, -0.479656], [0.992951, 0.116275, 0.0230045], [0.0357547, -0.478875, 0.877155]], "armWidth": 55.2734, "confidence": 1, "direction": [-0.496786, 0.34791, -0.795087], "elbow": [-72.895, 48.185, 265.31], "grabAngle": 0.398364, "grabStrength": 0, "id": 112, "palmNormal": [0.85992, 0.0735819, -0.505097], "palmPosition": [-88.1321, 189.698, 9.28807], "palmVelocity": [0.884811, -15.0965, -5.25285], "palmWidth": 78.1236, "pinchDistance": 72.2293, "pinchStrength": 0, "r": [[0.942481, -0.239608, -0.233063], [0.271192, 0.95574, 0.11409], [0.195411, -0.170733, 0.965746]], "s": 1.09829, "sphereCenter": [-102.07, 192.719, -27.1781], "sphereRadius": 50.3325, "stabilizedPalmPosition": [-83.4862, 191.685, 4.70919], "t": [59.6719, 59.1163, -39.0494], "timeVisible": 1.75346, "type": "left", "wrist": [-64.6064, 159.198, 61.9669]}], "id": 41087, "interactionBox": {"center": [0, 200, 0], "size": [235.247, 235.247, 147.751]}, "pointables": [{"bases": [[[0.913245, -0.37402, 0.161529], [0.0963487, 0.583506, 0.806373], [-0.395853, -0.720854, 0.56892]], [[0.993881, -0.0124418, -0.10975], [0.0878468, 0.691355, 0.717154], [0.0669535, -0.722408, 0.688218]], [[0.993881, -0.0124418, -0.10975], [0.0772664, 0.78836, 0.610342], [0.0789287, -0.615088, 0.784498]], [[0.993881, -0.0124418, -0.10975], [0.0637392, 0.876101, 0.477896], [0.0902061, -0.481967, 0.871534]]], "btipPosition": [-49.7269, 248.592, -18.6048], "carpPosition": [-56.7531, 189.715, 51.6977], "dipPosition": [-51.5542, 238.828, -0.950225], "direction": [0.0789287, 0.615088, -0.784498], "extended": true, "handId": 112, "id": 1120, "length": 45.1091, "mcpPosition": [-56.7531, 189.715, 51.6977], "pipPosition": [-53.8835, 220.676, 22.2013], "stabilizedTipPosition": [-44.9925, 246.658, -19.2432], "timeVisible": 1.75346, "tipPosition": [-49.039, 243.476, -16.6093], "tipVelocity": [-5.90757, -10.2565, -4.08779], "tool": false, "touchDistance": 0.313808, "touchZone": "hovering", "type": 0, "width": 17.6444}, {"bases": [[[0.198972, -0.862953, -0.46446], [0.920134, 0.00138731, 0.391602], [-0.33729, -0.505283, 0.794308]], [[0.186941, -0.880252, -0.436131], [0.788452, -0.130385, 0.601118], [-0.586, -0.456242, 0.669662]], [[0.186941, -0.880252, -0.436131], [0.913631, -0.00736369, 0.406477], [-0.361014, -0.47445, 0.802849]], [[0.186941, -0.880252, -0.436131], [0.973071, 0.104978, 0.205214], [-0.134856, -0.462749, 0.876172]]], "btipPosition": [-129.209, 250.855, -54.2811], "carpPosition": [-76.5657, 185.204, 50.5479], "dipPosition": [-127.215, 244.012, -41.3239], "direction": [-0.361014, 0.47445, -0.802849], "extended": true, "handId": 112, "id": 1121, "length": 50.9006, "mcpPosition": [-97.8711, 217.12, 0.374188], "pipPosition": [-119.662, 234.086, -24.5278], "stabilizedTipPosition": [-124.636, 253.069, -53.7635], "timeVisible": 1.75346, "tipPosition": [-125.913, 250.326, -51.4899], "tipVelocity": [-5.23296, -17.5205, -4.1988], "tool": false, "touchDistance": 0.306582, "touchZone": "hovering", "type": 1, "width": 16.8539}, {"bases": [[[-0.00822206, -0.910792, -0.412783], [0.932897, -0.155619, 0.324786], [-0.360049, -0.382414, 0.850955]], [[-0.0256454, -0.92824, -0.371097], [0.84846, -0.216516, 0.482945], [-0.528637, -0.302476, 0.793127]], [[-0.0256454, -0.92824, -0.371097], [0.962778, -0.122853, 0.240761], [-0.269074, -0.35111, 0.896839]], [[-0.0256454, -0.92824, -0.371097], [0.998225, -0.0437367, 0.0404158], [-0.0537461, -0.369402, 0.927714]]], "btipPosition": [-131.281, 226.613, -75.3659], "carpPosition": [-80.162, 176.436, 45.861], "dipPosition": [-130.407, 220.605, -60.2763], "direction": [-0.269074, 0.35111, -0.896839], "extended": true, "handId": 112, "id": 1122, "length": 57.9972, "mcpPosition": [-101.73, 199.344, -5.11335], "pipPosition": [-123.784, 211.963, -38.2024], "stabilizedTipPosition": [-128.148, 229.278, -73.9135], "timeVisible": 1.75346, "tipPosition": [-128.966, 226.296, -71.5635], "tipVelocity": [-2.25988, -17.8414, -5.20805], "tool": false, "touchDistance": 0.308812, "touchZone": "hovering", "type": 2, "width": 16.5528}, {"bases": [[[-0.131419, -0.9428, -0.30636], [0.917973, -0.232404, 0.321425], [-0.374239, -0.238989, 0.896007]], [[-0.139999, -0.948052, -0.285653], [0.878803, -0.251888, 0.405287], [-0.456186, -0.194293, 0.868415]], [[-0.139999, -0.948052, -0.285653], [0.975283, -0.181842, 0.125527], [-0.17095, -0.261019, 0.950077]], [[-0.139999, -0.948052, -0.285653], [0.986113, -0.107468, -0.12662], [0.0893437, -0.299413, 0.949931]]], "btipPosition": [-121.474, 198.493, -78.7355], "carpPosition": [-81.0505, 167.025, 41.18], "dipPosition": [-122.919, 193.651, -63.3733], "direction": [-0.17095, 0.261019, -0.950077], "extended": true, "handId": 112, "id": 1123, "length": 55.7658, "mcpPosition": [-101.178, 179.879, -7.00943], "pipPosition": [-118.82, 187.392, -40.593], "stabilizedTipPosition": [-121.189, 201.418, -75.0507], "timeVisible": 1.75346, "tipPosition": [-119.439, 197.659, -74.6885], "tipVelocity": [2.86479, -16.1073, -6.17347], "tool": false, "touchDistance": -0.0592401, "touchZone": "touching", "type": 3, "width": 15.751}, {"bases": [[[-0.323707, -0.912677, -0.249467], [0.849664, -0.39641, 0.347751], [-0.416276, -0.099394, 0.903789]], [[-0.391823, -0.915941, -0.0867598], [0.856464, -0.397567, 0.329257], [-0.336072, 0.0547036, 0.940246]], [[-0.391823, -0.915941, -0.0867598], [0.918275, -0.395168, 0.0247797], [-0.0569814, -0.0699601, 0.995921]], [[-0.391823, -0.915941, -0.0867598], [0.903256, -0.36503, -0.225569], [0.174938, -0.166749, 0.970356]]], "btipPosition": [-105.095, 164.209, -68.999], "carpPosition": [-75.7303, 157.262, 36.1102], "dipPosition": [-107.705, 161.721, -54.522], "direction": [-0.0569814, 0.0699601, -0.995921], "extended": true, "handId": 112, "id": 1124, "length": 43.7194, "mcpPosition": [-96.455, 162.211, -8.88573], "pipPosition": [-106.74, 160.537, -37.662], "stabilizedTipPosition": [-103.536, 167.135, -68.354], "timeVisible": 1.75346, "tipPosition": [-100.869, 165.728, -64.1696], "tipVelocity": [6.24516, -14.6952, -6.77607], "tool": false, "touchDistance": 0.323489, "touchZone": "hovering", "type": 4, "width": 13.9913}], "r": [[0.942481, -0.239608, -0.233063], [0.271192, 0.95574, 0.11409], [0.195411, -0.170733, 0.965746]], "s": 1.09829, "t": [-59.6719, 59.1163, -39.0494], "timestamp": 629943340355}, {"currentFrameRate": 55.3287, "devices": [], "gestures": [], "hands": [{"armBasis": [[0.111421, -0.870262, -0.479822], [0.993137, 0.114789, 0.0224245], [0.035563, -0.479027, 0.877079]], "armWidth": 55.2734, "confidence": 1, "direction": [-0.497004, 0.346906, -0.795389], "elbow": [-72.8175, 47.9951, 265.227], "grabAngle": 0.398535, "grabStrength": 0, "id": 112, "palmNormal": [0.860009, 0.074772, -0.50477], "palmPosition": [-88.1233, 189.495, 9.20622], "palmVelocity": [0.490587, -11.2216, -4.5283], "palmWidth": 78.1236, "pinchDistance": 72.2273, "pinchStrength": 0, "r": [[0.94218, -0.240845, -0.233002], [0.27238, 0.955434, 0.113817], [0.195206, -0.170702, 0.965793]], "s": 1.09828, "sphereCenter": [-101.929, 192.438, -27.3309], "sphereRadius": 50.34, "stabilizedPalmPosition": [-83.5442, 191.658, 4.76542], "t": [59.6775, 58.8646, -39.1331], "timeVisible": 1.77153, "type": "left", "wrist": [-64.5732, 159.044, 61.9021]}], "id": 41088, "interactionBox": {"center": [0, 200, 0], "size": [235.247, 235.247, 147.751]}, "pointables": [{"bases": [[[0.912728, -0.375393, 0.161268], [0.0975829, 0.583589, 0.806164], [-0.396742, -0.720072, 0.56929]], [[0.993804, -0.0138292, -0.110285], [0.0891357, 0.691908, 0.716462], [0.0663988, -0.721853, 0.688854]], [[0.993804, -0.0138292, -0.110285], [0.0786263, 0.788792, 0.609611], [0.0785613, -0.614505, 0.784992]], [[0.993804, -0.0138292, -0.110285], [0.0652221, 0.875997, 0.477887], [0.0900003, -0.482119, 0.871471]]], "btipPosition": [-49.7741, 248.412, -18.7145], "carpPosition": [-56.7615, 189.573, 51.6286], "dipPosition": [-51.5972, 238.646, -1.06117], "direction": [0.0785613, 0.614505, -0.784992], "extended": true, "handId": 112, "id": 1120, "length": 45.1091, "mcpPosition": [-56.7615, 189.573, 51.6286], "pipPosition": [-53.9157, 220.511, 22.105], "stabilizedTipPosition": [-45.0406, 246.654, -19.2006], "timeVisible": 1.77153, "tipPosition": [-49.1067, 243.335, -16.6847], "tipVelocity": [-2.55759, -9.97647, -6.0836], "tool": false, "touchDistance": 0.311976, "touchZone": "hovering", "type": 0, "width": 17.6444}, {"bases": [[[0.197441, -0.863396, -0.464289], [0.920293, 7.04581e-05, 0.391229], [-0.337753, -0.504527, 0.794592]], [[0.185423, -0.880629, -0.436016], [0.788729, -0.131276, 0.600561], [-0.58611, -0.455256, 0.670237]], [[0.185423, -0.880629, -0.436016], [0.913867, -0.00855843, 0.405924], [-0.3612, -0.473728, 0.803191]], [[0.185423, -0.880629, -0.436016], [0.973341, 0.103636, 0.204614], [-0.135002, -0.462332, 0.876369]]], "btipPosition": [-129.249, 250.577, -54.4063], "carpPosition": [-76.5666, 185.031, 50.472], "dipPosition": [-127.253, 243.74, -41.4462], "direction": [-0.3612, 0.473728, -0.803191], "extended": true, "handId": 112, "id": 1121, "length": 50.9006, "mcpPosition": [-97.9012, 216.9, 0.28041], "pipPosition": [-119.696, 233.829, -24.643], "stabilizedTipPosition": [-124.702, 253.005, -53.7266], "timeVisible": 1.77153, "tipPosition": [-125.978, 250.045, -51.6044], "tipVelocity": [-2.20027, -15.3308, -6.89168], "tool": false, "touchDistance": 0.304506, "touchZone": "hovering", "type": 1, "width": 16.8539}, {"bases": [[[-0.00980547, -0.910898, -0.412515], [0.932786, -0.156975, 0.324453], [-0.360298, -0.381606, 0.851212]], [[-0.0272669, -0.928333, -0.370749], [0.848633, -0.217502, 0.482198], [-0.528279, -0.301482, 0.793745]], [[-0.0272669, -0.928333, -0.370749], [0.962833, -0.124091, 0.239905], [-0.268718, -0.350428, 0.897213]], [[-0.0272669, -0.928333, -0.370749], [0.998191, -0.0451649, 0.0396776], [-0.0535789, -0.368996, 0.927885]]], "btipPosition": [-131.255, 226.32, -75.4938], "carpPosition": [-80.1474, 176.256, 45.7862], "dipPosition": [-130.384, 220.318, -60.4014], "direction": [-0.268718, 0.350428, -0.897213], "extended": true, "handId": 112, "id": 1122, "length": 57.9972, "mcpPosition": [-101.73, 199.115, -5.20351], "pipPosition": [-123.77, 211.693, -38.3183], "stabilizedTipPosition": [-128.197, 229.206, -73.8822], "timeVisible": 1.77153, "tipPosition": [-128.987, 226.003, -71.6735], "tipVelocity": [1.41281, -16.1276, -7.03953], "tool": false, "touchDistance": 0.306691, "touchZone": "hovering", "type": 2, "width": 16.5528}, {"bases": [[[-0.133009, -0.942684, -0.306033], [0.917741, -0.233738, 0.321121], [-0.374247, -0.238147, 0.896228]], [[-0.1416, -0.947923, -0.285293], [0.878783, -0.253046, 0.40461], [-0.455731, -0.193418, 0.868849]], [[-0.1416, -0.947923, -0.285293], [0.97512, -0.183219, 0.124785], [-0.170557, -0.260526, 0.950282]], [[-0.1416, -0.947923, -0.285293], [0.985865, -0.108965, -0.127264], [0.0895495, -0.299281, 0.949953]]], "btipPosition": [-121.413, 198.217, -78.8419], "carpPosition": [-81.0194, 166.843, 41.1076], "dipPosition": [-122.861, 193.377, -63.4793], "direction": [-0.170557, 0.260526, -0.950282], "extended": true, "handId": 112, "id": 1123, "length": 55.7658, "mcpPosition": [-101.147, 179.651, -7.09371], "pipPosition": [-118.771, 187.131, -40.6941], "stabilizedTipPosition": [-121.214, 201.223, -75.0623], "timeVisible": 1.77153, "tipPosition": [-119.413, 197.383, -74.7864], "tipVelocity": [3.33848, -15.2208, -5.87973], "tool": false, "touchDistance": -0.0610114, "touchZone": "touching", "type": 3, "width": 15.751}, {"bases": [[[-0.325226, -0.912245, -0.249071], [0.849187, -0.39763, 0.347522], [-0.416063, -0.0984841, 0.903987]], [[-0.393325, -0.915348, -0.0862183], [0.856006, -0.39881, 0.328945], [-0.335484, 0.0555788, 0.940405]], [[-0.393325, -0.915348, -0.0862183], [0.91765, -0.396629, 0.0245797], [-0.0566957, -0.0694504, 0.995973]], [[-0.393325, -0.915348, -0.0862183], [0.9026, -0.366592, -0.225662], [0.174952, -0.166579, 0.970383]]], "btipPosition": [-105.013, 163.95, -69.0823], "carpPosition": [-75.6819, 157.087, 36.0428], "dipPosition": [-107.623, 161.464, -54.6049], "direction": [-0.0566957, 0.0694504, -0.995973], "extended": true, "handId": 112, "id": 1124, "length": 43.7194, "mcpPosition": [-96.396, 161.99, -8.96294], "pipPosition": [-106.663, 160.289, -37.7441], "stabilizedTipPosition": [-103.569, 167.076, -68.3131], "timeVisible": 1.77153, "tipPosition": [-100.796, 165.483, -64.2504], "tipVelocity": [4.53696, -14.2953, -4.60684], "tool": false, "touchDistance": 0.322101, "touchZone": "hovering", "type": 4, "width": 13.9913}], "r": [[0.94218, -0.240845, -0.233002], [0.27238, 0.955434, 0.113817], [0.195206, -0.170702, 0.965793]], "s": 1.09828, "t": [-59.6775, 58.8646, -39.1331], "timestamp": 629943358430}, {"currentFrameRate": 55.3339, "devices": [], "gestures": [], "hands": [{"armBasis": [[0.10984, -0.870301, -0.480117], [0.993319, 0.113315, 0.0218443], [0.0353934, -0.479308, 0.876933]], "armWidth": 55.2734, "confidence": 1, "direction": [-0.497494, 0.345965, -0.795492], "elbow": [-72.7342, 47.8402, 265.123], "grabAngle": 0.398625, "grabStrength": 0, "id": 112, "palmNormal": [0.859936, 0.0761177, -0.504693], "palmPosition": [-88.1194, 189.363, 9.13005], "palmVelocity": [0.213552, -7.33482, -4.21943], "palmWidth": 78.1236, "pinchDistance": 72.2335, "pinchStrength": 0, "r": [[0.941854, -0.242153, -0.232964], [0.273649, 0.955102, 0.113565], [0.195005, -0.170712, 0.965832]], "s": 1.09825, "sphereCenter": [-101.716, 192.22, -27.5165], "sphereRadius": 50.3562, "stabilizedPalmPosition": [-83.5933, 191.633, 4.81229], "t": [59.6822, 58.6726, -39.213], "timeVisible": 1.78959, "type": "left", "wrist": [-64.5292, 158.954, 61.8322]}], "id": 41089, "interactionBox": {"center": [0, 200, 0], "size": [235.247, 235.247, 147.751]}, "pointables": [{"bases": [[[0.912123, -0.376876, 0.161231], [0.0986301, 0.583548, 0.806067], [-0.397873, -0.71933, 0.569439]], [[0.993754, -0.0152611, -0.110547], [0.0903176, 0.691824, 0.716395], [0.0655462, -0.721905, 0.688881]], [[0.993754, -0.0152611, -0.110547], [0.0799083, 0.7888, 0.609434], [0.0778989, -0.614461, 0.785092]], [[0.993754, -0.0152611, -0.110547], [0.066643, 0.875726, 0.478186], [0.0895114, -0.482566, 0.871273]]], "btipPosition": [-49.8408, 248.348, -18.7876], "carpPosition": [-56.7622, 189.499, 51.5556], "dipPosition": [-51.654, 238.572, -1.13828], "direction": [0.0778989, 0.614461, -0.785092], "extended": true, "handId": 112, "id": 1120, "length": 45.1091, "mcpPosition": [-56.7622, 189.499, 51.5556], "pipPosition": [-53.9529, 220.439, 22.0308], "stabilizedTipPosition": [-45.0792, 246.649, -19.1676], "timeVisible": 1.78959, "tipPosition": [-49.191, 243.268, -16.7616], "tipVelocity": [-3.56702, -3.67514, -4.10069], "tool": false, "touchDistance": 0.310742, "touchZone": "hovering", "type": 0, "width": 17.6444}, {"bases": [[[0.195966, -0.863791, -0.46418], [0.920333, -0.00139188, 0.391134], [-0.338504, -0.503849, 0.794702]], [[0.18392, -0.881004, -0.435897], [0.788947, -0.132197, 0.600072], [-0.58629, -0.454265, 0.670752]], [[0.18392, -0.881004, -0.435897], [0.914126, -0.00970375, 0.405315], [-0.361314, -0.47301, 0.803563]], [[0.18392, -0.881004, -0.435897], [0.97364, 0.102424, 0.203802], [-0.134904, -0.46189, 0.876618]]], "btipPosition": [-129.297, 250.368, -54.5182], "carpPosition": [-76.5596, 184.924, 50.3977], "dipPosition": [-127.302, 243.538, -41.5544], "direction": [-0.361314, 0.47301, -0.803563], "extended": true, "handId": 112, "id": 1121, "length": 50.9006, "mcpPosition": [-97.9417, 216.75, 0.199126], "pipPosition": [-119.743, 233.642, -24.7434], "stabilizedTipPosition": [-124.759, 252.946, -53.6962], "timeVisible": 1.78959, "tipPosition": [-126.076, 249.838, -51.6931], "tipVelocity": [-2.68326, -11.4592, -6.15113], "tool": false, "touchDistance": 0.302655, "touchZone": "hovering", "type": 1, "width": 16.8539}, {"bases": [[[-0.0113532, -0.910942, -0.412377], [0.932558, -0.158467, 0.324381], [-0.360841, -0.380883, 0.851306]], [[-0.0289011, -0.9284, -0.370457], [0.848802, -0.218529, 0.481435], [-0.52792, -0.300531, 0.794343]], [[-0.0289011, -0.9284, -0.370457], [0.962915, -0.125318, 0.238937], [-0.268254, -0.349813, 0.897592]], [[-0.0289011, -0.9284, -0.370457], [0.998164, -0.0465413, 0.0387654], [-0.0532314, -0.368657, 0.92804]]], "btipPosition": [-131.234, 226.103, -75.6096], "carpPosition": [-80.1255, 176.142, 45.7128], "dipPosition": [-130.368, 220.106, -60.5147], "direction": [-0.268254, 0.349813, -0.897592], "extended": true, "handId": 112, "id": 1122, "length": 57.9972, "mcpPosition": [-101.741, 198.958, -5.28253], "pipPosition": [-123.765, 211.496, -38.4223], "stabilizedTipPosition": [-128.238, 229.141, -73.8569], "timeVisible": 1.78959, "tipPosition": [-129.044, 225.785, -71.7612], "tipVelocity": [1.11909, -11.9709, -6.38422], "tool": false, "touchDistance": 0.30477, "touchZone": "hovering", "type": 2, "width": 16.5528}, {"bases": [[[-0.134598, -0.942508, -0.305878], [0.917386, -0.235206, 0.321062], [-0.374548, -0.237394, 0.896302]], [[-0.143196, -0.94773, -0.285135], [0.878569, -0.254367, 0.404244], [-0.455643, -0.192624, 0.869071]], [[-0.143196, -0.94773, -0.285135], [0.974843, -0.18479, 0.124634], [-0.170809, -0.260114, 0.95035]], [[-0.143196, -0.94773, -0.285135], [0.985688, -0.110672, -0.127166], [0.0889628, -0.299264, 0.950014]]], "btipPosition": [-121.403, 198.02, -78.9291], "carpPosition": [-80.9814, 166.727, 41.0356], "dipPosition": [-122.842, 193.181, -63.5656], "direction": [-0.170809, 0.260114, -0.95035], "extended": true, "handId": 112, "id": 1123, "length": 55.7658, "mcpPosition": [-101.125, 179.494, -7.16975], "pipPosition": [-118.746, 186.944, -40.7787], "stabilizedTipPosition": [-121.235, 201.05, -75.0757], "timeVisible": 1.78959, "tipPosition": [-119.416, 197.186, -74.8675], "tipVelocity": [0.656925, -10.9197, -4.81934], "tool": false, "touchDistance": -0.0624615, "touchZone": "touching", "type": 3, "width": 15.751}, {"bases": [[[-0.326759, -0.911744, -0.248901], [0.848565, -0.39898, 0.347495], [-0.416133, -0.0976612, 0.904044]], [[-0.394811, -0.914716, -0.0861348], [0.855316, -0.400162, 0.329097], [-0.335498, 0.0562587, 0.940359]], [[-0.394811, -0.914716, -0.0861348], [0.916966, -0.398163, 0.0252895], [-0.0574284, -0.0689981, 0.995962]], [[-0.394811, -0.914716, -0.0861348], [0.902183, -0.368249, -0.224628], [0.173752, -0.166395, 0.97063]]], "btipPosition": [-104.993, 163.77, -69.1573], "carpPosition": [-75.6273, 156.979, 35.9727], "dipPosition": [-107.585, 161.287, -54.6763], "direction": [-0.0574284, 0.0689981, -0.995962], "extended": true, "handId": 112, "id": 1124, "length": 43.7194, "mcpPosition": [-96.3448, 161.841, -9.03585], "pipPosition": [-106.613, 160.119, -37.8156], "stabilizedTipPosition": [-103.598, 167.021, -68.2776], "timeVisible": 1.78959, "tipPosition": [-100.755, 165.314, -64.3274], "tipVelocity": [1.35917, -9.93423, -4.10825], "tool": false, "touchDistance": 0.320865, "touchZone": "hovering", "type": 4, "width": 13.9913}], "r": [[0.941854, -0.242153, -0.232964], [0.273649, 0.955102, 0.113565], [0.195005, -0.170712, 0.965832]], "s": 1.09825, "t": [-59.6822, 58.6726, -39.213], "timestamp": 629943376484}, {"currentFrameRate": 55.317, "devices": [], "gestures": [], "hands": [{"armBasis": [[0.108918, -0.870165, -0.480572], [0.993434, 0.112313, 0.0217896], [0.035014, -0.47979, 0.876684]], "armWidth": 55.2734, "confidence": 1, "direction": [-0.497671, 0.345143, -0.795738], "elbow": [-72.6104, 47.689, 265.024], "grabAngle": 0.39844, "grabStrength": 0, "id": 112, "palmNormal": [0.85996, 0.0767156, -0.504562], "palmPosition": [-88.1034, 189.286, 9.07506], "palmVelocity": [0.883525, -4.24743, -3.03176], "palmWidth": 78.1236, "pinchDistance": 72.2208, "pinchStrength": 0, "r": [[0.941537, -0.243399, -0.232949], [0.27485, 0.954792, 0.113269], [0.194848, -0.170672, 0.96587]], "s": 1.09816, "sphereCenter": [-101.506, 192.042, -27.6792], "sphereRadius": 50.3724, "stabilizedPalmPosition": [-83.6333, 191.612, 4.85008], "t": [59.6926, 58.538, -39.2804], "timeVisible": 1.80772, "type": "left", "wrist": [-64.4934, 158.914, 61.7908]}], "id": 41090, "interactionBox": {"center": [0, 200, 0], "size": [235.247, 235.247, 147.751]}, "pointables": [{"bases": [[[0.911795, -0.377674, 0.161222], [0.09934, 0.583807, 0.805792], [-0.398449, -0.718702, 0.56983]], [[0.993714, -0.0162051, -0.110767], [0.091104, 0.69206, 0.716068], [0.0650532, -0.721658, 0.689186]], [[0.993714, -0.0162051, -0.110767], [0.0807357, 0.789171, 0.608844], [0.0775474, -0.61396, 0.785519]], [[0.993714, -0.0162051, -0.110767], [0.0675423, 0.875869, 0.477799], [0.0892742, -0.482277, 0.871458]]], "btipPosition": [-49.8693, 248.288, -18.866], "carpPosition": [-56.7544, 189.47, 51.5065], "dipPosition": [-51.6777, 238.518, -1.213], "direction": [0.0775474, 0.61396, -0.785519], "extended": true, "handId": 112, "id": 1120, "length": 45.1091, "mcpPosition": [-56.7544, 189.47, 51.5065], "pipPosition": [-53.9663, 220.4, 21.9687], "stabilizedTipPosition": [-45.106, 246.646, -19.1451], "timeVisible": 1.80772, "tipPosition": [-49.2221, 243.219, -16.8313], "tipVelocity": [-1.51273, -3.22227, -4.27869], "tool": false, "touchDistance": 0.309448, "touchZone": "hovering", "type": 0, "width": 17.6444}, {"bases": [[[0.195055, -0.86418, -0.463839], [0.920406, -0.00209713, 0.390959], [-0.338832, -0.503178, 0.794987]], [[0.182976, -0.881399, -0.435494], [0.789395, -0.132312, 0.599458], [-0.585983, -0.453463, 0.671562]], [[0.182976, -0.881399, -0.435494], [0.914416, -0.0101055, 0.404651], [-0.36106, -0.472264, 0.804116]], [[0.182976, -0.881399, -0.435494], [0.97385, 0.101817, 0.203102], [-0.134673, -0.461269, 0.87698]]], "btipPosition": [-129.286, 250.223, -54.6341], "carpPosition": [-76.5473, 184.876, 50.3468], "dipPosition": [-127.294, 243.402, -41.665], "direction": [-0.36106, 0.472264, -0.804116], "extended": true, "handId": 112, "id": 1121, "length": 50.9006, "mcpPosition": [-97.9501, 216.66, 0.130267], "pipPosition": [-119.74, 233.522, -24.8424], "stabilizedTipPosition": [-124.803, 252.9, -53.6741], "timeVisible": 1.80772, "tipPosition": [-126.115, 249.695, -51.7814], "tipVelocity": [0.606248, -7.87503, -6.32342], "tool": false, "touchDistance": 0.300744, "touchZone": "hovering", "type": 1, "width": 16.8539}, {"bases": [[[-0.0122996, -0.911112, -0.411976], [0.932469, -0.159214, 0.324272], [-0.36104, -0.380166, 0.851542]], [[-0.0299209, -0.928594, -0.369888], [0.849173, -0.218819, 0.480648], [-0.527266, -0.299718, 0.795085]], [[-0.0299209, -0.928594, -0.369888], [0.963045, -0.125879, 0.238114], [-0.267673, -0.349095, 0.898045]], [[-0.0299209, -0.928594, -0.369888], [0.998149, -0.047361, 0.0381567], [-0.0529504, -0.368062, 0.928292]]], "btipPosition": [-131.178, 225.945, -75.7176], "carpPosition": [-80.1038, 176.089, 45.6652], "dipPosition": [-130.317, 219.958, -60.6186], "direction": [-0.267673, 0.349095, -0.898045], "extended": true, "handId": 112, "id": 1122, "length": 57.9972, "mcpPosition": [-101.731, 198.862, -5.34432], "pipPosition": [-123.728, 211.366, -38.515], "stabilizedTipPosition": [-128.271, 229.086, -73.8374], "timeVisible": 1.80772, "tipPosition": [-129.056, 225.629, -71.8417], "tipVelocity": [3.01966, -8.5674, -5.90149], "tool": false, "touchDistance": 0.302986, "touchZone": "hovering", "type": 2, "width": 16.5528}, {"bases": [[[-0.135554, -0.942514, -0.305439], [0.917223, -0.235939, 0.32099], [-0.374602, -0.236644, 0.896478]], [[-0.144149, -0.947716, -0.284702], [0.878601, -0.254945, 0.403811], [-0.455282, -0.19193, 0.869414]], [[-0.144149, -0.947716, -0.284702], [0.974692, -0.18566, 0.124524], [-0.170871, -0.259546, 0.950494]], [[-0.144149, -0.947716, -0.284702], [0.98561, -0.111836, -0.126751], [0.0882838, -0.298876, 0.9502]]], "btipPosition": [-121.373, 197.877, -79.002], "carpPosition": [-80.9499, 166.671, 40.9919], "dipPosition": [-122.801, 193.043, -63.6355], "direction": [-0.170871, 0.259546, -0.950494], "extended": true, "handId": 112, "id": 1123, "length": 55.7658, "mcpPosition": [-101.097, 179.398, -7.22289], "pipPosition": [-118.704, 186.82, -40.8451], "stabilizedTipPosition": [-121.251, 200.9, -75.0894], "timeVisible": 1.80772, "tipPosition": [-119.393, 197.042, -74.9322], "tipVelocity": [1.79732, -7.82233, -3.97956], "tool": false, "touchDistance": -0.0636644, "touchZone": "touching", "type": 3, "width": 15.751}, {"bases": [[[-0.327675, -0.911541, -0.248439], [0.848251, -0.399636, 0.347508], [-0.416052, -0.0968688, 0.904166]], [[-0.395633, -0.914389, -0.0858313], [0.854987, -0.400827, 0.329144], [-0.335369, 0.0568356, 0.940371]], [[-0.395633, -0.914389, -0.0858313], [0.916579, -0.399013, 0.0259184], [-0.0579473, -0.068417, 0.995973]], [[-0.395633, -0.914389, -0.0858313], [0.902026, -0.369302, -0.223529], [0.172695, -0.165858, 0.970911]]], "btipPosition": [-104.968, 163.641, -69.2065], "carpPosition": [-75.5856, 156.925, 35.9343], "dipPosition": [-107.544, 161.167, -54.7213], "direction": [-0.0579473, 0.068417, -0.995973], "extended": true, "handId": 112, "id": 1124, "length": 43.7194, "mcpPosition": [-96.2991, 161.748, -9.08034], "pipPosition": [-106.563, 160.009, -37.8604], "stabilizedTipPosition": [-103.624, 166.968, -68.2456], "timeVisible": 1.80772, "tipPosition": [-100.71, 165.189, -64.3769], "tipVelocity": [1.585, -6.97365, -2.65938], "tool": false, "touchDistance": 0.320061, "touchZone": "hovering", "type": 4, "width": 13.9913}], "r": [[0.941537, -0.243399, -0.232949], [0.27485, 0.954792, 0.113269], [0.194848, -0.170672, 0.96587]], "s": 1.09816, "t": [-59.6926, 58.538, -39.2804], "timestamp": 629943394620}, {"currentFrameRate": 55.3151, "devices": [], "gestures": [], "hands": [{"armBasis": [[0.108405, -0.87003, -0.480932], [0.993505, 0.111649, 0.0219639], [0.0345861, -0.48019, 0.876483]], "armWidth": 55.2734, "confidence": 1, "direction": [-0.497883, 0.344321, -0.795962], "elbow": [-72.4185, 47.5354, 264.928], "grabAngle": 0.398537, "grabStrength": 0, "id": 112, "palmNormal": [0.859911, 0.0768962, -0.504619], "palmPosition": [-88.0305, 189.185, 9.01035], "palmVelocity": [4.03251, -5.56165, -3.57843], "palmWidth": 78.1236, "pinchDistance": 72.2027, "pinchStrength": 0, "r": [[0.941253, -0.244538, -0.232903], [0.275924, 0.954525, 0.112906], [0.194702, -0.170537, 0.965924]], "s": 1.098, "sphereCenter": [-101.211, 191.82, -27.8682], "sphereRadius": 50.3917, "stabilizedPalmPosition": [-83.6694, 191.592, 4.8842], "t": [59.7342, 58.4205, -39.3465], "timeVisible": 1.82581, "type": "left", "wrist": [-64.4007, 158.853, 61.741]}], "id": 41091, "interactionBox": {"center": [0, 200, 0], "size": [235.247, 235.247, 147.751]}, "pointables": [{"bases": [[[0.911568, -0.378112, 0.161478], [0.0996828, 0.584279, 0.805408], [-0.398882, -0.718087, 0.570301]], [[0.993715, -0.0170206, -0.110641], [0.0915639, 0.692184, 0.715889], [0.0643994, -0.72152, 0.689392]], [[0.993715, -0.0170206, -0.110641], [0.0812422, 0.789618, 0.608197], [0.0770125, -0.613363, 0.786037]], [[0.993715, -0.0170206, -0.110641], [0.0681228, 0.876237, 0.477041], [0.0888286, -0.48158, 0.871889]]], "btipPosition": [-49.849, 248.196, -18.964], "carpPosition": [-56.6813, 189.416, 51.4414], "dipPosition": [-51.6484, 238.441, -1.30221], "direction": [0.0770125, 0.613363, -0.786037], "extended": true, "handId": 112, "id": 1120, "length": 45.1091, "mcpPosition": [-56.6813, 189.416, 51.4414], "pipPosition": [-53.9212, 220.34, 21.8948], "stabilizedTipPosition": [-45.1266, 246.644, -19.1282], "timeVisible": 1.82581, "tipPosition": [-49.1829, 243.128, -16.9294], "tipVelocity": [1.23627, -4.88041, -5.30441], "tool": false, "touchDistance": 0.307849, "touchZone": "hovering", "type": 0, "width": 17.6444}, {"bases": [[[0.194542, -0.864602, -0.463267], [0.920401, -0.00238878, 0.390967], [-0.339138, -0.502451, 0.795316]], [[0.182366, -0.881914, -0.434708], [0.789622, -0.132077, 0.599209], [-0.585866, -0.45253, 0.672293]], [[0.182366, -0.881914, -0.434708], [0.914501, -0.0102567, 0.404454], [-0.361152, -0.471299, 0.80464]], [[0.182366, -0.881914, -0.434708], [0.973952, 0.101436, 0.202799], [-0.134757, -0.460368, 0.87744]]], "btipPosition": [-129.228, 250.043, -54.7617], "carpPosition": [-76.4714, 184.809, 50.2849], "dipPosition": [-127.235, 243.235, -41.7858], "direction": [-0.361152, 0.471299, -0.80464], "extended": true, "handId": 112, "id": 1121, "length": 50.9006, "mcpPosition": [-97.8936, 216.547, 0.047567], "pipPosition": [-119.68, 233.375, -24.9523], "stabilizedTipPosition": [-124.84, 252.859, -53.6564], "timeVisible": 1.82581, "tipPosition": [-126.084, 249.529, -51.8854], "tipVelocity": [3.20578, -9.81434, -6.97133], "tool": false, "touchDistance": 0.298643, "touchZone": "hovering", "type": 1, "width": 16.8539}, {"bases": [[[-0.0128407, -0.911376, -0.411375], [0.932372, -0.159556, 0.324384], [-0.361273, -0.379389, 0.85179]], [[-0.0305714, -0.928912, -0.369037], [0.849554, -0.218671, 0.480044], [-0.526616, -0.298841, 0.795845]], [[-0.0305714, -0.928912, -0.369037], [0.963187, -0.126036, 0.237458], [-0.267089, -0.348192, 0.898569]], [[-0.0305714, -0.928912, -0.369037], [0.998142, -0.0478394, 0.0377306], [-0.0527029, -0.367198, 0.928649]]], "btipPosition": [-131.065, 225.754, -75.8389], "carpPosition": [-80.0228, 176.017, 45.6091], "dipPosition": [-130.208, 219.781, -60.7341], "direction": [-0.267089, 0.348192, -0.898569], "extended": true, "handId": 112, "id": 1122, "length": 57.9972, "mcpPosition": [-101.664, 198.744, -5.41524], "pipPosition": [-123.634, 211.211, -38.6177], "stabilizedTipPosition": [-128.299, 229.034, -73.8212], "timeVisible": 1.82581, "tipPosition": [-129.014, 225.446, -71.932], "tipVelocity": [6.17566, -10.3872, -6.63601], "tool": false, "touchDistance": 0.300986, "touchZone": "hovering", "type": 2, "width": 16.5528}, {"bases": [[[-0.136114, -0.942634, -0.304818], [0.91708, -0.236275, 0.321152], [-0.37475, -0.235829, 0.896631]], [[-0.144729, -0.947827, -0.284038], [0.878736, -0.255077, 0.403433], [-0.454836, -0.191206, 0.869807]], [[-0.144729, -0.947827, -0.284038], [0.974652, -0.186057, 0.124241], [-0.170606, -0.258857, 0.95073]], [[-0.144729, -0.947827, -0.284038], [0.985544, -0.112536, -0.126646], [0.088074, -0.298261, 0.950412]]], "btipPosition": [-121.274, 197.703, -79.0843], "carpPosition": [-80.8632, 166.595, 40.942], "dipPosition": [-122.698, 192.88, -63.7144], "direction": [-0.170606, 0.258857, -0.95073], "extended": true, "handId": 112, "id": 1123, "length": 55.7658, "mcpPosition": [-101.018, 179.279, -7.28098], "pipPosition": [-118.608, 186.673, -40.9184], "stabilizedTipPosition": [-121.262, 200.76, -75.1043], "timeVisible": 1.82581, "tipPosition": [-119.33, 196.867, -75.0031], "tipVelocity": [5.51177, -9.47012, -4.51001], "tool": false, "touchDistance": -0.0650238, "touchZone": "touching", "type": 3, "width": 15.751}, {"bases": [[[-0.328217, -0.911509, -0.24784], [0.84801, -0.399913, 0.347778], [-0.416117, -0.0960237, 0.904227]], [[-0.396071, -0.914229, -0.0855158], [0.854882, -0.401138, 0.329036], [-0.335118, 0.0572158, 0.940437]], [[-0.396071, -0.914229, -0.0855158], [0.916385, -0.399446, 0.0260968], [-0.0580174, -0.0680292, 0.995995]], [[-0.396071, -0.914229, -0.0855158], [0.901925, -0.369884, -0.222973], [0.172217, -0.165442, 0.971066]]], "btipPosition": [-104.879, 163.5, -69.2578], "carpPosition": [-75.4931, 156.85, 35.8909], "dipPosition": [-107.448, 161.031, -54.7702], "direction": [-0.0580174, 0.0680292, -0.995995], "extended": true, "handId": 112, "id": 1124, "length": 43.7194, "mcpPosition": [-96.2098, 161.631, -9.12682], "pipPosition": [-106.466, 159.88, -37.9089], "stabilizedTipPosition": [-103.647, 166.917, -68.2158], "timeVisible": 1.82581, "tipPosition": [-100.63, 165.03, -64.4276], "tipVelocity": [4.99042, -7.76432, -2.80256], "tool": false, "touchDistance": 0.319217, "touchZone": "hovering", "type": 4, "width": 13.9913}], "r": [[0.941253, -0.244538, -0.232903], [0.275924, 0.954525, 0.112906], [0.194702, -0.170537, 0.965924]], "s": 1.098, "t": [-59.7342, 58.4205, -39.3465], "timestamp": 629943412705}, {"currentFrameRate": 55.3135, "devices": [], "gestures": [], "hands": [{"armBasis": [[0.109642, -0.86985, -0.480977], [0.993378, 0.112603, 0.022805], [0.0343224, -0.480293, 0.876436]], "armWidth": 55.2734, "confidence": 1, "direction": [-0.498676, 0.344468, -0.795402], "elbow": [-72.2352, 47.464, 264.753], "grabAngle": 0.398827, "grabStrength": 0, "id": 112, "palmNormal": [0.859295, 0.0760594, -0.505794], "palmPosition": [-87.9502, 189.145, 8.8696], "palmVelocity": [4.4374, -2.24194, -7.78275], "palmWidth": 78.1236, "pinchDistance": 72.1655, "pinchStrength": 0, "r": [[0.941126, -0.245315, -0.232598], [0.276602, 0.954361, 0.112631], [0.194353, -0.170337, 0.966029]], "s": 1.09772, "sphereCenter": [-100.783, 191.67, -28.1889], "sphereRadius": 50.4191, "stabilizedPalmPosition": [-83.6913, 191.58, 4.90463], "t": [59.7952, 58.3414, -39.4499], "timeVisible": 1.84389, "type": "left", "wrist": [-64.2786, 158.806, 61.5771]}], "id": 41092, "interactionBox": {"center": [0, 200, 0], "size": [235.247, 235.247, 147.751]}, "pointables": [{"bases": [[[0.91165, -0.377341, 0.162815], [0.0981423, 0.584607, 0.805359], [-0.399078, -0.718226, 0.56999]], [[0.993897, -0.0166133, -0.109058], [0.0901627, 0.691959, 0.716284], [0.063564, -0.721745, 0.689234]], [[0.993897, -0.0166133, -0.109058], [0.0799513, 0.789637, 0.608343], [0.0760098, -0.61335, 0.786145]], [[0.993897, -0.0166133, -0.109058], [0.0669841, 0.876372, 0.476954], [0.0876518, -0.481349, 0.872136]]], "btipPosition": [-49.8011, 248.149, -19.1482], "carpPosition": [-56.5441, 189.364, 51.2586], "dipPosition": [-51.5766, 238.398, -1.48146], "direction": [0.0760098, 0.61335, -0.786145], "extended": true, "handId": 112, "id": 1120, "length": 45.1091, "mcpPosition": [-56.5441, 189.364, 51.2586], "pipPosition": [-53.8198, 220.297, 21.7187], "stabilizedTipPosition": [-45.1379, 246.642, -19.1192], "timeVisible": 1.84389, "tipPosition": [-49.099, 243.059, -17.1312], "tipVelocity": [2.95566, -2.57559, -10.1251], "tool": false, "touchDistance": 0.304798, "touchZone": "hovering", "type": 0, "width": 17.6444}, {"bases": [[[0.195846, -0.864592, -0.462737], [0.919879, -0.00153935, 0.3922], [-0.339805, -0.502473, 0.795018]], [[0.183534, -0.882056, -0.433928], [0.789481, -0.130746, 0.599688], [-0.585692, -0.45264, 0.67237]], [[0.183534, -0.882056, -0.433928], [0.91412, -0.00920119, 0.405339], [-0.361524, -0.471055, 0.804616]], [[0.183534, -0.882056, -0.433928], [0.973615, 0.102213, 0.204027], [-0.13561, -0.459924, 0.877542]]], "btipPosition": [-129.152, 250, -54.9017], "carpPosition": [-76.3394, 184.772, 50.13], "dipPosition": [-127.146, 243.198, -41.9242], "direction": [-0.361524, 0.471055, -0.804616], "extended": true, "handId": 112, "id": 1121, "length": 50.9006, "mcpPosition": [-97.8037, 216.512, -0.0884738], "pipPosition": [-119.583, 233.344, -25.0912], "stabilizedTipPosition": [-124.863, 252.833, -53.6463], "timeVisible": 1.84389, "tipPosition": [-126.047, 249.496, -51.9937], "tipVelocity": [4.36124, -2.29974, -7.71777], "tool": false, "touchDistance": 0.296317, "touchZone": "hovering", "type": 1, "width": 16.8539}, {"bases": [[[-0.0115692, -0.911513, -0.411108], [0.932062, -0.158718, 0.325682], [-0.362113, -0.37941, 0.851423]], [[-0.0294421, -0.929142, -0.368549], [0.849847, -0.21737, 0.480115], [-0.526206, -0.299075, 0.796028]], [[-0.0294421, -0.929142, -0.368549], [0.963222, -0.124893, 0.237917], [-0.267088, -0.34799, 0.898647]], [[-0.0294421, -0.929142, -0.368549], [0.998139, -0.047028, 0.0388235], [-0.0534046, -0.36672, 0.928797]]], "btipPosition": [-130.991, 225.717, -75.9764], "carpPosition": [-79.9039, 175.982, 45.4617], "dipPosition": [-130.122, 219.752, -60.8692], "direction": [-0.267088, 0.34799, -0.898647], "extended": true, "handId": 112, "id": 1122, "length": 57.9972, "mcpPosition": [-101.595, 198.709, -5.54069], "pipPosition": [-123.549, 211.187, -38.7507], "stabilizedTipPosition": [-128.316, 229.003, -73.8124], "timeVisible": 1.84389, "tipPosition": [-129.023, 225.407, -72.0319], "tipVelocity": [4.24914, -1.96039, -7.56981], "tool": false, "touchDistance": 0.298704, "touchZone": "hovering", "type": 2, "width": 16.5528}, {"bases": [[[-0.134961, -0.942836, -0.304707], [0.916836, -0.23545, 0.322453], [-0.375764, -0.235848, 0.896202]], [[-0.143627, -0.948045, -0.28387], [0.879122, -0.253946, 0.403307], [-0.454441, -0.191631, 0.86992]], [[-0.143627, -0.948045, -0.28387], [0.974836, -0.18495, 0.124452], [-0.170488, -0.258853, 0.950752]], [[-0.143627, -0.948045, -0.28387], [0.985769, -0.111734, -0.125601], [0.0873571, -0.29787, 0.950601]]], "btipPosition": [-121.217, 197.678, -79.2125], "carpPosition": [-80.7581, 166.559, 40.7987], "dipPosition": [-122.63, 192.861, -63.8395], "direction": [-0.170488, 0.258853, -0.950752], "extended": true, "handId": 112, "id": 1123, "length": 55.7658, "mcpPosition": [-100.968, 179.243, -7.40124], "pipPosition": [-118.542, 186.654, -41.043], "stabilizedTipPosition": [-121.267, 200.686, -75.1145], "timeVisible": 1.84389, "tipPosition": [-119.37, 196.823, -75.1078], "tipVelocity": [3.30719, -1.31908, -7.05171], "tool": false, "touchDistance": -0.0671492, "touchZone": "touching", "type": 3, "width": 15.751}, {"bases": [[[-0.327164, -0.911845, -0.247995], [0.847859, -0.399134, 0.349037], [-0.417251, -0.0960727, 0.903699]], [[-0.395078, -0.914597, -0.0861715], [0.85532, -0.400445, 0.328743], [-0.335175, 0.0561749, 0.94048]], [[-0.395078, -0.914597, -0.0861715], [0.916797, -0.398494, 0.0261732], [-0.0582768, -0.0686613, 0.995936]], [[-0.395078, -0.914597, -0.0861715], [0.90251, -0.368921, -0.222202], [0.171434, -0.165557, 0.971185]]], "btipPosition": [-104.863, 163.504, -69.3811], "carpPosition": [-75.4025, 156.808, 35.7434], "dipPosition": [-107.42, 161.034, -54.8917], "direction": [-0.0582768, 0.0686613, -0.995936], "extended": true, "handId": 112, "id": 1124, "length": 43.7194, "mcpPosition": [-96.1757, 161.591, -9.24803], "pipPosition": [-106.434, 159.872, -38.0314], "stabilizedTipPosition": [-103.659, 166.892, -68.2023], "timeVisible": 1.84389, "tipPosition": [-100.693, 164.965, -64.5521], "tipVelocity": [1.05468, 0.23223, -6.79549], "tool": false, "touchDistance": 0.317169, "touchZone": "hovering", "type": 4, "width": 13.9913}], "r": [[0.941126, -0.245315, -0.232598], [0.276602, 0.954361, 0.112631], [0.194353, -0.170337, 0.966029]], "s": 1.09772, "t": [-59.7952, 58.3414, -39.4499], "timestamp": 629943430789}, {"currentFrameRate": 55.3312, "devices": [], "gestures": [], "hands": [{"armBasis": [[0.109318, -0.869997, -0.480787], [0.993421, 0.112224, 0.0228032], [0.0341173, -0.480116, 0.876541]], "armWidth": 55.2734, "confidence": 1, "direction": [-0.498946, 0.344332, -0.795291], "elbow": [-72.0235, 47.5359, 264.544], "grabAngle": 0.398701, "grabStrength": 0, "id": 112, "palmNormal": [0.859185, 0.0764869, -0.505916], "palmPosition": [-87.8059, 189.168, 8.64083], "palmVelocity": [8.00945, 1.30485, -12.7013], "palmWidth": 78.1236, "pinchDistance": 72.1712, "pinchStrength": 0, "r": [[0.94101, -0.246014, -0.232331], [0.277224, 0.954204, 0.112438], [0.19403, -0.170213, 0.966116]], "s": 1.09745, "sphereCenter": [-100.434, 191.524, -28.5644], "sphereRadius": 50.4568, "stabilizedPalmPosition": [-83.7052, 191.572, 4.91722], "t": [59.8978, 58.3136, -39.616], "timeVisible": 1.8619, "type": "left", "wrist": [-64.1144, 158.837, 61.3432]}], "id": 41093, "interactionBox": {"center": [0, 200, 0], "size": [235.247, 235.247, 147.751]}, "pointables": [{"bases": [[[0.91146, -0.377756, 0.162914], [0.0982761, 0.584481, 0.805434], [-0.399477, -0.718111, 0.569855]], [[0.993912, -0.0171361, -0.108838], [0.0904083, 0.691452, 0.716743], [0.0629743, -0.722219, 0.688792]], [[0.993912, -0.0171361, -0.108838], [0.0802347, 0.789573, 0.608389], [0.0755103, -0.613418, 0.786141]], [[0.993912, -0.0171361, -0.108838], [0.0673164, 0.876464, 0.476738], [0.0872234, -0.481162, 0.872282]]], "btipPosition": [-49.6992, 248.2, -19.3656], "carpPosition": [-56.3935, 189.397, 51.0251], "dipPosition": [-51.4661, 238.453, -1.69584], "directio