{"frames": 48, "data": [{"currentFrameRate": 55.2934, "devices": [], "gestures": [], "hands": [{"armBasis": [[0.576926, 0.801627, -0.156683], [-0.359843, 0.421655, 0.832298], [0.733259, -0.423793, 0.531724]], "armWidth": 55.2734, "confidence": 1, "direction": [0.731977, 0.333387, -0.594191], "elbow": [-201.259, 117.355, 186.893], "grabAngle": 0.66432, "grabStrength": 0, "id": 108, "palmNormal": [-0.427899, -0.453715, -0.781694], "palmPosition": [18.153, 230.996, 23.963], "palmVelocity": [9.72151, 6.49383, -2.65072], "palmWidth": 78.1236, "pinchDistance": 53.0354, "pinchStrength": 0.0738303, "r": [[0.465301, 0.880132, -0.0941454], [-0.879711, 0.471593, 0.0608981], [0.0979966, 0.0544848, 0.993694]], "s": 1.14819, "sphereCenter": [26.9008, 222.008, -19.1508], "sphereRadius": 53.0255, "stabilizedPalmPosition": [19.7429, 233.314, 25.8732], "t": [136.293, 41.3614, -37.698], "timeVisible": 1.15695, "type": "left", "wrist": [-31.2748, 215.599, 63.6278]}], "id": 40312, "interactionBox": {"center": [0, 200, 0], "size": [235.247, 235.247, 147.751]}, "pointables": [{"bases": [[[-0.312206, 0.803425, 0.506987], [-0.3324, -0.592312, 0.733946], [0.889965, 0.0606201, 0.451981]], [[-0.701551, 0.675388, 0.227326], [-0.515176, -0.70108, 0.493033], [0.492362, 0.228775, 0.839787]], [[-0.701551, 0.675388, 0.227326], [-0.573438, -0.724426, 0.38259], [0.423078, 0.138049, 0.895515]], [[-0.701551, 0.675388, 0.227326], [-0.669295, -0.734007, 0.115234], [0.244686, -0.0713057, 0.966977]]], "btipPosition": [27.7362, 184.781, -29.7021], "carpPosition": [-10.8082, 197.215, 52.3061], "dipPosition": [22.7796, 183.336, -10.1142], "direction": [0.423078, -0.138049, -0.895515], "extended": false, "handId": 108, "id": 1080, "length": 45.1091, "mcpPosition": [-10.8082, 197.215, 52.3061], "pipPosition": [10.294, 187.41, 16.3137], "stabilizedTipPosition": [27.6314, 187.67, -23.5617], "timeVisible": 1.15695, "tipPosition": [25.3026, 186.387, -25.8548], "tipVelocity": [13.5055, 7.34739, -3.99044], "tool": false, "touchDistance": 0.22516, "touchZone": "hovering", "type": 0, "width": 17.6444}, {"bases": [[[0.399773, 0.870679, -0.286529], [-0.543411, 0.476865, 0.690873], [0.738164, -0.120489, 0.663774]], [[0.330813, 0.878038, -0.34585], [-0.675229, 0.476258, 0.563244], [0.659263, 0.0471992, 0.750429]], [[0.330813, 0.878038, -0.34585], [-0.929676, 0.366162, 0.0403501], [0.162066, 0.30818, 0.937422]], [[0.330813, 0.878038, -0.34585], [-0.916935, 0.21241, -0.337806], [-0.223145, 0.428872, 0.875371]]], "btipPosition": [70.6621, 206.685, -43.732], "carpPosition": [-0.571058, 213.618, 58.6585], "dipPosition": [73.962, 213.027, -30.7866], "direction": [0.162066, -0.30818, -0.937422], "extended": true, "handId": 108, "id": 1081, "length": 50.9006, "mcpPosition": [46.0562, 221.229, 16.7302], "pipPosition": [70.5715, 219.474, -11.1752], "stabilizedTipPosition": [71.9599, 208.446, -40.1767], "timeVisible": 1.15695, "tipPosition": [68.4854, 207.007, -40.8274], "tipVelocity": [-3.55117, -3.12952, 1.09526], "tool": false, "touchDistance": 0.180195, "touchZone": "hovering", "type": 1, "width": 16.8539}, {"bases": [[[0.582568, 0.752259, -0.307767], [-0.451663, 0.614437, 0.646891], [0.675733, -0.237851, 0.697719]], [[0.51886, 0.770736, -0.369798], [-0.410328, 0.604035, 0.683207], [0.749943, -0.202751, 0.629664]], [[0.51886, 0.770736, -0.369798], [-0.607505, 0.636785, 0.474807], [0.601433, -0.0217048, 0.798629]], [[0.51886, 0.770736, -0.369798], [-0.750164, 0.617943, 0.235373], [0.409925, 0.155283, 0.898804]]], "btipPosition": [89.6516, 244.197, -46.0046], "carpPosition": [-3.58446, 223.482, 56.3359], "dipPosition": [82.9841, 246.723, -31.3852], "direction": [0.601433, 0.0217048, -0.798629], "extended": true, "handId": 108, "id": 1082, "length": 57.9972, "mcpPosition": [36.8936, 237.73, 14.5408], "pipPosition": [68.181, 246.189, -11.7286], "stabilizedTipPosition": [89.15, 245.255, -42.3112], "timeVisible": 1.15695, "tipPosition": [87.4118, 244.017, -43.0751], "tipVelocity": [12.9035, 6.07189, 1.80066], "tool": false, "touchDistance": 0.17589, "touchZone": "hovering", "type": 2, "width": 16.5528}, {"bases": [[[0.708037, 0.660585, -0.249621], [-0.387116, 0.658717, 0.645161], [0.590613, -0.360166, 0.722119]], [[0.66464, 0.684332, -0.299907], [-0.341977, 0.635506, 0.692231], [0.664308, -0.357523, 0.656408]], [[0.66464, 0.684332, -0.299907], [-0.512066, 0.709505, 0.48414], [0.544098, -0.168207, 0.821988]], [[0.66464, 0.684332, -0.299907], [-0.638973, 0.728643, 0.246564], [0.387257, 0.0277557, 0.921554]]], "btipPosition": [67.8896, 268.802, -45.7203], "carpPosition": [-8.87405, 232.021, 53.1142], "dipPosition": [61.6269, 269.251, -30.8171], "direction": [0.544098, 0.168207, -0.821988], "extended": true, "handId": 108, "id": 1083, "length": 55.7658, "mcpPosition": [22.8906, 251.391, 14.2768], "pipPosition": [48.5809, 265.218, -11.1079], "stabilizedTipPosition": [67.706, 269.51, -41.9889], "timeVisible": 1.15695, "tipPosition": [66.4452, 268.81, -42.1156], "tipVelocity": [13.5313, 8.08232, 1.83536], "tool": false, "touchDistance": 0.162958, "touchZone": "hovering", "type": 3, "width": 15.751}, {"bases": [[[0.8258, 0.496479, -0.267511], [-0.218567, 0.719018, 0.659728], [0.519886, -0.486334, 0.70228]], [[0.843004, 0.479652, -0.243472], [-0.190331, 0.689327, 0.699001], [0.503108, -0.54292, 0.672398]], [[0.843004, 0.479652, -0.243472], [-0.318949, 0.810195, 0.491787], [0.433146, -0.336924, 0.835982]], [[0.843004, 0.479652, -0.243472], [-0.416124, 0.868338, 0.26987], [0.340859, -0.126187, 0.931607]]], "btipPosition": [35.1987, 285.287, -36.2353], "carpPosition": [-18.5001, 236.872, 47.3583], "dipPosition": [30.1133, 283.404, -22.3365], "direction": [0.433146, 0.336924, -0.835982], "extended": true, "handId": 108, "id": 1084, "length": 43.7194, "mcpPosition": [7.3829, 261.084, 12.3947], "pipPosition": [22.7805, 277.7, -8.18407], "stabilizedTipPosition": [35.4033, 285.959, -32.4267], "timeVisible": 1.15695, "tipPosition": [33.8575, 284.342, -33.14], "tipVelocity": [10.5258, 7.54007, -1.08987], "tool": false, "touchDistance": 0.159073, "touchZone": "hovering", "type": 4, "width": 13.9913}], "r": [[0.465301, 0.880132, -0.0941454], [-0.879711, 0.471593, 0.0608981], [0.0979966, 0.0544848, 0.993694]], "s": 1.14819, "t": [-136.293, 41.3614, -37.698], "timestamp": 629928915149}, {"currentFrameRate": 55.2914, "devices": [], "gestures": [], "hands": [{"armBasis": [[0.576619, 0.802182, -0.154967], [-0.3604, 0.419964, 0.832912], [0.733227, -0.424423, 0.531265]], "armWidth": 55.2734, "confidence": 1, "direction": [0.73254, 0.334897, -0.592645], "elbow": [-201.111, 117.059, 186.761], "grabAngle": 0.664804, "grabStrength": 0, "id": 108, "palmNormal": [-0.427268, -0.45155, -0.783291], "palmPosition": [18.3251, 230.94, 24.0107], "palmVelocity": [9.5094, -3.08871, 2.63601], "palmWidth": 78.1236, "pinchDistance": 52.6878, "pinchStrength": 0.0836975, "r": [[0.465408, 0.880147, -0.0934675], [-0.879611, 0.471676, 0.0616968], [0.0983887, 0.0535008, 0.993709]], "s": 1.14859, "sphereCenter": [27.318, 221.895, -18.9808], "sphereRadius": 52.9833, "stabilizedPalmPosition": [19.7094, 233.257, 25.8292], "t": [136.427, 41.3618, -37.6794], "timeVisible": 1.17505, "type": "left", "wrist": [-31.1339, 215.449, 63.6024]}], "id": 40313, "interactionBox": {"center": [0, 200, 0], "size": [235.247, 235.247, 147.751]}, "pointables": [{"bases": [[[-0.311859, 0.802015, 0.509427], [-0.331681, -0.594332, 0.732637], [0.890355, 0.0595127, 0.451361]], [[-0.701843, 0.6744, 0.229349], [-0.514824, -0.702755, 0.491011], [0.492314, 0.226538, 0.840421]], [[-0.701843, 0.6744, 0.229349], [-0.572103, -0.725489, 0.382575], [0.424399, 0.137296, 0.895006]], [[-0.701843, 0.6744, 0.229349], [-0.668967, -0.734642, 0.113072], [0.244745, -0.0740686, 0.966754]]], "btipPosition": [27.9172, 184.826, -29.7788], "carpPosition": [-10.6652, 197.087, 52.2371], "dipPosition": [22.9594, 183.326, -10.1954], "direction": [0.424399, -0.137296, -0.895006], "extended": false, "handId": 108, "id": 1080, "length": 45.1091, "mcpPosition": [-10.6652, 197.087, 52.2371], "pipPosition": [10.4349, 187.378, 16.2175], "stabilizedTipPosition": [27.6173, 187.617, -23.59], "timeVisible": 1.17505, "tipPosition": [25.5174, 186.458, -25.9188], "tipVelocity": [9.99182, 1.80236, -4.29617], "tool": false, "touchDistance": 0.223864, "touchZone": "hovering", "type": 0, "width": 17.6444}, {"bases": [[[0.399413, 0.8715, -0.28453], [-0.542862, 0.47493, 0.692634], [0.738762, -0.122187, 0.662797]], [[0.328806, 0.879095, -0.345077], [-0.677364, 0.474141, 0.562466], [0.658076, 0.0488012, 0.751368]], [[0.328806, 0.879095, -0.345077], [-0.931669, 0.361733, 0.0337873], [0.154528, 0.310389, 0.937966]], [[0.328806, 0.879095, -0.345077], [-0.915974, 0.207888, -0.343183], [-0.229953, 0.428922, 0.873583]]], "btipPosition": [70.5368, 206.538, -43.7059], "carpPosition": [-0.431666, 213.471, 58.6427], "dipPosition": [73.9374, 212.881, -30.787], "direction": [0.154528, -0.310389, -0.937966], "extended": true, "handId": 108, "id": 1081, "length": 50.9006, "mcpPosition": [46.2334, 221.19, 16.7761], "pipPosition": [70.7046, 219.375, -11.1642], "stabilizedTipPosition": [71.9489, 208.439, -40.1862], "timeVisible": 1.17505, "tipPosition": [68.7825, 207.143, -40.7981], "tipVelocity": [-5.64682, -8.08106, 1.10333], "tool": false, "touchDistance": 0.180528, "touchZone": "hovering", "type": 1, "width": 16.8539}, {"bases": [[[0.582204, 0.753161, -0.306248], [-0.45117, 0.612632, 0.648943], [0.676376, -0.239647, 0.69648]], [[0.517657, 0.771979, -0.368889], [-0.410634, 0.602417, 0.684451], [0.750607, -0.202833, 0.628847]], [[0.517657, 0.771979, -0.368889], [-0.607774, 0.63525, 0.476516], [0.602197, -0.0224708, 0.798031]], [[0.517657, 0.771979, -0.368889], [-0.750454, 0.616747, 0.237575], [0.410914, 0.153852, 0.898599]]], "btipPosition": [89.8954, 244.21, -45.8701], "carpPosition": [-3.4418, 223.342, 56.3441], "dipPosition": [83.2118, 246.713, -31.254], "direction": [0.602197, 0.0224708, -0.798031], "extended": true, "handId": 108, "id": 1082, "length": 57.9972, "mcpPosition": [37.0748, 237.697, 14.6232], "pipPosition": [68.3899, 246.159, -11.6121], "stabilizedTipPosition": [89.1237, 245.239, -42.3177], "timeVisible": 1.17505, "tipPosition": [87.6496, 244.138, -42.9281], "tipVelocity": [13.2689, 0.405196, 7.39411], "tool": false, "touchDistance": 0.17812, "touchZone": "hovering", "type": 2, "width": 16.5528}, {"bases": [[[0.707736, 0.661346, -0.24846], [-0.38663, 0.656925, 0.647276], [0.591293, -0.362038, 0.720625]], [[0.66368, 0.685522, -0.299313], [-0.340807, 0.633316, 0.69481], [0.665868, -0.359124, 0.65395]], [[0.66368, 0.685522, -0.299313], [-0.510319, 0.707512, 0.488877], [0.546904, -0.171713, 0.819397]], [[0.66368, 0.685522, -0.299313], [-0.63745, 0.727696, 0.253212], [0.391391, 0.022745, 0.919943]]], "btipPosition": [68.2671, 268.998, -45.4301], "carpPosition": [-8.7275, 231.89, 53.1407], "dipPosition": [61.9376, 269.366, -30.5529], "direction": [0.546904, 0.171713, -0.819397], "extended": true, "handId": 108, "id": 1083, "length": 55.7658, "mcpPosition": [23.0737, 251.361, 14.3838], "pipPosition": [48.8243, 265.249, -10.9059], "stabilizedTipPosition": [67.6797, 269.498, -41.9895], "timeVisible": 1.17505, "tipPosition": [66.6815, 268.928, -41.9241], "tipVelocity": [20.017, 9.83491, 15.7072], "tool": false, "touchDistance": 0.167694, "touchZone": "hovering", "type": 3, "width": 15.751}, {"bases": [[[0.825503, 0.497304, -0.266896], [-0.218076, 0.717208, 0.661858], [0.520564, -0.488162, 0.700507]], [[0.842381, 0.480772, -0.243421], [-0.189489, 0.687132, 0.701387], [0.504469, -0.544709, 0.669927]], [[0.842381, 0.480772, -0.243421], [-0.317847, 0.808051, 0.496012], [0.435164, -0.34046, 0.833498]], [[0.842381, 0.480772, -0.243421], [-0.415384, 0.867069, 0.275041], [0.343294, -0.130576, 0.930107]]], "btipPosition": [35.4968, 285.443, -35.9758], "carpPosition": [-18.3479, 236.757, 47.3895], "dipPosition": [30.3751, 283.495, -22.0993], "direction": [0.435164, 0.34046, -0.833498], "extended": true, "handId": 108, "id": 1084, "length": 43.7194, "mcpPosition": [7.56887, 261.061, 12.5142], "pipPosition": [23.0082, 277.732, -7.98898], "stabilizedTipPosition": [35.3628, 285.923, -32.44], "timeVisible": 1.17505, "tipPosition": [34.0878, 284.441, -32.9334], "tipVelocity": [16.0139, 7.8272, 14.0595], "tool": false, "touchDistance": 0.163312, "touchZone": "hovering", "type": 4, "width": 13.9913}], "r": [[0.465408, 0.880147, -0.0934675], [-0.879611, 0.471676, 0.0616968], [0.0983887, 0.0535008, 0.993709]], "s": 1.14859, "t": [-136.427, 41.3618, -37.6794], "timestamp": 629928933242}, {"currentFrameRate": 55.3025, "devices": [], "gestures": [], "hands": [{"armBasis": [[0.578041, 0.800794, -0.156836], [-0.358611, 0.42194, 0.832685], [0.732985, -0.425083, 0.531072]], "armWidth": 55.2734, "confidence": 1, "direction": [0.73336, 0.337543, -0.590125], "elbow": [-200.754, 116.627, 186.548], "grabAngle": 0.665796, "grabStrength": 0, "id": 108, "palmNormal": [-0.423228, -0.452636, -0.784856], "palmPosition": [18.6971, 230.821, 23.9889], "palmVelocity": [20.6164, -6.60572, -1.20698], "palmWidth": 78.1236, "pinchDistance": 52.2233, "pinchStrength": 0.0968777, "r": [[0.466012, 0.87986, -0.093159], [-0.879179, 0.472316, 0.0629457], [0.0993839, 0.05257, 0.99366]], "s": 1.14914, "sphereCenter": [27.966, 221.685, -18.8991], "sphereRadius": 52.9543, "stabilizedPalmPosition": [19.6839, 233.196, 25.7829], "t": [136.68, 41.3024, -37.681], "timeVisible": 1.19309, "type": "left", "wrist": [-30.833, 215.17, 63.4344]}], "id": 40314, "interactionBox": {"center": [0, 200, 0], "size": [235.247, 235.247, 147.751]}, "pointables": [{"bases": [[[-0.30756, 0.80283, 0.510755], [-0.331248, -0.593534, 0.73348], [0.89201, 0.0564023, 0.448483]], [[-0.699173, 0.676404, 0.231594], [-0.51598, -0.701611, 0.491434], [0.494896, 0.224099, 0.839558]], [[-0.699173, 0.676404, 0.231594], [-0.57276, -0.723792, 0.3848], [0.427906, 0.136394, 0.893473]], [[-0.699173, 0.676404, 0.231594], [-0.671562, -0.73246, 0.111835], [0.245279, -0.0773378, 0.966363]]], "btipPosition": [28.534, 184.798, -29.8183], "carpPosition": [-10.2734, 196.861, 52.1074], "dipPosition": [23.5654, 183.231, -10.2428], "direction": [0.427906, -0.136394, -0.893473], "extended": false, "handId": 108, "id": 1080, "length": 45.1091, "mcpPosition": [-10.2734, 196.861, 52.1074], "pipPosition": [10.9373, 187.256, 16.1248], "stabilizedTipPosition": [27.6127, 187.553, -23.6247], "timeVisible": 1.19309, "tipPosition": [26.2046, 186.372, -25.931], "tipVelocity": [34.0435, -2.41722, -2.28866], "tool": false, "touchDistance": 0.223176, "touchZone": "hovering", "type": 0, "width": 17.6444}, {"bases": [[[0.401349, 0.870297, -0.285486], [-0.53904, 0.476432, 0.694585], [0.74051, -0.124883, 0.66034]], [[0.32945, 0.87821, -0.346712], [-0.67748, 0.475648, 0.561051], [0.657634, 0.0500526, 0.751673]], [[0.32945, 0.87821, -0.346712], [-0.93253, 0.360146, 0.026138], [0.147822, 0.314708, 0.937607]], [[0.32945, 0.87821, -0.346712], [-0.914077, 0.20469, -0.350092], [-0.236486, 0.43226, 0.870187]]], "btipPosition": [70.7108, 206.328, -43.5942], "carpPosition": [-0.11472, 213.277, 58.5528], "dipPosition": [74.208, 212.72, -30.7256], "direction": [0.147822, -0.314708, -0.937607], "extended": true, "handId": 108, "id": 1081, "length": 50.9006, "mcpPosition": [46.6607, 221.165, 16.8414], "pipPosition": [71.1155, 219.304, -11.1102], "stabilizedTipPosition": [71.941, 208.427, -40.1944], "timeVisible": 1.19309, "tipPosition": [69.516, 207.237, -40.6636], "tipVelocity": [10.8736, -11.0487, 5.55001], "tool": false, "touchDistance": 0.182197, "touchZone": "hovering", "type": 1, "width": 16.8539}, {"bases": [[[0.583678, 0.751366, -0.307846], [-0.447038, 0.61385, 0.65065], [0.677847, -0.242151, 0.69418]], [[0.518335, 0.770576, -0.370864], [-0.407673, 0.603873, 0.684938], [0.751752, -0.203836, 0.627152]], [[0.518335, 0.770576, -0.370864], [-0.605206, 0.63693, 0.477542], [0.604197, -0.0230774, 0.796501]], [[0.518335, 0.770576, -0.370864], [-0.748297, 0.618618, 0.239505], [0.41398, 0.153373, 0.897272]]], "btipPosition": [90.4224, 244.221, -45.6981], "carpPosition": [-3.14981, 223.138, 56.2483], "dipPosition": [83.6889, 246.716, -31.1037], "direction": [0.604197, 0.0230774, -0.796501], "extended": true, "handId": 108, "id": 1082, "length": 57.9972, "mcpPosition": [37.4549, 237.644, 14.6652], "pipPosition": [68.8178, 246.148, -11.4994], "stabilizedTipPosition": [89.1151, 245.224, -42.3185], "timeVisible": 1.19309, "tipPosition": [88.2015, 244.279, -42.7151], "tipVelocity": [28.5705, 0.499469, 9.25308], "tool": false, "touchDistance": 0.180903, "touchZone": "hovering", "type": 2, "width": 16.5528}, {"bases": [[[0.709095, 0.659115, -0.250503], [-0.382358, 0.657931, 0.64879], [0.592441, -0.364272, 0.718554]], [[0.664247, 0.683805, -0.301971], [-0.335875, 0.633917, 0.696661], [0.667805, -0.36133, 0.650751]], [[0.664247, 0.683805, -0.301971], [-0.505045, 0.708359, 0.49311], [0.551095, -0.175038, 0.815877]], [[0.664247, 0.683805, -0.301971], [-0.63263, 0.729438, 0.260192], [0.39819, 0.0182048, 0.917122]]], "btipPosition": [68.8886, 269.137, -45.1746], "carpPosition": [-8.45315, 231.67, 53.0311], "dipPosition": [62.4491, 269.431, -30.3431], "direction": [0.551095, 0.175038, -0.815877], "extended": true, "handId": 108, "id": 1083, "length": 55.7658, "mcpPosition": [23.4098, 251.261, 14.3855], "pipPosition": [49.2353, 265.234, -10.7805], "stabilizedTipPosition": [67.6712, 269.489, -41.9824], "timeVisible": 1.19309, "tipPosition": [67.1457, 268.997, -41.773], "tipVelocity": [33.0416, 6.74845, 13.5773], "tool": false, "touchDistance": 0.171778, "touchZone": "hovering", "type": 3, "width": 15.751}, {"bases": [[[0.826262, 0.494694, -0.269387], [-0.213561, 0.717653, 0.662846], [0.521233, -0.490154, 0.698617]], [[0.842583, 0.478689, -0.2468], [-0.184507, 0.68709, 0.702755], [0.505975, -0.546594, 0.667252]], [[0.842583, 0.478689, -0.2468], [-0.312685, 0.807915, 0.499501], [0.438499, -0.343701, 0.830415]], [[0.842583, 0.478689, -0.2468], [-0.410625, 0.867513, 0.280727], [0.348483, -0.135193, 0.927514]]], "btipPosition": [35.9871, 285.475, -35.8479], "carpPosition": [-18.0707, 236.508, 47.2505], "dipPosition": [30.788, 283.458, -22.0101], "direction": [0.438499, 0.343701, -0.830415], "extended": true, "handId": 108, "id": 1084, "length": 43.7194, "mcpPosition": [7.87932, 260.911, 12.4693], "pipPosition": [23.3647, 277.639, -7.95199], "stabilizedTipPosition": [35.3407, 285.887, -32.4488], "timeVisible": 1.19309, "tipPosition": [34.4718, 284.402, -32.8807], "tipVelocity": [26.1907, 0.858521, 6.59354], "tool": false, "touchDistance": 0.165295, "touchZone": "hovering", "type": 4, "width": 13.9913}], "r": [[0.466012, 0.87986, -0.093159], [-0.879179, 0.472316, 0.0629457], [0.0993839, 0.05257, 0.99366]], "s": 1.14914, "t": [-136.68, 41.3024, -37.681], "timestamp": 629928951286}, {"currentFrameRate": 55.2822, "devices": [], "gestures": [], "hands": [{"armBasis": [[0.581858, 0.796913, -0.162389], [-0.354649, 0.428304, 0.831132], [0.731892, -0.42601, 0.531837]], "armWidth": 55.2734, "confidence": 1, "direction": [0.734699, 0.339481, -0.587342], "elbow": [-200.071, 116.126, 186.439], "grabAngle": 0.661779, "grabStrength": 0, "id": 108, "palmNormal": [-0.416448, -0.457758, -0.785512], "palmPosition": [19.2382, 230.656, 23.8871], "palmVelocity": [29.7968, -9.11522, -5.60677], "palmWidth": 78.1236, "pinchDistance": 51.4969, "pinchStrength": 0.117494, "r": [[0.467364, 0.879048, -0.0940512], [-0.87824, 0.473842, 0.0645606], [0.101317, 0.0524262, 0.993472]], "s": 1.15041, "sphereCenter": [29.5153, 221.377, -18.3153], "sphereRadius": 52.6699, "stabilizedPalmPosition": [19.6718, 233.127, 25.7313], "t": [137.077, 41.19, -37.7327], "timeVisible": 1.21125, "type": "left", "wrist": [-30.4032, 214.884, 63.1481]}], "id": 40315, "interactionBox": {"center": [0, 200, 0], "size": [235.247, 235.247, 147.751]}, "pointables": [{"bases": [[[-0.300351, 0.806329, 0.509531], [-0.330503, -0.589081, 0.737395], [0.894738, 0.0530757, 0.443426]], [[-0.694617, 0.680768, 0.232513], [-0.517849, -0.697535, 0.495254], [0.499339, 0.223606, 0.837055]], [[-0.694617, 0.680768, 0.232513], [-0.574202, -0.719383, 0.39087], [0.433358, 0.137996, 0.890594]], [[-0.694617, 0.680768, 0.232513], [-0.676072, -0.728213, 0.112395], [0.245834, -0.0791239, 0.966077]]], "btipPosition": [29.472, 184.583, -29.7581], "carpPosition": [-9.69801, 196.637, 51.9697], "dipPosition": [24.4921, 182.981, -10.1883], "direction": [0.433358, -0.137996, -0.890594], "extended": false, "handId": 108, "id": 1080, "length": 45.1091, "mcpPosition": [-9.69801, 196.637, 51.9697], "pipPosition": [11.7032, 187.053, 16.0943], "stabilizedTipPosition": [27.6323, 187.461, -23.6695], "timeVisible": 1.21125, "tipPosition": [27.273, 186.052, -25.8254], "tipVelocity": [51.5115, -12.2674, 3.24259], "tool": false, "touchDistance": 0.224157, "touchZone": "hovering", "type": 0, "width": 17.6444}, {"bases": [[[0.404567, 0.867046, -0.290786], [-0.532617, 0.481871, 0.695787], [0.743401, -0.126615, 0.656753]], [[0.331524, 0.875186, -0.352337], [-0.677341, 0.480759, 0.556848], [0.656735, 0.0540438, 0.752183]], [[0.331524, 0.875186, -0.352337], [-0.933278, 0.358907, 0.0133571], [0.138146, 0.3244, 0.935778]], [[0.331524, 0.875186, -0.352337], [-0.910217, 0.198462, -0.363481], [-0.248188, 0.441206, 0.862404]]], "btipPosition": [70.9341, 205.808, -43.3749], "carpPosition": [0.334986, 213.131, 58.4111], "dipPosition": [74.6044, 212.332, -30.6213], "direction": [0.138146, -0.3244, -0.935778], "extended": true, "handId": 108, "id": 1081, "length": 50.9006, "mcpPosition": [47.293, 221.129, 16.9263], "pipPosition": [71.7143, 219.119, -11.0443], "stabilizedTipPosition": [71.9377, 208.404, -40.1994], "timeVisible": 1.21125, "tipPosition": [70.6051, 207.132, -40.4053], "tipVelocity": [14.4929, -26.9555, 10.6198], "tool": false, "touchDistance": 0.185411, "touchZone": "hovering", "type": 1, "width": 16.8539}, {"bases": [[[0.586115, 0.747032, -0.313709], [-0.440102, 0.618622, 0.650859], [0.68028, -0.243414, 0.691353]], [[0.519492, 0.766624, -0.37738], [-0.401123, 0.608759, 0.68448], [0.754472, -0.204206, 0.623756]], [[0.519492, 0.766624, -0.37738], [-0.597678, 0.641641, 0.480706], [0.610663, -0.0241715, 0.791521]], [[0.519492, 0.766624, -0.37738], [-0.74175, 0.623843, 0.246225], [0.424188, 0.15201, 0.892725]]], "btipPosition": [91.4149, 244.19, -45.3842], "carpPosition": [-2.74169, 222.967, 56.0547], "dipPosition": [84.5154, 246.663, -30.8637], "direction": [0.610663, 0.0241715, -0.791521], "extended": true, "handId": 108, "id": 1082, "length": 57.9972, "mcpPosition": [38.0087, 237.548, 14.6409], "pipPosition": [69.4851, 246.068, -11.3819], "stabilizedTipPosition": [89.1432, 245.206, -42.3077], "timeVisible": 1.21125, "tipPosition": [89.038, 244.264, -42.482], "tipVelocity": [52.5531, -1.97793, 16.3536], "tool": false, "touchDistance": 0.185852, "touchZone": "hovering", "type": 2, "width": 16.5528}, {"bases": [[[0.711333, 0.654295, -0.256717], [-0.375192, 0.662338, 0.64849], [0.594337, -0.364974, 0.716629]], [[0.664779, 0.679813, -0.309714], [-0.3263, 0.637187, 0.698227], [0.67201, -0.363107, 0.645411]], [[0.664779, 0.679813, -0.309714], [-0.492947, 0.710704, 0.501899], [0.561313, -0.180979, 0.807573]], [[0.664779, 0.679813, -0.309714], [-0.620705, 0.733343, 0.277367], [0.415684, 0.00785358, 0.909475]]], "btipPosition": [70.06, 269.341, -44.7948], "carpPosition": [-8.07424, 231.458, 52.7781], "dipPosition": [63.3376, 269.468, -30.0869], "direction": [0.561313, 0.180979, -0.807573], "extended": true, "handId": 108, "id": 1083, "length": 55.7658, "mcpPosition": [23.8907, 251.087, 14.2361], "pipPosition": [49.8788, 265.129, -10.7234], "stabilizedTipPosition": [67.704, 269.484, -41.9602], "timeVisible": 1.21125, "tipPosition": [67.8606, 268.884, -41.7342], "tipVelocity": [60.9246, 9.13712, 19.3513], "tool": false, "touchDistance": 0.177634, "touchZone": "hovering", "type": 3, "width": 15.751}, {"bases": [[[0.827489, 0.489164, -0.275646], [-0.205994, 0.721178, 0.661415], [0.52233, -0.490532, 0.697531]], [[0.84233, 0.47469, -0.255242], [-0.175154, 0.688976, 0.703302], [0.509706, -0.547706, 0.663489]], [[0.84233, 0.47469, -0.255242], [-0.302166, 0.808085, 0.505663], [0.446291, -0.34881, 0.824109]], [[0.84233, 0.47469, -0.255242], [-0.400407, 0.868166, 0.293192], [0.360768, -0.144763, 0.921352]]], "btipPosition": [36.8553, 285.471, -35.8025], "carpPosition": [-17.6866, 236.222, 46.928], "dipPosition": [31.4729, 283.311, -22.0566], "direction": [0.446291, 0.34881, -0.824109], "extended": true, "handId": 108, "id": 1084, "length": 43.7194, "mcpPosition": [8.31805, 260.644, 12.2009], "pipPosition": [23.9176, 277.406, -8.10524], "stabilizedTipPosition": [35.3531, 285.847, -32.4573], "timeVisible": 1.21125, "tipPosition": [35.0444, 284.144, -33.0754], "tipVelocity": [45.4861, -2.0063, 1.33742], "tool": false, "touchDistance": 0.1657, "touchZone": "hovering", "type": 4, "width": 13.9913}], "r": [[0.467364, 0.879048, -0.0940512], [-0.87824, 0.473842, 0.0645606], [0.101317, 0.0524262, 0.993472]], "s": 1.15041, "t": [-137.077, 41.19, -37.7327], "timestamp": 629928969445}, {"currentFrameRate": 55.292, "devices": [], "gestures": [], "hands": [{"armBasis": [[0.592769, 0.784048, -0.184103], [-0.341351, 0.451634, 0.824322], [0.729455, -0.425788, 0.53535]], "armWidth": 55.2734, "confidence": 1, "direction": [0.731328, 0.352045, -0.584144], "elbow": [-199.014, 115.194, 186.881], "grabAngle": 0.666386, "grabStrength": 0, "id": 108, "palmNormal": [-0.395708, -0.478567, -0.78383], "palmPosition": [19.723, 230.403, 23.7732], "palmVelocity": [26.8549, -13.9669, -6.30893], "palmWidth": 78.1236, "pinchDistance": 50.7469, "pinchStrength": 0.138779, "r": [[0.473009, 0.875599, -0.0979276], [-0.874759, 0.479984, 0.0664252], [0.105166, 0.0542434, 0.992974]], "s": 1.15081, "sphereCenter": [30.7156, 220.837, -18.1092], "sphereRadius": 52.5536, "stabilizedPalmPosition": [19.6733, 233.05, 25.6759], "t": [137.518, 41.0077, -37.8155], "timeVisible": 1.2293, "type": "left", "wrist": [-29.9112, 213.901, 62.776]}], "id": 40316, "interactionBox": {"center": [0, 200, 0], "size": [235.247, 235.247, 147.751]}, "pointables": [{"bases": [[[-0.273108, 0.820421, 0.502315], [-0.338614, -0.570735, 0.748066], [0.900418, 0.0342117, 0.433678]], [[-0.673725, 0.702059, 0.230671], [-0.533143, -0.677925, 0.506139], [0.511717, 0.218018, 0.831032]], [[-0.673725, 0.702059, 0.230671], [-0.591628, -0.69947, 0.400896], [0.4428, 0.133623, 0.886608]], [[-0.673725, 0.702059, 0.230671], [-0.698215, -0.706995, 0.112489], [0.242057, -0.085271, 0.966508]]], "btipPosition": [31.329, 184.4, -29.3709], "carpPosition": [-8.57357, 195.96, 51.9898], "dipPosition": [26.4257, 182.673, -9.7924], "direction": [0.4428, -0.133623, -0.886608], "extended": false, "handId": 108, "id": 1080, "length": 45.1091, "mcpPosition": [-8.57357, 195.96, 51.9898], "pipPosition": [13.3581, 186.616, 16.3726], "stabilizedTipPosition": [27.7709, 187.275, -23.7342], "timeVisible": 1.2293, "tipPosition": [29.5051, 185.372, -25.2735], "tipVelocity": [103.849, -11.7577, 21.5604], "tool": false, "touchDistance": 0.230877, "touchZone": "hovering", "type": 0, "width": 17.6444}, {"bases": [[[0.424818, 0.852077, -0.30577], [-0.512111, 0.504718, 0.694983], [0.746507, -0.138653, 0.650771]], [[0.353768, 0.861262, -0.364795], [-0.663183, 0.505999, 0.551501], [0.659574, 0.0468227, 0.75018]], [[0.353768, 0.861262, -0.364795], [-0.924983, 0.380008, 0.00015735], [0.138761, 0.337374, 0.931088]], [[0.353768, 0.861262, -0.364795], [-0.900194, 0.207615, -0.382814], [-0.253966, 0.463814, 0.848751]]], "btipPosition": [71.7703, 205.899, -42.7103], "carpPosition": [0.941986, 212.799, 58.3233], "dipPosition": [75.526, 212.758, -30.1587], "direction": [0.138761, -0.337374, -0.931088], "extended": true, "handId": 108, "id": 1081, "length": 50.9006, "mcpPosition": [48.0962, 221.557, 17.2164], "pipPosition": [72.6231, 219.816, -10.6798], "stabilizedTipPosition": [71.9521, 208.385, -40.1917], "timeVisible": 1.2293, "tipPosition": [72.3899, 207.492, -39.7037], "tipVelocity": [47.4086, 9.31883, 34.2415], "tool": false, "touchDistance": 0.195713, "touchZone": "hovering", "type": 1, "width": 16.8539}, {"bases": [[[0.602804, 0.7269, -0.329005], [-0.416404, 0.638339, 0.647403], [0.680613, -0.253258, 0.687478]], [[0.536195, 0.747478, -0.392138], [-0.378136, 0.628052, 0.68012], [0.754658, -0.216395, 0.619407]], [[0.536195, 0.747478, -0.392138], [-0.575093, 0.663561, 0.478492], [0.617869, -0.0310494, 0.785667]], [[0.536195, 0.747478, -0.392138], [-0.720648, 0.647269, 0.248414], [0.439502, 0.149395, 0.885731]]], "btipPosition": [92.2359, 245.051, -44.9553], "carpPosition": [-2.37488, 222.518, 55.8121], "dipPosition": [85.0873, 247.481, -30.5486], "direction": [0.617869, 0.0310494, -0.785667], "extended": true, "handId": 108, "id": 1082, "length": 57.9972, "mcpPosition": [38.3956, 237.689, 14.6305], "pipPosition": [69.8796, 246.717, -11.211], "stabilizedTipPosition": [89.2094, 245.224, -42.2773], "timeVisible": 1.2293, "tipPosition": [89.8182, 245.084, -42.0546], "tipVelocity": [42.3064, 47.1586, 22.3052], "tool": false, "touchDistance": 0.192563, "touchZone": "hovering", "type": 2, "width": 16.5528}, {"bases": [[[0.726055, 0.631505, -0.272112], [-0.350364, 0.680243, 0.643828], [0.591683, -0.372116, 0.715151]], [[0.678852, 0.658027, -0.325822], [-0.302482, 0.654944, 0.692497], [0.669077, -0.371549, 0.643652]], [[0.678852, 0.658027, -0.325822], [-0.469675, 0.730219, 0.496172], [0.564415, -0.183797, 0.80477]], [[0.678852, 0.658027, -0.325822], [-0.596567, 0.752972, 0.277742], [0.428097, 0.00582851, 0.903714]]], "btipPosition": [70.2525, 269.514, -44.89], "carpPosition": [-7.90069, 230.82, 52.375], "dipPosition": [63.3294, 269.609, -30.2752], "direction": [0.564415, 0.183797, -0.80477], "extended": true, "handId": 108, "id": 1083, "length": 55.7658, "mcpPosition": [23.9214, 250.833, 13.9125], "pipPosition": [49.7962, 265.202, -10.979], "stabilizedTipPosition": [67.7375, 269.486, -41.9451], "timeVisible": 1.2293, "tipPosition": [67.9798, 269.129, -41.8296], "tipVelocity": [8.10605, 9.15636, -6.45858], "tool": false, "touchDistance": 0.175691, "touchZone": "hovering", "type": 3, "width": 15.751}, {"bases": [[[0.837499, 0.463057, -0.290126], [-0.179511, 0.734618, 0.654302], [0.516111, -0.495897, 0.698366]], [[0.851158, 0.44947, -0.271123], [-0.149701, 0.70292, 0.695337], [0.50311, -0.551254, 0.665582]], [[0.851158, 0.44947, -0.271123], [-0.275686, 0.822325, 0.497774], [0.446685, -0.34894, 0.823841]], [[0.851158, 0.44947, -0.271123], [-0.372871, 0.881271, 0.290393], [0.369456, -0.146076, 0.917695]]], "btipPosition": [36.5898, 284.895, -36.4084], "carpPosition": [-17.5769, 235.249, 46.3687], "dipPosition": [31.0778, 282.716, -22.7171], "direction": [0.446685, 0.34894, -0.823841], "extended": true, "handId": 108, "id": 1084, "length": 43.7194, "mcpPosition": [8.11811, 259.937, 11.5999], "pipPosition": [23.5158, 276.808, -8.77023], "stabilizedTipPosition": [35.352, 285.797, -32.4845], "timeVisible": 1.2293, "tipPosition": [34.6745, 283.6, -33.6942], "tipVelocity": [-16.3596, -32.164, -34.2581], "tool": false, "touchDistance": 0.155393, "touchZone": "hovering", "type": 4, "width": 13.9913}], "r": [[0.473009, 0.875599, -0.0979276], [-0.874759, 0.479984, 0.0664252], [0.105166, 0.0542434, 0.992974]], "s": 1.15081, "t": [-137.518, 41.0077, -37.8155], "timestamp": 629928987497}, {"currentFrameRate": 55.3073, "devices": [], "gestures": [], "hands": [{"armBasis": [[0.606783, 0.768541, -0.202875], [-0.325934, 0.473357, 0.818352], [0.72497, -0.430439, 0.537719]], "armWidth": 55.2734, "confidence": 1, "direction": [0.723824, 0.372163, -0.58101], "elbow": [-197.748, 113.624, 187.128], "grabAngle": 0.733524, "grabStrength": 0, "id": 108, "palmNormal": [-0.372563, -0.497948, -0.783099], "palmPosition": [19.7371, 231.138, 23.7017], "palmVelocity": [0.786114, 40.7239, -3.96524], "palmWidth": 78.1236, "pinchDistance": 49.626, "pinchStrength": 0.170589, "r": [[0.483267, 0.869364, -0.10324], [-0.868501, 0.490927, 0.0685381], [0.110268, 0.0565415, 0.992292]], "s": 1.14401, "sphereCenter": [26.0179, 220.159, -22.4539], "sphereRadius": 54.695, "stabilizedPalmPosition": [19.6753, 232.989, 25.6125], "t": [137.746, 41.2836, -37.8926], "timeVisible": 1.24733, "type": "left", "wrist": [-29.6847, 213.409, 62.4736]}], "id": 40317, "interactionBox": {"center": [0, 200, 0], "size": [235.247, 235.247, 147.751]}, "pointables": [{"bases": [[[-0.240779, 0.833193, 0.49781], [-0.351519, -0.552939, 0.755442], [0.904688, 0.00690445, 0.42602]], [[-0.647365, 0.726486, 0.230515], [-0.551091, -0.65508, 0.516884], [0.526515, 0.207578, 0.824435]], [[-0.647365, 0.726486, 0.230515], [-0.609935, -0.675157, 0.414901], [0.457053, 0.127993, 0.880182]], [[-0.647365, 0.726486, 0.230515], [-0.717375, -0.682942, 0.137707], [0.25747, -0.0762195, 0.963275]]], "btipPosition": [33.6619, 184.843, -28.856], "carpPosition": [-7.60776, 195.973, 51.9668], "dipPosition": [28.4464, 183.299, -9.34307], "direction": [0.457053, -0.127993, -0.880182], "extended": false, "handId": 108, "id": 1080, "length": 45.1091, "mcpPosition": [-7.60776, 195.973, 51.9668], "pipPosition": [14.9581, 187.076, 16.6323], "stabilizedTipPosition": [28.2088, 187.015, -23.7934], "timeVisible": 1.24733, "tipPosition": [31.4845, 186.042, -24.881], "tipVelocity": [125.421, 26.9149, 27.7208], "tool": false, "touchDistance": 0.241582, "touchZone": "hovering", "type": 0, "width": 17.6444}, {"bases": [[[0.450977, 0.834656, -0.316177], [-0.488754, 0.527353, 0.694995], [0.746819, -0.158894, 0.645766]], [[0.387997, 0.8449, -0.368241], [-0.649729, 0.534116, 0.540899], [0.653689, 0.0293895, 0.756192]], [[0.387997, 0.8449, -0.368241], [-0.911918, 0.409862, -0.0204471], [0.133652, 0.343739, 0.929506]], [[0.387997, 0.8449, -0.368241], [-0.883643, 0.227444, -0.409199], [-0.261978, 0.484162, 0.834838]]], "btipPosition": [71.6793, 207.769, -42.4622], "carpPosition": [1.27538, 213.176, 58.24], "dipPosition": [75.5535, 214.929, -30.1163], "direction": [0.133652, -0.343739, -0.929506], "extended": true, "handId": 108, "id": 1081, "length": 50.9006, "mcpPosition": [48.4493, 223.213, 17.4492], "pipPosition": [72.7574, 222.12, -10.6705], "stabilizedTipPosition": [71.9793, 208.43, -40.1667], "timeVisible": 1.24733, "tipPosition": [73.5892, 209.525, -39.195], "tipVelocity": [-3.53819, 107.548, 11.1381], "tool": false, "touchDistance": 0.200003, "touchZone": "hovering", "type": 1, "width": 16.8539}, {"bases": [[[0.624398, 0.703303, -0.339841], [-0.38896, 0.657253, 0.645545], [0.677375, -0.270892, 0.683944]], [[0.561692, 0.724605, -0.399312], [-0.35532, 0.647137, 0.674508], [0.747161, -0.236982, 0.620958]], [[0.561692, 0.724605, -0.399312], [-0.559066, 0.688197, 0.462417], [0.609875, -0.0364946, 0.791657]], [[0.561692, 0.724605, -0.399312], [-0.706454, 0.671258, 0.224355], [0.43061, 0.156077, 0.88894]]], "btipPosition": [91.4137, 247.23, -45.1976], "carpPosition": [-2.34905, 222.756, 55.6225], "dipPosition": [84.4096, 249.768, -30.7387], "direction": [0.609875, 0.0364946, -0.791657], "extended": true, "handId": 108, "id": 1082, "length": 57.9972, "mcpPosition": [38.2274, 238.983, 14.6525], "pipPosition": [69.3988, 248.87, -11.2537], "stabilizedTipPosition": [89.2602, 245.446, -42.2426], "timeVisible": 1.24733, "tipPosition": [89.8421, 247.69, -41.6834], "tipVelocity": [-43.7659, 122.232, -12.7745], "tool": false, "touchDistance": 0.192947, "touchZone": "hovering", "type": 2, "width": 16.5528}, {"bases": [[[0.744807, 0.604212, -0.283179], [-0.321564, 0.696851, 0.641089], [0.584688, -0.386427, 0.713312]], [[0.701088, 0.6303, -0.333465], [-0.295983, 0.682681, 0.668088], [0.648745, -0.369688, 0.665177]], [[0.701088, 0.6303, -0.333465], [-0.48698, 0.76482, 0.421784], [0.520891, -0.133317, 0.843148]], [[0.701088, 0.6303, -0.333465], [-0.612309, 0.771798, 0.171479], [0.365451, 0.0839615, 0.927036]]], "btipPosition": [66.809, 267.755, -47.2232], "carpPosition": [-8.12501, 230.837, 52.0728], "dipPosition": [60.8989, 269.113, -32.2313], "direction": [0.520891, 0.133317, -0.843148], "extended": true, "handId": 108, "id": 1083, "length": 55.7658, "mcpPosition": [23.3209, 251.62, 13.7091], "pipPosition": [48.4094, 265.917, -12.0148], "stabilizedTipPosition": [67.5268, 269.355, -42.1136], "timeVisible": 1.24733, "tipPosition": [66.7611, 270.241, -42.3094], "tipVelocity": [-178.085, -81.439, -124.611], "tool": false, "touchDistance": 0.14821, "touchZone": "hovering", "type": 3, "width": 15.751}, {"bases": [[[0.850297, 0.431925, -0.300726], [-0.148877, 0.745449, 0.649724], [0.504808, -0.507687, 0.698157]], [[0.867184, 0.414178, -0.276494], [-0.136065, 0.731159, 0.668501], [0.47904, -0.542092, 0.690404]], [[0.867184, 0.414178, -0.276494], [-0.272195, 0.859164, 0.433298], [0.417016, -0.300488, 0.85779]], [[0.867184, 0.414178, -0.276494], [-0.370427, 0.907574, 0.197721], [0.332831, -0.0690397, 0.940456]]], "btipPosition": [33.9232, 282.869, -38.489], "carpPosition": [-17.8953, 234.886, 45.9516], "dipPosition": [28.9576, 281.839, -24.4581], "direction": [0.417016, 0.300488, -0.85779], "extended": true, "handId": 108, "id": 1084, "length": 43.7194, "mcpPosition": [7.23693, 260.162, 11.1933], "pipPosition": [21.8979, 276.752, -9.93656], "stabilizedTipPosition": [35.1528, 285.552, -32.6997], "timeVisible": 1.24733, "tipPosition": [33.248, 284.04, -34.2936], "tipVelocity": [-140.94, -97.6975, -111.079], "tool": false, "touchDistance": 0.128495, "touchZone": "hovering", "type": 4, "width": 13.9913}], "r": [[0.483267, 0.869364, -0.10324], [-0.868501, 0.490927, 0.0685381], [0.110268, 0.0565415, 0.992292]], "s": 1.14401, "t": [-137.746, 41.2836, -37.8926], "timestamp": 629929005525}, {"currentFrameRate": 55.2003, "devices": [], "gestures": [], "hands": [{"armBasis": [[0.632258, 0.737302, -0.237982], [-0.294545, 0.512854, 0.806365], [0.716584, -0.439734, 0.541425]], "armWidth": 55.2734, "confidence": 1, "direction": [0.701572, 0.407058, -0.584894], "elbow": [-196.165, 111.216, 187.814], "grabAngle": 0.740567, "grabStrength": 0, "id": 108, "palmNormal": [-0.334525, -0.536593, -0.774701], "palmPosition": [18.5146, 233.056, 23.433], "palmVelocity": [-66.1313, 103.755, -14.5389], "palmWidth": 78.1236, "pinchDistance": 47.9033, "pinchStrength": 0.219477, "r": [[0.502521, 0.857349, -0.111472], [-0.856726, 0.511132, 0.0690323], [0.116162, 0.0608109, 0.991367]], "s": 1.14116, "sphereCenter": [26.1601, 222.414, -21.9222], "sphereRadius": 54.2239, "stabilizedPalmPosition": [19.5852, 232.994, 25.4433], "t": [137.248, 42.3806, -38.0655], "timeVisible": 1.26581, "type": "left", "wrist": [-30.0459, 213.156, 62.3002]}], "id": 40318, "interactionBox": {"center": [0, 200, 0], "size": [235.247, 235.247, 147.751]}, "pointables": [{"bases": [[[-0.18292, 0.856813, 0.482091], [-0.38218, -0.513768, 0.768102], [0.905803, -0.0437444, 0.421435]], [[-0.59769, 0.771362, 0.21856], [-0.590777, -0.608036, 0.530353], [0.541986, 0.187867, 0.81912]], [[-0.59769, 0.771362, 0.21856], [-0.642663, -0.623944, 0.444609], [0.479323, 0.125278, 0.868651]], [[-0.59769, 0.771362, 0.21856], [-0.75532, -0.633168, 0.169084], [0.26881, -0.0640227, 0.961063]]], "btipPosition": [36.1669, 186.294, -27.9417], "carpPosition": [-6.65283, 196.747, 52.2682], "dipPosition": [30.7216, 184.998, -8.47354], "direction": [0.479324, -0.125278, -0.868651], "extended": false, "handId": 108, "id": 1080, "length": 45.1091, "mcpPosition": [-6.65283, 196.747, 52.2682], "pipPosition": [16.5762, 188.695, 17.1615], "stabilizedTipPosition": [29.2176, 186.861, -23.7438], "timeVisible": 1.26581, "tipPosition": [33.5256, 187.802, -24.149], "tipVelocity": [132.648, 81.5987, 48.9038], "tool": false, "touchDistance": 0.260319, "touchZone": "hovering", "type": 0, "width": 17.6444}, {"bases": [[[0.50247, 0.797022, -0.335081], [-0.449089, 0.571772, 0.686583], [0.738812, -0.194507, 0.645232]], [[0.43983, 0.810348, -0.387151], [-0.61748, 0.585891, 0.524833], [0.652126, 0.00822073, 0.758066]]