{"frames": 60, "data": [{"currentFrameRate": 55.3036, "devices": [], "gestures": [], "hands": [{"armBasis": [[0.286256, -0.758679, -0.585204], [0.941247, 0.336888, 0.0236641], [0.179194, -0.557596, 0.810541]], "armWidth": 55.2734, "confidence": 1, "direction": [-0.283697, 0.530015, -0.799125], "elbow": [-26.8144, 65.2083, 256.213], "grabAngle": 1.38427, "grabStrength": 0.132119, "id": 112, "palmNormal": [0.906896, -0.12245, -0.403171], "palmPosition": [5.9798, 234.45, 17.341], "palmVelocity": [-7.15369, -4.49102, -6.79476], "palmWidth": 78.1236, "pinchDistance": 55.5411, "pinchStrength": 0.141088, "r": [[0.973802, -0.0474477, -0.222394], [0.0716713, 0.992184, 0.102147], [0.215809, -0.11541, 0.969591]], "s": 0.709614, "sphereCenter": [48.6289, 229.139, -21.2147], "sphereRadius": 55.3858, "stabilizedPalmPosition": [5.27401, 238.71, 22.7906], "t": [153.943, 103.647, -30.9752], "timeVisible": 6.88733, "type": "left", "wrist": [14.7266, 194.47, 68.3132]}], "id": 41370, "interactionBox": {"center": [0, 200, 0], "size": [235.247, 235.247, 147.751]}, "pointables": [{"bases": [[[0.991873, -0.124707, 0.0252306], [0.0441349, 0.523218, 0.851055], [-0.119333, -0.843025, 0.52447]], [[0.944624, 0.255425, -0.206019], [-0.0571703, 0.746305, 0.663144], [0.323137, -0.614644, 0.71958]], [[0.944624, 0.255425, -0.206019], [-0.134086, 0.873442, 0.468103], [0.299511, -0.414557, 0.859323]], [[0.944624, 0.255425, -0.206019], [-0.205974, 0.950241, 0.233702], [0.255462, -0.178326, 0.950231]]], "btipPosition": [58.4621, 264.874, -12.956], "carpPosition": [30.5989, 222.684, 62.493], "dipPosition": [53.2872, 261.261, 6.29269], "direction": [0.299511, 0.414557, -0.859323], "extended": false, "handId": 112, "id": 1120, "length": 45.1091, "mcpPosition": [30.5989, 222.684, 62.493], "pipPosition": [44.4483, 249.027, 31.6524], "stabilizedTipPosition": [58.3128, 267.686, -4.73533], "timeVisible": 6.88733, "tipPosition": [55.4084, 268.738, -6.20449], "tipVelocity": [-1.45757, -15.1476, -7.28361], "tool": false, "touchDistance": -0.307153, "touchZone": "touching", "type": 0, "width": 17.6444}, {"bases": [[[0.354749, -0.738198, -0.573774], [0.930589, 0.2195, 0.292957], [-0.0903167, -0.637874, 0.764827]], [[0.353055, -0.749633, -0.559824], [0.931998, 0.334262, 0.140175], [0.0820481, -0.571244, 0.816669]], [[0.353055, -0.749633, -0.559824], [0.789156, 0.56002, -0.252211], [0.502579, -0.352744, 0.789295]], [[0.353055, -0.749633, -0.559824], [0.570864, 0.646667, -0.505902], [0.74126, -0.140972, 0.656247]]], "btipPosition": [29.4321, 294.798, -46.0657], "carpPosition": [10.6098, 223.799, 58.8317], "dipPosition": [18.4701, 292.713, -36.3609], "direction": [0.502579, 0.352744, -0.789295], "extended": true, "handId": 112, "id": 1121, "length": 50.9006, "mcpPosition": [4.90479, 264.091, 10.5202], "pipPosition": [7.95583, 285.333, -19.8484], "stabilizedTipPosition": [26.6891, 299.16, -36.8481], "timeVisible": 6.88733, "tipPosition": [29.1747, 292.452, -43.3213], "tipVelocity": [15.0002, -11.6218, -2.76295], "tool": false, "touchDistance": -0.309864, "touchZone": "touching", "type": 1, "width": 16.8539}, {"bases": [[[0.17541, -0.844121, -0.506646], [0.974958, 0.0774816, 0.208457], [-0.136707, -0.530524, 0.836573]], [[0.173436, -0.851628, -0.494622], [0.978422, 0.206264, -0.0120634], [0.112296, -0.481856, 0.869025]], [[0.173436, -0.851628, -0.494622], [0.779407, 0.425705, -0.459674], [0.602034, -0.305788, 0.737597]], [[0.173436, -0.851628, -0.494622], [0.470658, 0.512842, -0.717965], [0.865102, -0.108277, 0.489771]]], "btipPosition": [30.8788, 277.892, -59.6168], "carpPosition": [5.49386, 216.722, 52.8723], "dipPosition": [16.8076, 276.131, -51.6505], "direction": [0.602034, 0.305788, -0.737597], "extended": true, "handId": 112, "id": 1122, "length": 57.9972, "mcpPosition": [-2.69523, 248.502, 2.75944], "pipPosition": [1.98974, 268.605, -33.496], "stabilizedTipPosition": [27.1545, 281.396, -49.0195], "timeVisible": 6.88733, "tipPosition": [31.762, 275.299, -55.9353], "tipVelocity": [5.77536, -8.94255, -3.98118], "tool": false, "touchDistance": -0.307217, "touchZone": "touching", "type": 2, "width": 16.5528}, {"bases": [[[0.0793821, -0.916415, -0.392279], [0.980144, 2.3537e-05, 0.198288], [-0.181705, -0.40023, 0.89822]], [[0.077447, -0.920615, -0.382713], [0.952883, 0.181271, -0.243218], [0.293284, -0.345844, 0.891278]], [[0.077447, -0.920615, -0.382713], [0.567683, 0.356282, -0.742159], [0.819597, -0.159781, 0.55021]], [[0.077447, -0.920615, -0.382713], [0.18721, 0.390466, -0.901381], [0.979262, -0.00183848, 0.202589]]], "btipPosition": [39.8604, 247.056, -52.1187], "carpPosition": [2.80275, 208.295, 47.1263], "dipPosition": [24.0239, 247.027, -48.8425], "direction": [0.819597, 0.159781, -0.55021], "extended": false, "handId": 112, "id": 1123, "length": 55.7658, "mcpPosition": [-6.96979, 229.821, -1.18213], "pipPosition": [4.37218, 243.195, -35.6499], "stabilizedTipPosition": [36.9311, 250.216, -48.889], "timeVisible": 6.88733, "tipPosition": [39.8294, 244.902, -47.9296], "tipVelocity": [-5.22563, -8.85312, -7.25108], "tool": false, "touchDistance": -0.303574, "touchZone": "touching", "type": 3, "width": 15.751}, {"bases": [[[-0.105228, -0.9439, -0.313017], [0.960629, -0.177872, 0.213432], [-0.257136, -0.278234, 0.925455]], [[-0.12456, -0.962393, -0.241421], [0.927079, -0.0261823, -0.37395], [0.353566, -0.270396, 0.895476]], [[-0.12456, -0.962393, -0.241421], [0.47175, 0.156612, -0.867712], [0.87289, -0.221973, 0.434502]], [[-0.12456, -0.962393, -0.241421], [0.0844338, 0.232152, -0.969008], [0.988613, -0.141084, 0.0523417]]], "btipPosition": [33.5595, 225.874, -40.0229], "carpPosition": [6.01377, 197.884, 41.5943], "dipPosition": [18.8101, 223.769, -39.242], "direction": [0.87289, 0.221973, -0.434502], "extended": false, "handId": 112, "id": 1124, "length": 43.7194, "mcpPosition": [-6.78795, 211.736, -4.48025], "pipPosition": [4.03294, 220.011, -31.8863], "stabilizedTipPosition": [30.6913, 228.905, -37.5438], "timeVisible": 6.88733, "tipPosition": [32.4892, 224.697, -36.1726], "tipVelocity": [-8.26763, -9.63468, -7.53218], "tool": false, "touchDistance": -0.302341, "touchZone": "touching", "type": 4, "width": 13.9913}], "r": [[0.973802, -0.0474477, -0.222394], [0.0716713, 0.992184, 0.102147], [0.215809, -0.11541, 0.969591]], "s": 0.709614, "t": [-153.943, 103.647, -30.9752], "timestamp": 629948474225}, {"currentFrameRate": 55.3229, "devices": [], "gestures": [], "hands": [{"armBasis": [[0.284694, -0.75999, -0.584264], [0.941741, 0.335597, 0.022349], [0.179092, -0.556588, 0.811256]], "armWidth": 55.2734, "confidence": 1, "direction": [-0.284328, 0.529202, -0.799439], "elbow": [-26.9314, 65.3268, 256.228], "grabAngle": 1.38458, "grabStrength": 0.134989, "id": 112, "palmNormal": [0.907274, -0.120977, -0.402763], "palmPosition": [5.79316, 234.291, 17.1645], "palmVelocity": [-10.3642, -8.84123, -9.80262], "palmWidth": 78.1236, "pinchDistance": 55.4825, "pinchStrength": 0.143793, "r": [[0.973824, -0.0480811, -0.22216], [0.0721201, 0.992229, 0.10139], [0.215559, -0.114758, 0.969724]], "s": 0.708772, "sphereCenter": [48.4969, 229.411, -21.1575], "sphereRadius": 55.2406, "stabilizedPalmPosition": [5.28689, 238.6, 22.651], "t": [153.771, 103.528, -31.1168], "timeVisible": 6.90534, "type": "left", "wrist": [14.5859, 194.355, 68.1618]}], "id": 41371, "interactionBox": {"center": [0, 200, 0], "size": [235.247, 235.247, 147.751]}, "pointables": [{"bases": [[[0.991658, -0.126475, 0.0248839], [0.0454113, 0.523462, 0.850838], [-0.120635, -0.84261, 0.524839]], [[0.944988, 0.253679, -0.206508], [-0.0560271, 0.747513, 0.66188], [0.322272, -0.613899, 0.720603]], [[0.944988, 0.253679, -0.206508], [-0.132583, 0.874178, 0.467156], [0.299032, -0.414077, 0.859721]], [[0.944988, 0.253679, -0.206508], [-0.20456, 0.950943, 0.232084], [0.255252, -0.177073, 0.950522]]], "btipPosition": [58.223, 264.704, -13.1798], "carpPosition": [30.4153, 222.586, 62.3307], "dipPosition": [53.0524, 261.117, 6.07483], "direction": [0.299032, 0.414077, -0.859721], "extended": false, "handId": 112, "id": 1120, "length": 45.1091, "mcpPosition": [30.4153, 222.586, 62.3307], "pipPosition": [44.2276, 248.898, 31.4463], "stabilizedTipPosition": [58.2857, 267.605, -4.82066], "timeVisible": 6.90534, "tipPosition": [55.1823, 268.626, -6.39064], "tipVelocity": [-13.2196, -9.08005, -12.3492], "tool": false, "touchDistance": -0.308107, "touchZone": "touching", "type": 0, "width": 17.6444}, {"bases": [[[0.353197, -0.739051, -0.573633], [0.931097, 0.217944, 0.292503], [-0.0911552, -0.63742, 0.765106]], [[0.351669, -0.749318, -0.561117], [0.932529, 0.332894, 0.139896], [0.0819662, -0.572455, 0.815829]], [[0.351669, -0.749318, -0.561117], [0.788798, 0.559974, -0.253429], [0.50411, -0.353485, 0.787986]], [[0.351669, -0.749318, -0.561117], [0.569972, 0.646882, -0.506631], [0.742604, -0.141654, 0.654578]]], "btipPosition": [29.2439, 294.705, -46.1707], "carpPosition": [10.4257, 223.664, 58.661], "dipPosition": [18.262, 292.61, -36.4905], "direction": [0.50411, 0.353485, -0.787986], "extended": true, "handId": 112, "id": 1121, "length": 50.9006, "mcpPosition": [4.66774, 263.927, 10.332], "pipPosition": [7.71573, 285.215, -20.0054], "stabilizedTipPosition": [26.6905, 298.929, -37.1806], "timeVisible": 6.90534, "tipPosition": [28.8906, 292.326, -43.5142], "tipVelocity": [-10.7029, -5.30425, -6.14399], "tool": false, "touchDistance": -0.308871, "touchZone": "touching", "type": 1, "width": 16.8539}, {"bases": [[[0.173696, -0.844627, -0.506394], [0.975178, 0.0758135, 0.20804], [-0.137324, -0.52996, 0.83683]], [[0.171899, -0.851432, -0.495494], [0.978696, 0.204927, -0.0126016], [0.11227, -0.482772, 0.86852]], [[0.171899, -0.851432, -0.495494], [0.779339, 0.425195, -0.460261], [0.602562, -0.30704, 0.736645]], [[0.171899, -0.851432, -0.495494], [0.470474, 0.512868, -0.718067], [0.865509, -0.109682, 0.488738]]], "btipPosition": [30.6913, 277.804, -59.7408], "carpPosition": [5.32484, 216.575, 52.7023], "dipPosition": [16.6135, 276.02, -51.7913], "direction": [0.602562, 0.30704, -0.736645], "extended": true, "handId": 112, "id": 1122, "length": 57.9972, "mcpPosition": [-2.90123, 248.321, 2.57411], "pipPosition": [1.78262, 268.462, -33.6603], "stabilizedTipPosition": [27.1687, 281.205, -49.4433], "timeVisible": 6.90534, "tipPosition": [31.5067, 275.171, -56.128], "tipVelocity": [-10.4958, -5.20379, -7.10192], "tool": false, "touchDistance": -0.306747, "touchZone": "touching", "type": 2, "width": 16.5528}, {"bases": [[[0.0775835, -0.916705, -0.391961], [0.980221, -0.00165766, 0.197899], [-0.182064, -0.399562, 0.898445]], [[0.0758108, -0.920544, -0.383213], [0.953113, 0.179816, -0.243396], [0.292965, -0.346793, 0.891014]], [[0.0758108, -0.920544, -0.383213], [0.568204, 0.355698, -0.74204], [0.819388, -0.161489, 0.550023]], [[0.0758108, -0.920544, -0.383213], [0.18776, 0.390623, -0.901199], [0.979285, -0.00363124, 0.202454]]], "btipPosition": [39.6725, 246.973, -52.2817], "carpPosition": [2.65112, 208.142, 46.9585], "dipPosition": [23.8356, 246.915, -49.0077], "direction": [0.819388, 0.161489, -0.550023], "extended": false, "handId": 112, "id": 1123, "length": 55.7658, "mcpPosition": [-7.14075, 229.631, -1.36205], "pipPosition": [4.18886, 243.043, -35.8196], "stabilizedTipPosition": [36.8917, 250.074, -49.0044], "timeVisible": 6.90534, "tipPosition": [39.6397, 244.785, -48.1064], "tipVelocity": [-10.4415, -4.97095, -9.08154], "tool": false, "touchDistance": -0.304003, "touchZone": "touching", "type": 3, "width": 15.751}, {"bases": [[[-0.107045, -0.943829, -0.312616], [0.960394, -0.179512, 0.213118], [-0.257265, -0.277421, 0.925663]], [[-0.126175, -0.962091, -0.241788], [0.926966, -0.0275437, -0.374132], [0.35329, -0.271335, 0.895301]], [[-0.126175, -0.962091, -0.241788], [0.472138, 0.156119, -0.86759], [0.872448, -0.223625, 0.434541]], [[-0.126175, -0.962091, -0.241788], [0.0854624, 0.232287, -0.968885], [0.98832, -0.142913, 0.0529137]]], "btipPosition": [33.402, 225.767, -40.1997], "carpPosition": [5.88299, 197.734, 41.4317], "dipPosition": [18.657, 223.635, -39.4103], "direction": [0.872448, 0.223625, -0.434541], "extended": false, "handId": 112, "id": 1124, "length": 43.7194, "mcpPosition": [-6.92518, 211.545, -4.65319], "pipPosition": [3.88725, 219.849, -32.0539], "stabilizedTipPosition": [30.6669, 228.776, -37.6322], "timeVisible": 6.90534, "tipPosition": [32.3368, 224.566, -36.3419], "tipVelocity": [-8.69153, -6.2537, -9.70716], "tool": false, "touchDistance": -0.303062, "touchZone": "touching", "type": 4, "width": 13.9913}], "r": [[0.973824, -0.0480811, -0.22216], [0.0721201, 0.992229, 0.10139], [0.215559, -0.114758, 0.969724]], "s": 0.708772, "t": [-153.771, 103.528, -31.1168], "timestamp": 629948492234}, {"currentFrameRate": 55.3049, "devices": [], "gestures": [], "hands": [{"armBasis": [[0.283827, -0.760922, -0.583472], [0.94201, 0.334895, 0.0214901], [0.17905, -0.555736, 0.811849]], "armWidth": 55.2734, "confidence": 1, "direction": [-0.284534, 0.526967, -0.800841], "elbow": [-27.055, 65.5093, 256.245], "grabAngle": 1.38456, "grabStrength": 0.136686, "id": 112, "palmNormal": [0.907444, -0.121358, -0.402265], "palmPosition": [5.64395, 234.15, 16.9477], "palmVelocity": [-8.22346, -7.73157, -11.9461], "palmWidth": 78.1236, "pinchDistance": 55.472, "pinchStrength": 0.145547, "r": [[0.973825, -0.0488384, -0.221989], [0.0726241, 0.992306, 0.100277], [0.215384, -0.113774, 0.969879]], "s": 0.708216, "sphereCenter": [48.3766, 229.523, -21.1829], "sphereRadius": 55.13, "stabilizedPalmPosition": [5.29349, 238.518, 22.5457], "t": [153.611, 103.398, -31.296], "timeVisible": 6.92348, "type": "left", "wrist": [14.4525, 194.34, 68.0412]}], "id": 41372, "interactionBox": {"center": [0, 200, 0], "size": [235.247, 235.247, 147.751]}, "pointables": [{"bases": [[[0.991573, -0.127113, 0.0249978], [0.0459609, 0.52559, 0.849496], [-0.12112, -0.841188, 0.527003]], [[0.945167, 0.252375, -0.207284], [-0.0554965, 0.749578, 0.659586], [0.321839, -0.611915, 0.722482]], [[0.945167, 0.252375, -0.207284], [-0.1318, 0.875474, 0.464945], [0.298812, -0.41213, 0.860732]], [[0.945167, 0.252375, -0.207284], [-0.203838, 0.951761, 0.229347], [0.255166, -0.174519, 0.951017]]], "btipPosition": [58.0458, 264.502, -13.4822], "carpPosition": [30.2649, 222.578, 62.1487], "dipPosition": [52.8769, 260.967, 5.78247], "direction": [0.298812, 0.41213, -0.860732], "extended": false, "handId": 112, "id": 1120, "length": 45.1091, "mcpPosition": [30.2649, 222.578, 62.1487], "pipPosition": [44.0586, 248.804, 31.1838], "stabilizedTipPosition": [58.2627, 267.542, -4.88867], "timeVisible": 6.92348, "tipPosition": [55.0175, 268.451, -6.68902], "tipVelocity": [-9.74732, -10.4913, -16.5387], "tool": false, "touchDistance": -0.31013, "touchZone": "touching", "type": 0, "width": 17.6444}, {"bases": [[[0.352554, -0.740756, -0.571827], [0.931313, 0.218027, 0.291754], [-0.0914444, -0.635409, 0.766742]], [[0.351177, -0.749984, -0.560535], [0.93275, 0.332375, 0.139659], [0.0815657, -0.571884, 0.816269]], [[0.351177, -0.749984, -0.560535], [0.788665, 0.55961, -0.254645], [0.50466, -0.352649, 0.788008]], [[0.351177, -0.749984, -0.560535], [0.569666, 0.646254, -0.507776], [0.743072, -0.140999, 0.65419]]], "btipPosition": [29.0787, 294.498, -46.474], "carpPosition": [10.2752, 223.632, 58.4721], "dipPosition": [18.0899, 292.412, -36.7996], "direction": [0.50466, 0.352649, -0.788008], "extended": true, "handId": 112, "id": 1121, "length": 50.9006, "mcpPosition": [4.49902, 263.769, 10.0397], "pipPosition": [7.53212, 285.035, -20.314], "stabilizedTipPosition": [26.6859, 298.769, -37.4109], "timeVisible": 6.92348, "tipPosition": [28.6991, 292.061, -43.8758], "tipVelocity": [-9.19193, -11.2826, -16.7922], "tool": false, "touchDistance": -0.310887, "touchZone": "touching", "type": 1, "width": 16.8539}, {"bases": [[[0.172992, -0.846034, -0.504283], [0.975275, 0.0756518, 0.207642], [-0.137523, -0.527735, 0.838203]], [[0.17137, -0.852152, -0.494438], [0.978828, 0.204283, -0.0128196], [0.11193, -0.481773, 0.869118]], [[0.17137, -0.852152, -0.494438], [0.779528, 0.424178, -0.460879], [0.602468, -0.306448, 0.736968]], [[0.17137, -0.852152, -0.494438], [0.471032, 0.511655, -0.718566], [0.86531, -0.109756, 0.489073]]], "btipPosition": [30.5155, 277.565, -60.0333], "carpPosition": [5.18066, 216.525, 52.5303], "dipPosition": [16.441, 275.78, -52.0784], "direction": [0.602468, 0.306448, -0.736968], "extended": true, "handId": 112, "id": 1122, "length": 57.9972, "mcpPosition": [-3.05728, 248.138, 2.31993], "pipPosition": [1.61239, 268.237, -33.9394], "stabilizedTipPosition": [27.1727, 281.061, -49.7552], "timeVisible": 6.92348, "tipPosition": [31.3215, 274.876, -56.4528], "tipVelocity": [-9.64632, -13.1657, -16.0544], "tool": false, "touchDistance": -0.308775, "touchZone": "touching", "type": 2, "width": 16.5528}, {"bases": [[[0.0768526, -0.917752, -0.389646], [0.980261, -0.00184843, 0.197697], [-0.182157, -0.397149, 0.899495]], [[0.0752694, -0.921163, -0.381828], [0.953156, 0.178963, -0.243855], [0.292964, -0.345587, 0.891483]], [[0.0752694, -0.921163, -0.381828], [0.568115, 0.354306, -0.742773], [0.819499, -0.161014, 0.549995]], [[0.0752694, -0.921163, -0.381828], [0.187634, 0.389158, -0.901859], [0.979351, -0.0037616, 0.202133]]], "btipPosition": [39.5342, 246.721, -52.5016], "carpPosition": [2.51412, 208.075, 46.8074], "dipPosition": [23.6963, 246.66, -49.2327], "direction": [0.819499, 0.161014, -0.549995], "extended": false, "handId": 112, "id": 1123, "length": 55.7658, "mcpPosition": [-7.28275, 229.435, -1.5696], "pipPosition": [4.04682, 242.799, -36.0453], "stabilizedTipPosition": [36.8552, 249.951, -49.1047], "timeVisible": 6.92348, "tipPosition": [39.4858, 244.509, -48.353], "tipVelocity": [-7.63595, -13.9374, -12.1822], "tool": false, "touchDistance": -0.305251, "touchZone": "touching", "type": 3, "width": 15.751}, {"bases": [[[-0.107778, -0.944544, -0.310194], [0.960311, -0.17965, 0.213373], [-0.257266, -0.274886, 0.926419]], [[-0.126642, -0.962396, -0.240324], [0.926916, -0.0285344, -0.374183], [0.353255, -0.270147, 0.895674]], [[-0.126642, -0.962396, -0.240324], [0.471874, 0.154657, -0.867996], [0.872523, -0.223327, 0.434543]], [[-0.126642, -0.962396, -0.240324], [0.0853907, 0.230798, -0.969248], [0.988266, -0.143269, 0.0529509]]], "btipPosition": [33.2729, 225.527, -40.3733], "carpPosition": [5.75452, 197.655, 41.3078], "dipPosition": [18.5287, 223.389, -39.5833], "direction": [0.872523, 0.223327, -0.434543], "extended": false, "handId": 112, "id": 1124, "length": 43.7194, "mcpPosition": [-7.0537, 211.341, -4.81474], "pipPosition": [3.75767, 219.608, -32.2269], "stabilizedTipPosition": [30.6416, 228.655, -37.7146], "timeVisible": 6.92348, "tipPosition": [32.201, 224.31, -36.5357], "tipVelocity": [-7.10559, -13.3355, -9.55841], "tool": false, "touchDistance": -0.303691, "touchZone": "touching", "type": 4, "width": 13.9913}], "r": [[0.973825, -0.0488384, -0.221989], [0.0726241, 0.992306, 0.100277], [0.215384, -0.113774, 0.969879]], "s": 0.708216, "t": [-153.611, 103.398, -31.296], "timestamp": 629948510378}, {"currentFrameRate": 55.3122, "devices": [], "gestures": [], "hands": [{"armBasis": [[0.280885, -0.763047, -0.58212], [0.942736, 0.333035, 0.018344], [0.179869, -0.553938, 0.812896]], "armWidth": 55.2734, "confidence": 1, "direction": [-0.284549, 0.525803, -0.8016], "elbow": [-27.3999, 65.7578, 256.342], "grabAngle": 1.38394, "grabStrength": 0.138653, "id": 112, "palmNormal": [0.908458, -0.119146, -0.400634], "palmPosition": [5.47994, 233.916, 16.7552], "palmVelocity": [-9.08425, -12.9926, -10.6642], "palmWidth": 78.1236, "pinchDistance": 55.4499, "pinchStrength": 0.146173, "r": [[0.973723, -0.0499851, -0.222183], [0.0735899, 0.992337, 0.0992608], [0.215519, -0.113003, 0.969939]], "s": 0.707704, "sphereCenter": [48.3325, 229.689, -21.1274], "sphereRadius": 55.0346, "stabilizedPalmPosition": [5.2968, 238.436, 22.4428], "t": [153.449, 103.216, -31.4819], "timeVisible": 6.94153, "type": "left", "wrist": [14.2975, 194.172, 67.8959]}], "id": 41373, "interactionBox": {"center": [0, 200, 0], "size": [235.247, 235.247, 147.751]}, "pointables": [{"bases": [[[0.991273, -0.129739, 0.0233487], [0.0488287, 0.525895, 0.849147], [-0.122446, -0.840596, 0.527641]], [[0.945383, 0.249985, -0.209184], [-0.0527846, 0.750683, 0.65855], [0.321659, -0.61154, 0.722879]], [[0.945383, 0.249985, -0.209184], [-0.128859, 0.876091, 0.464608], [0.299409, -0.412277, 0.860454]], [[0.945383, 0.249985, -0.209184], [-0.201291, 0.952492, 0.228563], [0.256383, -0.173973, 0.95079]]], "btipPosition": [57.8688, 264.333, -13.6305], "carpPosition": [30.0533, 222.432, 62.0045], "dipPosition": [52.6753, 260.809, 5.6295], "direction": [0.299409, 0.412277, -0.860454], "extended": false, "handId": 112, "id": 1120, "length": 45.1091, "mcpPosition": [30.0533, 222.432, 62.0045], "pipPosition": [43.8393, 248.642, 31.0226], "stabilizedTipPosition": [58.2361, 267.474, -4.96094], "timeVisible": 6.94153, "tipPosition": [54.8109, 268.315, -6.8239], "tipVelocity": [-10.1163, -9.21527, -8.27648], "tool": false, "touchDistance": -0.309692, "touchZone": "touching", "type": 0, "width": 17.6444}, {"bases": [[[0.349592, -0.741981, -0.572058], [0.932393, 0.215695, 0.290033], [-0.0918085, -0.634776, 0.767223]], [[0.348364, -0.750203, -0.561995], [0.933775, 0.330121, 0.138143], [0.0818916, -0.572901, 0.815523]], [[0.348364, -0.750203, -0.561995], [0.788826, 0.558502, -0.256571], [0.506356, -0.353936, 0.786341]], [[0.348364, -0.750203, -0.561995], [0.569303, 0.645639, -0.508964], [0.744672, -0.142641, 0.65201]]], "btipPosition": [28.9191, 294.345, -46.5888], "carpPosition": [10.0674, 223.431, 58.2929], "dipPosition": [17.9066, 292.236, -36.9466], "direction": [0.506356, 0.353936, -0.786341], "extended": true, "handId": 112, "id": 1121, "length": 50.9006, "mcpPosition": [4.26815, 263.528, 9.83011], "pipPosition": [7.31337, 284.831, -20.4959], "stabilizedTipPosition": [26.6767, 298.617, -37.6265], "timeVisible": 6.94153, "tipPosition": [28.4724, 291.869, -44.06], "tipVelocity": [-9.14211, -8.73853, -6.76711], "tool": false, "touchDistance": -0.309964, "touchZone": "touching", "type": 1, "width": 16.8539}, {"bases": [[[0.169867, -0.846746, -0.504149], [0.975831, 0.0731603, 0.205918], [-0.137476, -0.526943, 0.838708]], [[0.168415, -0.852228, -0.495321], [0.979264, 0.202057, -0.014689], [0.112602, -0.482576, 0.868586]], [[0.168415, -0.852228, -0.495321], [0.779278, 0.422829, -0.462538], [0.603624, -0.308094, 0.735334]], [[0.168415, -0.852228, -0.495321], [0.470727, 0.511033, -0.719209], [0.866056, -0.112035, 0.487233]]], "btipPosition": [30.4083, 277.411, -60.1557], "carpPosition": [5.00201, 216.307, 52.346], "dipPosition": [16.3216, 275.589, -52.2306], "direction": [0.603624, 0.308094, -0.735334], "extended": true, "handId": 112, "id": 1122, "length": 57.9972, "mcpPosition": [-3.23316, 247.873, 2.10525], "pipPosition": [1.46454, 268.005, -34.1319], "stabilizedTipPosition": [27.1725, 280.934, -50.0212], "timeVisible": 6.94153, "tipPosition": [31.1545, 274.685, -56.6307], "tipVelocity": [-6.09618, -9.00615, -7.15575], "tool": false, "touchDistance": -0.308169, "touchZone": "touching", "type": 2, "width": 16.5528}, {"bases": [[[0.0737361, -0.91815, -0.389311], [0.980593, -0.00435786, 0.196004], [-0.181657, -0.396208, 0.900011]], [[0.072359, -0.921123, -0.382487], [0.953334, 0.17658, -0.244896], [0.293118, -0.346918, 0.890915]], [[0.072359, -0.921123, -0.382487], [0.568712, 0.353145, -0.74287], [0.819348, -0.163772, 0.549407]], [[0.072359, -0.921123, -0.382487], [0.188614, 0.38921, -0.901632], [0.979382, -0.00690143, 0.2019]]], "btipPosition": [39.4177, 246.611, -52.6742], "carpPosition": [2.36786, 207.848, 46.6227], "dipPosition": [23.5792, 246.499, -49.4091], "direction": [0.819348, 0.163772, -0.549407], "extended": false, "handId": 112, "id": 1123, "length": 55.7658, "mcpPosition": [-7.40211, 229.157, -1.78204], "pipPosition": [3.93344, 242.573, -36.2357], "stabilizedTipPosition": [36.8265, 249.861, -49.1796], "timeVisible": 6.94153, "tipPosition": [39.3873, 244.344, -48.5108], "tipVelocity": [-6.45938, -6.73815, -9.60747], "tool": false, "touchDistance": -0.305661, "touchZone": "touching", "type": 3, "width": 15.751}, {"bases": [[[-0.110827, -0.944411, -0.309526], [0.960198, -0.182098, 0.211804], [-0.256394, -0.273732, 0.927002]], [[-0.129385, -0.961986, -0.240505], [0.926469, -0.0308286, -0.375106], [0.353433, -0.271353, 0.895239]], [[-0.129385, -0.961986, -0.240505], [0.47208, 0.153534, -0.868083], [0.872009, -0.225854, 0.434269]], [[-0.129385, -0.961986, -0.240505], [0.0865116, 0.230667, -0.969179], [0.987813, -0.146204, 0.053378]]], "btipPosition": [33.1972, 225.371, -40.5645], "carpPosition": [5.64548, 197.433, 41.134], "dipPosition": [18.4598, 223.19, -39.7681], "direction": [0.872009, 0.225855, -0.434269], "extended": false, "handId": 112, "id": 1124, "length": 43.7194, "mcpPosition": [-7.1193, 211.061, -5.01755], "pipPosition": [3.69751, 219.366, -32.4164], "stabilizedTipPosition": [30.6222, 228.567, -37.7767], "timeVisible": 6.94153, "tipPosition": [32.1456, 224.122, -36.693], "tipVelocity": [-4.10271, -9.18706, -10.5109], "tool": false, "touchDistance": -0.304502, "touchZone": "touching", "type": 4, "width": 13.9913}], "r": [[0.973723, -0.0499851, -0.222183], [0.0735899, 0.992337, 0.0992608], [0.215519, -0.113003, 0.969939]], "s": 0.707704, "t": [-153.449, 103.216, -31.4819], "timestamp": 629948528432}, {"currentFrameRate": 55.3016, "devices": [], "gestures": [], "hands": [{"armBasis": [[0.280925, -0.763882, -0.581004], [0.942434, 0.333982, 0.0165757], [0.181383, -0.552214, 0.813732]], "armWidth": 55.2734, "confidence": 1, "direction": [-0.283529, 0.524787, -0.802627], "elbow": [-27.9042, 66.1001, 256.326], "grabAngle": 1.38302, "grabStrength": 0.139855, "id": 112, "palmNormal": [0.908692, -0.120411, -0.399725], "palmPosition": [5.40046, 233.784, 16.4758], "palmVelocity": [-4.38655, -7.26996, -15.4213], "palmWidth": 78.1236, "pinchDistance": 55.4613, "pinchStrength": 0.146409, "r": [[0.973612, -0.0508298, -0.222478], [0.074235, 0.992401, 0.0981334], [0.215799, -0.112059, 0.969986]], "s": 0.707297, "sphereCenter": [48.2931, 229.646, -21.2761], "sphereRadius": 54.9857, "stabilizedPalmPosition": [5.29791, 238.387, 22.3789], "t": [153.328, 103.059, -31.7145], "timeVisible": 6.95965, "type": "left", "wrist": [14.1441, 194.115, 67.6861]}], "id": 41374, "interactionBox": {"center": [0, 200, 0], "size": [235.247, 235.247, 147.751]}, "pointables": [{"bases": [[[0.991385, -0.128988, 0.0227531], [0.0491272, 0.527223, 0.848305], [-0.121417, -0.83988, 0.529018]], [[0.945003, 0.250428, -0.210369], [-0.0530639, 0.752083, 0.656929], [0.322729, -0.609637, 0.724009]], [[0.945003, 0.250428, -0.210369], [-0.129377, 0.876974, 0.462794], [0.300385, -0.410124, 0.861143]], [[0.945003, 0.250428, -0.210369], [-0.202129, 0.952852, 0.226309], [0.257125, -0.171341, 0.951067]]], "btipPosition": [57.8345, 264.054, -13.9473], "carpPosition": [29.9294, 222.352, 61.7622], "dipPosition": [52.626, 260.583, 5.3184], "direction": [0.300385, 0.410124, -0.861143], "extended": false, "handId": 112, "id": 1120, "length": 45.1091, "mcpPosition": [29.9294, 222.352, 61.7622], "pipPosition": [43.7612, 248.48, 30.7319], "stabilizedTipPosition": [58.2154, 267.42, -5.01982], "timeVisible": 6.95965, "tipPosition": [54.7833, 268.09, -7.12682], "tipVelocity": [-2.08285, -14.7181, -17.409], "tool": false, "touchDistance": -0.311788, "touchZone": "touching", "type": 0, "width": 17.6444}, {"bases": [[[0.349671, -0.742599, -0.571207], [0.932468, 0.216809, 0.288958], [-0.0907368, -0.633672, 0.768262]], [[0.348514, -0.750427, -0.561602], [0.93365, 0.330792, 0.137384], [0.0826766, -0.57222, 0.815922]], [[0.348514, -0.750427, -0.561602], [0.787984, 0.559034, -0.257995], [0.507561, -0.352619, 0.786156]], [[0.348514, -0.750427, -0.561602], [0.568037, 0.645702, -0.510296], [0.745568, -0.141166, 0.651307]]], "btipPosition": [28.9342, 294.129, -46.9148], "carpPosition": [9.94713, 223.359, 58.0331], "dipPosition": [17.9085, 292.042, -37.283], "direction": [0.507561, 0.352619, -0.786156], "extended": true, "handId": 112, "id": 1121, "length": 50.9006, "mcpPosition": [4.2156, 263.386, 9.50464], "pipPosition": [7.29001, 284.665, -20.8362], "stabilizedTipPosition": [26.6712, 298.52, -37.7642], "timeVisible": 6.95965, "tipPosition": [28.478, 291.634, -44.4099], "tipVelocity": [0.665146, -11.6512, -18.1254], "tool": false, "touchDistance": -0.312227, "touchZone": "touching", "type": 1, "width": 16.8539}, {"bases": [[[0.170076, -0.84739, -0.502995], [0.975942, 0.0741778, 0.205025], [-0.136425, -0.525764, 0.839619]], [[0.16872, -0.852544, -0.494673], [0.97915, 0.202572, -0.0151615], [0.113133, -0.481801, 0.868947]], [[0.16872, -0.852544, -0.494673], [0.778914, 0.422864, -0.463119], [0.604009, -0.307171, 0.735404]], [[0.16872, -0.852544, -0.494673], [0.470478, 0.510663, -0.719634], [0.866132, -0.111317, 0.487262]]], "btipPosition": [30.3834, 277.196, -60.4806], "carpPosition": [4.88137, 216.23, 52.0929], "dipPosition": [16.2955, 275.386, -52.5551], "direction": [0.604009, 0.307171, -0.735404], "extended": true, "handId": 112, "id": 1122, "length": 57.9972, "mcpPosition": [-3.29085, 247.725, 1.79763], "pipPosition": [1.42901, 267.825, -34.4546], "stabilizedTipPosition": [27.1719, 280.853, -50.191], "timeVisible": 6.95965, "tipPosition": [31.1465, 274.432, -56.9586], "tipVelocity": [-1.38578, -11.6914, -17.9259], "tool": false, "touchDistance": -0.310557, "touchZone": "touching", "type": 2, "width": 16.5528}, {"bases": [[[0.0740883, -0.918689, -0.387971], [0.980753, -0.00335196, 0.195225], [-0.180652, -0.394967, 0.900758]], [[0.0728823, -0.921302, -0.381957], [0.953255, 0.176956, -0.244933], [0.293247, -0.346251, 0.891132]], [[0.0728823, -0.921302, -0.381957], [0.569103, 0.352922, -0.742676], [0.81903, -0.163245, 0.550038]], [[0.0728823, -0.921302, -0.381957], [0.189406, 0.388792, -0.901646], [0.97919, -0.00663096, 0.202836]]], "btipPosition": [39.3438, 246.418, -52.9953], "carpPosition": [2.24569, 207.764, 46.3805], "dipPosition": [23.5085, 246.31, -49.715], "direction": [0.81903, 0.163245, -0.550038], "extended": false, "handId": 112, "id": 1123, "length": 55.7658, "mcpPosition": [-7.47021, 229.006, -2.06449], "pipPosition": [3.87032, 242.396, -36.5266], "stabilizedTipPosition": [36.8074, 249.802, -49.2316], "timeVisible": 6.95965, "tipPosition": [39.3438, 244.103, -48.8013], "tipVelocity": [-4.03698, -10.6208, -17.5304], "tool": false, "touchDistance": -0.308193, "touchZone": "touching", "type": 3, "width": 15.751}, {"bases": [[[-0.110392, -0.944961, -0.307998], [0.960498, -0.181082, 0.211313], [-0.255455, -0.272504, 0.927623]], [[-0.12865, -0.962253, -0.239828], [0.926435, -0.0303405, -0.37523], [0.35379, -0.270458, 0.895369]], [[-0.12865, -0.962253, -0.239828], [0.472056, 0.15326, -0.868144], [0.872131, -0.224899, 0.434521]], [[-0.12865, -0.962253, -0.239828], [0.0868451, 0.229977, -0.969313], [0.98788, -0.14553, 0.0539805]]], "btipPosition": [33.1326, 225.161, -40.8364], "carpPosition": [5.52017, 197.339, 40.9103], "dipPosition": [18.3942, 222.99, -40.031], "direction": [0.872131, 0.224899, -0.434521], "extended": false, "handId": 112, "id": 1124, "length": 43.7194, "mcpPosition": [-7.19789, 210.906, -5.27221], "pipPosition": [3.62985, 219.183, -32.675], "stabilizedTipPosition": [30.6077, 228.503, -37.8241], "timeVisible": 6.95965, "tipPosition": [32.0946, 223.892, -36.9472], "tipVelocity": [-3.57851, -11.4287, -14.8913], "tool": false, "touchDistance": -0.306432, "touchZone": "touching", "type": 4, "width": 13.9913}], "r": [[0.973612, -0.0508298, -0.222478], [0.074235, 0.992401, 0.0981334], [0.215799, -0.112059, 0.969986]], "s": 0.707297, "t": [-153.328, 103.059, -31.7145], "timestamp": 629948546551}, {"currentFrameRate": 55.1643, "devices": [], "gestures": [], "hands": [{"armBasis": [[0.283877, -0.762936, -0.580812], [0.940997, 0.338042, 0.0158801], [0.184223, -0.55105, 0.813883]], "armWidth": 55.2734, "confidence": 1, "direction": [-0.2832, 0.525649, -0.802179], "elbow": [-28.606, 66.3948, 256.075], "grabAngle": 1.38308, "grabStrength": 0.141819, "id": 112, "palmNormal": [0.907633, -0.123323, -0.40124], "palmPosition": [5.42079, 233.832, 16.1992], "palmVelocity": [1.09271, 2.57844, -14.869], "palmWidth": 78.1236, "pinchDistance": 55.4033, "pinchStrength": 0.142479, "r": [[0.97363, -0.050888, -0.222387], [0.0740861, 0.992499, 0.0972456], [0.21577, -0.111157, 0.970097]], "s": 0.70707, "sphereCenter": [48.2446, 229.444, -21.7015], "sphereRadius": 55.0538, "stabilizedPalmPosition": [5.29855, 238.363, 22.3469], "t": [153.277, 103.004, -31.9692], "timeVisible": 6.97826, "type": "left", "wrist": [14.1008, 194.14, 67.3997]}], "id": 41375, "interactionBox": {"center": [0, 200, 0], "size": [235.247, 235.247, 147.751]}, "pointables": [{"bases": [[[0.991751, -0.12583, 0.02442], [0.0460274, 0.527417, 0.848359], [-0.119628, -0.840237, 0.528858]], [[0.944528, 0.253485, -0.208835], [-0.0561208, 0.751071, 0.657831], [0.3236, -0.60962, 0.723634]], [[0.944528, 0.253485, -0.208835], [-0.132522, 0.875944, 0.463853], [0.300507, -0.410448, 0.860946]], [[0.944528, 0.253485, -0.208835], [-0.205089, 0.951866, 0.227794], [0.256525, -0.172328, 0.951051]]], "btipPosition": [57.923, 264.055, -14.2422], "carpPosition": [29.989, 222.324, 61.445], "dipPosition": [52.7266, 260.564, 5.02315], "direction": [0.300507, 0.410448, -0.860946], "extended": false, "handId": 112, "id": 1120, "length": 45.1091, "mcpPosition": [29.989, 222.324, 61.445], "pipPosition": [43.8582, 248.452, 30.4308], "stabilizedTipPosition": [58.2054, 267.392, -5.05195], "timeVisible": 6.97826, "tipPosition": [54.8895, 267.938, -7.50848], "tipVelocity": [4.90388, -0.200438, -15.8576], "tool": false, "touchDistance": -0.313367, "touchZone": "touching", "type": 0, "width": 17.6444}, {"bases": [[[0.35299, -0.741509, -0.570582], [0.931288, 0.219791, 0.290507], [-0.0900051, -0.633922, 0.768142]], [[0.351848, -0.749302, -0.561026], [0.932344, 0.333864, 0.138814], [0.0832925, -0.57191, 0.816077]], [[0.351848, -0.749302, -0.561026], [0.785943, 0.562023, -0.257728], [0.508425, -0.350253, 0.786655]], [[0.351848, -0.749302, -0.561026], [0.56533, 0.647798, -0.510647], [0.746059, -0.137495, 0.651529]]], "btipPosition": [29.0854, 294.065, -47.2105], "carpPosition": [10.0038, 223.395, 57.7493], "dipPosition": [18.0524, 292.032, -37.5754], "direction": [0.508425, 0.350253, -0.786655], "extended": true, "handId": 112, "id": 1121, "length": 50.9006, "mcpPosition": [4.31852, 263.437, 9.22847], "pipPosition": [7.41583, 284.704, -21.1181], "stabilizedTipPosition": [26.6698, 298.462, -37.8494], "timeVisible": 6.97826, "tipPosition": [28.5731, 291.612, -44.7291], "tipVelocity": [8.03636, -2.77167, -15.8519], "tool": false, "touchDistance": -0.313761, "touchZone": "touching", "type": 1, "width": 16.8539}, {"bases": [[[0.173616, -0.846868, -0.502665], [0.975356, 0.0772948, 0.206655], [-0.136156, -0.526156, 0.839417]], [[0.172287, -0.851929, -0.494503], [0.978603, 0.205358, -0.0128412], [0.11249, -0.48171, 0.869081]], [[0.172287, -0.851929, -0.494503], [0.778607, 0.425287, -0.461413], [0.603397, -0.305528, 0.73659]], [[0.172287, -0.851929, -0.494503], [0.470394, 0.512227, -0.718576], [0.865475, -0.10881, 0.488993]]], "btipPosition": [30.3711, 277.186, -60.8062], "carpPosition": [4.90545, 216.282, 51.818], "dipPosition": [16.2938, 275.416, -52.8526], "direction": [0.603397, 0.305528, -0.736589], "extended": true, "handId": 112, "id": 1122, "length": 57.9972, "mcpPosition": [-3.25066, 247.8, 1.53486], "pipPosition": [1.4424, 267.896, -34.7229], "stabilizedTipPosition": [27.1716, 280.816, -50.2705], "timeVisible": 6.97826, "tipPosition": [31.1602, 274.402, -57.2858], "tipVelocity": [-0.531695, -0.0410106, -17.159], "tool": false, "touchDistance": -0.312623, "touchZone": "touching", "type": 2, "width": 16.5528}, {"bases": [[[0.0776629, -0.918467, -0.387798], [0.98043, -0.000219662, 0.196868], [-0.180902, -0.395498, 0.900475]], [[0.0765823, -0.92081, -0.382419], [0.953388, 0.179902, -0.242255], [0.291869, -0.346041, 0.891666]], [[0.0765823, -0.92081, -0.382419], [0.570217, 0.35508, -0.740791], [0.817917, -0.16133, 0.552254]], [[0.0765823, -0.92081, -0.382419], [0.190593, 0.389992, -0.900878], [0.978677, -0.0038951, 0.205367]]], "btipPosition": [39.2297, 246.407, -53.3648], "carpPosition": [2.23326, 207.823, 46.1105], "dipPosition": [23.4027, 246.344, -50.0436], "direction": [0.817917, 0.16133, -0.552254], "extended": false, "handId": 112, "id": 1123, "length": 55.7658, "mcpPosition": [-7.49606, 229.094, -2.31927], "pipPosition": [3.79117, 242.476, -36.802], "stabilizedTipPosition": [36.7967, 249.772, -49.2612], "timeVisible": 6.97826, "tipPosition": [39.2668, 244.053, -49.1545], "tipVelocity": [-6.03263, -0.000282011, -19.3561], "tool": false, "touchDistance": -0.311108, "touchZone": "touching", "type": 3, "width": 15.751}, {"bases": [[[-0.106867, -0.945322, -0.308133], [0.960714, -0.178013, 0.212931], [-0.25614, -0.273273, 0.927208]], [[-0.124972, -0.962495, -0.2408], [0.927324, -0.0270166, -0.373282], [0.352777, -0.26995, 0.895922]], [[-0.124972, -0.962495, -0.2408], [0.473376, 0.155453, -0.867035], [0.87195, -0.222344, 0.436195]], [[-0.124972, -0.962495, -0.2408], [0.0881394, 0.230973, -0.96896], [0.988238, -0.142317, 0.0559686]]], "btipPosition": [33.015, 225.142, -41.1656], "carpPosition": [5.46536, 197.388, 40.6353], "dipPosition": [18.2713, 223.019, -40.3306], "direction": [0.87195, 0.222344, -0.436195], "extended": false, "handId": 112, "id": 1124, "length": 43.7194, "mcpPosition": [-7.28675, 210.993, -5.52649], "pipPosition": [3.51, 219.255, -32.9462], "stabilizedTipPosition": [30.599, 228.469, -37.8519], "timeVisible": 6.97826, "tipPosition": [31.9894, 223.854, -37.2748], "tipVelocity": [-6.3862, -0.460238, -17.3295], "tool": false, "touchDistance": -0.308958, "touchZone": "touching", "type": 4, "width": 13.9913}], "r": [[0.97363, -0.050888, -0.222387], [0.0740861, 0.992499, 0.0972456], [0.21577, -0.111157, 0.970097]], "s": 0.70707, "t": [-153.277, 103.004, -31.9692], "timestamp": 629948565154}, {"currentFrameRate": 55.2193, "devices": [], "gestures": [], "hands": [{"armBasis": [[0.285831, -0.761203, -0.582126], [0.939338, 0.342744, 0.0130452], [0.18959, -0.550542, 0.812994]], "armWidth": 55.2734, "confidence": 1, "direction": [-0.28163, 0.525577, -0.802779], "elbow": [-29.7681, 66.6373, 255.579], "grabAngle": 1.38086, "grabStrength": 0.142589, "id": 112, "palmNormal": [0.907018, -0.127144, -0.40144], "palmPosition": [5.6602, 233.935, 15.8681], "palmVelocity": [13.3608, 5.74953, -18.4752], "palmWidth": 78.1236, "pinchDistance": 55.403, "pinchStrength": 0.132894, "r": [[0.973698, -0.0502922, -0.222221], [0.0732427, 0.992657, 0.0962712], [0.215747, -0.110015, 0.970232]], "s": 0.707435, "sphereCenter": [48.4804, 229.128, -22.2185], "sphereRadius": 55.235, "stabilizedPalmPosition": [5.3001, 238.344, 22.3191], "t": [153.372, 103.028, -32.262], "timeVisible": 6.99618, "type": "left", "wrist": [14.1829, 194.264, 67.1099]}], "id": 41376, "interactionBox": {"center": [0, 200, 0], "size": [235.247, 235.247, 147.751]}, "pointables": [{"bases": [[[0.992189, -0.122216, 0.0249933], [0.0437755, 0.528733, 0.847659], [-0.116812, -0.839944, 0.529953]], [[0.943698, 0.256597, -0.208789], [-0.0582889, 0.750249, 0.658581], [0.325634, -0.609331, 0.722965]], [[0.943698, 0.256597, -0.208789], [-0.135189, 0.875176, 0.464534], [0.301925, -0.410153, 0.86059]], [[0.943698, 0.256597, -0.208789], [-0.207714, 0.950834, 0.229715], [0.257468, -0.173413, 0.950599]]], "btipPosition": [58.2873, 264.132, -14.5193], "carpPosition": [30.2053, 222.4, 61.1196], "dipPosition": [53.0718, 260.619, 4.73691], "direction": [0.301925, 0.410153, -0.86059], "extended": false, "handId": 112, "id": 1120, "length": 45.1091, "mcpPosition": [30.2053, 222.4, 61.1196], "pipPosition": [44.1616, 248.515, 30.1341], "stabilizedTipPosition": [58.1967, 267.36, -5.09124], "timeVisible": 6.99618, "t