{"frames": 58, "data": [{"currentFrameRate": 55.3345, "devices": [], "gestures": [], "hands": [{"armBasis": [[0.585216, 0.750997, -0.30582], [-0.245584, 0.523586, 0.81581], [0.772794, -0.402321, 0.490843]], "armWidth": 55.2734, "confidence": 1, "direction": [0.67794, 0.325842, -0.658957], "elbow": [-217.249, 98.6653, 214.04], "grabAngle": 0.272474, "grabStrength": 0, "id": 107, "palmNormal": [-0.389408, -0.601117, -0.697868], "palmPosition": [9.49449, 206.822, 58.2284], "palmVelocity": [5.28524, 48.3898, -7.37376], "palmWidth": 78.1236, "pinchDistance": 62.3985, "pinchStrength": 0, "r": [[0.0886221, 0.925436, -0.368394], [-0.963565, 0.173357, 0.203689], [0.252365, 0.336921, 0.907081]], "s": 1.24103, "sphereCenter": [53.2523, 225.141, 50.381], "sphereRadius": 57.2317, "stabilizedPalmPosition": [10.6233, 208.558, 59.3657], "t": [170.628, 54.557, 6.86724], "timeVisible": 4.68188, "type": "left", "wrist": [-38.0995, 191.932, 100.252]}], "id": 39696, "interactionBox": {"center": [0, 200, 0], "size": [235.247, 235.247, 147.751]}, "pointables": [{"bases": [[[-0.229689, 0.894874, 0.382681], [-0.411366, -0.445607, 0.795118], [0.882055, 0.0252076, 0.470471]], [[-0.588257, 0.796138, 0.141836], [-0.637135, -0.564302, 0.524997], [0.498009, 0.218465, 0.839202]], [[-0.588257, 0.796138, 0.141836], [-0.757245, -0.603857, 0.248871], [0.283784, 0.0389955, 0.958095]], [[-0.588257, 0.796138, 0.141836], [-0.807466, -0.568692, -0.156803], [-0.044176, -0.206768, 0.977392]]], "btipPosition": [13.9088, 168.002, 7.82515], "carpPosition": [-14.9153, 174.328, 91.8661], "dipPosition": [14.8037, 163.814, 27.6241], "direction": [0.283784, -0.0389955, -0.958095], "extended": false, "handId": 107, "id": 1070, "length": 45.1091, "mcpPosition": [-14.9153, 174.328, 91.8661], "pipPosition": [6.42887, 164.965, 55.8987], "stabilizedTipPosition": [11.8214, 170.269, 11.9925], "timeVisible": 4.68188, "tipPosition": [14.3601, 166.887, 12.9675], "tipVelocity": [104.944, 23.2242, -5.16716], "tool": false, "touchDistance": 0.161323, "touchZone": "hovering", "type": 0, "width": 17.6444}, {"bases": [[[0.500826, 0.774066, -0.387292], [-0.499768, 0.623941, 0.600774], [0.706686, -0.107327, 0.699339]], [[0.477238, 0.777186, -0.410155], [-0.522582, 0.626232, 0.578568], [0.706507, -0.0617751, 0.705005]], [[0.477238, 0.777186, -0.410155], [-0.760727, 0.599027, 0.249923], [0.43993, 0.192743, 0.877104]], [[0.477238, 0.777186, -0.410155], [-0.850753, 0.525532, 0.00591162], [0.220144, 0.346119, 0.911997]]], "btipPosition": [76.9033, 192.392, -6.64282], "carpPosition": [-6.46695, 192.466, 95.5848], "dipPosition": [73.6477, 197.511, 6.84413], "direction": [0.43993, -0.192743, -0.877104], "extended": true, "handId": 107, "id": 1071, "length": 50.9006, "mcpPosition": [38.172, 199.246, 51.4099], "pipPosition": [64.4441, 201.543, 25.1937], "stabilizedTipPosition": [77.969, 193.779, -2.84478], "timeVisible": 4.68188, "tipPosition": [77.5273, 195.676, -2.76016], "tipVelocity": [-35.7918, 69.1658, -21.3251], "tool": false, "touchDistance": 0.252152, "touchZone": "hovering", "type": 1, "width": 16.8539}, {"bases": [[[0.669509, 0.634664, -0.385953], [-0.392266, 0.743316, 0.541857], [0.630782, -0.211382, 0.746614]], [[0.635377, 0.644911, -0.424718], [-0.270314, 0.700963, 0.659986], [0.723344, -0.304533, 0.619704]], [[0.635377, 0.644911, -0.424718], [-0.369012, 0.736722, 0.566632], [0.678326, -0.203299, 0.706076]], [[0.635377, 0.644911, -0.424718], [-0.485595, 0.76134, 0.429605], [0.600411, -0.0667202, 0.796903]]], "btipPosition": [83.8077, 232.984, -8.85976], "carpPosition": [-10.6169, 201.528, 92.0587], "dipPosition": [74.0418, 231.899, 4.10214], "direction": [0.678326, 0.203299, -0.706076], "extended": true, "handId": 107, "id": 1072, "length": 57.9972, "mcpPosition": [27.1685, 214.19, 47.3347], "pipPosition": [57.3462, 226.895, 21.4808], "stabilizedTipPosition": [83.2148, 231.122, -5.00225], "timeVisible": 4.68188, "tipPosition": [78.0206, 228.512, -8.43171], "tipVelocity": [-25.8554, 129.729, -5.37898], "tool": false, "touchDistance": 0.277335, "touchZone": "hovering", "type": 2, "width": 16.5528}, {"bases": [[[0.782689, 0.538788, -0.311618], [-0.323122, 0.779643, 0.536422], [0.531968, -0.319161, 0.784313]], [[0.75095, 0.556176, -0.356008], [-0.198566, 0.704345, 0.68152], [0.629798, -0.441096, 0.639366]], [[0.75095, 0.556176, -0.356008], [-0.278687, 0.755672, 0.5927], [0.598671, -0.345874, 0.722471]], [[0.75095, 0.556176, -0.356008], [-0.377492, 0.803895, 0.459623], [0.541824, -0.210764, 0.813637]]], "btipPosition": [59.1865, 254.838, -9.4883], "carpPosition": [-16.8966, 208.913, 87.9006], "dipPosition": [50.4241, 251.43, 3.66972], "direction": [0.598671, 0.345874, -0.722471], "extended": true, "handId": 107, "id": 1073, "length": 55.7658, "mcpPosition": [11.7139, 226.078, 45.7184], "pipPosition": [36.0696, 243.137, 20.9927], "stabilizedTipPosition": [59.8333, 252.834, -5.18135], "timeVisible": 4.68188, "tipPosition": [52.6558, 248.182, -10.6426], "tipVelocity": [-65.2719, 99.9082, -13.3926], "tool": false, "touchDistance": 0.197865, "touchZone": "hovering", "type": 3, "width": 15.751}, {"bases": [[[0.881556, 0.361952, -0.303068], [-0.149176, 0.822673, 0.548594], [0.44789, -0.438406, 0.779227]], [[0.88507, 0.358474, -0.296897], [-0.0695966, 0.732609, 0.677082], [0.460225, -0.578602, 0.673359]], [[0.88507, 0.358474, -0.296897], [-0.134948, 0.808087, 0.573397], [0.445466, -0.467431, 0.763589]], [[0.88507, 0.358474, -0.296897], [-0.206248, 0.87386, 0.440262], [0.417268, -0.328428, 0.847362]]], "btipPosition": [23.0313, 264.194, -3.08903], "carpPosition": [-27.1191, 211.847, 81.8824], "dipPosition": [16.806, 259.294, 9.55298], "direction": [0.445466, 0.467431, -0.763589], "extended": true, "handId": 107, "id": 1074, "length": 43.7194, "mcpPosition": [-4.82053, 233.673, 43.088], "pipPosition": [9.26468, 251.381, 22.4798], "stabilizedTipPosition": [24.2161, 262.567, 1.15857], "timeVisible": 4.68188, "tipPosition": [17.6797, 257.472, -3.4316], "tipVelocity": [-93.9524, 47.6666, -25.4234], "tool": false, "touchDistance": -0.311606, "touchZone": "touching", "type": 4, "width": 13.9913}], "r": [[0.0886221, 0.925436, -0.368394], [-0.963565, 0.173357, 0.203689], [0.252365, 0.336921, 0.907081]], "s": 1.24103, "t": [-170.628, 54.557, 6.86724], "timestamp": 629917364132}, {"currentFrameRate": 55.3308, "devices": [], "gestures": [], "hands": [{"armBasis": [[0.599836, 0.725941, -0.336462], [-0.223615, 0.555854, 0.800639], [0.768241, -0.405014, 0.495752]], "armWidth": 55.2734, "confidence": 1, "direction": [0.662809, 0.35532, -0.659115], "elbow": [-215.424, 98.1083, 214.557], "grabAngle": 0.299272, "grabStrength": 0, "id": 107, "palmNormal": [-0.350088, -0.631058, -0.692246], "palmPosition": [9.7716, 208.705, 57.6646], "palmVelocity": [15.3217, 104.117, -31.1751], "palmWidth": 78.1236, "pinchDistance": 61.8811, "pinchStrength": 0, "r": [[0.105368, 0.92198, -0.372626], [-0.959674, 0.192482, 0.204884], [0.260623, 0.336011, 0.905081]], "s": 1.24162, "sphereCenter": [51.4388, 225.292, 47.7271], "sphereRadius": 55.6394, "stabilizedPalmPosition": [10.6045, 208.561, 59.3281], "t": [170.784, 55.7376, 6.50797], "timeVisible": 4.69997, "type": "left", "wrist": [-37.3297, 191.999, 99.6313]}], "id": 39697, "interactionBox": {"center": [0, 200, 0], "size": [235.247, 235.247, 147.751]}, "pointables": [{"bases": [[[-0.176114, 0.911253, 0.372293], [-0.430593, -0.411416, 0.803322], [0.885197, -0.0188306, 0.464835]], [[-0.543605, 0.828729, 0.133048], [-0.669218, -0.523618, 0.52723], [0.506597, 0.197567, 0.839242]], [[-0.543605, 0.828729, 0.133048], [-0.785854, -0.55821, 0.266148], [0.294833, 0.0401234, 0.954706]], [[-0.543605, 0.828729, 0.133048], [-0.837868, -0.526401, -0.1445], [-0.0497147, -0.190027, 0.980519]]], "btipPosition": [16.4213, 169.508, 7.5728], "carpPosition": [-12.9848, 175.311, 91.5788], "dipPosition": [17.4284, 165.659, 27.4351], "direction": [0.294833, -0.0401234, -0.954706], "extended": false, "handId": 107, "id": 1070, "length": 45.1091, "mcpPosition": [-12.9848, 175.311, 91.5788], "pipPosition": [8.72746, 166.843, 55.6097], "stabilizedTipPosition": [12.3055, 170.104, 12.0074], "timeVisible": 4.69997, "tipPosition": [17.1791, 168.539, 12.9404], "tipVelocity": [140.345, 87.5944, -13.1476], "tool": false, "touchDistance": 0.168783, "touchZone": "hovering", "type": 0, "width": 17.6444}, {"bases": [[[0.541225, 0.739444, -0.400372], [-0.459626, 0.658861, 0.595521], [0.704144, -0.138289, 0.69646]], [[0.512432, 0.744413, -0.428092], [-0.499805, 0.663926, 0.556235], [0.69829, -0.0710706, 0.712278]], [[0.512432, 0.744413, -0.428092], [-0.751577, 0.629933, 0.195747], [0.415385, 0.221437, 0.882282]], [[0.512432, 0.744413, -0.428092], [-0.83536, 0.547634, -0.0476521], [0.198965, 0.382029, 0.902478]]], "btipPosition": [76.4759, 195.041, -7.17385], "carpPosition": [-5.60152, 193.945, 95.1099], "dipPosition": [73.5335, 200.69, 6.17234], "direction": [0.415385, -0.221437, -0.882282], "extended": true, "handId": 107, "id": 1071, "length": 50.9006, "mcpPosition": [38.8768, 202.68, 51.1169], "pipPosition": [64.8434, 205.323, 24.6302], "stabilizedTipPosition": [77.8472, 193.923, -2.91544], "timeVisible": 4.69997, "tipPosition": [78.259, 199.959, -2.9823], "tipVelocity": [-19.6478, 153.195, -31.1515], "tool": false, "touchDistance": 0.247406, "touchZone": "hovering", "type": 1, "width": 16.8539}, {"bases": [[[0.701753, 0.590736, -0.398213], [-0.345938, 0.771192, 0.534406], [0.622792, -0.237264, 0.745544]], [[0.662245, 0.604172, -0.443178], [-0.2295, 0.726595, 0.647603], [0.713275, -0.327163, 0.619841]], [[0.662245, 0.604172, -0.443178], [-0.334461, 0.767629, 0.5467], [0.670498, -0.213824, 0.710431]], [[0.662245, 0.604172, -0.443178], [-0.454347, 0.794118, 0.403665], [0.595819, -0.0659685, 0.800405]]], "btipPosition": [83.0246, 236.909, -9.58346], "carpPosition": [-10.2339, 202.711, 91.4408], "dipPosition": [73.3334, 235.836, 3.4354], "direction": [0.670498, 0.213824, -0.710431], "extended": true, "handId": 107, "id": 1072, "length": 57.9972, "mcpPosition": [27.0728, 216.924, 46.7808], "pipPosition": [56.8304, 230.573, 20.9213], "stabilizedTipPosition": [82.8491, 231.959, -5.24215], "timeVisible": 4.69997, "tipPosition": [77.6623, 233.641, -8.69159], "tipVelocity": [-42.3496, 217.144, -39.2899], "tool": false, "touchDistance": 0.273478, "touchZone": "hovering", "type": 2, "width": 16.5528}, {"bases": [[[0.809821, 0.489554, -0.323305], [-0.274888, 0.80347, 0.528084], [0.518292, -0.338781, 0.78524]], [[0.775135, 0.510154, -0.372704], [-0.153638, 0.724407, 0.672034], [0.61283, -0.463656, 0.639893]], [[0.775135, 0.510154, -0.372704], [-0.237751, 0.782081, 0.576042], [0.585354, -0.3579, 0.727508]], [[0.775135, 0.510154, -0.372704], [-0.338102, 0.83328, 0.437415], [0.533716, -0.213044, 0.818389]]], "btipPosition": [57.3474, 257.853, -10.5077], "carpPosition": [-16.8935, 209.675, 87.1491], "dipPosition": [48.7162, 254.408, 2.72714], "direction": [0.585354, 0.357899, -0.727508], "extended": true, "handId": 107, "id": 1073, "length": 55.7658, "mcpPosition": [10.9814, 227.895, 44.917], "pipPosition": [34.681, 245.826, 20.1709], "stabilizedTipPosition": [59.3411, 253.299, -5.43263], "timeVisible": 4.69997, "tipPosition": [51.1864, 251.819, -11.297], "tipVelocity": [-100.017, 166.216, -55.3883], "tool": false, "touchDistance": 0.194242, "touchZone": "hovering", "type": 3, "width": 15.751}, {"bases": [[[0.898578, 0.307522, -0.31303], [-0.0987073, 0.836724, 0.538655], [0.427568, -0.453125, 0.782217]], [[0.900787, 0.305164, -0.308963], [-0.0214517, 0.741867, 0.670204], [0.433732, -0.597083, 0.67481]], [[0.900787, 0.305164, -0.308963], [-0.0855409, 0.822216, 0.562712], [0.425753, -0.480454, 0.766745]], [[0.900787, 0.305164, -0.308963], [-0.156257, 0.891581, 0.425049], [0.405175, -0.334601, 0.850809]]], "btipPosition": [20.5886, 265.906, -4.23745], "carpPosition": [-27.2251, 211.947, 81.0321], "dipPosition": [14.5437, 260.914, 8.45597], "direction": [0.425753, 0.480454, -0.766745], "extended": true, "handId": 107, "id": 1074, "length": 43.7194, "mcpPosition": [-5.9383, 234.507, 42.0888], "pipPosition": [7.33606, 252.78, 21.4362], "stabilizedTipPosition": [22.8428, 263.167, 0.480776], "timeVisible": 4.69997, "tipPosition": [15.5299, 259.011, -4.56801], "tipVelocity": [-132.769, 93.4793, -62.8439], "tool": false, "touchDistance": -0.325827, "touchZone": "touching", "type": 4, "width": 13.9913}], "r": [[0.105368, 0.92198, -0.372626], [-0.959674, 0.192482, 0.204884], [0.260623, 0.336011, 0.905081]], "s": 1.24162, "t": [-170.784, 55.7376, 6.50797], "timestamp": 629917382218}, {"currentFrameRate": 55.3433, "devices": [], "gestures": [], "hands": [{"armBasis": [[0.618767, 0.692281, -0.371315], [-0.194751, 0.593092, 0.781225], [0.761052, -0.411082, 0.501808]], "armWidth": 55.2734, "confidence": 1, "direction": [0.647173, 0.375535, -0.663431], "elbow": [-213.519, 97.1478, 215.49], "grabAngle": 0.319487, "grabStrength": 0, "id": 107, "palmNormal": [-0.308934, -0.6664, -0.67858], "palmPosition": [9.45465, 210.5, 57.0874], "palmVelocity": [-17.5826, 99.58, -32.0208], "palmWidth": 78.1236, "pinchDistance": 61.2028, "pinchStrength": 0, "r": [[0.128425, 0.915718, -0.380745], [-0.953625, 0.219414, 0.20605], [0.272225, 0.336626, 0.90143]], "s": 1.24232, "sphereCenter": [49.6101, 225.249, 45.296], "sphereRadius": 54.5095, "stabilizedPalmPosition": [10.5599, 208.637, 59.2412], "t": [170.704, 57.2254, 6.03973], "timeVisible": 4.71799, "type": "left", "wrist": [-37.0911, 192.445, 99.1604]}], "id": 39698, "interactionBox": {"center": [0, 200, 0], "size": [235.247, 235.247, 147.751]}, "pointables": [{"bases": [[[-0.122156, 0.928516, 0.350623], [-0.446485, -0.366914, 0.816103], [0.886413, -0.0568558, 0.45939]], [[-0.498527, 0.859394, 0.113636], [-0.696112, -0.474993, 0.53834], [0.516622, 0.189274, 0.835031]], [[-0.498527, 0.859394, 0.113636], [-0.810297, -0.508551, 0.291195], [0.308041, 0.0530899, 0.949891]], [[-0.498527, 0.859394, 0.113636], [-0.865112, -0.484867, -0.128397], [-0.0552452, -0.162317, 0.985191]]], "btipPosition": [18.4399, 170.337, 7.89582], "carpPosition": [-11.6736, 176.728, 91.6739], "dipPosition": [19.559, 167.049, 27.8527], "direction": [0.308041, -0.0530899, -0.949891], "extended": false, "handId": 107, "id": 1070, "length": 45.1091, "mcpPosition": [-11.6736, 176.728, 91.6739], "pipPosition": [10.4683, 168.616, 55.8853], "stabilizedTipPosition": [13.1633, 170.034, 12.0716], "timeVisible": 4.71799, "tipPosition": [19.4244, 169.724, 13.407], "tipVelocity": [113.411, 53.1157, 19.1273], "tool": false, "touchDistance": 0.178304, "touchZone": "hovering", "type": 0, "width": 17.6444}, {"bases": [[[0.578386, 0.698024, -0.422176], [-0.417514, 0.697901, 0.581908], [0.700822, -0.160303, 0.695091]], [[0.54647, 0.704494, -0.452834], [-0.47903, 0.706466, 0.520996], [0.68695, -0.0677875, 0.723536]], [[0.54647, 0.704494, -0.452834], [-0.740525, 0.659016, 0.13161], [0.391144, 0.263414, 0.881828]], [[0.54647, 0.704494, -0.452834], [-0.817908, 0.565162, -0.107787], [0.179989, 0.42928, 0.885055]]], "btipPosition": [75.2906, 196.613, -7.56091], "carpPosition": [-5.36754, 195.826, 94.7878], "dipPosition": [72.6288, 202.962, 5.52763], "direction": [0.391144, -0.263414, -0.881828], "extended": true, "handId": 107, "id": 1071, "length": 50.9006, "mcpPosition": [38.901, 205.952, 50.8814], "pipPosition": [64.4459, 208.473, 23.976], "stabilizedTipPosition": [77.5881, 194.262, -3.04914], "timeVisible": 4.71799, "tipPosition": [78.0866, 203.067, -3.16543], "tipVelocity": [-62.1747, 96.1605, -24.7594], "tool": false, "touchDistance": 0.241069, "touchZone": "hovering", "type": 1, "width": 16.8539}, {"bases": [[[0.730396, 0.540678, -0.417359], [-0.298233, 0.802174, 0.517276], [0.614474, -0.253346, 0.747153]], [[0.6857, 0.557051, -0.468519], [-0.187185, 0.756975, 0.62606], [0.703404, -0.34159, 0.623329]], [[0.6857, 0.557051, -0.468519], [-0.294821, 0.80106, 0.520944], [0.665504, -0.219082, 0.713517]], [[0.6857, 0.557051, -0.468519], [-0.415902, 0.828094, 0.37588], [0.597362, -0.0628828, 0.799502]]], "btipPosition": [81.7989, 240.07, -10.4559], "carpPosition": [-10.4518, 204.227, 90.8715], "dipPosition": [72.0826, 239.047, 2.54827], "direction": [0.665505, 0.219082, -0.713517], "extended": true, "handId": 107, "id": 1072, "length": 57.9972, "mcpPosition": [26.3567, 219.403, 46.1152], "pipPosition": [55.7025, 233.654, 20.1101], "stabilizedTipPosition": [82.1314, 233.68, -5.72782], "timeVisible": 4.71799, "tipPosition": [76.5748, 237.701, -9.3018], "tipVelocity": [-68.3182, 175.979, -48.5873], "tool": false, "touchDistance": 0.265017, "touchZone": "hovering", "type": 2, "width": 16.5528}, {"bases": [[[0.83325, 0.435483, -0.340659], [-0.225547, 0.830268, 0.509689], [0.5048, -0.347864, 0.790043]], [[0.794677, 0.459435, -0.396746], [-0.107712, 0.749934, 0.652684], [0.5974, -0.475939, 0.645442]], [[0.794677, 0.459435, -0.396746], [-0.192788, 0.810763, 0.552718], [0.575605, -0.362744, 0.732868]], [[0.794677, 0.459435, -0.396746], [-0.292442, 0.862494, 0.413016], [0.531945, -0.212189, 0.819762]]], "btipPosition": [55.2014, 259.945, -11.9161], "carpPosition": [-17.4548, 210.701, 86.3644], "dipPosition": [46.5988, 256.513, 1.34103], "direction": [0.575605, 0.362744, -0.732868], "extended": true, "handId": 107, "id": 1073, "length": 55.7658, "mcpPosition": [9.69452, 229.41, 43.874], "pipPosition": [32.7973, 247.816, 18.9133], "stabilizedTipPosition": [58.4349, 254.166, -5.9413], "timeVisible": 4.71799, "tipPosition": [49.1418, 254.386, -12.4829], "tipVelocity": [-118.686, 116.226, -77.8441], "tool": false, "touchDistance": 0.178451, "touchZone": "hovering", "type": 3, "width": 15.751}, {"bases": [[[0.911811, 0.249084, -0.326432], [-0.0477104, 0.853878, 0.518282], [0.407829, -0.457001, 0.790459]], [[0.911488, 0.249446, -0.327059], [0.0263783, 0.758044, 0.65167], [0.410481, -0.602616, 0.684368]], [[0.911488, 0.249446, -0.327059], [-0.0350778, 0.839372, 0.542425], [0.409829, -0.482941, 0.773827]], [[0.911488, 0.249446, -0.327059], [-0.103322, 0.908484, 0.404945], [0.398139, -0.33531, 0.853845]]], "btipPosition": [17.8965, 266.616, -6.01196], "carpPosition": [-27.8484, 212.242, 80.1257], "dipPosition": [11.9565, 261.613, 6.72677], "direction": [0.409829, 0.482941, -0.773827], "extended": true, "handId": 107, "id": 1074, "length": 43.7194, "mcpPosition": [-7.54426, 234.994, 40.772], "pipPosition": [5.01852, 253.437, 19.8269], "stabilizedTipPosition": [20.5839, 263.989, -0.794149], "timeVisible": 4.71799, "tipPosition": [12.977, 259.646, -6.26507], "tipVelocity": [-148.005, 39.241, -97.8636], "tool": false, "touchDistance": -0.348039, "touchZone": "touching", "type": 4, "width": 13.9913}], "r": [[0.128425, 0.915718, -0.380745], [-0.953625, 0.219414, 0.20605], [0.272225, 0.336626, 0.90143]], "s": 1.24232, "t": [-170.704, 57.2254, 6.03973], "timestamp": 629917400244}, {"currentFrameRate": 55.3369, "devices": [], "gestures": [], "hands": [{"armBasis": [[0.638054, 0.646829, -0.417731], [-0.158311, 0.641125, 0.750931], [0.753542, -0.413003, 0.511472]], "armWidth": 55.2734, "confidence": 1, "direction": [0.627504, 0.45421, -0.632402], "elbow": [-212.916, 95.2772, 216.855], "grabAngle": 0.425649, "grabStrength": 0, "id": 107, "palmNormal": [-0.211992, -0.681864, -0.700086], "palmPosition": [7.83928, 213.871, 57.8884], "palmVelocity": [-89.2816, 186.314, 44.2693], "palmWidth": 78.1236, "pinchDistance": 58.7495, "pinchStrength": 0, "r": [[0.162975, 0.908248, -0.385389], [-0.941418, 0.260042, 0.214733], [0.295248, 0.327816, 0.897422]], "s": 1.2392, "sphereCenter": [42.8244, 221.587, 40.2325], "sphereRadius": 51.0107, "stabilizedPalmPosition": [10.2503, 209.232, 59.0873], "t": [169.856, 59.6548, 6.2061], "timeVisible": 4.73609, "type": "left", "wrist": [-38.2296, 191.02, 98.2856]}], "id": 39699, "interactionBox": {"center": [0, 200, 0], "size": [235.247, 235.247, 147.751]}, "pointables": [{"bases": [[[-0.0105827, 0.929232, 0.369346], [-0.452864, -0.333769, 0.826748], [0.891517, -0.158514, 0.424347]], [[-0.405643, 0.902885, 0.142309], [-0.726955, -0.413064, 0.548556], [0.554066, 0.119066, 0.823914]], [[-0.405643, 0.902885, 0.142309], [-0.837072, -0.42949, 0.338893], [0.367102, 0.0183468, 0.93]], [[-0.405643, 0.902885, 0.142309], [-0.913893, -0.397929, -0.0803227], [-0.0158933, -0.162637, 0.986558]]], "btipPosition": [23.4156, 175.052, 8.37579], "carpPosition": [-10.8429, 177.402, 91.1181], "dipPosition": [23.7375, 171.758, 28.3604], "direction": [0.367102, -0.0183468, -0.93], "extended": false, "handId": 107, "id": 1070, "length": 45.1091, "mcpPosition": [-10.8429, 177.402, 91.1181], "pipPosition": [12.9039, 172.299, 55.8059], "stabilizedTipPosition": [17.6705, 171.893, 12.4647], "timeVisible": 4.73609, "tipPosition": [23.63, 175.169, 13.9355], "tipVelocity": [264.872, 260.544, 26.8802], "tool": false, "touchDistance": 0.226162, "touchZone": "hovering", "type": 0, "width": 17.6444}, {"bases": [[[0.633203, 0.641494, -0.433058], [-0.32007, 0.726461, 0.60812], [0.704705, -0.246455, 0.66532]], [[0.59039, 0.654955, -0.471672], [-0.420942, 0.748479, 0.512433], [0.688657, -0.103989, 0.717592]], [[0.59039, 0.654955, -0.471672], [-0.721948, 0.689821, 0.0542136], [0.360876, 0.308515, 0.880106]], [[0.59039, 0.654955, -0.471672], [-0.799032, 0.5568, -0.226982], [0.113964, 0.510889, 0.852059]]], "btipPosition": [72.6504, 202.418, -4.95809], "carpPosition": [-6.70684, 196.993, 94.7651], "dipPosition": [70.965, 209.974, 7.64249], "direction": [0.360876, -0.308515, -0.880106], "extended": true, "handId": 107, "id": 1071, "length": 50.9006, "mcpPosition": [37.8069, 212.561, 52.7392], "pipPosition": [63.4153, 216.428, 26.0548], "stabilizedTipPosition": [76.0306, 197.156, -2.75983], "timeVisible": 4.73609, "tipPosition": [76.7857, 211.326, -0.55448], "tipVelocity": [-133.512, 336.181, 137.655], "tool": false, "touchDistance": 0.294481, "touchZone": "hovering", "type": 1, "width": 16.8539}, {"bases": [[[0.767814, 0.468993, -0.436471], [-0.192862, 0.818867, 0.540611], [0.610955, -0.33091, 0.719189]], [[0.713019, 0.49546, -0.496108], [-0.106734, 0.776023, 0.621608], [0.692973, -0.390266, 0.606201]], [[0.713019, 0.49546, -0.496108], [-0.239484, 0.837111, 0.491825], [0.658977, -0.23187, 0.715531]], [[0.713019, 0.49546, -0.496108], [-0.377665, 0.867547, 0.323623], [0.590739, -0.0433867, 0.805695]]], "btipPosition": [78.8314, 247.406, -8.29968], "carpPosition": [-12.5049, 204.889, 90.7883], "dipPosition": [69.2228, 246.7, 4.80523], "direction": [0.658977, 0.23187, -0.715531], "extended": true, "handId": 107, "id": 1072, "length": 57.9972, "mcpPosition": [24.0928, 224.711, 47.7071], "pipPosition": [53.0034, 240.993, 22.4166], "stabilizedTipPosition": [79.0324, 241.308, -5.47907], "timeVisible": 4.73609, "tipPosition": [74.7194, 248.742, -5.42058], "tipVelocity": [-162.641, 409.494, 120.456], "tool": false, "touchDistance": 0.311701, "touchZone": "hovering", "type": 2, "width": 16.5528}, {"bases": [[[0.861692, 0.352112, -0.365382], [-0.117938, 0.839316, 0.530697], [0.493536, -0.414205, 0.764759]], [[0.817812, 0.385238, -0.427523], [-0.0172028, 0.758923, 0.650953], [0.575229, -0.525002, 0.627284]], [[0.817812, 0.385238, -0.427523], [-0.116167, 0.838106, 0.532994], [0.563639, -0.386225, 0.730165]], [[0.817812, 0.385238, -0.427523], [-0.222394, 0.896738, 0.382625], [0.530778, -0.217837, 0.819037]]], "btipPosition": [50.9026, 266.041, -10.0235], "carpPosition": [-19.9846, 210.677, 86.1184], "dipPosition": [42.319, 262.518, 3.22189], "direction": [0.563639, 0.386225, -0.730165], "extended": true, "handId": 107, "id": 1073, "length": 55.7658, "mcpPosition": [6.55899, 232.954, 44.9878], "pipPosition": [28.8044, 253.257, 20.7293], "stabilizedTipPosition": [54.3041, 258.974, -6.39135], "timeVisible": 4.73609, "tipPosition": [45.8566, 263.428, -8.98049], "tipVelocity": [-237.351, 335.771, 104.454], "tool": false, "touchDistance": 0.246681, "touchZone": "hovering", "type": 3, "width": 15.751}, {"bases": [[[0.920584, 0.158254, -0.357044], [0.0615914, 0.843952, 0.532872], [0.385657, -0.512544, 0.767181]], [[0.920482, 0.15839, -0.357248], [0.120126, 0.755231, 0.644357], [0.371864, -0.636034, 0.676149]], [[0.920482, 0.15839, -0.357248], [0.0520112, 0.85639, 0.513703], [0.387309, -0.491435, 0.780054]], [[0.920482, 0.15839, -0.357248], [-0.0165759, 0.929181, 0.369254], [0.390434, -0.33397, 0.857919]]], "btipPosition": [12.7132, 269.525, -5.38062], "carpPosition": [-30.2497, 211.24, 79.5128], "dipPosition": [6.88826, 264.542, 7.41889], "direction": [0.387309, 0.491435, -0.780054], "extended": true, "handId": 107, "id": 1074, "length": 43.7194, "mcpPosition": [-11.0494, 236.757, 41.318], "pipPosition": [0.331493, 256.223, 20.6245], "stabilizedTipPosition": [13.2679, 267.476, -2.09888], "timeVisible": 4.73609, "tipPosition": [8.86815, 264.92, -4.21524], "tipVelocity": [-285.016, 161.043, 35.6665], "tool": false, "touchDistance": -0.331889, "touchZone": "touching", "type": 4, "width": 13.9913}], "r": [[0.162975, 0.908248, -0.385389], [-0.941418, 0.260042, 0.214733], [0.295248, 0.327816, 0.897422]], "s": 1.2392, "t": [-169.856, 59.6548, 6.2061], "timestamp": 629917418337}, {"currentFrameRate": 55.342, "devices": [], "gestures": [], "hands": [{"armBasis": [[0.65048, 0.632774, -0.420087], [-0.157169, 0.653263, 0.740638], [0.743084, -0.415746, 0.524387]], "armWidth": 55.2734, "confidence": 1, "direction": [0.599912, 0.474663, -0.64405], "elbow": [-212.102, 93.8208, 219.873], "grabAngle": 0.478382, "grabStrength": 0, "id": 107, "palmNormal": [-0.201279, -0.689565, -0.695692], "palmPosition": [4.80962, 214.365, 57.0635], "palmVelocity": [-167.83, 27.3691, -45.6946], "palmWidth": 78.1236, "pinchDistance": 54.1719, "pinchStrength": 0.0415793, "r": [[0.197931, 0.899777, -0.388877], [-0.929148, 0.298606, 0.21799], [0.312263, 0.318177, 0.895128]], "s": 1.23978, "sphereCenter": [38.187, 218.707, 36.1645], "sphereRadius": 50.7446, "stabilizedPalmPosition": [9.34336, 210.088, 58.7499], "t": [167.917, 61.1165, 5.87684], "timeVisible": 4.75414, "type": "left", "wrist": [-39.8396, 190.199, 98.3095]}], "id": 39700, "interactionBox": {"center": [0, 200, 0], "size": [235.247, 235.247, 147.751]}, "pointables": [{"bases": [[[0.0144982, 0.929494, 0.368552], [-0.479069, -0.317073, 0.818509], [0.877658, -0.188429, 0.440695]], [[-0.386874, 0.913296, 0.127357], [-0.737283, -0.389308, 0.552134], [0.553843, 0.119708, 0.823971]], [[-0.386874, 0.913296, 0.127357], [-0.827632, -0.404803, 0.388792], [0.406636, 0.045009, 0.912481]], [[-0.386874, 0.913296, 0.127357], [-0.920054, -0.391571, 0.0131568], [0.0618853, -0.112085, 0.99177]]], "btipPosition": [24.9893, 173.13, 8.31756], "carpPosition": [-12.0019, 177.318, 90.6508], "dipPosition": [23.7357, 170.859, 28.4077], "direction": [0.406637, -0.045009, -0.912481], "extended": false, "handId": 107, "id": 1070, "length": 45.1091, "mcpPosition": [-12.0019, 177.318, 90.6508], "pipPosition": [11.7353, 172.188, 55.3363], "stabilizedTipPosition": [20.8202, 172.213, 12.6769], "timeVisible": 4.75414, "tipPosition": [22.0121, 175.278, 12.8731], "tipVelocity": [67.1021, -93.4464, -1.88066], "tool": false, "touchDistance": 0.227215, "touchZone": "hovering", "type": 0, "width": 17.6444}, {"bases": [[[0.662614, 0.618919, -0.42176], [-0.306066, 0.737724, 0.601736], [0.683569, -0.269633, 0.678256]], [[0.604187, 0.638987, -0.476082], [-0.427394, 0.764114, 0.483181], [0.672528, -0.0884576, 0.734767]], [[0.604187, 0.638987, -0.476082], [-0.736307, 0.67611, -0.0269721], [0.304649, 0.366838, 0.878987]], [[0.604187, 0.638987, -0.476082], [-0.796509, 0.501591, -0.33761], [0.0230696, 0.583183, 0.812013]]], "btipPosition": [66.4286, 201.066, -6.3532], "carpPosition": [-8.47327, 197.044, 94.2102], "dipPosition": [66.0874, 209.69, 5.65517], "direction": [0.304649, -0.366838, -0.878987], "extended": true, "handId": 107, "id": 1071, "length": 50.9006, "mcpPosition": [34.7054, 214.076, 51.3671], "pipPosition": [59.714, 217.365, 24.0441], "stabilizedTipPosition": [71.5206, 199.902, -3.14719], "timeVisible": 4.75414, "tipPosition": [71.2343, 211.528, -2.85506], "tipVelocity": [-327.534, -61.29, -84.8282], "tool": false, "touchDistance": 0.283266, "touchZone": "hovering", "type": 1, "width": 16.8539}, {"bases": [[[0.791278, 0.441907, -0.422608], [-0.174555, 0.825641, 0.536515], [0.586012, -0.350764, 0.730448]], [[0.731854, 0.473312, -0.49027], [-0.0988925, 0.785589, 0.610794], [0.674247, -0.398529, 0.621744]], [[0.731854, 0.473312, -0.49027], [-0.236201, 0.851027, 0.469001], [0.639217, -0.227438, 0.734625]], [[0.731854, 0.473312, -0.49027], [-0.37648, 0.880504, 0.288055], [0.568025, -0.0262379, 0.822593]]], "btipPosition": [73.595, 248.394, -10.82], "carpPosition": [-14.6101, 204.731, 90.3357], "dipPosition": [64.3559, 247.967, 2.55975], "direction": [0.639217, 0.227438, -0.734625], "extended": true, "handId": 107, "id": 1072, "length": 57.9972, "mcpPosition": [20.4935, 225.743, 46.58], "pipPosition": [48.6229, 242.369, 20.6411], "stabilizedTipPosition": [74.3023, 245.679, -6.89492], "timeVisible": 4.75414, "tipPosition": [69.5213, 251.094, -7.50795], "tipVelocity": [-285.365, 58.3129, -136.113], "tool": false, "touchDistance": 0.280606, "touchZone": "hovering", "type": 2, "width": 16.5528}, {"bases": [[[0.879782, 0.321967, -0.349744], [-0.0988058, 0.843501, 0.527962], [0.464996, -0.429935, 0.773909]], [[0.834618, 0.359166, -0.417628], [-0.00565397, 0.763726, 0.645516], [0.5508, -0.536398, 0.63945]], [[0.834618, 0.359166, -0.417628], [-0.106589, 0.849157, 0.517272], [0.540418, -0.38721, 0.747005]], [[0.834618, 0.359166, -0.417628], [-0.21362, 0.909895, 0.35561], [0.50772, -0.207585, 0.836139]]], "btipPosition": [45.1101, 266.763, -11.9846], "carpPosition": [-22.3677, 210.255, 85.8002], "dipPosition": [36.8994, 263.406, 1.53731], "direction": [0.540418, 0.38721, -0.747005], "extended": true, "handId": 107, "id": 1073, "length": 55.7658, "mcpPosition": [2.64086, 233.378, 44.1775], "pipPosition": [23.9416, 254.122, 19.4485], "stabilizedTipPosition": [48.021, 262.952, -7.79921], "timeVisible": 4.75414, "tipPosition": [40.1135, 265.176, -10.4034], "tipVelocity": [-316.127, 42.1093, -105.115], "tool": false, "touchDistance": 0.238841, "touchZone": "hovering", "type": 3, "width": 15.751}, {"bases": [[[0.931838, 0.126216, -0.340217], [0.0807074, 0.84199, 0.533422], [0.353786, -0.524521, 0.774412]], [[0.933765, 0.123336, -0.335962], [0.131567, 0.754704, 0.642738], [0.332825, -0.644368, 0.68849]], [[0.933765, 0.123336, -0.335962], [0.0670787, 0.861789, 0.502811], [0.351544, -0.492044, 0.796436]], [[0.933765, 0.123336, -0.335962], [0.00205291, 0.936879, 0.349647], [0.35788, -0.327178, 0.874572]]], "btipPosition": [6.3251, 269.503, -6.7735], "carpPosition": [-32.7651, 210.457, 79.3833], "dipPosition": [0.985802, 264.622, 6.27446], "direction": [0.351544, 0.492044, -0.796436], "extended": true, "handId": 107, "id": 1074, "length": 43.7194, "mcpPosition": [-15.1516, 236.571, 40.8286], "pipPosition": [-4.96549, 256.292, 19.7574], "stabilizedTipPosition": [6.34205, 268.243, -3.51746], "timeVisible": 4.75414, "tipPosition": [3.05273, 265.485, -5.01787], "tipVelocity": [-347.686, 0.0772757, -73.9935], "tool": false, "touchDistance": -0.347069, "touchZone": "touching", "type": 4, "width": 13.9913}], "r": [[0.197931, 0.899777, -0.388877], [-0.929148, 0.298606, 0.21799], [0.312263, 0.318177, 0.895128]], "s": 1.23978, "t": [-167.917, 61.1165, 5.87684], "timestamp": 629917436389}, {"currentFrameRate": 55.3389, "devices": [], "gestures": [], "hands": [{"armBasis": [[0.660288, 0.608115, -0.440699], [-0.152726, 0.683273, 0.714012], [0.735319, -0.404148, 0.544032]], "armWidth": 55.2734, "confidence": 1, "direction": [0.557418, 0.533633, -0.636019], "elbow": [-211.071, 94.1995, 222.773], "grabAngle": 0.531555, "grabStrength": 0, "id": 107, "palmNormal": [-0.155167, -0.685614, -0.711236], "palmPosition": [2.07164, 215.605, 55.4665], "palmVelocity": [-151.429, 68.5838, -88.3232], "palmWidth": 78.1236, "pinchDistance": 53.0624, "pinchStrength": 0.0730652, "r": [[0.239557, 0.890397, -0.387047], [-0.913516, 0.341721, 0.220717], [0.328787, 0.300699, 0.895253]], "s": 1.24096, "sphereCenter": [29.1965, 219.724, 28.7928], "sphereRadius": 49.4399, "stabilizedPalmPosition": [7.92631, 211.163, 58.1101], "t": [165.578, 62.4674, 4.91372], "timeVisible": 4.77222, "type": "left", "wrist": [-40.6085, 187.889, 96.6548]}], "id": 39701, "interactionBox": {"center": [0, 200, 0], "size": [235.247, 235.247, 147.751]}, "pointables": [{"bases": [[[0.0806403, 0.916606, 0.391574], [-0.508244, -0.300132, 0.807223], [0.857429, -0.26411, 0.441657]], [[-0.329789, 0.93369, 0.139511], [-0.743925, -0.348005, 0.570497], [0.581218, 0.0843577, 0.809363]], [[-0.329789, 0.93369, 0.139511], [-0.820499, -0.35657, 0.44681], [0.466927, 0.0328841, 0.883684]], [[-0.329789, 0.93369, 0.139511], [-0.926181, -0.348613, 0.143731], [0.182835, -0.0818117, 0.979734]]], "btipPosition": [30.7456, 173.674, 7.62133], "carpPosition": [-11.6482, 176.603, 88.2349], "dipPosition": [27.0419, 172.017, 27.4677], "direction": [0.466927, -0.0328841, -0.883684], "extended": false, "handId": 107, "id": 1070, "length": 45.1091, "mcpPosition": [-11.6482, 176.603, 88.2349], "pipPosition": [13.2622, 172.987, 53.5464], "stabilizedTipPosition": [26.1878, 172.852, 12.3865], "timeVisible": 4.77222, "tipPosition": [24.3774, 177.164, 10.8434], "tipVelocity": [287.195, 37.8871, -41.6075], "tool": false, "touchDistance": 0.236827, "touchZone": "hovering", "type": 0, "width": 17.6444}, {"bases": [[[0.710433, 0.577714, -0.401911], [-0.255278, 0.743732, 0.617815], [0.655834, -0.336317, 0.675849]], [[0.650783, 0.604743, -0.459095], [-0.370085, 0.780618, 0.50366], [0.662962, -0.157869, 0.731819]], [[0.650783, 0.604743, -0.459095], [-0.685558, 0.727903, -0.0129719], [0.326332, 0.323178, 0.888292]], [[0.650783, 0.604743, -0.459095], [-0.758566, 0.543785, -0.358993], [0.0325506, 0.58188, 0.812623]]], "btipPosition": [63.8181, 208.193, -8.24643], "carpPosition": [-9.56994, 196.445, 92.259], "dipPosition": [63.3368, 216.798, 3.77095], "direction": [0.326332, -0.323178, -0.888292], "extended": true, "handId": 107, "id": 1071, "length": 50.9006, "mcpPosition": [31.8568, 217.688, 49.5679], "pipPosition": [56.5097, 223.559, 22.3546], "stabilizedTipPosition": [66.0482, 207.095, -4.7828], "timeVisible": 4.77222, "tipPosition": [67.8934, 218.935, -4.95558], "tipVelocity": [-146.158, 393.913, -104.594], "tool": false, "touchDistance": 0.276788, "touchZone": "hovering", "type": 1, "width": 16.8539}, {"bases": [[[0.825546, 0.391655, -0.4063], [-0.117035, 0.82313, 0.555661], [0.552065, -0.411173, 0.725369]], [[0.768906, 0.429218, -0.473873], [-0.0522373, 0.780861, 0.622517], [0.637225, -0.453903, 0.62283]], [[0.768906, 0.429218, -0.473873], [-0.200798, 0.865778, 0.458376], [0.607012, -0.257295, 0.751888]], [[0.768906, 0.429218, -0.473873], [-0.34108, 0.90226, 0.2638], [0.540785, -0.041209, 0.840151]]], "btipPosition": [67.0962, 254.314, -12.9905], "carpPosition": [-16.2951, 203.744, 88.6168], "dipPosition": [58.3002, 253.643, 0.674855], "direction": [0.607012, 0.257295, -0.751888], "extended": true, "handId": 107, "id": 1072, "length": 57.9972, "mcpPosition": [16.775, 228.374, 45.1654], "pipPosition": [43.3598, 247.311, 19.1811], "stabilizedTipPosition": [66.2834, 253.047, -9.46027], "timeVisible": 4.77222, "tipPosition": [63.5395, 258.061, -8.75564], "tipVelocity": [-353.791, 324.292, -116.409], "tool": false, "touchDistance": 0.277628, "touchZone": "hovering", "type": 2, "width": 16.5528}, {"bases": [[[0.904247, 0.263706, -0.335852], [-0.0400964, 0.835482, 0.548053], [0.425123, -0.482109, 0.766056]], [[0.865086, 0.303505, -0.399388], [0.0408736, 0.750894, 0.659156], [0.499955, -0.586551, 0.637183]], [[0.865086, 0.303505, -0.399388], [-0.066238, 0.858335, 0.508796], [0.497231, -0.413698, 0.762637]], [[0.865086, 0.303505, -0.399388], [-0.173566, 0.928118, 0.329351], [0.470639, -0.215597, 0.85558]]], "btipPosition": [37.2511, 270.799, -13.6932], "carpPosition": [-24.4808, 208.78, 84.2708], "dipPosition": [29.64, 267.312, 0.143136], "direction": [0.497231, 0.413698, -0.762637], "extended": true, "handId": 107, "id": 1073, "length": 55.7658, "mcpPosition": [-1.61669, 234.709, 43.0705], "pipPosition": [17.7177, 257.393, 18.4292], "stabilizedTipPosition": [37.5369, 268.851, -10.0698], "timeVisible": 4.77222, "tipPosition": [33.2245, 270.469, -10.899], "tipVelocity": [-427.03, 221.556, -90.496], "tool": false, "touchDistance": 0.256926, "touchZone": "hovering", "type": 3, "width": 15.751}, {"bases": [[[0.941485, 0.0644397, -0.330838], [0.138752, 0.82043, 0.554656], [0.307171, -0.568105, 0.763481]], [[0.949163, 0.049627, -0.310849], [0.176432, 0.733939, 0.655901], [0.260694, -0.6774, 0.687872]], [[0.949163, 0.049627, -0.310849], [0.11597, 0.86291, 0.491871], [0.292645, -0.502915, 0.813287]], [[0.949163, 0.049627, -0.310849], [0.0523782, 0.948829, 0.311415], [0.310397, -0.311865, 0.897994]]], "btipPosition": [-2.06161, 270.543, -8.29886], "carpPosition": [-34.918, 208.361, 77.9296], "dipPosition": [-6.6925, 265.89, 5.09854], "direction": [0.292645, 0.502915, -0.813287], "extended": true, "handId": 107, "id": 1074, "length": 43.7194, "mcpPosition": [-19.6252, 236.644, 39.919], "pipPosition": [-11.6467, 257.376, 18.8667], "stabilizedTipPosition": [-2.09854, 269.339, -5.03286], "timeVisible": 4.77222, "tipPosition": [-3.90019, 268.136, -5.3028], "tipVelocity": [-454.83, 60.4157, -79.9177], "tool": false, "touchDistance": -0.362371, "touchZone": "touching", "type": 4, "width": 13.9913}], "r": [[0.239557, 0.890397, -0.387047], [-0.913516, 0.341721, 0.220717], [0.328787, 0.300699, 0.895253]], "s": 1.24096, "t": [-165.578, 62.4674, 4.91372], "timestamp": 629917454470}, {"currentFrameRate": 55.3137, "devices": [], "gestures": [], "hands": [{"armBasis": [[0.677416, 0.548968, -0.489634], [-0.117727, 0.737954, 0.664503], [0.726118, -0.392502, 0.56453]], "armWidth": 55.2734, "confidence": 1, "direction": [0.511768, 0.579472, -0.634275], "elbow": [-209.828, 95.6684, 225.394], "grabAngle": 0.565601, "grabStrength": 0, "id": 107, "palmNormal": [-0.083933, -0.701027, -0.708178], "palmPosition": [-0.882384, 217.316, 53.2816], "palmVelocity": [-162.613, 94.1519, -120.274], "palmWidth": 78.1236, "pinchDistance": 56.9649, "pinchStrength": 0, "r": [[0.288091, 0.875799, -0.387272], [-0.891981, 0.392557, 0.224208], [0.348387, 0.280847, 0.894288]], "s": 1.24106, "sphereCenter": [16.3728, 218.088, 17.0246], "sphereRadius": 50.4209, "stabilizedPalmPosition": [5.98114, 212.522, 57.0438], "t": [162.932, 63.9981, 3.33971], "timeVisible": 4.79039, "type": "left", "wrist": [-41.4985, 186.659, 94.5237]}], "id": 39702, "interactionBox": {"center": [0, 200, 0], "size": [235.247, 235.247, 147.751]}, "pointables": [{"bases": [[[0.169121, 0.907352, 0.384852], [-0.525921, -0.247159, 0.81383], [0.83355, -0.340038, 0.435396]], [[-0.252316, 0.959111, 0.128226], [-0.734026, -0.276056, 0.620483], [0.63051, 0.0624365, 0.773666]], [[-0.252316, 0.959111, 0.128226], [-0.799594, -0.281288, 0.530591], [0.544964, 0.0313477, 0.837873]], [[-0.252316, 0.959111, 0.128226], [-0.905027, -0.280802, 0.319493], [0.342435, -0.0354351, 0.938873]]], "btipPosition": [38.7938, 174.509, 9.26994], "carpPosition": [-11.2485, 177.393, 86.1739], "dipPosition": [31.8572, 173.792, 28.2886], "direction": [0.544964, -0.0313477, -0.837873], "extended": false, "handId": 107, "id": 1070, "length": 45.1091, "mcpPosition": [-11.2485, 177.393, 86.1739], "pipPosition": [15.7745, 174.717, 53.0153], "stabilizedTipPosition": [35.1677, 174.069, 13.4123], "timeVisible": 4.79039, "tipPosition": [29.5643, 178.535, 10.7328], "tipVelocity": [402.108, 57.8805, 80.2729], "tool": false, "touchDistance": 0.282665, "touchZone": "hovering", "type": 0, "width": 17.6444}, {"bases": [[[0.756949, 0.507053, -0.41222], [-0.179138, 0.767657, 0.615314], [0.628441, -0.391918, 0.67191]], [[0.7072, 0.535269, -0.461905], [-0.272016, 0.809022, 0.521048], [0.652592, -0.24284, 0.717741]], [[0.7072, 0.535269, -0.4