<?xml version="1.0"?>
<opencv_storage>
<Frame>
  <ID>529814</ID>
  <Images>
    <nImages>2</nImages>
    <RigthImage>
      <Hands>
        <nHands>1</nHands>
        <Right>
          <Center type_id="opencv-matrix">
            <rows>1</rows>
            <cols>3</cols>
            <dt>f</dt>
            <data>
              8.35046291e+000 1.20830727e+002 -6.68422852e+001</data></Center>
          <Normal type_id="opencv-matrix">
            <rows>1</rows>
            <cols>3</cols>
            <dt>f</dt>
            <data>
              9.27828848e-001 3.57868552e-001 -1.05184153e-001</data></Normal>
          <Direction type_id="opencv-matrix">
            <rows>1</rows>
            <cols>3</cols>
            <dt>f</dt>
            <data>
              -1.67050257e-001 1.46533281e-001 -9.74998593e-001</data></Direction>
          <Velocity type_id="opencv-matrix">
            <rows>1</rows>
            <cols>3</cols>
            <dt>f</dt>
            <data>
              -2.11076370e+002 5.53471985e+001 1.41786289e+001</data></Velocity>
          <SphereCenter type_id="opencv-matrix">
            <rows>1</rows>
            <cols>3</cols>
            <dt>f</dt>
            <data>
              3.58754616e+001 1.43868301e+002 -7.97531052e+001</data></SphereCenter>
          <Confidence>2.3266623914241791e-001</Confidence>
          <PinchStrength>8.9051753282546997e-001</PinchStrength>
          <GrabStrength>1.8706443905830383e-001</GrabStrength>
          <SphereRadius>3.4450336456298828e+001</SphereRadius>
          <Fingers>
            <nFingers>5</nFingers>
            <Thumb>
              <Type>0</Type>
              <isExtended>0</isExtended>
              <TipPosition type_id="opencv-matrix">
                <rows>1</rows>
                <cols>3</cols>
                <dt>f</dt>
                <data>
                  4.24125824e+001 1.22045898e+002 -9.01680679e+001</data></TipPosition>
              <TipDirection type_id="opencv-matrix">
                <rows>1</rows>
                <cols>3</cols>
                <dt>f</dt>
                <data>
                  2.21699074e-001 5.42219400e-001 -8.10461402e-001</data></TipDirection>
              <TipVelocity type_id="opencv-matrix">
                <rows>1</rows>
                <cols>3</cols>
                <dt>f</dt>
                <data>
                  -2.50437241e+002 1.69316528e+002 -7.50323792e+001</data></TipVelocity>
              <TipLength>4.0102973937988281e+001</TipLength>
              <dipPosition type_id="opencv-matrix">
                <rows>1</rows>
                <cols>3</cols>
                <dt>f</dt>
                <data>
                  4.12638855e+001 1.09385834e+002 -8.53393555e+001</data></dipPosition>
              <pipPosition type_id="opencv-matrix">
                <rows>1</rows>
                <cols>3</cols>
                <dt>f</dt>
                <data>
                  3.54473457e+001 9.51600571e+001 -6.40759354e+001</data></pipPosition>
              <mcpPosition type_id="opencv-matrix">
                <rows>1</rows>
                <cols>3</cols>
                <dt>f</dt>
                <data>
                  2.57179165e+001 1.01319763e+002 -2.74316387e+001</data></mcpPosition></Thumb>
            <Index>
              <Type>1</Type>
              <isExtended>0</isExtended>
              <TipPosition type_id="opencv-matrix">
                <rows>1</rows>
                <cols>3</cols>
                <dt>f</dt>
                <data>
                  4.23626137e+001 1.16987724e+002 -6.85708771e+001</data></TipPosition>
              <TipDirection type_id="opencv-matrix">
                <rows>1</rows>
                <cols>3</cols>
                <dt>f</dt>
                <data>
                  3.07063192e-001 8.53504986e-002 9.47854161e-001</data></TipDirection>
              <TipVelocity type_id="opencv-matrix">
                <rows>1</rows>
                <cols>3</cols>
                <dt>f</dt>
                <data>
                  -2.05648666e+002 6.93688431e+001 -1.10517334e+002</data></TipVelocity>
              <TipLength>4.5251731872558594e+001</TipLength>
              <dipPosition type_id="opencv-matrix">
                <rows>1</rows>
                <cols>3</cols>
                <dt>f</dt>
                <data>
                  4.58202934e+001 1.18616844e+002 -7.86144180e+001</data></dipPosition>
              <pipPosition type_id="opencv-matrix">
                <rows>1</rows>
                <cols>3</cols>
                <dt>f</dt>
                <data>
                  4.01092720e+001 1.17029427e+002 -9.62434235e+001</data></pipPosition>
              <mcpPosition type_id="opencv-matrix">
                <rows>1</rows>
                <cols>3</cols>
                <dt>f</dt>
                <data>
                  1.00195313e+001 1.05288933e+002 -8.91955795e+001</data></mcpPosition></Index>
            <Middle>
              <Type>2</Type>
              <isExtended>0</isExtended>
              <TipPosition type_id="opencv-matrix">
                <rows>1</rows>
                <cols>3</cols>
                <dt>f</dt>
                <data>
                  4.32596931e+001 1.25088684e+002 -6.52025452e+001</data></TipPosition>
              <TipDirection type_id="opencv-matrix">
                <rows>1</rows>
                <cols>3</cols>
                <dt>f</dt>
                <data>
                  3.99603009e-001 -6.74136579e-002 9.14206147e-001</data></TipDirection>
              <TipVelocity type_id="opencv-matrix">
                <rows>1</rows>
                <cols>3</cols>
                <dt>f</dt>
                <data>
                  -2.01315430e+002 6.46927109e+001 -9.40235519e+001</data></TipVelocity>
              <TipLength>5.1560714721679688e+001</TipLength>
              <dipPosition type_id="opencv-matrix">
                <rows>1</rows>
                <cols>3</cols>
                <dt>f</dt>
                <data>
                  4.62139015e+001 1.27402939e+002 -7.58537521e+001</data></dipPosition>
              <pipPosition type_id="opencv-matrix">
                <rows>1</rows>
                <cols>3</cols>
                <dt>f</dt>
                <data>
                  3.74699898e+001 1.28878052e+002 -9.58579483e+001</data></pipPosition>
              <mcpPosition type_id="opencv-matrix">
                <rows>1</rows>
                <cols>3</cols>
                <dt>f</dt>
                <data>
                  2.81110764e+000 1.20335350e+002 -8.57867813e+001</data></mcpPosition></Middle>
            <Ring>
              <Type>3</Type>
              <isExtended>0</isExtended>
              <TipPosition type_id="opencv-matrix">
                <rows>1</rows>
                <cols>3</cols>
                <dt>f</dt>
                <data>
                  3.70108185e+001 1.33227112e+002 -5.87581558e+001</data></TipPosition>
              <TipDirection type_id="opencv-matrix">
                <rows>1</rows>
                <cols>3</cols>
                <dt>f</dt>
                <data>
                  4.42145735e-001 -2.47081518e-001 8.62240016e-001</data></TipDirection>
              <TipVelocity type_id="opencv-matrix">
                <rows>1</rows>
                <cols>3</cols>
                <dt>f</dt>
                <data>
                  -1.83452484e+002 5.53613396e+001 -6.59479828e+001</data></TipVelocity>
              <TipLength>4.9577003479003906e+001</TipLength>
              <dipPosition type_id="opencv-matrix">
                <rows>1</rows>
                <cols>3</cols>
                <dt>f</dt>
                <data>
                  3.95283585e+001 1.37191345e+002 -6.92515717e+001</data></dipPosition>
              <pipPosition type_id="opencv-matrix">
                <rows>1</rows>
                <cols>3</cols>
                <dt>f</dt>
                <data>
