{"frames":338,"data":[{"currentFrameRate":112.796,"devices":[],"gestures":[],"hands":[],"id":1173014,"interactionBox":{"center":[0,200,0],"size":[235.247,235.247,147.751]},"pointables":[],"r":[[0.394792,-0.9184,-0.0260946],[0.895675,0.378384,0.23365],[-0.20471,-0.115615,0.971971]],"s":6.58523,"t":[-276.786,-2809.23,2935.59],"timestamp":492086796872},{"currentFrameRate":112.905,"devices":[],"gestures":[],"hands":[],"id":1173015,"interactionBox":{"center":[0,200,0],"size":[235.247,235.247,147.751]},"pointables":[],"r":[[0.394792,-0.9184,-0.0260946],[0.895675,0.378384,0.23365],[-0.20471,-0.115615,0.971971]],"s":6.58523,"t":[-276.786,-2809.23,2935.59],"timestamp":492086805541},{"currentFrameRate":112.995,"devices":[],"gestures":[],"hands":[],"id":1173016,"interactionBox":{"center":[0,200,0],"size":[235.247,235.247,147.751]},"pointables":[],"r":[[0.394792,-0.9184,-0.0260946],[0.895675,0.378384,0.23365],[-0.20471,-0.115615,0.971971]],"s":6.58523,"t":[-276.786,-2809.23,2935.59],"timestamp":492086814234},{"currentFrameRate":113.107,"devices":[],"gestures":[],"hands":[],"id":1173017,"interactionBox":{"center":[0,200,0],"size":[235.247,235.247,147.751]},"pointables":[],"r":[[0.394792,-0.9184,-0.0260946],[0.895675,0.378384,0.23365],[-0.20471,-0.115615,0.971971]],"s":6.58523,"t":[-276.786,-2809.23,2935.59],"timestamp":492086822882},{"currentFrameRate":113.195,"devices":[],"gestures":[],"hands":[],"id":1173018,"interactionBox":{"center":[0,200,0],"size":[235.247,235.247,147.751]},"pointables":[],"r":[[0.394792,-0.9184,-0.0260946],[0.895675,0.378384,0.23365],[-0.20471,-0.115615,0.971971]],"s":6.58523,"t":[-276.786,-2809.23,2935.59],"timestamp":492086831564},{"currentFrameRate":113.29,"devices":[],"gestures":[],"hands":[],"id":1173019,"interactionBox":{"center":[0,200,0],"size":[235.247,235.247,147.751]},"pointables":[],"r":[[0.394792,-0.9184,-0.0260946],[0.895675,0.378384,0.23365],[-0.20471,-0.115615,0.971971]],"s":6.58523,"t":[-276.786,-2809.23,2935.59],"timestamp":492086840228},{"currentFrameRate":113.369,"devices":[],"gestures":[],"hands":[],"id":1173020,"interactionBox":{"center":[0,200,0],"size":[235.247,235.247,147.751]},"pointables":[],"r":[[0.394792,-0.9184,-0.0260946],[0.895675,0.378384,0.23365],[-0.20471,-0.115615,0.971971]],"s":6.58523,"t":[-276.786,-2809.23,2935.59],"timestamp":492086848912},{"currentFrameRate":113.45,"devices":[],"gestures":[],"hands":[],"id":1173021,"interactionBox":{"center":[0,200,0],"size":[235.247,235.247,147.751]},"pointables":[],"r":[[0.394792,-0.9184,-0.0260946],[0.895675,0.378384,0.23365],[-0.20471,-0.115615,0.971971]],"s":6.58523,"t":[-276.786,-2809.23,2935.59],"timestamp":492086857586},{"currentFrameRate":113.531,"devices":[],"gestures":[],"hands":[],"id":1173022,"interactionBox":{"center":[0,200,0],"size":[235.247,235.247,147.751]},"pointables":[],"r":[[0.394792,-0.9184,-0.0260946],[0.895675,0.378384,0.23365],[-0.20471,-0.115615,0.971971]],"s":6.58523,"t":[-276.786,-2809.23,2935.59],"timestamp":492086866254},{"currentFrameRate":113.619,"devices":[],"gestures":[],"hands":[],"id":1173023,"interactionBox":{"center":[0,200,0],"size":[235.247,235.247,147.751]},"pointables":[],"r":[[0.394792,-0.9184,-0.0260946],[0.895675,0.378384,0.23365],[-0.20471,-0.115615,0.971971]],"s":6.58523,"t":[-276.786,-2809.23,2935.59],"timestamp":492086874905},{"currentFrameRate":113.67,"devices":[],"gestures":[],"hands":[],"id":1173024,"interactionBox":{"center":[0,200,0],"size":[235.247,235.247,147.751]},"pointables":[],"r":[[0.394792,-0.9184,-0.0260946],[0.895675,0.378384,0.23365],[-0.20471,-0.115615,0.971971]],"s":6.58523,"t":[-276.786,-2809.23,2935.59],"timestamp":492086883615},{"currentFrameRate":113.748,"devices":[],"gestures":[],"hands":[],"id":1173025,"interactionBox":{"center":[0,200,0],"size":[235.247,235.247,147.751]},"pointables":[],"r":[[0.394792,-0.9184,-0.0260946],[0.895675,0.378384,0.23365],[-0.20471,-0.115615,0.971971]],"s":6.58523,"t":[-276.786,-2809.23,2935.59],"timestamp":492086892272},{"currentFrameRate":113.827,"devices":[],"gestures":[],"hands":[],"id":1173026,"interactionBox":{"center":[0,200,0],"size":[235.247,235.247,147.751]},"pointables":[],"r":[[0.394792,-0.9184,-0.0260946],[0.895675,0.378384,0.23365],[-0.20471,-0.115615,0.971971]],"s":6.58523,"t":[-276.786,-2809.23,2935.59],"timestamp":492086900921},{"currentFrameRate":113.838,"devices":[],"gestures":[],"hands":[],"id":1173027,"interactionBox":{"center":[0,200,0],"size":[235.247,235.247,147.751]},"pointables":[],"r":[[0.394792,-0.9184,-0.0260946],[0.895675,0.378384,0.23365],[-0.20471,-0.115615,0.971971]],"s":6.58523,"t":[-276.786,-2809.23,2935.59],"timestamp":492086909686},{"currentFrameRate":113.941,"devices":[],"gestures":[],"hands":[],"id":1173028,"interactionBox":{"center":[0,200,0],"size":[235.247,235.247,147.751]},"pointables":[],"r":[[0.394792,-0.9184,-0.0260946],[0.895675,0.378384,0.23365],[-0.20471,-0.115615,0.971971]],"s":6.58523,"t":[-276.786,-2809.23,2935.59],"timestamp":492086918285},{"currentFrameRate":113.958,"devices":[],"gestures":[],"hands":[],"id":1173029,"interactionBox":{"center":[0,200,0],"size":[235.247,235.247,147.751]},"pointables":[],"r":[[0.394792,-0.9184,-0.0260946],[0.895675,0.378384,0.23365],[-0.20471,-0.115615,0.971971]],"s":6.58523,"t":[-276.786,-2809.23,2935.59],"timestamp":492086927031},{"currentFrameRate":114.071,"devices":[],"gestures":[],"hands":[],"id":1173030,"interactionBox":{"center":[0,200,0],"size":[235.247,235.247,147.751]},"pointables":[],"r":[[0.394792,-0.9184,-0.0260946],[0.895675,0.378384,0.23365],[-0.20471,-0.115615,0.971971]],"s":6.58523,"t":[-276.786,-2809.23,2935.59],"timestamp":492086935605},{"currentFrameRate":114.117,"devices":[],"gestures":[],"hands":[],"id":1173031,"interactionBox":{"center":[0,200,0],"size":[235.247,235.247,147.751]},"pointables":[],"r":[[0.394792,-0.9184,-0.0260946],[0.895675,0.378384,0.23365],[-0.20471,-0.115615,0.971971]],"s":6.58523,"t":[-276.786,-2809.23,2935.59],"timestamp":492086944289},{"currentFrameRate":114.164,"devices":[],"gestures":[],"hands":[],"id":1173032,"interactionBox":{"center":[0,200,0],"size":[235.247,235.247,147.751]},"pointables":[],"r":[[0.394792,-0.9184,-0.0260946],[0.895675,0.378384,0.23365],[-0.20471,-0.115615,0.971971]],"s":6.58523,"t":[-276.786,-2809.23,2935.59],"timestamp":492086952968},{"currentFrameRate":114.169,"devices":[],"gestures":[],"hands":[],"id":1173033,"interactionBox":{"center":[0,200,0],"size":[235.247,235.247,147.751]},"pointables":[],"r":[[0.394792,-0.9184,-0.0260946],[0.895675,0.378384,0.23365],[-0.20471,-0.115615,0.971971]],"s":6.58523,"t":[-276.786,-2809.23,2935.59],"timestamp":492086961718},{"currentFrameRate":114.279,"devices":[],"gestures":[],"hands":[],"id":1173034,"interactionBox":{"center":[0,200,0],"size":[235.247,235.247,147.751]},"pointables":[],"r":[[0.394792,-0.9184,-0.0260946],[0.895675,0.378384,0.23365],[-0.20471,-0.115615,0.971971]],"s":6.58523,"t":[-276.786,-2809.23,2935.59],"timestamp":492086970279},{"currentFrameRate":114.327,"devices":[],"gestures":[],"hands":[],"id":1173035,"interactionBox":{"center":[0,200,0],"size":[235.247,235.247,147.751]},"pointables":[],"r":[[0.394792,-0.9184,-0.0260946],[0.895675,0.378384,0.23365],[-0.20471,-0.115615,0.971971]],"s":6.58523,"t":[-276.786,-2809.23,2935.59],"timestamp":492086978944},{"currentFrameRate":114.347,"devices":[],"gestures":[],"hands":[],"id":1173036,"interactionBox":{"center":[0,200,0],"size":[235.247,235.247,147.751]},"pointables":[],"r":[[0.394792,-0.9184,-0.0260946],[0.895675,0.378384,0.23365],[-0.20471,-0.115615,0.971971]],"s":6.58523,"t":[-276.786,-2809.23,2935.59],"timestamp":492086987655},{"currentFrameRate":114.376,"devices":[],"gestures":[],"hands":[],"id":1173037,"interactionBox":{"center":[0,200,0],"size":[235.247,235.247,147.751]},"pointables":[],"r":[[0.394792,-0.9184,-0.0260946],[0.895675,0.378384,0.23365],[-0.20471,-0.115615,0.971971]],"s":6.58523,"t":[-276.786,-2809.23,2935.59],"timestamp":492086996349},{"currentFrameRate":114.427,"devices":[],"gestures":[],"hands":[],"id":1173038,"interactionBox":{"center":[0,200,0],"size":[235.247,235.247,147.751]},"pointables":[],"r":[[0.394792,-0.9184,-0.0260946],[0.895675,0.378384,0.23365],[-0.20471,-0.115615,0.971971]],"s":6.58523,"t":[-276.786,-2809.23,2935.59],"timestamp":492087005001},{"currentFrameRate":114.466,"devices":[],"gestures":[],"hands":[],"id":1173039,"interactionBox":{"center":[0,200,0],"size":[235.247,235.247,147.751]},"pointables":[],"r":[[0.394792,-0.9184,-0.0260946],[0.895675,0.378384,0.23365],[-0.20471,-0.115615,0.971971]],"s":6.58523,"t":[-276.786,-2809.23,2935.59],"timestamp":492087013671},{"currentFrameRate":114.498,"devices":[],"gestures":[],"hands":[],"id":1173040,"interactionBox":{"center":[0,200,0],"size":[235.247,235.247,147.751]},"pointables":[],"r":[[0.394792,-0.9184,-0.0260946],[0.895675,0.378384,0.23365],[-0.20471,-0.115615,0.971971]],"s":6.58523,"t":[-276.786,-2809.23,2935.59],"timestamp":492087022349},{"currentFrameRate":114.511,"devices":[],"gestures":[],"hands":[],"id":1173041,"interactionBox":{"center":[0,200,0],"size":[235.247,235.247,147.751]},"pointables":[],"r":[[0.394792,-0.9184,-0.0260946],[0.895675,0.378384,0.23365],[-0.20471,-0.115615,0.971971]],"s":6.58523,"t":[-276.786,-2809.23,2935.59],"timestamp":492087031060},{"currentFrameRate":114.58,"devices":[],"gestures":[],"hands":[],"id":1173042,"interactionBox":{"center":[0,200,0],"size":[235.247,235.247,147.751]},"pointables":[],"r":[[0.394792,-0.9184,-0.0260946],[0.895675,0.378384,0.23365],[-0.20471,-0.115615,0.971971]],"s":6.58523,"t":[-276.786,-2809.23,2935.59],"timestamp":492087039669},{"currentFrameRate":114.577,"devices":[],"gestures":[],"hands":[],"id":1173043,"interactionBox":{"center":[0,200,0],"size":[235.247,235.247,147.751]},"pointables":[],"r":[[0.394792,-0.9184,-0.0260946],[0.895675,0.378384,0.23365],[-0.20471,-0.115615,0.971971]],"s":6.58523,"t":[-276.786,-2809.23,2935.59],"timestamp":492087048402},{"currentFrameRate":114.628,"devices":[],"gestures":[],"hands":[],"id":1173044,"interactionBox":{"center":[0,200,0],"size":[235.247,235.247,147.751]},"pointables":[],"r":[[0.394792,-0.9184,-0.0260946],[0.895675,0.378384,0.23365],[-0.20471,-0.115615,0.971971]],"s":6.58523,"t":[-276.786,-2809.23,2935.59],"timestamp":492087057039},{"currentFrameRate":114.649,"devices":[],"gestures":[],"hands":[],"id":1173045,"interactionBox":{"center":[0,200,0],"size":[235.247,235.247,147.751]},"pointables":[],"r":[[0.394792,-0.9184,-0.0260946],[0.895675,0.378384,0.23365],[-0.20471,-0.115615,0.971971]],"s":6.58523,"t":[-276.786,-2809.23,2935.59],"timestamp":492087065725},{"currentFrameRate":114.704,"devices":[],"gestures":[],"hands":[],"id":1173046,"interactionBox":{"center":[0,200,0],"size":[235.247,235.247,147.751]},"pointables":[],"r":[[0.394792,-0.9184,-0.0260946],[0.895675,0.378384,0.23365],[-0.20471,-0.115615,0.971971]],"s":6.58523,"t":[-276.786,-2809.23,2935.59],"timestamp":492087074350},{"currentFrameRate":114.708,"devices":[],"gestures":[],"hands":[],"id":1173047,"interactionBox":{"center":[0,200,0],"size":[235.247,235.247,147.751]},"pointables":[],"r":[[0.394792,-0.9184,-0.0260946],[0.895675,0.378384,0.23365],[-0.20471,-0.115615,0.971971]],"s":6.58523,"t":[-276.786,-2809.23,2935.59],"timestamp":492087083061},{"currentFrameRate":114.725,"devices":[],"gestures":[],"hands":[],"id":1173048,"interactionBox":{"center":[0,200,0],"size":[235.247,235.247,147.751]},"pointables":[],"r":[[0.394792,-0.9184,-0.0260946],[0.895675,0.378384,0.23365],[-0.20471,-0.115615,0.971971]],"s":6.58523,"t":[-276.786,-2809.23,2935.59],"timestamp":492087091749},{"currentFrameRate":114.75,"devices":[],"gestures":[],"hands":[],"id":1173049,"interactionBox":{"center":[0,200,0],"size":[235.247,235.247,147.751]},"pointables":[],"r":[[0.394792,-0.9184,-0.0260946],[0.895675,0.378384,0.23365],[-0.20471,-0.115615,0.971971]],"s":6.58523,"t":[-276.786,-2809.23,2935.59],"timestamp":492087100420},{"currentFrameRate":114.779,"devices":[],"gestures":[],"hands":[],"id":1173050,"interactionBox":{"center":[0,200,0],"size":[235.247,235.247,147.751]},"pointables":[],"r":[[0.394792,-0.9184,-0.0260946],[0.895675,0.378384,0.23365],[-0.20471,-0.115615,0.971971]],"s":6.58523,"t":[-276.786,-2809.23,2935.59],"timestamp":492087109083},{"currentFrameRate":114.814,"devices":[],"gestures":[],"hands":[],"id":1173051,"interactionBox":{"center":[0,200,0],"size":[235.247,235.247,147.751]},"pointables":[],"r":[[0.394792,-0.9184,-0.0260946],[0.895675,0.378384,0.23365],[-0.20471,-0.115615,0.971971]],"s":6.58523,"t":[-276.786,-2809.23,2935.59],"timestamp":492087117733},{"currentFrameRate":114.824,"devices":[],"gestures":[],"hands":[],"id":1173052,"interactionBox":{"center":[0,200,0],"size":[235.247,235.247,147.751]},"pointables":[],"r":[[0.394792,-0.9184,-0.0260946],[0.895675,0.378384,0.23365],[-0.20471,-0.115615,0.971971]],"s":6.58523,"t":[-276.786,-2809.23,2935.59],"timestamp":492087126425},{"currentFrameRate":114.848,"devices":[],"gestures":[],"hands":[],"id":1173053,"interactionBox":{"center":[0,200,0],"size":[235.247,235.247,147.751]},"pointables":[],"r":[[0.394792,-0.9184,-0.0260946],[0.895675,0.378384,0.23365],[-0.20471,-0.115615,0.971971]],"s":6.58523,"t":[-276.786,-2809.23,2935.59],"timestamp":492087135091},{"currentFrameRate":114.842,"devices":[],"gestures":[],"hands":[],"id":1173054,"interactionBox":{"center":[0,200,0],"size":[235.247,235.247,147.751]},"pointables":[],"r":[[0.394792,-0.9184,-0.0260946],[0.895675,0.378384,0.23365],[-0.20471,-0.115615,0.971971]],"s":6.58523,"t":[-276.786,-2809.23,2935.59],"timestamp":492087143809},{"currentFrameRate":114.899,"devices":[],"gestures":[],"hands":[],"id":1173055,"interactionBox":{"center":[0,200,0],"size":[235.247,235.247,147.751]},"pointables":[],"r":[[0.394792,-0.9184,-0.0260946],[0.895675,0.378384,0.23365],[-0.20471,-0.115615,0.971971]],"s":6.58523,"t":[-276.786,-2809.23,2935.59],"timestamp":492087152416},{"currentFrameRate":114.912,"devices":[],"gestures":[],"hands":[],"id":1173056,"interactionBox":{"center":[0,200,0],"size":[235.247,235.247,147.751]},"pointables":[],"r":[[0.394792,-0.9184,-0.0260946],[0.895675,0.378384,0.23365],[-0.20471,-0.115615,0.971971]],"s":6.58523,"t":[-276.786,-2809.23,2935.59],"timestamp":492087161096},{"currentFrameRate":114.947,"devices":[],"gestures":[],"hands":[],"id":1173057,"interactionBox":{"center":[0,200,0],"size":[235.247,235.247,147.751]},"pointables":[],"r":[[0.394792,-0.9184,-0.0260946],[0.895675,0.378384,0.23365],[-0.20471,-0.115615,0.971971]],"s":6.58523,"t":[-276.786,-2809.23,2935.59],"timestamp":492087169735},{"currentFrameRate":114.944,"devices":[],"gestures":[],"hands":[],"id":1173058,"interactionBox":{"center":[0,200,0],"size":[235.247,235.247,147.751]},"pointables":[],"r":[[0.394792,-0.9184,-0.0260946],[0.895675,0.378384,0.23365],[-0.20471,-0.115615,0.971971]],"s":6.58523,"t":[-276.786,-2809.23,2935.59],"timestamp":492087178440},{"currentFrameRate":114.987,"devices":[],"gestures":[],"hands":[],"id":1173059,"interactionBox":{"center":[0,200,0],"size":[235.247,235.247,147.751]},"pointables":[],"r":[[0.394792,-0.9184,-0.0260946],[0.895675,0.378384,0.23365],[-0.20471,-0.115615,0.971971]],"s":6.58523,"t":[-276.786,-2809.23,2935.59],"timestamp":492087187065},{"currentFrameRate":114.962,"devices":[],"gestures":[],"hands":[],"id":1173060,"interactionBox":{"center":[0,200,0],"size":[235.247,235.247,147.751]},"pointables":[],"r":[[0.394792,-0.9184,-0.0260946],[0.895675,0.378384,0.23365],[-0.20471,-0.115615,0.971971]],"s":6.58523,"t":[-276.786,-2809.23,2935.59],"timestamp":492087195805},{"currentFrameRate":114.995,"devices":[],"gestures":[],"hands":[],"id":1173061,"interactionBox":{"center":[0,200,0],"size":[235.247,235.247,147.751]},"pointables":[],"r":[[0.394792,-0.9184,-0.0260946],[0.895675,0.378384,0.23365],[-0.20471,-0.115615,0.971971]],"s":6.58523,"t":[-276.786,-2809.23,2935.59],"timestamp":492087204446},{"currentFrameRate":114.995,"devices":[],"gestures":[],"hands":[],"id":1173062,"interactionBox":{"center":[0,200,0],"size":[235.247,235.247,147.751]},"pointables":[],"r":[[0.394792,-0.9184,-0.0260946],[0.895675,0.378384,0.23365],[-0.20471,-0.115615,0.971971]],"s":6.58523,"t":[-276.786,-2809.23,2935.59],"timestamp":492087213142},{"currentFrameRate":115.014,"devices":[],"gestures":[],"hands":[],"id":1173063,"interactionBox":{"center":[0,200,0],"size":[235.247,235.247,147.751]},"pointables":[],"r":[[0.394792,-0.9184,-0.0260946],[0.895675,0.378384,0.23365],[-0.20471,-0.115615,0.971971]],"s":6.58523,"t":[-276.786,-2809.23,2935.59],"timestamp":492087221803},{"currentFrameRate":115.01,"devices":[],"gestures":[],"hands":[],"id":1173064,"interactionBox":{"center":[0,200,0],"size":[235.247,235.247,147.751]},"pointables":[],"r":[[0.394792,-0.9184,-0.0260946],[0.895675,0.378384,0.23365],[-0.20471,-0.115615,0.971971]],"s":6.58523,"t":[-276.786,-2809.23,2935.59],"timestamp":492087230505},{"currentFrameRate":115.06,"devices":[],"gestures":[],"hands":[],"id":1173065,"interactionBox":{"center":[0,200,0],"size":[235.247,235.247,147.751]},"pointables":[],"r":[[0.394792,-0.9184,-0.0260946],[0.895675,0.378384,0.23365],[-0.20471,-0.115615,0.971971]],"s":6.58523,"t":[-276.786,-2809.23,2935.59],"timestamp":492087239112},{"currentFrameRate":115.048,"devices":[],"gestures":[],"hands":[],"id":1173066,"interactionBox":{"center":[0,200,0],"size":[235.247,235.247,147.751]},"pointables":[],"r":[[0.394792,-0.9184,-0.0260946],[0.895675,0.378384,0.23365],[-0.20471,-0.115615,0.971971]],"s":6.58523,"t":[-276.786,-2809.23,2935.59],"timestamp":492087247824},{"currentFrameRate":115.07,"devices":[],"gestures":[],"hands":[],"id":1173067,"interactionBox":{"center":[0,200,0],"size":[235.247,235.247,147.751]},"pointables":[],"r":[[0.394792,-0.9184,-0.0260946],[0.895675,0.378384,0.23365],[-0.20471,-0.115615,0.971971]],"s":6.58523,"t":[-276.786,-2809.23,2935.59],"timestamp":492087256476},{"currentFrameRate":115.058,"devices":[],"gestures":[],"hands":[],"id":1173068,"interactionBox":{"center":[0,200,0],"size":[235.247,235.247,147.751]},"pointables":[],"r":[[0.394792,-0.9184,-0.0260946],[0.895675,0.378384,0.23365],[-0.20471,-0.115615,0.971971]],"s":6.58523,"t":[-276.786,-2809.23,2935.59],"timestamp":492087265189},{"currentFrameRate":115.093,"devices":[],"gestures":[],"hands":[],"id":1173069,"interactionBox":{"center":[0,200,0],"size":[235.247,235.247,147.751]},"pointables":[],"r":[[0.394792,-0.9184,-0.0260946],[0.895675,0.378384,0.23365],[-0.20471,-0.115615,0.971971]],"s":6.58523,"t":[-276.786,-2809.23,2935.59],"timestamp":492087273817},{"currentFrameRate":115.091,"devices":[],"gestures":[],"hands":[],"id":1173070,"interactionBox":{"center":[0,200,0],"size":[235.247,235.247,147.751]},"pointables":[],"r":[[0.394792,-0.9184,-0.0260946],[0.895675,0.378384,0.23365],[-0.20471,-0.115615,0.971971]],"s":6.58523,"t":[-276.786,-2809.23,2935.59],"timestamp":492087282510},{"currentFrameRate":115.118,"devices":[],"gestures":[],"hands":[],"id":1173071,"interactionBox":{"center":[0,200,0],"size":[235.247,235.247,147.751]},"pointables":[],"r":[[0.394792,-0.9184,-0.0260946],[0.895675,0.378384,0.23365],[-0.20471,-0.115615,0.971971]],"s":6.58523,"t":[-276.786,-2809.23,2935.59],"timestamp":492087291151},{"currentFrameRate":115.085,"devices":[],"gestures":[],"hands":[],"id":1173072,"interactionBox":{"center":[0,200,0],"size":[235.247,235.247,147.751]},"pointables":[],"r":[[0.394792,-0.9184,-0.0260946],[0.895675,0.378384,0.23365],[-0.20471,-0.115615,0.971971]],"s":6.58523,"t":[-276.786,-2809.23,2935.59],"timestamp":492087299896},{"currentFrameRate":115.131,"devices":[],"gestures":[],"hands":[],"id":1173073,"interactionBox":{"center":[0,200,0],"size":[235.247,235.247,147.751]},"pointables":[],"r":[[0.394792,-0.9184,-0.0260946],[0.895675,0.378384,0.23365],[-0.20471,-0.115615,0.971971]],"s":6.58523,"t":[-276.786,-2809.23,2935.59],"timestamp":492087308503},{"currentFrameRate":115.128,"devices":[],"gestures":[],"hands":[],"id":1173074,"interactionBox":{"center":[0,200,0],"size":[235.247,235.247,147.751]},"pointables":[],"r":[[0.394792,-0.9184,-0.0260946],[0.895675,0.378384,0.23365],[-0.20471,-0.115615,0.971971]],"s":6.58523,"t":[-276.786,-2809.23,2935.59],"timestamp":492087317195},{"currentFrameRate":115.11,"devices":[],"gestures":[],"hands":[],"id":1173075,"interactionBox":{"center":[0,200,0],"size":[235.247,235.247,147.751]},"pointables":[],"r":[[0.394792,-0.9184,-0.0260946],[0.895675,0.378384,0.23365],[-0.20471,-0.115615,0.971971]],"s":6.58523,"t":[-276.786,-2809.23,2935.59],"timestamp":492087325912},{"currentFrameRate":115.134,"devices":[],"gestures":[],"hands":[],"id":1173076,"interactionBox":{"center":[0,200,0],"size":[235.247,235.247,147.751]},"pointables":[],"r":[[0.394792,-0.9184,-0.0260946],[0.895675,0.378384,0.23365],[-0.20471,-0.115615,0.971971]],"s":6.58523,"t":[-276.786,-2809.23,2935.59],"timestamp":492087334558},{"currentFrameRate":115.095,"devices":[],"gestures":[],"hands":[],"id":1173077,"interactionBox":{"center":[0,200,0],"size":[235.247,235.247,147.751]},"pointables":[],"r":[[0.394792,-0.9184,-0.0260946],[0.895675,0.378384,0.23365],[-0.20471,-0.115615,0.971971]],"s":6.58523,"t":[-276.786,-2809.23,2935.59],"timestamp":492087343312},{"currentFrameRate":115.191,"devices":[],"gestures":[],"hands":[],"id":1173078,"interactionBox":{"center":[0,200,0],"size":[235.247,235.247,147.751]},"pointables":[],"r":[[0.394792,-0.9184,-0.0260946],[0.895675,0.378384,0.23365],[-0.20471,-0.115615,0.971971]],"s":6.58523,"t":[-276.786,-2809.23,2935.59],"timestamp":492087351830},{"currentFrameRate":115.164,"devices":[],"gestures":[],"hands":[],"id":1173079,"interactionBox":{"center":[0,200,0],"size":[235.247,235.247,147.751]},"pointables":[],"r":[[0.394792,-0.9184,-0.0260946],[0.895675,0.378384,0.23365],[-0.20471,-0.115615,0.971971]],"s":6.58523,"t":[-276.786,-2809.23,2935.59],"timestamp":492087360560},{"currentFrameRate":115.177,"devices":[],"gestures":[],"hands":[],"id":1173080,"interactionBox":{"center":[0,200,0],"size":[235.247,235.247,147.751]},"pointables":[],"r":[[0.394792,-0.9184,-0.0260946],[0.895675,0.378384,0.23365],[-0.20471,-0.115615,0.971971]],"s":6.58523,"t":[-276.786,-2809.23,2935.59],"timestamp":492087369220},{"currentFrameRate":115.193,"devices":[],"gestures":[],"hands":[],"id":1173081,"interactionBox":{"center":[0,200,0],"size":[235.247,235.247,147.751]},"pointables":[],"r":[[0.394792,-0.9184,-0.0260946],[0.895675,0.378384,0.23365],[-0.20471,-0.115615,0.971971]],"s":6.58523,"t":[-276.786,-2809.23,2935.59],"timestamp":492087377873},{"currentFrameRate":115.224,"devices":[],"gestures":[],"hands":[],"id":1173082,"interactionBox":{"center":[0,200,0],"size":[235.247,235.247,147.751]},"pointables":[],"r":[[0.394792,-0.9184,-0.0260946],[0.895675,0.378384,0.23365],[-0.20471,-0.115615,0.971971]],"s":6.58523,"t":[-276.786,-2809.23,2935.59],"timestamp":492087386499},{"currentFrameRate":115.215,"devices":[],"gestures":[],"hands":[],"id":1173083,"interactionBox":{"center":[0,200,0],"size":[235.247,235.247,147.751]},"pointables":[],"r":[[0.394792,-0.9184,-0.0260946],[0.895675,0.378384,0.23365],[-0.20471,-0.115615,0.971971]],"s":6.58523,"t":[-276.786,-2809.23,2935.59],"timestamp":492087395195},{"currentFrameRate":115.205,"devices":[],"gestures":[],"hands":[],"id":1173084,"interactionBox":{"center":[0,200,0],"size":[235.247,235.247,147.751]},"pointables":[],"r":[[0.394792,-0.9184,-0.0260946],[0.895675,0.378384,0.23365],[-0.20471,-0.115615,0.971971]],"s":6.58523,"t":[-276.786,-2809.23,2935.59],"timestamp":492087403892},{"currentFrameRate":115.194,"devices":[],"gestures":[],"hands":[],"id":1173085,"interactionBox":{"center":[0,200,0],"size":[235.247,235.247,147.751]},"pointables":[],"r":[[0.394792,-0.9184,-0.0260946],[0.895675,0.378384,0.23365],[-0.20471,-0.115615,0.971971]],"s":6.58523,"t":[-276.786,-2809.23,2935.59],"timestamp":492087412591},{"currentFrameRate":115.207,"devices":[],"gestures":[],"hands":[],"id":1173086,"interactionBox":{"center":[0,200,0],"size":[235.247,235.247,147.751]},"pointables":[],"r":[[0.394792,-0.9184,-0.0260946],[0.895675,0.378384,0.23365],[-0.20471,-0.115615,0.971971]],"s":6.58523,"t":[-276.786,-2809.23,2935.59],"timestamp":492087421249},{"currentFrameRate":115.022,"devices":[],"gestures":[],"hands":[],"id":1173087,"interactionBox":{"center":[0,200,0],"size":[235.247,235.247,147.751]},"pointables":[],"r":[[0.394792,-0.9184,-0.0260946],[0.895675,0.378384,0.23365],[-0.20471,-0.115615,0.971971]],"s":6.58523,"t":[-276.786,-2809.23,2935.59],"timestamp":492087430258},{"currentFrameRate":115.216,"devices":[],"gestures":[],"hands":[],"id":1173088,"interactionBox":{"center":[0,200,0],"size":[235.247,235.247,147.751]},"pointables":[],"r":[[0.394792,-0.9184,-0.0260946],[0.895675,0.378384,0.23365],[-0.20471,-0.115615,0.971971]],"s":6.58523,"t":[-276.786,-2809.23,2935.59],"timestamp":492087438607},{"currentFrameRate":115.198,"devices":[],"gestures":[],"hands":[],"id":1173089,"interactionBox":{"center":[0,200,0],"size":[235.247,235.247,147.751]},"pointables":[],"r":[[0.394792,-0.9184,-0.0260946],[0.895675,0.378384,0.23365],[-0.20471,-0.115615,0.971971]],"s":6.58523,"t":[-276.786,-2809.23,2935.59],"timestamp":492087447319},{"currentFrameRate":115.228,"devices":[],"gestures":[],"hands":[],"id":1173090,"interactionBox":{"center":[0,200,0],"size":[235.247,235.247,147.751]},"pointables":[],"r":[[0.394792,-0.9184,-0.0260946],[0.895675,0.378384,0.23365],[-0.20471,-0.115615,0.971971]],"s":6.58523,"t":[-276.786,-2809.23,2935.59],"timestamp":492087455946},{"currentFrameRate":115.214,"devices":[],"gestures":[],"hands":[],"id":1173091,"interactionBox":{"center":[0,200,0],"size":[235.247,235.247,147.751]},"pointables":[],"r":[[0.394792,-0.9184,-0.0260946],[0.895675,0.378384,0.23365],[-0.20471,-0.115615,0.971971]],"s":6.58523,"t":[-276.786,-2809.23,2935.59],"timestamp":492087464650},{"currentFrameRate":115.242,"devices":[],"gestures":[],"hands":[],"id":1173092,"interactionBox":{"center":[0,200,0],"size":[235.247,235.247,147.751]},"pointables":[],"r":[[0.394792,-0.9184,-0.0260946],[0.895675,0.378384,0.23365],[-0.20471,-0.115615,0.971971]],"s":6.58523,"t":[-276.786,-2809.23,2935.59],"timestamp":492087473279},{"currentFrameRate":115.228,"devices":[],"gestures":[],"hands":[],"id":1173093,"interactionBox":{"center":[0,200,0],"size":[235.247,235.247,147.751]},"pointables":[],"r":[[0.394792,-0.9184,-0.0260946],[0.895675,0.378384,0.23365],[-0.20471,-0.115615,0.971971]],"s":6.58523,"t":[-276.786,-2809.23,2935.59],"timestamp":492087481981},{"currentFrameRate":115.253,"devices":[],"gestures":[],"hands":[],"id":1173094,"interactionBox":{"center":[0,200,0],"size":[235.247,235.247,147.751]},"pointables":[],"r":[[0.394792,-0.9184,-0.0260946],[0.895675,0.378384,0.23365],[-0.20471,-0.115615,0.971971]],"s":6.58523,"t":[-276.786,-2809.23,2935.59],"timestamp":492087490616},{"currentFrameRate":115.239,"devices":[],"gestures":[],"hands":[],"id":1173095,"interactionBox":{"center":[0,200,0],"size":[235.247,235.247,147.751]},"pointables":[],"r":[[0.394792,-0.9184,-0.0260946],[0.895675,0.378384,0.23365],[-0.20471,-0.115615,0.971971]],"s":6.58523,"t":[-276.786,-2809.23,2935.59],"timestamp":492087499316},{"currentFrameRate":115.253,"devices":[],"gestures":[],"hands":[],"id":1173096,"interactionBox":{"center":[0,200,0],"size":[235.247,235.247,147.751]},"pointables":[],"r":[[0.394792,-0.9184,-0.0260946],[0.895675,0.378384,0.23365],[-0.20471,-0.115615,0.971971]],"s":6.58523,"t":[-276.786,-2809.23,2935.59],"timestamp":492087507970},{"currentFrameRate":115.258,"devices":[],"gestures":[],"hands":[],"id":1173097,"interactionBox":{"center":[0,200,0],"size":[235.247,235.247,147.751]},"pointables":[],"r":[[0.394792,-0.9184,-0.0260946],[0.895675,0.378384,0.23365],[-0.20471,-0.115615,0.971971]],"s":6.58523,"t":[-276.786,-2809.23,2935.59],"timestamp":492087516638},{"currentFrameRate":115.264,"devices":[],"gestures":[],"hands":[],"id":1173098,"interactionBox":{"center":[0,200,0],"size":[235.247,235.247,147.751]},"pointables":[],"r":[[0.394792,-0.9184,-0.0260946],[0.895675,0.378384,0.23365],[-0.20471,-0.115615,0.971971]],"s":6.58523,"t":[-276.786,-2809.23,2935.59],"timestamp":492087525303},{"currentFrameRate":115.261,"devices":[],"gestures":[],"hands":[],"id":1173099,"interactionBox":{"center":[0,200,0],"size":[235.247,235.247,147.751]},"pointables":[],"r":[[0.394792,-0.9184,-0.0260946],[0.895675,0.378384,0.23365],[-0.20471,-0.115615,0.971971]],"s":6.58523,"t":[-276.786,-2809.23,2935.59],"timestamp":492087533983},{"currentFrameRate":115.269,"devices":[],"gestures":[],"hands":[],"id":1173100,"interactionBox":{"center":[0,200,0],"size":[235.247,235.247,147.751]},"pointables":[],"r":[[0.394792,-0.9184,-0.0260946],[0.895675,0.378384,0.23365],[-0.20471,-0.115615,0.971971]],"s":6.58523,"t":[-276.786,-2809.23,2935.59],"timestamp":492087542645},{"currentFrameRate":115.257,"devices":[],"gestures":[],"hands":[],"id":1173101,"interactionBox":{"center":[0,200,0],"size":[235.247,235.247,147.751]},"pointables":[],"r":[[0.394792,-0.9184,-0.0260946],[0.895675,0.378384,0.23365],[-0.20471,-0.115615,0.971971]],"s":6.58523,"t":[-276.786,-2809.23,2935.59],"timestamp":492087551343},{"currentFrameRate":115.27,"devices":[],"gestures":[],"hands":[],"id":1173102,"interactionBox":{"center":[0,200,0],"size":[235.247,235.247,147.751]},"pointables":[],"r":[[0.394792,-0.9184,-0.0260946],[0.895675,0.378384,0.23365],[-0.20471,-0.115615,0.971971]],"s":6.58523,"t":[-276.786,-2809.23,2935.59],"timestamp":492087559995},{"currentFrameRate":115.264,"devices":[],"gestures":[],"hands":[],"id":1173103,"interactionBox":{"center":[0,200,0],"size":[235.247,235.247,147.751]},"pointables":[],"r":[[0.394792,-0.9184,-0.0260946],[0.895675,0.378384,0.23365],[-0.20471,-0.115615,0.971971]],"s":6.58523,"t":[-276.786,-2809.23,2935.59],"timestamp":492087568682},{"currentFrameRate":115.247,"devices":[],"gestures":[],"hands":[],"id":1173104,"interactionBox":{"center":[0,200,0],"size":[235.247,235.247,147.751]},"pointables":[],"r":[[0.394792,-0.9184,-0.0260946],[0.895675,0.378384,0.23365],[-0.20471,-0.115615,0.971971]],"s":6.58523,"t":[-276.786,-2809.23,2935.59],"timestamp":492087577388},{"currentFrameRate":115.262,"devices":[],"gestures":[],"hands":[],"id":1173105,"interactionBox":{"center":[0,200,0],"size":[235.247,235.247,147.751]},"pointables":[],"r":[[0.394792,-0.9184,-0.0260946],[0.895675,0.378384,0.23365],[-0.20471,-0.115615,0.971971]],"s":6.58523,"t":[-276.786,-2809.23,2935.59],"timestamp":492087586038},{"currentFrameRate":115.261,"devices":[],"gestures":[],"hands":[],"id":1173106,"interactionBox":{"center":[0,200,0],"size":[235.247,235.247,147.751]},"pointables":[],"r":[[0.394792,-0.9184,-0.0260946],[0.895675,0.378384,0.23365],[-0.20471,-0.115615,0.971971]],"s":6.58523,"t":[-276.786,-2809.23,2935.59],"timestamp":492087594715},{"currentFrameRate":115.139,"devices":[],"gestures":[],"hands":[],"id":1173107,"interactionBox":{"center":[0,200,0],"size":[235.247,235.247,147.751]},"pointables":[],"r":[[0.394792,-0.9184,-0.0260946],[0.895675,0.378384,0.23365],[-0.20471,-0.115615,0.971971]],"s":6.58523,"t":[-276.786,-2809.23,2935.59],"timestamp":492087603608},{"currentFrameRate":105.915,"devices":[],"gestures":[],"hands":[],"id":1173108,"interactionBox":{"center":[0,200,0],"size":[235.247,235.247,147.751]},"pointables":[],"r":[[0.394792,-0.9184,-0.0260946],[0.895675,0.378384,0.23365],[-0.20471,-0.115615,0.971971]],"s":6.58523,"t":[-276.786,-2809.23,2935.59],"timestamp":492087629374},{"currentFrameRate":106.315,"devices":[],"gestures":[],"hands":[],"id":1173109,"interactionBox":{"center":[0,200,0],"size":[235.247,235.247,147.751]},"pointables":[],"r":[[0.394792,-0.9184,-0.0260946],[0.895675,0.378384,0.23365],[-0.20471,-0.115615,0.971971]],"s":6.58523,"t":[-276.786,-2809.23,2935.59],"timestamp":492087638044},{"currentFrameRate":106.685,"devices":[],"gestures":[],"hands":[],"id":1173110,"interactionBox":{"center":[0,200,0],"size":[235.247,235.247,147.751]},"pointables":[],"r":[[0.394792,-0.9184,-0.0260946],[0.895675,0.378384,0.23365],[-0.20471,-0.115615,0.971971]],"s":6.58523,"t":[-276.786,-2809.23,2935.59],"timestamp":492087646740},{"currentFrameRate":107.059,"devices":[],"gestures":[],"hands":[],"id":1173111,"interactionBox":{"center":[0,200,0],"size":[235.247,235.247,147.751]},"pointables":[],"r":[[0.394792,-0.9184,-0.0260946],[0.895675,0.378384,0.23365],[-0.20471,-0.115615,0.971971]],"s":6.58523,"t":[-276.786,-2809.23,2935.59],"timestamp":492087655397},{"currentFrameRate":107.406,"devices":[],"gestures":[],"hands":[],"id":1173112,"interactionBox":{"center":[0,200,0],"size":[235.247,235.247,147.751]},"pointables":[],"r":[[0.394792,-0.9184,-0.0260946],[0.895675,0.378384,0.23365],[-0.20471,-0.115615,0.971971]],"s":6.58523,"t":[-276.786,-2809.23,2935.59],"timestamp":492087664075},{"currentFrameRate":107.747,"devices":[],"gestures":[],"hands":[],"id":1173113,"interactionBox":{"center":[0,200,0],"size":[235.247,235.247,147.751]},"pointables":[],"r":[[0.394792,-0.9184,-0.0260946],[0.895675,0.378384,0.23365],[-0.20471,-0.115615,0.971971]],"s":6.58523,"t":[-276.786,-2809.23,2935.59],"timestamp":492087672736},{"currentFrameRate":108.064,"devices":[],"gestures":[],"hands":[],"id":1173114,"interactionBox":{"center":[0,200,0],"size":[235.247,235.247,147.751]},"pointables":[],"r":[[0.394792,-0.9184,-0.0260946],[0.895675,0.378384,0.23365],[-0.20471,-0.115615,0.971971]],"s":6.58523,"t":[-276.786,-2809.23,2935.59],"timestamp":492087681415},{"currentFrameRate":108.386,"devices":[],"gestures":[],"hands":[],"id":1173115,"interactionBox":{"center":[0,200,0],"size":[235.247,235.247,147.751]},"pointables":[],"r":[[0.394792,-0.9184,-0.0260946],[0.895675,0.378384,0.23365],[-0.20471,-0.115615,0.971971]],"s":6.58523,"t":[-276.786,-2809.23,2935.59],"timestamp":492087690060},{"currentFrameRate":108.659,"devices":[],"gestures":[],"hands":[],"id":1173116,"interactionBox":{"center":[0,200,0],"size":[235.247,235.247,147.751]},"pointables":[],"r":[[0.394792,-0.9184,-0.0260946],[0.895675,0.378384,0.23365],[-0.20471,-0.115615,0.971971]],"s":6.58523,"t":[-276.786,-2809.23,2935.59],"timestamp":492087698773},{"currentFrameRate":108.933,"devices":[],"gestures":[],"hands":[],"id":1173117,"interactionBox":{"center":[0,200,0],"size":[235.247,235.247,147.751]},"pointables":[],"r":[[0.394792,-0.9184,-0.0260946],[0.895675,0.378384,0.23365],[-0.20471,-0.115615,0.971971]],"s":6.58523,"t":[-276.786,-2809.23,2935.59],"timestamp":492087707459},{"currentFrameRate":109.211,"devices":[],"gestures":[],"hands":[],"id":1173118,"interactionBox":{"center":[0,200,0],"size":[235.247,235.247,147.751]},"pointables":[],"r":[[0.394792,-0.9184,-0.0260946],[0.895675,0.378384,0.23365],[-0.20471,-0.115615,0.971971]],"s":6.58523,"t":[-276.786,-2809.23,2935.59],"timestamp":492087716118},{"currentFrameRate":109.48,"devices":[],"gestures":[],"hands":[],"id":1173119,"interactionBox":{"center":[0,200,0],"size":[235.247,235.247,147.751]},"pointables":[],"r":[[0.394792,-0.9184,-0.0260946],[0.895675,0.378384,0.23365],[-0.20471,-0.115615,0.971971]],"s":6.58523,"t":[-276.786,-2809.23,2935.59],"timestamp":492087724772},{"currentFrameRate":109.724,"devices":[],"gestures":[],"hands":[],"id":1173120,"interactionBox":{"center":[0,200,0],"size":[235.247,235.247,147.751]},"pointables":[],"r":[[0.394792,-0.9184,-0.0260946],[0.895675,0.378384,0.23365],[-0.20471,-0.115615,0.971971]],"s":6.58523,"t":[-276.786,-2809.23,2935.59],"timestamp":492087733451},{"currentFrameRate":109.919,"devices":[],"gestures":[],"hands":[],"id":1173121,"interactionBox":{"center":[0,200,0],"size":[235.247,235.247,147.751]},"pointables":[],"r":[[0.394792,-0.9184,-0.0260946],[0.895675,0.378384,0.23365],[-0.20471,-0.115615,0.971971]],"s":6.58523,"t":[-276.786,-2809.23,2935.59],"timestamp":492087742201},{"currentFrameRate":110.197,"devices":[],"gestures":[],"hands":[],"id":1173122,"interactionBox":{"center":[0,200,0],"size":[235.247,235.247,147.751]},"pointables":[],"r":[[0.394792,-0.9184,-0.0260946],[0.895675,0.378384,0.23365],[-0.20471,-0.115615,0.971971]],"s":6.58523,"t":[-276.786,-2809.23,2935.59],"timestamp":492087750782},{"currentFrameRate":110.35,"devices":[],"gestures":[],"hands":[],"id":1173123,"interactionBox":{"center":[0,200,0],"size":[235.247,235.247,147.751]},"pointables":[],"r":[[0.394792,-0.9184,-0.0260946],[0.895675,0.378384,0.23365],[-0.20471,-0.115615,0.971971]],"s":6.58523,"t":[-276.786,-2809.23,2935.59],"timestamp":492087759572},{"currentFrameRate":110.609,"devices":[],"gestures":[],"hands":[],"id":1173124,"interactionBox":{"center":[0,200,0],"size":[235.247,235.247,147.751]},"pointables":[],"r":[[0.394792,-0.9184,-0.0260946],[0.895675,0.378384,0.23365],[-0.20471,-0.115615,0.971971]],"s":6.58523,"t":[-276.786,-2809.23,2935.59],"timestamp":492087768155},{"currentFrameRate":110.804,"devices":[],"gestures":[],"hands":[],"id":1173125,"interactionBox":{"center":[0,200,0],"size":[235.247,235.247,147.751]},"pointables":[],"r":[[0.394792,-0.9184,-0.0260946],[0.895675,0.378384,0.23365],[-0.20471,-0.115615,0.971971]],"s":6.58523,"t":[-276.786,-2809.23,2935.59],"timestamp":492087776836},{"currentFrameRate":111.016,"devices":[],"gestures":[],"hands":[],"id":1173126,"interactionBox":{"center":[0,200,0],"size":[235.247,235.247,147.751]},"pointables":[],"r":[[0.394792,-0.9184,-0.0260946],[0.895675,0.378384,0.23365],[-0.20471,-0.115615,0.971971]],"s":6.58523,"t":[-276.786,-2809.23,2935.59],"timestamp":492087785470},{"currentFrameRate":111.2,"devices":[],"gestures":[],"hands":[],"id":1173127,"interactionBox":{"center":[0,200,0],"size":[235.247,235.247,147.751]},"pointables":[],"r":[[0.394792,-0.9184,-0.0260946],[0.895675,0.378384,0.23365],[-0.20471,-0.115615,0.971971]],"s":6.58523,"t":[-276.786,-2809.23,2935.59],"timestamp":492087794139},{"currentFrameRate":111.355,"devices":[],"gestures":[],"hands":[],"id":1173128,"interactionBox":{"center":[0,200,0],"size":[235.247,235.247,147.751]},"pointables":[],"r":[[0.394792,-0.9184,-0.0260946],[0.895675,0.378384,0.23365],[-0.20471,-0.115615,0.971971]],"s":6.58523,"t":[-276.786,-2809.23,2935.59],"timestamp":492087802846},{"currentFrameRate":111.52,"devices":[],"gestures":[],"hands":[],"id":1173129,"interactionBox":{"center":[0,200,0],"size":[235.247,235.247,147.751]},"pointables":[],"r":[[0.394792,-0.9184,-0.0260946],[0.895675,0.378384,0.23365],[-0.20471,-0.115615,0.971971]],"s":6.58523,"t":[-276.786,-2809.23,2935.59],"timestamp":492087811524},{"currentFrameRate":111.7,"devices":[],"gestures":[],"hands":[],"id":1173130,"interactionBox":{"center":[0,200,0],"size":[235.247,235.247,147.751]},"pointables":[],"r":[[0.394792,-0.9184,-0.0260946],[0.895675,0.378384,0.23365],[-0.20471,-0.115615,0.971971]],"s":6.58523,"t":[-276.786,-2809.23,2935.59],"timestamp":492087820161},{"currentFrameRate":111.831,"devices":[],"gestures":[],"hands":[],"id":1173131,"interactionBox":{"center":[0,200,0],"size":[235.247,235.247,147.751]},"pointables":[],"r":[[0.394792,-0.9184,-0.0260946],[0.895675,0.378384,0.23365],[-0.20471,-0.115615,0.971971]],"s":6.58523,"t":[-276.786,-2809.23,2935.59],"timestamp":492087828874},{"currentFrameRate":112.006,"devices":[],"gestures":[],"hands":[],"id":1173132,"interactionBox":{"center":[0,200,0],"size":[235.247,235.247,147.751]},"pointables":[],"r":[[0.394792,-0.9184,-0.0260946],[0.895675,0.378384,0.23365],[-0.20471,-0.115615,0.971971]],"s":6.58523,"t":[-276.786,-2809.23,2935.59],"timestamp":492087837496},{"currentFrameRate":112.118,"devices":[],"gestures":[],"hands":[],"id":1173133,"interactionBox":{"center":[0,200,0],"size":[235.247,235.247,147.751]},"pointables":[],"r":[[0.394792,-0.9184,-0.0260946],[0.895675,0.378384,0.23365],[-0.20471,-0.115615,0.971971]],"s":6.58523,"t":[-276.786,-2809.23,2935.59],"timestamp":492087846220},{"currentFrameRate":112.276,"devices":[],"gestures":[],"hands":[],"id":1173134,"interactionBox":{"center":[0,200,0],"size":[235.247,235.247,147.751]},"pointables":[],"r":[[0.394792,-0.9184,-0.0260946],[0.895675,0.378384,0.23365],[-0.20471,-0.115615,0.971971]],"s":6.58523,"t":[-276.786,-2809.23,2935.59],"timestamp":492087854851},{"currentFrameRate":112.382,"devices":[],"gestures":[],"hands":[{