<?xml version="1.0"?>
<opencv_storage>
<Frame>
  <ID>79539</ID>
  <Images>
    <nImages>2</nImages>
    <RigthImage>
      <Hands>
        <nHands>1</nHands>
        <Right>
          <Center type_id="opencv-matrix">
            <rows>1</rows>
            <cols>3</cols>
            <dt>f</dt>
            <data>
              -5.97751236e+001 1.29223663e+002 1.01075487e+001</data></Center>
          <Normal type_id="opencv-matrix">
            <rows>1</rows>
            <cols>3</cols>
            <dt>f</dt>
            <data>
              -8.47813413e-002 9.93102491e-001 -8.09913650e-002</data></Normal>
          <Direction type_id="opencv-matrix">
            <rows>1</rows>
            <cols>3</cols>
            <dt>f</dt>
            <data>
              -9.00130987e-001 -1.11193940e-001 -4.21188921e-001</data></Direction>
          <Velocity type_id="opencv-matrix">
            <rows>1</rows>
            <cols>3</cols>
            <dt>f</dt>
            <data>
              -1.02759361e+002 -3.99344673e+001 2.04179249e+001</data></Velocity>
          <SphereCenter type_id="opencv-matrix">
            <rows>1</rows>
            <cols>3</cols>
            <dt>f</dt>
            <data>
              -8.02412415e+001 1.70545944e+002 1.03172331e+001</data></SphereCenter>
          <Confidence>2.2738559544086456e-001</Confidence>
          <PinchStrength>5.6154263019561768e-001</PinchStrength>
          <GrabStrength>5.3656357526779175e-001</GrabStrength>
          <SphereRadius>4.1903469085693359e+001</SphereRadius>
          <Fingers>
            <nFingers>5</nFingers>
            <Thumb>
              <Type>0</Type>
              <isExtended>1</isExtended>
              <TipPosition type_id="opencv-matrix">
                <rows>1</rows>
                <cols>3</cols>
                <dt>f</dt>
                <data>
                  -7.13116531e+001 1.59800156e+002 -4.43948250e+001</data></TipPosition>
              <TipDirection type_id="opencv-matrix">
                <rows>1</rows>
                <cols>3</cols>
                <dt>f</dt>
                <data>
                  -7.22647548e-001 2.24081621e-001 -6.53886795e-001</data></TipDirection>
              <TipVelocity type_id="opencv-matrix">
                <rows>1</rows>
                <cols>3</cols>
                <dt>f</dt>
                <data>
                  -1.60586639e+002 -2.03383026e+001 -1.95367165e+001</data></TipVelocity>
              <TipLength>4.6327159881591797e+001</TipLength>
              <dipPosition type_id="opencv-matrix">
                <rows>1</rows>
                <cols>3</cols>
                <dt>f</dt>
                <data>
                  -5.76726151e+001 1.54868011e+002 -3.76833954e+001</data></dipPosition>
              <pipPosition type_id="opencv-matrix">
                <rows>1</rows>
                <cols>3</cols>
                <dt>f</dt>
                <data>
                  -3.57704811e+001 1.48076492e+002 -1.78652763e+001</data></pipPosition>
              <mcpPosition type_id="opencv-matrix">
                <rows>1</rows>
                <cols>3</cols>
                <dt>f</dt>
                <data>
                  -6.38496828e+000 1.39929306e+002 1.43689537e+001</data></mcpPosition></Thumb>
            <Index>
              <Type>1</Type>
              <isExtended>0</isExtended>
              <TipPosition type_id="opencv-matrix">
                <rows>1</rows>
                <cols>3</cols>
                <dt>f</dt>
                <data>
                  -1.04527786e+002 1.74491257e+002 -3.75951309e+001</data></TipPosition>
              <TipDirection type_id="opencv-matrix">
                <rows>1</rows>
                <cols>3</cols>
                <dt>f</dt>
                <data>
                  -2.65164673e-001 9.52250183e-001 -1.51351616e-001</data></TipDirection>
              <TipVelocity type_id="opencv-matrix">
                <rows>1</rows>
                <cols>3</cols>
                <dt>f</dt>
                <data>
                  -1.44587738e+002 -5.17128067e+001 1.34226334e+002</data></TipVelocity>
              <TipLength>5.2275032043457031e+001</TipLength>
              <dipPosition type_id="opencv-matrix">
                <rows>1</rows>
                <cols>3</cols>
                <dt>f</dt>
                <data>
                  -1.04809616e+002 1.64073517e+002 -3.77240868e+001</data></dipPosition>
              <pipPosition type_id="opencv-matrix">
                <rows>1</rows>
                <cols>3</cols>
                <dt>f</dt>
                <data>
                  -9.91124191e+001 1.43613953e+002 -3.44722214e+001</data></pipPosition>
              <mcpPosition type_id="opencv-matrix">
                <rows>1</rows>
                <cols>3</cols>
                <dt>f</dt>
                <data>
                  -7.01077118e+001 1.24017914e+002 -1.92013035e+001</data></mcpPosition></Index>
            <Middle>
              <Type>2</Type>
              <isExtended>0</isExtended>
              <TipPosition type_id="opencv-matrix">
                <rows>1</rows>
                <cols>3</cols>
                <dt>f</dt>
                <data>
                  -5.25761871e+001 1.76649216e+002 1.19957173e+000</data></TipPosition>
              <TipDirection type_id="opencv-matrix">
                <rows>1</rows>
                <cols>3</cols>
                <dt>f</dt>
                <data>
                  8.00010383e-001 5.00678837e-001 3.30611646e-001</data></TipDirection>
              <TipVelocity type_id="opencv-matrix">
                <rows>1</rows>
                <cols>3</cols>
                <dt>f</dt>
                <data>
                  -2.49764908e+002 5.89064217e+000 8.40265732e+001</data></TipVelocity>
              <TipLength>5.9563205718994141e+001</TipLength>
              <dipPosition type_id="opencv-matrix">
                <rows>1</rows>
                <cols>3</cols>
                <dt>f</dt>
                <data>
                  -6.31457214e+001 1.76459549e+002 -4.53973532e+000</data></dipPosition>
              <pipPosition type_id="opencv-matrix">
                <rows>1</rows>
                <cols>3</cols>
                <dt>f</dt>
                <data>
                  -8.33680801e+001 1.63803574e+002 -1.28968096e+001</data></pipPosition>
              <mcpPosition type_id="opencv-matrix">
                <rows>1</rows>
                <cols>3</cols>
                <dt>f</dt>
                <data>
                  -7.83989563e+001 1.22828285e+002 -1.40207636e+000</data></mcpPosition></Middle>
            <Ring>
              <Type>3</Type>
              <isExtended>0</isExtended>
              <TipPosition type_id="opencv-matrix">
                <rows>1</rows>
                <cols>3</cols>
                <dt>f</dt>
                <data>
                  -5.02414665e+001 1.71267899e+002 1.62456226e+001</data></TipPosition>
              <TipDirection type_id="opencv-matrix">
                <rows>1</rows>
                <cols>3</cols>
                <dt>f</dt>
                <data>
                  8.94245744e-001 4.04945463e-001 1.90640211e-001</data></TipDirection>
              <TipVelocity type_id="opencv-matrix">
                <rows>1</rows>
                <cols>3</cols>
                <dt>f</dt>
                <data>
                  -2.37506210e+002 -5.89444065e+000 7.28535919e+001</data></TipVelocity>
              <TipLength>5.7271610260009766e+001</TipLength>
              <dipPosition type_id="opencv-matrix">
                <rows>1</rows>
                <cols>3</cols>
                <dt>f</dt>
                <data>
                  -6.20459061e+001 1.72175201e+002 1.20381422e+001</data></dipPosition>
