{"frames":94,"data":[{"currentFrameRate":114.279,"devices":[],"gestures":[],"hands":[{"armBasis":[[0.515467,-0.7693,-0.377452],[0.00415989,-0.438229,0.898854],[-0.856899,-0.4649,-0.222693]],"armWidth":50.7325,"confidence":1,"direction":[-0.0207304,0.319699,-0.947292],"elbow":[-116.772,80.8651,94.2866],"grabAngle":0.233166,"grabStrength":0,"id":19,"palmNormal":[-0.127267,-0.940632,-0.314666],"palmPosition":[79.8269,207.857,91.3923],"palmVelocity":[-0.46748,-1.33351,-1.88073],"palmWidth":75.9743,"pinchDistance":50.2531,"pinchStrength":0,"r":[[0.800966,-0.244071,0.546701],[0.33225,0.940826,-0.0667506],[-0.498059,0.235106,0.834663]],"s":1.03155,"sphereCenter":[59.1449,23.3848,32.2803],"sphereRadius":196.793,"stabilizedPalmPosition":[78.6203,209.43,92.2316],"t":[79.0844,89.0361,-9.33423],"timeVisible":13.8406,"type":"right","wrist":[76.4141,185.676,144.492]},{"armBasis":[[-0.33231,-0.350821,-0.875497],[-0.731142,0.682213,0.00414806],[-0.59582,-0.641491,0.483206]],"armWidth":50.7325,"confidence":1,"direction":[0.64827,0.75809,0.0710318],"elbow":[-301.624,-73.8002,200.484],"grabAngle":1.37495,"grabStrength":0.112698,"id":22,"palmNormal":[0.760058,-0.649854,-0.00105952],"palmPosition":[-123.912,115.478,97.2167],"palmVelocity":[-0.613427,0.138239,-0.904806],"palmWidth":75.9743,"pinchDistance":59.7369,"pinchStrength":0,"r":[[0.917573,-0.187261,-0.350703],[0.335055,0.83907,0.428603],[0.214004,-0.510779,0.832651]],"s":1.2125,"sphereCenter":[-71.0646,92.406,85.5805],"sphereRadius":57.7004,"stabilizedPalmPosition":[-127.283,117.962,94.8474],"t":[21.1116,-73.1918,28.0704],"timeVisible":10.0249,"type":"left","wrist":[-167.297,70.8228,91.5459]}],"id":13527,"interactionBox":{"center":[0,200,0],"size":[235.247,235.247,147.751]},"pointables":[{"bases":[[[0.508824,0.857822,0.0723792],[-0.733069,0.387672,0.558856],[0.451339,-0.337418,0.8261]],[[0.442191,0.895961,-0.041482],[-0.698219,0.372891,0.611099],[0.562989,-0.241259,0.790466]],[[0.442191,0.895961,-0.041482],[-0.888286,0.443868,0.118026],[0.124159,-0.0153421,0.992144]],[[0.442191,0.895961,-0.041482],[-0.872275,0.418813,-0.252454],[-0.208815,0.147816,0.966719]]],"btipPosition":[39.9038,197.098,57.3674],"carpPosition":[62.8387,189.427,136.159],"dipPosition":[35.9351,199.908,75.7407],"direction":[-0.124159,0.0153421,-0.992144],"extended":false,"handId":19,"id":190,"length":42.3232,"mcpPosition":[62.8387,189.427,136.159],"pipPosition":[39.3729,199.483,103.212],"stabilizedTipPosition":[36.9399,199.965,61.9169],"timeVisible":13.8406,"tipPosition":[38.294,200.263,61.3268],"tipVelocity":[0.200011,0.854613,-4.42871],"tool":false,"touchDistance":0.303911,"touchZone":"hovering","type":0,"width":15.7776},{"bases":[[[-0.535066,0.751176,-0.386572],[-0.629409,-0.0492339,0.775513],[-0.563515,-0.658263,-0.49914]],[[-0.224362,0.967002,-0.120702],[-0.481962,-0.00245708,0.876189],[-0.84698,-0.254758,-0.466609]],[[-0.224362,0.967002,-0.120702],[-0.344608,0.0371284,0.938012],[-0.911541,-0.252049,-0.324906]],[[-0.224362,0.967002,-0.120702],[-0.21427,0.0718769,0.974126],[-0.950658,-0.24442,-0.191073]]],"btipPosition":[-73.0626,96.9027,143.277],"carpPosition":[-151.673,74.6598,111.2],"dipPosition":[-91.1307,92.2573,139.645],"direction":[0.911541,0.252049,0.324906],"extended":true,"handId":22,"id":220,"length":42.3232,"mcpPosition":[-151.673,74.6598,111.2],"pipPosition":[-116.37,85.2783,130.649],"stabilizedTipPosition":[-79.1452,102.276,139.35],"timeVisible":10.0249,"tipPosition":[-77.512,98.3307,143.432],"tipVelocity":[-6.81496,1.8858,4.03722],"tool":false,"touchDistance":1,"touchZone":"none","type":0,"width":15.7776},{"bases":[[[0.153559,0.181184,-0.971387],[-0.657979,0.752162,0.0362788],[-0.737213,-0.633581,-0.234716]],[[0.104538,0.138946,-0.984767],[-0.554635,0.830053,0.0582394],[-0.825501,-0.540098,-0.163837]],[[0.104538,0.138946,-0.984767],[-0.122988,0.984398,0.125838],[-0.986887,-0.107959,-0.119996]],[[0.104538,0.138946,-0.984767],[0.231689,0.959545,0.159983],[-0.967157,0.244884,-0.0681167]]],"btipPosition":[-51.1059,148.897,128.57],"carpPosition":[-157.984,92.4124,105.135],"dipPosition":[-64.5253,152.295,127.625],"direction":[0.986887,0.107959,0.119996],"extended":true,"handId":22,"id":221,"length":47.757,"mcpPosition":[-112.698,131.333,119.553],"pipPosition":[-83.8964,150.176,125.269],"stabilizedTipPosition":[-56.0656,152.491,127.445],"timeVisible":10.0249,"tipPosition":[-53.3898,148.463,127.646],"tipVelocity":[-5.38126,17.1745,6.27179],"tool":false,"touchDistance":0.972543,"touchZone":"none","type":1,"width":15.0707},{"bases":[[[0.162451,-0.036979,-0.986023],[-0.638571,0.757872,-0.13363],[-0.752221,-0.651355,-0.0995037]],[[0.191321,-0.011849,-0.981456],[-0.404573,0.910081,-0.089853],[-0.894269,-0.414262,-0.169323]],[[0.191321,-0.011849,-0.981456],[0.270278,0.961906,0.0410738],[-0.943582,0.273124,-0.187235]],[[0.191321,-0.011849,-0.981456],[0.671383,0.730991,0.122051],[-0.71599,0.682284,-0.147809]]],"btipPosition":[-45.4532,133.076,114.426],"carpPosition":[-156.994,95.636,95.4219],"dipPosition":[-56.3798,143.489,112.17],"direction":[0.943582,-0.273124,0.187235],"extended":false,"handId":22,"id":222,"length":54.4152,"mcpPosition":[-113.174,133.58,101.218],"pipPosition":[-78.1698,149.796,107.846],"stabilizedTipPosition":[-51.6529,136.795,110.821],"timeVisible":10.0249,"tipPosition":[-48.2117,131.651,113.426],"tipVelocity":[-0.221497,5.84741,6.12229],"tool":false,"touchDistance":0.731783,"touchZone":"none","type":2,"width":14.8015},{"bases":[[[0.0976582,-0.189454,-0.977021],[-0.648987,0.732143,-0.206839],[-0.754506,-0.654273,0.0514532]],[[0.145107,-0.147761,-0.97832],[-0.33837,0.921754,-0.189406],[-0.929758,-0.358519,-0.0837553]],[[0.145107,-0.147761,-0.97832],[0.327845,0.940107,-0.0933626],[-0.933521,0.30719,-0.184859]],[[0.145107,-0.147761,-0.97832],[0.696987,0.717067,-0.00492339],[-0.702248,0.681162,-0.207039]]],"btipPosition":[-50.4469,126.257,92.9724],"carpPosition":[-155.301,96.2744,85.3245],"dipPosition":[-61.1022,136.592,89.831],"direction":[0.933521,-0.30719,0.184859],"extended":false,"handId":22,"id":223,"length":52.3217,"mcpPosition":[-115.838,130.495,82.6333],"pipPosition":[-82.1031,143.503,85.6723],"stabilizedTipPosition":[-56.2089,132.982,89.4834],"timeVisible":10.0249,"tipPosition":[-52.3244,125.651,92.3968],"tipVelocity":[1.86435,2.21458,5.54413],"tool":false,"touchDistance":0.370831,"touchZone":"none","type":3,"width":14.0845},{"bases":[[[0.115556,-0.382255,-0.916803],[-0.689989,0.633064,-0.35092],[-0.714536,-0.673135,0.190597]],[[0.132385,-0.366264,-0.921045],[-0.255405,0.885241,-0.388736],[-0.957728,-0.286703,-0.0236473]],[[0.132385,-0.366264,-0.921045],[0.407926,0.867016,-0.286146],[-0.903366,0.337837,-0.264189]],[[0.132385,-0.366264,-0.921045],[0.720023,0.674149,-0.164591],[-0.681205,0.641385,-0.352966]]],"btipPosition":[-65.3939,117.759,75.8693],"carpPosition":[-151.374,91.2803,75.2813],"dipPosition":[-74.9293,126.737,70.9286],"direction":[0.903366,-0.337837,0.264189],"extended":false,"handId":22,"id":224,"length":41.0192,"mcpPosition":[-116.779,123.871,66.0533],"pipPosition":[-89.2779,132.104,66.7323],"stabilizedTipPosition":[-70.6231,124.781,72.8685],"timeVisible":10.0249,"tipPosition":[-67.1642,118.627,75.4498],"tipVelocity":[3.78004,0.954437,3.00233],"tool":false,"touchDistance":0.333333,"touchZone":"none","type":4,"width":12.511},{"bases":[[[0.974093,-0.0587393,-0.218385],[0.0981291,0.979816,0.174157],[0.203747,-0.191075,0.960197]],[[0.987552,-0.117492,0.10458],[0.109579,0.990877,0.0784596],[-0.112844,-0.0660232,0.991417]],[[0.987552,-0.117492,0.10458],[0.117666,0.993043,0.00452813],[-0.104384,0.00783374,0.994506]],[[0.987552,-0.117492,0.10458],[0.125565,0.989302,-0.0742631],[-0.0947358,0.0864702,0.99174]]],"btipPosition":[66.1939,219.561,5.57145],"carpPosition":[71.4094,206.873,132.426],"dipPosition":[64.8795,220.761,19.3319],"direction":[0.104384,-0.00783374,-0.994506],"extended":true,"handId":19,"id":191,"length":47.757,"mcpPosition":[58.8935,218.611,73.4424],"pipPosition":[62.8305,220.914,38.8526],"stabilizedTipPosition":[63.4184,219.794,9.19474],"timeVisible":13.8406,"tipPosition":[65.2332,215.81,8.11902],"tipVelocity":[0.52515,0.236613,-1.4723],"tool":false,"touchDistance":0.29398,"touchZone":"hovering","type":1,"width":15.0707},{"bases":[[[0.961568,-0.250183,-0.113119],[0.265848,0.951347,0.155768],[0.0686451,-0.179854,0.981295]],[[0.963727,-0.266223,-0.0188353],[0.266889,0.96138,0.0672194],[0.000212483,-0.0698081,0.99756]],[[0.963727,-0.266223,-0.0188353],[0.266045,0.963892,-0.0114801],[0.0212115,0.00605263,0.999757]],[[0.963727,-0.266223,-0.0188353],[0.264666,0.962407,-0.0610386],[0.0343771,0.0538395,0.997958]]],"btipPosition":[76.3346,220.011,-4.54911],"carpPosition":[81.3563,207.763,129.98],"dipPosition":[76.8592,220.833,10.6805],"direction":[-0.0212115,-0.00605263,-0.999757],"extended":true,"handId":19,"id":192,"length":54.4152,"mcpPosition":[77.3574,218.24,72.8153],"pipPosition":[77.3491,220.972,33.7678],"stabilizedTipPosition":[74.1435,220.119,-0.4738],"timeVisible":13.8406,"tipPosition":[75.3998,216.923,-1.84522],"tipVelocity":[0.422165,1.08847,-0.869588],"tool":false,"touchDistance":0.294541,"touchZone":"hovering","type":2,"width":14.8015},{"bases":[[[0.938394,-0.344923,0.0211012],[0.335921,0.924823,0.17849],[-0.0810801,-0.160406,0.983715]],[[0.941711,-0.326081,-0.0827707],[0.333735,0.936508,0.107583],[0.0424348,-0.128935,0.990745]],[[0.941711,-0.326081,-0.0827707],[0.328895,0.944096,0.0226232],[0.0707665,-0.0485274,0.996312]],[[0.941711,-0.326081,-0.0827707],[0.324635,0.94534,-0.0307359],[0.0882688,0.00207407,0.996095]]],"btipPosition":[91.0943,220.175,3.34411],"carpPosition":[91.3246,206.047,128.271],"dipPosition":[92.4336,220.207,18.4579],"direction":[-0.0707665,0.0485274,-0.996312],"extended":true,"handId":19,"id":193,"length":52.3217,"mcpPosition":[95.5653,214.437,76.8195],"pipPosition":[94.0256,219.115,40.8715],"stabilizedTipPosition":[89.5555,220.219,7.32475],"timeVisible":13.8406,"tipPosition":[90.4954,216.512,5.9814],"tipVelocity":[0.452938,1.32729,-0.53934],"tool":false,"touchDistance":0.29927,"touchZone":"hovering","type":3,"width":14.0845},{"bases":[[[0.854213,-0.509204,0.10503],[0.469294,0.842088,0.265802],[-0.223792,-0.177762,0.958289]],[[0.88252,-0.436924,-0.17394],[0.465476,0.86427,0.19071],[0.0670059,-0.24927,0.966113]],[[0.88252,-0.436924,-0.17394],[0.45493,0.886892,0.0803779],[0.119147,-0.150066,0.98147]],[[0.88252,-0.436924,-0.17394],[0.446694,0.894473,0.0195463],[0.147045,-0.0949481,0.984562]]],"btipPosition":[105.371,217.898,24.0508],"carpPosition":[100.411,198.421,127.56],"dipPosition":[107.43,216.569,37.8325],"direction":[-0.119147,0.150066,-0.98147],"extended":true,"handId":19,"id":194,"length":41.0192,"mcpPosition":[111.246,207.027,81.1635],"pipPosition":[109.322,214.185,53.4217],"stabilizedTipPosition":[104.189,217.942,27.6126],"timeVisible":13.8406,"tipPosition":[105.783,214.826,26.2149],"tipVelocity":[0.177346,0.615424,-0.62075],"tool":false,"touchDistance":0.308034,"touchZone":"hovering","type":4,"width":12.511}],"r":[[-0.267193,0.915921,0.299494],[-0.827793,-0.059053,-0.557917],[-0.493322,-0.396991,0.773971]],"s":1.35083,"t":[-2.72252,14.1101,336.569],"timestamp":17184541034},{"currentFrameRate":114.27,"devices":[],"gestures":[],"hands":[{"armBasis":[[0.515646,-0.768936,-0.37795],[0.00391493,-0.438998,0.89848],[-0.856793,-0.464777,-0.223357]],"armWidth":50.7302,"confidence":1,"direction":[-0.0204609,0.320507,-0.947025],"elbow":[-116.722,80.9662,94.1629],"grabAngle":0.234004,"grabStrength":0,"id":19,"palmNormal":[-0.127094,-0.940373,-0.31551],"palmPosition":[79.8631,207.973,91.4386],"palmVelocity":[4.12622,13.2581,5.27785],"palmWidth":75.9718,"pinchDistance":50.2391,"pinchStrength":0,"r":[[0.800864,-0.244297,0.54675],[0.33227,0.94085,-0.0663124],[-0.49821,0.234776,0.834666]],"s":1.03136,"sphereCenter":[59.0458,23.2478,32.183],"sphereRadius":197.074,"stabilizedPalmPosition":[78.6232,209.426,92.2297],"t":[79.0997,89.0862,-9.31447],"timeVisible":13.8493,"type":"right","wrist":[76.4356,185.747,144.517]},{"armBasis":[[-0.332006,-0.351396,-0.875382],[-0.731355,0.681987,0.00361772],[-0.595728,-0.641416,0.483419]],"armWidth":50.7302,"confidence":1,"direction":[0.648447,0.757936,0.0710584],"elbow":[-301.6,-73.8163,200.51],"grabAngle":1.37278,"grabStrength":0.108707,"id":22,"palmNormal":[0.759883,-0.65006,-0.000568807],"palmPosition":[-123.907,115.433,97.1984],"palmVelocity":[0.525497,-5.09997,-2.07838],"palmWidth":75.9718,"pinchDistance":59.8283,"pinchStrength":0,"r":[[0.917637,-0.187466,-0.350427],[0.335061,0.839122,0.428496],[0.213723,-0.510618,0.832821]],"s":1.21321,"sphereCenter":[-71.0422,92.3456,85.5896],"sphereRadius":57.7341,"stabilizedPalmPosition":[-127.276,117.956,94.8524],"t":[21.109,-73.2138,28.06],"timeVisible":10.0337,"type":"left","wrist":[-167.298,70.7865,91.5267]}],"id":13528,"interactionBox":{"center":[0,200,0],"size":[235.247,235.247,147.751]},"pointables":[{"bases":[[[0.508733,0.857801,0.0732714],[-0.733274,0.387136,0.558959],[0.451109,-0.338089,0.825952]],[[0.442141,0.896028,-0.0405645],[-0.698413,0.3723,0.611239],[0.562789,-0.241923,0.790406]],[[0.442141,0.896028,-0.0405645],[-0.888336,0.4437,0.118277],[0.123978,-0.0162601,0.992152]],[[0.442141,0.896028,-0.0405645],[-0.872282,0.419011,-0.252098],[-0.20889,0.146846,0.966851]]],"btipPosition":[39.9432,197.247,57.3924],"carpPosition":[62.8628,189.504,136.183],"dipPosition":[35.9731,200.038,75.7681],"direction":[-0.123978,0.0162601,-0.992152],"extended":false,"handId":19,"id":190,"length":42.3228,"mcpPosition":[62.8628,189.504,136.183],"pipPosition":[39.4059,199.587,103.239],"stabilizedTipPosition":[36.9438,199.961,61.9163],"timeVisible":13.8493,"tipPosition":[38.3406,200.4,61.3538],"tipVelocity":[4.46027,16.4344,2.92138],"tool":false,"touchDistance":0.304338,"touchZone":"hovering","type":0,"width":15.7767},{"bases":[[[-0.534713,0.751205,-0.387006],[-0.629724,-0.0488325,0.775282],[-0.563497,-0.65826,-0.499164]],[[-0.224127,0.967002,-0.121139],[-0.48237,-0.00206652,0.875965],[-0.846809,-0.254762,-0.466916]],[[-0.224127,0.967002,-0.121139],[-0.344625,0.0376289,0.937986],[-0.911592,-0.251976,-0.324819]],[[-0.224127,0.967002,-0.121139],[-0.214134,0.0723999,0.974118],[-0.950744,-0.244266,-0.190841]]],"btipPosition":[-73.0791,96.8654,143.265],"carpPosition":[-151.684,74.6277,111.183],"dipPosition":[-91.1486,92.223,139.638],"direction":[0.911592,0.251976,0.324819],"extended":true,"handId":22,"id":220,"length":42.3228,"mcpPosition":[-151.684,74.6277,111.183],"pipPosition":[-116.389,85.2462,130.644],"stabilizedTipPosition":[-79.1415,102.264,139.356],"timeVisible":10.0337,"tipPosition":[-77.5297,98.2843,143.435],"tipVelocity":[-1.91147,-4.16979,-1.22822],"tool":false,"touchDistance":1,"touchZone":"none","type":0,"width":15.7767},{"bases":[[[0.153987,0.180852,-0.971381],[-0.65779,0.75235,0.0357974],[-0.737292,-0.633453,-0.234815]],[[0.104867,0.138544,-0.984789],[-0.555667,0.829413,0.0575137],[-0.824765,-0.541184,-0.163963]],[[0.104867,0.138544,-0.984789],[-0.126603,0.984051,0.124959],[-0.986395,-0.111573,-0.120735]],[[0.104867,0.138544,-0.984789],[0.227321,0.960692,0.159361],[-0.968157,0.240575,-0.0692512]]],"btipPosition":[-51.128,149.024,128.585],"carpPosition":[-157.987,92.3802,105.11],"dipPosition":[-64.5611,152.362,127.625],"direction":[0.986395,0.111573,0.120735],"extended":true,"handId":22,"id":221,"length":47.7566,"mcpPosition":[-112.698,131.291,119.534],"pipPosition":[-83.9224,150.172,125.255],"stabilizedTipPosition":[-56.0586,152.481,127.449],"timeVisible":10.0337,"tipPosition":[-53.3975,148.423,127.653],"tipVelocity":[-2.87728,12.9177,1.35207],"tool":false,"touchDistance":0.97274,"touchZone":"none","type":1,"width":15.0699},{"bases":[[[0.162826,-0.0373174,-0.985949],[-0.638315,0.758004,-0.134105],[-0.752358,-0.651181,-0.0996027]],[[0.191642,-0.012245,-0.981389],[-0.404957,0.909853,-0.090431],[-0.894026,-0.414751,-0.169407]],[[0.191642,-0.012245,-0.981389],[0.269278,0.962207,0.0405778],[-0.943802,0.272042,-0.187696]],[[0.191642,-0.012245,-0.981389],[0.670403,0.731935,0.121781],[-0.716822,0.681264,-0.148478]]],"btipPosition":[-45.4378,133.089,114.43],"carpPosition":[-156.993,95.6005,95.3968],"dipPosition":[-56.3769,143.486,112.164],"direction":[0.943802,-0.272042,0.187696],"extended":false,"handId":22,"id":222,"length":54.4148,"mcpPosition":[-113.167,133.533,101.199],"pipPosition":[-78.1719,149.768,107.83],"stabilizedTipPosition":[-51.6456,136.793,110.827],"timeVisible":10.0337,"tipPosition":[-48.2079,131.609,113.435],"tipVelocity":[1.42926,1.05739,0.247304],"tool":false,"touchDistance":0.731819,"touchZone":"none","type":2,"width":14.8006},{"bases":[[[0.0979884,-0.189772,-0.976926],[-0.648709,0.732256,-0.207311],[-0.754702,-0.654054,0.0513541]],[[0.145463,-0.14808,-0.978219],[-0.338637,0.921563,-0.189859],[-0.929605,-0.358879,-0.0839084]],[[0.145463,-0.14808,-0.978219],[0.327193,0.940302,-0.0936856],[-0.933694,0.306439,-0.18523]],[[0.145463,-0.14808,-0.978219],[0.696361,0.717673,-0.00508866],[-0.702795,0.680454,-0.207512]]],"btipPosition":[-50.4266,126.246,92.9742],"carpPosition":[-155.296,96.2354,85.3],"dipPosition":[-61.0901,136.571,89.8256],"direction":[0.933694,-0.306439,0.18523],"extended":false,"handId":22,"id":223,"length":52.3213,"mcpPosition":[-115.824,130.443,82.6141],"pipPosition":[-82.0948,143.465,85.6586],"stabilizedTipPosition":[-56.2043,132.976,89.4873],"timeVisible":10.0337,"tipPosition":[-52.3171,125.597,92.4029],"tipVelocity":[2.09814,-1.52212,0.0157692],"tool":false,"touchDistance":0.370834,"touchZone":"none","type":3,"width":14.0837},{"bases":[[[0.115811,-0.38256,-0.916644],[-0.689681,0.633145,-0.351378],[-0.714792,-0.672885,0.19052]],[[0.13265,-0.366571,-0.920885],[-0.255753,0.884974,-0.389116],[-0.957598,-0.287135,-0.0236398]],[[0.13265,-0.366571,-0.920885],[0.407303,0.867184,-0.286524],[-0.903609,0.337072,-0.264337]],[[0.13265,-0.366571,-0.920885],[0.719458,0.67467,-0.164927],[-0.681751,0.64066,-0.353227]]],"btipPosition":[-65.3677,117.738,75.8578],"carpPosition":[-151.366,91.2373,75.26],"dipPosition":[-74.9107,126.706,70.9135],"direction":[0.903609,-0.337072,0.264337],"extended":false,"handId":22,"id":224,"length":41.0189,"mcpPosition":[-116.76,123.815,66.0361],"pipPosition":[-89.263,132.06,66.7149],"stabilizedTipPosition":[-70.6156,124.769,72.8731],"timeVisible":10.0337,"tipPosition":[-67.1515,118.564,75.4505],"tipVelocity":[2.79267,-2.7063,-1.40634],"tool":false,"touchDistance":0.333333,"touchZone":"none","type":4,"width":12.5103},{"bases":[[[0.974166,-0.058475,-0.218131],[0.0979967,0.979675,0.175025],[0.203463,-0.19188,0.960096]],[[0.987549,-0.117476,0.104622],[0.10956,0.990879,0.0784566],[-0.112884,-0.0660174,0.991413]],[[0.987549,-0.117476,0.104622],[0.11767,0.993043,0.00433391],[-0.104403,0.00803086,0.994503]],[[0.987549,-0.117476,0.104622],[0.125593,0.989266,-0.0746989],[-0.0947232,0.0869086,0.991703]]],"btipPosition":[66.2368,219.68,5.6221],"carpPosition":[71.433,206.954,132.467],"dipPosition":[64.9225,220.886,19.3819],"direction":[0.104403,-0.00803086,-0.994503],"extended":true,"handId":19,"id":191,"length":47.7566,"mcpPosition":[58.9349,218.741,73.4918],"pipPosition":[62.8733,221.044,38.9024],"stabilizedTipPosition":[63.4265,219.794,9.19342],"timeVisible":13.8493,"tipPosition":[65.2975,216.014,8.17035],"tipVelocity":[4.89943,13.7909,5.76093],"tool":false,"touchDistance":0.294822,"touchZone":"hovering","type":1,"width":15.0699},{"bases":[[[0.961623,-0.250009,-0.113033],[0.265723,0.951235,0.156664],[0.0683539,-0.180687,0.981162]],[[0.963756,-0.266118,-0.0188448],[0.266784,0.961406,0.0672626],[0.000217769,-0.0698523,0.997557]],[[0.963756,-0.266118,-0.0188448],[0.265937,0.963921,-0.011548],[0.0212381,0.00611794,0.999756]],[[0.963756,-0.266118,-0.0188448],[0.264561,0.962438,-0.061004],[0.0343712,0.0538074,0.99796]]],"btipPosition":[76.3751,220.143,-4.49355],"carpPosition":[81.3804,207.846,130.025],"dipPosition":[76.8996,220.965,10.736],"direction":[-0.0212381,-0.00611794,-0.999756],"extended":true,"handId":19,"id":192,"length":54.4148,"mcpPosition":[77.3986,218.372,72.8702],"pipPosition":[77.3901,221.106,33.8231],"stabilizedTipPosition":[74.1512,220.119,-0.475509],"timeVisible":13.8493,"tipPosition":[75.4689,217.133,-1.78896],"tipVelocity":[4.61321,15.0866,6.3351],"tool":false,"touchDistance":0.295467,"touchZone":"hovering","type":2,"width":14.8006},{"bases":[[[0.938415,-0.344866,0.0210985],[0.335792,0.924697,0.179385],[-0.0813736,-0.161253,0.983553]],[[0.941762,-0.325927,-0.0827964],[0.333587,0.936556,0.107625],[0.0424657,-0.128977,0.990738]],[[0.941762,-0.325927,-0.0827964],[0.328749,0.944144,0.0227261],[0.0707647,-0.0486218,0.996307]],[[0.941762,-0.325927,-0.0827964],[0.324511,0.945393,-0.0303907],[0.0881803,0.00175243,0.996103]]],"btipPosition":[91.1345,220.314,3.40207],"carpPosition":[91.3492,206.133,128.317],"dipPosition":[92.4724,220.34,18.5159],"direction":[-0.0707647,0.0486218,-0.996307],"extended":true,"handId":19,"id":193,"length":52.3213,"mcpPosition":[95.6052,214.567,76.8766],"pipPosition":[94.0644,219.246,40.9291],"stabilizedTipPosition":[89.5607,220.219,7.32349],"timeVisible":13.8493,"tipPosition":[90.5608,216.715,6.0416],"tipVelocity":[4.54083,15.642,6.61098],"tool":false,"touchDistance":0.300236,"touchZone":"hovering","type":3,"width":14.0837},{"bases":[[[0.854221,-0.509226,0.104861],[0.469144,0.841898,0.266668],[-0.224076,-0.178599,0.958067]],[[0.882613,-0.436737,-0.173943],[0.465298,0.864352,0.190772],[0.0670303,-0.249313,0.9661]],[[0.882613,-0.436737,-0.173943],[0.454757,0.88697,0.0804964],[0.119126,-0.150149,0.98146]],[[0.882613,-0.436737,-0.173943],[0.446553,0.894536,0.0198716],[0.146919,-0.0952135,0.984555]]],"btipPosition":[105.411,218.031,24.1074],"carpPosition":[100.436,198.508,127.603],"dipPosition":[107.468,216.699,37.889],"direction":[-0.119126,0.150149,-0.98146],"extended":true,"handId":19,"id":194,"length":41.0189,"mcpPosition":[111.285,207.155,81.219],"pipPosition":[109.36,214.314,53.4779],"stabilizedTipPosition":[104.193,217.942,27.6118],"timeVisible":13.8493,"tipPosition":[105.839,215.008,26.2782],"tipVelocity":[4.53186,15.1506,6.45931],"tool":false,"touchDistance":0.308978,"touchZone":"hovering","type":4,"width":12.5103}],"r":[[-0.267129,0.915956,0.299442],[-0.82774,-0.0589809,-0.558003],[-0.493445,-0.39692,0.77393]],"s":1.35091,"t":[-2.70721,14.1707,336.583],"timestamp":17184549801},{"currentFrameRate":114.218,"devices":[],"gestures":[],"hands":[{"armBasis":[[0.515986,-0.768552,-0.378266],[0.00378898,-0.43954,0.898215],[-0.856589,-0.4649,-0.223884]],"armWidth":50.7274,"confidence":1,"direction":[-0.0202853,0.321074,-0.946837],"elbow":[-116.704,80.9212,94.0566],"grabAngle":0.234836,"grabStrength":0,"id":19,"palmNormal":[-0.126721,-0.94022,-0.316115],"palmPosition":[79.8375,207.984,91.4657],"palmVelocity":[-2.89661,1.31492,3.06523],"palmWidth":75.9697,"pinchDistance":50.2244,"pinchStrength":0,"r":[[0.800766,-0.244495,0.546806],[0.332233,0.940897,-0.0658289],[-0.498393,0.23438,0.834668]],"s":1.03116,"sphereCenter":[58.913,22.9761,32.1136],"sphereRadius":197.367,"stabilizedPalmPosition":[78.6257,209.423,92.2281],"t":[79.0945,89.1171,-9.29103],"timeVisible":13.8582,"type":"right","wrist":[76.4015,185.726,144.528]},{"armBasis":[[-0.331989,-0.351694,-0.875268],[-0.731546,0.681783,0.00352636],[-0.595503,-0.64147,0.483625]],"armWidth":50.7274,"confidence":1,"direction":[0.64807,0.758238,0.0712768],"elbow":[-301.517,-73.8693,200.533],"grabAngle":1.37084,"grabStrength":0.104472,"id":22,"palmNormal":[0.760192,-0.649698,-0.000453863],"palmPosition":[-123.902,115.404,97.188],"palmVelocity":[0.612206,-3.25031,-1.18148],"palmWidth":75.9697,"pinchDistance":59.9146,"pinchStrength":0,"r":[[0.917721,-0.187537,-0.350168],[0.334966,0.839188,0.428442],[0.213508,-0.510484,0.832959]],"s":1.21394,"sphereCenter":[-71.0026,92.3385,85.5825],"sphereRadius":57.7691,"stabilizedPalmPosition":[-127.268,117.951,94.8576],"t":[21.1105,-73.2392,28.0496],"timeVisible":10.0426,"type":"left","wrist":[-167.269,70.7407,91.5064]}],"id":13529,"interactionBox":{"center":[0,200,0],"size":[235.247,235.247,147.751]},"pointables":[{"bases":[[[0.508454,0.857909,0.0739365],[-0.733551,0.386577,0.558982],[0.450974,-0.338453,0.825877]],[[0.441892,0.896181,-0.0398807],[-0.698655,0.3717,0.611326],[0.562683,-0.242277,0.790373]],[[0.441892,0.896181,-0.0398807],[-0.888484,0.443366,0.118413],[0.123801,-0.0168922,0.992163]],[[0.441892,0.896181,-0.0398807],[-0.872369,0.41894,-0.251916],[-0.209055,0.14611,0.966927]]],"btipPosition":[39.924,197.273,57.4035],"carpPosition":[62.8305,189.484,136.193],"dipPosition":[35.9509,200.05,75.7802],"direction":[-0.123801,0.0168922,-0.992163],"extended":false,"handId":19,"id":190,"length":42.3221,"mcpPosition":[62.8305,189.484,136.193],"pipPosition":[39.3787,199.582,103.251],"stabilizedTipPosition":[36.9479,199.957,61.9157],"timeVisible":13.8582,"tipPosition":[38.3263,200.416,61.3645],"tipVelocity":[-2.24338,2.57855,1.27622],"tool":false,"touchDistance":0.304526,"touchZone":"hovering","type":0,"width":15.7756},{"bases":[[[-0.534981,0.750986,-0.387059],[-0.629879,-0.0492032,0.775133],[-0.56307,-0.658482,-0.499353]],[[-0.224636,0.96688,-0.121166],[-0.482695,-0.00239438,0.875785],[-0.846489,-0.255219,-0.467246]],[[-0.224636,0.96688,-0.121166],[-0.344646,0.0374733,0.937985],[-0.911459,-0.252465,-0.324813]],[[-0.224636,0.96688,-0.121166],[-0.21416,0.0723171,0.974118],[-0.950618,-0.244771,-0.190822]]],"btipPosition":[-73.0778,96.8652,143.256],"carpPosition":[-151.662,74.5858,111.162],"dipPosition":[-91.1446,92.2132,139.63],"direction":[0.911459,0.252465,0.324813],"extended":true,"handId":22,"id":220,"length":42.3221,"mcpPosition":[-151.662,74.5858,111.162],"pipPosition":[-116.381,85.223,130.636],"stabilizedTipPosition":[-79.1387,102.254,139.36],"timeVisible":10.0426,"tipPosition":[-77.5266,98.2716,143.433],"tipVelocity":[0.211328,-0.274683,-0.965367],"tool":false,"touchDistance":1,"touchZone":"none","type":0,"width":15.7756},{"bases":[[[0.154124,0.181014,-0.971329],[-0.658156,0.752034,0.0357153],[-0.736937,-0.633782,-0.235042]],[[0.104915,0.138587,-0.984777],[-0.557099,0.828471,0.0572385],[-0.823792,-0.542614,-0.164126]],[[0.104915,0.138587,-0.984777],[-0.130825,0.98356,0.124478],[-0.985839,-0.115774,-0.121321]],[[0.104915,0.138587,-0.984777],[0.22222,0.961937,0.159047],[-0.969335,0.235524,-0.0701249]]],"btipPosition":[-51.1651,149.201,128.607],"carpPosition":[-157.972,92.3351,105.09],"dipPosition":[-64.6144,152.468,127.634],"direction":[0.985839,0.115774,0.121321],"extended":true,"handId":22,"id":221,"length":47.7558,"mcpPosition":[-112.705,131.265,119.527],"pipPosition":[-83.9644,150.196,125.253],"stabilizedTipPosition":[-56.0511,152.471,127.453],"timeVisible":10.0426,"tipPosition":[-53.4237,148.442,127.67],"tipVelocity":[-4.61956,18.0941,2.17506],"tool":false,"touchDistance":0.973061,"touchZone":"none","type":1,"width":15.0689},{"bases":[[[0.16307,-0.0371494,-0.985915],[-0.638644,0.757713,-0.134183],[-0.752025,-0.65153,-0.0998351]],[[0.191813,-0.0121164,-0.981357],[-0.405769,0.90948,-0.0905392],[-0.893622,-0.41557,-0.169534]],[[0.191813,-0.0121164,-0.981357],[0.267914,0.962592,0.040481],[-0.944156,0.270684,-0.187884]],[[0.191813,-0.0121164,-0.981357],[0.669163,0.733076,0.121741],[-0.717934,0.680039,-0.148721]]],"btipPosition":[-45.4341,133.147,114.437],"carpPosition":[-156.977,95.5566,95.377],"dipPosition":[-56.39,143.524,112.167],"direction":[0.944156,-0.270684,0.187884],"extended":false,"handId":22,"id":222,"length":54.4139,"mcpPosition":[-113.171,133.509,101.192],"pipPosition":[-78.1928,149.775,107.828],"stabilizedTipPosition":[-51.6374,136.79,110.834],"timeVisible":10.0426,"tipPosition":[-48.2131,131.627,113.445],"tipVelocity":[-0.0178161,6.01619,0.617638],"tool":false,"touchDistance":0.73191,"touchZone":"none","type":2,"width":14.7997},{"bases":[[[0.0983029,-0.189636,-0.976921],[-0.649009,0.731967,-0.207393],[-0.754403,-0.654418,0.0511209]],[[0.145782,-0.1479,-0.978199],[-0.339402,0.921278,-0.189875],[-0.929276,-0.359683,-0.0841078]],[[0.145782,-0.1479,-0.978199],[0.326106,0.940685,-0.0936284],[-0.934025,0.305347,-0.185366]],[[0.145782,-0.1479,-0.978199],[0.695394,0.718611,-0.00501643],[-0.703687,0.679502,-0.207609]]],"btipPosition":[-50.4173,126.29,92.979],"carpPosition":[-155.278,96.1932,85.281],"dipPosition":[-61.0942,136.6,89.829],"direction":[0.934025,-0.305347,0.185366],"extended":false,"handId":22,"id":223,"length":52.3204,"mcpPosition":[-115.823,130.419,82.6074],"pipPosition":[-82.1059,143.469,85.6591],"stabilizedTipPosition":[-56.1988,132.969,89.4919],"timeVisible":10.0426,"tipPosition":[-52.3168,125.61,92.4094],"tipVelocity":[0.705093,4.61592,0.510983],"tool":false,"touchDistance":0.370909,"touchZone":"none","type":3,"width":14.0828},{"bases":[[[0.116203,-0.382421,-0.916652],[-0.689902,0.632849,-0.351479],[-0.714516,-0.673243,0.190294]],[[0.133098,-0.366364,-0.920903],[-0.256667,0.88473,-0.389069],[-0.957291,-0.28815,-0.0237225]],[[0.133098,-0.366364,-0.920903],[0.406147,0.867731,-0.28651],[-0.904063,0.335888,-0.264291]],[[0.133098,-0.366364,-0.920903],[0.718539,0.675645,-0.164942],[-0.682632,0.639752,-0.353174]]],"btipPosition":[-65.3495,117.776,75.8515],"carpPosition":[-151.344,91.1981,75.2418],"dipPosition":[-74.9046,126.731,70.908],"direction":[0.904063,-0.335888,0.264291],"extended":false,"handId":22,"id":224,"length":41.0182,"mcpPosition":[-116.752,123.792,66.0291],"pipPosition":[-89.2639,132.066,66.7102],"stabilizedTipPosition":[-70.6074,124.756,72.878],"timeVisible":10.0426,"tipPosition":[-67.1436,118.567,75.4516],"tipVelocity":[1.74516,3.96126,-0.690369],"tool":false,"touchDistance":0.333333,"touchZone":"none","type":4,"width":12.5094},{"bases":[[[0.974246,-0.0580502,-0.217887],[0.0976518,0.979598,0.175646],[0.203245,-0.1924,0.960038]],[[0.987584,-0.117203,0.104602],[0.109315,0.990924,0.0782241],[-0.11282,-0.0658184,0.991433]],[[0.987584,-0.117203,0.104602],[0.117435,0.993073,0.00396028],[-0.104341,0.0083728,0.994506]],[[0.987584,-0.117203,0.104602],[0.125378,0.989246,-0.0753166],[-0.0946493,0.0874961,0.991658]]],"btipPosition":[66.2092,219.674,5.65126],"carpPosition":[71.3962,206.938,132.49],"dipPosition":[64.896,220.888,19.4102],"direction":[0.104341,-0.0083728,-0.994506],"extended":true,"handId":19,"id":191,"length":47.7558,"mcpPosition":[58.9119,218.756,73.52],"pipPosition":[62.848,221.053,38.9304],"stabilizedTipPosition":[63.4334,219.795,9.19237],"timeVisible":13.8582,"tipPosition":[65.2961,216.088,8.20084],"tipVelocity":[-3.09289,-0.464778,3.27423],"tool":false,"touchDistance":0.295305,"touchZone":"hovering","type":1,"width":15.0689},{"bases":[[[0.961731,-0.249652,-0.112908],[0.265392,0.95122,0.157316],[0.0681265,-0.181261,0.981073]],[[0.963845,-0.265795,-0.0188617],[0.266464,0.961512,0.0670161],[0.000323163,-0.0696191,0.997574]],[[0.963845,-0.265795,-0.0188617],[0.265608,0.964008,-0.0118807],[0.0213406,0.00644134,0.999752]],[[0.963845,-0.265795,-0.0188617],[0.26423,0.962513,-0.0612413],[0.0344323,0.0540433,0.997945]]],"btipPosition":[76.3443,220.145,-4.45928],"carpPosition":[81.3437,207.835,130.052],"dipPosition":[76.8698,220.97,10.7698],"direction":[-0.0213406,-0.00644134,-0.999752],"extended":true,"handId":19,"id":192,"length":54.4139,"mcpPosition":[77.3753,218.393,72.9035],"pipPosition":[77.3626,221.118,33.8564],"stabilizedTipPosition":[74.1578,220.12,-0.476862],"timeVisible":13.8582,"tipPosition":[75.4719,217.214,-1.75384],"tipVelocity":[-3.452,0.269131,3.86186],"tool":false,"touchDistance":0.296036,"touchZone":"hovering","type":2,"width":14.7997},{"bases":[[[0.938512,-0.344597,0.0211594],[0.335462,0.924689,0.180041],[-0.0816075,-0.161873,0.983431]],[[0.941883,-0.32558,-0.0827903],[0.33323,0.936713,0.10736],[0.0425965,-0.128709,0.990767]],[[0.941883,-0.32558,-0.0827903],[0.328389,0.944273,0.0225578],[0.0708323,-0.0484342,0.996312]],[[0.941883,-0.32558,-0.0827903],[0.324171,0.945513,-0.030298],[0.0881437,0.00169891,0.996106]]],"btipPosition":[91.1049,220.325,3.43817],"carpPosition":[91.3132,206.126,128.346],"dipPosition":[92.4423,220.351,18.5518],"direction":[-0.0708323,0.0484342,-0.996312],"extended":true,"handId":19,"id":193,"length":52.3204,"mcpPosition":[95.5812,214.592,76.9127],"pipPosition":[94.0357,219.262,40.9648],"stabilizedTipPosition":[89.5652,220.22,7.32251],"timeVisible":13.8582,"tipPosition":[90.5605,216.796,6.08043],"tipVelocity":[-3.35871,1.30493,4.07682],"tool":false,"touchDistance":0.300837,"touchZone":"hovering","type":3,"width":14.0828},{"bases":[[[0.854344,-0.509032,0.104798],[0.468815,0.841877,0.267313],[-0.224298,-0.179246,0.957894]],[[0.882797,-0.436401,-0.173849],[0.464929,0.8646,0.190544],[0.0671564,-0.249039,0.966162]],[[0.882797,-0.436401,-0.173849],[0.454387,0.887173,0.0803476],[0.119171,-0.149925,0.981489]],[[0.882797,-0.436401,-0.173849],[0.446215,0.894703,0.0199499],[0.146837,-0.0951859,0.98457]]],"btipPosition":[105.385,218.047,24.1419],"carpPosition":[100.402,198.504,127.63],"dipPosition":[107.44,216.714,37.9234],"direction":[-0.119171,0.149925,-0.981489],"extended":true,"handId":19,"id":194,"length":41.0182,"mcpPosition":[111.261,207.182,81.255],"pipPosition":[109.333,214.333,53.5125],"stabilizedTipPosition":[104.196,217.941,27.6112],"timeVisible":13.8582,"tipPosition":[105.83,215.075,26.3201],"tipVelocity":[-3.03283,1.74202,3.89796],"tool":false,"touchDistance":0.309552,"touchZone":"hovering","type":4,"width":12.5094}],"r":[[-0.267066,0.915993,0.299387],[-0.827692,-0.0589155,-0.558081],[-0.49356,-0.396845,0.773895]],"s":1.3509,"t":[-2.71123,14.2106,336.597],"timestamp":17184558645},{"currentFrameRate":114.355,"devices":[],"gestures":[],"hands":[{"armBasis":[[0.516152,-0.768236,-0.378683],[0.00362516,-0.440166,0.897909],[-0.856489,-0.464831,-0.224408]],"armWidth":50.7261,"confidence":1,"direction":[-0.0200981,0.321732,-0.946617],"elbow":[-116.711,80.9158,93.9433],"grabAngle":0.235791,"grabStrength":0,"id":19,"palmNormal":[-0.126551,-0.940012,-0.316801],"palmPosition":[79.8131,207.997,91.4867],"palmVelocity":[-2.86271,1.5093,2.47486],"palmWidth":75.9677,"pinchDistance":50.206,"pinchStrength":0,"r":[[0.800666,-0.244714,0.546853],[0.332187,0.940951,-0.0652954],[-0.498583,0.233937,0.834679]],"s":1.03093,"sphereCenter":[58.7178,22.6648,32.0203],"sphereRadius":197.708,"stabilizedPalmPosition":[78.6279,209.421,92.2268],"t":[79.0797,89.1389,-9.26878],"timeVisible":13.8667,"type":"right","wrist":[76.3672,185.702,144.531]},{"armBasis":[[-0.331805,-0.352121,-0.875167],[-0.732028,0.681266,0.00343073],[-0.595013,-0.641785,0.483809]],"armWidth":50.7261,"confidence":1,"direction":[0.647613,0.758608,0.0714948],"elbow":[-301.373,-73.9693,200.556],"grabAngle":1.36901,"grabStrength":0.100424,"id":22,"palmNormal":[0.760571,-0.649255,-0.000357576],"palmPosition":[-123.903,115.395,97.1823],"palmVelocity":[-0.100817,-1.10755,-0.666159],"palmWidth":75.9677,"pinchDistance":59.9948,"pinchStrength":0,"r":[[0.917826,-0.187479,-0.349925],[0.334774,0.83927,0.42843],[0.21336,-0.51037,0.833067]],"s":1.21468,"sphereCenter":[-70.9669,92.355,85.5843],"sphereRadius":57.803,"stabilizedPalmPosition":[-127.261,117.945,94.8624],"t":[21.1108,-73.2566,28.0415],"timeVisible":10.0511,"type":"left","wrist":[-167.24,70.7078,91.4908]}],"id":13530,"interactionBox":{"center":[0,200,0],"size":[235.247,235.247,147.751]},"pointables":[{"bases":[[[0.508349,0.857909,0.074653],[-0.73372,0.386112,0.559081],[0.450816,-0.338983,0.825745]],[[0.441854,0.896235,-0.0390825],[-0.698801,0.371181,0.611475],[0.562532,-0.242872,0.790298]],[[0.441854,0.896235,-0.0390825],[-0.888518,0.443225,0.118691],[0.123697,-0.0177186,0.992162]],[[0.441854,0.896235,-0.0390825],[-0.872395,0.419133,-0.251503],[-0.209025,0.145223,0.967067]]],"btipPosition":[39.9009,197.317,57.4085],"carpPosition":[62.7981,189.465,136.196],"dipPosition":[35.9283,200.077,75.7877],"direction":[-0.123697,0.0177186,-0.992162],"extended":false,"handId":19,"id":190,"length":42.3215,"mcpPosition":[62.7981,189.465,136.196],"pipPosition":[39.3532,199.587,103.258],"stabilizedTipPosition":[36.9522,199.953,61.9152],"timeVisible":13.8667,"tipPosition":[38.3103,200.444,61.3709],"tipVelocity":[-2.70574,4.79507,0.662822],"tool":false,"touchDistance":0.30462,"touchZone":"hovering","type":0,"width":15.7752},{"bases":[[[-0.535336,0.750714,-0.387097],[-0.630017,-0.0496508,0.774992],[-0.562578,-0.658759,-0.499543]],[[-0.225254,0.966734,-0.121182],[-0.483046,-0.00279564,0.87559],[-0.846125,-0.255767,-0.467607]],[[-0.225254,0.966734,-0.121182],[-0.34481,0.0372289,0.937934],[-0.911244,-0.253058,-0.324954]],[[-0.225254,0.966734,-0.121182],[-0.214326,0.072165,0.974093],[-0.950434,-0.245391,-0.190941]]],"btipPosition":[-73.0834,96.8898,143.26],"carpPosition":[-151.641,74.5599,111.146],"dipPosition":[-91.1464,92.2262,139.632],"direction":[0.911244,0.253058,0.324954],"extended":true,"handId":22,"id":220,"length":42.3215,"mcpPosition":[-151.641,74.5599,111.146],"pipPosition":[-116.377,85.2196,130.634],"stabilizedTipPosition":[-79.1357,102.244,139.365],"timeVisible":10.0511,"tipPosition":[-77.5272,98.2826,143.435],"tipVelocity":[-0.554115,2.58223,0.433714],"tool":false,"touchDistance":1,"touchZone":"none","type":0,"width":15.7752},{"bases":[[[0.154227,0.181205,-0.971277],[-0.658603,0.751646,0.0356515],[-0.736517,-0.634187,-0.235266]],[[0.104973,0.138687,-0.984757],[-0.558508,0.827537,0.0570095],[-0.82283,-0.544011,-0.164328]],[[0.104973,0.138687,-0.984757],[-0.134908,0.98306,0.124067],[-0.985282,-0.119828,-0.121905]],[[0.104973,0.138687,-0.984757],[0.217272,0.963107,0.158799],[-0.97045,0.23063,-0.0709677]]],"btipPosition":[-51.2103,149.391,128.635],"carpPosition":[-157.96,92.3055,105.074],"dipPosition":[-64.6748,152.591,127.651],"direction":[0.985282,0.119828,0.121905],"extended":true,"handId":22,"id":221,"length":47.7551,"mcpPosition":[-112.72,131.259,119.525],"pipPosition":[-84.0137,150.239,125.258],"stabilizedTipPosition":[-56.0436,152.46,127.457],"timeVisible":10.0511,"tipPosition":[-53.4588,148.486,127.69],"tipVelocity":[-5.72291,20.5202,2.95283],"tool":false,"touchDistance":0.97348,"touchZone":"none","type":1,"width":15.0685},{"bases":[[[0.163304,-0.0369521,-0.985884],[-0.639057,0.757354,-0.134241],[-0.751623,-0.651958,-0.100064]],[[0.191998,-0.0119319,-0.981323],[-0.406631,0.909088,-0.0906117],[-0.89319,-0.416433,-0.169691]],[[0.191998,-0.0119319,-0.981323],[0.266557,0.96297,0.0404437],[-0.944502,0.269344,-0.188069]],[[0.191998,-0.0119319,-0.981323],[0.667937,0.73419,0.121756],[-0.719025,0.678839,-0.148933]]],"btipPosition":[-45.4399,133.226,114.448],"carpPosition":[-156.965,95.5286,95.3622],"dipPosition":[-56.4124,143.585,112.176],"direction":[0.944502,-0.269344,0.188069],"extended":false,"handId":22,"id":222,"length":54.4131,"mcpPosition":[-113.184,133.505,101.191],"pipPosition":[-78.2228,149.805,107.833],"stabilizedTipPosition":[-51.6288,136.787,110.841],"timeVisible":10.0511,"tipPosition":[-48.2262,131.671,113.459],"tipVelocity":[-1.13494,8.77622,1.30707],"tool":false,"touchDistance":0.732095,"touchZone":"none","type":2,"width":14.7993},{"bases":[[[0.0986237,-0.189477,-0.97692],[-0.649391,0.73161,-0.207457],[-0.754032,-0.654863,0.0508907]],[[0.146122,-0.147674,-0.978182],[-0.340261,0.920964,-0.189865],[-0.928908,-0.36058,-0.0843257]],[[0.146122,-0.147674,-0.978182],[0.324969,0.941088,-0.09353],[-0.934368,0.304212,-0.185504]],[[0.146122,-0.147674,-0.978182],[0.694389,0.719584,-0.00490526],[-0.704608,0.678522,-0.207691]]],"btipPosition":[-50.4167,126.36,92.9891],"carpPosition":[-155.264,96.1672,85.2669],"dipPosition":[-61.1073,136.655,89.838],"direction":[0.934368,-0.304212,0.185504],"extended":false,"handId":22,"id":223,"length":52.3196,"mcpPosition":[-115.83,130.415,82.6054],"pipPosition":[-82.1265,143.498,85.6649],"stabilizedTipPosition":[-56.1928,132.961,89.4969],"timeVisible":10.0511,"tipPosition":[-52.3238,125.649,92.4199],"tipVelocity":[-0.296467,7.74996,1.15643],"tool":false,"touchDistance":0.371073,"touchZone":"none","type":3,"width":14.0825},{"bases":[[[0.116623,-0.382258,-0.916667],[-0.690195,0.632484,-0.351561],[-0.714164,-0.673679,0.19007]],[[0.133579,-0.366124,-0.920929],[-0.257723,0.88