{"frames":56,"data":[{"currentFrameRate":109.756,"devices":[],"gestures":[],"hands":[{"armBasis":[[0.884322,0.166499,-0.43618],[0.13999,0.796701,0.587937],[0.445396,-0.580987,0.681232]],"armWidth":48.9085,"confidence":1,"direction":[0.0262334,0.845453,-0.533404],"elbow":[136.801,-52.0835,259.051],"grabAngle":0.0804709,"grabStrength":0,"id":56,"palmNormal":[-0.140037,-0.525218,-0.839366],"palmPosition":[31.4495,121.524,75.69],"palmVelocity":[-20.6534,-5.06359,-6.41624],"palmWidth":72.7825,"pinchDistance":63.9048,"pinchStrength":0,"r":[[0.336657,0.312655,0.888205],[-0.391978,0.904186,-0.169708],[-0.856163,-0.291024,0.426955]],"s":1.27506,"sphereCenter":[23.8046,198.023,122.52],"sphereRadius":90.9704,"stabilizedPalmPosition":[33.5459,122,75.9595],"t":[26.6879,-34.11,-63.3933],"timeVisible":11.6899,"type":"right","wrist":[40.6077,73.3932,111.924]}],"id":33181,"interactionBox":{"center":[0,200,0],"size":[235.247,235.247,147.751]},"pointables":[{"bases":[[[0.528665,0.595827,0.604569],[-0.744195,-0.0172291,0.66774],[0.408274,-0.802928,0.434303]],[[0.354811,0.836778,0.417027],[-0.704299,-0.0541293,0.707837],[0.614876,-0.54486,0.570136]],[[0.354811,0.836778,0.417027],[-0.811541,0.0541676,0.581779],[0.464231,-0.544856,0.698299]],[[0.354811,0.836778,0.417027],[-0.886271,0.158994,0.435022],[0.297712,-0.52395,0.798025]]],"btipPosition":[-28.9903,126.91,42.3519],"carpPosition":[12.983,81.5846,97.5871],"dipPosition":[-23.6653,117.538,56.6259],"direction":[-0.464231,0.544856,-0.698299],"extended":true,"handId":56,"id":560,"length":39.8308,"mcpPosition":[12.983,81.5846,97.5871],"pipPosition":[-11.5683,103.34,74.8222],"stabilizedTipPosition":[-26.08,125.677,47.0982],"timeVisible":11.6899,"tipPosition":[-26.7613,126.863,48.4117],"tipVelocity":[-13.4074,1.09509,-5.9989],"tool":false,"touchDistance":0.170747,"touchZone":"hovering","type":0,"width":15.2554},{"bases":[[[0.980152,0.0466103,-0.192691],[0.117672,0.645451,0.754683],[0.159549,-0.762378,0.627155]],[[0.986274,0.0126825,-0.164629],[0.148664,0.365656,0.9188],[0.0718503,-0.930663,0.358752]],[[0.986274,0.0126825,-0.164629],[0.122329,0.61355,0.780124],[0.110902,-0.789554,0.603577]],[[0.986274,0.0126825,-0.164629],[0.0906025,0.791969,0.603801],[0.138039,-0.610429,0.77995]]],"btipPosition":[6.18396,194.39,35.4543],"carpPosition":[21.7834,96.4118,105.475],"dipPosition":[7.98647,186.42,45.6389],"direction":[-0.110902,0.789554,-0.603577],"extended":true,"handId":56,"id":561,"length":44.9446,"mcpPosition":[12.3943,141.276,68.568],"pipPosition":[10.0351,171.834,56.7885],"stabilizedTipPosition":[8.27258,192.908,37.3854],"timeVisible":11.6899,"tipPosition":[5.6058,188.899,33.861],"tipVelocity":[-18.9682,-5.77361,-3.92529],"tool":false,"touchDistance":0.251996,"touchZone":"hovering","type":1,"width":14.572},{"bases":[[[0.958178,-0.167539,-0.232002],[0.285158,0.627144,0.724827],[0.0240613,-0.760671,0.648691]],[[0.957268,-0.224375,-0.182467],[0.237966,0.252561,0.937862],[-0.164349,-0.941206,0.295162]],[[0.957268,-0.224375,-0.182467],[0.269784,0.465522,0.842915],[-0.104187,-0.856122,0.506162]],[[0.957268,-0.224375,-0.182467],[0.288384,0.693135,0.660605],[-0.0217493,-0.684996,0.728222]]],"btipPosition":[38.7067,203.671,35.7955],"carpPosition":[31.4185,98.1041,104.33],"dipPosition":[38.3943,193.833,46.2543],"direction":[0.104187,0.856122,-0.506162],"extended":true,"handId":56,"id":562,"length":51.2108,"mcpPosition":[30.0757,140.555,68.1279],"pipPosition":[36.13,175.227,57.2547],"stabilizedTipPosition":[40.324,202.347,38.86],"timeVisible":11.6899,"tipPosition":[36.9545,198.349,33.6261],"tipVelocity":[-20.2162,-8.54811,-10.6219],"tool":false,"touchDistance":0.30389,"touchZone":"hovering","type":2,"width":14.3116},{"bases":[[[0.927034,-0.324449,-0.187989],[0.353509,0.589004,0.726709],[-0.125054,-0.74014,0.660722]],[[0.916581,-0.373278,-0.143328],[0.22974,0.198261,0.952844],[-0.327259,-0.906287,0.26748]],[[0.916581,-0.373278,-0.143328],[0.293764,0.385473,0.874708],[-0.27126,-0.843845,0.462973]],[[0.916581,-0.373278,-0.143328],[0.356898,0.602135,0.714183],[-0.180286,-0.70576,0.685128]]],"btipPosition":[66.736,193.392,40.3325],"carpPosition":[40.9777,97.4166,102.157],"dipPosition":[64.1616,183.314,50.1158],"direction":[0.27126,0.843845,-0.462973],"extended":true,"handId":56,"id":563,"length":49.2406,"mcpPosition":[47.2436,134.502,69.0514],"pipPosition":[58.4186,165.449,59.9177],"stabilizedTipPosition":[68.1787,192.262,43.8791],"timeVisible":11.6899,"tipPosition":[63.69,188.402,37.9099],"tipVelocity":[-23.5651,-9.5255,-15.3207],"tool":false,"touchDistance":0.294519,"touchZone":"hovering","type":3,"width":13.6184},{"bases":[[[0.835092,-0.500762,-0.227726],[0.480947,0.463651,0.744123],[-0.267044,-0.730934,0.628031]],[[0.79338,-0.591375,-0.144307],[0.242904,0.090191,0.965848],[-0.558164,-0.801337,0.215203]],[[0.79338,-0.591375,-0.144307],[0.362896,0.269165,0.892108],[-0.488728,-0.760149,0.428158]],[[0.79338,-0.591375,-0.144307],[0.480499,0.462858,0.744905],[-0.373725,-0.660331,0.651377]]],"btipPosition":[89.1987,167.394,47.2166],"carpPosition":[49.5,91.7751,97.1427],"dipPosition":[84.2754,158.695,55.7975],"direction":[0.488728,0.760149,-0.428158],"extended":true,"handId":56,"id":564,"length":38.6037,"mcpPosition":[61.8861,125.677,68.0133],"pipPosition":[76.9698,147.333,62.1977],"stabilizedTipPosition":[90.5661,166.692,50.9662],"timeVisible":11.6899,"tipPosition":[84.9361,164.176,45.0735],"tipVelocity":[-26.2191,-8.10407,-17.8109],"tool":false,"touchDistance":0.290512,"touchZone":"hovering","type":4,"width":12.0969}],"r":[[0.336657,0.312655,0.888205],[-0.391978,0.904186,-0.169708],[-0.856163,-0.291024,0.426955]],"s":1.27506,"t":[26.6879,-34.11,-63.3933],"timestamp":17358224689},{"currentFrameRate":110.012,"devices":[],"gestures":[],"hands":[{"armBasis":[[0.883902,0.165331,-0.437472],[0.140916,0.797799,0.586225],[0.445936,-0.579812,0.681879]],"armWidth":48.9085,"confidence":1,"direction":[0.0262542,0.845828,-0.532809],"elbow":[136.694,-51.8845,259.099],"grabAngle":0.0841419,"grabStrength":0,"id":56,"palmNormal":[-0.141102,-0.52452,-0.839624],"palmPosition":[31.2183,121.487,75.6263],"palmVelocity":[-26.7699,-4.29042,-7.38172],"palmWidth":72.7825,"pinchDistance":63.8763,"pinchStrength":0,"r":[[0.337466,0.311754,0.888215],[-0.39166,0.904518,-0.16867],[-0.85599,-0.290958,0.427346]],"s":1.27423,"sphereCenter":[23.905,197.722,122.144],"sphereRadius":90.5991,"stabilizedPalmPosition":[33.484,121.986,75.9506],"t":[26.4907,-34.1487,-63.441],"timeVisible":11.6985,"type":"right","wrist":[40.384,73.3387,111.832]}],"id":33182,"interactionBox":{"center":[0,200,0],"size":[235.247,235.247,147.751]},"pointables":[{"bases":[[[0.52956,0.595071,0.60453],[-0.743605,-0.0172786,0.668396],[0.408189,-0.803487,0.433348]],[[0.355774,0.836172,0.417422],[-0.703546,-0.0543766,0.708567],[0.615182,-0.545765,0.568939]],[[0.355774,0.836172,0.417422],[-0.811841,0.0552539,0.581258],[0.462968,-0.545677,0.698496]],[[0.355774,0.836172,0.417422],[-0.88696,0.161356,0.432742],[0.294493,-0.524195,0.799058]]],"btipPosition":[-29.1472,126.93,42.2997],"carpPosition":[12.7479,81.5424,97.5107],"dipPosition":[-23.8797,117.554,56.5921],"direction":[-0.462968,0.545677,-0.698496],"extended":true,"handId":56,"id":560,"length":39.8308,"mcpPosition":[12.7479,81.5424,97.5107],"pipPosition":[-11.8156,103.334,74.7936],"stabilizedTipPosition":[-26.1049,125.665,47.0779],"timeVisible":11.6985,"tipPosition":[-27.0195,126.867,48.3865],"tipVelocity":[-19.6952,2.1711,-5.55594],"tool":false,"touchDistance":0.169947,"touchZone":"hovering","type":0,"width":15.2554},{"bases":[[[0.980006,0.0461723,-0.193538],[0.118732,0.644828,0.755049],[0.159661,-0.762932,0.626453]],[[0.986171,0.0119692,-0.165298],[0.149547,0.365607,0.918677],[0.0714297,-0.930692,0.358761]],[[0.986171,0.0119692,-0.165298],[0.123139,0.614614,0.779158],[0.11092,-0.788737,0.60464]],[[0.986171,0.0119692,-0.165298],[0.0911014,0.794033,0.60101],[0.138445,-0.607757,0.781962]]],"btipPosition":[5.96627,194.321,35.3759],"carpPosition":[21.5642,96.3587,105.401],"dipPosition":[7.77408,186.385,45.5868],"direction":[-0.11092,0.788737,-0.60464],"extended":true,"handId":56,"id":561,"length":44.9446,"mcpPosition":[12.1684,141.256,68.5359],"pipPosition":[9.82306,171.815,56.7561],"stabilizedTipPosition":[8.22419,192.897,37.3941],"timeVisible":11.6985,"tipPosition":[5.38403,188.934,33.8971],"tipVelocity":[-25.0697,-7.13201,-8.37505],"tool":false,"touchDistance":0.250791,"touchZone":"hovering","type":1,"width":14.572},{"bases":[[[0.95787,-0.167936,-0.232986],[0.28618,0.626444,0.72503],[0.0241942,-0.76116,0.648112]],[[0.956945,-0.225196,-0.183146],[0.23896,0.252995,0.937492],[-0.164785,-0.940893,0.295915]],[[0.956945,-0.225196,-0.183146],[0.270965,0.466798,0.84183],[-0.104085,-0.855211,0.50772]],[[0.956945,-0.225196,-0.183146],[0.289503,0.694689,0.65848],[-0.0210578,-0.68315,0.729974]]],"btipPosition":[38.4839,203.583,35.6602],"carpPosition":[31.1992,98.0461,104.249],"dipPosition":[38.1814,193.771,46.1442],"direction":[0.104085,0.855211,-0.50772],"extended":true,"handId":56,"id":562,"length":51.2108,"mcpPosition":[29.849,140.524,68.0793],"pipPosition":[35.9193,175.185,57.1784],"stabilizedTipPosition":[40.2791,202.323,38.8415],"timeVisible":11.6985,"tipPosition":[36.7462,198.367,33.6538],"tipVelocity":[-25.5374,-9.54624,-15.0031],"tool":false,"touchDistance":0.301731,"touchZone":"hovering","type":2,"width":14.3116},{"bases":[[[0.926673,-0.324859,-0.189059],[0.35451,0.588262,0.726822],[-0.124898,-0.74055,0.660292]],[[0.916195,-0.373854,-0.144294],[0.231086,0.198715,0.952424],[-0.327394,-0.90595,0.268454]],[[0.916195,-0.373854,-0.144294],[0.295452,0.386918,0.8735],[-0.270732,-0.842928,0.464948]],[[0.916195,-0.373854,-0.144294],[0.358508,0.603788,0.711978],[-0.179053,-0.704041,0.687217]]],"btipPosition":[66.4824,193.295,40.1591],"carpPosition":[40.756,97.3546,102.067],"dipPosition":[63.9256,183.242,49.9723],"direction":[0.270732,0.842928,-0.464948],"extended":true,"handId":56,"id":563,"length":49.2406,"mcpPosition":[47.0141,134.46,68.9829],"pipPosition":[58.1937,165.396,59.816],"stabilizedTipPosition":[68.1322,192.236,43.8493],"timeVisible":11.6985,"tipPosition":[63.4867,188.398,37.9078],"tipVelocity":[-28.9052,-10.5786,-19.2829],"tool":false,"touchDistance":0.291743,"touchZone":"hovering","type":3,"width":13.6184},{"bases":[[[0.83459,-0.501089,-0.228843],[0.481889,0.462821,0.744029],[-0.266911,-0.731236,0.627735]],[[0.792922,-0.591698,-0.145492],[0.244608,0.0904136,0.965397],[-0.55807,-0.801073,0.216425]],[[0.792922,-0.591698,-0.145492],[0.365229,0.270402,0.890781],[-0.487732,-0.759458,0.430513]],[[0.792922,-0.591698,-0.145492],[0.482877,0.46457,0.742296],[-0.371624,-0.658838,0.654086]]],"btipPosition":[88.918,167.308,47.0246],"carpPosition":[49.2705,91.7117,97.0409],"dipPosition":[84.0224,158.629,55.6412],"direction":[0.487732,0.759458,-0.430513],"extended":true,"handId":56,"id":564,"length":38.6037,"mcpPosition":[61.6505,125.628,67.9252],"pipPosition":[76.7317,147.276,62.0766],"stabilizedTipPosition":[90.5173,166.668,50.9317],"timeVisible":11.6985,"tipPosition":[84.7261,164.139,45.0235],"tipVelocity":[-31.7711,-9.49831,-21.2812],"tool":false,"touchDistance":0.28745,"touchZone":"hovering","type":4,"width":12.0969}],"r":[[0.337466,0.311754,0.888215],[-0.39166,0.904518,-0.16867],[-0.85599,-0.290958,0.427346]],"s":1.27423,"t":[26.4907,-34.1487,-63.441],"timestamp":17358233324},{"currentFrameRate":110.259,"devices":[],"gestures":[],"hands":[{"armBasis":[[0.883077,0.163575,-0.439794],[0.142648,0.799323,0.583725],[0.44702,-0.578209,0.68253]],"armWidth":48.9085,"confidence":1,"direction":[0.0265126,0.84657,-0.531616],"elbow":[136.644,-51.5957,259.116],"grabAngle":0.0886627,"grabStrength":0,"id":56,"palmNormal":[-0.14299,-0.523123,-0.840176],"palmPosition":[30.9318,121.471,75.5624],"palmVelocity":[-33.1888,-1.91,-7.39635],"palmWidth":72.7825,"pinchDistance":63.8599,"pinchStrength":0,"r":[[0.338452,0.310691,0.888212],[-0.391231,0.904928,-0.16746],[-0.855797,-0.290819,0.427827]],"s":1.27335,"sphereCenter":[24.0766,197.314,121.689],"sphereRadius":90.0808,"stabilizedPalmPosition":[33.4172,121.972,75.9405],"t":[26.2489,-34.1762,-63.4968],"timeVisible":11.7071,"type":"right","wrist":[40.1002,73.2812,111.709]}],"id":33183,"interactionBox":{"center":[0,200,0],"size":[235.247,235.247,147.751]},"pointables":[{"bases":[[[0.531187,0.593536,0.604611],[-0.742638,-0.0173345,0.669469],[0.407835,-0.804621,0.431574]],[[0.357449,0.835098,0.418139],[-0.702229,-0.0548431,0.709836],[0.615715,-0.54736,0.566826]],[[0.357449,0.835098,0.418139],[-0.811966,0.0566632,0.580948],[0.461456,-0.547175,0.698326]],[[0.357449,0.835098,0.418139],[-0.887758,0.164783,0.429805],[0.290028,-0.52484,0.800267]]],"btipPosition":[-29.3527,127.018,42.2722],"carpPosition":[12.4444,81.5169,97.4161],"dipPosition":[-24.1651,117.631,56.5863],"direction":[-0.461456,0.547175,-0.698326],"extended":true,"handId":56,"id":560,"length":39.8308,"mcpPosition":[12.4444,81.5169,97.4161],"pipPosition":[-12.1404,103.372,74.7833],"stabilizedTipPosition":[-26.1345,125.653,47.0561],"timeVisible":11.7071,"tipPosition":[-27.3457,126.946,48.3949],"tipVelocity":[-25.9369,9.97304,-2.60773],"tool":false,"touchDistance":0.169572,"touchZone":"hovering","type":0,"width":15.2554},{"bases":[[[0.979775,0.0452449,-0.19492],[0.120644,0.643581,0.75581],[0.159643,-0.76404,0.625106]],[[0.985985,0.010695,-0.166492],[0.151196,0.364563,0.918822],[0.0705236,-0.931117,0.357837]],[[0.985985,0.010695,-0.166492],[0.124772,0.615202,0.778433],[0.110751,-0.788297,0.605245]],[[0.985985,0.010695,-0.166492],[0.0923834,0.795975,0.598238],[0.138921,-0.605235,0.783831]]],"btipPosition":[5.72046,194.311,35.3638],"carpPosition":[21.2907,96.3108,105.315],"dipPosition":[7.53449,186.408,45.599],"direction":[-0.110751,0.788297,-0.605245],"extended":true,"handId":56,"id":561,"length":44.9446,"mcpPosition":[11.896,141.273,68.529],"pipPosition":[9.58036,171.846,56.7795],"stabilizedTipPosition":[8.16979,192.887,37.4025],"timeVisible":11.7071,"tipPosition":[5.12676,189.035,33.9969],"tipVelocity":[-28.3133,-0.25932,-0.75613],"tool":false,"touchDistance":0.250682,"touchZone":"hovering","type":1,"width":14.572},{"bases":[[[0.957317,-0.168778,-0.234646],[0.288025,0.625034,0.725516],[0.0242106,-0.762133,0.646968]],[[0.956363,-0.226596,-0.184457],[0.240586,0.252488,0.937213],[-0.165795,-0.940693,0.295986]],[[0.956363,-0.226596,-0.184457],[0.272951,0.467628,0.840727],[-0.104248,-0.854388,0.509071]],[[0.956363,-0.226596,-0.184457],[0.29148,0.696201,0.656005],[-0.0202292,-0.681145,0.731869]]],"btipPosition":[38.2387,203.525,35.5669],"carpPosition":[30.9261,97.988,104.151],"dipPosition":[37.9481,193.742,46.0781],"direction":[0.104248,0.854388,-0.509071],"extended":true,"handId":56,"id":562,"length":51.2108,"mcpPosition":[29.5749,140.52,68.0452],"pipPosition":[35.6825,175.174,57.1417],"stabilizedTipPosition":[40.2296,202.298,38.8214],"timeVisible":11.7071,"tipPosition":[36.5095,198.433,33.7367],"tipVelocity":[-28.0904,-5.94172,-10.0868],"tool":false,"touchDistance":0.30028,"touchZone":"hovering","type":2,"width":14.3116},{"bases":[[[0.925991,-0.325727,-0.190902],[0.35631,0.586765,0.727152],[-0.124838,-0.741356,0.659399]],[[0.915467,-0.374966,-0.146012],[0.233044,0.198241,0.952046],[-0.328039,-0.905594,0.268867]],[[0.915467,-0.374966,-0.146012],[0.298013,0.387966,0.872164],[-0.270384,-0.841952,0.466915]],[[0.915467,-0.374966,-0.146012],[0.361092,0.605389,0.709307],[-0.177572,-0.702071,0.689612]]],"btipPosition":[66.1956,193.208,40.0009],"carpPosition":[40.4788,97.2879,101.954],"dipPosition":[63.66,183.183,49.8482],"direction":[0.270384,0.841952,-0.466915],"extended":true,"handId":56,"id":563,"length":49.2406,"mcpPosition":[46.7339,134.434,68.9146],"pipPosition":[57.9355,165.357,59.7336],"stabilizedTipPosition":[68.0815,192.21,43.8175],"timeVisible":11.7071,"tipPosition":[63.2518,188.422,37.9388],"tipVelocity":[-32.658,-9.36052,-17.4225],"tool":false,"touchDistance":0.289237,"touchZone":"hovering","type":3,"width":13.6184},{"bases":[[[0.833631,-0.501784,-0.230806],[0.48356,0.461142,0.743988],[-0.266888,-0.73182,0.627065]],[[0.791984,-0.592447,-0.147541],[0.246754,0.0895578,0.964931],[-0.558457,-0.800616,0.217117]],[[0.791984,-0.592447,-0.147541],[0.368399,0.27101,0.88929],[-0.486872,-0.758657,0.432892]],[[0.791984,-0.592447,-0.147541],[0.486289,0.465991,0.739172],[-0.369168,-0.65716,0.657158]]],"btipPosition":[88.5904,167.218,46.8271],"carpPosition":[48.9789,91.6418,96.907],"dipPosition":[83.7272,158.561,55.4841],"direction":[0.486872,0.758657,-0.432892],"extended":true,"handId":56,"id":564,"length":38.6037,"mcpPosition":[61.3577,125.585,67.8224],"pipPosition":[76.4494,147.221,61.9551],"stabilizedTipPosition":[90.4641,166.642,50.8949],"timeVisible":11.7071,"tipPosition":[84.4713,164.11,44.9736],"tipVelocity":[-37.0843,-9.75277,-21.8084],"tool":false,"touchDistance":0.284313,"touchZone":"hovering","type":4,"width":12.0969}],"r":[[0.338452,0.310691,0.888212],[-0.391231,0.904928,-0.16746],[-0.855797,-0.290819,0.427827]],"s":1.27335,"t":[26.2489,-34.1762,-63.4968],"timestamp":17358241955},{"currentFrameRate":110.416,"devices":[],"gestures":[],"hands":[{"armBasis":[[0.881729,0.161588,-0.44322],[0.144887,0.801348,0.580387],[0.448957,-0.575961,0.683159]],"armWidth":48.9085,"confidence":1,"direction":[0.0263373,0.84751,-0.530125],"elbow":[136.705,-51.16,259.092],"grabAngle":0.0944198,"grabStrength":0,"id":56,"palmNormal":[-0.145649,-0.521397,-0.840792],"palmPosition":[30.5391,121.469,75.4818],"palmVelocity":[-44.7425,-0.181725,-9.18416],"palmWidth":72.7825,"pinchDistance":63.8113,"pinchStrength":0,"r":[[0.33974,0.309428,0.888162],[-0.390734,0.905417,-0.165975],[-0.855514,-0.290646,0.428511]],"s":1.27235,"sphereCenter":[24.24,196.837,121.135],"sphereRadius":89.4599,"stabilizedPalmPosition":[33.3396,121.959,75.9281],"t":[25.9316,-34.1908,-63.565],"timeVisible":11.7159,"type":"right","wrist":[39.743,73.2313,111.549]}],"id":33184,"interactionBox":{"center":[0,200,0],"size":[235.247,235.247,147.751]},"pointables":[{"bases":[[[0.533377,0.591747,0.604437],[-0.741072,-0.0176161,0.671194],[0.407825,-0.805931,0.429132]],[[0.359602,0.833781,0.418923],[-0.700328,-0.0555197,0.711659],[0.616626,-0.549297,0.563955]],[[0.359602,0.833781,0.418923],[-0.811837,0.0582349,0.580973],[0.460008,-0.549016,0.697836]],[[0.359602,0.833781,0.418923],[-0.888599,0.168995,0.426418],[0.284743,-0.525595,0.801668]]],"btipPosition":[-29.6489,127.139,42.2645],"carpPosition":[12.0524,81.4989,97.306],"dipPosition":[-24.5558,117.738,56.6036],"direction":[-0.460008,0.549016,-0.697836],"extended":true,"handId":56,"id":560,"length":39.8308,"mcpPosition":[12.0524,81.4989,97.306],"pipPosition":[-12.5688,103.432,74.7879],"stabilizedTipPosition":[-26.1719,125.643,47.0323],"timeVisible":11.7159,"tipPosition":[-27.8026,127.047,48.4325],"tipVelocity":[-36.2201,13.408,-0.227023],"tool":false,"touchDistance":0.169539,"touchZone":"hovering","type":0,"width":15.2554},{"bases":[[[0.979368,0.0443529,-0.197158],[0.123256,0.642038,0.7567],[0.160145,-0.765389,0.623325]],[[0.985628,0.00956337,-0.16866],[0.153644,0.364271,0.918531],[0.0702222,-0.931244,0.357567]],[[0.985628,0.00956337,-0.16866],[0.126941,0.616817,0.776803],[0.111461,-0.787049,0.606738]],[[0.985628,0.00956337,-0.16866],[0.0938846,0.799001,0.593955],[0.14044,-0.601254,0.78662]]],"btipPosition":[5.31343,194.276,35.3095],"carpPosition":[20.9362,96.267,105.211],"dipPosition":[7.14729,186.425,45.5812],"direction":[-0.111461,0.787049,-0.606738],"extended":true,"handId":56,"id":561,"length":44.9446,"mcpPosition":[11.512,141.309,68.5298],"pipPosition":[9.20627,171.886,56.7892],"stabilizedTipPosition":[8.10265,192.875,37.4099],"timeVisible":11.7159,"tipPosition":[4.73531,189.186,34.1478],"tipVelocity":[-45.8501,-2.66432,-5.23064],"tool":false,"touchDistance":0.249917,"touchZone":"hovering","type":1,"width":14.572},{"bases":[[[0.956542,-0.169568,-0.237223],[0.290542,0.623334,0.725976],[0.0247669,-0.763349,0.645511]],[[0.955603,-0.227939,-0.186729],[0.243157,0.252087,0.936657],[-0.166429,-0.940477,0.296319]],[[0.955603,-0.227939,-0.186729],[0.275806,0.468892,0.839089],[-0.103705,-0.853337,0.510942]],[[0.955603,-0.227939,-0.186729],[0.294086,0.698295,0.652609],[-0.0183631,-0.678549,0.734326]]],"btipPosition":[37.8372,203.471,35.4362],"carpPosition":[30.5709,97.934,104.027],"dipPosition":[37.5735,193.725,45.9827],"direction":[0.103705,0.853337,-0.510942],"extended":true,"handId":56,"id":562,"length":51.2108,"mcpPosition":[29.1888,140.534,68.0028],"pipPosition":[35.3197,175.18,57.087],"stabilizedTipPosition":[40.1692,202.272,38.7977],"timeVisible":11.7159,"tipPosition":[36.1382,198.537,33.8379],"tipVelocity":[-45.031,-5.20005,-13.9607],"tool":false,"touchDistance":0.298238,"touchZone":"hovering","type":2,"width":14.3116},{"bases":[[[0.925118,-0.326557,-0.193693],[0.358781,0.584974,0.727379],[-0.124225,-0.742405,0.658333]],[[0.914593,-0.376041,-0.148705],[0.235971,0.197676,0.951442],[-0.328386,-0.905272,0.269528]],[[0.914593,-0.376041,-0.148705],[0.301547,0.389218,0.87039],[-0.269424,-0.840894,0.46937]],[[0.914593,-0.376041,-0.148705],[0.36448,0.607325,0.705911],[-0.175139,-0.699821,0.692515]]],"btipPosition":[65.7604,193.133,39.7906],"carpPosition":[40.1175,97.2257,101.806],"dipPosition":[63.2595,183.14,49.6794],"direction":[0.269424,0.840894,-0.46937],"extended":true,"handId":56,"id":563,"length":49.2406,"mcpPosition":[46.3419,134.424,68.8204],"pipPosition":[57.5553,165.337,59.6168],"stabilizedTipPosition":[68.0209,192.181,43.7809],"timeVisible":11.7159,"tipPosition":[62.8847,188.478,37.9565],"tipVelocity":[-48.6676,-7.7136,-22.8683],"tool":false,"touchDistance":0.285892,"touchZone":"hovering","type":3,"width":13.6184},{"bases":[[[0.83244,-0.502423,-0.2337],[0.485909,0.459158,0.743684],[-0.266339,-0.732629,0.626354]],[[0.790894,-0.593148,-0.15054],[0.249885,0.0884744,0.964225],[-0.558609,-0.800217,0.218193]],[[0.790894,-0.593148,-0.15054],[0.372563,0.271553,0.887387],[-0.485472,-0.757915,0.435755]],[[0.790894,-0.593148,-0.15054],[0.490583,0.4675,0.735372],[-0.365807,-0.655454,0.660731]]],"btipPosition":[88.1234,167.148,46.563],"carpPosition":[48.5984,91.578,96.7289],"dipPosition":[83.3045,158.513,55.2671],"direction":[0.485472,0.757915,-0.435755],"extended":true,"handId":56,"id":564,"length":38.6037,"mcpPosition":[60.9518,125.559,67.6773],"pipPosition":[76.0476,147.184,61.7809],"stabilizedTipPosition":[90.4016,166.616,50.8526],"timeVisible":11.7159,"tipPosition":[84.0873,164.106,44.8782],"tipVelocity":[-52.0423,-7.44731,-28.8508],"tool":false,"touchDistance":0.280092,"touchZone":"hovering","type":4,"width":12.0969}],"r":[[0.33974,0.309428,0.888162],[-0.390734,0.905417,-0.165975],[-0.855514,-0.290646,0.428511]],"s":1.27235,"t":[25.9316,-34.1908,-63.565],"timestamp":17358250733},{"currentFrameRate":110.664,"devices":[],"gestures":[],"hands":[{"armBasis":[[0.879764,0.158962,-0.448047],[0.147981,0.804059,0.57584],[0.451792,-0.572906,0.683859]],"armWidth":48.9085,"confidence":1,"direction":[0.0263614,0.849419,-0.52706],"elbow":[136.856,-50.5633,258.981],"grabAngle":0.100352,"grabStrength":0,"id":56,"palmNormal":[-0.149281,-0.517986,-0.842262],"palmPosition":[30.0406,121.511,75.3798],"palmVelocity":[-57.9836,4.85214,-11.8654],"palmWidth":72.7825,"pinchDistance":63.7558,"pinchStrength":0,"r":[[0.341443,0.307624,0.888135],[-0.390082,0.90608,-0.163873],[-0.855133,-0.290492,0.429373]],"s":1.27124,"sphereCenter":[24.3926,196.281,120.65],"sphereRadius":88.7809,"stabilizedPalmPosition":[33.2479,121.946,75.9129],"t":[25.5237,-34.1772,-63.6501],"timeVisible":11.7245,"type":"right","wrist":[39.2814,73.1682,111.287]}],"id":33185,"interactionBox":{"center":[0,200,0],"size":[235.247,235.247,147.751]},"pointables":[{"bases":[[[0.536412,0.588455,0.604965],[-0.73902,-0.0186575,0.673425],[0.407567,-0.808315,0.424872]],[[0.362672,0.831385,0.421032],[-0.697974,-0.0570349,0.713849],[0.617497,-0.552762,0.5596]],[[0.362672,0.831385,0.421032],[-0.811375,0.0594619,0.581493],[0.458409,-0.552507,0.69613]],[[0.362672,0.831385,0.421032],[-0.88906,0.173236,0.423748],[0.27936,-0.528004,0.801978]]],"btipPosition":[-30.0551,127.409,42.2843],"carpPosition":[11.5429,81.4961,97.113],"dipPosition":[-25.0583,117.965,56.6289],"direction":[-0.458409,0.552507,-0.69613],"extended":true,"handId":56,"id":560,"length":39.8308,"mcpPosition":[11.5429,81.4961,97.113],"pipPosition":[-13.113,103.567,74.7688],"stabilizedTipPosition":[-26.2202,125.635,47.0067],"timeVisible":11.7245,"tipPosition":[-28.3797,127.28,48.4993],"tipVelocity":[-49.8223,30.2093,2.4545],"tool":false,"touchDistance":0.16989,"touchZone":"hovering","type":0,"width":15.2554},{"bases":[[[0.978837,0.043168,-0.200036],[0.126866,0.638982,0.758688],[0.16057,-0.768009,0.619983]],[[0.985143,0.008091,-0.171547],[0.157028,0.362051,0.918837],[0.0695432,-0.932123,0.355401]],[[0.985143,0.008091,-0.171547],[0.130057,0.617194,0.775987],[0.112157,-0.786769,0.606972]],[[0.985143,0.008091,-0.171547],[0.0962684,0.801182,0.590627],[0.142219,-0.598366,0.7885]]],"btipPosition":[4.81871,194.366,35.3825],"carpPosition":[20.4803,96.2173,105.045],"dipPosition":[6.67581,186.553,45.6787],"direction":[-0.112157,0.786769,-0.606972],"extended":true,"handId":56,"id":561,"length":44.9446,"mcpPosition":[11.0311,141.413,68.5605],"pipPosition":[8.74764,172.019,56.891],"stabilizedTipPosition":[8.02087,192.867,37.4197],"timeVisible":11.7245,"tipPosition":[4.25571,189.473,34.4234],"tipVelocity":[-56.9169,11.5448,9.14191],"tool":false,"touchDistance":0.251227,"touchZone":"hovering","type":1,"width":14.572},{"bases":[[[0.955466,-0.170557,-0.240822],[0.294018,0.620065,0.727374],[0.025266,-0.765787,0.642598]],[[0.954534,-0.229649,-0.190071],[0.246529,0.249652,0.936428],[-0.167598,-0.94071,0.294916]],[[0.954534,-0.229649,-0.190071],[0.279588,0.46846,0.838079],[-0.103423,-0.853116,0.511367]],[[0.954534,-0.229649,-0.190071],[0.297648,0.698992,0.650242],[-0.0164688,-0.677253,0.735566]]],"btipPosition":[37.3628,203.528,35.4338],"carpPosition":[30.1146,97.8699,103.837],"dipPosition":[37.1262,193.801,45.998],"direction":[0.103423,0.853116,-0.511367],"extended":true,"handId":56,"id":562,"length":51.2108,"mcpPosition":[28.7046,140.606,67.9757],"pipPosition":[34.8785,175.26,57.1116],"stabilizedTipPosition":[40.0946,202.246,38.7734],"timeVisible":11.7245,"tipPosition":[35.6838,198.756,34.0553],"tipVelocity":[-54.4563,7.14347,0.190619],"tool":false,"touchDistance":0.298265,"touchZone":"hovering","type":2,"width":14.3116},{"bases":[[[0.923869,-0.327645,-0.197776],[0.362186,0.581567,0.728424],[-0.123644,-0.7446,0.65596]],[[0.913356,-0.377391,-0.152832],[0.23974,0.195074,0.951037],[-0.329099,-0.905275,0.268647]],[[0.913356,-0.377391,-0.152832],[0.306011,0.38865,0.869085],[-0.268587,-0.840552,0.470461]],[[0.913356,-0.377391,-0.152832],[0.368786,0.607692,0.703355],[-0.172565,-0.698775,0.694215]]],"btipPosition":[65.2365,193.146,39.6702],"carpPosition":[39.6529,97.1512,101.584],"dipPosition":[62.7723,183.168,49.5833],"direction":[0.268587,0.840552,-0.470461],"extended":true,"handId":56,"id":563,"length":49.2406,"mcpPosition":[45.8481,134.46,68.7173],"pipPosition":[57.0859,165.372,59.5438],"stabilizedTipPosition":[67.9455,192.151,43.7397],"timeVisible":11.7245,"tipPosition":[62.4295,188.623,38.0516],"tipVelocity":[-59.9539,1.94898,-13.351],"tool":false,"touchDistance":0.283978,"touchZone":"hovering","type":3,"width":13.6184},{"bases":[[[0.83072,-0.50318,-0.238146],[0.489116,0.455443,0.743867],[-0.265836,-0.734426,0.624459]],[[0.789379,-0.593909,-0.155413],[0.253769,0.0851625,0.963508],[-0.559001,-0.800012,0.217941]],[[0.789379,-0.593909,-0.155413],[0.377612,0.270128,0.885686],[-0.484036,-0.757827,0.437501]],[[0.789379,-0.593909,-0.155413],[0.495721,0.467318,0.732034],[-0.362135,-0.654893,0.663305]]],"btipPosition":[87.5493,167.145,46.3285],"carpPosition":[48.1068,91.5058,96.4597],"dipPosition":[82.7787,158.518,55.0665],"direction":[0.484036,0.757827,-0.437501],"extended":true,"handId":56,"id":564,"length":38.6037,"mcpPosition":[60.4369,125.57,67.496],"pipPosition":[75.5433,147.189,61.6064],"stabilizedTipPosition":[90.3251,166.587,50.8039],"timeVisible":11.7245,"tipPosition":[83.6028,164.165,44.7997],"tipVelocity":[-65.4827,-0.162594,-26.3683],"tool":false,"touchDistance":0.276313,"touchZone":"hovering","type":4,"width":12.0969}],"r":[[0.341443,0.307624,0.888135],[-0.390082,0.90608,-0.163873],[-0.855133,-0.290492,0.429373]],"s":1.27124,"t":[25.5237,-34.1772,-63.6501],"timestamp":17358259331},{"currentFrameRate":110.79,"devices":[],"gestures":[],"hands":[{"armBasis":[[0.879312,0.154238,-0.450578],[0.152067,0.805647,0.572546],[0.451315,-0.571965,0.684961]],"armWidth":48.9085,"confidence":1,"direction":[0.0267293,0.851443,-0.523765],"elbow":[136.086,-50.3837,258.893],"grabAngle":0.107658,"grabStrength":0,"id":56,"palmNormal":[-0.15383,-0.514208,-0.843758],"palmPosition":[29.3842,121.616,75.2311],"palmVelocity":[-74.55,11.9724,-16.8832],"palmWidth":72.7825,"pinchDistance":63.6895,"pinchStrength":0,"r":[[0.343632,0.305284,0.888099],[-0.389182,0.90695,-0.161178],[-0.854666,-0.290247,0.430468]],"s":1.27,"sphereCenter":[24.539,195.649,119.94],"sphereRadius":87.9063,"stabilizedPalmPosition":[33.1261,121.936,75.8914],"t":[24.9916,-34.1177,-63.767],"timeVisible":11.7333,"type":"right","wrist":[38.6145,73.1446,110.961]}],"id":33186,"interactionBox":{"center":[0,200,0],"size":[235.247,235.247,147.751]},"pointables":[{"bases":[[[0.540267,0.584569,0.605302],[-0.73656,-0.0193341,0.676095],[0.406927,-0.811114,0.420125]],[[0.366628,0.82859,0.423111],[-0.695149,-0.0582891,0.716499],[0.618346,-0.556814,0.554623]],[[0.366628,0.82859,0.423111],[-0.810832,0.0615608,0.582033],[0.456219,-0.556461,0.694417]],[[0.366628,0.82859,0.423111],[-0.889641,0.179144,0.420055],[0.272255,-0.530421,0.802827]]],"btipPosition":[-30.5899,127.786,42.273],"carpPosition":[10.8579,81.5656,96.8735],"dipPosition":[-25.7202,118.299,56.6328],"direction":[-0.456219,0.556461,-0.694417],"extended":true,"handId":56,"id":560,"length":39.8308,"mcpPosition":[10.8579,81.5656,96.8735],"pipPosition":[-13.8319,103.799,74.7281],"stabilizedTipPosition":[-26.2903,125.635,46.9758],"timeVisible":11.7333,"tipPosition":[-29.1245,127.623,48.5493],"tipVelocity":[-64.0632,41.7476,-0.884133],"tool":false,"touchDistance":0.169761,"touchZone":"hovering","type":0,"width":15.2554},{"bases":[[[0.978201,0.0412993,-0.20351],[0.131435,0.635598,0.76075],[0.160769,-0.770915,0.616314]],[[0.984543,0.00591572,-0.175043],[0.161214,0.359973,0.918928],[0.0684469,-0.932944,0.353455]],[[0.984543,0.00591572,-0.175043],[0.133927,0.618622,0.77419],[0.112865,-0.785667,0.608267]],[[0.984543,0.00591572,-0.175043],[0.0992004,0.804827,0.585161],[0.144341,-0.59348,0.7918]]],"btipPosition":[4.18697,194.493,35.381],"carpPosition":[19.865,96.2305,104.831],"dipPosition":[6.07177,186.744,45.7203],"direction":[-0.112865,0.785667,-0.608267],"extended":true,"handId":56,"id":561,"length":44.9446,"mcpPosition":[10.4041,141.597,68.5622],"pipPosition":[8.15668,172.23,56.9566],"stabilizedTipPosition":[7.91049,192.861,37.4307],"timeVisible":11.7333,"tipPosition":[3.652,189.866,34.7004],"tipVelocity":[-71.0328,16.0919,0.957101],"tool":false,"touchDistance":0.251367,"touchZone":"hovering","type":1,"width":14.572},{"bases":[[[0.954093,-0.172197,-0.24506],[0.298418,0.61635,0.728739],[0.0255561,-0.768415,0.639442]],[[0.953143,-0.232163,-0.193953],[0.25059,0.246744,0.936121],[-0.169476,-0.94086,0.29336]],[[0.953143,-0.232163,-0.193953],[0.284269,0.46804,0.836737],[-0.103482,-0.852665,0.512107]],[[0.953143,-0.232163,-0.193953],[0.302174,0.700057,0.647002],[-0.0144319,-0.675293,0.737408]]],"btipPosition":[36.7724,203.634,35.3811],"carpPosition":[29.4993,97.8617,103.594],"dipPosition":[36.5652,193.935,45.9718],"direction":[0.103482,0.852665,-0.512107],"extended":true,"handId":56,"id":562,"length":51.2108,"mcpPosition":[28.0731,140.745,67.9082],"pipPosition":[34.3162,175.404,57.1014],"stabilizedTipPosition":[39.9955,202.221,38.7452],"timeVisible":11.7333,"tipPosition":[35.1096,199.045,34.2477],"tipVelocity":[-66.2859,12.7746,-5.28909],"tool":false,"touchDistance":0.297489,"touchZone":"hovering","type":2,"width":14.3116},{"bases":[[[0.922226,-0.329368,-0.202523],[0.366483,0.577663,0.72938],[-0.123245,-0.746875,0.653444]],[[0.911699,-0.37944,-0.157578],[0.244153,0.191877,0.950564],[-0.330446,-0.905102,0.267575]],[[0.911699,-0.37944,-0.157578],[0.311369,0.387864,0.867532],[-0.268057,-0.839992,0.471761]],[[0.911699,-0.37944,-0.157578],[0.374105,0.608102,0.700184],[-0.169854,-0.697307,0.696356]]],"btipPosition":[64.5868,193.196,39.4929],"carpPosition":[39.0271,97.126,101.303],"dipPosition":[62.1613,183.239,49.4365],"direction":[0.268057,0.839992,-0.471761],"extended":true,"handId":56,"id":563,"length":49.2406,"mcpPosition":[45.2023,134.548,68.5614],"pipPosition":[56.4861,165.455,59.4245],"stabilizedTipPosition":[67.8448,192.119,43.6893],"timeVisible":11.7333,"tipPosition":[61.8467,188.816,38.0987],"tipVelocity":[-72.7863,6.23446,-19.3465],"tool":false,"touchDistance":0.28114,"touchZone":"hovering","type":3,"width":13.6184},{"bases":[[[0.828448,-0.504486,-0.243245],[0.493124,0.451132,0.743847],[-0.265525,-0.736188,0.622514]],[[0.78726,-0.595262,-0.160886],[0.258086,0.0811314,0.962709],[-0.560011,-0.799425,0.217501]],[[0.78726,-0.595262,-0.160886],[0.383473,0.26831,0.883718],[-0.482876,-0.757412,0.439497]],[[0.78726,-0.595262,-0.160886],[0.501878,0.466981,0.728044],[-0.358246,-0.653905,0.666384]]],"btipPosition":[86.8332,167.164,46.0243],"carpPosition":[47.4464,91.4781,96.1238],"dipPosition":[82.1138,158.55,54.8029],"direction":[0.482876,0.757412,-0.439497],"extended":true,"handId":56,"id":564,"length":38.6037,"mcpPosition":[59.762,125.624,67.2503],"pipPosition":[74.8957,147.228,61.3726],"stabilizedTipPosition":[90.2235,166.556,50.7427],"timeVisible":11.7333,"tipPosition":[82.9739,164.254,44.6521],"tipVelocity":[-80.0014,2.49172,-33.4883],"tool":false,"touchDistance":0.271399,"touchZone":"hovering","type":4,"width":12.0969}],"r":[[0.343632,0.305284,0.888099],[-0.389182,0.90695,-0.161178],[-0.854666,-0.290247,0.430468]],"s":1.27,"t":[24.9916,-34.1177,-63.767],"timestamp":17358268135},{"currentFrameRate":111.02,"devices":[],"gestures":[],"hands":[{"armBasis":[[0.877724,0.147473,-0.455908],[0.158428,0.808633,0.56658],[0.452217,-0.569529,0.686393]],"armWidth":48.9085,"confidence":1,"direction":[0.02775,0.85507,-0.51777],"elbow":[135.407,-49.8677,258.703],"grabAngle":0.117307,"grabStrength":0,"id":56,"palmNormal":[-0.160864,-0.507399,-0.846563],"palmPosition":[28.5343,121.833,75.0488],"palmVelocity":[-98.8035,25.2,-21.2016],"palmWidth":72.7825,"pinchDistance":63.6213,"pinchStrength":0,"r":[[0.346645,0.301814,0.888113],[-0.387803,0.908224,-0.157283],[-0.854076,-0.289891,0.431876]],"s":1.26855,"sphereCenter":[24.7775,194.779,119.103],"sphereRadius":86.7127,"stabilizedPalmPosition":[32.9557,121.932,75.8601],"t":[24.3005,-33.9796,-63.9166],"timeVisible":11.7419,"type":"right","wrist":[37.7408,73.1346,110.462]}],"id":33187,"interactionBox":{"center":[0,200,0],"size":[235.247,235.247,147.751]},"pointables":[{"bases":[[[0.546296,0.577714,0.606471],[-0.732888,-0.0208495,0.68003],[0.405507,-0.815973,0.41201]],[[0.372734,0.823875,0.426966],[-0.690942,-0.0607246,0.720355],[0.61941,-0.563509,0.546616]],[[0.372734,0.823875,0.426966],[-0.809725,0.0640395,0.583305],[0.453227,-0.563142,0.690982]],[[0.372734,0.823875,0.426966],[-0.890126,0.187439,0.415381],[0.262192,-0.53488,0.803218]]],"btipPosition":[-31.2884,128.454,42.3072],"carpPosition":[9.9439,81.7122,96.5055],"dipPosition":[-26.5987,118.887,56.674],"direction":[-0.453227,0.563142,-0.690982],"extended":true,"handId":56,"id":560,"length":39.8308,"mcpPosition":[9.9439,81.7122,96.5055],"pipPosition":[-14.7884,104.213,74.6797],"stabilizedTipPosition":[-26.4012,125.652,46.9372],"timeVisible":11.7419,"tipPosition":[-30.0952,128.26,48.677],"tipVelocity":[-86.0206,75.5033,4.15628],"tool":false,"touchDistance":0.1727,"touchZone":"hovering","type":0,"width":15.2554},{"bases":[[[0.97724,0.0383011,-0.208651],[0.138569,0.629485,0.764556],[0.160626,-0.776068,0.609851]],[[0.983585,0.00262321,-0.180426],[0.167751,0.355116,0.919648],[0.0664846,-0.934819,0.348846]],[[0.983585,0.00262321,-0.180426],[0.140102,0.619044,0.772759],[0.113719,-0.785352,0.608515]],[[0.983585,0.00262321,-0.180426],[0.1041,0.808474,0.579252],[0.147389,-0.588526,0.79493]]],"btipPosition":[3.4015,194.835,35.5541],"carpPosition":[19.0623,96.2781,104.518],"dipPosition":[5.3261,187.15,45.9343],"direction":[-0.113719,0.785352,-0.608515],"extended":true,"handId":56,"id":561,"length":44.9446,"mcpPosition":[9.60979,141.948,68.6294],"pipPosition":[7.42679,172.643,57.1752],"stabilizedTipPosition":[7.75956,192.869,37.4497],"timeVisible":11.7419,"tipPosition":[2.91594,190.553,35.2218],"tipVelocity":[-90.2487,41.4712,21.2212],"tool":false,"touchDistance":0.25441,"touchZone":"hovering","type":1,"width":14.572},{"bases":[[[0.951919,-0.174778,-0.2516],[0.305281,0.609707,0.731478],[0.0255566,-0.773117,0.633748]],[[0.950934,-0.235754,-0.200363],[0.256883,0.240675,0.935995],[-0.172442,-0.941539,0.289427]],[[0.950934,-0.235754,-0.200363],[0.291502,0.465651,0.835581],[-0.103692,-0.852988,0.511526]],[[0.950934,-0.235754,-0.200363],[0.309184,0.700192,0.643535],[-0.0114231,-0.673908,0.738727]]],"btipPosition":[36.0407,203.921,35.4824],"carpPosition":[28.697,97.8741,103.239],"dipPosition":[35.8767,194.242,46.0921],"direction":[0.103692,0.852988,-0.511526],"extended":true,"handId":56,"id":562,"length":51.2108,"mcpPosition":[27.2707,141.02,67.871],"pipPosition":[33.6231,175.704,57.2091],"stabilizedTipPosition":[39.8627,202.204,38.7179],"timeVisible":11.7419,"tipPosition":[34.4203,199.57,34.6559],"tipVelocity":[-83.9063,33.8997,12.287],"tool":false,"touchDistance":0.299251,"touchZone":"hovering","type":2,"width":14.3116},{"bases":[[[0.919565,-0.332105,-0.210018],[0.373171,0.570706,0.731463],[-0.123064,-0.751,0.648733]],[[0.909051,-0.38247,-0.165358],[0.25077,0.185234,0.950159],[-0.332778,-0.90521,0.264299]],[[0.909051,-0.38247,-0.165358],[0.319342,0.384556,0.866105],[-0.26767,-0.840139,0.47172]],[[0.909051,-0.38247,-0.165358],[0.382112,0.606903,0.696893],[-0.166185,-0.696696,0.697852]]],"btipPosition":[63.7781,193.387,39.4071],"carpPosition":[38.2085,97.1115,100.889],"dipPosition":[61.4051,183.438,49.3721],"direction":[0.26767,0.840139,-0.47172],"extended":true,"handId":56,"id":563,"length":49.2406,"mcpPosition":[44.3746,134.741,68.3842],"pipPosition":[55.738,165.651,59.3592],"stabilizedTipPosition":[67.7065,192.088,43.6296],"timeVisible":11.7419,"tipPosition":[61.1339,189.182,38.2758],"tipVelocity":[-92.6086,22.3554,-9.4045],"tool":false,"touchDistance":0.279791,"touchZone":"hovering","type":3,"width":13.6184},{"bases":[[[0.824757,-0.506494,-0.251475],[0.499306,0.443498,0.744314],[-0.265462,-0.739441,0.618673]],[[0.783851,-0.597234,-0.169967],[0.26425,0.0731348,0.961677],[-0.561916,-0.798726,0.215146]],[[0.783851,-0.597234,-0.169967],[0.391725,0.263223,0.881627],[-0.481798,-0.757644,0.440279]],[[0.783851,-0.597234,-0.169967],[0.510644,0.464251,0.72368],[-0.353299,-0.654051,0.668878]]],"btipPosition":[85.9269,167.286,45.721],"carpPosition":[46.5729,91.4628,95.6233],"dipPosition":[81.2727,158.67,54.5325],"direction":[0.481798,0.757644,-0.440279],"extended":true,"handId":56,"id":564,"length":38.6037,"mcpPosition":[58.8856,125.76,66.9279],"pipPosition":[74.0708,147.344,61.1139],"stabilizedTipPosition":[90.083,166.523,50.6642],"timeVisible":11.7419,"tipPosition":[82.1762,164.454,44.5112],"tipVelocity":[-103.609,14.1352,-34.379],"tool":false,"touchDistance":0.266471,"touchZone":"hovering","type":4,"width":12.0969}],"r":[[0.346645,0.301814,0.888113],[-0.387803,0.908224,-0.157283],[-0.854076,-0.289891,0.431876]],"s":1.26855,"t":[24.3005,-33.9796,-63.9166],"timestamp":17358276737},{"currentFrameRate":111.234,"devices":[],"gestures":[],"hands":[{"armBasis":[[0.875212,0.141119,-0.462698],[0.164892,0.812187,0.559609],[0.454769,-0.566072,0.687567]],"armWidth":48.9085,"confidence":1,"direction":[0.0284832,0.859