{"frames":51,"data":[{"currentFrameRate":114.93,"devices":[],"gestures":[],"hands":[{"armBasis":[[0.788549,-0.18302,-0.587107],[-0.0252067,-0.963505,0.2665],[-0.614455,-0.195349,-0.764384]],"armWidth":48.9085,"confidence":1,"direction":[-0.00608636,0.922897,-0.384999],"elbow":[-107.265,-16.1136,-79.7458],"grabAngle":0.692952,"grabStrength":0,"id":54,"palmNormal":[-0.242481,-0.374878,-0.894801],"palmPosition":[26.3368,79.7258,71.9309],"palmVelocity":[6.18937,5.83225,-1.94792],"palmWidth":72.7825,"pinchDistance":64.1044,"pinchStrength":0,"r":[[0.998959,-0.0410588,0.0198536],[0.0455864,0.911991,-0.407669],[-0.00136791,0.408149,0.912914]],"s":0.951429,"sphereCenter":[34.9103,97.4686,36.554],"sphereRadius":50.6726,"stabilizedPalmPosition":[26.0154,79.4957,71.8566],"t":[-13.9178,-25.9649,-36.0248],"timeVisible":8.2817,"type":"right","wrist":[25.4399,26.0763,85.3397]}],"id":30504,"interactionBox":{"center":[0,200,0],"size":[235.247,235.247,147.751]},"pointables":[{"bases":[[[0.606074,0.480014,0.63424],[-0.669944,-0.121775,0.732356],[0.428775,-0.868768,0.247778]],[[0.367725,0.802521,0.469829],[-0.646354,-0.142668,0.749581],[0.668584,-0.579315,0.46625]],[[0.367725,0.802521,0.469829],[-0.807913,0.0255175,0.588749],[0.460495,-0.596078,0.65775]],[[0.367725,0.802521,0.469829],[-0.914162,0.219302,0.340902],[0.170546,-0.554857,0.814277]]],"btipPosition":[-32.5936,85.4498,38.432],"carpPosition":[9.15231,36.8612,88.7532],"dipPosition":[-29.5431,75.5253,52.9966],"direction":[-0.460495,0.596078,-0.65775],"extended":true,"handId":54,"id":540,"length":39.8308,"mcpPosition":[9.15231,36.8612,88.7532],"pipPosition":[-17.5435,59.9926,70.1364],"stabilizedTipPosition":[-31.988,83.1497,41.8172],"timeVisible":8.2817,"tipPosition":[-30.2758,83.4726,41.2304],"tipVelocity":[8.19583,2.52766,-2.21078],"tool":false,"touchDistance":-0.236078,"touchZone":"touching","type":0,"width":15.2554},{"bases":[[[0.955343,0.0682953,-0.287499],[0.214745,0.507879,0.834232],[0.202989,-0.858717,0.470533]],[[0.957582,0.0585569,-0.282147],[0.241121,0.373318,0.895821],[0.157787,-0.925854,0.343363]],[[0.957582,0.0585569,-0.282147],[0.157107,0.714717,0.68154],[0.241564,-0.696958,0.675201]],[[0.957582,0.0585569,-0.282147],[0.0329605,0.950451,0.309122],[0.286268,-0.305309,0.908205]]],"btipPosition":[-6.17526,147.852,34.6985],"carpPosition":[19.1516,50.0567,97.9947],"dipPosition":[-2.43718,143.865,46.5578],"direction":[-0.241564,0.696958,-0.675201],"extended":true,"handId":54,"id":541,"length":44.9446,"mcpPosition":[7.20605,100.59,70.3048],"pipPosition":[2.02515,130.991,59.0305],"stabilizedTipPosition":[-5.36396,146.932,37.449],"timeVisible":8.2817,"tipPosition":[-3.811,148.54,38.5643],"tipVelocity":[10.9044,0.273609,-6.22033],"tool":false,"touchDistance":-0.251156,"touchZone":"touching","type":1,"width":14.572},{"bases":[[[0.923284,-0.135937,-0.359261],[0.37757,0.493138,0.783745],[0.0706253,-0.859265,0.506632]],[[0.925932,-0.192407,-0.325006],[0.371527,0.309196,0.875423],[-0.0679468,-0.931331,0.357779]],[[0.925932,-0.192407,-0.325006],[0.370345,0.631398,0.681309],[0.0741196,-0.75121,0.655889]],[[0.925932,-0.192407,-0.325006],[0.299375,0.898526,0.320976],[0.230268,-0.394501,0.889576]]],"btipPosition":[22.3002,156.072,27.6236],"carpPosition":[28.6566,51.8183,96.1077],"dipPosition":[25.6074,150.406,40.3998],"direction":[-0.0741196,0.75121,-0.655888],"extended":true,"handId":54,"id":542,"length":51.2108,"mcpPosition":[24.7152,99.7714,67.834],"pipPosition":[27.2182,134.08,54.6542],"stabilizedTipPosition":[23.0188,154.786,30.605],"timeVisible":8.2817,"tipPosition":[22.8508,154.79,30.6515],"tipVelocity":[4.62901,-2.9827,-7.60463],"tool":false,"touchDistance":-0.244048,"touchZone":"touching","type":2,"width":14.3116},{"bases":[[[0.892506,-0.297689,-0.338843],[0.444629,0.454523,0.771825],[-0.0757518,-0.839518,0.538025]],[[0.883896,-0.362163,-0.295915],[0.404047,0.272691,0.873147],[-0.235528,-0.891335,0.387361]],[[0.883896,-0.362163,-0.295915],[0.464113,0.601208,0.650499],[-0.0576801,-0.712311,0.699489]],[[0.883896,-0.362163,-0.295915],[0.441627,0.854579,0.273241],[0.153925,-0.372201,0.9153]]],"btipPosition":[48.7719,144.305,24.7619],"carpPosition":[37.9106,51.408,92.8266],"dipPosition":[50.9699,138.99,37.832],"direction":[0.0576801,0.712311,-0.699489],"extended":true,"handId":54,"id":543,"length":49.2406,"mcpPosition":[41.7061,93.4725,65.8686],"pipPosition":[49.7487,123.909,52.6414],"stabilizedTipPosition":[49.2591,143.115,27.8338],"timeVisible":8.2817,"tipPosition":[48.2033,142.761,27.5746],"tipVelocity":[-0.00330469,-3.25818,-8.82572],"tool":false,"touchDistance":-0.242822,"touchZone":"touching","type":3,"width":13.6184},{"bases":[[[0.791924,-0.463834,-0.397134],[0.569582,0.326721,0.754208],[-0.220075,-0.823475,0.522929]],[[0.746238,-0.590196,-0.307892],[0.496035,0.184558,0.848462],[-0.443935,-0.78588,0.430482]],[[0.746238,-0.590196,-0.307892],[0.631428,0.481124,0.608127],[-0.21078,-0.648219,0.731699]],[[0.746238,-0.590196,-0.307892],[0.649588,0.746708,0.143046],[0.14548,-0.306749,0.940606]]],"btipPosition":[69.1327,119.767,26.832],"carpPosition":[45.694,46.6041,86.0485],"dipPosition":[71.0492,115.726,39.2231],"direction":[0.21078,0.648219,-0.731699],"extended":true,"handId":54,"id":544,"length":38.6037,"mcpPosition":[55.9016,84.7986,61.7939],"pipPosition":[67.8984,106.036,50.1607],"stabilizedTipPosition":[69.5173,118.832,29.6818],"timeVisible":8.2817,"tipPosition":[68.7954,119.622,30.5755],"tipVelocity":[-1.08278,-0.724679,-5.74651],"tool":false,"touchDistance":-0.252508,"touchZone":"touching","type":4,"width":12.0969}],"r":[[0.998959,-0.0410588,0.0198536],[0.0455864,0.911991,-0.407669],[-0.00136791,0.408149,0.912914]],"s":0.951429,"t":[-13.9178,-25.9649,-36.0248],"timestamp":17334567302},{"currentFrameRate":114.903,"devices":[],"gestures":[],"hands":[{"armBasis":[[0.789582,-0.182637,-0.585836],[-0.0250211,-0.963471,0.266643],[-0.613135,-0.195878,-0.765309]],"armWidth":48.9085,"confidence":1,"direction":[-0.00622185,0.922835,-0.385146],"elbow":[-106.922,-16.1873,-79.9815],"grabAngle":0.696241,"grabStrength":0,"id":54,"palmNormal":[-0.242083,-0.375087,-0.894822],"palmPosition":[26.3707,79.7681,71.8967],"palmVelocity":[3.87722,4.83993,-3.90938],"palmWidth":72.7825,"pinchDistance":64.1393,"pinchStrength":0,"r":[[0.998949,-0.0411237,0.0202235],[0.045797,0.911894,-0.407862],[-0.00166892,0.408359,0.91282]],"s":0.95071,"sphereCenter":[34.9665,97.5276,36.568],"sphereRadius":50.6409,"stabilizedPalmPosition":[26.0721,79.5392,71.863],"t":[-13.8679,-25.9152,-36.0421],"timeVisible":8.29045,"type":"right","wrist":[25.4976,26.1169,85.3036]}],"id":30505,"interactionBox":{"center":[0,200,0],"size":[235.247,235.247,147.751]},"pointables":[{"bases":[[[0.605732,0.480285,0.634362],[-0.670149,-0.121849,0.732157],[0.42894,-0.868608,0.248054]],[[0.367215,0.802816,0.469723],[-0.646429,-0.142838,0.749485],[0.668793,-0.578864,0.466511]],[[0.367215,0.802816,0.469723],[-0.808231,0.0254726,0.588314],[0.460343,-0.595683,0.658215]],[[0.367215,0.802816,0.469723],[-0.914819,0.22046,0.338383],[0.168104,-0.553971,0.815388]]],"btipPosition":[-32.5138,85.4457,38.3565],"carpPosition":[9.19288,36.9013,88.7201],"dipPosition":[-29.5069,75.5371,52.941],"direction":[-0.460343,0.595683,-0.658215],"extended":true,"handId":54,"id":540,"length":39.8308,"mcpPosition":[9.19288,36.9013,88.7201],"pipPosition":[-17.5113,60.0147,70.0929],"stabilizedTipPosition":[-31.9146,83.1572,41.7701],"timeVisible":8.29045,"tipPosition":[-30.237,83.4933,41.1785],"tipVelocity":[7.98191,-0.0434874,-8.10326],"tool":false,"touchDistance":-0.23726,"touchZone":"touching","type":0,"width":15.2554},{"bases":[[[0.955417,0.0685204,-0.287199],[0.21433,0.508071,0.834222],[0.203078,-0.858585,0.470734]],[[0.957822,0.0580467,-0.281438],[0.240674,0.373084,0.896038],[0.157012,-0.92598,0.343378]],[[0.957822,0.0580467,-0.281438],[0.156601,0.715739,0.680584],[0.240941,-0.695952,0.67646]],[[0.957822,0.0580467,-0.281438],[0.032449,0.951274,0.306635],[0.285523,-0.302834,0.909268]]],"btipPosition":[-6.10002,147.842,34.6171],"carpPosition":[19.1854,50.1011,97.9628],"dipPosition":[-2.37167,143.887,46.4903],"direction":[-0.240941,0.695952,-0.67646],"extended":true,"handId":54,"id":541,"length":44.9446,"mcpPosition":[7.23461,100.627,70.2611],"pipPosition":[2.07916,131.031,58.9863],"stabilizedTipPosition":[-5.29386,146.932,37.3907],"timeVisible":8.29045,"tipPosition":[-3.7915,148.562,38.5047],"tipVelocity":[8.34247,-0.303811,-8.93399],"tool":false,"touchDistance":-0.252459,"touchZone":"touching","type":1,"width":14.572},{"bases":[[[0.923439,-0.135732,-0.358939],[0.377175,0.493367,0.78379],[0.0707031,-0.859166,0.50679]],[[0.926095,-0.1924,-0.324546],[0.371072,0.308948,0.875704],[-0.0682182,-0.931415,0.357509]],[[0.926095,-0.1924,-0.324546],[0.369873,0.632705,0.680351],[0.0744419,-0.750111,0.657109]],[[0.926095,-0.1924,-0.324546],[0.298286,0.900102,0.317556],[0.231026,-0.390895,0.89097]]],"btipPosition":[22.3219,156.04,27.5491],"carpPosition":[28.6905,51.8651,96.0786],"dipPosition":[25.64,150.426,40.3453],"direction":[-0.0744419,0.750111,-0.657109],"extended":true,"handId":54,"id":542,"length":51.2108,"mcpPosition":[24.7448,99.8127,67.7962],"pipPosition":[27.2578,134.124,54.6262],"stabilizedTipPosition":[23.0443,154.772,30.5616],"timeVisible":8.29045,"tipPosition":[22.8778,154.824,30.6039],"tipVelocity":[2.76569,-2.22146,-7.98769],"tool":false,"touchDistance":-0.245213,"touchZone":"touching","type":2,"width":14.3116},{"bases":[[[0.892701,-0.297489,-0.338505],[0.444249,0.454769,0.771899],[-0.0756897,-0.839455,0.538132]],[[0.884112,-0.361866,-0.295634],[0.403598,0.272523,0.873407],[-0.235489,-0.891507,0.38699]],[[0.884112,-0.361866,-0.295634],[0.463821,0.602817,0.649216],[-0.0567159,-0.711101,0.700799]],[[0.884112,-0.361866,-0.295634],[0.44076,0.855912,0.270453],[0.155169,-0.369415,0.916218]]],"btipPosition":[48.7645,144.291,24.7024],"carpPosition":[37.9457,51.4569,92.8006],"dipPosition":[50.9802,139.016,37.7856],"direction":[0.0567159,0.711101,-0.700799],"extended":true,"handId":54,"id":543,"length":49.2406,"mcpPosition":[41.7382,93.5182,65.8373],"pipPosition":[49.7794,123.961,52.6227],"stabilizedTipPosition":[49.2632,143.104,27.8001],"timeVisible":8.29045,"tipPosition":[48.238,142.804,27.5383],"tipVelocity":[-0.389774,-0.53251,-6.45544],"tool":false,"touchDistance":-0.243764,"touchZone":"touching","type":3,"width":13.6184},{"bases":[[[0.792184,-0.463672,-0.396803],[0.569244,0.327,0.754342],[-0.220013,-0.823456,0.522987]],[[0.746633,-0.58976,-0.307771],[0.495393,0.184146,0.848926],[-0.443988,-0.786304,0.429652]],[[0.746633,-0.58976,-0.307771],[0.631274,0.482191,0.607442],[-0.20984,-0.647824,0.732319]],[[0.746633,-0.58976,-0.307771],[0.648562,0.748265,0.139521],[0.14801,-0.30378,0.941175]]],"btipPosition":[69.1225,119.782,26.8123],"carpPosition":[45.7327,46.6541,86.0258],"dipPosition":[71.0724,115.78,39.2109],"direction":[0.20984,0.647824,-0.732319],"extended":true,"handId":54,"id":544,"length":38.6037,"mcpPosition":[55.9374,84.8478,61.7686],"pipPosition":[67.9356,106.097,50.1577],"stabilizedTipPosition":[69.5313,118.84,29.6771],"timeVisible":8.29045,"tipPosition":[68.8338,119.667,30.5461],"tipVelocity":[-0.285733,2.80567,-2.05649],"tool":false,"touchDistance":-0.252808,"touchZone":"touching","type":4,"width":12.0969}],"r":[[0.998949,-0.0411237,0.0202235],[0.045797,0.911894,-0.407862],[-0.00166892,0.408359,0.91282]],"s":0.95071,"t":[-13.8679,-25.9152,-36.0421],"timestamp":17334576052},{"currentFrameRate":114.989,"devices":[],"gestures":[],"hands":[{"armBasis":[[0.791013,-0.182356,-0.58399],[-0.0249212,-0.963357,0.267062],[-0.611291,-0.196696,-0.766573]],"armWidth":48.9085,"confidence":1,"direction":[-0.00630361,0.922665,-0.385551],"elbow":[-106.457,-16.3147,-80.2545],"grabAngle":0.700167,"grabStrength":0,"id":54,"palmNormal":[-0.241937,-0.375511,-0.894683],"palmPosition":[26.4101,79.8177,71.8904],"palmVelocity":[4.60645,5.80032,-0.736077],"palmWidth":72.7825,"pinchDistance":64.1687,"pinchStrength":0,"r":[[0.998942,-0.0411472,0.0205445],[0.04595,0.911782,-0.408095],[-0.00194015,0.408607,0.912708]],"s":0.949911,"sphereCenter":[35.0119,97.5045,36.4853],"sphereRadius":50.6577,"stabilizedPalmPosition":[26.1239,79.5819,71.8672],"t":[-13.8232,-25.8655,-36.0539],"timeVisible":8.299,"type":"right","wrist":[25.5647,26.1661,85.3037]}],"id":30506,"interactionBox":{"center":[0,200,0],"size":[235.247,235.247,147.751]},"pointables":[{"bases":[[[0.6056,0.480643,0.634217],[-0.670211,-0.121618,0.732138],[0.42903,-0.868442,0.24848]],[[0.366917,0.803197,0.469304],[-0.646361,-0.142698,0.749569],[0.669021,-0.57837,0.466797]],[[0.366917,0.803197,0.469304],[-0.808416,0.0257071,0.58805],[0.460255,-0.595159,0.65875]],[[0.366917,0.803197,0.469304],[-0.915341,0.221754,0.33612],[0.1659,-0.552901,0.816564]]],"btipPosition":[-32.4379,85.4479,38.3207],"carpPosition":[9.23617,36.956,88.7307],"dipPosition":[-29.4705,75.5584,52.9263],"direction":[-0.460255,0.595159,-0.65875],"extended":true,"handId":54,"id":540,"length":39.8308,"mcpPosition":[9.23617,36.956,88.7307],"pipPosition":[-17.4771,60.0496,70.0921],"stabilizedTipPosition":[-31.8472,83.164,41.732],"timeVisible":8.299,"tipPosition":[-30.1987,83.521,41.1658],"tipVelocity":[7.81545,0.765562,-3.61759],"tool":false,"touchDistance":-0.237776,"touchZone":"touching","type":0,"width":15.2554},{"bases":[[[0.955439,0.0685221,-0.287126],[0.214172,0.508465,0.834023],[0.203142,-0.858352,0.471131]],[[0.958012,0.0572972,-0.280944],[0.240413,0.37343,0.895964],[0.156249,-0.925887,0.343976]],[[0.958012,0.0572972,-0.280944],[0.156213,0.717342,0.678982],[0.240437,-0.694361,0.678272]],[[0.958012,0.0572972,-0.280944],[0.031985,0.952359,0.303298],[0.284937,-0.299549,0.910539]]],"btipPosition":[-6.02121,147.813,34.53],"carpPosition":[19.2259,50.1611,97.9687],"dipPosition":[-2.30051,143.901,46.4197],"direction":[-0.240437,0.694361,-0.678272],"extended":true,"handId":54,"id":541,"length":44.9446,"mcpPosition":[7.27138,100.673,70.2436],"pipPosition":[2.14099,131.075,58.9492],"stabilizedTipPosition":[-5.22982,146.923,37.3278],"timeVisible":8.299,"tipPosition":[-3.76508,148.584,38.4588],"tipVelocity":[9.0119,-2.23936,-9.74911],"tool":false,"touchDistance":-0.253848,"touchZone":"touching","type":1,"width":14.572},{"bases":[[[0.923496,-0.135766,-0.35878],[0.377025,0.493761,0.783615],[0.0707633,-0.858934,0.507173]],[[0.926157,-0.192558,-0.324275],[0.370895,0.309244,0.875674],[-0.0683381,-0.931284,0.357827]],[[0.926157,-0.192558,-0.324275],[0.369588,0.634595,0.678745],[0.0750855,-0.748472,0.658902]],[[0.926157,-0.192558,-0.324275],[0.297242,0.901907,0.313385],[0.232121,-0.386632,0.892544]]],"btipPosition":[22.3338,155.986,27.4606],"carpPosition":[28.731,51.9256,96.0848],"dipPosition":[25.6676,150.433,40.2794],"direction":[-0.0750855,0.748472,-0.658902],"extended":true,"handId":54,"id":542,"length":51.2108,"mcpPosition":[24.7819,99.8602,67.7809],"pipPosition":[27.2994,134.167,54.5993],"stabilizedTipPosition":[23.0613,154.753,30.5154],"timeVisible":8.299,"tipPosition":[22.9127,154.854,30.5635],"tipVelocity":[1.80966,-4.67788,-9.74549],"tool":false,"touchDistance":-0.246602,"touchZone":"touching","type":2,"width":14.3116},{"bases":[[[0.892777,-0.297518,-0.338279],[0.444105,0.455166,0.771747],[-0.0756355,-0.83923,0.538491]],[[0.884226,-0.361685,-0.295514],[0.403511,0.272936,0.873318],[-0.235209,-0.891454,0.387281]],[[0.884226,-0.361685,-0.295514],[0.463777,0.605039,0.647178],[-0.055277,-0.709304,0.702732]],[[0.884226,-0.361685,-0.295514],[0.439913,0.857498,0.266783],[0.156912,-0.365897,0.917332]]],"btipPosition":[48.7378,144.25,24.6249],"carpPosition":[37.9866,51.5172,92.808],"dipPosition":[50.9784,139.025,37.724],"direction":[0.055277,0.709304,-0.702732],"extended":true,"handId":54,"id":543,"length":49.2406,"mcpPosition":[41.7764,93.5672,65.8266],"pipPosition":[49.8081,124.008,52.6021],"stabilizedTipPosition":[49.261,143.092,27.765],"timeVisible":8.299,"tipPosition":[48.2799,142.838,27.5076],"tipVelocity":[-2.45184,-3.45457,-8.63194],"tool":false,"touchDistance":-0.244994,"touchZone":"touching","type":3,"width":13.6184},{"bases":[[[0.792289,-0.46374,-0.396515],[0.569119,0.327406,0.75426],[-0.219959,-0.823256,0.523324]],[[0.746912,-0.589435,-0.307715],[0.495211,0.184293,0.849001],[-0.443721,-0.786513,0.429545]],[[0.746912,-0.589435,-0.307715],[0.631479,0.483892,0.605874],[-0.208222,-0.64685,0.73364]],[[0.746912,-0.589435,-0.307715],[0.647484,0.750044,0.134902],[0.151284,-0.300001,0.941867]]],"btipPosition":[69.0878,119.773,26.781],"carpPosition":[45.775,46.7125,86.0361],"dipPosition":[71.0807,115.821,39.1887],"direction":[0.208222,0.64685,-0.73364],"extended":true,"handId":54,"id":544,"length":38.6037,"mcpPosition":[55.9772,84.8969,61.7632],"pipPosition":[67.9682,106.151,50.1553],"stabilizedTipPosition":[69.5347,118.846,29.6674],"timeVisible":8.299,"tipPosition":[68.8756,119.7,30.5226],"tipVelocity":[-2.90236,0.21966,-3.41633],"tool":false,"touchDistance":-0.253294,"touchZone":"touching","type":4,"width":12.0969}],"r":[[0.998942,-0.0411472,0.0205445],[0.04595,0.911782,-0.408095],[-0.00194015,0.408607,0.912708]],"s":0.949911,"t":[-13.8232,-25.8655,-36.0539],"timestamp":17334584602},{"currentFrameRate":115.008,"devices":[],"gestures":[],"hands":[{"armBasis":[[0.792802,-0.181868,-0.581712],[-0.0251886,-0.963403,0.266873],[-0.608958,-0.196925,-0.768369]],"armWidth":48.9085,"confidence":1,"direction":[-0.00606487,0.922744,-0.385365],"elbow":[-105.918,-16.3402,-80.6951],"grabAngle":0.703777,"grabStrength":0,"id":54,"palmNormal":[-0.242175,-0.375256,-0.894726],"palmPosition":[26.4284,79.8528,71.8726],"palmVelocity":[2.11409,4.05317,-2.05421],"palmWidth":72.7825,"pinchDistance":64.1844,"pinchStrength":0,"r":[[0.998934,-0.0412295,0.0207729],[0.0461188,0.911706,-0.408246],[-0.00210701,0.408769,0.912636]],"s":0.949025,"sphereCenter":[35.0565,97.4135,36.2864],"sphereRadius":50.729,"stabilizedPalmPosition":[26.1675,79.6207,71.868],"t":[-13.7917,-25.8231,-36.0687],"timeVisible":8.30766,"type":"right","wrist":[25.5997,26.19,85.2509]}],"id":30507,"interactionBox":{"center":[0,200,0],"size":[235.247,235.247,147.751]},"pointables":[{"bases":[[[0.605836,0.480326,0.634232],[-0.670151,-0.121554,0.732203],[0.42879,-0.868626,0.248249]],[[0.367171,0.803043,0.469369],[-0.646266,-0.142676,0.749656],[0.668974,-0.578589,0.466593]],[[0.367171,0.803043,0.469369],[-0.808403,0.0259085,0.588059],[0.460076,-0.595357,0.658695]],[[0.367171,0.803043,0.469369],[-0.915527,0.222876,0.334867],[0.164301,-0.552673,0.817042]]],"btipPosition":[-32.3956,85.4949,38.2977],"carpPosition":[9.24326,36.9931,88.7067],"dipPosition":[-29.4569,75.6094,52.9118],"direction":[-0.460076,0.595357,-0.658695],"extended":true,"handId":54,"id":540,"length":39.8308,"mcpPosition":[9.24326,36.9931,88.7067],"pipPosition":[-17.4681,60.0955,70.0761],"stabilizedTipPosition":[-31.7931,83.1883,41.701],"timeVisible":8.30766,"tipPosition":[-30.186,83.5794,41.1572],"tipVelocity":[4.11418,5.53274,-2.43374],"tool":false,"touchDistance":-0.238127,"touchZone":"touching","type":0,"width":15.2554},{"bases":[[[0.955422,0.0682791,-0.28724],[0.214444,0.50823,0.834096],[0.202935,-0.85851,0.470932]],[[0.958185,0.0561805,-0.280579],[0.24045,0.373489,0.895929],[0.155127,-0.925932,0.344363]],[[0.958185,0.0561805,-0.280579],[0.156269,0.718672,0.677563],[0.23971,-0.693076,0.679842]],[[0.958185,0.0561805,-0.280579],[0.0321138,0.95323,0.300536],[0.28434,-0.296979,0.911567]]],"btipPosition":[-5.93848,147.799,34.4638],"carpPosition":[19.2384,50.1933,97.946],"dipPosition":[-2.22558,143.921,46.367],"direction":[-0.23971,0.693076,-0.679842],"extended":true,"handId":54,"id":541,"length":44.9446,"mcpPosition":[7.29604,100.715,70.2325],"pipPosition":[2.20249,131.118,58.9254],"stabilizedTipPosition":[-5.16316,146.915,37.2699],"timeVisible":8.30766,"tipPosition":[-3.73836,148.624,38.4507],"tipVelocity":[9.34297,-0.765632,-7.28389],"tool":false,"touchDistance":-0.2549,"touchZone":"touching","type":1,"width":14.572},{"bases":[[[0.923405,-0.135985,-0.358931],[0.377285,0.493485,0.783663],[0.0705609,-0.859058,0.506992]],[[0.926055,-0.192978,-0.324317],[0.371077,0.309109,0.875645],[-0.0687308,-0.931242,0.357862]],[[0.926055,-0.192978,-0.324317],[0.369748,0.635995,0.677345],[0.0755512,-0.747174,0.66032]],[[0.926055,-0.192978,-0.324317],[0.296805,0.903197,0.310069],[0.233085,-0.383399,0.893687]]],"btipPosition":[22.3484,155.946,27.3985],"carpPosition":[28.7438,51.9551,96.0611],"dipPosition":[25.696,150.44,40.2337],"direction":[-0.0755512,0.747174,-0.66032],"extended":true,"handId":54,"id":542,"length":51.2108,"mcpPosition":[24.806,99.8967,67.7674],"pipPosition":[27.3379,134.202,54.5844],"stabilizedTipPosition":[23.075,154.735,30.4758],"timeVisible":8.30766,"tipPosition":[22.9501,154.898,30.5599],"tipVelocity":[2.04938,-3.35535,-6.73046],"tool":false,"touchDistance":-0.247574,"touchZone":"touching","type":2,"width":14.3116},{"bases":[[[0.892638,-0.297731,-0.338458],[0.444351,0.454872,0.771779],[-0.0758276,-0.839314,0.538334]],[[0.884106,-0.361716,-0.295835],[0.403833,0.272907,0.873178],[-0.235107,-0.89145,0.387351]],[[0.884106,-0.361716,-0.295835],[0.464161,0.606684,0.64536],[-0.0539583,-0.707881,0.704268]],[[0.884106,-0.361716,-0.295835],[0.439588,0.858527,0.263996],[0.158491,-0.363446,0.918035]]],"btipPosition":[48.7056,144.216,24.5629],"carpPosition":[37.9988,51.5445,92.783],"dipPosition":[50.9688,139.026,37.672],"direction":[0.0539583,0.707881,-0.704268],"extended":true,"handId":54,"id":543,"length":49.2406,"mcpPosition":[41.7982,93.5987,65.8095],"pipPosition":[49.8264,124.039,52.5826],"stabilizedTipPosition":[49.2546,143.079,27.7305],"timeVisible":8.30766,"tipPosition":[48.3182,142.876,27.5],"tipVelocity":[-3.11127,-2.96655,-6.89477],"tool":false,"touchDistance":-0.245989,"touchZone":"touching","type":3,"width":13.6184},{"bases":[[[0.79209,-0.46391,-0.396714],[0.569323,0.327076,0.754249],[-0.220148,-0.823291,0.523188]],[[0.746875,-0.5892,-0.308253],[0.49551,0.183997,0.84889],[-0.443449,-0.786758,0.429378]],[[0.746875,-0.5892,-0.308253],[0.63208,0.48508,0.604294],[-0.206523,-0.646173,0.734717]],[[0.746875,-0.5892,-0.308253],[0.646779,0.751352,0.130952],[0.15445,-0.297176,0.942248]]],"btipPosition":[69.0319,119.76,26.7437],"carpPosition":[45.7848,46.7387,86.0091],"dipPosition":[71.0666,115.845,39.1564],"direction":[0.206523,0.646173,-0.734717],"extended":true,"handId":54,"id":544,"length":38.6037,"mcpPosition":[55.9957,84.9247,61.7425],"pipPosition":[67.9794,106.186,50.139],"stabilizedTipPosition":[69.5265,118.849,29.6512],"timeVisible":8.30766,"tipPosition":[68.9042,119.725,30.5022],"tipVelocity":[-5.34649,-0.4979,-4.17453],"tool":false,"touchDistance":-0.253897,"touchZone":"touching","type":4,"width":12.0969}],"r":[[0.998934,-0.0412295,0.0207729],[0.0461188,0.911706,-0.408246],[-0.00210701,0.408769,0.912636]],"s":0.949025,"t":[-13.7917,-25.8231,-36.0687],"timestamp":17334593265},{"currentFrameRate":114.952,"devices":[],"gestures":[],"hands":[{"armBasis":[[0.795036,-0.18126,-0.578846],[-0.0254394,-0.96343,0.266749],[-0.606029,-0.197349,-0.770572]],"armWidth":48.9085,"confidence":1,"direction":[-0.00580917,0.922794,-0.38525],"elbow":[-105.24,-16.3525,-81.1583],"grabAngle":0.707963,"grabStrength":0,"id":54,"palmNormal":[-0.242153,-0.375089,-0.894802],"palmPosition":[26.4513,79.9439,71.9201],"palmVelocity":[2.59845,10.3578,5.39788],"palmWidth":72.7825,"pinchDistance":64.2015,"pinchStrength":0,"r":[[0.998925,-0.0413413,0.0209785],[0.0463051,0.911653,-0.408343],[-0.00224369,0.408875,0.912587]],"s":0.948062,"sphereCenter":[35.0961,97.3368,36.094],"sphereRadius":50.8252,"stabilizedPalmPosition":[26.2052,79.6636,71.8749],"t":[-13.7646,-25.7564,-36.0523],"timeVisible":8.31645,"type":"right","wrist":[25.6454,26.2695,85.2636]}],"id":30508,"interactionBox":{"center":[0,200,0],"size":[235.247,235.247,147.751]},"pointables":[{"bases":[[[0.605869,0.480109,0.634365],[-0.670266,-0.121493,0.732108],[0.428563,-0.868755,0.248192]],[[0.367209,0.802982,0.469445],[-0.64629,-0.142702,0.74963],[0.66893,-0.578668,0.466558]],[[0.367209,0.802982,0.469445],[-0.808493,0.026008,0.587931],[0.459889,-0.595436,0.658755]],[[0.367209,0.802982,0.469445],[-0.915791,0.223815,0.333516],[0.162739,-0.552384,0.81755]]],"btipPosition":[-32.3499,85.5878,38.3285],"carpPosition":[9.25436,37.086,88.7467],"dipPosition":[-29.4391,75.7075,52.9517],"direction":[-0.459889,0.595436,-0.658755],"extended":true,"handId":54,"id":540,"length":39.8308,"mcpPosition":[9.25436,37.086,88.7467],"pipPosition":[-17.4553,60.1916,70.1176],"stabilizedTipPosition":[-31.745,83.2425,41.6971],"timeVisible":8.31645,"tipPosition":[-30.1606,83.6867,41.199],"tipVelocity":[4.46629,10.7013,3.73875],"tool":false,"touchDistance":-0.237579,"touchZone":"touching","type":0,"width":15.2554},{"bases":[[[0.955472,0.0680979,-0.287117],[0.21446,0.508077,0.834185],[0.202684,-0.858615,0.470849]],[[0.958402,0.0552217,-0.280028],[0.240231,0.373719,0.895892],[0.154125,-0.925896,0.344908]],[[0.958402,0.0552217,-0.280028],[0.156042,0.720129,0.676066],[0.23899,-0.691639,0.681557]],[[0.958402,0.0552217,-0.280028],[0.0319503,0.954182,0.297516],[0.283627,-0.294087,0.912726]]],"btipPosition":[-5.85518,147.829,34.4469],"carpPosition":[19.2514,50.2827,97.9889],"dipPosition":[-2.15159,143.989,46.3652],"direction":[-0.23899,0.691639,-0.681557],"extended":true,"handId":54,"id":541,"length":44.9446,"mcpPosition":[7.32383,100.811,70.2803],"pipPosition":[2.26318,131.212,58.9554],"stabilizedTipPosition":[-5.08684,146.93,37.2308],"timeVisible":8.31645,"tipPosition":[-3.70449,148.715,38.4945],"tipVelocity":[9.22818,4.41681,-1.5255],"tool":false,"touchDistance":-0.255123,"touchZone":"touching","type":1,"width":14.572},{"bases":[[[0.923417,-0.136149,-0.358837],[0.377304,0.493301,0.78377],[0.0703051,-0.859137,0.506893]],[[0.926052,-0.193305,-0.324132],[0.371036,0.309304,0.875593],[-0.0690014,-0.931109,0.358155]],[[0.926052,-0.193305,-0.324132],[0.369641,0.637813,0.675692],[0.076121,-0.745538,0.662101]],[[0.926052,-0.193305,-0.324132],[0.296073,0.904709,0.306337],[0.234029,-0.379651,0.89504]]],"btipPosition":[22.3603,155.944,27.3794],"carpPosition":[28.7574,52.0426,96.1054],"dipPosition":[25.7214,150.492,40.234],"direction":[-0.076121,0.745538,-0.662101],"extended":true,"handId":54,"id":542,"length":51.2108,"mcpPosition":[24.8339,99.9886,67.8171],"pipPosition":[27.3758,134.289,54.6235],"stabilizedTipPosition":[23.0884,154.725,30.4438],"timeVisible":8.31645,"tipPosition":[22.996,154.992,30.6142],"tipVelocity":[1.71142,1.14555,-1.66832],"tool":false,"touchDistance":-0.247818,"touchZone":"touching","type":2,"width":14.3116},{"bases":[[[0.89261,-0.297892,-0.338389],[0.444363,0.454675,0.771889],[-0.0760826,-0.839364,0.538219]],[[0.884092,-0.361697,-0.295901],[0.403982,0.273254,0.873001],[-0.234906,-0.891351,0.387701]],[[0.884092,-0.361697,-0.295901],[0.464354,0.60879,0.643234],[-0.0525145,-0.706081,0.706181]],[[0.884092,-0.361697,-0.295901],[0.438984,0.85991,0.260476],[0.160235,-0.36018,0.919018]]],"btipPosition":[48.67,144.216,24.5474],"carpPosition":[38.0127,51.6304,92.8283],"dipPosition":[50.9581,139.073,37.6706],"direction":[0.0525145,0.706081,-0.706181],"extended":true,"handId":54,"id":543,"length":49.2406,"mcpPosition":[41.8249,93.6871,65.8605],"pipPosition":[49.8462,124.124,52.6217],"stabilizedTipPosition":[49.2422,143.07,27.6955],"timeVisible":8.31645,"tipPosition":[48.3678,142.969,27.5581],"tipVelocity":[-3.40186,1.24513,-1.3924],"tool":false,"touchDistance":-0.246193,"touchZone":"touching","type":3,"width":13.6184},{"bases":[[[0.792032,-0.46404,-0.396677],[0.569307,0.326853,0.754358],[-0.220397,-0.823307,0.523059]],[[0.746946,-0.58897,-0.308522],[0.495702,0.18405,0.848767],[-0.443115,-0.786918,0.429429]],[[0.746946,-0.58897,-0.308522],[0.632602,0.486705,0.602439],[-0.204659,-0.645161,0.736126]],[[0.746946,-0.58897,-0.308522],[0.645875,0.752909,0.126388],[0.15785,-0.293672,0.942783]]],"btipPosition":[68.9754,119.789,26.7658],"carpPosition":[45.7984,46.8236,86.0547],"dipPosition":[71.0549,115.92,39.1856],"direction":[0.204659,0.645161,-0.736126],"extended":true,"handId":54,"id":544,"length":38.6037,"mcpPosition":[56.0209,85.0103,61.7941],"pipPosition":[67.9956,106.276,50.1893],"stabilizedTipPosition":[69.5072,118.862,29.6436],"timeVisible":8.31645,"tipPosition":[68.9445,119.806,30.5534],"tipVelocity":[-5.24856,4.46753,2.70114],"tool":false,"touchDistance":-0.253501,"touchZone":"touching","type":4,"width":12.0969}],"r":[[0.998925,-0.0413413,0.0209785],[0.0463051,0.911653,-0.408343],[-0.00224369,0.408875,0.912587]],"s":0.948062,"t":[-13.7646,-25.7564,-36.0523],"timestamp":17334602059},{"currentFrameRate":115.019,"devices":[],"gestures":[],"hands":[{"armBasis":[[0.797539,-0.18043,-0.575653],[-0.0254826,-0.96345,0.266675],[-0.602729,-0.198015,-0.772987]],"armWidth":48.9085,"confidence":1,"direction":[-0.00572925,0.92282,-0.385188],"elbow":[-104.476,-16.3965,-81.5952],"grabAngle":0.712392,"grabStrength":0,"id":54,"palmNormal":[-0.241874,-0.375036,-0.8949],"palmPosition":[26.465,80.0552,72.0381],"palmVelocity":[1.60196,12.9681,13.7476],"palmWidth":72.7825,"pinchDistance":64.221,"pinchStrength":0,"r":[[0.998917,-0.0414235,0.0212017],[0.0464716,0.911617,-0.408405],[-0.00241021,0.408948,0.912554]],"s":0.947054,"sphereCenter":[35.1182,97.2267,35.8886],"sphereRadius":50.9612,"stabilizedPalmPosition":[26.2329,79.7053,71.8923],"t":[-13.7441,-25.6674,-35.9852],"timeVisible":8.32503,"type":"right","wrist":[25.6962,26.3691,85.3482]}],"id":30509,"interactionBox":{"center":[0,200,0],"size":[235.247,235.247,147.751]},"pointables":[{"bases":[[[0.605663,0.480087,0.634578],[-0.670479,-0.121569,0.731901],[0.428521,-0.868756,0.248259]],[[0.366913,0.803077,0.469513],[-0.646386,-0.142874,0.749515],[0.668999,-0.578493,0.466675]],[[0.366913,0.803077,0.469513],[-0.808542,0.0257124,0.587877],[0.460038,-0.59532,0.658756]],[[0.366913,0.803077,0.469513],[-0.916081,0.224153,0.332493],[0.161774,-0.552107,0.817928]]],"btipPosition":[-32.329,85.6823,38.4269],"carpPosition":[9.26471,37.1955,88.8566],"dipPosition":[-29.4354,75.807,53.0569],"direction":[-0.460038,0.59532,-0.658756],"extended":true,"handId":54,"id":540,"length":39.8308,"mcpPosition":[9.26471,37.1955,88.8566],"pipPosition":[-17.4477,60.294,70.2228],"stabilizedTipPosition":[-31.7163,83.3018,41.7304],"timeVisible":8.32503,"tipPosition":[-30.1396,83.7976,41.301],"tipVelocity":[1.97623,11.1474,11.6544],"tool":false,"touchDistance":-0.235912,"touchZone":"touching","type":0,"width":15.2554},{"bases":[[[0.955554,0.0681533,-0.286829],[0.214193,0.508028,0.834284],[0.202576,-0.85864,0.47085]],[[0.958639,0.0545629,-0.279346],[0.239736,0.374242,0.895807],[0.153421,-0.925725,0.345682]],[[0.958639,0.0545629,-0.279346],[0.155449,0.721779,0.674441],[0.238425,-0.68997,0.683444]],[[0.958639,0.0545629,-0.279346],[0.0313771,0.955212,0.294254],[0.28289,-0.290848,0.913992]]],"btipPosition":[-5.79854,147.861,34.4838],"carpPosition":[19.2585,50.3919,98.1026],"dipPosition":[-2.10458,144.063,46.4187],"direction":[-0.238425,0.68997,-0.683444],"extended":true,"handId":54,"id":541,"length":44.9446,"mcpPosition":[7.33728,100.921,70.394],"pipPosition":[2.29976,131.317,59.0437],"stabilizedTipPosition":[-5.02666,146.955,37.2299],"timeVisible":8.32503,"tipPosition":[-3.69231,148.814,38.5986],"tipVelocity":[6.34333,4.85165,4.74374],"tool":false,"touchDistance":-0.254445,"touchZone":"touching","type":1,"width":14.572},{"bases":[[[0.923529,-0.13609,-0.358573],[0.377053,0.493261,0.783916],[0.0701867,-0.85917,0.506854]],[[0.926156,-0.193397,-0.323778],[0.370778,0.309903,0.87549],[-0.068977,-0.930891,0.358726]],[[0.926156,-0.193397,-0.323778],[0.369216,0.640013,0.673842],[0.0769034,-0.743627,0.664157]],[[0.926156,-0.193397,-0.323778],[0.295028,0.90632,0.302561],[0.234932,-0.375743,0.896451]]],"btipPosition":[22.3436,155.95,27.4122],"carpPosition":[28.765,52.1523,96.2221],"dipPosition":[25.7178,150.554,40.2872],"direction":[-0.0769034,0.743627,-0.664157],"extended":true,"handId":54,"id":542,"length":51.2108,"mcpPosition":[24.8481,100.1,67.936],"pipPosition":[27.3891,134.392,54.7213],"stabilizedTipPosition":[23.094,154.722,30.4313],"timeVisible":8.32503,"tipPosition":[23.0201,155.103,30.7331],"tipVelocity":[-1.59406,2.18028,4.37572],"tool":false,"touchDistance":-0.247193,"touchZone":"touching","type":2,"width":14.3116},{"bases":[[[0.892722,-0.297835,-0.338145],[0.444117,0.454638,0.772052],[-0.076211,-0.839404,0.538139]],[[0.884219,-0.361498,-0.295764],[0.403972,0.274054,0.872755],[-0.234444,-0.891187,0.388359]],[[0.884219,-0.361498,-0.295764],[0.464293,0.611287,0.640906],[-0.0508892,-0.704022,0.708353]],[[0.884219,-0.361498,-0.295764],[0.438083,0.861492,0.256738],[0.161988,-0.356582,0.920114]]],"btipPosition":[48.6098,144.228,24.5868],"carpPosition":[38.0213,51.7406,92.9477],"dipPosition":[50.9229,139.136,37.7256],"direction":[0.0508892,0.704022,-0.708353],"extended":true,"handId":54,"id":543,"length":49.2406,"mcpPosition":[41.8399,93.7993,65.984],"pipPosition":[49.8455,124.231,52.7227],"stabilizedTipPosition":[49.2218,143.067,27.6779],"timeVisible":8.32503,"tipPosition":[48.3997,143.084,27.6861],"tipVelocity":[-6.34513,2.73588,5.01073],"tool":false,"touchDistance":-0.245477,"touchZone":"touching","type":3,"width":13.6184},{"bases":[[[0.792167,-0.463983,-0.396474],[0.569071,0.326822,0.75455],[-0.220522,-0.823351,0.522937]],[[0.747189,-0.588643,-0.308558],[0.495862,0.184621,0.848549],[-0.442526,-0.787029,0.429833]],[[0.747189,-0.588643,-0.308558],[0.633014,0.488868,0.600252],[-0.20249,-0.643823,0.737896]],[[0.747189,-0.588643,-0.308558],[0.644721,0.754709,0.12145],[0.161381,-0.28968,0.94342]]],"btipPosition":[68.8971,119.832,26.8471],"carpPosition":[45.8092,46.9346,86.1761],"dipPosition":[71.0231,116.016,39.2753],"direction":[0.20249,0.643823,-0.737896],"extended":true,"handId":54,"id":544,"length":38.6037,"mcpPosition":[56.0375,85.1234,61.9212],"pipPosition":[67.9963,106.392,50.3055],"stabilizedTipPosition":[69.4789,118.884,29.6581],"timeVisible":8.32503,"tipPosition":[68.9723,119.914,30.6789],"tipVelocity":[-7.87859,6.47559,9.70278],"tool":false,"touchDistance":-0.252114,"touchZone":"touching","type":4,"width":12.0969}],"r":[[0.998917,-0.0414235,0.0212017],[0.0464716,0.911617,-0.408405],[-0.00241021,0.408948,0.912554]],"s":0.947054,"t":[-13.7441,-25.6674,-35.9852],"timestamp":17334610639},{"currentFrameRate":114.97,"devices":[],"gestures":[],"hands":[{"armBasis":[[0.800162,-0.179549,-0.572279],[-0.0251441,-0.963344,0.267086],[-0.599257,-0.199323,-0.775346]],"armWidth":48.9085,"confidence":1,"direction":[-0.00601709,0.92265,-0.385591],"elbow":[-103.715,-16.6147,-82.0115],"grabAngle":0.715528,"grabStrength":0,"id":54,"palmNormal":[-0.241462,-0.375528,-0.894804],"palmPosition":[26.4171,80.125,72.1384],"palmVelocity":[-5.45354,7.94757,11.4253],"palmWidth":72.7825,"pinchDistance":64.2357,"pinchStrength":0,"r":[[0.998913,-0.0414017,0.0214397],[0.0465494,0.911556,-0.408532],[-0.0026296,0.409085,0.912492]],"s":0.946129,"sphereCenter":[35.068,97.1228,35.7478],"sphereRadius":51.0609,"stabilizedPalmPosition":[26.249,79.7421,71.9139],"t":[-13.7578,-25.588,-35.9015],"timeVisible":8.33382,"type":"right","wrist":[25.708,26.4334,85.4414]}],"id":30510,"interactionBox":{"center":[0,200,0],"size":[235.247,235.247,147.751]},"pointables":[{"bases":[[[0.605279,0.480623,0.634538],[-0.670632,-0.121538,0.731766],[0.428824,-0.868464,0.248756]],[[0.366328,0.803537,0.469183],[-0.64651,-0.14284,0.749414],[0.6692,-0.577863,0.467169]],[[0.366328,0.803537,0.469183],[-0.808524,0.0253182,0.587918],[0.460535,-0.594716,0.658954]],[[0.366328,0.803537,0.469183],[-0.916379,0.224084,0.331717],[0.161411,-0.551466,0.818432]]],"btipPosition":[-32.3777,85.6997,38.5072],"carpPosition":[9.23048,37.2652,88.9708],"dipPosition":[-29.4906,75.8358,53.1461],"direction":[-0.460535,0.594716,-0.658954],"extended":true,"handId":54,"id":540,"length":39.8308,"mcpPosition":[9.23048,37.2652,88.9708],"pipPosition":[-17.4899,60.3386,70.3172],"stabilizedTipPosition":[-31.7156,83.338,41.7706],"timeVisible":8.33382,"tipPosition":[-30.182,83.8294,41.3843],"tipVelocity":[-5.71175,2.27747,9.37536],"tool":false,"touchDistance":-0.23454,"touchZone":"touching","type":0,"width":15.2554},{"bases":[[[0.955605,0.0684386,-0.286591],[0.213742,0.508482,0.834123],[0.202813,-0.858349,0.47128]],[[0.958787,0.0544279,-0.278866],[0.239185,0.37514,0.895578],[0.153358,-0.925369,0.346661]],[[0.958787,0.0544279,-0.278866],[0.154682,0.723295,0.672992],[0.238332,-0.688391,0.685066]],[[0.958787,0.0544279,-0.278866],[0.0305172,0.956076,0.291526],[0.282484,-0.288022,0.915012]]],"btipPosition":[-5.84584,147.844,34.4943],"carpPosition":[19.216,50.47,98.2138],"dipPosition":[-2.15718,144.083,46.4424],"direction":[-0.238332,0.688391,-0.685066],"extended":true,"handId":54,"id":541,"length":44.9446,"mcpPosition":[7.2809,100.982,70.4799],"pipPosition":[2.24543,131.366,59.0974],"stabilizedTipPosition":[-5.01366,146.965,37.2355],"timeVisible":8.33382,"tipPosition":[-3.76623,148.848,38.6538],"tipVelocity":[-5.52489,-0.955655,1.54136],"tool":false,"touchDistance":-0.254219,"touchZone":"touching","type":1,"width":14.572},{"bases":[[[0.923687,-0.13585,-0.358255],[0.376622,0.493764,0.783807],[0.0704132,-0.858919,0.507247]],[[0.926331,-0.193228,-0.32338],[0.370414,0.310899,0.875292],[-0.0685922,-0.930594,0.359569]],[[0.926331,-0.193228,-0.32338],[0.368599,0.642099,0.672193],[0.0777556,-0.74187,0.66602]],[[0.926331,-0.193228,-0.32338],[0.293922,0.907663,0.299597],[0.235629,-0.372575,0.89759]]],"btipPosition":[22.2456,155.923,27.4155],"carpPosition":[28.7223,52.2336,96.3352],"dipPosition":[25.6297,150.572,40.3068],"direction":[-0.0777556,0.74187,-0.66602],"extended":true,"handId":54,"id":542,"length":51.2108,"mcpPosition":[24.7928,100.167,68.0272],"pipPosition":[27.3196,134.449,54.7814],"stabilizedTipPosition":[23.079,154.716,30.4204],"timeVisible":8.33382,"tipPosition":[22.9521,155.15,30.7973],"tipVelocity":[-10.9026,-1.91859,0.798524],"tool":false,"touchDistance":-0.247076,"touchZone":"touching","type":2,"width":14.3116},{"bases":[[[0.892944,-0.297599,-0.337765],[0.443705,0.455164,0.771979],[-0.0760018,-0.839202,0.538482]],[[0.884471,-0.361166,-0.295415],[0.403805,0.275273,0.872448],[-0.233779,-0.890945,0.389312]],[[0.884471,-0.361166,-0.295415],[0.463962,0.613586,0.638946],[-0.0495029,-0.70219,0.710266]],[[0.884471,-0.361166,-0.295415],[0.43707,0.862943,0.253573],[0.163345,-0.353395,0.921103]]],"btipPosition":[48.4863,144.209,24.5983],"carpPosition":[37.9797,51.8245,93.0636],"dipPosition":[50.8188,139.163,37.7512],"direction":[0.0495029,0.70219,-0.710266],"extended":true,"handId":54,"id":543,"length":49.2406,"mcpPosition":[41.7878,93.8731,66.0827],"pipPosition":[49.7707,124.296,52.7888],"stabilizedTipPosition":[49.1742,143.063,27.6649],"timeVisible":8.33382,"tipPosition":[48.3422,143.143,27.7642],"tipVelocity":[-13.5575,-0.945553,1.67573],"tool":false,"touchDistance":-0.245231,"touchZone":"touching","type":3,"width":13.6184},{"bases":[[[0.792476,-0.463816,-0.396051],[0.56872,0.327394,0.754567],[-0.220315,-0.823218,0.523233]],[[0.747599,-0.588304,-0.308213],[0.49585,0.185672,0.848327],[-0.441847,-0.787035,0.430518]],[[0.747599,-0.588304,-0.308213],[0.633075,0.490941,0.598492],[-0.200781,-0.642554,0.739467]],[[0.747599,-0.588304,-0.308213],[0.643605,0.756271,0.117584],[0.163917,-0.286273,0.944023]]],"btipPosition":[68.7726,119.846,26.9036],"carpPosition":[45.7716,47.0189,86.2963],"dipPosition":[70.932,116.075,39.3397],"direction":[0.200781,0.642554,-0.739467],"extended":true,"handId":54,"id":544,"length":38.6037,"mcpPosition":[55.9903,85.2015,62.0276],"pipPosition":[67.9307,106.47,50.3934],"stabilizedTipPosition":[69.427,118.907,29.6842],"timeVisible":8.33382,"tipPosition":[68.9209,119.978,30.768],"tipVelocity":[-13.3056,2.81697,6.63784],"tool":false,"touchDistance":-0.251142,"touchZone":"touching","type":4,"width":12.0969}],"r":[[0.998913,-0.0414017,0.0214397],[0.0465494,0.911556,-0.408532],[-0.0026296,0.409085,0.912492]],"s":0.946129,"t":[-13.7578,-25.588,-35.9015],"timestamp":17334619421},{"currentFrameRate":114.988,"devices":[],"gesture