{"frames":48,"data":[{"currentFrameRate":115.065,"devices":[],"gestures":[],"hands":[{"armBasis":[[0.845586,0.358004,-0.396002],[0.0560652,0.678142,0.732789],[0.530887,-0.641838,0.553356]],"armWidth":48.9085,"confidence":1,"direction":[-0.00564037,0.811156,-0.584803],"elbow":[177.088,-69.2963,250.45],"grabAngle":0.0206569,"grabStrength":0,"id":56,"palmNormal":[-0.0571706,-0.584117,-0.809653],"palmPosition":[51.0795,115.579,92.955],"palmVelocity":[-3.4252,4.23893,4.92122],"palmWidth":72.7825,"pinchDistance":65.358,"pinchStrength":0,"r":[[0.262363,0.388415,0.883346],[-0.450285,0.858918,-0.243934],[-0.853469,-0.333758,0.400246]],"s":1.28509,"sphereCenter":[32.3963,198.728,140.339],"sphereRadius":98.0037,"stabilizedPalmPosition":[49.8356,114.768,91.1317],"t":[46.161,-40.1374,-46.2279],"timeVisible":13.4156,"type":"right","wrist":[62.4309,69.3227,130.941]}],"id":33378,"interactionBox":{"center":[0,200,0],"size":[235.247,235.247,147.751]},"pointables":[{"bases":[[[0.451767,0.669117,0.590075],[-0.775696,-0.0321082,0.630289],[0.440684,-0.742463,0.504526]],[[0.268114,0.887334,0.37517],[-0.746857,-0.0545442,0.662744],[0.608539,-0.457889,0.648088]],[[0.268114,0.887334,0.37517],[-0.813371,-0.000199585,0.581745],[0.516277,-0.461126,0.721679]],[[0.268114,0.887334,0.37517],[-0.865825,0.0511747,0.497723],[0.422448,-0.458278,0.781997]]],"btipPosition":[-10.9439,114.272,57.7787],"carpPosition":[34.3637,75.7755,116.449],"dipPosition":[-3.38776,106.075,71.766],"direction":[-0.516277,0.461126,-0.721679],"extended":true,"handId":56,"id":560,"length":39.8308,"mcpPosition":[34.3637,75.7755,116.449],"pipPosition":[10.0655,94.0585,90.5716],"stabilizedTipPosition":[-9.65987,112.171,59.709],"timeVisible":13.4156,"tipPosition":[-7.89298,112.033,61.3212],"tipVelocity":[-10.8585,1.04323,6.71957],"tool":false,"touchDistance":0.343422,"touchZone":"hovering","type":0,"width":15.2554},{"bases":[[[0.983229,0.107738,-0.147153],[0.0308478,0.696993,0.716414],[0.17975,-0.708938,0.68198]],[[0.992093,0.0658859,-0.106818],[0.0729816,0.389551,0.918109],[0.102101,-0.918645,0.381663]],[[0.992093,0.0658859,-0.106818],[0.0426159,0.623697,0.780504],[0.118046,-0.778885,0.615958]],[[0.992093,0.0658859,-0.106818],[0.0139564,0.787922,0.615617],[0.124725,-0.612241,0.780772]]],"btipPosition":[23.9108,185.934,49.548],"carpPosition":[41.6504,91.6681,123.787],"dipPosition":[25.5394,177.939,59.7433],"direction":[-0.118046,0.778885,-0.615958],"extended":true,"handId":56,"id":561,"length":44.9446,"mcpPosition":[31.0725,133.388,83.6534],"pipPosition":[27.7201,163.551,71.1216],"stabilizedTipPosition":[23.6651,183.867,51.3981],"timeVisible":13.4156,"tipPosition":[23.681,179.191,46.9292],"tipVelocity":[-3.93186,1.7551,-0.825851],"tool":false,"touchDistance":0.339475,"touchZone":"hovering","type":1,"width":14.572},{"bases":[[[0.978712,-0.109443,-0.173623],[0.200569,0.689439,0.696021],[0.0435282,-0.716028,0.696713]],[[0.979489,-0.155142,-0.128579],[0.174976,0.338436,0.924578],[-0.099925,-0.928112,0.358641]],[[0.979489,-0.155142,-0.128579],[0.192334,0.529589,0.826161],[-0.0600781,-0.833946,0.548566]],[[0.979489,-0.155142,-0.128579],[0.20117,0.716505,0.667946],[-0.0114987,-0.680112,0.733018]]],"btipPosition":[53.9104,196.042,48.4641],"carpPosition":[51.1877,94.001,123.007],"dipPosition":[53.7453,186.274,58.9918],"direction":[0.0600781,0.833946,-0.548566],"extended":true,"handId":56,"id":562,"length":51.2108,"mcpPosition":[48.7585,133.96,84.1254],"pipPosition":[52.4396,168.15,70.9138],"stabilizedTipPosition":[52.8107,193.283,49.818],"timeVisible":13.4156,"tipPosition":[53.6834,190.819,47.789],"tipVelocity":[-0.321739,4.72952,4.84794],"tool":false,"touchDistance":0.341861,"touchZone":"hovering","type":2,"width":14.3116},{"bases":[[[0.956527,-0.265278,-0.121175],[0.271266,0.656681,0.703693],[-0.107101,-0.705972,0.700095]],[[0.947586,-0.310428,-0.0755959],[0.168268,0.283751,0.944019],[-0.271599,-0.90726,0.321114]],[[0.947586,-0.310428,-0.0755959],[0.217926,0.454956,0.863437],[-0.233642,-0.834655,0.498761]],[[0.947586,-0.310428,-0.0755959],[0.264388,0.629024,0.731046],[-0.179385,-0.712716,0.678128]]],"btipPosition":[83.0228,188.099,55.0666],"carpPosition":[60.874,93.8972,121.353],"dipPosition":[80.4613,177.922,64.7499],"direction":[0.233642,0.834655,-0.498761],"extended":true,"handId":56,"id":563,"length":49.2406,"mcpPosition":[66.2404,129.27,86.2747],"pipPosition":[75.5147,160.251,75.3095],"stabilizedTipPosition":[81.4504,185.167,56.052],"timeVisible":13.4156,"tipPosition":[81.3492,183.164,54.2247],"tipVelocity":[-0.89844,3.91593,5.48638],"tool":false,"touchDistance":0.341532,"touchZone":"hovering","type":3,"width":13.6184},{"bases":[[[0.879644,-0.450036,-0.153926],[0.406204,0.542459,0.735348],[-0.247434,-0.70937,0.659977]],[[0.831648,-0.552908,-0.051525],[0.1877,0.19257,0.963164],[-0.522619,-0.810684,0.263931]],[[0.831648,-0.552908,-0.051525],[0.286614,0.347921,0.892639],[-0.475621,-0.757128,0.447819]],[[0.831648,-0.552908,-0.051525],[0.385265,0.507678,0.770606],[-0.399916,-0.660723,0.635226]]],"btipPosition":[108.01,163.444,64.3291],"carpPosition":[70.0327,88.6126,117.135],"dipPosition":[102.742,154.74,72.6972],"direction":[0.475621,0.757128,-0.447819],"extended":true,"handId":56,"id":564,"length":38.6037,"mcpPosition":[81.5093,121.515,86.5237],"pipPosition":[95.6324,143.423,79.3913],"stabilizedTipPosition":[106.008,160.875,65.1287],"timeVisible":13.4156,"tipPosition":[104.587,159.626,62.8905],"tipVelocity":[-0.923162,1.77251,4.24093],"tool":false,"touchDistance":0.342604,"touchZone":"hovering","type":4,"width":12.0969}],"r":[[0.262363,0.388415,0.883346],[-0.450285,0.858918,-0.243934],[-0.853469,-0.333758,0.400246]],"s":1.28509,"t":[46.161,-40.1374,-46.2279],"timestamp":17359950478},{"currentFrameRate":115.14,"devices":[],"gestures":[],"hands":[{"armBasis":[[0.845609,0.358172,-0.3958],[0.0565554,0.677186,0.733636],[0.530798,-0.642754,0.552378]],"armWidth":48.9085,"confidence":1,"direction":[-0.00529291,0.811164,-0.584795],"elbow":[176.975,-69.4559,250.276],"grabAngle":0.0195025,"grabStrength":0,"id":56,"palmNormal":[-0.0576066,-0.58408,-0.80965],"palmPosition":[51.0034,115.629,93.0021],"palmVelocity":[-8.88942,5.86826,5.50486],"palmWidth":72.7825,"pinchDistance":65.3907,"pinchStrength":0,"r":[[0.262586,0.38853,0.883229],[-0.449969,0.859033,-0.24411],[-0.853567,-0.333326,0.400397]],"s":1.28561,"sphereCenter":[32.1691,198.925,140.56],"sphereRadius":98.2339,"stabilizedPalmPosition":[49.8419,114.773,91.1418],"t":[46.1198,-40.0915,-46.1704],"timeVisible":13.4242,"type":"right","wrist":[62.3372,69.3608,130.978]}],"id":33379,"interactionBox":{"center":[0,200,0],"size":[235.247,235.247,147.751]},"pointables":[{"bases":[[[0.452215,0.668869,0.590013],[-0.775618,-0.0316968,0.630406],[0.440361,-0.742704,0.504453]],[[0.268272,0.887489,0.374691],[-0.746709,-0.0541719,0.662942],[0.608651,-0.457634,0.648163]],[[0.268272,0.887489,0.374691],[-0.812774,-0.000272941,0.582579],[0.517135,-0.460829,0.721255]],[[0.268272,0.887489,0.374691],[-0.864852,0.0505552,0.499475],[0.424336,-0.458047,0.781109]]],"btipPosition":[-11.0984,114.309,57.8519],"carpPosition":[34.2698,75.8345,116.498],"dipPosition":[-3.50848,106.116,71.8233],"direction":[-0.517135,0.460829,-0.721255],"extended":true,"handId":56,"id":560,"length":39.8308,"mcpPosition":[34.2698,75.8345,116.498],"pipPosition":[9.96708,94.1073,90.6179],"stabilizedTipPosition":[-9.65719,112.173,59.7208],"timeVisible":13.4242,"tipPosition":[-7.98297,112.116,61.3755],"tipVelocity":[-17.1457,4.42605,8.1297],"tool":false,"touchDistance":0.343456,"touchZone":"hovering","type":0,"width":15.2554},{"bases":[[[0.983264,0.107211,-0.147301],[0.0313303,0.69697,0.716416],[0.179472,-0.709041,0.681947]],[[0.99203,0.065837,-0.107433],[0.0735091,0.390098,0.917834],[0.102337,-0.918417,0.382149]],[[0.99203,0.065837,-0.107433],[0.0430931,0.623944,0.78028],[0.118404,-0.778691,0.616134]],[[0.99203,0.065837,-0.107433],[0.0143854,0.787881,0.61566],[0.125178,-0.612298,0.780654]]],"btipPosition":[23.8226,185.985,49.5806],"carpPosition":[41.5662,91.7231,123.835],"dipPosition":[25.4572,177.989,59.7743],"direction":[-0.118404,0.778691,-0.616134],"extended":true,"handId":56,"id":561,"length":44.9446,"mcpPosition":[31.0046,133.449,83.7037],"pipPosition":[27.6444,163.605,71.1559],"stabilizedTipPosition":[23.6845,183.877,51.4173],"timeVisible":13.4242,"tipPosition":[23.6339,179.272,46.9968],"tipVelocity":[-10.1439,5.90571,3.76599],"tool":false,"touchDistance":0.339344,"touchZone":"hovering","type":1,"width":14.572},{"bases":[[[0.978627,-0.109967,-0.173772],[0.201044,0.689325,0.695997],[0.0432488,-0.716057,0.696701]],[[0.979392,-0.155441,-0.128954],[0.175402,0.33809,0.924624],[-0.100127,-0.928188,0.358387]],[[0.979392,-0.155441,-0.128954],[0.192746,0.528615,0.82669],[-0.0603347,-0.834509,0.547682]],[[0.979392,-0.155441,-0.128954],[0.201627,0.715393,0.668998],[-0.0117371,-0.681212,0.731992]]],"btipPosition":[53.8593,196.125,48.555],"carpPosition":[51.1046,94.0509,123.054],"dipPosition":[53.6907,186.341,59.068],"direction":[0.0603347,0.834509,-0.547682],"extended":true,"handId":56,"id":562,"length":51.2108,"mcpPosition":[48.691,134.012,84.173],"pipPosition":[52.3795,168.205,70.9708],"stabilizedTipPosition":[52.8247,193.291,49.834],"timeVisible":13.4242,"tipPosition":[53.6415,190.878,47.847],"tipVelocity":[-6.06343,9.20171,10.2283],"tool":false,"touchDistance":0.342322,"touchZone":"hovering","type":2,"width":14.3116},{"bases":[[[0.956366,-0.265791,-0.121322],[0.271725,0.65653,0.703658],[-0.107375,-0.705921,0.700105]],[[0.947471,-0.310681,-0.0760036],[0.168717,0.283597,0.943985],[-0.271724,-0.907221,0.321117]],[[0.947471,-0.310681,-0.0760036],[0.218108,0.453789,0.864005],[-0.23394,-0.835197,0.497713]],[[0.947471,-0.310681,-0.0760036],[0.264569,0.627755,0.73207],[-0.179728,-0.713723,0.676977]]],"btipPosition":[82.9686,188.166,55.15],"carpPosition":[60.7906,93.9419,121.399],"dipPosition":[80.4021,177.974,64.8169],"direction":[0.23394,0.835196,-0.497713],"extended":true,"handId":56,"id":563,"length":49.2406,"mcpPosition":[66.1706,129.312,86.3196],"pipPosition":[75.4492,160.291,75.3544],"stabilizedTipPosition":[81.4567,185.172,56.061],"timeVisible":13.4242,"tipPosition":[81.307,183.207,54.2779],"tipVelocity":[-6.47092,7.40339,9.30954],"tool":false,"touchDistance":0.341907,"touchZone":"hovering","type":3,"width":13.6184},{"bases":[[[0.879379,-0.450507,-0.154063],[0.406606,0.542234,0.735291],[-0.247716,-0.709243,0.660009]],[[0.831433,-0.553203,-0.0518171],[0.18839,0.192942,0.962955],[-0.522712,-0.810395,0.264636]],[[0.831433,-0.553203,-0.0518171],[0.286548,0.34702,0.89301],[-0.476034,-0.757327,0.447044]],[[0.831433,-0.553203,-0.0518171],[0.385045,0.506434,0.771534],[-0.400573,-0.661431,0.634074]]],"btipPosition":[107.954,163.483,64.3794],"carpPosition":[69.9458,88.6525,117.179],"dipPosition":[102.677,154.769,72.7323],"direction":[0.476034,0.757326,-0.447044],"extended":true,"handId":56,"id":564,"length":38.6037,"mcpPosition":[81.4354,121.549,86.5663],"pipPosition":[95.5611,143.449,79.4148],"stabilizedTipPosition":[106.016,160.881,65.1407],"timeVisible":13.4242,"tipPosition":[104.533,159.65,62.9339],"tipVelocity":[-6.83678,4.23604,5.4695],"tool":false,"touchDistance":0.342379,"touchZone":"hovering","type":4,"width":12.0969}],"r":[[0.262586,0.38853,0.883229],[-0.449969,0.859033,-0.24411],[-0.853567,-0.333326,0.400397]],"s":1.28561,"t":[46.1198,-40.0915,-46.1704],"timestamp":17359959036},{"currentFrameRate":115.083,"devices":[],"gestures":[],"hands":[{"armBasis":[[0.845658,0.357671,-0.39615],[0.0576713,0.676654,0.734039],[0.530601,-0.643592,0.551591]],"armWidth":48.9085,"confidence":1,"direction":[-0.0045266,0.811544,-0.584274],"elbow":[176.747,-69.6121,250.095],"grabAngle":0.0184074,"grabStrength":0,"id":56,"palmNormal":[-0.0586381,-0.58349,-0.810001],"palmPosition":[50.8563,115.691,93.0259],"palmVelocity":[-16.7485,7.10107,2.712],"palmWidth":72.7825,"pinchDistance":65.4299,"pinchStrength":0,"r":[[0.262928,0.388445,0.883164],[-0.449526,0.859267,-0.244106],[-0.853695,-0.332823,0.400541]],"s":1.28619,"sphereCenter":[31.9214,199.1,140.795],"sphereRadius":98.4471,"stabilizedPalmPosition":[49.85,114.78,91.1567],"t":[46.0256,-40.0374,-46.1297],"timeVisible":13.433,"type":"right","wrist":[62.1518,69.3857,130.967]}],"id":33380,"interactionBox":{"center":[0,200,0],"size":[235.247,235.247,147.751]},"pointables":[{"bases":[[[0.453265,0.667937,0.590264],[-0.775411,-0.03115,0.630689],[0.439647,-0.743566,0.503806]],[[0.269018,0.887313,0.374573],[-0.746603,-0.0535698,0.663109],[0.608451,-0.458045,0.64806]],[[0.269018,0.887313,0.374573],[-0.812002,-0.000201076,0.583655],[0.51796,-0.461167,0.720446]],[[0.269018,0.887313,0.374573],[-0.863521,0.0499592,0.501832],[0.426569,-0.458453,0.779653]]],"btipPosition":[-11.3386,114.409,57.9081],"carpPosition":[34.0831,75.9024,116.503],"dipPosition":[-3.70878,106.209,71.8534],"direction":[-0.51796,0.461167,-0.720446],"extended":true,"handId":56,"id":560,"length":39.8308,"mcpPosition":[34.0831,75.9024,116.503],"pipPosition":[9.78829,94.1916,90.6269],"stabilizedTipPosition":[-9.65633,112.177,59.7371],"timeVisible":13.433,"tipPosition":[-8.15522,112.273,61.4183],"tipVelocity":[-26.2947,11.2363,5.70551],"tool":false,"touchDistance":0.343196,"touchZone":"hovering","type":0,"width":15.2554},{"bases":[[[0.983337,0.1061,-0.147616],[0.0324639,0.696472,0.716849],[0.178868,-0.709697,0.681423]],[[0.991971,0.0652582,-0.108326],[0.0745697,0.389994,0.917793],[0.10214,-0.918502,0.381996]],[[0.991971,0.0652582,-0.108326],[0.0441833,0.623762,0.780365],[0.118495,-0.778885,0.61587]],[[0.991971,0.0652582,-0.108326],[0.0154577,0.787588,0.616009],[0.125516,-0.612738,0.780255]]],"btipPosition":[23.694,186.09,49.6387],"carpPosition":[41.4017,91.7774,123.847],"dipPosition":[25.333,178.088,59.8273],"direction":[-0.118495,0.778885,-0.61587],"extended":true,"handId":56,"id":561,"length":44.9446,"mcpPosition":[30.8757,133.542,83.7467],"pipPosition":[27.5219,163.7,71.204],"stabilizedTipPosition":[23.6993,183.892,51.4389],"timeVisible":13.433,"tipPosition":[23.5488,179.415,47.0902],"tipVelocity":[-14.5159,11.7977,6.48252],"tool":false,"touchDistance":0.339598,"touchZone":"hovering","type":1,"width":14.572},{"bases":[[[0.978424,-0.111055,-0.174224],[0.202161,0.688633,0.696359],[0.0426426,-0.716556,0.696225]],[[0.979157,-0.156315,-0.129679],[0.17626,0.336755,0.924948],[-0.100914,-0.928526,0.357289]],[[0.979157,-0.156315,-0.129679],[0.193709,0.526791,0.827628],[-0.0610575,-0.835498,0.546091]],[[0.979157,-0.156315,-0.129679],[0.202733,0.713682,0.670491],[-0.0122587,-0.682806,0.730497]]],"btipPosition":[53.7834,196.252,48.6881],"carpPosition":[50.9427,94.0939,123.064],"dipPosition":[53.6074,186.446,59.1795],"direction":[0.0610575,0.835498,-0.546091],"extended":true,"handId":56,"id":562,"length":51.2108,"mcpPosition":[48.5629,134.083,84.2095],"pipPosition":[52.2804,168.288,71.0477],"stabilizedTipPosition":[52.8376,193.301,49.8519],"timeVisible":13.433,"tipPosition":[53.5698,190.98,47.9322],"tipVelocity":[-8.8322,13.9359,14.5756],"tool":false,"touchDistance":0.343344,"touchZone":"hovering","type":2,"width":14.3116},{"bases":[[[0.955992,-0.266885,-0.121866],[0.272804,0.655745,0.703972],[-0.107967,-0.706237,0.699695]],[[0.947111,-0.311583,-0.0767882],[0.169489,0.282506,0.944174],[-0.272495,-0.907252,0.320374]],[[0.947111,-0.311583,-0.0767882],[0.218721,0.451675,0.864957],[-0.234823,-0.836006,0.495936]],[[0.947111,-0.311583,-0.0767882],[0.26534,0.625785,0.733477],[-0.180486,-0.715059,0.675363]]],"btipPosition":[82.8914,188.251,55.2627],"carpPosition":[60.6279,93.9741,121.405],"dipPosition":[80.3142,178.04,64.9066],"direction":[0.234823,0.836006,-0.495936],"extended":true,"handId":56,"id":563,"length":49.2406,"mcpPosition":[66.0376,129.36,86.3463],"pipPosition":[75.3426,160.341,75.4064],"stabilizedTipPosition":[81.463,185.177,56.0715],"timeVisible":13.433,"tipPosition":[81.2319,183.267,54.346],"tipVelocity":[-9.06455,9.21301,12.2199],"tool":false,"touchDistance":0.34266,"touchZone":"hovering","type":3,"width":13.6184},{"bases":[[[0.878766,-0.451486,-0.154695],[0.407557,0.541264,0.735479],[-0.248328,-0.709361,0.659651]],[[0.830755,-0.554154,-0.0525325],[0.189343,0.192577,0.962841],[-0.523446,-0.809832,0.264909]],[[0.830755,-0.554154,-0.0525325],[0.286876,0.345362,0.893547],[-0.47702,-0.757389,0.445885]],[[0.830755,-0.554154,-0.0525325],[0.385397,0.504523,0.77261],[-0.401641,-0.662095,0.632704]]],"btipPosition":[107.86,163.506,64.4231],"carpPosition":[69.775,88.6762,117.178],"dipPosition":[102.569,154.784,72.758],"direction":[0.47702,0.757389,-0.445885],"extended":true,"handId":56,"id":564,"length":38.6037,"mcpPosition":[81.2929,121.578,86.582],"pipPosition":[95.4385,143.463,79.4232],"stabilizedTipPosition":[106.024,160.889,65.1566],"timeVisible":13.433,"tipPosition":[104.43,159.668,62.9681],"tipVelocity":[-11.0453,2.4666,4.50203],"tool":false,"touchDistance":0.342068,"touchZone":"hovering","type":4,"width":12.0969}],"r":[[0.262928,0.388445,0.883164],[-0.449526,0.859267,-0.244106],[-0.853695,-0.332823,0.400541]],"s":1.28619,"t":[46.0256,-40.0374,-46.1297],"timestamp":17359967823},{"currentFrameRate":115.103,"devices":[],"gestures":[],"hands":[{"armBasis":[[0.845742,0.357469,-0.396152],[0.0582263,0.676165,0.734446],[0.530406,-0.644218,0.551047]],"armWidth":48.9085,"confidence":1,"direction":[-0.00363269,0.811857,-0.583845],"elbow":[176.413,-69.7221,249.946],"grabAngle":0.0167553,"grabStrength":0,"id":56,"palmNormal":[-0.0590885,-0.583003,-0.810319],"palmPosition":[50.6109,115.747,93.0189],"palmVelocity":[-28.3582,6.46591,-0.812416],"palmWidth":72.7825,"pinchDistance":65.4804,"pinchStrength":0,"r":[[0.26325,0.388232,0.883162],[-0.448993,0.859568,-0.244025],[-0.853876,-0.332294,0.400595]],"s":1.28684,"sphereCenter":[31.5036,199.274,141],"sphereRadius":98.6728,"stabilizedPalmPosition":[49.8578,114.79,91.176],"t":[45.8559,-39.9824,-46.1129],"timeVisible":13.4416,"type":"right","wrist":[61.8599,69.411,130.935]}],"id":33381,"interactionBox":{"center":[0,200,0],"size":[235.247,235.247,147.751]},"pointables":[{"bases":[[[0.453833,0.667175,0.590688],[-0.77554,-0.0307171,0.630551],[0.438832,-0.744267,0.50348]],[[0.269318,0.887267,0.374468],[-0.746807,-0.0530985,0.662917],[0.608068,-0.458191,0.648317]],[[0.269318,0.887267,0.374468],[-0.811521,-0.000284994,0.584323],[0.518557,-0.461257,0.719959]],[[0.269318,0.887267,0.374468],[-0.862459,0.0491906,0.50373],[0.428523,-0.458627,0.778479]]],"btipPosition":[-11.6623,114.48,57.9008],"carpPosition":[33.7947,75.9625,116.472],"dipPosition":[-3.99744,106.277,71.8251],"direction":[-0.518557,0.461257,-0.719959],"extended":true,"handId":56,"id":560,"length":39.8308,"mcpPosition":[33.7947,75.9625,116.472],"pipPosition":[9.51519,94.2576,90.5859],"stabilizedTipPosition":[-9.65986,112.183,59.7569],"timeVisible":13.4416,"tipPosition":[-8.40848,112.405,61.3984],"tipVelocity":[-36.4693,8.1654,-1.39974],"tool":false,"touchDistance":0.342028,"touchZone":"hovering","type":0,"width":15.2554},{"bases":[[[0.983465,0.105206,-0.147407],[0.0330406,0.69606,0.717223],[0.17806,-0.710234,0.681074]],[[0.991961,0.064867,-0.10865],[0.0750674,0.389563,0.917935],[0.10187,-0.918713,0.381562]],[[0.991961,0.064867,-0.10865],[0.0448063,0.622938,0.780987],[0.118343,-0.779577,0.615024]],[[0.991961,0.064867,-0.10865],[0.0161606,0.786646,0.617193],[0.125505,-0.613988,0.779274]]],"btipPosition":[23.4796,186.206,49.6807],"carpPosition":[41.1279,91.8264,123.826],"dipPosition":[25.1185,178.189,59.8564],"direction":[-0.118343,0.779577,-0.615024],"extended":true,"handId":56,"id":561,"length":44.9446,"mcpPosition":[30.6494,133.622,83.7461],"pipPosition":[27.3046,163.788,71.2176],"stabilizedTipPosition":[23.7055,183.91,51.4621],"timeVisible":13.4416,"tipPosition":[23.3751,179.537,47.1278],"tipVelocity":[-24.7847,13.0435,4.51443],"tool":false,"touchDistance":0.339557,"touchZone":"hovering","type":1,"width":14.572},{"bases":[[[0.978341,-0.11193,-0.174131],[0.202733,0.688063,0.696756],[0.0418251,-0.716966,0.695852]],[[0.979032,-0.156894,-0.129929],[0.176542,0.335253,0.92544],[-0.101637,-0.928972,0.355921]],[[0.979032,-0.156894,-0.129929],[0.194087,0.524715,0.828857],[-0.0618671,-0.836695,0.544164]],[[0.979032,-0.156894,-0.129929],[0.203293,0.711778,0.672343],[-0.0130061,-0.684658,0.728748]]],"btipPosition":[53.6126,196.384,48.8078],"carpPosition":[50.6713,94.1339,123.045],"dipPosition":[53.4258,186.551,59.2741],"direction":[0.0618671,0.836695,-0.544164],"extended":true,"handId":56,"id":562,"length":51.2108,"mcpPosition":[48.3371,134.146,84.2119],"pipPosition":[52.0812,168.367,71.1004],"stabilizedTipPosition":[52.849,193.314,49.8731],"timeVisible":13.4416,"tipPosition":[53.4069,191.076,47.9858],"tipVelocity":[-20.0294,14.5387,13.1674],"tool":false,"touchDistance":0.344052,"touchZone":"hovering","type":2,"width":14.3116},{"bases":[[[0.955747,-0.267766,-0.121858],[0.273343,0.655102,0.704361],[-0.108775,-0.7065,0.699304]],[[0.946876,-0.312231,-0.0770596],[0.169652,0.281388,0.944478],[-0.273212,-0.907377,0.31941]],[[0.946876,-0.312231,-0.0770596],[0.218678,0.449395,0.866155],[-0.235811,-0.836992,0.493799]],[[0.946876,-0.312231,-0.0770596],[0.265499,0.623708,0.735186],[-0.181486,-0.716589,0.673471]]],"btipPosition":[82.7202,188.342,55.3704],"carpPosition":[60.3566,94.0054,121.388],"dipPosition":[80.1287,178.11,64.9873],"direction":[0.235811,0.836992,-0.493799],"extended":true,"handId":56,"id":563,"length":49.2406,"mcpPosition":[65.8068,129.405,86.3488],"pipPosition":[75.1362,160.389,75.4419],"stabilizedTipPosition":[81.469,185.185,56.0854],"timeVisible":13.4416,"tipPosition":[81.065,183.328,54.3963],"tipVelocity":[-20.1615,9.98726,11.7358],"tool":false,"touchDistance":0.343251,"touchZone":"hovering","type":3,"width":13.6184},{"bases":[[[0.878344,-0.452273,-0.154797],[0.407977,0.540471,0.73583],[-0.249132,-0.709465,0.659237]],[[0.830291,-0.55482,-0.0528328],[0.189647,0.192119,0.962873],[-0.524071,-0.809485,0.264735]],[[0.830291,-0.55482,-0.0528328],[0.286531,0.343633,0.894325],[-0.478034,-0.757688,0.444289]],[[0.830291,-0.55482,-0.0528328],[0.385107,0.502611,0.773999],[-0.402876,-0.662991,0.630979]]],"btipPosition":[107.67,163.542,64.4752],"carpPosition":[69.4991,88.7006,117.16],"dipPosition":[102.363,154.809,72.7874],"direction":[0.478034,0.757688,-0.444289],"extended":true,"handId":56,"id":564,"length":38.6037,"mcpPosition":[81.0544,121.607,86.5829],"pipPosition":[95.2168,143.483,79.4287],"stabilizedTipPosition":[106.031,160.9,65.1767],"timeVisible":13.4416,"tipPosition":[104.237,159.69,62.9991],"tipVelocity":[-22.4195,3.86261,5.42072],"tool":false,"touchDistance":0.341898,"touchZone":"hovering","type":4,"width":12.0969}],"r":[[0.26325,0.388232,0.883162],[-0.448993,0.859568,-0.244025],[-0.853876,-0.332294,0.400595]],"s":1.28684,"t":[45.8559,-39.9824,-46.1129],"timestamp":17359976476},{"currentFrameRate":115.116,"devices":[],"gestures":[],"hands":[{"armBasis":[[0.845759,0.356573,-0.396921],[0.0593161,0.67646,0.734087],[0.530257,-0.644405,0.550972]],"armWidth":48.9085,"confidence":1,"direction":[-0.00250254,0.812207,-0.583363],"elbow":[175.962,-69.7451,249.847],"grabAngle":0.0153121,"grabStrength":0,"id":56,"palmNormal":[-0.0600606,-0.582434,-0.810656],"palmPosition":[50.2489,115.797,92.9598],"palmVelocity":[-41.7689,5.74331,-6.82242],"palmWidth":72.7825,"pinchDistance":65.5347,"pinchStrength":0,"r":[[0.263647,0.387878,0.883199],[-0.448318,0.859971,-0.243847],[-0.854109,-0.331664,0.400621]],"s":1.28745,"sphereCenter":[31.0415,199.382,141.1],"sphereRadius":98.8076,"stabilizedPalmPosition":[49.8629,114.803,91.1992],"t":[45.59,-39.93,-46.134],"timeVisible":13.4503,"type":"right","wrist":[61.4414,69.4281,130.852]}],"id":33382,"interactionBox":{"center":[0,200,0],"size":[235.247,235.247,147.751]},"pointables":[{"bases":[[[0.454901,0.66615,0.591023],[-0.775502,-0.029938,0.630635],[0.437792,-0.745216,0.502982]],[[0.270208,0.887029,0.374389],[-0.746845,-0.0523021,0.662939],[0.607627,-0.458741,0.648341]],[[0.270208,0.887029,0.374389],[-0.811038,0.000150518,0.584994],[0.51885,-0.461713,0.719455]],[[0.270208,0.887029,0.374389],[-0.861383,0.0490023,0.505587],[0.430124,-0.459105,0.777313]]],"btipPosition":[-12.0989,114.584,57.8534],"carpPosition":[33.3767,76.0234,116.392],"dipPosition":[-4.40545,106.372,71.7568],"direction":[-0.518851,0.461713,-0.719455],"extended":true,"handId":56,"id":560,"length":39.8308,"mcpPosition":[33.3767,76.0234,116.392],"pipPosition":[9.11483,94.3405,90.5045],"stabilizedTipPosition":[-9.67169,112.192,59.7798],"timeVisible":13.4503,"tipPosition":[-8.7879,112.562,61.3435],"tipVelocity":[-49.6327,11.7009,-6.02581],"tool":false,"touchDistance":0.340376,"touchZone":"hovering","type":0,"width":15.2554},{"bases":[[[0.983601,0.103831,-0.147474],[0.0341686,0.695585,0.717631],[0.177093,-0.710901,0.68063]],[[0.991992,0.0637537,-0.109027],[0.0759516,0.388584,0.918278],[0.10091,-0.919205,0.38063]],[[0.991992,0.0637537,-0.109027],[0.0459821,0.621694,0.781909],[0.117631,-0.780661,0.613784]],[[0.991992,0.0637537,-0.109027],[0.0175371,0.785353,0.6188],[0.125075,-0.615756,0.777946]]],"btipPosition":[23.1933,186.35,49.7057],"carpPosition":[40.7344,91.872,123.754],"dipPosition":[24.8266,178.31,59.8641],"direction":[-0.117631,0.780661,-0.613784],"extended":true,"handId":56,"id":561,"length":44.9446,"mcpPosition":[30.3129,133.707,83.7001],"pipPosition":[26.9995,163.889,71.2023],"stabilizedTipPosition":[23.6998,183.935,51.4866],"timeVisible":13.4503,"tipPosition":[23.1036,179.67,47.1261],"tipVelocity":[-33.1876,16.0283,2.41991],"tool":false,"touchDistance":0.339249,"touchZone":"hovering","type":1,"width":14.572},{"bases":[[[0.97815,-0.113281,-0.174326],[0.203846,0.687349,0.697136],[0.0408506,-0.717439,0.695422]],[[0.978786,-0.158062,-0.130358],[0.177146,0.333214,0.92606],[-0.102938,-0.929508,0.354145]],[[0.978786,-0.158062,-0.130358],[0.194923,0.522439,0.830098],[-0.0631029,-0.837898,0.542166]],[[0.978786,-0.158062,-0.130358],[0.204404,0.709878,0.674012],[-0.0139972,-0.686359,0.727128]]],"btipPosition":[53.3659,196.513,48.892],"carpPosition":[50.2811,94.1658,122.973],"dipPosition":[53.1648,186.655,59.335],"direction":[0.0631028,0.837898,-0.542166],"extended":true,"handId":56,"id":562,"length":51.2108,"mcpPosition":[48.0014,134.204,84.1639],"pipPosition":[51.7934,168.445,71.1179],"stabilizedTipPosition":[52.8577,193.331,49.8995],"timeVisible":13.4503,"tipPosition":[53.1522,191.17,47.9942],"tipVelocity":[-28.8501,14.1974,9.09676],"tool":false,"touchDistance":0.344162,"touchZone":"hovering","type":2,"width":14.3116},{"bases":[[[0.955332,-0.269114,-0.122142],[0.274408,0.654278,0.704713],[-0.109733,-0.706752,0.6989]],[[0.946465,-0.31333,-0.0776376],[0.170139,0.279815,0.944858],[-0.274328,-0.907484,0.318144]],[[0.946465,-0.31333,-0.0776376],[0.219109,0.446949,0.867311],[-0.237054,-0.83789,0.491676]],[[0.946465,-0.31333,-0.0776376],[0.266238,0.621693,0.736624],[-0.18254,-0.717859,0.671832]]],"btipPosition":[82.4572,188.414,55.429],"carpPosition":[59.966,94.0239,121.315],"dipPosition":[79.8506,178.164,65.0225],"direction":[0.237054,0.83789,-0.491676],"extended":true,"handId":56,"id":563,"length":49.2406,"mcpPosition":[65.4643,129.436,86.2958],"pipPosition":[74.8318,160.424,75.4321],"stabilizedTipPosition":[81.4739,185.195,56.1047],"timeVisible":13.4503,"tipPosition":[80.8045,183.371,54.3919],"tipVelocity":[-30.7529,7.82266,6.13713],"tool":false,"touchDistance":0.343057,"touchZone":"hovering","type":3,"width":13.6184},{"bases":[[[0.87765,-0.453485,-0.15518],[0.408876,0.539429,0.736096],[-0.2501,-0.709484,0.658849]],[[0.829751,-0.555536,-0.0537877],[0.190209,0.190856,0.963013],[-0.524723,-0.809292,0.264031]],[[0.829751,-0.555536,-0.0537877],[0.286748,0.34163,0.895022],[-0.478842,-0.758069,0.442767]],[[0.829751,-0.555536,-0.0537877],[0.385621,0.500945,0.774823],[-0.403498,-0.663651,0.629886]]],"btipPosition":[107.354,163.56,64.4717],"carpPosition":[69.1001,88.7081,117.082],"dipPosition":[102.038,154.817,72.7695],"direction":[0.478842,0.758069,-0.442767],"extended":true,"handId":56,"id":564,"length":38.6037,"mcpPosition":[80.7003,121.615,86.5232],"pipPosition":[94.8803,143.486,79.3881],"stabilizedTipPosition":[106.033,160.913,65.2011],"timeVisible":13.4503,"tipPosition":[103.944,159.684,62.9705],"tipVelocity":[-36.7075,1.79002,-0.782853],"tool":false,"touchDistance":0.34094,"touchZone":"hovering","type":4,"width":12.0969}],"r":[[0.263647,0.387878,0.883199],[-0.448318,0.859971,-0.243847],[-0.854109,-0.331664,0.400621]],"s":1.28745,"t":[45.59,-39.93,-46.134],"timestamp":17359985141},{"currentFrameRate":115.171,"devices":[],"gestures":[],"hands":[{"armBasis":[[0.845502,0.355234,-0.398667],[0.0606308,0.677909,0.732641],[0.530519,-0.643621,0.551636]],"armWidth":48.9085,"confidence":1,"direction":[-0.0011071,0.813453,-0.58163],"elbow":[175.433,-69.5858,249.792],"grabAngle":0.0148803,"grabStrength":0,"id":56,"palmNormal":[-0.0612518,-0.580593,-0.811887],"palmPosition":[49.7288,115.866,92.8398],"palmVelocity":[-60.5512,8.03098,-13.9707],"palmWidth":72.7825,"pinchDistance":65.6201,"pinchStrength":0,"r":[[0.264134,0.387121,0.883386],[-0.44747,0.86056,-0.243324],[-0.854403,-0.331019,0.400528]],"s":1.28806,"sphereCenter":[30.4904,199.337,141.128],"sphereRadius":98.7899,"stabilizedPalmPosition":[49.8608,114.82,91.2249],"t":[45.197,-39.8693,-46.2046],"timeVisible":13.4589,"type":"right","wrist":[60.8559,69.4182,130.654]}],"id":33383,"interactionBox":{"center":[0,200,0],"size":[235.247,235.247,147.751]},"pointables":[{"bases":[[[0.456211,0.664055,0.59237],[-0.775458,-0.0298644,0.630693],[0.436506,-0.747087,0.501322]],[[0.271197,0.886294,0.375414],[-0.746821,-0.0522966,0.662965],[0.607215,-0.460161,0.64772]],[[0.271197,0.886294,0.375414],[-0.810612,-3.9558e-7,0.585584],[0.519,-0.463123,0.71844]],[[0.271197,0.886294,0.375414],[-0.860569,0.0485665,0.507014],[0.43113,-0.46057,0.775888]]],"btipPosition":[-12.6936,114.753,57.7279],"carpPosition":[32.7875,76.0735,116.19],"dipPosition":[-4.9821,106.515,71.6058],"direction":[-0.519,0.463123,-0.71844],"extended":true,"handId":56,"id":560,"length":39.8308,"mcpPosition":[32.7875,76.0735,116.19],"pipPosition":[8.54206,94.4472,90.3271],"stabilizedTipPosition":[-9.69771,112.206,59.8036],"timeVisible":13.4589,"tipPosition":[-9.32981,112.807,61.2239],"tipVelocity":[-68.7439,19.0513,-15.2924],"tool":false,"touchDistance":0.337701,"touchZone":"hovering","type":0,"width":15.2554},{"bases":[[[0.983766,0.102346,-0.147409],[0.0355524,0.69399,0.719107],[0.175898,-0.712674,0.679085]],[[0.992056,0.0623758,-0.109244],[0.0769956,0.385675,0.919416],[0.099482,-0.920524,0.377809]],[[0.992056,0.0623758,-0.109244],[0.0474361,0.618816,0.784102],[0.116511,-0.783055,0.610942]],[[0.992056,0.0623758,-0.109244],[0.0192383,0.78297,0.621762],[0.124318,-0.618925,0.77555]]],"btipPosition":[22.782,186.604,49.8035],"carpPosition":[40.1753,91.8928,123.584],"dipPosition":[24.4054,178.523,59.9306],"direction":[-0.116511,0.783055,-0.610942],"extended":true,"handId":56,"id":561,"length":44.9446,"mcpPosition":[29.8241,133.832,83.6215],"pipPosition":[26.5576,164.057,71.2163],"stabilizedTipPosition":[23.6758,183.971,51.5151],"timeVisible":13.4589,"tipPosition":[22.6954,179.91,47.1709],"tipVelocity":[-48.1471,28.4637,10.5481],"tool":false,"touchDistance":0.340017,"touchZone":"hovering","type":1,"width":14.572},{"bases":[[[0.977914,-0.114697,-0.174722],[0.205211,0.685486,0.698568],[0.0396458,-0.718994,0.693884]],[[0.978483,-0.159325,-0.131098],[0.177906,0.329684,0.927177],[-0.104501,-0.93055,0.350935]],[[0.978483,-0.159325,-0.131098],[0.196005,0.519319,0.831799],[-0.0644445,-0.839597,0.539373]],[[0.978483,-0.159325,-0.131098],[0.20579,0.707769,0.675806],[-0.0148855,-0.688243,0.725327]]],"btipPosition":[52.9775,196.707,49.0164],"carpPosition":[49.7261,94.1708,122.807],"dipPosition":[52.7638,186.822,59.4336],"direction":[0.0644445,0.839597,-0.539373],"extended":true,"handId":56,"id":562,"length":51.2108,"mcpPosition":[47.5136,134.296,84.0836],"pipPosition":[51.3632,168.575,71.1558],"stabilizedTipPosition":[52.8593,193.355,49.9321],"timeVisible":13.4589,"tipPosition":[52.7639,191.346,48.0526],"tipVelocity":[-45.5472,21.8784,13.7927],"tool":false,"touchDistance":0.344857,"touchZone":"hovering","type":2,"width":14.3116},{"bases":[[[0.954819,-0.2706,-0.122868],[0.275714,0.652271,0.706063],[-0.110917,-0.708039,0.697409]],[[0.945926,-0.314704,-0.0786504],[0.170699,0.276741,0.945662],[-0.275838,-0.907951,0.315496]],[[0.945926,-0.314704,-0.0786504],[0.219874,0.443773,0.868746],[-0.238495,-0.839063,0.488972]],[[0.945926,-0.314704,-0.0786504],[0.267488,0.619576,0.737954],[-0.183507,-0.719088,0.670252]]],"btipPosition":[82.0569,188.528,55.5059],"carpPosition":[59.4105,94.0147,121.146],"dipPosition":[79.4365,178.26,65.0768],"direction":[0.238495,0.839063,-0.488972],"extended":true,"handId":56,"id":563,"length":49.2406,"mcpPosition":[64.968,129.491,86.2025],"pipPosition":[74.3871,160.495,75.4292],"stabilizedTipPosition":[81.4736,185.211,56.1301],"timeVisible":13.4589,"tipPosition":[80.4057,183.475,54.4228],"tipVelocity":[-46.9796,12.758,8.34859],"tool":false,"touchDistance":0.34316,"touchZone":"hovering","type":3,"width":13.6184},{"bases":[[[0.876795,-0.454758,-0.156286],[0.409977,0.537109,0.737179],[-0.251295,-0.710429,0.657375]],[[0.828949,-0.556563,-0.0555015],[0.190547,0.187714,0.963564],[-0.525866,-0.809321,0.261657]],[[0.828949,-0.556563,-0.0555015],[0.287325,0.338593,0.895991],[-0.479883,-0.758678,0.440591]],[[0.828949,-0.556563,-0.0555015],[0.386863,0.498857,0.77555],[-0.403956,-0.664363,0.628841]]],"btipPosition":[106.896,163.606,64.4697],"carpPosition":[68.5341,88.6913,116.901],"dipPosition":[101.574,154.854,72.7538],"direction":[0.479883,0.758678,-0.440591],"extended":true,"handId":56,"id":564,"length":38.6037,"mcpPosition":[80.1897,121.642,86.4108],"pipPosition":[94.4007,143.513,79.3398],"stabilizedTipPosition":[106.024,160.929,65.2296],"timeVisible":13.4589,"tipPosition":[103.505,159.724,62.9443],"tipVelocity":[-53.4872,5.13428,-0.602379],"tool":false,"touchDistance":0.340102,"touchZone":"hovering","type":4,"width":12.0969}],"r":[[0.264134,0.387121,0.883386],[-0.44747,0.86056,-0.243324],[-0.854403,-0.331019,0.400528]],"s":1.28806,"t":[45.197,-39.8693,-46.2046],"timestamp":17359993731},{"currentFrameRate":115.137,"devices":[],"gestures":[],"hands":[{"armBasis":[[0.844736,0.353334,-0.401965],[0.0621833,0.681192,0.729459],[0.531558,-0.641196,0.553456]],"armWidth":48.9085,"confidence":1,"direction":[0.000149894,0.816255,-0.577692],"elbow":[174.892,-69.1097,249.795],"grabAngle":0.0166185,"grabStrength":0,"id":56,"palmNormal":[-0.0627343,-0.576546,-0.814653],"palmPosition":[49.0126,115.974,92.6281],"palmVelocity":[-81.9303,12.3248,-24.2163],"palmWidth":72.7825,"pinchDistance":65.7053,"pinchStrength":0,"r":[[0.264753,0.385561,0.883883],[-0.44649,0.861434,-0.24203],[-0.854724,-0.330567,0.400216]],"s":1.28852,"sphereCenter":[29.8839,199.099,141.139],"sphereRadius":98.6043,"stabilizedPalmPosition":[49.8445,114.842,91.2519],"t":[44.6424,-39.7851,-46.3458],"timeVisible":13.4676,"type":"right","wrist":[60.0906,69.3706,130.264]}],"id":33384,"interactionBox":{"center":[0,200,0],"size":[235.247,235.247,147.751]},"pointables":[{"bases":[[[0.457745,0.660324,0.59535],[-0.775212,-0.0314511,0.630918],[0.435335,-0.750322,0.497494]],[[0.27246,0.884438,0.378861],[-0.746318,-0.0542553,0.663375],[0.607269,-0.463494,0.645289]],[[0.27246,0.884438,0.378861],[-0.810059,-0.00162311,0.586346],[0.519202,-0.466655,0.716004]],[[0.27246,0.884438,0.378861],[-0.859756,0.0470173,0.508537],[0.431956,-0.464284,0.773211]]],"btipPosition":[-13.4959,115.072,57.5403],"carpPosition":[32.0073,76.1008,115.794],"dipPosition":[-5.76966,106.768,71.3704],"direction":[-0.519202,0.466655,-0.716004],"extended":true,"handId":56,"id":560,"length":39.8308,"mcpPosition":[32.0073,76.1008,115.794],"pipPosition":[7.75977,94.6076,90.0281],"stabilizedTipPosition":[-9.74996,112.231,59.8273],"timeVisible":13.4676,"tipPosition":[-10.0772,113.178,61.0246],"tipVelocity":[-91.3893,34.727,-22.7185],"tool":false,"touchDistance":0.334285,"touchZone":"hovering","type":0,"width":15.2554},{"bases":[[[0.983887,0.101204,-0.147391],[0.0372046,0.690438,0.722434],[0.174877,-0.716278,0.675548]],[[0.992173,0.0607139,-0.109121],[0.0780286,0.380815,0.921353],[0.0974937,-0.922656,0.373097]],[[0.992173,0.0607139,-0.109121],[0.0489326,0.614933,0.78706],[0.114887,-0.786239,0.607148]],[[0.992173,0.0607139,-0.109121],[0.02105,0.780024,0.625395],[0.123087,-0.622797,0.772641]]],"btipPosition":[22.2067,186.973,49.9511],"carpPosition":[39.4286,91.8703,123.261],"dipPosition":[23.8139,178.841,60.0403],"direction":[-0.114887,0.786239,-0.607148],"extended":true,"handId":56,"id":561,"length":44.9446,"mcpPosition":[29.1374,134.022,83.5064],"pipPosition":[25.9362,164.317,71.2559],"stabilizedTipPosition":[23.6228,184.026,51.5516],"timeVisible":13.4676,"tipPosition":[22.0792,180.297,47.2914],"tipVelocity":[-66.2377,40.8716,15.8914],"tool":false,"touchDistance":0.341432,"touchZone":"hovering","type":1,"width":14.572},{"bases":[[[0.977613,-0.115694,-0.17575],[0.206837,0.681714,0.701772],[0.0386205,-0.722413,0.690382]],[[0.978117,-0.160576,-0.1323],[0.178871,0.324212,0.92892],[-0.106269,-0.932257,0.345839]],[[0.978117,-0.160576,-0.1323],[0.197403,0.515361,0.833927],[-0.0657262,-0.841795,0.535781]],[[0.978117,-0.160576,-0.1323],[0.20748,0.705467,0.677694],[-0.015488,-0.690313,0.723345]]],"btipPosition":[52.3935,197.001,49.1892],"carpPosition":[48.9832,94.134,122.49],"dipPosition":[52.1711,187.087,59.578],"direction":[0.0657262,0.841795,-0.535782],"extended":true,"handId":56,"id":562,"length":51.2108,"mcpPosition":[46.8279,134.45,83.9621],"pipPosition":[50.7426,168.792,71.2221],"stabilizedTipPosition":[52.8459,193.39,49.9747],"timeVisible":13.4676,"tipPosition":[52.1688,191.666,48.2078],"tipVelocity":[-67.0347,32.8874,19.0198],"tool":false,"touchDistance":0.346198,"touchZone":"hovering","type":2,"width":14.3116},{"bases":[[[0.954248,-0.271801,-0.124638],[0.27728,0.64833,0.709072],[-0.11192,-0.711191,0.694033]],[[0.945318,-0.316,-0.0807329],[0.171631,0.271489,0.947014],[-0.277339,-0.909086,0.310879]],[[0.945318,-0.316,-0.0807329],[0.22131,0.439661,0.870471],[-0.239574,-0.840739,0.485553]],[[0.945318,-0.316,-0.0807329],[0.26942,0.617084,0.739338],[-0.183812,-0.72066,0.668478]]],"btipPosition":[81.4416,188.736,55.6081],"carpPosition":[58.6665,93.9677,120.824],"dipPosition":[78.8168,178.445,65.1537],"direction":[0.239574,0.840739,-0.485553],"extended":true,"handId":56,"id":563,"length":49.2406,"mcpPosition":[64.2743,129.602,86.0493],"pipPosition":[73.7446,160.645,75.4337],"stabilizedTipPosition":[81.4606,185.235,56.1643],"timeVisible":13.4676,"tipPosition":[79.8004,183.715,54.5293],"tipVelocity":[-70.4965,23.1578,11.0219],"tool":false,"touchDistance":0.343623,"touchZone":"hovering","type":3,"width":13.6184},{"bases":[[[0.875861,-0.455649,-0.158908],[0.411341,0.532766,0.739567],[-0.252322,-0.713123,0.654056]],[[0.828124,-0.557427,-0.0590384],[0.19119,0.181878,0.964555],[-0.526931,-0.810059,0.257192]],[[0.828124,-0.557427,-0.0590384],[0.288854,0.334104,0.897183],[-0.480389,-0.760033,0.437694]],[[0.828124,-0.557427,-0.0590384],[0.389261,0.496093,0.776123],[-0.403344,-0.665708,0.627811]]],"btipPosition":[106.215,163.746,64.4487],"carpPosition":[67.7781,88.6476,116.549],"dipPosition":[100.902,154.976,72.7192],"direction":[0.480389,0.760033,-0.437694],"extended":true,"handId":56,"id":564,"length":38.6037,"mcpPosition":[79.4813,121.724,86.2123],"pipPosition":[93.721,143.615,79.2619],"stabilizedTipPosition":[105.994,160.953,65.2628],"timeVisible":13.4676,"tipPosition":[102.862,159.879,62.9271],"tipVelocity":[-77.5923,15.4638,-2.75798],"tool":false,"touchDistance":0.339063,"touchZone":"hovering","type":4,"width":12.0969}],"r":[[0.264753,0.385561,0.883883],[-0.44649,0.861434,-0.24203],[-0.854724,-0.330567,0.400216]],"s":1.28852,"t":[44.6424,-39.7851,-46.3458],"timestamp":17360002473},{"currentFrameRate":115.138,"devices":[],"gestures":[],"hands":[{"armBasis":[[0.843316,0.351757,-0.406307],[0.0631788,0.685902,0.724946],[0.53369