{"frames":54,"data":[{"currentFrameRate":109.487,"devices":[],"gestures":[],"hands":[{"armBasis":[[0.908068,0.0571538,-0.414906],[0.348102,0.447865,0.823555],[0.232891,-0.892273,0.386796]],"armWidth":48.9085,"confidence":1,"direction":[-0.169222,0.846495,-0.504787],"elbow":[121.639,-109.445,235.052],"grabAngle":2.71508,"grabStrength":0,"id":60,"palmNormal":[-0.333464,-0.531142,-0.778903],"palmPosition":[53.7416,133.271,121.567],"palmVelocity":[12.324,12.5865,6.15805],"palmWidth":72.7825,"pinchDistance":57.8745,"pinchStrength":0,"r":[[0.941238,0.106553,0.320497],[-0.163444,0.974117,0.156146],[-0.295563,-0.199354,0.934291]],"s":1.1254,"sphereCenter":[36.3821,134.126,94.7204],"sphereRadius":38.053,"stabilizedPalmPosition":[51.2578,133.545,120.983],"t":[38.0096,-35.6535,-35.5653],"timeVisible":9.62586,"type":"right","wrist":[71.341,83.2611,151.515]}],"id":38304,"interactionBox":{"center":[0,200,0],"size":[235.247,235.247,147.751]},"pointables":[{"bases":[[[0.638442,0.625551,0.448417],[-0.531236,-0.0634311,0.844846],[0.556938,-0.777601,0.291818]],[[0.401068,0.859552,0.316725],[-0.676533,0.0448235,0.735047],[0.617614,-0.509079,0.599493]],[[0.401068,0.859552,0.316725],[-0.604985,-0.0110799,0.79616],[0.68785,-0.510928,0.515572]],[[0.401068,0.859552,0.316725],[-0.645608,0.0199428,0.763409],[0.649873,-0.510659,0.562932]]],"btipPosition":[-9.917,135.022,99.4914],"carpPosition":[44.2917,92.2472,146.932],"dipPosition":[1.70702,125.888,109.56],"direction":[-0.68785,0.510928,-0.515572],"extended":true,"handId":60,"id":600,"length":39.8308,"mcpPosition":[44.2917,92.2472,146.932],"pipPosition":[19.6311,112.574,122.995],"stabilizedTipPosition":[-10.5661,131.358,103.605],"timeVisible":9.62586,"tipPosition":[-5.81147,131.709,100.651],"tipVelocity":[16.7011,18.4744,3.80971],"tool":false,"touchDistance":0.53012,"touchZone":"hovering","type":0,"width":15.2554},{"bases":[[[0.885872,0.106126,-0.451628],[0.281929,0.649962,0.705737],[0.368438,-0.75252,0.545864]],[[0.927266,0.00429276,-0.374379],[0.300092,0.589408,0.750029],[0.223882,-0.807824,0.54525]],[[0.927266,0.00429276,-0.374379],[0.279462,0.657498,0.699712],[0.249157,-0.753444,0.608476]],[[0.927266,0.00429276,-0.374379],[0.244493,0.750347,0.614168],[0.283551,-0.66103,0.694722]]],"btipPosition":[16.7042,200.923,82.0553],"carpPosition":[54.0423,107.564,152.393],"dipPosition":[20.4068,192.291,91.1269],"direction":[-0.249157,0.753444,-0.608476],"extended":true,"handId":60,"id":601,"length":44.9446,"mcpPosition":[32.3605,151.849,120.27],"pipPosition":[25.0093,178.373,102.367],"stabilizedTipPosition":[16.3503,197.953,83.0994],"timeVisible":9.62586,"tipPosition":[13.9644,190.907,79.8461],"tipVelocity":[5.43988,12.9928,12.8696],"tool":false,"touchDistance":0.286158,"touchZone":"hovering","type":1,"width":14.572},{"bases":[[[0.866376,-0.108886,-0.487377],[0.435658,0.641868,0.631037],[0.24412,-0.759045,0.603536]],[[0.850179,-0.0631749,-0.522691],[-0.218959,0.860422,-0.460141],[0.478804,0.50565,0.71768]],[[0.850179,-0.0631749,-0.522691],[-0.505206,-0.377342,-0.776131],[-0.148201,0.923917,-0.352725]],[[0.850179,-0.0631749,-0.522691],[-0.280623,-0.894374,-0.348347],[-0.445474,0.442836,-0.778106]]],"btipPosition":[41.241,107.131,107.418],"carpPosition":[62.884,109.838,148.697],"dipPosition":[34.843,113.492,96.2429],"direction":[0.148201,-0.923917,0.352725],"extended":false,"handId":60,"id":602,"length":51.2108,"mcpPosition":[49.2603,152.198,115.015],"pipPosition":[31.6222,133.571,88.5771],"stabilizedTipPosition":[38.3039,107.601,105.131],"timeVisible":9.62586,"tipPosition":[36.9615,111.043,100.903],"tipVelocity":[15.5429,17.6222,1.34879],"tool":false,"touchDistance":0.580797,"touchZone":"none","type":2,"width":14.3116},{"bases":[[[0.857534,-0.267474,-0.439424],[0.504003,0.607924,0.613521],[0.103035,-0.747586,0.656124]],[[0.849812,-0.222164,-0.477977],[-0.0970924,0.825331,-0.556239],[0.518066,0.519107,0.679806]],[[0.849812,-0.222164,-0.477977],[-0.527014,-0.373071,-0.763593],[-0.00867619,0.900811,-0.434124]],[[0.849812,-0.222164,-0.477977],[-0.380391,-0.886228,-0.26439],[-0.364858,0.4065,-0.837637]]],"btipPosition":[54.0501,104.589,109.053],"carpPosition":[71.5095,109.734,143.989],"dipPosition":[48.8401,110.394,97.0915],"direction":[0.00867619,-0.900811,0.434124],"extended":false,"handId":60,"id":603,"length":49.2406,"mcpPosition":[66.3468,147.192,111.114],"pipPosition":[48.6564,129.466,87.9003],"stabilizedTipPosition":[50.6798,104.99,106.088],"timeVisible":9.62586,"tipPosition":[50.3362,102.558,103.438],"tipVelocity":[12.4272,16.0726,4.71348],"tool":false,"touchDistance":0.605026,"touchZone":"none","type":3,"width":13.6184},{"bases":[[[0.768553,-0.448947,-0.455822],[0.638355,0.49047,0.593247],[-0.0427692,-0.746918,0.66354]],[[0.768146,-0.356303,-0.531978],[-0.00426394,0.827993,-0.560722],[0.640261,0.432985,0.6345]],[[0.768146,-0.356303,-0.531978],[-0.625369,-0.239271,-0.742741],[0.137354,0.903215,-0.406616]],[[0.768146,-0.356303,-0.531978],[-0.564336,-0.769242,-0.299654],[-0.302452,0.530392,-0.791964]]],"btipPosition":[65.2611,107.081,105.328],"carpPosition":[78.6485,104.627,136.739],"dipPosition":[61.2767,114.068,94.8946],"direction":[-0.137354,-0.903215,0.406616],"extended":false,"handId":60,"id":604,"length":38.6037,"mcpPosition":[80.6322,139.271,105.963],"pipPosition":[63.3299,127.57,88.8164],"stabilizedTipPosition":[62.2455,107.666,102.74],"timeVisible":9.62586,"tipPosition":[61.457,107.347,99.6027],"tipVelocity":[12.1932,16.5579,3.24745],"tool":false,"touchDistance":0.548799,"touchZone":"none","type":4,"width":12.0969}],"r":[[0.941238,0.106553,0.320497],[-0.163444,0.974117,0.156146],[-0.295563,-0.199354,0.934291]],"s":1.1254,"t":[38.0096,-35.6535,-35.5653],"timestamp":17403371358},{"currentFrameRate":109.777,"devices":[],"gestures":[],"hands":[{"armBasis":[[0.908166,0.0578483,-0.414593],[0.347474,0.448141,0.82367],[0.233444,-0.892089,0.386886]],"armWidth":48.9085,"confidence":1,"direction":[-0.169762,0.846984,-0.503785],"elbow":[121.901,-109.308,235.084],"grabAngle":2.71653,"grabStrength":0,"id":60,"palmNormal":[-0.332939,-0.53044,-0.779606],"palmPosition":[53.8527,133.387,121.628],"palmVelocity":[12.9249,13.4594,7.11673],"palmWidth":72.7825,"pinchDistance":57.803,"pinchStrength":0,"r":[[0.941076,0.105939,0.321174],[-0.16348,0.973846,0.157791],[-0.296058,-0.200999,0.933782]],"s":1.12428,"sphereCenter":[36.5235,134.237,94.7533],"sphereRadius":38.0432,"stabilizedPalmPosition":[51.304,133.543,120.995],"t":[38.1258,-35.5396,-35.5079],"timeVisible":9.63445,"type":"right","wrist":[71.4834,83.3581,151.527]}],"id":38305,"interactionBox":{"center":[0,200,0],"size":[235.247,235.247,147.751]},"pointables":[{"bases":[[[0.637904,0.625476,0.449287],[-0.531333,-0.0648523,0.844677],[0.557463,-0.777544,0.290966]],[[0.400618,0.859299,0.317978],[-0.677016,0.0437767,0.734665],[0.617377,-0.509596,0.599297]],[[0.400618,0.859299,0.317978],[-0.605891,-0.0118795,0.795459],[0.687315,-0.511335,0.515882]],[[0.400618,0.859299,0.317978],[-0.64623,0.018973,0.762907],[0.649533,-0.511121,0.562906]]],"btipPosition":[-9.75046,135.139,99.5011],"carpPosition":[44.4288,92.325,146.942],"dipPosition":[1.86746,125.997,109.57],"direction":[-0.687315,0.511335,-0.515882],"extended":true,"handId":60,"id":600,"length":39.8308,"mcpPosition":[44.4288,92.325,146.942],"pipPosition":[19.7776,112.673,123.013],"stabilizedTipPosition":[-10.3836,131.446,103.511],"timeVisible":9.63445,"tipPosition":[-5.70193,131.812,100.705],"tipVelocity":[19.2194,13.4331,1.12394],"tool":false,"touchDistance":0.530281,"touchZone":"hovering","type":0,"width":15.2554},{"bases":[[[0.88587,0.10733,-0.451347],[0.281328,0.649311,0.706576],[0.368901,-0.752912,0.54501]],[[0.927224,0.00574798,-0.374463],[0.299204,0.589988,0.749928],[0.225239,-0.807392,0.545331]],[[0.927224,0.00574798,-0.374463],[0.278567,0.657711,0.699869],[0.250311,-0.753248,0.608244]],[[0.927224,0.00574798,-0.374463],[0.243203,0.751119,0.613736],[0.284794,-0.660141,0.695058]]],"btipPosition":[16.7196,200.995,82.1326],"carpPosition":[54.1671,107.643,152.423],"dipPosition":[20.4384,192.375,91.2087],"direction":[-0.250311,0.753248,-0.608244],"extended":true,"handId":60,"id":601,"length":44.9446,"mcpPosition":[32.458,151.95,120.35],"pipPosition":[25.0623,178.461,102.445],"stabilizedTipPosition":[16.3911,197.989,83.1368],"timeVisible":9.63445,"tipPosition":[14.0625,191.095,79.9977],"tipVelocity":[2.22921,8.68948,9.11736],"tool":false,"touchDistance":0.287464,"touchZone":"hovering","type":1,"width":14.572},{"bases":[[[0.866539,-0.107653,-0.487361],[0.435076,0.641421,0.631893],[0.244579,-0.759599,0.602653]],[[0.850314,-0.0619102,-0.522622],[-0.219612,0.860719,-0.459275],[0.478264,0.505302,0.718285]],[[0.850314,-0.0619102,-0.522622],[-0.504644,-0.377707,-0.77632],[-0.149336,0.923853,-0.352412]],[[0.850314,-0.0619102,-0.522622],[-0.279291,-0.894764,-0.348417],[-0.446052,0.442228,-0.778121]]],"btipPosition":[41.392,107.275,107.473],"carpPosition":[63.0077,109.927,148.731],"dipPosition":[34.9857,113.626,96.2972],"direction":[0.149336,-0.923853,0.352412],"extended":false,"handId":60,"id":602,"length":51.2108,"mcpPosition":[49.3585,152.318,115.098],"pipPosition":[31.7402,133.704,88.6382],"stabilizedTipPosition":[38.438,107.695,105.112],"timeVisible":9.63445,"tipPosition":[37.099,111.166,100.943],"tipVelocity":[17.3555,16.4373,6.34458],"tool":false,"touchDistance":0.581705,"touchZone":"none","type":2,"width":14.3116},{"bases":[[[0.857806,-0.266305,-0.439602],[0.503449,0.607549,0.614347],[0.103476,-0.748309,0.655231]],[[0.850058,-0.220954,-0.478102],[-0.0978432,0.825699,-0.55556],[0.517522,0.519037,0.680273]],[[0.850058,-0.220954,-0.478102],[-0.526597,-0.373553,-0.763645],[-0.00986547,0.900909,-0.433895]],[[0.850058,-0.220954,-0.478102],[-0.379249,-0.886679,-0.264521],[-0.365476,0.406177,-0.837525]]],"btipPosition":[54.2052,104.732,109.11],"carpPosition":[71.6341,109.835,144.025],"dipPosition":[48.9863,110.532,97.151],"direction":[0.00986547,-0.900909,0.433895],"extended":false,"handId":60,"id":603,"length":49.2406,"mcpPosition":[66.4494,147.329,111.194],"pipPosition":[48.7775,129.606,87.9646],"stabilizedTipPosition":[50.7444,105.019,106.095],"timeVisible":9.63445,"tipPosition":[50.4792,102.701,103.468],"tipVelocity":[17.8163,16.4719,6.77551],"tool":false,"touchDistance":0.605996,"touchZone":"none","type":3,"width":13.6184},{"bases":[[[0.768962,-0.447823,-0.456237],[0.637892,0.490219,0.593953],[-0.04233,-0.747757,0.662622]],[[0.768499,-0.355087,-0.53228],[-0.00478051,0.828672,-0.559714],[0.639833,0.432685,0.635136]],[[0.768499,-0.355087,-0.53228],[-0.625203,-0.239744,-0.742727],[0.136122,0.903569,-0.406245]],[[0.768499,-0.355087,-0.53228],[-0.56336,-0.769916,-0.299757],[-0.303371,0.530229,-0.791722]]],"btipPosition":[65.4124,107.241,105.375],"carpPosition":[78.7781,104.742,136.77],"dipPosition":[61.416,114.226,94.9449],"direction":[-0.136122,-0.903569,0.406245],"extended":false,"handId":60,"id":604,"length":38.6037,"mcpPosition":[80.7415,139.425,106.036],"pipPosition":[63.4508,127.732,88.8723],"stabilizedTipPosition":[62.3125,107.701,102.747],"timeVisible":9.63445,"tipPosition":[61.5959,107.497,99.6393],"tipVelocity":[17.2909,18.5037,5.57114],"tool":false,"touchDistance":0.549597,"touchZone":"none","type":4,"width":12.0969}],"r":[[0.941076,0.105939,0.321174],[-0.16348,0.973846,0.157791],[-0.296058,-0.200999,0.933782]],"s":1.12428,"t":[38.1258,-35.5396,-35.5079],"timestamp":17403379950},{"currentFrameRate":109.963,"devices":[],"gestures":[],"hands":[{"armBasis":[[0.90845,0.0582184,-0.413919],[0.346554,0.44876,0.82372],[0.233706,-0.891754,0.3875]],"armWidth":48.9085,"confidence":1,"direction":[-0.170063,0.84744,-0.502916],"elbow":[122.072,-109.148,235.251],"grabAngle":2.71793,"grabStrength":0,"id":60,"palmNormal":[-0.332192,-0.529778,-0.780374],"palmPosition":[53.9515,133.491,121.697],"palmVelocity":[11.2716,11.885,7.90193],"palmWidth":72.7825,"pinchDistance":57.72,"pinchStrength":0,"r":[[0.940899,0.105499,0.321836],[-0.163654,0.97357,0.159309],[-0.296523,-0.202564,0.933296]],"s":1.12338,"sphereCenter":[36.6738,134.333,94.7817],"sphereRadius":38.0316,"stabilizedPalmPosition":[51.3487,133.542,121.007],"t":[38.2333,-35.4305,-35.4445],"timeVisible":9.64321,"type":"right","wrist":[71.5986,83.4463,151.562]}],"id":38306,"interactionBox":{"center":[0,200,0],"size":[235.247,235.247,147.751]},"pointables":[{"bases":[[[0.637262,0.625388,0.450318],[-0.531721,-0.0661552,0.844332],[0.557826,-0.777504,0.290373]],[[0.400199,0.858993,0.31933],[-0.677854,0.042966,0.73394],[0.616729,-0.510181,0.599467]],[[0.400199,0.858993,0.31933],[-0.607213,-0.0124371,0.794442],[0.686391,-0.511836,0.516614]],[[0.400199,0.858993,0.31933],[-0.647196,0.0182119,0.762106],[0.648828,-0.511663,0.563226]]],"btipPosition":[-9.57497,135.255,99.4876],"carpPosition":[44.5417,92.3944,146.96],"dipPosition":[2.03035,126.103,109.562],"direction":[-0.686391,0.511836,-0.516614],"extended":true,"handId":60,"id":600,"length":39.8308,"mcpPosition":[44.5417,92.3944,146.96],"pipPosition":[19.9164,112.765,123.024],"stabilizedTipPosition":[-10.1994,131.536,103.421],"timeVisible":9.64321,"tipPosition":[-5.59883,131.908,100.748],"tipVelocity":[19.6938,12.9307,-1.38954],"tool":false,"touchDistance":0.530078,"touchZone":"hovering","type":0,"width":15.2554},{"bases":[[[0.886029,0.108422,-0.450773],[0.28054,0.648698,0.707452],[0.369119,-0.753283,0.544349]],[[0.927329,0.00703201,-0.374181],[0.298067,0.590727,0.749798],[0.226311,-0.806841,0.545702]],[[0.927329,0.00703201,-0.374181],[0.277577,0.657694,0.700278],[0.251021,-0.753252,0.607947]],[[0.927329,0.00703201,-0.374181],[0.241756,0.751964,0.613273],[0.285683,-0.659166,0.695619]]],"btipPosition":[16.7469,201.056,82.1979],"carpPosition":[54.2671,107.712,152.463],"dipPosition":[20.4773,192.449,91.2812],"direction":[-0.251021,0.753252,-0.607947],"extended":true,"handId":60,"id":601,"length":44.9446,"mcpPosition":[32.5452,152.042,120.43],"pipPosition":[25.1143,178.534,102.512],"stabilizedTipPosition":[16.4275,198.021,83.1713],"timeVisible":9.64321,"tipPosition":[14.166,191.268,80.1377],"tipVelocity":[3.42033,7.26706,7.63766],"tool":false,"touchDistance":0.28858,"touchZone":"hovering","type":1,"width":14.572},{"bases":[[[0.866858,-0.106532,-0.48704],[0.434331,0.640993,0.632838],[0.244772,-0.760117,0.601921]],[[0.850621,-0.0607607,-0.522257],[-0.220016,0.861018,-0.458521],[0.477532,0.504933,0.719031]],[[0.850621,-0.0607607,-0.522257],[-0.503854,-0.378055,-0.776663],[-0.150251,0.923787,-0.352196]],[[0.850621,-0.0607607,-0.522257],[-0.277943,-0.89513,-0.348555],[-0.446309,0.441646,-0.778304]]],"btipPosition":[41.5322,107.407,107.531],"carpPosition":[63.1082,110.007,148.778],"dipPosition":[35.1222,113.75,96.3534],"direction":[0.150251,-0.923787,0.352196],"extended":false,"handId":60,"id":602,"length":51.2108,"mcpPosition":[49.4482,152.427,115.187],"pipPosition":[31.8568,133.826,88.6991],"stabilizedTipPosition":[38.5677,107.789,105.1],"timeVisible":9.64321,"tipPosition":[37.2291,111.277,100.987],"tipVelocity":[15.8994,14.8372,6.63715],"tool":false,"touchDistance":0.582675,"touchZone":"none","type":2,"width":14.3116},{"bases":[[[0.858205,-0.265244,-0.439464],[0.502736,0.607187,0.615289],[0.103635,-0.748979,0.654439]],[[0.850447,-0.219855,-0.477916],[-0.0983459,0.826018,-0.554997],[0.516787,0.518997,0.680863]],[[0.850447,-0.219855,-0.477916],[-0.52595,-0.374039,-0.763853],[-0.0108226,0.900976,-0.433733]],[[0.850447,-0.219855,-0.477916],[-0.378137,-0.887065,-0.264815],[-0.365722,0.405929,-0.837537]]],"btipPosition":[54.349,104.86,109.178],"carpPosition":[71.737,109.926,144.076],"dipPosition":[49.1266,110.656,97.2188],"direction":[0.0108226,-0.900976,0.433733],"extended":false,"handId":60,"id":603,"length":49.2406,"mcpPosition":[66.5443,147.454,111.285],"pipPosition":[48.8975,129.731,88.0359],"stabilizedTipPosition":[50.8088,105.051,106.104],"timeVisible":9.64321,"tipPosition":[50.6135,102.832,103.508],"tipVelocity":[16.3157,14.4804,7.75999],"tool":false,"touchDistance":0.607129,"touchZone":"none","type":3,"width":13.6184},{"bases":[[[0.769489,-0.446802,-0.456349],[0.637266,0.489968,0.594831],[-0.0421755,-0.748532,0.661757]],[[0.769005,-0.35398,-0.532287],[-0.00504086,0.8293,-0.558781],[0.639223,0.432389,0.635951]],[[0.769005,-0.35398,-0.532287],[-0.624806,-0.240245,-0.7429],[0.135092,0.903869,-0.405919]],[[0.769005,-0.35398,-0.532287],[-0.562353,-0.770554,-0.30001],[-0.303959,0.530042,-0.791621]]],"btipPosition":[65.5548,107.386,105.436],"carpPosition":[78.8881,104.846,136.82],"dipPosition":[61.5506,114.368,95.0078],"direction":[-0.135092,-0.903869,0.405919],"extended":false,"handId":60,"id":604,"length":38.6037,"mcpPosition":[80.8443,139.564,106.126],"pipPosition":[63.57,127.88,88.9401],"stabilizedTipPosition":[62.3797,107.739,102.755],"timeVisible":9.64321,"tipPosition":[61.7278,107.634,99.6889],"tipVelocity":[16.0392,16.5267,7.06371],"tool":false,"touchDistance":0.550629,"touchZone":"none","type":4,"width":12.0969}],"r":[[0.940899,0.105499,0.321836],[-0.163654,0.97357,0.159309],[-0.296523,-0.202564,0.933296]],"s":1.12338,"t":[38.2333,-35.4305,-35.4445],"timestamp":17403388714},{"currentFrameRate":110.178,"devices":[],"gestures":[],"hands":[{"armBasis":[[0.908866,0.0580957,-0.413023],[0.345565,0.449622,0.823666],[0.233556,-0.891328,0.38857]],"armWidth":48.9085,"confidence":1,"direction":[-0.17005,0.848216,-0.501611],"elbow":[122.132,-108.975,235.502],"grabAngle":2.71948,"grabStrength":0,"id":60,"palmNormal":[-0.331529,-0.528596,-0.781457],"palmPosition":[54.0468,133.605,121.769],"palmVelocity":[10.967,13.083,8.26804],"palmWidth":72.7825,"pinchDistance":57.6382,"pinchStrength":0,"r":[[0.940711,0.105103,0.322514],[-0.16388,0.973282,0.160827],[-0.296994,-0.204146,0.932802]],"s":1.12261,"sphereCenter":[36.8399,134.45,94.7949],"sphereRadius":38.0211,"stabilizedPalmPosition":[51.3909,133.543,121.019],"t":[38.3347,-35.3191,-35.3769],"timeVisible":9.65191,"type":"right","wrist":[71.6908,83.5264,151.581]}],"id":38307,"interactionBox":{"center":[0,200,0],"size":[235.247,235.247,147.751]},"pointables":[{"bases":[[[0.636769,0.62486,0.451747],[-0.532214,-0.0677431,0.843895],[0.557919,-0.777792,0.289423]],[[0.399995,0.858402,0.32117],[-0.678703,0.0419275,0.733215],[0.615928,-0.511262,0.59937]],[[0.399995,0.858402,0.32117],[-0.608504,-0.0133156,0.793439],[0.685366,-0.512805,0.517015]],[[0.399995,0.858402,0.32117],[-0.648208,0.0172219,0.761268],[0.647943,-0.512689,0.563312]]],"btipPosition":[-9.40624,135.41,99.4773],"carpPosition":[44.6359,92.463,146.958],"dipPosition":[2.18326,126.24,109.553],"direction":[-0.685366,0.512805,-0.517015],"extended":true,"handId":60,"id":600,"length":39.8308,"mcpPosition":[44.6359,92.463,146.958],"pipPosition":[20.0426,112.877,123.025],"stabilizedTipPosition":[-10.0193,131.628,103.336],"timeVisible":9.65191,"tipPosition":[-5.49644,132.042,100.786],"tipVelocity":[18.9892,17.3755,-1.14764],"tool":false,"touchDistance":0.529912,"touchZone":"hovering","type":0,"width":15.2554},{"bases":[[[0.886268,0.109479,-0.450049],[0.279881,0.647618,0.708701],[0.369048,-0.754059,0.543322]],[[0.927509,0.00811877,-0.373712],[0.296967,0.591177,0.74988],[0.227018,-0.806501,0.545911]],[[0.927509,0.00811877,-0.373712],[0.276613,0.65754,0.700804],[0.25142,-0.753376,0.607629]],[[0.927509,0.00811877,-0.373712],[0.240372,0.752691,0.612926],[0.286266,-0.658324,0.696176]]],"btipPosition":[16.7984,201.144,82.2792],"carpPosition":[54.3526,107.775,152.493],"dipPosition":[20.5364,192.548,91.3699],"direction":[-0.25142,0.753376,-0.607629],"extended":true,"handId":60,"id":601,"length":44.9446,"mcpPosition":[32.6349,152.15,120.519],"pipPosition":[25.1808,178.631,102.594],"stabilizedTipPosition":[16.4615,198.053,83.2044],"timeVisible":9.65191,"tipPosition":[14.292,191.495,80.3118],"tipVelocity":[6.12107,10.4728,9.54877],"tool":false,"touchDistance":0.289963,"touchZone":"hovering","type":1,"width":14.572},{"bases":[[[0.867193,-0.105421,-0.486685],[0.43372,0.640091,0.634169],[0.244668,-0.761032,0.600807]],[[0.850962,-0.0595972,-0.521836],[-0.220081,0.861653,-0.457295],[0.476895,0.503987,0.720117]],[[0.850962,-0.0595972,-0.521836],[-0.503085,-0.377926,-0.777224],[-0.150895,0.923916,-0.351583]],[[0.850962,-0.0595972,-0.521836],[-0.276809,-0.895248,-0.349152],[-0.446364,0.441564,-0.778319]]],"btipPosition":[41.6632,107.563,107.579],"carpPosition":[63.1951,110.079,148.817],"dipPosition":[35.2525,113.905,96.4006],"direction":[0.150895,-0.923916,0.351583],"extended":false,"handId":60,"id":602,"length":51.2108,"mcpPosition":[49.5409,152.55,115.287],"pipPosition":[31.9731,133.984,88.7597],"stabilizedTipPosition":[38.6913,107.883,105.093],"timeVisible":9.65191,"tipPosition":[37.3516,111.413,101.022],"tipVelocity":[15.048,17.9337,5.45603],"tool":false,"touchDistance":0.583465,"touchZone":"none","type":2,"width":14.3116},{"bases":[[[0.858567,-0.264215,-0.439379],[0.502147,0.606338,0.616606],[0.103495,-0.75003,0.653256]],[[0.850816,-0.218765,-0.47776],[-0.0985824,0.826616,-0.554065],[0.516134,0.518506,0.681731]],[[0.850816,-0.218765,-0.47776],[-0.525338,-0.374051,-0.764268],[-0.0115114,0.901237,-0.433174]],[[0.850816,-0.218765,-0.47776],[-0.377238,-0.887231,-0.265541],[-0.365792,0.406156,-0.837397]]],"btipPosition":[54.4837,105.003,109.238],"carpPosition":[71.8268,110.008,144.12],"dipPosition":[49.2604,110.803,97.2802],"direction":[0.0115114,-0.901237,0.433174],"extended":false,"handId":60,"id":603,"length":49.2406,"mcpPosition":[66.6411,147.589,111.388],"pipPosition":[49.0166,129.884,88.1091],"stabilizedTipPosition":[50.8719,105.084,106.114],"timeVisible":9.65191,"tipPosition":[50.7374,102.984,103.535],"tipVelocity":[15.4711,16.5801,6.87704],"tool":false,"touchDistance":0.608126,"touchZone":"none","type":3,"width":13.6184},{"bases":[[[0.769924,-0.445776,-0.456619],[0.636731,0.4892,0.596035],[-0.04232,-0.749645,0.660486]],[[0.769454,-0.352828,-0.532403],[-0.00498751,0.830225,-0.557405],[0.638683,0.431553,0.63706]],[[0.769454,-0.352828,-0.532403],[-0.624409,-0.240183,-0.743253],[0.134366,0.904336,-0.405119]],[[0.769454,-0.352828,-0.532403],[-0.561553,-0.770857,-0.300729],[-0.304301,0.53037,-0.79127]]],"btipPosition":[65.6875,107.546,105.488],"carpPosition":[78.9841,104.943,136.859],"dipPosition":[61.6788,114.533,95.0644],"direction":[-0.134366,-0.904336,0.405119],"extended":false,"handId":60,"id":604,"length":38.6037,"mcpPosition":[80.947,139.713,106.224],"pipPosition":[63.6873,128.051,89.0086],"stabilizedTipPosition":[62.4456,107.778,102.764],"timeVisible":9.65191,"tipPosition":[61.8506,107.789,99.7284],"tipVelocity":[15.1476,18.5458,6.09525],"tool":false,"touchDistance":0.551512,"touchZone":"none","type":4,"width":12.0969}],"r":[[0.940711,0.105103,0.322514],[-0.16388,0.973282,0.160827],[-0.296994,-0.204146,0.932802]],"s":1.12261,"t":[38.3347,-35.3191,-35.3769],"timestamp":17403397408},{"currentFrameRate":110.459,"devices":[],"gestures":[],"hands":[{"armBasis":[[0.909327,0.0577413,-0.412057],[0.344518,0.450812,0.823454],[0.233308,-0.890749,0.390043]],"armWidth":48.9085,"confidence":1,"direction":[-0.169678,0.848672,-0.500964],"elbow":[122.145,-108.768,235.853],"grabAngle":2.72101,"grabStrength":0,"id":60,"palmNormal":[-0.330815,-0.527889,-0.782237],"palmPosition":[54.1351,133.704,121.816],"palmVelocity":[10.3144,11.6638,5.47185],"palmWidth":72.7825,"pinchDistance":57.553,"pinchStrength":0,"r":[[0.940503,0.10474,0.323239],[-0.164105,0.973017,0.162194],[-0.297529,-0.205589,0.932314]],"s":1.12196,"sphereCenter":[37.0717,134.52,94.7332],"sphereRadius":38.0141,"stabilizedPalmPosition":[51.4316,133.545,121.03],"t":[38.4296,-35.2135,-35.3197],"timeVisible":9.66046,"type":"right","wrist":[71.7569,83.6087,151.614]}],"id":38308,"interactionBox":{"center":[0,200,0],"size":[235.247,235.247,147.751]},"pointables":[{"bases":[[[0.636332,0.624484,0.452881],[-0.532939,-0.0685703,0.843371],[0.557726,-0.778022,0.289178]],[[0.399991,0.857901,0.322512],[-0.679757,0.041655,0.732254],[0.614767,-0.512124,0.599825]],[[0.399991,0.857901,0.322512],[-0.609961,-0.0134666,0.792317],[0.684073,-0.513639,0.517899]],[[0.399991,0.857901,0.322512],[-0.649462,0.0170235,0.760203],[0.646689,-0.513533,0.563983]]],"btipPosition":[-9.23429,135.557,99.4243],"carpPosition":[44.7054,92.5386,146.958],"dipPosition":[2.33277,126.372,109.512],"direction":[-0.684073,0.513639,-0.517899],"extended":true,"handId":60,"id":600,"length":39.8308,"mcpPosition":[44.7054,92.5386,146.958],"pipPosition":[20.1584,112.987,123.008],"stabilizedTipPosition":[-9.84758,131.719,103.257],"timeVisible":9.66046,"tipPosition":[-5.3963,132.164,100.785],"tipVelocity":[19.4956,16.7573,-5.87384],"tool":false,"touchDistance":0.529075,"touchZone":"hovering","type":0,"width":15.2554},{"bases":[[[0.886648,0.109964,-0.449181],[0.279221,0.646976,0.709547],[0.368634,-0.75454,0.542936]],[[0.92796,0.00813895,-0.372592],[0.29568,0.592496,0.749348],[0.226858,-0.805532,0.547406]],[[0.92796,0.00813895,-0.372592],[0.275777,0.657469,0.7012],[0.250675,-0.753437,0.60786]],[[0.92796,0.00813895,-0.372592],[0.239286,0.753454,0.612413],[0.285715,-0.65745,0.697227]]],"btipPosition":[16.9125,201.202,82.2578],"carpPosition":[54.4162,107.846,152.516],"dipPosition":[20.6434,192.617,91.3621],"direction":[-0.250675,0.753437,-0.607861],"extended":true,"handId":60,"id":601,"length":44.9446,"mcpPosition":[32.7229,152.249,120.565],"pipPosition":[25.274,178.699,102.591],"stabilizedTipPosition":[16.5005,198.088,83.2386],"timeVisible":9.66046,"tipPosition":[14.4383,191.69,80.4097],"tipVelocity":[13.1538,7.0066,-2.13687],"tool":false,"touchDistance":0.289659,"touchZone":"hovering","type":1,"width":14.572},{"bases":[[[0.867621,-0.104904,-0.486033],[0.433125,0.63953,0.635141],[0.244204,-0.761575,0.600306]],[[0.851417,-0.059048,-0.521155],[-0.220144,0.861646,-0.457278],[0.476053,0.504063,0.720621]],[[0.851417,-0.059048,-0.521155],[-0.502141,-0.378731,-0.777442],[-0.151471,0.923621,-0.352109]],[[0.851417,-0.059048,-0.521155],[-0.275557,-0.895817,-0.348682],[-0.446271,0.440482,-0.778985]]],"btipPosition":[41.7979,107.687,107.642],"carpPosition":[63.2617,110.154,148.849],"dipPosition":[35.3885,114.014,96.4541],"direction":[0.151471,-0.923621,0.352109],"extended":false,"handId":60,"id":602,"length":51.2108,"mcpPosition":[49.6334,152.655,115.348],"pipPosition":[32.0965,134.087,88.8018],"stabilizedTipPosition":[38.8068,107.972,105.091],"timeVisible":9.66046,"tipPosition":[37.4705,111.522,101.049],"tipVelocity":[15.7772,14.1517,7.1154],"tool":false,"touchDistance":0.58448,"touchZone":"none","type":2,"width":14.3116},{"bases":[[[0.858965,-0.263743,-0.438883],[0.50157,0.605797,0.617606],[0.102985,-0.750633,0.652644]],[[0.851244,-0.218257,-0.477229],[-0.0986966,0.82659,-0.554082],[0.515405,0.51876,0.682089]],[[0.851244,-0.218257,-0.477229],[-0.524632,-0.374747,-0.764412],[-0.0120017,0.901071,-0.433506]],[[0.851244,-0.218257,-0.477229],[-0.376475,-0.887531,-0.265622],[-0.365581,0.405774,-0.837674]]],"btipPosition":[54.6122,105.114,109.307],"carpPosition":[71.8974,110.089,144.16],"dipPosition":[49.3918,110.908,97.3457],"direction":[0.0120017,-0.901071,0.433506],"extended":false,"handId":60,"id":603,"length":49.2406,"mcpPosition":[66.7373,147.699,111.459],"pipPosition":[49.1377,129.985,88.1677],"stabilizedTipPosition":[50.9317,105.116,106.124],"timeVisible":9.66046,"tipPosition":[50.853,103.112,103.561],"tipVelocity":[15.0944,12.79,8.02097],"tool":false,"touchDistance":0.60927,"touchZone":"none","type":3,"width":13.6184},{"bases":[[[0.770351,-0.445293,-0.45637],[0.63618,0.488688,0.597042],[-0.0428359,-0.750265,0.659748]],[[0.769939,-0.352275,-0.532068],[-0.00456654,0.830746,-0.556633],[0.638101,0.431004,0.638015]],[[0.769939,-0.352275,-0.532068],[-0.623866,-0.24032,-0.743665],[0.134108,0.904516,-0.404804]],[[0.769939,-0.352275,-0.532068],[-0.560982,-0.771061,-0.301271],[-0.304126,0.530441,-0.79129]]],"btipPosition":[65.806,107.674,105.534],"carpPosition":[79.0614,105.031,136.901],"dipPosition":[61.7996,114.661,95.1096],"direction":[-0.134108,-0.904516,0.404804],"extended":false,"handId":60,"id":604,"length":38.6037,"mcpPosition":[81.0482,139.83,106.3],"pipPosition":[63.8043,128.182,89.0586],"stabilizedTipPosition":[62.5093,107.817,102.774],"timeVisible":9.66046,"tipPosition":[61.9637,107.912,99.7624],"tipVelocity":[13.9147,14.9268,5.31505],"tool":false,"touchDistance":0.55227,"touchZone":"none","type":4,"width":12.0969}],"r":[[0.940503,0.10474,0.323239],[-0.164105,0.973017,0.162194],[-0.297529,-0.205589,0.932314]],"s":1.12196,"t":[38.4296,-35.2135,-35.3197],"timestamp":17403405963},{"currentFrameRate":110.604,"devices":[],"gestures":[],"hands":[{"armBasis":[[0.909877,0.0573165,-0.410899],[0.343186,0.452542,0.823061],[0.233124,-0.889899,0.392088]],"armWidth":48.9085,"confidence":1,"direction":[-0.169025,0.849606,-0.499601],"elbow":[122.165,-108.526,236.295],"grabAngle":2.72251,"grabStrength":0,"id":60,"palmNormal":[-0.330051,-0.526419,-0.783549],"palmPosition":[54.2306,133.804,121.86],"palmVelocity":[10.881,11.327,5.03657],"palmWidth":72.7825,"pinchDistance":57.4736,"pinchStrength":0,"r":[[0.94027,0.104304,0.324057],[-0.164292,0.972749,0.163607],[-0.298162,-0.207074,0.931783]],"s":1.12138,"sphereCenter":[37.3291,134.61,94.6512],"sphereRadius":38.0095,"stabilizedPalmPosition":[51.4729,133.549,121.043],"t":[38.5248,-35.1109,-35.269],"timeVisible":9.66924,"type":"right","wrist":[71.8165,83.6669,151.615]}],"id":38309,"interactionBox":{"center":[0,200,0],"size":[235.247,235.247,147.751]},"pointables":[{"bases":[[[0.635934,0.62357,0.454697],[-0.533849,-0.0700299,0.842675],[0.557309,-0.778625,0.288358]],[[0.39999,0.857102,0.324629],[-0.680845,0.040756,0.731292],[0.613562,-0.513532,0.599856]],[[0.39999,0.857102,0.324629],[-0.611553,-0.0142242,0.791076],[0.68265,-0.51495,0.518474]],[[0.39999,0.857102,0.324629],[-0.650785,0.0161992,0.759089],[0.645358,-0.514892,0.564269]]],"btipPosition":[-9.06225,135.727,99.3622],"carpPosition":[44.7684,92.5937,146.917],"dipPosition":[2.48101,126.517,109.455],"direction":[-0.68265,0.51495,-0.518474],"extended":true,"handId":60,"id":600,"length":39.8308,"mcpPosition":[44.7684,92.5937,146.917],"pipPosition":[20.2696,113.098,122.966],"stabilizedTipPosition":[-9.67747,131.812,103.179],"timeVisible":9.66924,"tipPosition":[-5.28338,132.316,100.767],"tipVelocity":[18.9603,18.6962,-6.93338],"tool":false,"touchDistance":0.528059,"touchZone":"hovering","type":0,"width":15.2554},{"bases":[[[0.887143,0.110657,-0.448032],[0.278552,0.645645,0.711021],[0.367949,-0.755578,0.541956]],[[0.928512,0.00820969,-0.371211],[0.294275,0.593387,0.749195],[0.226423,-0.804875,0.548552]],[[0.928512,0.00820969,-0.371211],[0.274997,0.656545,0.702371],[0.249483,-0.754242,0.607352]],[[0.928512,0.00820969,-0.371211],[0.238179,0.753791,0.612429],[0.284844,-0.657063,0.697949]]],"btipPosition":[17.0597,201.295,82.2752],"carpPosition":[54.4754,107.89,152.513],"dipPosition":[20.7792,192.715,91.389],"direction":[-0.249483,0.754242,-0.607352],"extended":true,"handId":60,"id":601,"length":44.9446,"mcpPosition":[32.8223,152.354,120.62],"pipPosition":[25.3878,178.782,102.608],"stabilizedTipPosition":[16.5474,198.129,83.2761],"timeVisible":9.66924,"tipPosition":[14.615,191.935,80.5505],"tipVelocity":[16.457,10.7154,2.23141],"tool":false,"touchDistance":0.289985,"touchZone":"hovering","type":1,"width":14.572},{"bases":[[[0.868126,-0.104141,-0.485296],[0.432534,0.638313,0.636766],[0.243457,-0.7627,0.59918]],[[0.851965,-0.0582188,-0.520352],[-0.219761,0.86227,-0.456285],[0.475248,0.503092,0.72183]],[[0.851965,-0.0582188,-0.520352],[-0.501163,-0.37846,-0.778205],[-0.151626,0.923785,-0.351612]],[[0.851965,-0.0582188,-0.520352],[-0.274507,-0.895936,-0.349206],[-0.445871,0.440351,-0.779288]]],"btipPosition":[41.9303,107.833,107.665],"carpPosition":[63.3251,110.203,148.86],"dipPosition":[35.5266,114.158,96.4727],"direction":[0.151626,-0.923785,0.351612],"extended":false,"handId":60,"id":602,"length":51.2108,"mcpPosition":[49.7385,152.767,115.422],"pipPosition":[32.2313,134.234,88.8311],"stabilizedTipPosition":[38.9233,108.065,105.091],"timeVisible":9.66924,"tipPosition":[37.594,111.655,101.047],"tipVelocity":[15.2214,16.5657,2.4991],"tool":false,"touchDistance":0.584846,"touchZone":"none","type":2,"width":14.3116},{"bases":[[[0.859398,-0.263064,-0.438444],[0.500993,0.604603,0.619243],[0.102184,-0.751833,0.651387]],[[0.851724,-0.217507,-0.476715],[-0.0984802,0.827118,-0.553334],[0.514653,0.518234,0.683056]],[[0.851724,-0.217507,-0.476715],[-0.523851,-0.374454,-0.765091],[-0.0120947,0.901374,-0.432873]],[[0.851724,-0.217507,-0.476715],[-0.37587,-0.887488,-0.266621],[-0.365087,0.40627,-0.837649]]],"btipPosition":[54.7413,105.235,109.344],"carpPosition":[71.9659,110.145,144.18],"dipPosition":[49.528,111.036,97.3825],"direction":[0.0120947,-0.901374,0.432873],"extended":false,"handId":60,"id":603,"length":49.2406,"mcpPosition":[66.8459,147.816,111.542],"pipPosition":[49.272,130.12,88.2179],"stabilizedTipPosition":[50.9932,105.15,106.135],"timeVisible":9.66924,"tipPosition":[50.9722,103.256,103.556],"tipVelocity":[14.887,13.9623,4.15716],"tool":false,"touchDistance":0.609878,"touchZone":"none","type":3,"width":13.6184},{"bases":[[[0.770777,-0.44457,-0.456356],[0.635608,0.487513,0.59861],[-0.0436447,-0.751458,0.658336]],[[0.770459,-0.351414,-0.531885],[-0.00385691,0.831758,-0.555126],[0.637478,0.429753,0.63948]],[[0.770459,-0.351414,-0.531885],[-0.623198,-0.239517,-0.744483],[0.134227,0.905064,-0.403538]],[[0.770459,-0.351414,-0.531885],[-0.560537,-0.770834,-0.302676],[-0.30363,0.531341,-0.790877]]],"btipPosition":[65.9276,107.811,105.554],"carpPosition":[79.1369,105.099,136.919],"dipPosition":[61.9277,114.811,95.1353],"direction":[-0.134227,-0.905064,0.403538],"extended":false,"handId":60,"id":604,"length":38.6037,"mcpPosition":[81.1612,139.954,106.384],"pipPosition":[63.9341,128.34,89.1032],"stabilizedTipPosition":[62.5747,107.859,102.784],"timeVisible":9.66924,"tipPosition":[62.0827,108.052,99.772],"tipVelocity":[14.005,15.9862,2.44669],"tool":false,"touchDistance":0.552628,"touchZone":"none","type":4,"width":12.0969}],"r":[[0.94027,0.104304,0.324057],[-0.164292,0.972749,0.163607],[-0.298162,-0.207074,0.931783]],"s":1.12138,"t":[38.5248,-35.1109,-35.269],"timestamp":17403414748},{"currentFrameRate":110.803,"devices":[],"gestures":[],"hands":[{"armBasis":[[0.910824,0.0576135,-0.408754],[0.340632,0.454431,0.823081],[0.233171,-0.888917,0.394282]],"armWidth":48.9085,"confidence":1,"direction":[-0.167891,0.850874,-0.497822],"elbow":[122.199,-108.289,236.739],"grabAngle":2.72417,"grabStrength":0,"id":60,"palmNormal":[-0.328214,-0.524426,-0.785655],"palmPosition":[54.3146,133.886,121.884],"palmVelocity":[9.67559,9.44226,2.75137],"palmWidth":72.7825,"pinchDistance":57.3947,"pinchStrength":0,"r":[[0.939932,0.103793,0.325201],[-0.164525,0.972448,0.165156],[-0.299099,-0.208739,0.931111]],"s":1.12086,"sphereCenter":[37.6522,134.684,94.4921],"sphereRadius":38.0103,"stabilizedPalmPosition":[51.5137,133.554,121.055],"t":[38.6143,-35.0187,-35.2317],"timeVisible":9.67792,"type":"right","wrist":[71.8405,83.6922,151.585]}],"id":38310,"interactionBox":{"center":[0,200,0],"size":[235.247,235.247,147.751]},"pointables":[{"bases":[[[0.634856,0.622423,0.457763],[-0.535803,-0.0721943,0.841251],[0.556662,-0.779344,0.287663]],[[0.399447,0.856116,0.327883],[-0.682717,0.0391003,0.729636],[0.611833,-0.515302,0.600104]],[[0.399447,0.856116,0.327883],[-0.613978,-0.0157713,0.789166],[0.680789,-0.516543,0.519337]],[[0.399447,0.856116,0.327883],[-0.652916,0.0146048,0.757289],[0.643539,-0.516577,0.564806]]],"btipPosition":[-8.88513,135.887,99.2168],"carpPosition":[44.7955,92.6115,146.814],"dipPosition":[2.62559,126.647,109.319],"direction":[-0.680789,0.516543,-0.519337],"extended":true,"handId":60,"id":600,"length":39.8308,"mcpPosition":[44.7955,92.6115,146.814],"pipPosition":[20.3657,113.187,122.852],"stabilizedTipPosition":[-9.52679,131.897,103.107],"timeVisible":9.67792,"tipPosition":[-5.15397,132.455,100.652],"tipVelocity":[19.5589,17.6678,-16.5144],"tool":false,"touchDistance":0.525672,"touchZone":"hovering","type":0,"width":15.2554},{"bases":[[[0.888178,0.111823,-0.445686],[0.276879,0.643835,0.713312],[0.366713,-0.756949,0.540879]],[[0.929624,0.00838983,-0.368415],[0.291705,0.594157,0.749591],[0.225185,-0.804305,0.549895]],[[0.929624,0.00838983,-0.368415],[0.27317,0.65533,0.704216],[0.247342,-0.755296,0.606919]],[[0.929624,0.00838983,-0.368415],[0.236111,0.754018,0.61295],[0.282934,-0.6568,0.698972]]],"btipPosition":[17.2511,201.376,82.2473],"carpPosition":[54.4889,107.894,152.471],"dipPosition":[20.9457,192.8,91.3744],"direction":[-0.247342,0.755296,-0.606919],"extended":true,"handId":60,"id":601,"length":44.9446,"mcpPosition":[32.9086,152.439,120.641],"pipPosition":[25.5147,178.848,102.586],"stabilizedTipPosition":[16.6015,198.173,83.3134],"timeVisible":9.67792,"tipPosition":[14.8286,192.2,80.6708],"tipVelocity":[21.4057,9.52041,-2.86925],"tool":false,"touchDistance":0.289571,"touchZone":"hovering","type":1,"width":14.572},{"bases":[[[0.869254,-0.10288,-0.483542],[0.431034,0.636696,0.639396],[0.242089,-0.764221,0.597795]],[[0.853173,-0.0568687,-0.518518],[-0.219128,0.863001,-0.455205],[0.473369,0.501991,0.723828]],[[0.853173,-0.0568687,-0.518518],[-0.499104,-0.377946,-0.779777],[-0.151627,0.924079,-0.350837]],[[0.853173,-0.0568687,-0.518518],[-0.272774,-0.895936,-0.350561],[-0.444623,0.440528,-0.779901]]],"btipPosition":[42.0798,107.963,107.645],"carpPosition":[63.347,110.216,148.845],"dipPosition":[35.6941,114.29,96.4441],"direction":[0.151627,-0.924079,0.350837],"extended":false,"handId":60,"id":602,"length":51.2108,"mcpPosition":[49.8368,152.865,115.484],"pipPosition":[32.3988,134.373,88.8194],"stabilizedTipPosition":[39.0377,108.157,105.089],"timeVisible":9.67792,"tipPosition":[37.738,111.78,100.992],"tipVelocity":[17.7237,15.0319,-2.51553],"tool":false,"touchDistance":0.584482,"touchZone":"none","type":2,"width":14.3116},{"bases":[[[0.860422,-0.261922,-0.437117],[0.499534,0.603033,0.621946],[0.100694,-0.753491,0.649702]],[[0.852836,-0.216268,-0.475289],[-0.0978323,0.827909,-0.552265],[0.512933,0.51749,0.684912]],[[0.852836,-0.216268,-0.475289],[-0.522045,-0.373802,-0.766643],[-0.0118632,0.901943,-0.431693]],[[0.852836,-0.216268,-0.475289],[-0.374759,-0.887333,-0.268692],[-0.36363,0.407269,-0.837798]]],"btipPosition":[54.8818,105.342,109.347],"carpPosition":[71.9986,110.171,144.185],"dipPosition":[49.6893,111.158,97.3831],"direction":[0.0118632,-0.901942,0.431693],"extended":false,"handId":60,"id":603,"length":49.2406,"mcpPosition":[66.9533,147.925,111.631],"pipPosition":[49.4381,130.254,88.2435],"stabilizedTipPosition":[51.0552,105.185,106.146],"timeVisible":9.67792,"tipPosition":[51.1092,103.397,103.506],"tipVelocity":[16.7457,12.7883,0.261235],"tool":false,"touchDistance":0.609916,"touchZone":"none","type":3,"width":13.6184},{"bases":[[[0.771849,-0.443384,-0.455697],[0.634201,0.485999,0.601327],[-0.0451502,-0.753137,0.656312]],[[0.771703,-0.350036,-0.530989],[-0.0025935,0.833172,-0.553008],[0.635977,0.428135,0.642054]],[[0.771703,-0.350036,-0.530989],[-0.621552,-0.238251,-0.746264],[0.13471,0.905931,-0.401424]],[[0.771703,-0.350036,-0.530989],[-0.559615,-0.770414,-0.305439],[-0.302167,0.532858,-0.790416]]],"btipPosition":[66.0612,107.944,105.549],"carpPosition":[79.1867,105.144,136.928],"dipPosition":[62.0806,114.964,95.1364],"direction":[-0.13471,-0.905931,0.401424],"extended":false,"handId":60,"id":604,"length":38.6037,"mcpPosition":[81.2808,140.076,106.487],"pipPosition":[64.0943,128.506,89.1358],"stabilizedTipPosition":[62.6401,107.902,102.794],"timeVisible":9.67792,"tipPosition":[62.2217,108.192,99.7521],"tipVelocity":[15.9192,15.8437,-0.418039],"tool":false,"touchDistance":0.552568,"touchZone":"none","type":4,"width":12.0969}],"r":[[0.939932,0.103793,0.325201],[-0.164525,0.972448,0.165156],[-0.299099,-0.208739,0.931111]],"s":1.12086,"t":[38.6143,-35.0187,-35.2317],"timestamp":17403423421},{"currentFrameRate":110.996,"devices":[],"gestures":[],"hands":[{"armBasis":[[0.911713,0.0577044,-0.406754],[0.338456,0.455702,0.823276],[0.232865,-0.88826,0.395939]],"armWidth"