{"frames":79,"data":[{"currentFrameRate":113.664,"devices":[],"gestures":[{"center":[72.9089,237.147,24.9023],"duration":17403,"handIds":[68],"id":1,"normal":[0.250823,-0.333337,0.908831],"pointableIds":[681],"progress":0.890693,"radius":5.3751,"state":"update","type":"circle"}],"hands":[{"armBasis":[[0.973747,0.134843,-0.183397],[0.0924028,0.502157,0.859825],[0.208035,-0.854199,0.476514]],"armWidth":48.9085,"confidence":1,"direction":[0.135935,0.495123,-0.858123],"elbow":[132.728,-3.08152,253.44],"grabAngle":2.77584,"grabStrength":0,"id":68,"palmNormal":[-0.178815,-0.839676,-0.512806],"palmPosition":[86.4545,213.522,99.3902],"palmVelocity":[1.37521,-4.29135,-8.16835],"palmWidth":72.7825,"pinchDistance":44.2477,"pinchStrength":0.576862,"r":[[0.897876,0.105356,0.427455],[-0.106249,0.9941,-0.0218417],[-0.427234,-0.0258055,0.903773]],"s":0.959041,"sphereCenter":[93.0086,189.193,71.0328],"sphereRadius":37.4265,"stabilizedPalmPosition":[86.2211,214.817,100.66],"t":[63.3941,49.686,-34.2086],"timeVisible":10.944,"type":"right","wrist":[87.7982,181.401,150.526]}],"id":45322,"interactionBox":{"center":[0,200,0],"size":[235.247,235.247,147.751]},"pointables":[{"bases":[[[0.983437,-0.136854,-0.118838],[0.172445,0.908348,0.381007],[0.0558038,-0.395189,0.916903]],[[0.979027,-0.200654,0.0352631],[0.192818,0.968491,0.157626],[-0.0657803,-0.14752,0.986869]],[[0.979027,-0.200654,0.0352631],[0.201364,0.979354,-0.017825],[-0.0309584,0.0245519,0.999219]],[[0.979027,-0.200654,0.0352631],[0.203263,0.973748,-0.102463],[-0.0137778,0.107481,0.994112]]],"btipPosition":[72.8793,232.33,18.7594],"carpPosition":[73.2515,206.087,136.56],"dipPosition":[72.6994,233.734,31.7405],"direction":[0.0309584,-0.0245519,-0.999219],"extended":true,"handId":68,"id":681,"length":44.9446,"mcpPosition":[69.9676,229.343,82.6023],"pipPosition":[72.1275,234.187,50.1987],"stabilizedTipPosition":[72.4977,232.088,22.4309],"timeVisible":10.944,"tipPosition":[73.4591,231.027,21.8848],"tipVelocity":[1.5972,7.05526,-7.35736],"tool":false,"touchDistance":0.270224,"touchZone":"hovering","type":1,"width":14.572},{"bases":[[[0.578577,0.757847,0.301523],[-0.757311,0.361879,0.543621],[0.302867,-0.542874,0.783301]],[[0.474069,0.877157,0.0765105],[-0.862967,0.445628,0.238126],[0.174778,-0.178914,0.968216]],[[0.474069,0.877157,0.0765105],[-0.863669,0.480157,-0.153379],[-0.171274,0.00663229,0.985201]],[[0.474069,0.877157,0.0765105],[-0.729835,0.440078,-0.523137],[-0.492544,0.192163,0.848807]]],"btipPosition":[69.299,193.69,56.2048],"carpPosition":[63.0047,190.156,135.719],"dipPosition":[60.4891,197.127,71.387],"direction":[0.171274,-0.00663229,-0.985201],"extended":false,"handId":68,"id":680,"length":39.8308,"mcpPosition":[63.0047,190.156,135.719],"pipPosition":[56.026,197.3,97.0595],"stabilizedTipPosition":[67.1273,195.123,60.1423],"timeVisible":10.944,"tipPosition":[67.1607,196.548,60.0185],"tipVelocity":[2.65881,-3.85833,-7.78122],"tool":false,"touchDistance":0.297245,"touchZone":"hovering","type":0,"width":15.2554},{"bases":[[[0.938031,-0.34182,-0.0570678],[0.337408,0.863238,0.375469],[-0.0790797,-0.371457,0.925076]],[[0.93849,-0.339577,-0.0626375],[0.141173,0.542868,-0.827867],[0.315128,0.768103,0.557416]],[[0.93849,-0.339577,-0.0626375],[-0.292686,-0.686031,-0.666105],[0.183222,0.643466,-0.743223]],[[0.93849,-0.339577,-0.0626375],[-0.341212,-0.939828,-0.0172546],[-0.0530092,0.037566,-0.997887]]],"btipPosition":[72.626,184.088,93.8134],"carpPosition":[83.0421,206.177,135.489],"dipPosition":[71.8646,184.627,79.4816],"direction":[-0.183222,-0.643466,0.743223],"extended":false,"handId":68,"id":682,"length":51.2108,"mcpPosition":[87.4553,226.907,83.8632],"pipPosition":[75.8466,198.611,63.3292],"stabilizedTipPosition":[73.1926,185.74,92.2735],"timeVisible":10.944,"tipPosition":[72.32,184.657,90.7377],"tipVelocity":[-2.16942,-3.42527,-7.71559],"tool":false,"touchDistance":0.341951,"touchZone":"none","type":2,"width":14.3116},{"bases":[[[0.888048,-0.456853,0.0515459],[0.400871,0.824329,0.39973],[-0.225109,-0.334316,0.915182]],[[0.894927,-0.445687,0.0216217],[0.259936,0.481334,-0.837109],[0.362682,0.754772,0.546609]],[[0.894927,-0.445687,0.0216217],[-0.327145,-0.688308,-0.647463],[0.303448,0.572359,-0.76179]],[[0.894927,-0.445687,0.0216217],[-0.44579,-0.895138,-0.000106645],[0.019402,-0.0095433,-0.999766]]],"btipPosition":[84.7026,182.696,100.478],"carpPosition":[92.5096,203.7,134.594],"dipPosition":[84.9797,182.56,86.202],"direction":[-0.303448,-0.572359,0.76179],"extended":false,"handId":68,"id":683,"length":49.2406,"mcpPosition":[103.789,220.451,88.7388],"pipPosition":[91.4042,194.678,70.0736],"stabilizedTipPosition":[85.4172,184.028,98.7137],"timeVisible":10.944,"tipPosition":[84.8528,183.376,97.617],"tipVelocity":[-2.41243,-4.00937,-8.54712],"tool":false,"touchDistance":0.453245,"touchZone":"none","type":3,"width":13.6184},{"bases":[[[0.777501,-0.622356,0.0903615],[0.512641,0.710441,0.482155],[-0.364269,-0.328553,0.871414]],[[0.790391,-0.609832,0.0582019],[0.410092,0.456134,-0.789789],[0.455091,0.64811,0.610611]],[[0.790391,-0.609832,0.0582019],[-0.390033,-0.574213,-0.719829],[0.472395,0.546245,-0.691707]],[[0.790391,-0.609832,0.0582019],[-0.603326,-0.791372,-0.0986329],[0.106209,0.0428438,-0.99342]]],"btipPosition":[96.5855,184.627,99.8853],"carpPosition":[100.449,195.632,133.378],"dipPosition":[97.9847,185.191,86.7984],"direction":[-0.472395,-0.546245,0.691707],"extended":false,"handId":68,"id":684,"length":38.6037,"mcpPosition":[117.344,210.871,92.9598],"pipPosition":[105.046,193.357,76.4587],"stabilizedTipPosition":[97.3695,186.034,98.2393],"timeVisible":10.944,"tipPosition":[98.048,184.439,97.2602],"tipVelocity":[-1.6995,-4.63801,-9.03331],"tool":false,"touchDistance":0.447922,"touchZone":"none","type":4,"width":12.0969}],"r":[[0.897876,0.105356,0.427455],[-0.106249,0.9941,-0.0218417],[-0.427234,-0.0258055,0.903773]],"s":0.959041,"t":[63.3941,49.686,-34.2086],"timestamp":17465298436},{"currentFrameRate":113.475,"devices":[],"gestures":[{"center":[72.9089,237.147,24.9023],"duration":17403,"handIds":[68],"id":1,"normal":[0.250823,-0.333337,0.908831],"pointableIds":[681],"progress":0.890693,"radius":5.3751,"state":"update","type":"circle"}],"hands":[{"armBasis":[[0.973463,0.135628,-0.184322],[0.092742,0.502529,0.859572],[0.209209,-0.853856,0.476615]],"armWidth":48.9085,"confidence":1,"direction":[0.135683,0.494727,-0.858391],"elbow":[132.995,-3.05898,253.391],"grabAngle":2.77522,"grabStrength":0,"id":68,"palmNormal":[-0.179066,-0.839889,-0.512368],"palmPosition":[86.4429,213.448,99.3065],"palmVelocity":[-1.2622,-8.12759,-9.15519],"palmWidth":72.7825,"pinchDistance":44.2882,"pinchStrength":0.577155,"r":[[0.898066,0.105079,0.427124],[-0.105672,0.994149,-0.0223903],[-0.426978,-0.025027,0.903916]],"s":0.959176,"sphereCenter":[92.9044,189.162,70.9608],"sphereRadius":37.3908,"stabilizedPalmPosition":[86.2252,214.791,100.635],"t":[63.391,49.6221,-34.2907],"timeVisible":10.9532,"type":"right","wrist":[87.8114,181.35,150.456]}],"id":45323,"interactionBox":{"center":[0,200,0],"size":[235.247,235.247,147.751]},"pointables":[{"bases":[[[0.983384,-0.136994,-0.119115],[0.172656,0.908503,0.380541],[0.056085,-0.394784,0.91706]],[[0.979046,-0.200642,0.0348073],[0.19281,0.968338,0.158578],[-0.0655226,-0.148544,0.986733]],[[0.979046,-0.200642,0.0348073],[0.201295,0.979394,-0.0163549],[-0.0308086,0.0230187,0.99926]],[[0.979046,-0.200642,0.0348073],[0.203191,0.973845,-0.101678],[-0.013496,0.10662,0.994208]]],"btipPosition":[72.8484,232.323,18.6768],"carpPosition":[73.2522,206.031,136.484],"dipPosition":[72.6722,233.715,31.6592],"direction":[0.0308086,-0.0230187,-0.99926],"extended":true,"handId":68,"id":681,"length":44.9446,"mcpPosition":[69.9517,229.263,82.5173],"pipPosition":[72.1031,234.14,50.1181],"stabilizedTipPosition":[72.51,232.11,22.4004],"timeVisible":10.9532,"tipPosition":[73.4184,230.931,21.7969],"tipVelocity":[-3.28225,-1.06648,-9.00726],"tool":false,"touchDistance":0.268852,"touchZone":"hovering","type":1,"width":14.572},{"bases":[[[0.578748,0.757931,0.300985],[-0.757092,0.362189,0.54372],[0.303089,-0.54255,0.783439]],[[0.474162,0.877157,0.0759357],[-0.862927,0.445884,0.237789],[0.17472,-0.178278,0.968344]],[[0.474162,0.877157,0.0759357],[-0.863652,0.48015,-0.153497],[-0.171102,0.00720058,0.985227]],[[0.474162,0.877157,0.0759357],[-0.730077,0.439925,-0.522928],[-0.492096,0.192513,0.848988]]],"btipPosition":[69.2877,193.587,56.1306],"carpPosition":[63.0036,190.1,135.654],"dipPosition":[60.4858,197.031,71.3161],"direction":[0.171102,-0.00720058,-0.985227],"extended":false,"handId":68,"id":680,"length":39.8308,"mcpPosition":[63.0036,190.1,135.654],"pipPosition":[56.0272,197.218,96.9893],"stabilizedTipPosition":[67.1377,195.066,60.1024],"timeVisible":10.9532,"tipPosition":[67.1343,196.455,59.9486],"tipVelocity":[-1.02907,-11.0531,-8.03303],"tool":false,"touchDistance":0.296022,"touchZone":"hovering","type":0,"width":15.2554},{"bases":[[[0.937981,-0.341928,-0.0572381],[0.337613,0.863376,0.374966],[-0.0787935,-0.371036,0.92527]],[[0.938416,-0.339804,-0.0625206],[0.141256,0.542465,-0.828117],[0.315313,0.768287,0.557057]],[[0.938416,-0.339804,-0.0625206],[-0.292805,-0.686087,-0.665995],[0.183413,0.643287,-0.743331]],[[0.938416,-0.339804,-0.0625206],[-0.341425,-0.939754,-0.0170624],[-0.0529561,0.0373577,-0.997898]]],"btipPosition":[72.5986,184.006,93.7391],"carpPosition":[83.0423,206.119,135.41],"dipPosition":[71.838,184.543,79.4072],"direction":[-0.183413,-0.643287,0.743331],"extended":false,"handId":68,"id":682,"length":51.2108,"mcpPosition":[87.4396,226.826,83.7733],"pipPosition":[75.8241,198.523,63.2524],"stabilizedTipPosition":[73.1771,185.708,92.2365],"timeVisible":10.9532,"tipPosition":[72.3031,184.58,90.6716],"tipVelocity":[-2.9788,-8.96277,-8.13198],"tool":false,"touchDistance":0.340713,"touchZone":"none","type":2,"width":14.3116},{"bases":[[[0.888025,-0.456908,0.0514442],[0.401081,0.824472,0.399223],[-0.224823,-0.333887,0.915409]],[[0.894755,-0.446006,0.0221694],[0.260377,0.480736,-0.837315],[0.36279,0.754964,0.546271]],[[0.894755,-0.446006,0.0221694],[-0.327141,-0.688469,-0.647294],[0.30396,0.571917,-0.761918]],[[0.894755,-0.446006,0.0221694],[-0.446117,-0.894975,0.0000774317],[0.0198065,-0.00995941,-0.999754]]],"btipPosition":[84.6677,182.624,100.4],"carpPosition":[92.5093,203.641,134.513],"dipPosition":[84.9506,182.482,86.1236],"direction":[-0.30396,-0.571917,0.761918],"extended":false,"handId":68,"id":683,"length":49.2406,"mcpPosition":[103.774,220.37,88.646],"pipPosition":[91.3859,194.591,69.9924],"stabilizedTipPosition":[85.4034,183.999,98.6814],"timeVisible":10.9532,"tipPosition":[84.8378,183.3,97.5467],"tipVelocity":[-3.67417,-8.01084,-8.60363],"tool":false,"touchDistance":0.451935,"touchZone":"none","type":3,"width":13.6184},{"bases":[[[0.777477,-0.622384,0.090372],[0.51287,0.710611,0.48166],[-0.363997,-0.328131,0.871686]],[[0.790037,-0.61021,0.0590363],[0.410718,0.455332,-0.789926],[0.45514,0.648319,0.610353]],[[0.790037,-0.61021,0.0590363],[-0.389985,-0.574532,-0.7196],[0.473025,0.545488,-0.691875]],[[0.790037,-0.61021,0.0590363],[-0.603681,-0.791116,-0.0985181],[0.106821,0.0421939,-0.993383]]],"btipPosition":[96.5527,184.561,99.8011],"carpPosition":[100.447,195.572,133.297],"dipPosition":[97.96,185.117,86.7148],"direction":[-0.473025,-0.545488,0.691875],"extended":false,"handId":68,"id":684,"length":38.6037,"mcpPosition":[117.33,210.791,92.8667],"pipPosition":[105.031,193.271,76.3726],"stabilizedTipPosition":[97.3599,186.008,98.2112],"timeVisible":10.9532,"tipPosition":[98.0316,184.364,97.185],"tipVelocity":[-3.38655,-7.39552,-9.19525],"tool":false,"touchDistance":0.446521,"touchZone":"none","type":4,"width":12.0969}],"r":[[0.898066,0.105079,0.427124],[-0.105672,0.994149,-0.0223903],[-0.426978,-0.025027,0.903916]],"s":0.959176,"t":[63.391,49.6221,-34.2907],"timestamp":17465307573},{"currentFrameRate":113.795,"devices":[],"gestures":[{"center":[72.9089,237.147,24.9023],"duration":17403,"handIds":[68],"id":1,"normal":[0.250823,-0.333337,0.908831],"pointableIds":[681],"progress":0.890693,"radius":5.3751,"state":"update","type":"circle"}],"hands":[{"armBasis":[[0.973216,0.136437,-0.185029],[0.0929328,0.50267,0.859469],[0.210271,-0.853644,0.476527]],"armWidth":48.9085,"confidence":1,"direction":[0.135427,0.495295,-0.858104],"elbow":[133.254,-3.09459,253.294],"grabAngle":2.77477,"grabStrength":0,"id":68,"palmNormal":[-0.178961,-0.839609,-0.512864],"palmPosition":[86.4499,213.394,99.2452],"palmVelocity":[0.845388,-6.56631,-7.45129],"palmWidth":72.7825,"pinchDistance":44.3148,"pinchStrength":0.576994,"r":[[0.898228,0.104844,0.426843],[-0.105256,0.994186,-0.0227014],[-0.426742,-0.0245369,0.904041]],"s":0.959365,"sphereCenter":[92.8725,189.16,70.884],"sphereRadius":37.3763,"stabilizedPalmPosition":[86.2287,214.77,100.613],"t":[63.393,49.5631,-34.3625],"timeVisible":10.9614,"type":"right","wrist":[87.8414,181.269,150.378]}],"id":45324,"interactionBox":{"center":[0,200,0],"size":[235.247,235.247,147.751]},"pointables":[{"bases":[[[0.983395,-0.136695,-0.119366],[0.172514,0.908304,0.381081],[0.0563284,-0.395346,0.916804]],[[0.979106,-0.200411,0.0344401],[0.192511,0.968087,0.160458],[-0.0654984,-0.150475,0.986442]],[[0.979106,-0.200411,0.0344401],[0.200984,0.979494,-0.0140492],[-0.0309182,0.0206776,0.999308]],[[0.979106,-0.200411,0.0344401],[0.202896,0.974103,-0.0997778],[-0.0135517,0.104681,0.994414]]],"btipPosition":[72.851,232.408,18.6341],"carpPosition":[73.2671,205.95,136.421],"dipPosition":[72.674,233.775,31.6191],"direction":[0.0309182,-0.0206776,-0.999308],"extended":true,"handId":68,"id":681,"length":44.9446,"mcpPosition":[69.9522,229.216,82.4685],"pipPosition":[72.1029,234.157,50.079],"stabilizedTipPosition":[72.522,232.135,22.3692],"timeVisible":10.9614,"tipPosition":[73.4049,230.933,21.748],"tipVelocity":[0.285071,9.57196,-5.11047],"tool":false,"touchDistance":0.268151,"touchZone":"hovering","type":1,"width":14.572},{"bases":[[[0.578626,0.757874,0.301363],[-0.757083,0.361676,0.544073],[0.303343,-0.542972,0.783048]],[[0.474045,0.877168,0.0765362],[-0.863001,0.445622,0.238014],[0.174672,-0.17888,0.968242]],[[0.474045,0.877168,0.0765362],[-0.863744,0.480141,-0.153005],[-0.170959,0.0064235,0.985257]],[[0.474045,0.877168,0.0765362],[-0.730383,0.440283,-0.522199],[-0.491754,0.191645,0.849382]]],"btipPosition":[69.2982,193.565,56.0548],"carpPosition":[63.022,190.018,135.582],"dipPosition":[60.5024,196.993,71.2473],"direction":[0.170959,-0.0064235,-0.985257],"extended":false,"handId":68,"id":680,"length":39.8308,"mcpPosition":[63.022,190.018,135.582],"pipPosition":[56.0475,197.16,96.9213],"stabilizedTipPosition":[67.1448,195.029,60.074],"timeVisible":10.9614,"tipPosition":[67.1386,196.419,59.8796],"tipVelocity":[1.43949,-3.14592,-9.00996],"tool":false,"touchDistance":0.294785,"touchZone":"hovering","type":0,"width":15.2554},{"bases":[[[0.938049,-0.341679,-0.0576093],[0.33748,0.863217,0.375451],[-0.0785542,-0.371633,0.92505]],[[0.938474,-0.339596,-0.06278],[0.141083,0.542923,-0.827847],[0.315218,0.768055,0.55743]],[[0.938474,-0.339596,-0.06278],[-0.29269,-0.685633,-0.666513],[0.183301,0.64388,-0.742845]],[[0.938474,-0.339596,-0.06278],[-0.341258,-0.939804,-0.0176609],[-0.0530033,0.0379985,-0.997871]]],"btipPosition":[72.6065,183.949,93.6613],"carpPosition":[83.057,206.042,135.344],"dipPosition":[71.8452,184.494,79.3297],"direction":[-0.183301,-0.64388,0.742845],"extended":false,"handId":68,"id":682,"length":51.2108,"mcpPosition":[87.4409,226.781,83.7201],"pipPosition":[75.8289,198.488,63.1855],"stabilizedTipPosition":[73.1653,185.682,92.207],"timeVisible":10.9614,"tipPosition":[72.3152,184.528,90.5944],"tipVelocity":[0.942472,-6.7466,-9.44223],"tool":false,"touchDistance":0.339417,"touchZone":"none","type":2,"width":14.3116},{"bases":[[[0.888138,-0.456738,0.0510094],[0.40096,0.824313,0.399673],[-0.224593,-0.334511,0.915238]],[[0.894797,-0.445929,0.0220343],[0.260403,0.481161,-0.837063],[0.362668,0.754739,0.546663]],[[0.894797,-0.445929,0.0220343],[-0.32695,-0.688066,-0.647819],[0.304042,0.572463,-0.761476]],[[0.894797,-0.445929,0.0220343],[-0.446025,-0.89502,-0.000586261],[0.0199826,-0.00930329,-0.999757]]],"btipPosition":[84.6712,182.568,100.317],"carpPosition":[92.5244,203.566,134.445],"dipPosition":[84.9566,182.435,86.0409],"direction":[-0.304042,-0.572463,0.761476],"extended":false,"handId":68,"id":683,"length":49.2406,"mcpPosition":[103.778,220.327,88.5861],"pipPosition":[91.3937,194.555,69.9191],"stabilizedTipPosition":[85.3931,183.976,98.656],"timeVisible":10.9614,"tipPosition":[84.8513,183.246,97.4665],"tipVelocity":[0.496365,-6.62304,-10.0339],"tool":false,"touchDistance":0.450558,"touchZone":"none","type":3,"width":13.6184},{"bases":[[[0.777634,-0.622264,0.089852],[0.512789,0.710426,0.482019],[-0.363776,-0.328759,0.871541]],[[0.790079,-0.610179,0.0588001],[0.410755,0.455763,-0.789658],[0.455034,0.648045,0.610723]],[[0.790079,-0.610179,0.0588001],[-0.389824,-0.57414,-0.72],[0.473088,0.545935,-0.691478]],[[0.790079,-0.610179,0.0588001],[-0.603591,-0.791104,-0.0991602],[0.107022,0.0428532,-0.993333]]],"btipPosition":[96.5585,184.51,99.7164],"carpPosition":[100.464,195.5,133.222],"dipPosition":[97.9684,185.075,86.6307],"direction":[-0.473088,-0.545935,0.691478],"extended":false,"handId":68,"id":684,"length":38.6037,"mcpPosition":[117.337,210.748,92.7985],"pipPosition":[105.04,193.235,76.2944],"stabilizedTipPosition":[97.353,185.988,98.1896],"timeVisible":10.9614,"tipPosition":[98.0442,184.314,97.1033],"tipVelocity":[0.77265,-5.95089,-10.2736],"tool":false,"touchDistance":0.445111,"touchZone":"none","type":4,"width":12.0969}],"r":[[0.898228,0.104844,0.426843],[-0.105256,0.994186,-0.0227014],[-0.426742,-0.0245369,0.904041]],"s":0.959365,"t":[63.393,49.5631,-34.3625],"timestamp":17465315810},{"currentFrameRate":113.754,"devices":[],"gestures":[{"center":[72.9089,237.147,24.9023],"duration":17403,"handIds":[68],"id":1,"normal":[0.250823,-0.333337,0.908831],"pointableIds":[681],"progress":0.890693,"radius":5.3751,"state":"update","type":"circle"}],"hands":[{"armBasis":[[0.973024,0.137208,-0.18547],[0.0929789,0.502524,0.859549],[0.21114,-0.853607,0.47621]],"armWidth":48.9085,"confidence":1,"direction":[0.13491,0.495271,-0.858199],"elbow":[133.482,-3.1214,253.173],"grabAngle":2.77392,"grabStrength":0,"id":68,"palmNormal":[-0.178807,-0.839729,-0.512721],"palmPosition":[86.4547,213.355,99.1919],"palmVelocity":[0.545658,-4.33872,-6.01175],"palmWidth":72.7825,"pinchDistance":44.3566,"pinchStrength":0.577103,"r":[[0.898379,0.104736,0.42655],[-0.105006,0.994206,-0.022961],[-0.426484,-0.0241628,0.904172]],"s":0.959618,"sphereCenter":[92.831,189.166,70.8297],"sphereRadius":37.3609,"stabilizedPalmPosition":[86.232,214.749,100.592],"t":[63.3964,49.5144,-34.425],"timeVisible":10.9703,"type":"right","wrist":[87.8813,181.234,150.325]}],"id":45325,"interactionBox":{"center":[0,200,0],"size":[235.247,235.247,147.751]},"pointables":[{"bases":[[[0.983407,-0.136306,-0.119714],[0.172283,0.90841,0.380934],[0.0568257,-0.395238,0.91682]],[[0.9792,-0.200011,0.0341066],[0.192042,0.967866,0.162344],[-0.0654813,-0.152417,0.986145]],[[0.9792,-0.200011,0.0341066],[0.200494,0.979629,-0.0113464],[-0.0311425,0.0179485,0.999354]],[[0.9792,-0.200011,0.0341066],[0.202438,0.974391,-0.09788],[-0.0136561,0.102749,0.994614]]],"btipPosition":[72.8481,232.5,18.5917],"carpPosition":[73.2886,205.91,136.373],"dipPosition":[72.6698,233.842,31.5794],"direction":[0.0311425,-0.0179485,-0.999354],"extended":true,"handId":68,"id":681,"length":44.9446,"mcpPosition":[69.9445,229.169,82.4199],"pipPosition":[72.0945,234.174,50.0401],"stabilizedTipPosition":[72.5357,232.167,22.3313],"timeVisible":10.9703,"tipPosition":[73.3689,230.9,21.6967],"tipVelocity":[-0.353366,9.80369,-4.71589],"tool":false,"touchDistance":0.267454,"touchZone":"hovering","type":1,"width":14.572},{"bases":[[[0.578428,0.758137,0.30108],[-0.757031,0.361418,0.544318],[0.303852,-0.542775,0.782987]],[[0.473822,0.877293,0.0764787],[-0.863088,0.445391,0.238129],[0.174846,-0.178839,0.968218]],[[0.473822,0.877293,0.0764787],[-0.863942,0.479914,-0.1526],[-0.170578,0.00623202,0.985324]],[[0.473822,0.877293,0.0764787],[-0.730925,0.440231,-0.521483],[-0.491162,0.19119,0.849827]]],"btipPosition":[69.2984,193.532,56.0035],"carpPosition":[63.0497,189.973,135.54],"dipPosition":[60.5132,196.952,71.204],"direction":[0.170578,-0.00623202,-0.985325],"extended":false,"handId":68,"id":680,"length":39.8308,"mcpPosition":[63.0497,189.973,135.54],"pipPosition":[56.0682,197.114,96.8797],"stabilizedTipPosition":[67.1507,194.997,60.0483],"timeVisible":10.9703,"tipPosition":[67.1361,196.367,59.8346],"tipVelocity":[0.297672,-3.94981,-5.57889],"tool":false,"touchDistance":0.293961,"touchZone":"hovering","type":0,"width":15.2554},{"bases":[[[0.938167,-0.341302,-0.0579217],[0.337266,0.86339,0.375247],[-0.0780635,-0.371579,0.925113]],[[0.938577,-0.339284,-0.0629333],[0.140787,0.543019,-0.827834],[0.315044,0.768125,0.557432]],[[0.938577,-0.339284,-0.0629333],[-0.292513,-0.685527,-0.6667],[0.183058,0.644158,-0.742664]],[[0.938577,-0.339284,-0.0629333],[-0.340961,-0.939908,-0.0178327],[-0.0531012,0.0381951,-0.997858]]],"btipPosition":[72.6132,183.898,93.6022],"carpPosition":[83.0781,206.005,135.293],"dipPosition":[71.8506,184.446,79.2709],"direction":[-0.183058,-0.644158,0.742664],"extended":false,"handId":68,"id":682,"length":51.2108,"mcpPosition":[87.4346,226.742,83.6652],"pipPosition":[75.829,198.446,63.1305],"stabilizedTipPosition":[73.1541,185.657,92.1777],"timeVisible":10.9703,"tipPosition":[72.3288,184.483,90.5488],"tipVelocity":[0.726199,-5.67373,-6.6588],"tool":false,"touchDistance":0.338433,"touchZone":"none","type":2,"width":14.3116},{"bases":[[[0.888342,-0.456371,0.0507259],[0.400771,0.824514,0.399449],[-0.224121,-0.334518,0.915351]],[[0.894908,-0.445703,0.0221182],[0.260348,0.481203,-0.837056],[0.362435,0.754846,0.546671]],[[0.894908,-0.445703,0.0221182],[-0.326659,-0.688042,-0.647991],[0.30403,0.572667,-0.761327]],[[0.894908,-0.445703,0.0221182],[-0.445796,-0.895134,-0.000805398],[0.0201577,-0.00913943,-0.999755]]],"btipPosition":[84.6751,182.525,100.253],"carpPosition":[92.5461,203.533,134.39],"dipPosition":[84.9629,182.394,85.9772],"direction":[-0.30403,-0.572667,0.761327],"extended":false,"handId":68,"id":683,"length":49.2406,"mcpPosition":[103.776,220.295,88.5258],"pipPosition":[91.3997,194.519,69.8586],"stabilizedTipPosition":[85.384,183.956,98.6325],"timeVisible":10.9703,"tipPosition":[84.8676,183.206,97.416],"tipVelocity":[0.496823,-4.75513,-7.18865],"tool":false,"touchDistance":0.449496,"touchZone":"none","type":3,"width":13.6184},{"bases":[[[0.77792,-0.621939,0.0896244],[0.512676,0.710679,0.481765],[-0.363323,-0.328827,0.871705]],[[0.790173,-0.610035,0.0590258],[0.410847,0.455766,-0.789609],[0.454787,0.648178,0.610765]],[[0.790173,-0.610035,0.0590258],[-0.38953,-0.574229,-0.720088],[0.473174,0.546002,-0.691367]],[[0.790173,-0.610035,0.0590258],[-0.603416,-0.791212,-0.0993599],[0.107315,0.0428944,-0.993299]]],"btipPosition":[96.5636,184.479,99.6488],"carpPosition":[100.489,195.47,133.166],"dipPosition":[97.9773,185.044,86.5635],"direction":[-0.473174,-0.546002,0.691367],"extended":false,"handId":68,"id":684,"length":38.6037,"mcpPosition":[117.34,210.722,92.7341],"pipPosition":[105.05,193.205,76.2289],"stabilizedTipPosition":[97.3475,185.972,98.171],"timeVisible":10.9703,"tipPosition":[98.0588,184.28,97.048],"tipVelocity":[0.672216,-3.55188,-7.61699],"tool":false,"touchDistance":0.443986,"touchZone":"none","type":4,"width":12.0969}],"r":[[0.898379,0.104736,0.42655],[-0.105006,0.994206,-0.022961],[-0.426484,-0.0241628,0.904172]],"s":0.959618,"t":[63.3964,49.5144,-34.425],"timestamp":17465324672},{"currentFrameRate":113.993,"devices":[],"gestures":[{"center":[72.9089,237.147,24.9023],"duration":17403,"handIds":[68],"id":1,"normal":[0.250823,-0.333337,0.908831],"pointableIds":[681],"progress":0.890693,"radius":5.3751,"state":"update","type":"circle"}],"hands":[{"armBasis":[[0.972916,0.13817,-0.18532],[0.0924472,0.502219,0.859785],[0.211868,-0.853631,0.475843]],"armWidth":48.9085,"confidence":1,"direction":[0.134451,0.495279,-0.858267],"elbow":[133.677,-3.16909,253.027],"grabAngle":2.77326,"grabStrength":0,"id":68,"palmNormal":[-0.17809,-0.839951,-0.512608],"palmPosition":[86.4636,213.308,99.1245],"palmVelocity":[1.06447,-5.60935,-8.06142],"palmWidth":72.7825,"pinchDistance":44.3826,"pinchStrength":0.576974,"r":[[0.898485,0.104818,0.426307],[-0.10498,0.994204,-0.0231935],[-0.426268,-0.0239149,0.904281]],"s":0.959916,"sphereCenter":[92.8361,189.149,70.763],"sphereRadius":37.3565,"stabilizedPalmPosition":[86.2348,214.732,100.575],"t":[63.4025,49.4666,-34.4899],"timeVisible":10.9786,"type":"right","wrist":[87.9196,181.191,150.258]}],"id":45326,"interactionBox":{"center":[0,200,0],"size":[235.247,235.247,147.751]},"pointables":[{"bases":[[[0.983522,-0.135463,-0.119728],[0.171503,0.908608,0.380813],[0.0571996,-0.395071,0.916868]],[[0.979374,-0.199157,0.0341117],[0.1911,0.967809,0.163789],[-0.0656333,-0.153892,0.985905]],[[0.979374,-0.199157,0.0341117],[0.199569,0.979841,-0.00911265],[-0.0316092,0.0157323,0.999376]],[[0.979374,-0.199157,0.0341117],[0.201564,0.974747,-0.0961261],[-0.0141062,0.101019,0.994784]]],"btipPosition":[72.8622,232.549,18.528],"carpPosition":[73.3051,205.856,136.307],"dipPosition":[72.678,233.868,31.5179],"direction":[0.0316092,-0.0157323,-0.999376],"extended":true,"handId":68,"id":681,"length":44.9446,"mcpPosition":[69.939,229.106,82.351],"pipPosition":[72.0941,234.159,49.979],"stabilizedTipPosition":[72.5465,232.193,22.3002],"timeVisible":10.9786,"tipPosition":[73.3559,230.847,21.6267],"tipVelocity":[1.52053,5.1785,-7.55604],"tool":false,"touchDistance":0.266401,"touchZone":"hovering","type":1,"width":14.572},{"bases":[[[0.577776,0.75868,0.300965],[-0.757329,0.360826,0.544296],[0.30435,-0.54241,0.783047]],[[0.473187,0.877626,0.0765897],[-0.863415,0.444741,0.238159],[0.174952,-0.178822,0.968202]],[[0.473187,0.877626,0.0765897],[-0.864321,0.479309,-0.152357],[-0.170423,0.00589542,0.985353]],[[0.473187,0.877626,0.0765897],[-0.731458,0.43985,-0.521057],[-0.490981,0.190535,0.850079]]],"btipPosition":[69.3174,193.489,55.9352],"carpPosition":[63.0801,189.911,135.476],"dipPosition":[60.5354,196.897,71.1402],"direction":[0.170423,-0.00589542,-0.985353],"extended":false,"handId":68,"id":680,"length":39.8308,"mcpPosition":[63.0801,189.911,135.476],"pipPosition":[56.0945,197.051,96.8167],"stabilizedTipPosition":[67.1559,194.972,60.0266],"timeVisible":10.9786,"tipPosition":[67.1588,196.295,59.7695],"tipVelocity":[2.35896,-5.44859,-8.04419],"tool":false,"touchDistance":0.29284,"touchZone":"hovering","type":0,"width":15.2554},{"bases":[[[0.938463,-0.34049,-0.057908],[0.336524,0.863732,0.375126],[-0.0777099,-0.371529,0.925163]],[[0.93887,-0.338472,-0.0629207],[0.140323,0.543127,-0.827842],[0.314375,0.768407,0.557421]],[[0.93887,-0.338472,-0.0629207],[-0.291882,-0.685676,-0.666824],[0.182558,0.644426,-0.742555]],[[0.93887,-0.338472,-0.0629207],[-0.340151,-0.940201,-0.0178952],[-0.0531011,0.0382038,-0.997858]]],"btipPosition":[72.6455,183.833,93.5311],"carpPosition":[83.0946,205.96,135.227],"dipPosition":[71.8828,184.382,79.1998],"direction":[-0.182558,-0.644426,0.742555],"extended":false,"handId":68,"id":682,"length":51.2108,"mcpPosition":[87.4313,226.694,83.5961],"pipPosition":[75.8504,198.387,63.0618],"stabilizedTipPosition":[73.1445,185.633,92.1504],"timeVisible":10.9786,"tipPosition":[72.3627,184.422,90.4853],"tipVelocity":[3.85609,-7.69588,-8.50543],"tool":false,"touchDistance":0.337248,"touchZone":"none","type":2,"width":14.3116},{"bases":[[[0.888742,-0.455589,0.0507558],[0.400064,0.824914,0.399331],[-0.2238,-0.334597,0.915401]],[[0.895256,-0.444993,0.0223401],[0.260141,0.481341,-0.837041],[0.361724,0.755177,0.546685]],[[0.895256,-0.444993,0.0223401],[-0.325936,-0.68827,-0.648112],[0.303781,0.572944,-0.761217]],[[0.895256,-0.444993,0.0223401],[-0.445084,-0.895488,-0.000955352],[0.0204304,-0.00908792,-0.99975]]],"btipPosition":[84.7032,182.474,100.182],"carpPosition":[92.5647,203.496,134.324],"dipPosition":[84.995,182.344,85.9055],"direction":[-0.303781,-0.572945,0.761217],"extended":false,"handId":68,"id":683,"length":49.2406,"mcpPosition":[103.778,220.261,88.457],"pipPosition":[91.4265,194.474,69.7893],"stabilizedTipPosition":[85.3767,183.937,98.6118],"timeVisible":10.9786,"tipPosition":[84.9026,183.157,97.3522],"tipVelocity":[3.47427,-6.0869,-8.57479],"tool":false,"touchDistance":0.448301,"touchZone":"none","type":3,"width":13.6184},{"bases":[[[0.778465,-0.621248,0.0896789],[0.512071,0.711188,0.481659],[-0.363008,-0.329032,0.871758]],[[0.790615,-0.609434,0.0593172],[0.410747,0.456015,-0.789517],[0.454109,0.648568,0.610856]],[[0.790615,-0.609434,0.0593172],[-0.388881,-0.574586,-0.720154],[0.472969,0.546298,-0.691274]],[[0.790615,-0.609434,0.0593172],[-0.602786,-0.791675,-0.0994979],[0.107597,0.0429089,-0.993268]]],"btipPosition":[96.5922,184.443,99.5765],"carpPosition":[100.514,195.44,133.1],"dipPosition":[98.0097,185.008,86.4916],"direction":[-0.472969,-0.546298,0.691274],"extended":false,"handId":68,"id":684,"length":38.6037,"mcpPosition":[117.351,210.701,92.666],"pipPosition":[105.08,193.174,76.1584],"stabilizedTipPosition":[97.3433,185.958,98.1554],"timeVisible":10.9786,"tipPosition":[98.0923,184.243,96.9837],"tipVelocity":[3.53032,-4.29149,-8.63747],"tool":false,"touchDistance":0.442782,"touchZone":"none","type":4,"width":12.0969}],"r":[[0.898485,0.104818,0.426307],[-0.10498,0.994204,-0.0231935],[-0.426268,-0.0239149,0.904281]],"s":0.959916,"t":[63.4025,49.4666,-34.4899],"timestamp":17465333033},{"currentFrameRate":114.012,"devices":[],"gestures":[{"center":[72.9089,237.147,24.9023],"duration":17403,"handIds":[68],"id":1,"normal":[0.250823,-0.333337,0.908831],"pointableIds":[681],"progress":0.890693,"radius":5.3751,"state":"update","type":"circle"}],"hands":[{"armBasis":[[0.972823,0.139049,-0.18515],[0.0919648,0.501815,0.860072],[0.212503,-0.853725,0.47539]],"armWidth":48.9085,"confidence":1,"direction":[0.133766,0.495752,-0.858101],"elbow":[133.874,-3.24829,252.878],"grabAngle":2.77282,"grabStrength":0,"id":68,"palmNormal":[-0.17722,-0.839958,-0.512897],"palmPosition":[86.4833,213.268,99.0869],"palmVelocity":[2.2554,-4.57859,-4.30403],"palmWidth":72.7825,"pinchDistance":44.4065,"pinchStrength":0.576466,"r":[[0.898558,0.105054,0.426095],[-0.105184,0.99418,-0.0233017],[-0.426062,-0.0238804,0.904379]],"s":0.960294,"sphereCenter":[92.8758,189.146,70.7126],"sphereRadius":37.3633,"stabilizedPalmPosition":[86.238,214.713,100.556],"t":[63.4154,49.4227,-34.5412],"timeVisible":10.9874,"type":"right","wrist":[87.9795,181.132,150.207]}],"id":45327,"interactionBox":{"center":[0,200,0],"size":[235.247,235.247,147.751]},"pointables":[{"bases":[[[0.983656,-0.13431,-0.119924],[0.170536,0.908658,0.381128],[0.0577809,-0.39535,0.916711]],[[0.979597,-0.198085,0.0339381],[0.189945,0.967721,0.165638],[-0.0656531,-0.155812,0.985602]],[[0.979597,-0.198085,0.0339381],[0.19841,0.980098,-0.00648011],[-0.0319791,0.0130816,0.999403]],[[0.979597,-0.198085,0.0339381],[0.200448,0.975193,-0.0939065],[-0.0144948,0.0987933,0.995002]]],"btipPosition":[72.8742,232.638,18.5054],"carpPosition":[73.3388,205.788,136.268],"dipPosition":[72.6849,233.928,31.4981],"direction":[0.0319791,-0.0130816,-0.999403],"extended":true,"handId":68,"id":681,"length":44.9446,"mcpPosition":[69.9385,229.053,82.3217],"pipPosition":[72.0942,234.169,49.9597],"stabilizedTipPosition":[72.5599,232.228,22.2621],"timeVisible":10.9874,"tipPosition":[73.3406,230.837,21.5968],"tipVelocity":[1.23888,9.39014,-2.51365],"tool":false,"touchDistance":0.266035,"touchZone":"hovering","type":1,"width":14.572},{"bases":[[[0.576966,0.759217,0.301164],[-0.757653,0.359769,0.544543],[0.305077,-0.542361,0.782798]],[[0.472331,0.878045,0.077073],[-0.863804,0.443722,0.238648],[0.175345,-0.179297,0.968043]],[[0.472331,0.878045,0.077073],[-0.864873,0.478552,-0.151599],[-0.169995,0.0049467,0.985433]],[[0.472331,0.878045,0.077073],[-0.732244,0.439561,-0.520197],[-0.490635,0.189269,0.850562]]],"btipPosition":[69.3358,193.475,55.8879],"carpPosition":[63.1316,189.831,135.433],"dipPosition":[60.56,196.861,71.1016],"direction":[0.169995,-0.0049467,-0.985433],"extended":false,"handId":68,"id":680,"length":39.8308,"mcpPosition":[63.1316,189.831,135.433],"pipPosition":[56.1303,196.99,96.7801],"stabilizedTipPosition":[67.1606,194.951,60.008],"timeVisible":10.9874,"tipPosition":[67.1921,196.244,59.7276],"tipVelocity":[2.27187,-2.15621,-5.18321],"tool":false,"touchDistance":0.292085,"touchZone":"hovering","type":0,"width":15.2554},{"bases":[[[0.938837,-0.339412,-0.0581749],[0.335607,0.863969,0.3754],[-0.0771538,-0.371963,0.925035]],[[0.939241,-0.337395,-0.0631775],[0.139572,0.543529,-0.827705],[0.313602,0.768597,0.557595]],[[0.939241,-0.337395,-0.0631775],[-0.291203,-0.685748,-0.667046],[0.181734,0.644914,-0.742333]],[[0.939241,-0.337395,-0.0631775],[-0.339092,-0.94058,-0.0180791],[-0.0533237,0.0384036,-0.997839]]],"btipPosition":[72.6974,183.78,93.4868],"carpPosition":[83.1279,205.903,135.187],"dipPosition":[71.9315,184.331,79.1558],"direction":[-0.181734,-0.644914,0.742333],"extended":false,"handId":68,"id":682,"length":51.2108,"mcpPosition":[87.4336,226.661,83.5633],"pipPosition":[75.8812,198.347,63.0227],"stabilizedTipPosition":[73.1342,185.604,92.1182],"timeVisible":10.9874,"tipPosition":[72.4137,184.369,90.4389],"tipVelocity":[5.85634,-6.05463,-5.05631],"tool":false,"touchDistance":0.336512,"touchZone":"none","type":2,"width":14.3116},{"bases":[[[0.889262,-0.454607,0.0504532],[0.399194,0.825214,0.399581],[-0.223287,-0.335192,0.915308]],[[0.895759,-0.443994,0.0220433],[0.259464,0.481918,-0.836919],[0.360964,0.755397,0.546883]],[[0.895759,-0.443994,0.0220433],[-0.325238,-0.688359,-0.648369],[0.303045,0.573613,-0.761007]],[[0.895759,-0.443994,0.0220433],[-0.444077,-0.895988,-0.0012357],[0.0202992,-0.00868204,-0.999756]]],"btipPosition":[84.7569,182.43,100.133],"carpPosition":[92.6007,203.45,134.281],"dipPosition":[85.0468,182.306,85.8568],"direction":[-0.303045,-0.573613,0.761007],"extended":false,"handId":68,"id":683,"length":49.2406,"mcpPosition":[103.789,220.245,88.4194],"pipPosition":[91.4628,194.45,69.7449],"stabilizedTipPosition":[85.3692,183.917,98.5879],"timeVisible":10.9874,"tipPosition":[84.956,183.116,97.3034],"tipVelocity":[6.09439,-4.88007,-5.57388],"tool":false,"touchDistance":0.447489,"touchZone":"none","type":3,"width":13.6184},{"bases":[[[0.779178,-0.620405,0.0893305],[0.511342,0.711583,0.481849],[-0.362508,-0.329768,0.871689]],[[0.7914,-0.60847,0.0587349],[0.409936,0.456981,-0.78938],[0.453473,0.648793,0.611089]],[[0.7914,-0.60847,0.0587349],[-0.388397,-0.574697,-0.720327],[0.472052,0.547255,-0.691143]],[[0.7914,-0.60847,0.0587349],[-0.601826,-0.792381,-0.099684],[0.107195,0.0435418,-0.993284]]],"btipPosition":[96.6501,184.411,99.5252],"carpPosition":[100.559,195.403,133.054],"dipPosition":[98.0622,184.985,86.4402],"direction":[-0.472052,-0.547255,0.691143],"extended":false,"handId":68,"id":684,"length":38.6037,"mcpPosition":[117.373,210.698,92.6229],"pipPosition":[105.119,193.165,76.1089],"stabilizedTipPosition":[97.3393,185.943,98.1375],"timeVisible":10.9874,"tipPosition":[98.144,184.217,96.9333],"tipVelocity":[6.47878,-3.3879,-5.86587],"tool":false,"touchDistance":0.441928,"touchZone":"none","type":4,"width":12.0969}],"r":[[0.898558,0.105054,0.426095],[-0.105184,0.99418,-0.0233017],[-0.426062,-0.0238804,0.904379]],"s":0.960294,"t":[63.4154,49.4227,-34.5412],"timestamp":17465341772},{"currentFrameRate":114.104,"devices":[],"gestures":[{"center":[72.9089,237.147,24.9023],"duration":17403,"handIds":[68],"id":1,"normal":[0.250823,-0.333337,0.908831],"pointableIds":[681],"progress":0.890693,"radius":5.3751,"state":"update","type":"circle"}],"hands":[{"armBasis":[[0.972788,0.140154,-0.184502],[0.0909716,0.501318,0.860467],[0.213092,-0.853837,0.474926]],"armWidth":48.9085,"confidence":1,"direction":[0.133231,0.495391,-0.858392],"elbow":[134.06,-3.30026,252.735],"grabAngle":2.77256,"grabStrength":0,"id":68,"palmNormal":[-0.176113,-0.840496,-0.512397],"palmPosition":[86.5104,213.215,99.0309],"palmVelocity":[3.14166,-6.22523,-6.5043],"palmWidth":72.7825,"pinchDistance":44.4246,"pinchStrength":0.575698,"r":[[0.898582,0.105521,0.425929],[-0.105596,0.994131,-0.023513],[-0.425911,-0.0238482,0.904451]],"s":0.960739,"sphereCenter":[92.9503,189.09,70.6676],"sphereRadius":37.3791,"stabilizedPalmPosition":[86.2414,214.694,100.536],"t":[63.4354,49.374,-34.5949],"timeVisible":10.996,"type":"right","wrist":[88.0377,181.104,150.164]}],"id":45328,"interactionBox":{"center":[0,200,0],"size":[235.247,235.247,147.751]},"pointables":[{"bases":[[[0.983836,-0.133149,-0.119741],[0.169356,0.909106,0.380585],[0.0581829,-0.394712,0.916961]],[[0.979853,-0.196795,0.0340618],[0.188608,0.967873,0.166281],[-0.0656906,-0.156506,0.98549]],[[0.979853,-0.196795,0.0340618],[0.197083,0.980373,-0.0052821],[-0.0323538,0.0118887,0.999406]],[[0.979853,-0.196795,0.0340618],[0.199163,0.97554,-0.0930401],[-0.0149189,0.0979495,0.99508]]],"btipPosition":[72.8968,232.609,18.4407],"carpPosition":[73.3714,205.74,136.216],"dipPosition":[72.702,233.888,31.4344],"direction":[0.0323538,-0.0118887,-0.999406],"extended":true,"handId":68,"id":681,"length":44.9446,"mcpPosition":[69.9474,228.969,82.2543],"pipPosition":[72.1044,234.107,49.896],"stabilizedTipPosition":[72.5708,232.253,22.2312],"timeVisible":10.996,"tipPosition":[73.3506,230.731,21.5281],"tipVelocity":[2.48363,-3.64815,-7.49794],"tool":false,"touchDistance":0.26496,"touchZone":"hovering","type":1,"width":14.572},{"bases":[[[0.575981,0.760127,0.300755],[-0.758161,0.359153,0.544244],[0.305677,-0.541495,0.783163]],[[0.471305,0.878625,0.0767376],[-0.864317,0.442799,0.238505],[0.175578,-0.178735,0.968105]],[[0.471305,0.878625,0.0767376],[-0.865511,0.477486,-0.151321],[-0.169596,0.00490132,0.985501]],[[0.471305,0.878625,0.0767376],[-0.733216,0.438684,-0.519568],[-0.490169,0.18861,0.850976]]],"btipPosition":[69.3605,193.405,55.8323],"carpPosition":[63.1843,189.77,135.389],"dipPosition":[60.5931,196.779,71.0534],"direction":[0.169596,-0.00490132,-0.985501],"extended":false,"handId":68,"id":680,"length":39.8308,"mcpPosition":[63.1843,189.77,135.389],"pipPosition":[56.1737,196.907,96.7337],"stabilizedTipPosition":[67.166,194.928,59.9883],"timeVisible":10.996,"tipPosition":[67.2449,196.136,59.6792],"tipVelocity":[3.0974,-8.44452,-6.26218],"tool":false,"touchDistance":0.291187,"touchZone":"hovering","type":0,"width":15.2554},{"bases":[[[0.939269,-0.338268,-0.0578699],[0.334483,0.864621,0.374902],[-0.0767819,-0.37149,0.925257]],[[0.939708,-0.336058,-0.0633599],[0.138474,0.543325,-0.828023],[0.312689,0.769326,0.557102]],[[0.939708,-0.336058,-0.0633599],[-0.290446,-0.686483,-0.66662],[0.180527,0.644831,-0.7427]],[[0.939708,-0.336058,-0.0633599],[-0.337727,-0.941082,-0.0174654],[-0.0537575,0.0378107,-0.997838]]],"btipPosition":[72.7753,183.701,93.4488],"carpPosition":[83.1605,205.867,135.135],"dipPosition":[72.0033,184.244,79.1178],"direction":[-0.180527,-0.644831,0.7427],"extended":false,"handId":68,"id":682,"length":51.2108,"mcpPosition":[87.4455,226.599,83.4992],"pipPosition":[75.9267,198.258,62.9767],"stabilizedTipPosition":[73.1239,185.57,92.0804],"timeVisible":10.996,"tipPosition":[72.478,184.292,90.3991],"tipVelocity":[8.88853,-9.34747,-4.41583],"tool":false,"touchDistance":0.335878,"touchZone":"none","type":2,"width":14.3116},{"bases":[[[0.889827,-0.453459,0.0508241],[0.398117,0.825961,0.399113],[-0.22296,-0.334908,0.915492]],[[0.896392,-0.442713,0.0220367],[0.258559,0.481848,-0.837239],[0.360038,0.756192,0.546393]],[[0.896392,-0.442713,0.0220367],[-0.324442,-0.68917,-0.647906],[0.302024,0.573629,-0.761401]],[[0.896392,-0.442713,0.0220367],[-0.442809,-0.896616,-0.000607678],[0.0200275,-0.00921334,-0.999757]]],"btipPosition":[84.8334,182.371,100.099],"carpPosition":[92.6365,203.426,134.232],"dipPosition":[85.1193,182.24,85.8233],"direction":[-0.302024,-0.573629,0.761