{"frames":47,"data":[{"currentFrameRate":115.074,"devices":[],"gestures":[],"hands":[{"armBasis":[[0.996209,0.0673371,0.0550846],[-0.0694554,0.23431,0.969678],[0.0523884,-0.969827,0.238099]],"armWidth":50.6296,"confidence":1,"direction":[0.256205,0.402374,-0.878894],"elbow":[82.3039,-88.9133,214.034],"grabAngle":2.76646,"grabStrength":0.0317987,"id":74,"palmNormal":[-0.204899,-0.865973,-0.456188],"palmPosition":[77.4414,156.304,108.7],"palmVelocity":[-83.0972,10.4588,-7.93184],"palmWidth":74.6866,"pinchDistance":42.7963,"pinchStrength":0.59018,"r":[[0.414109,-0.68634,0.597873],[0.909506,0.338147,-0.241776],[-0.0362281,0.64389,0.76426]],"s":1.32492,"sphereCenter":[86.6945,123.944,83.2608],"sphereRadius":39.1691,"stabilizedPalmPosition":[79.2623,155.98,108.852],"t":[62.0444,-20.6018,-53.9035],"timeVisible":4.89965,"type":"right","wrist":[70.6935,126.022,161.266]}],"id":50721,"interactionBox":{"center":[0,200,0],"size":[235.247,235.247,147.751]},"pointables":[{"bases":[[[0.974263,-0.225187,-0.010127],[0.21657,0.922629,0.319143],[-0.0625234,-0.313123,0.947652]],[[0.920115,-0.302167,0.249164],[0.330615,0.940322,-0.0805472],[-0.209956,0.15649,0.965106]],[[0.920115,-0.302167,0.249164],[0.371966,0.873362,-0.314452],[-0.122594,0.382012,0.91599]],[[0.920115,-0.302167,0.249164],[0.373227,0.869321,-0.32401],[-0.118698,0.391122,0.912652]]],"btipPosition":[75.0855,153.722,23.9697],"carpPosition":[59.8741,153.29,145.834],"dipPosition":[73.4303,159.176,36.6965],"direction":[0.122594,-0.382012,-0.91599],"extended":true,"handId":74,"id":741,"length":47.9972,"mcpPosition":[63.6497,172.199,88.6078],"pipPosition":[71.0118,166.712,54.7665],"stabilizedTipPosition":[75.6811,154.985,26.995],"timeVisible":4.89965,"tipPosition":[76.1735,156.484,27.263],"tipVelocity":[-88.046,-3.63282,-9.09047],"tool":false,"touchDistance":0.276687,"touchZone":"hovering","type":1,"width":15.1461},{"bases":[[[0.613388,0.733569,0.292628],[-0.768608,0.469236,0.43481],[0.181652,-0.491624,0.851651]],[[0.527734,0.849252,0.0163772],[-0.845117,0.523034,0.110508],[0.0852832,-0.0721595,0.99374]],[[0.527734,0.849252,0.0163772],[-0.80857,0.508174,-0.296604],[-0.260214,0.143286,0.95486]],[[0.527734,0.849252,0.0163772],[-0.640169,0.410333,-0.649469],[-0.558283,0.332263,0.760211]]],"btipPosition":[62.4923,130.446,63.499],"carpPosition":[48.0814,137.823,145.309],"dipPosition":[51.8283,136.793,78.0201],"direction":[0.260214,-0.143286,-0.95486],"extended":false,"handId":74,"id":740,"length":42.5361,"mcpPosition":[48.0814,137.823,145.309],"pipPosition":[44.587,140.78,104.592],"stabilizedTipPosition":[61.2657,131.931,66.8523],"timeVisible":4.89965,"tipPosition":[58.873,135.057,66.672],"tipVelocity":[-82.2149,-3.90986,-3.88969],"tool":false,"touchDistance":0.266848,"touchZone":"hovering","type":0,"width":15.8565},{"bases":[[[0.905568,-0.419385,0.0637406],[0.376738,0.864178,0.333565],[-0.194975,-0.278052,0.94057]],[[0.892247,-0.435303,0.120026],[0.324237,0.432637,-0.841247],[0.31427,0.789517,0.52716]],[[0.892247,-0.435303,0.120026],[-0.228487,-0.664512,-0.71149],[0.389473,0.6074,-0.69237]],[[0.892247,-0.435303,0.120026],[-0.428374,-0.900065,-0.0798668],[0.142798,0.0198448,-0.989553]]],"btipPosition":[57.5208,122.942,102.365],"carpPosition":[69.9479,152.479,145.721],"dipPosition":[59.7109,123.246,87.1877],"direction":[-0.389473,-0.6074,0.69237],"extended":false,"handId":74,"id":742,"length":54.689,"mcpPosition":[81.1136,168.403,91.8569],"pipPosition":[68.7502,137.343,71.1185],"stabilizedTipPosition":[59.7203,122.873,98.988],"timeVisible":4.89965,"tipPosition":[58.6971,124.361,100.15],"tipVelocity":[-74.6651,-0.086586,-5.99838],"tool":false,"touchDistance":0.481238,"touchZone":"none","type":2,"width":14.8755},{"bases":[[[0.836012,-0.519676,0.17613],[0.434066,0.822702,0.36708],[-0.335665,-0.230431,0.913362]],[[0.814379,-0.532558,0.230582],[0.447731,0.323788,-0.833486],[0.36922,0.782012,0.502129]],[[0.814379,-0.532558,0.230582],[-0.282756,-0.711101,-0.643727],[0.506789,0.45904,-0.72969]],[[0.814379,-0.532558,0.230582],[-0.542923,-0.839509,-0.0214344],[0.204991,-0.107733,-0.972817]]],"btipPosition":[68.6547,123.692,112.034],"carpPosition":[79.4445,149.097,145.973],"dipPosition":[71.7807,122.049,97.1989],"direction":[-0.506789,-0.45904,0.72969],"extended":false,"handId":74,"id":743,"length":52.5849,"mcpPosition":[96.7031,160.945,99.0117],"pipPosition":[83.239,132.428,80.7009],"stabilizedTipPosition":[71.0474,123.054,108.646],"timeVisible":4.89965,"tipPosition":[70.6559,123.159,109.01],"tipVelocity":[-73.961,6.43082,-3.49455],"tool":false,"touchDistance":0.643696,"touchZone":"none","type":3,"width":14.155},{"bases":[[[0.708254,-0.671595,0.217569],[0.52744,0.708247,0.469247],[-0.469237,-0.217592,0.855845]],[[0.653319,-0.691197,0.308902],[0.604867,0.23116,-0.762037],[0.455312,0.684698,0.569104]],[[0.653319,-0.691197,0.308902],[-0.318008,-0.620817,-0.71656],[0.687055,0.369909,-0.625397]],[[0.653319,-0.691197,0.308902],[-0.67742,-0.715887,-0.169141],[0.338048,-0.0987531,-0.935933]]],"btipPosition":[80.38,126.196,112.214],"carpPosition":[86.9099,140.115,146.222],"dipPosition":[85.1357,124.806,99.0475],"direction":[-0.687055,-0.369909,0.625397],"extended":false,"handId":74,"id":744,"length":41.2256,"mcpPosition":[109.243,150.471,105.488],"pipPosition":[96.1035,130.711,89.064],"stabilizedTipPosition":[83.1679,125.617,109.167],"timeVisible":4.89965,"tipPosition":[82.2555,125.527,109.115],"tipVelocity":[-72.5657,8.90475,-2.25253],"tool":false,"touchDistance":0.6531,"touchZone":"none","type":4,"width":12.5735}],"r":[[0.414109,-0.68634,0.597873],[0.909506,0.338147,-0.241776],[-0.0362281,0.64389,0.76426]],"s":1.32492,"t":[62.0444,-20.6018,-53.9035],"timestamp":17512916632},{"currentFrameRate":115.041,"devices":[],"gestures":[],"hands":[{"armBasis":[[0.995848,0.0717592,0.0560092],[-0.0713951,0.233997,0.969612],[0.0564727,-0.969585,0.238149]],"armWidth":50.6296,"confidence":1,"direction":[0.256354,0.402024,-0.87901],"elbow":[82.4042,-88.7081,213.973],"grabAngle":2.76636,"grabStrength":0.0324032,"id":74,"palmNormal":[-0.202627,-0.866842,-0.455552],"palmPosition":[76.6101,156.424,108.61],"palmVelocity":[-95.006,13.7632,-10.3077],"palmWidth":74.6866,"pinchDistance":42.8395,"pinchStrength":0.590035,"r":[[0.414793,-0.685353,0.59853],[0.909166,0.338865,-0.242049],[-0.0369324,0.644564,0.763658]],"s":1.32512,"sphereCenter":[85.9462,124.065,83.2073],"sphereRadius":39.1745,"stabilizedPalmPosition":[78.7841,156.06,108.809],"t":[61.3376,-20.4967,-53.9732],"timeVisible":4.9084,"type":"right","wrist":[69.8886,126.173,161.194]}],"id":50722,"interactionBox":{"center":[0,200,0],"size":[235.247,235.247,147.751]},"pointables":[{"bases":[[[0.974731,-0.223207,-0.00882839],[0.214333,0.923386,0.318465],[-0.0629315,-0.31231,0.947894]],[[0.920779,-0.299802,0.24957],[0.328488,0.940979,-0.0815683],[-0.210386,0.157087,0.964915]],[[0.920779,-0.299802,0.24957],[0.369812,0.87446,-0.313941],[-0.124119,0.381364,0.916055]],[[0.920779,-0.299802,0.24957],[0.371086,0.870436,-0.323474],[-0.120257,0.39046,0.912732]]],"btipPosition":[74.3109,153.795,23.8528],"carpPosition":[59.008,153.412,145.728],"dipPosition":[72.6339,159.24,36.5807],"direction":[0.124119,-0.381364,-0.916055],"extended":true,"handId":74,"id":741,"length":47.9972,"mcpPosition":[62.8082,172.271,88.4866],"pipPosition":[70.1854,166.763,54.652],"stabilizedTipPosition":[75.0757,155.007,26.921],"timeVisible":4.9084,"tipPosition":[75.4258,156.515,27.1698],"tipVelocity":[-89.0966,8.14289,-13.3289],"tool":false,"touchDistance":0.274743,"touchZone":"hovering","type":1,"width":15.1461},{"bases":[[[0.611566,0.73511,0.292575],[-0.770044,0.468097,0.433495],[0.181713,-0.490407,0.852339]],[[0.525714,0.850521,0.0154496],[-0.846429,0.521203,0.109115],[0.0847522,-0.0704403,0.993909]],[[0.525714,0.850521,0.0154496],[-0.809569,0.505813,-0.297911],[-0.261194,0.144109,0.954468]],[[0.525714,0.850521,0.0154496],[-0.641012,0.408024,-0.650093],[-0.559221,0.33186,0.759698]]],"btipPosition":[61.7253,130.457,63.4085],"carpPosition":[47.2474,137.92,145.205],"dipPosition":[51.0434,136.796,77.9199],"direction":[0.261194,-0.144109,-0.954468],"extended":false,"handId":74,"id":740,"length":42.5361,"mcpPosition":[47.2474,137.92,145.205],"pipPosition":[43.7748,140.806,104.481],"stabilizedTipPosition":[60.7336,131.927,66.824],"timeVisible":4.9084,"tipPosition":[58.1354,135.087,66.5831],"tipVelocity":[-88.1292,1.07696,-10.5965],"tool":false,"touchDistance":0.265303,"touchZone":"hovering","type":0,"width":15.8565},{"bases":[[[0.906351,-0.417471,0.0651564],[0.374604,0.865276,0.333121],[-0.195447,-0.277517,0.94063]],[[0.893,-0.433361,0.121443],[0.324211,0.432281,-0.84144],[0.31215,0.790779,0.526527]],[[0.893,-0.433361,0.121443],[-0.22635,-0.665693,-0.711069],[0.388993,0.607496,-0.692555]],[[0.893,-0.433361,0.121443],[-0.426447,-0.901017,-0.0794435],[0.14385,0.019154,-0.989414]]],"btipPosition":[56.7618,123.011,102.294],"carpPosition":[69.0835,152.621,145.626],"dipPosition":[58.9681,123.305,87.1188],"direction":[-0.388993,-0.607496,0.692555],"extended":false,"handId":74,"id":742,"length":54.689,"mcpPosition":[80.2762,168.514,91.7588],"pipPosition":[67.9963,137.405,71.0452],"stabilizedTipPosition":[59.279,122.91,98.9548],"timeVisible":4.9084,"tipPosition":[57.9401,124.434,100.07],"tipVelocity":[-86.3179,7.71047,-8.06734],"tool":false,"touchDistance":0.480061,"touchZone":"none","type":2,"width":14.8755},{"bases":[[[0.836875,-0.517792,0.177569],[0.43198,0.823951,0.36674],[-0.336203,-0.23021,0.91322]],[[0.815209,-0.530665,0.23201],[0.447898,0.323678,-0.833439],[0.36718,0.783344,0.501549]],[[0.815209,-0.530665,0.23201],[-0.280707,-0.712419,-0.643167],[0.506594,0.459189,-0.729732]],[[0.815209,-0.530665,0.23201],[-0.541229,-0.840613,-0.0209855],[0.206167,-0.108463,-0.972487]]],"btipPosition":[67.8854,123.801,111.977],"carpPosition":[78.5867,149.259,145.893],"dipPosition":[71.0294,122.147,97.1475],"direction":[-0.506594,-0.459189,0.729732],"extended":false,"handId":74,"id":743,"length":52.5849,"mcpPosition":[95.873,161.095,98.9381],"pipPosition":[82.4833,132.529,80.6485],"stabilizedTipPosition":[70.6028,123.121,108.631],"timeVisible":4.9084,"tipPosition":[69.8909,123.266,108.945],"tipVelocity":[-87.4439,12.2053,-6.32176],"tool":false,"touchDistance":0.642774,"touchZone":"none","type":3,"width":14.155},{"bases":[[[0.709382,-0.669931,0.219017],[0.525475,0.709787,0.469125],[-0.469737,-0.217701,0.855543]],[[0.655231,-0.689331,0.309024],[0.604023,0.232392,-0.762332],[0.453684,0.686161,0.568642]],[[0.655231,-0.689331,0.309024],[-0.316614,-0.621999,-0.716151],[0.685878,0.371403,-0.625805]],[[0.655231,-0.689331,0.309024],[-0.675649,-0.717728,-0.16842],[0.337892,-0.0984382,-0.936023]]],"btipPosition":[79.632,126.307,112.186],"carpPosition":[86.0701,140.292,146.159],"dipPosition":[84.3856,124.923,99.018],"direction":[-0.685878,-0.371403,0.625805],"extended":false,"handId":74,"id":744,"length":41.2256,"mcpPosition":[108.428,150.654,105.439],"pipPosition":[95.3345,130.851,89.028],"stabilizedTipPosition":[82.7394,125.683,109.165],"timeVisible":4.9084,"tipPosition":[81.4846,125.659,109.061],"tipVelocity":[-85.5371,12.8825,-3.25807],"tool":false,"touchDistance":0.652625,"touchZone":"none","type":4,"width":12.5735}],"r":[[0.414793,-0.685353,0.59853],[0.909166,0.338865,-0.242049],[-0.0369324,0.644564,0.763658]],"s":1.32512,"t":[61.3376,-20.4967,-53.9732],"timestamp":17512925382},{"currentFrameRate":115.06,"devices":[],"gestures":[],"hands":[{"armBasis":[[0.995362,0.0773512,0.0571913],[-0.0738642,0.233665,0.969507],[0.061629,-0.969235,0.238295]],"armWidth":50.6296,"confidence":1,"direction":[0.256139,0.40238,-0.87891],"elbow":[82.635,-88.4934,213.896],"grabAngle":2.76613,"grabStrength":0.0350857,"id":74,"palmNormal":[-0.198823,-0.867871,-0.455268],"palmPosition":[75.6437,156.556,108.493],"palmVelocity":[-111.611,15.1868,-13.5482],"palmWidth":74.6866,"pinchDistance":42.8402,"pinchStrength":0.58973,"r":[[0.415668,-0.684181,0.599264],[0.908715,0.34007,-0.242054],[-0.0381827,0.645174,0.763081]],"s":1.32542,"sphereCenter":[85.1208,124.217,83.1205],"sphereRadius":39.1773,"stabilizedPalmPosition":[78.2155,156.15,108.752],"t":[60.5011,-20.3785,-54.0667],"timeVisible":4.91706,"type":"right","wrist":[68.9767,126.311,161.085]}],"id":50723,"interactionBox":{"center":[0,200,0],"size":[235.247,235.247,147.751]},"pointables":[{"bases":[[[0.975549,-0.219663,-0.00729782],[0.210518,0.924368,0.31816],[-0.063142,-0.311917,0.948009]],[[0.92183,-0.296047,0.250172],[0.325146,0.941981,-0.0833752],[-0.210974,0.1582,0.964605]],[[0.92183,-0.296047,0.250172],[0.366444,0.875978,-0.313657],[-0.126288,0.380812,0.915988]],[[0.92183,-0.296047,0.250172],[0.367605,0.872391,-0.32218],[-0.122867,0.388959,0.913025]]],"btipPosition":[73.4154,153.856,23.7136],"carpPosition":[58,153.503,145.587],"dipPosition":[71.702,159.28,36.4456],"direction":[0.126288,-0.380812,-0.915988],"extended":true,"handId":74,"id":741,"length":47.9972,"mcpPosition":[61.813,172.339,88.3393],"pipPosition":[69.2107,166.792,54.5156],"stabilizedTipPosition":[74.3905,155.039,26.8279],"timeVisible":4.91706,"tipPosition":[74.5684,156.583,27.0491],"tipVelocity":[-104.396,6.46448,-15.9691],"tool":false,"touchDistance":0.272644,"touchZone":"hovering","type":1,"width":15.1461},{"bases":[[[0.60847,0.737523,0.292959],[-0.772358,0.465573,0.432093],[0.182285,-0.489185,0.852919]],[[0.522257,0.85266,0.014796],[-0.848612,0.517906,0.10785],[0.0842964,-0.0688815,0.994057]],[[0.522257,0.85266,0.014796],[-0.811426,0.502189,-0.298989],[-0.262366,0.144143,0.954142]],[[0.522257,0.85266,0.014796],[-0.642627,0.404898,-0.650452],[-0.560605,0.330195,0.759403]]],"btipPosition":[60.8522,130.473,63.2704],"carpPosition":[46.2966,137.969,145.058],"dipPosition":[50.1439,136.78,77.7761],"direction":[0.262366,-0.144143,-0.954142],"extended":false,"handId":74,"id":740,"length":42.5361,"mcpPosition":[46.2966,137.969,145.058],"pipPosition":[42.8427,140.791,104.328],"stabilizedTipPosition":[60.1233,131.926,66.7674],"timeVisible":4.91706,"tipPosition":[57.3117,135.109,66.4544],"tipVelocity":[-101.541,0.959629,-16.1087],"tool":false,"touchDistance":0.262997,"touchZone":"hovering","type":0,"width":15.8565},{"bases":[[[0.907771,-0.414126,0.0667178],[0.370978,0.866851,0.333082],[-0.195773,-0.277612,0.940534]],[[0.894398,-0.430028,0.122996],[0.32373,0.432647,-0.841436],[0.308627,0.792397,0.526172]],[[0.894398,-0.430028,0.122996],[-0.222803,-0.666802,-0.71115],[0.387828,0.608648,-0.692198]],[[0.894398,-0.430028,0.122996],[-0.42302,-0.902611,-0.0796696],[0.145278,0.0192266,-0.989204]]],"btipPosition":[55.9191,123.054,102.176],"carpPosition":[68.0785,152.75,145.5],"dipPosition":[58.1473,123.349,87.0044],"direction":[-0.387828,-0.608648,0.692198],"extended":false,"handId":74,"id":742,"length":54.689,"mcpPosition":[79.2898,168.648,91.6387],"pipPosition":[67.1484,137.475,70.9391],"stabilizedTipPosition":[58.7719,122.948,98.9071],"timeVisible":4.91706,"tipPosition":[57.1018,124.49,99.9464],"tipVelocity":[-96.7481,4.91103,-13.4956],"tool":false,"touchDistance":0.478114,"touchZone":"none","type":2,"width":14.8755},{"bases":[[[0.838501,-0.514626,0.179098],[0.428457,0.825757,0.36681],[-0.336661,-0.230835,0.912893]],[[0.816805,-0.527542,0.233516],[0.447752,0.324439,-0.833221],[0.363797,0.785136,0.501211]],[[0.816805,-0.527542,0.233516],[-0.27732,-0.713968,-0.642918],[0.505889,0.46038,-0.72947]],[[0.816805,-0.527542,0.233516],[-0.538215,-0.84255,-0.02083],[0.207738,-0.108668,-0.97213]]],"btipPosition":[67.031,123.907,111.885],"carpPosition":[77.5934,149.422,145.783],"dipPosition":[70.1989,122.25,97.0608],"direction":[-0.505889,-0.46038,0.72947],"extended":false,"handId":74,"id":743,"length":52.5849,"mcpPosition":[94.9033,161.29,98.8451],"pipPosition":[81.6369,132.659,80.5678],"stabilizedTipPosition":[70.0881,123.194,108.603],"timeVisible":4.91706,"tipPosition":[69.0434,123.374,108.839],"tipVelocity":[-98.0455,12.1697,-10.4892],"tool":false,"touchDistance":0.641261,"touchZone":"none","type":3,"width":14.155},{"bases":[[[0.711504,-0.667201,0.220465],[0.522221,0.712002,0.469402],[-0.470158,-0.21885,0.855018]],[[0.657999,-0.686548,0.309337],[0.603193,0.234642,-0.7623],[0.450773,0.688182,0.568515]],[[0.657999,-0.686548,0.309337],[-0.313895,-0.623477,-0.716063],[0.684476,0.374069,-0.625751]],[[0.657999,-0.686548,0.309337],[-0.672702,-0.720532,-0.168242],[0.338393,-0.0973882,-0.935952]]],"btipPosition":[78.7903,126.437,112.12],"carpPosition":[85.1091,140.483,146.065],"dipPosition":[83.5509,125.067,98.9525],"direction":[-0.684476,-0.374069,0.625751],"extended":false,"handId":74,"id":744,"length":41.2256,"mcpPosition":[107.486,150.899,105.37],"pipPosition":[94.4775,131.038,88.9634],"stabilizedTipPosition":[82.2388,125.76,109.152],"timeVisible":4.91706,"tipPosition":[80.628,125.809,108.971],"tipVelocity":[-97.0307,15.3632,-7.65677],"tool":false,"touchDistance":0.65152,"touchZone":"none","type":4,"width":12.5735}],"r":[[0.415668,-0.684181,0.599264],[0.908715,0.34007,-0.242054],[-0.0381827,0.645174,0.763081]],"s":1.32542,"t":[60.5011,-20.3785,-54.0667],"timestamp":17512934040},{"currentFrameRate":115.111,"devices":[],"gestures":[],"hands":[{"armBasis":[[0.994873,0.0832129,0.057466],[-0.0755191,0.2334,0.969444],[0.0672577,-0.968814,0.238488]],"armWidth":50.6296,"confidence":1,"direction":[0.254877,0.401514,-0.879673],"elbow":[82.8448,-88.1466,213.863],"grabAngle":2.76366,"grabStrength":0.0413468,"id":74,"palmNormal":[-0.19568,-0.869479,-0.453558],"palmPosition":[74.4877,156.738,108.368],"palmVelocity":[-134.425,21.2173,-14.4765],"palmWidth":74.6866,"pinchDistance":42.8328,"pinchStrength":0.590523,"r":[[0.416826,-0.682707,0.600139],[0.90812,0.341576,-0.242164],[-0.0396657,0.645939,0.762358]],"s":1.32591,"sphereCenter":[84.1156,124.354,83.0616],"sphereRadius":39.2076,"stabilizedPalmPosition":[77.5198,156.26,108.68],"t":[59.5048,-20.2281,-54.1757],"timeVisible":4.92566,"type":"right","wrist":[67.9391,126.564,161.009]}],"id":50724,"interactionBox":{"center":[0,200,0],"size":[235.247,235.247,147.751]},"pointables":[{"bases":[[[0.976318,-0.216236,-0.00668702],[0.207201,0.925742,0.316339],[-0.0622134,-0.310233,0.948623]],[[0.923026,-0.292142,0.250352],[0.322393,0.942423,-0.0888979],[-0.209967,0.162767,0.964065]],[[0.923026,-0.292142,0.250352],[0.362748,0.877658,-0.313259],[-0.128207,0.379961,0.916075]],[[0.923026,-0.292142,0.250352],[0.363152,0.876449,-0.316161],[-0.127057,0.38274,0.915077]]],"btipPosition":[72.2684,153.892,23.5437],"carpPosition":[56.8481,153.698,145.466],"dipPosition":[70.4966,159.229,36.3043],"direction":[0.128207,-0.379961,-0.916075],"extended":true,"handId":74,"id":741,"length":47.9972,"mcpPosition":[60.605,172.432,88.1807],"pipPosition":[67.9674,166.725,54.3759],"stabilizedTipPosition":[73.5562,155.066,26.7127],"timeVisible":4.92566,"tipPosition":[73.4219,156.594,26.9231],"tipVelocity":[-134.934,1.92249,-18.9982],"tool":false,"touchDistance":0.272052,"touchZone":"hovering","type":1,"width":15.1461},{"bases":[[[0.605813,0.74025,0.291582],[-0.774072,0.463714,0.431023],[0.183854,-0.486825,0.853932]],[[0.518728,0.854857,0.0118864],[-0.850634,0.514672,0.107394],[0.0856892,-0.0658194,0.994145]],[[0.518728,0.854857,0.0118864],[-0.813868,0.498018,-0.299329],[-0.261803,0.145596,0.954076]],[[0.518728,0.854857,0.0118864],[-0.645324,0.400627,-0.650427],[-0.560784,0.329724,0.759476]]],"btipPosition":[59.6859,130.469,63.1749],"carpPosition":[45.1997,138.122,144.966],"dipPosition":[48.9742,136.767,77.6819],"direction":[0.261803,-0.145596,-0.954076],"extended":false,"handId":74,"id":740,"length":42.5361,"mcpPosition":[45.1997,138.122,144.966],"pipPosition":[41.6887,140.818,104.232],"stabilizedTipPosition":[59.3616,131.924,66.7002],"timeVisible":4.92566,"tipPosition":[56.2465,135.118,66.371],"tipVelocity":[-135.707,-0.741051,-11.0676],"tool":false,"touchDistance":0.263946,"touchZone":"hovering","type":0,"width":15.8565},{"bases":[[[0.909213,-0.410788,0.0677074],[0.36786,0.868821,0.331404],[-0.194963,-0.27641,0.941056]],[[0.895886,-0.426624,0.124015],[0.322449,0.432338,-0.842087],[0.305638,0.794403,0.52489]],[[0.895886,-0.426624,0.124015],[-0.219766,-0.668132,-0.710846],[0.386122,0.609583,-0.692328]],[[0.895886,-0.426624,0.124015],[-0.419678,-0.904237,-0.0789059],[0.145802,0.0186444,-0.989138]]],"btipPosition":[54.8726,123.123,102.081],"carpPosition":[66.9292,152.98,145.382],"dipPosition":[57.1088,123.409,86.9097],"direction":[-0.386122,-0.609583,0.692328],"extended":false,"handId":74,"id":742,"length":54.689,"mcpPosition":[78.0941,168.809,91.4906],"pipPosition":[66.0704,137.557,70.8414],"stabilizedTipPosition":[58.1583,122.991,98.8499],"timeVisible":4.92566,"tipPosition":[56.0584,124.586,99.8793],"tipVelocity":[-121.473,7.86072,-11.0992],"tool":false,"touchDistance":0.476523,"touchZone":"none","type":2,"width":14.8755},{"bases":[[[0.840278,-0.511306,0.180277],[0.425477,0.827998,0.365225],[-0.336011,-0.230187,0.913297]],[[0.818617,-0.524189,0.234718],[0.44667,0.324154,-0.833913],[0.361043,0.787497,0.499497]],[[0.818617,-0.524189,0.234718],[-0.274553,-0.716111,-0.641721],[0.504467,0.460881,-0.730138]],[[0.818617,-0.524189,0.234718],[-0.535202,-0.844501,-0.0193957],[0.208386,-0.109744,-0.97187]]],"btipPosition":[65.9826,124.057,111.828],"carpPosition":[76.4557,149.686,145.673],"dipPosition":[69.1604,122.384,97.0078],"direction":[-0.504467,-0.460881,0.730138],"extended":false,"handId":74,"id":743,"length":52.5849,"mcpPosition":[93.7322,161.521,98.7145],"pipPosition":[80.5662,132.804,80.4996],"stabilizedTipPosition":[69.465,123.282,108.569],"timeVisible":4.92566,"tipPosition":[68.0033,123.534,108.78],"tipVelocity":[-121.643,16.998,-6.52217],"tool":false,"touchDistance":0.640326,"touchZone":"none","type":3,"width":14.155},{"bases":[[[0.713811,-0.664244,0.221929],[0.519622,0.71478,0.468062],[-0.469538,-0.218788,0.855375]],[[0.662463,-0.683022,0.30761],[0.599787,0.237626,-0.764061],[0.448774,0.690662,0.567086]],[[0.662463,-0.683022,0.30761],[-0.312339,-0.625098,-0.71533],[0.680873,0.377801,-0.627438]],[[0.662463,-0.683022,0.30761],[-0.669217,-0.724134,-0.166667],[0.336588,-0.0954474,-0.936802]]],"btipPosition":[77.7952,126.567,112.092],"carpPosition":[84.0028,140.774,145.975],"dipPosition":[82.5304,125.224,98.913],"direction":[-0.680873,-0.377801,0.627438],"extended":false,"handId":74,"id":744,"length":41.2256,"mcpPosition":[106.351,151.187,105.263],"pipPosition":[93.3994,131.255,88.897],"stabilizedTipPosition":[81.6388,125.849,109.136],"timeVisible":4.92566,"tipPosition":[79.5763,126.012,108.91],"tipVelocity":[-116.395,15.8535,-3.51448],"tool":false,"touchDistance":0.651017,"touchZone":"none","type":4,"width":12.5735}],"r":[[0.416826,-0.682707,0.600139],[0.90812,0.341576,-0.242164],[-0.0396657,0.645939,0.762358]],"s":1.32591,"t":[59.5048,-20.2281,-54.1757],"timestamp":17512942640},{"currentFrameRate":115.079,"devices":[],"gestures":[],"hands":[{"armBasis":[[0.994202,0.0905574,0.0579829],[-0.0777611,0.23305,0.969351],[0.0742689,-0.968239,0.238741]],"armWidth":50.6296,"confidence":1,"direction":[0.252845,0.401433,-0.880296],"elbow":[83.1524,-87.7445,213.819],"grabAngle":2.76346,"grabStrength":0.049722,"id":74,"palmNormal":[-0.190444,-0.871409,-0.452081],"palmPosition":[73.0706,156.967,108.226],"palmVelocity":[-162.068,26.1145,-16.2594],"palmWidth":74.6866,"pinchDistance":42.7472,"pinchStrength":0.588785,"r":[[0.418503,-0.680824,0.60111],[0.907259,0.343752,-0.242312],[-0.0416606,0.646771,0.761546]],"s":1.32664,"sphereCenter":[82.9311,124.566,82.9884],"sphereRadius":39.24,"stabilizedPalmPosition":[76.6188,156.403,108.588],"t":[58.2981,-20.0387,-54.3013],"timeVisible":4.93441,"type":"right","wrist":[66.6928,126.839,160.909]}],"id":50725,"interactionBox":{"center":[0,200,0],"size":[235.247,235.247,147.751]},"pointables":[{"bases":[[[0.977565,-0.210549,-0.00596439],[0.201685,0.927494,0.314766],[-0.0607419,-0.308907,0.94915]],[[0.92483,-0.286156,0.250608],[0.317735,0.943371,-0.0953677],[-0.209126,0.167826,0.96338]],[[0.92483,-0.286156,0.250608],[0.357246,0.879683,-0.3139],[-0.130631,0.379832,0.915785]],[[0.92483,-0.286156,0.250608],[0.357246,0.879683,-0.3139],[-0.130631,0.379832,0.915785]]],"btipPosition":[70.8354,153.869,23.3887],"carpPosition":[55.4357,153.89,145.323],"dipPosition":[69.0138,159.166,36.1592],"direction":[0.130631,-0.379832,-0.915785],"extended":true,"handId":74,"id":741,"length":47.9972,"mcpPosition":[59.1038,172.544,88.0059],"pipPosition":[66.4368,166.659,54.2251],"stabilizedTipPosition":[72.487,155.073,26.581],"timeVisible":4.93441,"tipPosition":[72.0218,156.659,26.7773],"tipVelocity":[-165.197,-3.70209,-17.4637],"tool":false,"touchDistance":0.273612,"touchZone":"hovering","type":1,"width":15.1461},{"bases":[[[0.601382,0.744287,0.290477],[-0.776918,0.459956,0.42993],[0.186385,-0.484229,0.854859]],[[0.513259,0.858183,0.00938248],[-0.853771,0.509445,0.107429],[0.0874143,-0.0631496,0.994168]],[[0.513259,0.858183,0.00938248],[-0.817514,0.492205,-0.299006],[-0.26122,0.145797,0.954205]],[[0.513259,0.858183,0.00938248],[-0.649327,0.395449,-0.649611],[-0.561195,0.327326,0.760209]]],"btipPosition":[58.2857,130.522,63.037],"carpPosition":[43.8786,138.244,144.846],"dipPosition":[47.5661,136.775,77.5581],"direction":[0.26122,-0.145797,-0.954205],"extended":false,"handId":74,"id":740,"length":42.5361,"mcpPosition":[43.8786,138.244,144.846],"pipPosition":[40.2969,140.832,104.112],"stabilizedTipPosition":[58.3868,131.934,66.6112],"timeVisible":4.93441,"tipPosition":[54.9791,135.134,66.2621],"tipVelocity":[-160.337,4.92564,-15.3984],"tool":false,"touchDistance":0.265976,"touchZone":"hovering","type":0,"width":15.8565},{"bases":[[[0.911569,-0.405358,0.0687521],[0.362668,0.871538,0.329988],[-0.193683,-0.275873,0.941478]],[[0.898315,-0.421171,0.125083],[0.319912,0.431894,-0.843281],[0.301143,0.797548,0.522715]],[[0.898315,-0.421171,0.125083],[-0.215677,-0.670767,-0.709616],[0.382771,0.610481,-0.693397]],[[0.898315,-0.421171,0.125083],[-0.414429,-0.906815,-0.0770374],[0.145873,0.0173657,-0.989151]]],"btipPosition":[53.6446,123.218,102.029],"carpPosition":[65.5209,153.23,145.244],"dipPosition":[55.8819,123.484,86.8578],"direction":[-0.382771,-0.610481,0.693397],"extended":false,"handId":74,"id":742,"length":54.689,"mcpPosition":[76.6126,169.028,91.3283],"pipPosition":[64.7657,137.653,70.7647],"stabilizedTipPosition":[57.3891,123.047,98.7902],"timeVisible":4.93441,"tipPosition":[54.8303,124.689,99.7845],"tipVelocity":[-140.412,10.265,-5.92268],"tool":false,"touchDistance":0.47566,"touchZone":"none","type":2,"width":14.8755},{"bases":[[[0.843181,-0.506076,0.181476],[0.42051,0.831112,0.363901],[-0.334989,-0.230522,0.913588]],[[0.821576,-0.518988,0.235932],[0.444566,0.324158,-0.835035],[0.356894,0.790932,0.497045]],[[0.821576,-0.518988,0.235932],[-0.270857,-0.719495,-0.639502],[0.501646,0.461496,-0.731692]],[[0.821576,-0.518988,0.235932],[-0.530551,-0.847488,-0.0167307],[0.208632,-0.111428,-0.971626]]],"btipPosition":[64.7521,124.267,111.805],"carpPosition":[75.0664,149.992,145.544],"dipPosition":[67.9336,122.568,96.9884],"direction":[-0.501646,-0.461496,0.731692],"extended":false,"handId":74,"id":743,"length":52.5849,"mcpPosition":[92.2903,161.845,98.5705],"pipPosition":[79.2756,133.002,80.4451],"stabilizedTipPosition":[68.6842,123.399,108.535],"timeVisible":4.93441,"tipPosition":[66.774,123.727,108.693],"tipVelocity":[-140.634,23.3281,-2.55004],"tool":false,"touchDistance":0.639954,"touchZone":"none","type":3,"width":14.155},{"bases":[[[0.717594,-0.659675,0.223356],[0.515278,0.718628,0.466972],[-0.468559,-0.220006,0.855599]],[[0.66851,-0.677977,0.305683],[0.595327,0.241493,-0.766333],[0.445736,0.694282,0.565059]],[[0.66851,-0.677977,0.305683],[-0.310406,-0.627877,-0.713735],[0.675827,0.382253,-0.63019]],[[0.66851,-0.677977,0.305683],[-0.664529,-0.729094,-0.16378],[0.33391,-0.0936468,-0.937941]]],"btipPosition":[76.6169,126.775,112.089],"carpPosition":[82.6652,141.125,145.864],"dipPosition":[81.3144,125.458,98.8942],"direction":[-0.675828,-0.382253,0.63019],"extended":false,"handId":74,"id":744,"length":41.2256,"mcpPosition":[104.967,151.596,105.141],"pipPosition":[92.1029,131.56,88.8343],"stabilizedTipPosition":[80.8909,125.967,109.12],"timeVisible":4.93441,"tipPosition":[78.3336,126.273,108.826],"tipVelocity":[-135.746,24.4444,-0.739421],"tool":false,"touchDistance":0.650909,"touchZone":"none","type":4,"width":12.5735}],"r":[[0.418503,-0.680824,0.60111],[0.907259,0.343752,-0.242312],[-0.0416606,0.646771,0.761546]],"s":1.32664,"t":[58.2981,-20.0387,-54.3013],"timestamp":17512951384},{"currentFrameRate":115.109,"devices":[],"gestures":[],"hands":[{"armBasis":[[0.99306,0.100504,0.0610851],[-0.0831031,0.232095,0.969137],[0.0832245,-0.967487,0.238837]],"armWidth":50.6296,"confidence":1,"direction":[0.24916,0.403085,-0.880592],"elbow":[83.6936,-87.2616,213.713],"grabAngle":2.76582,"grabStrength":0.0634941,"id":74,"palmNormal":[-0.178192,-0.874664,-0.45079],"palmPosition":[71.3604,157.276,108.071],"palmVelocity":[-198.002,35.8277,-17.9552],"palmWidth":74.6866,"pinchDistance":42.4975,"pinchStrength":0.584386,"r":[[0.421404,-0.677987,0.602289],[0.905745,0.347776,-0.242237],[-0.0452278,0.6476,0.760637]],"s":1.32762,"sphereCenter":[81.7807,124.892,82.939],"sphereRadius":39.3007,"stabilizedPalmPosition":[75.4468,156.597,108.473],"t":[56.8397,-19.7893,-54.4416],"timeVisible":4.94304,"type":"right","wrist":[65.2493,127.155,160.782]}],"id":50726,"interactionBox":{"center":[0,200,0],"size":[235.247,235.247,147.751]},"pointables":[{"bases":[[[0.980249,-0.197732,-0.00382202],[0.188947,0.930637,0.31339],[-0.0584105,-0.307923,0.949617]],[[0.928153,-0.273466,0.252484],[0.307138,0.945904,-0.104553],[-0.210234,0.174588,0.961936]],[[0.928153,-0.273466,0.252484],[0.346344,0.88299,-0.31682],[-0.136301,0.381504,0.914263]],[[0.928153,-0.273466,0.252484],[0.346344,0.88299,-0.31682],[-0.136301,0.381504,0.914263]]],"btipPosition":[69.1888,153.663,23.2815],"carpPosition":[53.7002,154.037,145.142],"dipPosition":[67.2881,158.984,36.0307],"direction":[0.136301,-0.381504,-0.914263],"extended":true,"handId":74,"id":741,"length":47.9972,"mcpPosition":[57.2275,172.631,87.7967],"pipPosition":[64.5993,166.51,54.0666],"stabilizedTipPosition":[71.1727,155.008,26.4518],"timeVisible":4.94304,"tipPosition":[70.4244,156.76,26.6119],"tipVelocity":[-192.745,-23.1951,-12.9817],"tool":false,"touchDistance":0.277514,"touchZone":"hovering","type":1,"width":15.1461},{"bases":[[[0.591052,0.752639,0.290159],[-0.783654,0.450529,0.427679],[0.191163,-0.480165,0.856095]],[[0.501447,0.865157,0.00744147],[-0.860592,0.497879,0.107227],[0.0890629,-0.0601725,0.994207]],[[0.501447,0.865157,0.00744147],[-0.82465,0.480536,-0.298393],[-0.261732,0.143491,0.954414]],[[0.501447,0.865157,0.00744147],[-0.656488,0.386076,-0.64805],[-0.563538,0.320078,0.761561]]],"btipPosition":[56.7485,130.599,62.8314],"carpPosition":[42.3498,138.241,144.674],"dipPosition":[45.9841,136.713,77.3783],"direction":[0.261732,-0.143491,-0.954414],"extended":false,"handId":74,"id":740,"length":42.5361,"mcpPosition":[42.3498,138.241,144.674],"pipPosition":[38.7006,140.706,103.938],"stabilizedTipPosition":[57.2151,131.954,66.4876],"timeVisible":4.94304,"tipPosition":[53.6432,135.079,66.1166],"tipVelocity":[-179.176,5.21248,-23.1164],"tool":false,"touchDistance":0.268145,"touchZone":"hovering","type":0,"width":15.8565},{"bases":[[[0.916675,-0.39325,0.0711408],[0.350621,0.876824,0.329005],[-0.191759,-0.276647,0.941645]],[[0.903527,-0.409132,0.127478],[0.315139,0.432786,-0.844621],[0.29039,0.803311,0.519967]],[[0.903527,-0.409132,0.127478],[-0.206124,-0.675725,-0.707749],[0.375702,0.613194,-0.694868]],[[0.903527,-0.409132,0.127478],[-0.402666,-0.912341,-0.0741173],[0.146627,0.0156361,-0.989068]]],"btipPosition":[52.3822,123.278,101.999],"carpPosition":[63.7933,153.509,145.082],"dipPosition":[54.6311,123.518,86.8288],"direction":[-0.375702,-0.613194,0.694868],"extended":false,"handId":74,"id":742,"length":54.689,"mcpPosition":[74.7748,169.352,91.157],"pipPosition":[63.3508,137.75,70.7015],"stabilizedTipPosition":[56.4948,123.104,98.7343],"timeVisible":4.94304,"tipPosition":[53.5557,124.738,99.6499],"tipVelocity":[-145.847,6.29176,-3.47196],"tool":false,"touchDistance":0.47516,"touchZone":"none","type":2,"width":14.8755},{"bases":[[[0.849408,-0.494647,0.183931],[0.408926,0.837222,0.363097],[-0.333596,-0.233203,0.913417]],[[0.827876,-0.507741,0.238372],[0.440889,0.326327,-0.836138],[0.346754,0.797314,0.494016]],[[0.827876,-0.507741,0.238372],[-0.261733,-0.725555,-0.636448],[0.496102,0.46451,-0.733562]],[[0.827876,-0.507741,0.238372],[-0.519975,-0.854077,-0.0133209],[0.210351,-0.112919,-0.971083]]],"btipPosition":[63.4627,124.532,111.82],"carpPosition":[73.3798,150.397,145.405],"dipPosition":[66.6704,122.81,97.0113],"direction":[-0.496102,-0.46451,0.733562],"extended":false,"handId":74,"id":743,"length":52.5849,"mcpPosition":[90.532,162.388,98.4407],"pipPosition":[77.8872,133.313,80.4257],"stabilizedTipPosition":[67.7691,123.549,108.511],"timeVisible":4.94304,"tipPosition":[65.4877,123.959,108.588],"tipVelocity":[-148.586,30.0641,1.91673],"tool":false,"touchDistance":0.64023,"touchZone":"none","type":3,"width":14.155},{"bases":[[[0.725768,-0.649802,0.225873],[0.504972,0.72618,0.466547],[-0.467187,-0.224545,0.85517]],[[0.681116,-0.667268,0.301389],[0.586956,0.25155,-0.769549],[0.43768,0.701054,0.562992]],[[0.681116,-0.667268,0.301389],[-0.304618,-0.632571,-0.712083],[0.6658,0.393203,-0.634115]],[[0.681116,-0.667268,0.301389],[-0.65363,-0.739629,-0.160367],[0.329924,-0.0877683,-0.939919]]],"btipPosition":[75.4285,127.044,112.152],"carpPosition":[81.0935,141.631,145.756],"dipPosition":[80.07,125.81,98.9286],"direction":[-0.6658,-0.393203,0.634115],"extended":false,"handId":74,"id":744,"length":41.2256,"mcpPosition":[103.33,152.318,105.053],"pipPosition":[90.6984,132.086,88.8059],"stabilizedTipPosition":[80.0287,126.123,109.118],"timeVisible":4.94304,"tipPosition":[77.017,126.656,108.743],"tipVelocity":[-139.082,33.3773,6.45496],"tool":false,"touchDistance":0.651838,"touchZone":"none","type":4,"width":12.5735}],"r":[[0.421404,-0.677987,0.602289],[0.905745,0.347776,-0.242237],[-0.0452278,0.6476,0.760637]],"s":1.32762,"t":[56.8397,-19.7893,-54.4416],"timestamp":17512960021},{"currentFrameRate":115.075,"devices":[],"gestures":[],"hands":[{"armBasis":[[0.991277,0.113803,0.0664705],[-0.0914111,0.230373,0.968799],[0.0949394,-0.966425,0.238766]],"armWidth":50.6296,"confidence":1,"direction":[0.244218,0.404765,-0.881205],"elbow":[84.5303,-86.7051,213.554],"grabAngle":2.77064,"grabStrength":0.08051,"id":74,"palmNormal":[-0.160312,-0.879365,-0.448349],"palmPosition":[69.2517,157.551,107.876],"palmVelocity":[-241.051,31.3971,-22.3279],"palmWidth":74.6866,"pinchDistance":42.0816,"pinchStrength":0.575429,"r":[[0.425892,-0.673698,0.603943],[0.903336,0.354231,-0.241875],[-0.0509845,0.648576,0.75944]],"s":1.32901,"sphereCenter":[80.4856,125.194,82.9267],"sphereRadius":39.389,"stabilizedPalmPosition":[73.8237,156.847,108.316],"t":[55.0561,-19.5273,-54.6094],"timeVisible":4.95179,"type":"right","wrist":[63.4897,127.476,160.638]}],"id":50727,"interactionBox":{"center":[0,200,0],"size":[235.247,235.247,147.751]},"pointables":[{"bases":[[[0.983805,-0.179242,-0.000215179],[0.170431,0.935072,0.310794],[-0.0555061,-0.305797,0.950477]],[[0.932515,-0.254969,0.255748],[0.291591,0.949398,-0.116699],[-0.213052,0.183397,0.959674]],[[0.932515,-0.254969,0.255748],[0.33124,0.886001,-0.324473],[-0.143862,0.38729,0.910665]],[[0.932515,-0.254969,0.255748],[0.33124,0.886001,-0.324473],[-0.143862,0.38729,0.910665]]],"btipPosition":[67.209,153.098,23.1924],"carpPosition":[51.5423,154.103,144.904],"dipPosition":[65.2028,158.498,35.8914],"direction":[0.143862,-0.38729,-0.910665],"extended":true,"handId":74,"id":741,"length":47.9972,"mcpPosition":[54.8942,172.569,87.5072],"pipPosition":[62.3648,166.139,53.8564],"stabilizedTipPosition":[69.4688,154.75,26.3214],"timeVisible":4.95179,"tipPosition":[68.511,156.661,26.4058],"tipVelocity":[-229.095,-62.5552,-11.5048],"tool":false,"touchDistance":0.283726,"touchZone":"hovering","type":1,"width":15.1461},{"bases":[[[0.575886,0.764605,0.289371],[-0.793303,0.437111,0.423798],[0.197551,-0.473618,0.858289]],[[0.484603,0.87472,0.00492377],[-0.870013,0.481396,0.106465],[0.0907568,-0.055877,0.994304]],[[0.484603,0.87472,0.00492377],[-0.834393,0.463936,-0.297576],[-0.26258,0.140098,0.954686]],[[0.484603,0.87472,0.00492377],[-0.666458,0.372858,-0.645609],[-0.566563,0.309582,0.763652]]],"btipPosition":[54.9035,130.572,62.562],"carpPosition":[40.4929,138.094,144.456],"dipPosition":[44.0813,136.485,77.1488],"direction":[0.26258,-0.140098,-0.954686],"extended":false,"handId":74,"id":740,"length":42.5361,"mcpPosition":[40.4929,138.094,144.456],"pipPosition":[36.7743,140.384,103.716],"stabilizedTipPosition":[55.7277,131.947,66.3108],"timeVisible":4.95179,"tipPosition":[52.0922,134.81,65.9434],"tipVelocity":[-212.423,-8.39126,-29.7505],"tool":false,"touchDistance":0.27149,"touchZone":"hovering","type":0,"width":15.8565},{"bases":[[[0.923695,-0.375672,0.0752202],[0.333042,0.884367,0.327075],[-0.189395,-0.277066,0.942]],[[0.910676,-0.39161,0.131571],[0.308396,0.432512,-0.847246],[0.274884,0.812142,0.514649]],[[0.910676,-0.39161,0.131571],[-0.192694,-0.684367,-0.703214],[0.365428,0.615047,-0.698698]],[[0.910676,-0.39161,0.131571],[-0.38581,-0.920063,-0.0680838],[0.147716,0.011241,-0.988966]]],"btipPosition":[50.929,123.235,102.069],"carpPosition":[61.6437,153.765,144.877],"dipPosition":[53.1946,123.408,86.901],"direction":[-0.365428,-0.615047,0.698698],"extended":false,"handId":74,"id":742,"length":54.689,"mcpPosition":[72.4898,169.632,90.9311],"pipPosition":[61.6759,137.682,70.6848],"stabilizedTipPosition":[55.4106,123.141,98.7012],"timeVisible":4.95179,"tipPosition":[52.0798,124.636,99.4989],"tipVelocity":[-165.678,-6.65798,8.11173],"tool":false,"touchDistance":0.476343,"touchZone":"none","type":2,"width":14.8755},{"bases":[[[0.858004,-0.477941,0.188152],[0.391977,0.845984,0.361476],[-0.331937,-0.236396,0.9132]],[[0.836556,-0.491256,0.242572],[0.435945,0.328675,-0.837809],[0.331851,0.806623,0.489116]],[[0.836556,-0.491256,0.242572],[-0.248452,-0.734757,-0.631192],[0.488309,0.46776,-0.736719]],[[0.836556,-0.491256,0.242572],[-0.504726,-0.863246,-0.00760013],[0.213133,-0.116075,-0.970104]]],"btipPosition":[61.961,124.77,111.9],"carpPosition":[71.286,150.836,145.239],"dipPosition":[65.2111,123,97.1062],"direction":[-0.488309,-0.46776,0.736719],"extended":false,"handId":74,"id":743,"length":52.5849,"mcpPosition":[88.353,162.99,98.2855],"pipPosition":[76.2516,133.576,80.4492],"stabilizedTipPosition":[66.6488,123.729,108.508],"timeVisible":4.95179,"tipPosition":[63.9884,124.134,108.488],"tipVelocity":[-170.551,25.9332,9.53543],"tool":false,"touchDistance":0.64162,"touchZone":"none","type":3,"width":14.155},{"bases":[[[0.73718,-0.635256,0.23025],[0.48978,0.737117,0.465589],[-0.46549,-0.230451,0.854524]],[[0.698172,-0.651453,0.296928],[0.575714,0.264333,-0.773745],[0.42557,0.711152,0.5596]],[[0.698172,-0.651453,0.296928],[-0.296013,-0.640304,-0.708792],[0.651869,0.406964,-0.639881]],[[0.698172,-0.651453,0.296928],[-0.638084,-0.754294,-0.154565],[0.324663,-0.0815518,-0.942308]]],"btipPosition":[74.0625,127.313,112.292],"carpPosition":[79.1624,142.218,145.642],"dipPosition":[78.6299,126.166,99.0358],"direction":[-0.651869,-0.406964,0.639881],"extended":false,"handId":74,"id":744,"length":41.2256,"mcpPosition":[101.318,153.186,104.971],"pipPosition":[89.0359,132.663,88.8211],"stabilizedTipPosition":[78.9937,126.318,109.145],"timeVisible":4.95179,"tipPosition":[75.4751,127.046,108.679],"tipVelocity":[-158.103,33.0702,15.2118],"tool":false,"touchDistance":0.654056,"touchZone":"none","type":4,"width":12.5735}],"r":[[0.425892,-0.673698,0.603943],[0.903336,0.354231,-0.241875],[-0.0509845,0.648576,0.75944]],"s":1.32901,"t":[55.0561,-19.5273,-54.6094],"timestamp":17512968769},{"currentFrameRate":115.184,"devices":[],"gestures":[],"hands":[{"armBasis":[[0.989134,0.128951,0.0706077],[-0.0988865,0.228166,0.968587],[0.10879,-0.965045,0.238438]],"ar