{"frames":52,"data":[{"currentFrameRate":115.093,"devices":[],"gestures":[],"hands":[{"armBasis":[[-0.893876,0.264868,0.361705],[-0.252509,-0.964116,0.0819783],[0.370439,-0.0180553,0.928681]],"armWidth":53.5375,"confidence":1,"direction":[-0.0654385,-0.0295823,-0.997418],"elbow":[68.3449,72.8737,294.232],"grabAngle":0.617464,"grabStrength":0,"id":109,"palmNormal":[0.255084,0.965853,-0.0453816],"palmPosition":[-16.0259,77.4036,18.5625],"palmVelocity":[4.74468,-11.5014,-15.0412],"palmWidth":76.8735,"pinchDistance":45.4883,"pinchStrength":0,"r":[[0.909547,-0.289074,0.298597],[0.406423,0.768831,-0.49368],[-0.0868607,0.570382,0.816774]],"s":0.91474,"sphereCenter":[7.80799,197.118,8.04959],"sphereRadius":122.828,"stabilizedPalmPosition":[-12.1937,82.1121,21.8882],"t":[11.2188,-18.5324,-5.947],"timeVisible":2.19412,"type":"right","wrist":[-16.1564,76.9923,82.3895]}],"id":72591,"interactionBox":{"center":[0,200,0],"size":[235.247,235.247,147.751]},"pointables":[{"bases":[[[-0.629117,-0.766083,-0.131641],[0.687848,-0.627548,0.364759],[-0.362047,0.138927,0.921749]],[[-0.598356,-0.7747,-0.204474],[0.689283,-0.627816,0.361574],[-0.408483,0.0754096,0.909646]],[[-0.598356,-0.7747,-0.204474],[0.794072,-0.607412,-0.0223785],[-0.106863,-0.175757,0.978616]],[[-0.598356,-0.7747,-0.204474],[0.79701,-0.549338,-0.251002],[0.0821264,-0.313156,0.946144]]],"btipPosition":[24.2015,87.2918,-18.0092],"carpPosition":[5.56754,79.5847,65.72],"dipPosition":[25.7724,81.302,0.087806],"direction":[0.106863,0.175757,-0.978616],"extended":false,"handId":109,"id":1090,"length":42.5932,"mcpPosition":[5.56754,79.5847,65.72],"pipPosition":[22.7946,76.4045,27.3573],"stabilizedTipPosition":[26.4777,88.9859,-11.0721],"timeVisible":2.19412,"tipPosition":[24.5088,88.7088,-13.6144],"tipVelocity":[9.67792,-17.8735,-22.8968],"tool":false,"touchDistance":0.265811,"touchZone":"hovering","type":0,"width":16.9726},{"bases":[[[-0.874033,0.445352,0.194236],[-0.464216,-0.883459,-0.0632702],[0.143422,-0.145468,0.978912]],[[-0.878626,0.450296,0.1589],[-0.47751,-0.82834,-0.292981],[-0.000304771,-0.333297,0.942822]],[[-0.878626,0.450296,0.1589],[-0.4575,-0.69851,-0.550252],[-0.136783,-0.556163,0.81974]],[[-0.878626,0.450296,0.1589],[-0.414954,-0.555347,-0.720696],[-0.236282,-0.699159,0.674794]]],"btipPosition":[-26.6303,112.948,-59.4019],"carpPosition":[-25.7561,69.8113,55.6944],"dipPosition":[-30.2383,102.272,-49.0978],"direction":[0.136783,0.556163,-0.81974],"extended":true,"handId":109,"id":1093,"length":52.6555,"mcpPosition":[-33.3462,77.5097,3.88858],"pipPosition":[-33.3351,89.6802,-30.5389],"stabilizedTipPosition":[-21.1461,110.561,-57.1926],"timeVisible":2.19412,"tipPosition":[-28.7702,109.942,-57.3449],"tipVelocity":[16.3377,-20.0499,-13.8798],"tool":false,"touchDistance":0.236618,"touchZone":"hovering","type":3,"width":15.1514},{"bases":[[[-0.762762,0.565333,0.313995],[-0.580002,-0.812794,0.0544457],[0.285993,-0.140589,0.947862]],[[-0.778648,0.572794,0.256152],[-0.617581,-0.771776,-0.151511],[0.110907,-0.276169,0.954689]],[[-0.778648,0.572794,0.256152],[-0.61323,-0.608238,-0.503979],[-0.132875,-0.549502,0.824859]],[[-0.778648,0.572794,0.256152],[-0.57867,-0.497706,-0.646088],[-0.242587,-0.651303,0.718996]]],"btipPosition":[-45.3757,111.38,-39.3994],"carpPosition":[-33.7015,78.553,57.938],"dipPosition":[-48.7931,102.205,-29.2708],"direction":[0.132875,0.549502,-0.824859],"extended":true,"handId":109,"id":1094,"length":41.281,"mcpPosition":[-47.7121,85.4404,11.5031],"pipPosition":[-50.9171,93.4211,-16.0856],"stabilizedTipPosition":[-39.9332,109.858,-37.9655],"timeVisible":2.19412,"tipPosition":[-46.6627,111.145,-36.104],"tipVelocity":[10.0624,-22.0635,-14.9618],"tool":false,"touchDistance":0.235538,"touchZone":"hovering","type":4,"width":13.4586},{"bases":[[[-0.961994,0.248774,-0.112601],[-0.237804,-0.965904,-0.102364],[-0.134227,-0.0716965,0.988354]],[[-0.967105,0.225655,0.117424],[-0.247231,-0.942455,-0.225067],[0.0598789,-0.246694,0.967242]],[[-0.967105,0.225655,0.117424],[-0.254022,-0.881124,-0.398866],[0.0134586,-0.415573,0.90946]],[[-0.967105,0.225655,0.117424],[-0.253996,-0.83132,-0.494361],[-0.0139383,-0.507924,0.861289]]],"btipPosition":[0.357764,93.5354,-67.5536],"carpPosition":[-5.81151,65.1155,57.8319],"dipPosition":[0.163135,86.4429,-55.527],"direction":[-0.0134586,0.415573,-0.90946],"extended":true,"handId":109,"id":1091,"length":48.0617,"mcpPosition":[2.53146,69.5719,-3.59995],"pipPosition":[0.428993,78.2338,-37.5617],"stabilizedTipPosition":[5.16048,91.0898,-63.2508],"timeVisible":2.19412,"tipPosition":[0.118804,91.3031,-64.5762],"tipVelocity":[-10.7074,-27.8823,-20.6402],"tool":false,"touchDistance":0.202835,"touchZone":"hovering","type":1,"width":16.2123},{"bases":[[[-0.916555,0.397794,0.0410763],[-0.399906,-0.91128,-0.0982026],[-0.00163238,-0.106435,0.994318]],[[-0.915378,0.391663,0.0931788],[-0.402475,-0.884625,-0.235483],[-0.00980189,-0.253059,0.967401]],[[-0.915378,0.391663,0.0931788],[-0.39421,-0.824989,-0.404959],[-0.081736,-0.407423,0.909575]],[[-0.915378,0.391663,0.0931788],[-0.371768,-0.733516,-0.568984],[-0.154502,-0.555476,0.817053]]],"btipPosition":[-11.2319,100.564,-74.3708],"carpPosition":[-15.9866,66.3222,56.034],"dipPosition":[-13.6047,92.0332,-61.8224],"direction":[0.081736,0.407423,-0.909575],"extended":true,"handId":109,"id":1092,"length":54.7624,"mcpPosition":[-15.8904,72.5959,-2.57502],"pipPosition":[-15.5043,82.5646,-40.6837],"stabilizedTipPosition":[-5.26256,98.6982,-70.5874],"timeVisible":2.19412,"tipPosition":[-12.0028,97.6541,-71.4662],"tipVelocity":[-1.54156,-31.6395,-20.1841],"tool":false,"touchDistance":0.200676,"touchZone":"hovering","type":2,"width":15.9226}],"r":[[0.909547,-0.289074,0.298597],[0.406423,0.768831,-0.49368],[-0.0868607,0.570382,0.816774]],"s":0.91474,"t":[11.2188,-18.5324,-5.947],"timestamp":17705887262},{"currentFrameRate":115.24,"devices":[],"gestures":[],"hands":[{"armBasis":[[-0.894467,0.264821,0.360275],[-0.2512,-0.96419,0.0850675],[0.369901,-0.0144111,0.928959]],"armWidth":53.5375,"confidence":1,"direction":[-0.0658335,-0.0310262,-0.997348],"elbow":[68.278,73.7375,294.186],"grabAngle":0.616588,"grabStrength":0,"id":109,"palmNormal":[0.253914,0.966093,-0.0468145],"palmPosition":[-15.9888,77.3311,18.4501],"palmVelocity":[4.39609,-8.60755,-13.3274],"palmWidth":76.8735,"pinchDistance":45.4793,"pinchStrength":0,"r":[[0.910265,-0.287421,0.298006],[0.404724,0.769439,-0.494128],[-0.0872746,0.570397,0.816719]],"s":0.914179,"sphereCenter":[7.44797,196.569,7.72905],"sphereRadius":122.288,"stabilizedPalmPosition":[-12.1957,82.1096,21.8864],"t":[11.2558,-18.6159,-6.06997],"timeVisible":2.20255,"type":"right","wrist":[-16.1006,77.0248,82.2797]}],"id":72592,"interactionBox":{"center":[0,200,0],"size":[235.247,235.247,147.751]},"pointables":[{"bases":[[[-0.628261,-0.76701,-0.13032],[0.688751,-0.626229,0.36532],[-0.361814,0.139758,0.921715]],[[-0.597483,-0.775698,-0.203239],[0.690343,-0.626529,0.361784],[-0.40797,0.0758552,0.909839]],[[-0.597483,-0.775698,-0.203239],[0.794804,-0.606472,-0.0218597],[-0.106302,-0.174596,0.978885]],[[-0.597483,-0.775698,-0.203239],[0.797941,-0.550038,-0.246472],[0.0793986,-0.309436,0.9476]]],"btipPosition":[24.2712,87.1872,-18.1774],"carpPosition":[5.62233,79.6025,65.5952],"dipPosition":[25.7899,81.2686,-0.0525512],"direction":[0.106302,0.174596,-0.978885],"extended":false,"handId":109,"id":1090,"length":42.5932,"mcpPosition":[5.62233,79.6025,65.5952],"pipPosition":[22.8277,76.4034,27.2244],"stabilizedTipPosition":[26.4703,88.9732,-11.0839],"timeVisible":2.20255,"tipPosition":[24.5188,88.6305,-13.7606],"tipVelocity":[6.84654,-10.4661,-19.1957],"tool":false,"touchDistance":0.263114,"touchZone":"hovering","type":0,"width":16.9726},{"bases":[[[-0.874479,0.444578,0.194005],[-0.463191,-0.884097,-0.0618594],[0.144017,-0.143956,0.979048]],[[-0.879329,0.449737,0.156581],[-0.476209,-0.828723,-0.294013],[-0.0024664,-0.333099,0.942889]],[[-0.879329,0.449737,0.156581],[-0.455128,-0.696904,-0.554242],[-0.140141,-0.558625,0.817495]],[[-0.879329,0.449737,0.156581],[-0.413814,-0.558902,-0.718601],[-0.235668,-0.696681,0.677566]]],"btipPosition":[-26.4541,112.845,-59.5008],"carpPosition":[-25.6939,69.7781,55.5966],"dipPosition":[-30.0527,102.207,-49.1544],"direction":[0.140141,0.558625,-0.817495],"extended":true,"handId":109,"id":1093,"length":52.6555,"mcpPosition":[-33.3156,77.3965,3.78362],"pipPosition":[-33.2255,89.5597,-30.6463],"stabilizedTipPosition":[-21.2049,110.56,-57.1919],"timeVisible":2.20255,"tipPosition":[-28.7805,109.76,-57.4902],"tipVelocity":[21.1592,-11.1361,-10.5794],"tool":false,"touchDistance":0.235131,"touchZone":"hovering","type":3,"width":15.1514},{"bases":[[[-0.763299,0.564855,0.313551],[-0.57901,-0.813408,0.0558097],[0.286569,-0.13895,0.94793]],[[-0.779499,0.57234,0.254573],[-0.616801,-0.77219,-0.152573],[0.109255,-0.275952,0.954942]],[[-0.779499,0.57234,0.254573],[-0.611374,-0.606647,-0.508135],[-0.13639,-0.551731,0.822795]],[[-0.779499,0.57234,0.254573],[-0.577612,-0.499499,-0.645651],[-0.242373,-0.650329,0.71995]]],"btipPosition":[-45.2504,111.276,-39.4968],"carpPosition":[-33.6488,78.5134,57.8317],"dipPosition":[-48.6647,102.114,-29.3548],"direction":[0.13639,0.551731,-0.822795],"extended":true,"handId":109,"id":1094,"length":41.281,"mcpPosition":[-47.6876,85.3204,11.3935],"pipPosition":[-50.8449,93.2949,-16.2025],"stabilizedTipPosition":[-39.9941,109.851,-37.9575],"timeVisible":2.20255,"tipPosition":[-46.6816,110.94,-36.26],"tipVelocity":[14.9555,-11.9995,-11.1843],"tool":false,"touchDistance":0.233967,"touchZone":"hovering","type":4,"width":13.4586},{"bases":[[[-0.962338,0.247475,-0.112524],[-0.236698,-0.966326,-0.100938],[-0.133715,-0.0705023,0.988509]],[[-0.967234,0.224544,0.118482],[-0.246397,-0.94273,-0.224833],[0.061212,-0.24666,0.967167]],[[-0.967234,0.224544,0.118482],[-0.253417,-0.882224,-0.396814],[0.0154258,-0.413837,0.91022]],[[-0.967234,0.224544,0.118482],[-0.253622,-0.833263,-0.491272],[-0.0115853,-0.505225,0.86291]]],"btipPosition":[0.27604,93.3814,-67.6983],"carpPosition":[-5.74289,65.109,57.7319],"dipPosition":[0.114268,86.3266,-55.649],"direction":[-0.0154258,0.413837,-0.91022],"extended":true,"handId":109,"id":1091,"length":48.0617,"mcpPosition":[2.56826,69.4911,-3.70958],"pipPosition":[0.418986,78.1518,-37.6687],"stabilizedTipPosition":[5.1447,91.092,-63.2562],"timeVisible":2.20255,"tipPosition":[0.10399,91.1385,-64.7153],"tipVelocity":[-8.79901,-17.2419,-16.543],"tool":false,"touchDistance":0.200511,"touchZone":"hovering","type":1,"width":16.2123},{"bases":[[[-0.91701,0.396759,0.0409285],[-0.398863,-0.911889,-0.0967816],[-0.00107671,-0.105075,0.994464]],[[-0.915823,0.390754,0.0926213],[-0.401464,-0.8853,-0.234673],[-0.00970163,-0.252103,0.967652]],[[-0.915823,0.390754,0.0926213],[-0.393239,-0.825854,-0.404138],[-0.0814268,-0.406541,0.909997]],[[-0.915823,0.390754,0.0926213],[-0.370917,-0.734691,-0.568023],[-0.153909,-0.554564,0.817784]]],"btipPosition":[-11.2184,100.391,-74.5075],"carpPosition":[-15.9202,66.3011,55.9368],"dipPosition":[-13.5822,91.8737,-61.9479],"direction":[0.0814268,0.406541,-0.909997],"extended":true,"handId":109,"id":1092,"length":54.7624,"mcpPosition":[-15.8568,72.4946,-2.68081],"pipPosition":[-15.4746,82.4256,-40.7993],"stabilizedTipPosition":[-5.30345,98.6965,-70.5939],"timeVisible":2.20255,"tipPosition":[-12.0278,97.4661,-71.6079],"tipVelocity":[1.84098,-20.2003,-15.9114],"tool":false,"touchDistance":0.19844,"touchZone":"hovering","type":2,"width":15.9226}],"r":[[0.910265,-0.287421,0.298006],[0.404724,0.769439,-0.494128],[-0.0872746,0.570397,0.816719]],"s":0.914179,"t":[11.2558,-18.6159,-6.06997],"timestamp":17705895691},{"currentFrameRate":115.175,"devices":[],"gestures":[],"hands":[{"armBasis":[[-0.895119,0.264865,0.35862],[-0.249919,-0.964228,0.0883469],[0.369192,-0.0105449,0.929293]],"armWidth":53.5375,"confidence":1,"direction":[-0.065892,-0.0318606,-0.997318],"elbow":[68.1706,74.609,294.137],"grabAngle":0.616493,"grabStrength":0,"id":109,"palmNormal":[0.252827,0.966341,-0.0475751],"palmPosition":[-15.9327,77.2467,18.3233],"palmVelocity":[6.37705,-9.59324,-14.4276],"palmWidth":76.8735,"pinchDistance":45.455,"pinchStrength":0,"r":[[0.910906,-0.285848,0.297558],[0.403182,0.769939,-0.49461],[-0.0877184,0.570513,0.81659]],"s":0.91338,"sphereCenter":[7.09263,195.962,7.46125],"sphereRadius":121.697,"stabilizedPalmPosition":[-12.1976,82.107,21.8846],"t":[11.3024,-18.6998,-6.19488],"timeVisible":2.21134,"type":"right","wrist":[-16.0461,77.0144,82.1546]}],"id":72593,"interactionBox":{"center":[0,200,0],"size":[235.247,235.247,147.751]},"pointables":[{"bases":[[[-0.627413,-0.767813,-0.129676],[0.689487,-0.625178,0.365732],[-0.361885,0.140055,0.921642]],[[-0.596718,-0.776506,-0.202401],[0.691339,-0.625528,0.361614],[-0.407403,0.075854,0.910093]],[[-0.596718,-0.776506,-0.202401],[0.795433,-0.605661,-0.0214926],[-0.105897,-0.173821,0.979067]],[[-0.596718,-0.776506,-0.202401],[0.798707,-0.550394,-0.243176],[0.077427,-0.306766,0.94863]]],"btipPosition":[24.3316,87.0904,-18.3435],"carpPosition":[5.68025,79.5783,65.4646],"dipPosition":[25.8126,81.2229,-0.198992],"direction":[0.105897,0.173821,-0.979067],"extended":false,"handId":109,"id":1090,"length":42.5932,"mcpPosition":[5.68025,79.5783,65.4646],"pipPosition":[22.8617,76.3793,27.0831],"stabilizedTipPosition":[26.4642,88.9623,-11.0943],"timeVisible":2.21134,"tipPosition":[24.5595,88.5607,-13.9005],"tipVelocity":[5.88349,-9.66988,-18.3802],"tool":false,"touchDistance":0.260421,"touchZone":"hovering","type":0,"width":16.9726},{"bases":[[[-0.874958,0.443745,0.193748],[-0.462206,-0.884662,-0.0611416],[0.14427,-0.143048,0.979144]],[[-0.88,0.449079,0.154688],[-0.474953,-0.828975,-0.295329],[-0.00439321,-0.333359,0.94279]],[[-0.88,0.449079,0.154688],[-0.452779,-0.694751,-0.55885],[-0.143498,-0.561827,0.814714]],[[-0.88,0.449079,0.154688],[-0.412215,-0.560291,-0.718438],[-0.235965,-0.69599,0.678173]]],"btipPosition":[-26.2486,112.802,-59.5687],"carpPosition":[-25.6259,69.7112,55.4764],"dipPosition":[-29.8518,102.174,-49.2131],"direction":[0.143498,0.561827,-0.814714],"extended":true,"handId":109,"id":1093,"length":52.6555,"mcpPosition":[-33.261,77.2815,3.65834],"pipPosition":[-33.1005,89.4542,-30.768],"stabilizedTipPosition":[-21.2653,110.557,-57.1919],"timeVisible":2.21134,"tipPosition":[-28.7413,109.615,-57.6335],"tipVelocity":[23.2543,-4.67294,-7.48569],"tool":false,"touchDistance":0.234034,"touchZone":"hovering","type":3,"width":15.1514},{"bases":[[[-0.763902,0.564238,0.313192],[-0.578093,-0.814014,0.0564846],[0.286813,-0.137906,0.948008]],[[-0.780357,0.571763,0.253241],[-0.616008,-0.772543,-0.153983],[0.107598,-0.27616,0.95507]],[[-0.780357,0.571763,0.253241],[-0.609521,-0.604962,-0.512354],[-0.139744,-0.554174,0.820587]],[[-0.780357,0.571763,0.253241],[-0.576189,-0.500061,-0.646487],[-0.243001,-0.650405,0.71967]]],"btipPosition":[-45.0935,111.196,-39.5912],"carpPosition":[-33.5904,78.4393,57.7056],"dipPosition":[-48.5167,102.034,-29.4531],"direction":[0.139744,0.554174,-0.820587],"extended":true,"handId":109,"id":1094,"length":41.281,"mcpPosition":[-47.6411,85.1951,11.2635],"pipPosition":[-50.7505,93.1756,-16.3362],"stabilizedTipPosition":[-40.0535,109.843,-37.9505],"timeVisible":2.21134,"tipPosition":[-46.6595,110.76,-36.4191],"tipVelocity":[17.6071,-9.02902,-10.8425],"tool":false,"touchDistance":0.232378,"touchZone":"hovering","type":4,"width":13.4586},{"bases":[[[-0.962625,0.24631,-0.112622],[-0.235624,-0.966667,-0.100179],[-0.133543,-0.0698983,0.988575]],[[-0.967377,0.223418,0.119444],[-0.245557,-0.942879,-0.225122],[0.0623245,-0.247108,0.966981]],[[-0.967377,0.223418,0.119444],[-0.252762,-0.883066,-0.395355],[0.0171471,-0.412648,0.910729]],[[-0.967377,0.223418,0.119444],[-0.253165,-0.834838,-0.488828],[-0.00949703,-0.50312,0.864165]]],"btipPosition":[0.236594,93.2638,-67.842],"carpPosition":[-5.66945,65.0661,57.6134],"dipPosition":[0.103982,86.2384,-55.7751],"direction":[-0.0171471,0.412648,-0.910729],"extended":true,"handId":109,"id":1091,"length":48.0617,"mcpPosition":[2.63104,69.4106,-3.83221],"pipPosition":[0.442701,78.0871,-37.7848],"stabilizedTipPosition":[5.13014,91.0936,-63.2615],"timeVisible":2.21134,"tipPosition":[0.137109,91.0116,-64.8552],"tipVelocity":[-3.72334,-12.6038,-15.8829],"tool":false,"touchDistance":0.198184,"touchZone":"hovering","type":1,"width":16.2123},{"bases":[[[-0.91745,0.395762,0.0407125],[-0.39785,-0.912409,-0.0960486],[-0.000865933,-0.104317,0.994544]],[[-0.916269,0.389843,0.0920463],[-0.40044,-0.8858,-0.234535],[-0.00989721,-0.251756,0.96774]],[[-0.916269,0.389843,0.0920463],[-0.392221,-0.826528,-0.40375],[-0.0813203,-0.406046,0.910227]],[[-0.916269,0.389843,0.0920463],[-0.369994,-0.73565,-0.567383],[-0.153477,-0.553932,0.818293]]],"btipPosition":[-11.1603,100.256,-74.6474],"carpPosition":[-15.8483,66.2454,55.8183],"dipPosition":[-13.5175,91.7482,-62.0799],"direction":[0.0813203,0.406046,-0.910227],"extended":true,"handId":109,"id":1092,"length":54.7624,"mcpPosition":[-15.7972,72.3942,-2.80399],"pipPosition":[-15.4074,82.3116,-40.926],"stabilizedTipPosition":[-5.34139,98.6942,-70.6008],"timeVisible":2.21134,"tipPosition":[-12.0019,97.32,-71.7505],"tipVelocity":[6.7819,-15.1195,-15.6984],"tool":false,"touchDistance":0.19614,"touchZone":"hovering","type":2,"width":15.9226}],"r":[[0.910906,-0.285848,0.297558],[0.403182,0.769939,-0.49461],[-0.0877184,0.570513,0.81659]],"s":0.91338,"t":[11.3024,-18.6998,-6.19488],"timestamp":17705904484},{"currentFrameRate":115.188,"devices":[],"gestures":[],"hands":[{"armBasis":[[-0.895476,0.266189,0.356743],[-0.249978,-0.963895,0.0917442],[0.368284,-0.00702324,0.929687]],"armWidth":53.5375,"confidence":1,"direction":[-0.0650594,-0.0325906,-0.997349],"elbow":[67.9708,75.4037,294.108],"grabAngle":0.616893,"grabStrength":0,"id":109,"palmNormal":[0.253072,0.966252,-0.0480829],"palmPosition":[-15.8705,77.1637,18.2047],"palmVelocity":[7.18879,-9.5909,-13.6933],"palmWidth":76.8735,"pinchDistance":45.4294,"pinchStrength":0,"r":[[0.911355,-0.284583,0.297396],[0.402063,0.770246,-0.495042],[-0.0881871,0.570731,0.816388]],"s":0.912462,"sphereCenter":[6.91997,195.32,7.22285],"sphereRadius":121.104,"stabilizedPalmPosition":[-12.1995,82.1045,21.8827],"t":[11.3568,-18.7833,-6.31662],"timeVisible":2.22,"type":"right","wrist":[-16.0389,77.0058,82.036]}],"id":72594,"interactionBox":{"center":[0,200,0],"size":[235.247,235.247,147.751]},"pointables":[{"bases":[[[-0.627467,-0.767777,-0.129631],[0.689046,-0.625051,0.366779],[-0.36263,0.14082,0.921232]],[[-0.59682,-0.776509,-0.202088],[0.691119,-0.625446,0.362175],[-0.407628,0.0764866,0.909939]],[[-0.59682,-0.776509,-0.202088],[0.795277,-0.605897,-0.0205479],[-0.106489,-0.172979,0.979152]],[[-0.59682,-0.776509,-0.202088],[0.798983,-0.552002,-0.238581],[0.0737073,-0.303854,0.949863]]],"btipPosition":[24.4518,86.9321,-18.4651],"carpPosition":[5.70331,79.5258,65.3624],"dipPosition":[25.8616,81.1203,-0.297008],"direction":[0.106489,0.172979,-0.979152],"extended":false,"handId":109,"id":1090,"length":42.5932,"mcpPosition":[5.70331,79.5258,65.3624],"pipPosition":[22.8943,76.3002,26.9874],"stabilizedTipPosition":[26.4582,88.9503,-11.1057],"timeVisible":2.22,"tipPosition":[24.6515,88.4372,-13.9942],"tipVelocity":[11.9907,-16.803,-13.4178],"tool":false,"touchDistance":0.258485,"touchZone":"hovering","type":0,"width":16.9726},{"bases":[[[-0.875027,0.444075,0.19268],[-0.462342,-0.88461,-0.0608708],[0.143416,-0.142348,0.979372]],[[-0.880172,0.449539,0.152358],[-0.474601,-0.828641,-0.29683],[-0.00718659,-0.33357,0.942698]],[[-0.880172,0.449539,0.152358],[-0.451046,-0.692158,-0.563449],[-0.147836,-0.564652,0.811981]],[[-0.880172,0.449539,0.152358],[-0.410697,-0.560349,-0.719261],[-0.237962,-0.695646,0.677828]]],"btipPosition":[-25.9433,112.778,-59.6314],"carpPosition":[-25.5965,69.6579,55.3553],"dipPosition":[-29.5769,102.155,-49.281],"direction":[0.147836,0.564652,-0.811981],"extended":true,"handId":109,"id":1093,"length":52.6555,"mcpPosition":[-33.1864,77.1912,3.52518],"pipPosition":[-32.924,89.3716,-30.8978],"stabilizedTipPosition":[-21.3251,110.555,-57.1925],"timeVisible":2.22,"tipPosition":[-28.5819,109.491,-57.7792],"tipVelocity":[34.4553,-2.62117,-7.3769],"tool":false,"touchDistance":0.23297,"touchZone":"hovering","type":3,"width":15.1514},{"bases":[[[-0.764046,0.564633,0.312128],[-0.578313,-0.813849,0.056605],[0.285986,-0.137259,0.948352]],[[-0.780639,0.572199,0.25138],[-0.616116,-0.772079,-0.155866],[0.104899,-0.276555,0.955256]],[[-0.780639,0.572199,0.25138],[-0.608101,-0.602551,-0.51686],[-0.144277,-0.556346,0.81833]],[[-0.780639,0.572199,0.25138],[-0.574821,-0.499461,-0.648167],[-0.245325,-0.650482,0.71881]]],"btipPosition":[-44.8404,111.162,-39.6996],"carpPosition":[-33.561,78.3894,57.5713],"dipPosition":[-48.2964,101.999,-29.5736],"direction":[0.144277,0.556346,-0.81833],"extended":true,"handId":109,"id":1094,"length":41.281,"mcpPosition":[-47.5712,85.1136,11.1123],"pipPosition":[-50.6026,93.1055,-16.4927],"stabilizedTipPosition":[-40.1096,109.835,-37.9446],"timeVisible":2.22,"tipPosition":[-46.5342,110.626,-36.5969],"tipVelocity":[28.3602,-3.99789,-12.8367],"tool":false,"touchDistance":0.230525,"touchZone":"hovering","type":4,"width":13.4586},{"bases":[[[-0.962478,0.24643,-0.113616],[-0.235745,-0.966692,-0.0996563],[-0.13439,-0.0691325,0.988514]],[[-0.967328,0.223576,0.119545],[-0.245775,-0.942676,-0.225735],[0.0622237,-0.247741,0.966826]],[[-0.967328,0.223576,0.119545],[-0.25293,-0.883428,-0.394438],[0.0174229,-0.411787,0.911114]],[[-0.967328,0.223576,0.119545],[-0.253374,-0.835986,-0.486754],[-0.00888843,-0.50114,0.86532]]],"btipPosition":[0.305403,93.1378,-67.9573],"carpPosition":[-5.64287,65.0102,57.5125],"dipPosition":[0.181289,86.1401,-55.8743],"direction":[-0.0174229,0.411787,-0.911114],"extended":true,"handId":109,"id":1091,"length":48.0617,"mcpPosition":[2.71025,69.3071,-3.92928],"pipPosition":[0.525456,78.0058,-37.8764],"stabilizedTipPosition":[5.11603,91.0949,-63.2671],"timeVisible":2.22,"tipPosition":[0.272295,90.8662,-64.9714],"tipVelocity":[8.17323,-13.8122,-12.8944],"tool":false,"touchDistance":0.196323,"touchZone":"hovering","type":1,"width":16.2123},{"bases":[[[-0.9174,0.395987,0.0396451],[-0.397963,-0.912396,-0.095703],[-0.00172512,-0.103575,0.99462]],[[-0.916277,0.390144,0.0906842],[-0.400386,-0.885768,-0.234748],[-0.0112604,-0.251403,0.967817]],[[-0.916277,0.390144,0.0906842],[-0.391937,-0.826624,-0.40383],[-0.08259,-0.405563,0.910328]],[[-0.916277,0.390144,0.0906842],[-0.369481,-0.735853,-0.567454],[-0.154658,-0.553452,0.818396]]],"btipPosition":[-10.98,100.124,-74.7691],"carpPosition":[-15.8199,66.1903,55.708],"dipPosition":[-13.3553,91.6243,-62.2001],"direction":[0.08259,0.405563,-0.910328],"extended":true,"handId":109,"id":1092,"length":54.7624,"mcpPosition":[-15.7183,72.2954,-2.9188],"pipPosition":[-15.2747,82.1989,-41.0438],"stabilizedTipPosition":[-5.37878,98.691,-70.6085],"timeVisible":2.22,"tipPosition":[-11.8587,97.1717,-71.8807],"tipVelocity":[20.3479,-14.9735,-14.0221],"tool":false,"touchDistance":0.194116,"touchZone":"hovering","type":2,"width":15.9226}],"r":[[0.911355,-0.284583,0.297396],[0.402063,0.770246,-0.495042],[-0.0881871,0.570731,0.816388]],"s":0.912462,"t":[11.3568,-18.7833,-6.31662],"timestamp":17705913142},{"currentFrameRate":115.143,"devices":[],"gestures":[],"hands":[{"armBasis":[[-0.895652,0.268565,0.354513],[-0.251294,-0.963253,0.0948465],[0.366959,-0.0041376,0.930228]],"armWidth":53.5375,"confidence":1,"direction":[-0.0641478,-0.0342298,-0.997353],"elbow":[67.7043,76.199,294.147],"grabAngle":0.616882,"grabStrength":0,"id":109,"palmNormal":[0.254476,0.965811,-0.0495146],"palmPosition":[-15.7689,77.1733,18.1191],"palmVelocity":[11.59,1.09035,-9.76711],"palmWidth":76.8735,"pinchDistance":45.4046,"pinchStrength":0,"r":[[0.911576,-0.283724,0.297539],[0.40148,0.770206,-0.495578],[-0.0885592,0.571213,0.816011]],"s":0.911548,"sphereCenter":[6.90758,194.747,6.90317],"sphereRadius":120.522,"stabilizedPalmPosition":[-12.2016,82.1016,21.8805],"t":[11.4348,-18.8202,-6.42028],"timeVisible":2.22876,"type":"right","wrist":[-16.003,77.1429,81.9511]}],"id":72595,"interactionBox":{"center":[0,200,0],"size":[235.247,235.247,147.751]},"pointables":[{"bases":[[[-0.628421,-0.767119,-0.128903],[0.687814,-0.625381,0.368525],[-0.363316,0.142927,0.920637]],[[-0.597851,-0.775993,-0.201018],[0.690169,-0.625842,0.363302],[-0.407725,0.0784639,0.909727]],[[-0.597851,-0.775993,-0.201018],[0.79438,-0.607128,-0.018876],[-0.107396,-0.17097,0.979406]],[[-0.597851,-0.775993,-0.201018],[0.798638,-0.55504,-0.232613],[0.0689331,-0.299609,0.951569]]],"btipPosition":[24.6321,86.7726,-18.5649],"carpPosition":[5.76289,79.5869,65.2934],"dipPosition":[25.9506,81.042,-0.364142],"direction":[0.107396,0.17097,-0.979406],"extended":false,"handId":109,"id":1090,"length":42.5932,"mcpPosition":[5.76289,79.5869,65.2934],"pipPosition":[22.958,76.2779,26.9273],"stabilizedTipPosition":[26.4518,88.9358,-11.1193],"timeVisible":2.22876,"tipPosition":[24.8002,88.3243,-14.0614],"tipVelocity":[18.1799,-16.073,-10.5289],"tool":false,"touchDistance":0.256947,"touchZone":"hovering","type":0,"width":16.9726},{"bases":[[[-0.874586,0.445637,0.191068],[-0.463527,-0.884064,-0.0597818],[0.142275,-0.140849,0.979755]],[[-0.879781,0.451149,0.149833],[-0.475268,-0.827927,-0.297754],[-0.0102803,-0.333169,0.942811]],[[-0.879781,0.451149,0.149833],[-0.450212,-0.689541,-0.567311],[-0.152626,-0.566566,0.809758]],[[-0.879781,0.451149,0.149833],[-0.410216,-0.561214,-0.718862],[-0.240225,-0.693905,0.678814]]],"btipPosition":[-25.5716,112.788,-59.7025],"carpPosition":[-25.5412,69.7456,55.2733],"dipPosition":[-29.2398,102.192,-49.3371],"direction":[0.152626,0.566566,-0.809758],"extended":true,"handId":109,"id":1093,"length":52.6555,"mcpPosition":[-33.0707,77.1996,3.42292],"pipPosition":[-32.6953,89.3654,-31.0042],"stabilizedTipPosition":[-21.3863,110.553,-57.194],"timeVisible":2.22876,"tipPosition":[-28.3355,109.399,-57.9245],"tipVelocity":[41.5099,1.89362,-7.72399],"tool":false,"touchDistance":0.231842,"touchZone":"hovering","type":3,"width":15.1514},{"bases":[[[-0.76355,0.566246,0.310413],[-0.579511,-0.812936,0.0574595],[0.284883,-0.136015,0.948863]],[[-0.780149,0.573761,0.24933],[-0.617219,-0.770928,-0.157199],[0.102021,-0.27653,0.955575]],[[-0.780149,0.573761,0.24933],[-0.607513,-0.599706,-0.520846],[-0.149316,-0.557809,0.816428]],[[-0.780149,0.573761,0.24933],[-0.574375,-0.498992,-0.648922],[-0.247913,-0.649465,0.718842]]],"btipPosition":[-44.5207,111.212,-39.8087],"carpPosition":[-33.4955,78.4921,57.4665],"dipPosition":[-48.0131,102.063,-29.6823],"direction":[0.149316,0.557809,-0.816428],"extended":true,"handId":109,"id":1094,"length":41.281,"mcpPosition":[-47.4517,85.1553,10.9825],"pipPosition":[-50.3999,93.1465,-16.6318],"stabilizedTipPosition":[-40.1657,109.827,-37.9396],"timeVisible":2.22876,"tipPosition":[-46.3223,110.568,-36.7774],"tipVelocity":[35.5357,6.09072,-12.4415],"tool":false,"touchDistance":0.228709,"touchZone":"hovering","type":4,"width":13.4586},{"bases":[[[-0.962021,0.247584,-0.114969],[-0.237008,-0.966531,-0.0982068],[-0.135436,-0.0672283,0.988503]],[[-0.967024,0.225005,0.119317],[-0.247062,-0.942524,-0.224966],[0.0618405,-0.247026,0.967034]],[[-0.967024,0.225005,0.119317],[-0.254107,-0.883924,-0.392567],[0.0171374,-0.409941,0.911951]],[[-0.967024,0.225005,0.119317],[-0.254525,-0.837239,-0.483992],[-0.00900414,-0.498401,0.8669]]],"btipPosition":[0.437833,92.9831,-68.0572],"carpPosition":[-5.59615,65.0736,57.4578],"dipPosition":[0.312103,86.0237,-55.9522],"direction":[-0.0171374,0.409941,-0.911951],"extended":true,"handId":109,"id":1091,"length":48.0617,"mcpPosition":[2.82197,69.2522,-3.98331],"pipPosition":[0.650632,77.9258,-37.9377],"stabilizedTipPosition":[5.10034,91.0958,-63.2738],"timeVisible":2.22876,"tipPosition":[0.472618,90.7119,-65.066],"tipVelocity":[15.0717,-16.6549,-10.8242],"tool":false,"touchDistance":0.194742,"touchZone":"hovering","type":1,"width":16.2123},{"bases":[[[-0.91688,0.397343,0.0380756],[-0.399153,-0.912001,-0.0945037],[-0.00282535,-0.101847,0.994796]],[[-0.915812,0.391579,0.0891845],[-0.401408,-0.885507,-0.233984],[-0.0126497,-0.250084,0.968141]],[[-0.915812,0.391579,0.0891845],[-0.392714,-0.826698,-0.402922],[-0.0840474,-0.404025,0.910879]],[[-0.915812,0.391579,0.0891845],[-0.369973,-0.736219,-0.566659],[-0.156233,-0.551949,0.819112]]],"btipPosition":[-10.7522,99.9862,-74.8827],"carpPosition":[-15.7698,66.2649,55.6414],"dipPosition":[-13.1517,91.5093,-62.3026],"direction":[0.0840474,0.404025,-0.910879],"extended":true,"handId":109,"id":1092,"length":54.7624,"mcpPosition":[-15.6033,72.2681,-2.99575],"pipPosition":[-15.105,82.1197,-41.1336],"stabilizedTipPosition":[-5.41794,98.6867,-70.6177],"timeVisible":2.22876,"tipPosition":[-11.6421,97.0207,-71.9969],"tipVelocity":[25.3588,-15.1526,-12.6665],"tool":false,"touchDistance":0.192267,"touchZone":"hovering","type":2,"width":15.9226}],"r":[[0.911576,-0.283724,0.297539],[0.40148,0.770206,-0.495578],[-0.0885592,0.571213,0.816011]],"s":0.911548,"t":[11.4348,-18.8202,-6.42028],"timestamp":17705921904},{"currentFrameRate":115.226,"devices":[],"gestures":[],"hands":[{"armBasis":[[-0.895459,0.272511,0.351981],[-0.254067,-0.962152,0.0985592],[0.365518,-0.00117089,0.930804]],"armWidth":53.5375,"confidence":1,"direction":[-0.0633478,-0.0373302,-0.997293],"elbow":[67.3939,77.1111,294.185],"grabAngle":0.617168,"grabStrength":0,"id":109,"palmNormal":[0.257274,0.964913,-0.0524602],"palmPosition":[-15.6875,77.189,18.0261],"palmVelocity":[9.53923,1.84005,-10.8931],"palmWidth":76.8735,"pinchDistance":45.3625,"pinchStrength":0,"r":[[0.911537,-0.28336,0.298006],[0.401542,0.769618,-0.496439],[-0.0886797,0.572185,0.815316]],"s":0.910564,"sphereCenter":[7.02651,194.095,6.40602],"sphereRadius":119.897,"stabilizedPalmPosition":[-12.2035,82.0989,21.8783],"t":[11.5145,-18.8308,-6.5186],"timeVisible":2.2373,"type":"right","wrist":[-15.9848,77.3781,81.8587]}],"id":72596,"interactionBox":{"center":[0,200,0],"size":[235.247,235.247,147.751]},"pointables":[{"bases":[[[-0.63049,-0.765746,-0.12695],[0.685696,-0.626121,0.371205],[-0.363735,0.146992,0.919832]],[[-0.600026,-0.774914,-0.198687],[0.688485,-0.626695,0.365024],[-0.407379,0.0822306,0.90955]],[[-0.600026,-0.774914,-0.198687],[0.792629,-0.609477,-0.0166419],[-0.108199,-0.167471,0.979922]],[[-0.600026,-0.774914,-0.198687],[0.797338,-0.559135,-0.227203],[0.0649695,-0.294749,0.953364]]],"btipPosition":[24.7615,86.533,-18.6877],"carpPosition":[5.80866,79.6966,65.2118],"dipPosition":[26.0041,80.8953,-0.452676],"direction":[0.108199,0.167471,-0.979922],"extended":false,"handId":109,"id":1090,"length":42.5932,"mcpPosition":[5.80866,79.6966,65.2118],"pipPosition":[22.9891,76.2287,26.8532],"stabilizedTipPosition":[26.4455,88.9191,-11.1345],"timeVisible":2.2373,"tipPosition":[24.9425,88.1107,-14.1549],"tipVelocity":[13.1087,-25.5669,-13.4673],"tool":false,"touchDistance":0.255031,"touchZone":"hovering","type":0,"width":16.9726},{"bases":[[[-0.873483,0.448753,0.188806],[-0.465992,-0.882932,-0.0572946],[0.140992,-0.138028,0.980342]],[[-0.878692,0.45422,0.146919],[-0.477192,-0.826854,-0.297657],[-0.013721,-0.331657,0.9433]],[[-0.878692,0.45422,0.146919],[-0.450517,-0.687183,-0.569924],[-0.157911,-0.566977,0.808456]],[[-0.878692,0.45422,0.146919],[-0.410806,-0.562665,-0.717389],[-0.243186,-0.690719,0.681005]]],"btipPosition":[-25.1863,112.71,-59.8331],"carpPosition":[-25.5143,69.9115,55.1956],"dipPosition":[-28.8997,102.163,-49.4342],"direction":[0.157911,0.566977,-0.808456],"extended":true,"handId":109,"id":1093,"length":52.6555,"mcpPosition":[-32.9759,77.2162,3.3142],"pipPosition":[-32.4748,89.3268,-31.1307],"stabilizedTipPosition":[-21.4446,110.549,-57.1971],"timeVisible":2.2373,"tipPosition":[-28.0655,109.215,-58.125],"tipVelocity":[43.9167,-7.81793,-14.3925],"tool":false,"touchDistance":0.229794,"touchZone":"hovering","type":3,"width":15.1514},{"bases":[[[-0.762211,0.569438,0.307855],[-0.581878,-0.811089,0.0596066],[0.28364,-0.133701,0.949564]],[[-0.778737,0.5768,0.246719],[-0.619524,-0.768982,-0.157658],[0.0987854,-0.275623,0.956176]],[[-0.778737,0.5768,0.246719],[-0.607868,-0.596505,-0.524098],[-0.15513,-0.558107,0.815139]],[[-0.778737,0.5768,0.246719],[-0.574852,-0.498584,-0.648814],[-0.251225,-0.647082,0.719841]]],"btipPosition":[-44.1768,111.239,-39.9676],"carpPosition":[-33.4456,78.6878,57.3528],"dipPosition":[-47.7159,102.124,-29.8271],"direction":[0.15513,0.558107,-0.815139],"extended":true,"handId":109,"id":1094,"length":41.281,"mcpPosition":[-47.3409,85.2377,10.8345],"pipPosition":[-50.1956,93.2027,-16.7972],"stabilizedTipPosition":[-40.2178,109.82,-37.9363],"timeVisible":2.2373,"tipPosition":[-46.0833,110.474,-37.015],"tipVelocity":[39.0214,4.11299,-18.2297],"tool":false,"touchDistance":0.226115,"touchZone":"hovering","type":4,"width":13.4586},{"bases":[[[-0.961207,0.249943,-0.116658],[-0.239675,-0.96617,-0.0952422],[-0.136516,-0.0635875,0.988595]],[[-0.966374,0.228005,0.11889],[-0.249755,-0.942283,-0.222993],[0.0611843,-0.245188,0.967543]],[[-0.966374,0.228005,0.11889],[-0.256628,-0.884354,-0.389949],[0.0162302,-0.407347,0.913129]],[[-0.966374,0.228005,0.11889],[-0.256951,-0.83849,-0.480532],[-0.00987611,-0.494923,0.868881]]],"btipPosition":[0.569626,92.7088,-68.176],"carpPosition":[-5.58465,65.1899,57.4136],"dipPosition":[0.43172,85.7979,-56.0433],"direction":[-0.0162302,0.407347,-0.913129],"extended":true,"handId":109,"id":1091,"length":48.0617,"mcpPosition":[2.90063,69.1423,-4.03322],"pipPosition":[0.752327,77.7513,-38.0055],"stabilizedTipPosition":[5.08283,91.0959,-63.2819],"timeVisible":2.2373,"tipPosition":[0.666739,90.4112,-65.1893],"tipVelocity":[15.1098,-30.8223,-13.1626],"tool":false,"touchDistance":0.19287,"touchZone":"hovering","type":1,"width":16.2123},{"bases":[[[-0.915777,0.400076,0.0359348],[-0.401667,-0.911167,-0.0918659],[-0.00401081,-0.0985625,0.995123]],[[-0.914762,0.394452,0.0872829],[-0.403739,-0.884936,-0.232128],[-0.0143238,-0.247582,0.968761]],[[-0.914762,0.394452,0.0872829],[-0.394717,-0.826619,-0.401124],[-0.0860742,-0.401385,0.911856]],[[-0.914762,0.394452,0.0872829],[-0.371526,-0.73652,-0.565249],[-0.158678,-0.549496,0.82029]]],"btipPosition":[-10.5152,99.7344,-75.0245],"carpPosition":[-15.7532,66.4042,55.5841],"dipPosition":[-12.9522,91.2951,-62.4263],"direction":[0.0860742,0.401385,-0.911856],"extended":true,"handId":109,"id":1092,"length":54.7624,"mcpPosition":[-15.5168,72.2139,-3.07234],"pipPosition":[-14.9526,81.9668,-41.2346],"stabilizedTipPosition":[-5.45807,98.6804,-70.6284],"timeVisible":2.2373,"tipPosition":[-11.4217,96.7317,-72.1508],"tipVelocity":[26.7559,-28.4856,-16.1232],"tool":false,"touchDistance":0.189973,"touchZone":"hovering","type":2,"width":15.9226}],"r":[[0.911537,-0.28336,0.298006],[0.401542,0.769618,-0.496439],[-0.0886797,0.572185,0.815316]],"s":0.910564,"t":[11.5145,-18.8308,-6.5186],"timestamp":17705930441},{"currentFrameRate":115.187,"devices":[],"gestures":[],"hands":[{"armBasis":[[-0.895707,0.275244,0.349213],[-0.255462,-0.961371,0.102495],[0.363934,0.00259523,0.931421]],"armWidth":53.5375,"confidence":1,"direction":[-0.0628192,-0.0409655,-0.997184],"elbow":[67.0624,78.2146,294.201],"grabAngle":0.61925,"grabStrength":0,"id":109,"palmNormal":[0.258683,0.964343,-0.0559125],"palmPosition":[-15.6109,77.1871,17.9003],"palmVelocity":[8.7585,-0.214835,-14.3836],"palmWidth":76.8735,"pinchDistance":45.2947,"pinchStrength":0,"r":[[0.91139,-0.283105,0.298697],[0.40187,0.768661,-0.497655],[-0.0887082,0.573596,0.814321]],"s":0.909561,"sphereCenter":[7.00202,193.358,5.81477],"sphereRadius":119.183,"stabilizedPalmPosition":[-12.2052,82.0964,21.8764],"t":[11.5927,-18.8371,-6.63068],"timeVisible":2.24605,"type":"right","wrist":[-15.9551,77.6226,81.7336]}],"id":72597,"interactionBox":{"center":[0,200,0],"size":[235.247,235.247,147.751]},"pointables":[{"bases":[[[-0.631509,-0.765314,-0.124461],[0.684584,-0.625707,0.373945],[-0.364061,0.150946,0.919062]],[[-0.601383,-0.774713,-0.19534],[0.687818,-0.626408,0.366768],[-0.406503,0.0862094,0.909573]],[[-0.601383,-0.774713,-0.19534],[0.791535,-0.610969,-0.0137703],[-0.108679,-0.1629,0.980639]],[[-0.601383,-0.774713,-0.19534],[0.796612,-0.562682,-0.220904],[0.0612231,-0.288459,0.955533]]],"btipPosition":[24.8622,86.2612,-18.8731],"carpPosition":[5.86131,79.8403,65.0889],"dipPosition":[26.0332,80.7438,-0.596518],"direction":[0.108679,0.1629,-0.980639],"extended":false,"handId":109,"id":1090,"length":42.5932,"mcpPosition":[5.86131,79.8403,65.0889],"pipPosition":[23.0048,76.2046,26.7293],"stabilizedTipPosition":[26.4392,88.9003,-11.1514],"timeVisible":2.24605,"tipPosition":[25.0539,87.9149,-14.2993],"tipVelocity":[9.63267,-27.9033,-20.0951],"tool":false,"touchDistance":0.252101,"touchZone":"hovering","type":0,"width":16.9726},{"bases":[[[-0.872951,0.450701,0.186614],[-0.46722,-0.882474,-0.0542706],[0.140222,-0.134565,0.980933]],[[-0.878125,0.456017,0.144723],[-0.478172,-0.826583,-0.296837],[-0.0157367,-0.329863,0.943898]],[[-0.878125,0.456017,0.144723],[-0.450323,-0.685656,-0.571914],[-0.161572,-0.567384,0.807447]],[[-0.878125,0.456017,0.144723],[-0.410313,-0.56225,-0.717996],[-0.246047,-0.689872,0.680836]]],"btipPosition":[-24.9009,112.609,-59.9655],"carpPosition":[-25.4698,70.0626,55.0909],"dipPosition":[-28.658,102.075,-49.5692],"direction":[0.161572,0.567384,-0.807447],"extended":true,"handId":109,"id":1093,"length":52.6555,"mcpPosition":[-32.8906,77.184,3.1782],"pipPosition":[-32.316,89.2291,-31.2886],"stabilizedTipPosition":[-21.4998,110.545,-57.202],"timeVisible":2.24605,"tipPosition":[-27.8657,108.965,-58.3648],"tipVelocity":[31.4808,-11.254,-15.2012],"tool":false,"touchDistance":0.227578,"touchZone":"hovering","type":3,"width":15.1514},{"bases":[[[-0.761576,0.571671,0.305277],[-0.583071,-0.810029,0.0622932],[0.282894,-0.130557,0.950224]],[[-0.777964,0.578792,0.244482],[-0.620845,-0.767938,-0.157553],[0.0965569,-0.274356,0.956768]],[[-0.777964,0.578792,0.244482],[-0.607777,-0.594575,-0.526391],[-0.159308,-0.558104,0.814335]],[[-0.777964,0.578792,0.244482],[-0.574581,-0.497933,-0.649553],[-0.254221,-0.645804,0.719937]]],"btipPosition":[-43.9111,111.201,-40.1476],"carpPosition":[-33.3898,78.8582,57.2107],"dipPosition":[-47.4923,102.104,-30.0058],"direction":[0.159308,0.558104,-0.814335],"extended":true,"handId":109,"id":1094,"length":41.281,"mcpPosition":[-47.2485,85.254,10.66],"pipPosition":[-50.0389,93.1824,-16.9888],"stabilizedTipPosition":[-40.265,109.813,-37.9351],"timeVisible":2.24605,"tipPosition":[-45.9123,110.294,-37.2892],"tipVelocity":[29.2659,-3.90638,-20.5501],"tool":false,"touchDistance":0.223119,"touchZone":"hovering","type":4,"width":13.4586},{"bases":[[[-0.960781,0.250877,-0.118156],[-0.241,-0.966176,-0.0917737],[-0.137184,-0.0596988,0.988745]],[[-0.966007,0.22969,0.118626],[-0.251228,-0.942285,-0.221324],[0.060944,-0.243603,0.967958]],[[-0.966007,0.22969,0.118626],[-0.258023,-0.884927,-0.387723],[0.0159197,-0.405151,0.914111]],[[-0.966007,0.22969,0.118626],[-0.258321,-0.839937,-0.477259],[-0.00998275,-0.491679,0.870719]]],"btipPosition":[0.663654,92.4537,-68.3203],"carpPosition":[-5.54817,65.3209,57.3383],"dipPosition":[0.524259,85.5881,-56.1619],"direction":[-0.0159197,0.405151,-0.914111],"extended":true,"handId":109,"id":1091,"length":48.0617,"mcpPosition":[2.97859,69.0315,-4.11789],"pipPosition":[0.838733,77.5849,-38.1048],"stabilizedTipPosition":[5.06367,91.095,-63.2915],"timeVisible":2.24605,"tipPosition":[0.809491,90.0807,-65.3556],"tipVelocity":[10.7094,-27.9675,-15.8229],"tool":false,"touchDistance":0.190563,"touchZone":"hovering","type":1,"width":16.2123},{"bases":[[[-0.915225,0.401514,0.0339009],[-0.402915,-0.910929,-0.0886983],[-0.00473229,-0.0948381,0.995481]],[[-0.914235,0.396045,0.0855672],[-0.404887,-0.884885,-0.230313],[-0.0154973,-0.245206,0.969347]],[[-0.914235,0.396045,0.0855672],[-0.395624,-0.826931,-0.399584],[-0.0874953,-0.399166,0.912694]],[[-0.914235,0.396045,0.0855672],[-0.372106,-0.737093,-0.564119],[-0.160346,-0.547578,0.821248]]],"btipPosition":[-10.3285,99.4788,-75.1887],"carpPos