{"frames":60,"data":[{"currentFrameRate":115.07,"devices":[],"gestures":[],"hands":[{"armBasis":[[0.601721,0.771207,0.207778],[0.0941004,0.18988,-0.977288],[-0.793144,0.607606,0.0416836]],"armWidth":50.6296,"confidence":1,"direction":[0.0905224,0.314797,-0.944833],"elbow":[-86.6499,377.947,154.758],"grabAngle":0.216087,"grabStrength":0,"id":70,"palmNormal":[0.0336257,-0.949153,-0.313014],"palmPosition":[98.5827,250.027,89.0318],"palmVelocity":[2.99071,-9.61974,14.6431],"palmWidth":74.6866,"pinchDistance":57.7332,"pinchStrength":0,"r":[[0.799255,0.0408995,0.599599],[-0.0855443,0.995265,0.0461406],[-0.594873,-0.0881704,0.79897]],"s":1.58135,"sphereCenter":[97.2397,285.612,59.2161],"sphereRadius":54.9026,"stabilizedPalmPosition":[98.7319,250.504,88.554],"t":[100.623,118.851,-8.90551],"timeVisible":11.2563,"type":"right","wrist":[89.1283,243.288,145.52]}],"id":47599,"interactionBox":{"center":[0,200,0],"size":[235.247,235.247,147.751]},"pointables":[{"bases":[[[0.388105,0.911758,0.134434],[-0.851398,0.298855,0.431053],[0.352839,-0.281751,0.892256]],[[0.286303,0.953369,-0.0954901],[-0.805834,0.293508,0.51428],[0.518326,-0.0702908,0.85229]],[[0.286303,0.953369,-0.0954901],[-0.838848,0.297569,0.455837],[0.462996,-0.050406,0.884926]],[[0.286303,0.953369,-0.0954901],[-0.855594,0.299247,0.422386],[0.431265,-0.0392297,0.901372]]],"btipPosition":[35.0723,235.114,53.481],"carpPosition":[77.432,230.082,130.245],"dipPosition":[43.3101,234.365,70.6985],"direction":[-0.462996,0.050406,-0.884926],"extended":true,"handId":70,"id":700,"length":42.5361,"mcpPosition":[77.432,230.082,130.245],"pipPosition":[56.1943,232.962,95.3242],"stabilizedTipPosition":[37.0626,235.287,56.7553],"timeVisible":11.2563,"tipPosition":[36.5754,240.416,58.8348],"tipVelocity":[3.52422,8.23199,13.2347],"tool":false,"touchDistance":0.347962,"touchZone":"hovering","type":0,"width":15.8565},{"bases":[[[0.996396,0.056242,-0.0635044],[-0.0448064,0.9846,0.16898],[0.0720302,-0.165526,0.983571]],[[0.992393,0.0632847,-0.105602],[-0.0412677,0.979138,0.198962],[0.11599,-0.19309,0.974301]],[[0.992393,0.0632847,-0.105602],[-0.0711337,0.994844,-0.0722925],[0.100482,0.0792544,0.991777]],[[0.992393,0.0632847,-0.105602],[-0.0887343,0.962272,-0.257214],[0.0853399,0.264627,0.960567]]],"btipPosition":[72.6874,259.616,1.09033],"carpPosition":[84.2766,248.103,127.61],"dipPosition":[73.8775,263.306,14.4853],"direction":[-0.100482,-0.0792544,-0.991777],"extended":true,"handId":70,"id":701,"length":47.9972,"mcpPosition":[79.9269,258.099,68.2141],"pipPosition":[75.8597,264.87,34.0504],"stabilizedTipPosition":[72.9256,260.51,3.80821],"timeVisible":11.2563,"tipPosition":[76.6781,259.644,4.16262],"tipVelocity":[11.2213,6.42092,14.6361],"tool":false,"touchDistance":0.344921,"touchZone":"hovering","type":1,"width":15.1461},{"bases":[[[0.989908,-0.135318,0.0420932],[0.125883,0.976061,0.177365],[-0.0650862,-0.170276,0.983245]],[[0.990561,-0.133446,0.0313253],[0.11904,0.950781,0.286087],[-0.0679606,-0.279657,0.957692]],[[0.990561,-0.133446,0.0313253],[0.131019,0.988922,0.0697692],[-0.0402887,-0.0650064,0.997071]],[[0.990561,-0.133446,0.0313253],[0.136509,0.981091,-0.137206],[-0.0124234,0.140187,0.990047]]],"btipPosition":[101.668,270.233,-5.57401],"carpPosition":[94.1414,250.122,126.735],"dipPosition":[101.477,272.383,9.61089],"direction":[0.0402887,0.0650064,-0.997071],"extended":true,"handId":70,"id":702,"length":54.689,"mcpPosition":[97.8688,259.873,70.4275],"pipPosition":[100.542,270.874,32.752],"stabilizedTipPosition":[101.559,270.478,-2.63381],"timeVisible":11.2563,"tipPosition":[102.995,269.564,-2.06379],"tipVelocity":[13.1655,8.3531,18.1319],"tool":false,"touchDistance":0.345981,"touchZone":"hovering","type":2,"width":14.8755},{"bases":[[[0.957215,-0.232093,0.172836],[0.194147,0.957973,0.211172],[-0.214584,-0.168582,0.962047]],[[0.954525,-0.234133,0.184564],[0.136055,0.892943,0.429117],[-0.265275,-0.384492,0.884192]],[[0.954525,-0.234133,0.184564],[0.166324,0.931982,0.322095],[-0.247423,-0.276751,0.928542]],[[0.954525,-0.234133,0.184564],[0.214743,0.969379,0.119123],[-0.206803,-0.0740725,0.975575]]],"btipPosition":[133.666,279.675,9.04734],"carpPosition":[104.211,249.6,126.626],"dipPosition":[130.512,278.546,23.9243],"direction":[0.247423,0.276751,-0.928542],"extended":true,"handId":70,"id":703,"length":52.5849,"mcpPosition":[115.245,258.268,77.1616],"pipPosition":[124.918,272.289,44.9183],"stabilizedTipPosition":[132.995,279.487,12.046],"timeVisible":11.2563,"tipPosition":[133.008,277.403,12.0048],"tipVelocity":[7.86246,-4.63164,18.1699],"tool":false,"touchDistance":0.34473,"touchZone":"hovering","type":3,"width":14.155},{"bases":[[[0.880621,-0.405118,0.245737],[0.32094,0.89153,0.319643],[-0.348575,-0.202618,0.915118]],[[0.854466,-0.418135,0.308305],[0.198459,0.811168,0.550109],[-0.480107,-0.408864,0.776098]],[[0.854466,-0.418135,0.308305],[0.238903,0.843245,0.481523],[-0.461317,-0.33779,0.820417]],[[0.854466,-0.418135,0.308305],[0.329368,0.89496,0.300937],[-0.401752,-0.155594,0.902433]]],"btipPosition":[157.415,272.23,35.7163],"carpPosition":[113.953,243.206,127.462],"dipPosition":[151.763,270.041,48.412],"direction":[0.461317,0.33779,-0.820417],"extended":true,"handId":70,"id":704,"length":41.2256,"mcpPosition":[130.543,252.849,83.9063],"pipPosition":[144.399,264.649,61.5086],"stabilizedTipPosition":[156.138,271.925,38.2897],"timeVisible":11.2563,"tipPosition":[155.966,269.806,38.0227],"tipVelocity":[6.39829,-11.9546,16.1475],"tool":false,"touchDistance":0.339717,"touchZone":"hovering","type":4,"width":12.5735}],"r":[[0.799255,0.0408995,0.599599],[-0.0855443,0.995265,0.0461406],[-0.594873,-0.0881704,0.79897]],"s":1.58135,"t":[100.623,118.851,-8.90551],"timestamp":17485391607},{"currentFrameRate":115.119,"devices":[],"gestures":[],"hands":[{"armBasis":[[0.602784,0.770063,0.208938],[0.0945503,0.191077,-0.977011],[-0.792283,0.608681,0.0423682]],"armWidth":50.6296,"confidence":1,"direction":[0.0911449,0.315954,-0.944386],"elbow":[-86.4098,377.947,155.032],"grabAngle":0.216222,"grabStrength":0,"id":70,"palmNormal":[0.032327,-0.948773,-0.314302],"palmPosition":[98.652,249.852,89.1649],"palmVelocity":[8.04499,-20.3122,15.4756],"palmWidth":74.6866,"pinchDistance":57.7263,"pinchStrength":0,"r":[[0.799384,0.0409048,0.599426],[-0.0858406,0.99522,0.0465617],[-0.594657,-0.0886758,0.799074]],"s":1.58123,"sphereCenter":[97.602,285.124,59.3422],"sphereRadius":54.7153,"stabilizedPalmPosition":[98.726,250.455,88.5995],"t":[100.66,118.719,-8.77941],"timeVisible":11.2649,"type":"right","wrist":[89.1775,243.05,145.642]}],"id":47600,"interactionBox":{"center":[0,200,0],"size":[235.247,235.247,147.751]},"pointables":[{"bases":[[[0.389382,0.911018,0.135747],[-0.851049,0.299484,0.431305],[0.352273,-0.28347,0.891935]],[[0.287898,0.953066,-0.0936985],[-0.805439,0.293902,0.514674],[0.518057,-0.072705,0.852251]],[[0.287898,0.953066,-0.0936985],[-0.838539,0.298136,0.456034],[0.462566,-0.0527213,0.885016]],[[0.287898,0.953066,-0.0936985],[-0.855197,0.299894,0.422731],[0.430991,-0.0415727,0.901398]]],"btipPosition":[35.1338,235.122,53.5817],"carpPosition":[77.4652,229.881,130.348],"dipPosition":[43.3663,234.327,70.7997],"direction":[-0.462566,0.0527213,-0.885016],"extended":true,"handId":70,"id":700,"length":42.5361,"mcpPosition":[77.4652,229.881,130.348],"pipPosition":[56.2386,232.86,95.4279],"stabilizedTipPosition":[37.0613,235.275,56.783],"timeVisible":11.2649,"tipPosition":[36.6376,240.356,58.9398],"tipVelocity":[7.00195,-0.333316,11.7153],"tool":false,"touchDistance":0.348011,"touchZone":"hovering","type":0,"width":15.8565},{"bases":[[[0.996486,0.0549048,-0.0632473],[-0.0434307,0.984432,0.170314],[0.0716138,-0.166969,0.983358]],[[0.992587,0.0618872,-0.104601],[-0.0399535,0.978965,0.200076],[0.114783,-0.194414,0.974181]],[[0.992587,0.0618872,-0.104601],[-0.0696058,0.994986,-0.0718251],[0.0996312,0.0785734,0.991917]],[[0.992587,0.0618872,-0.104601],[-0.0869965,0.962779,-0.255905],[0.0848702,0.263108,0.961026]]],"btipPosition":[72.8377,259.577,1.22619],"carpPosition":[84.3361,247.896,127.737],"dipPosition":[74.0212,263.246,14.6275],"direction":[-0.0996312,-0.0785734,-0.991917],"extended":true,"handId":70,"id":701,"length":47.9972,"mcpPosition":[80.0115,257.979,68.3549],"pipPosition":[75.9866,264.796,34.1954],"stabilizedTipPosition":[72.9473,260.499,3.86724],"timeVisible":11.2649,"tipPosition":[76.7635,259.619,4.30501],"tipVelocity":[17.2872,-5.06822,15.9607],"tool":false,"touchDistance":0.345822,"touchZone":"hovering","type":1,"width":15.1461},{"bases":[[[0.989706,-0.13679,0.0420879],[0.127245,0.975638,0.178718],[-0.0655093,-0.171523,0.983]],[[0.990314,-0.13506,0.0322126],[0.120202,0.950056,0.288003],[-0.0695015,-0.281341,0.957088]],[[0.990314,-0.13506,0.0322126],[0.132482,0.988571,0.0719385],[-0.0415605,-0.0669741,0.996889]],[[0.990314,-0.13506,0.0322126],[0.138207,0.981115,-0.13532],[-0.013328,0.138461,0.990278]]],"btipPosition":[101.859,270.223,-5.4031],"carpPosition":[94.2039,249.902,126.868],"dipPosition":[101.654,272.347,9.78535],"direction":[0.0415605,0.0669741,-0.996889],"extended":true,"handId":70,"id":702,"length":54.689,"mcpPosition":[97.9554,259.724,70.574],"pipPosition":[100.69,270.792,32.9222],"stabilizedTipPosition":[101.577,270.495,-2.58027],"timeVisible":11.2649,"tipPosition":[103.101,269.513,-1.90315],"tipVelocity":[21.7933,-1.87228,19.9591],"tool":false,"touchDistance":0.347292,"touchZone":"hovering","type":2,"width":14.8755},{"bases":[[[0.956851,-0.233696,0.172693],[0.195477,0.957406,0.212513],[-0.215,-0.169586,0.961777]],[[0.954015,-0.235851,0.185014],[0.137117,0.892201,0.430321],[-0.266561,-0.385164,0.883512]],[[0.954015,-0.235851,0.185014],[0.167641,0.931448,0.322958],[-0.248501,-0.27709,0.928153]],[[0.954015,-0.235851,0.185014],[0.21627,0.968933,0.119986],[-0.207565,-0.0744554,0.975384]]],"btipPosition":[133.832,279.531,9.23124],"carpPosition":[104.273,249.366,126.76],"dipPosition":[130.667,278.396,24.1053],"direction":[0.248501,0.27709,-0.928153],"extended":true,"handId":70,"id":703,"length":52.5849,"mcpPosition":[115.328,258.085,77.309],"pipPosition":[125.048,272.131,45.0905],"stabilizedTipPosition":[133.006,279.465,12.1087],"timeVisible":11.2649,"tipPosition":[133.13,277.29,12.1831],"tipVelocity":[18.9825,-16.9363,21.2957],"tool":false,"touchDistance":0.346339,"touchZone":"hovering","type":3,"width":14.155},{"bases":[[[0.879996,-0.40671,0.245344],[0.322155,0.890634,0.320916],[-0.349032,-0.203366,0.914778]],[[0.853529,-0.419895,0.308507],[0.199612,0.810428,0.550783],[-0.481294,-0.408528,0.775539]],[[0.853529,-0.419895,0.308507],[0.240332,0.842609,0.481924],[-0.462308,-0.337192,0.820105]],[[0.853529,-0.419895,0.308507],[0.330839,0.894163,0.301693],[-0.402535,-0.155438,0.902111]]],"btipPosition":[157.55,271.995,35.8848],"carpPosition":[114.005,242.957,127.588],"dipPosition":[151.887,269.808,48.5759],"direction":[0.462308,0.337192,-0.820105],"extended":true,"handId":70,"id":704,"length":41.2256,"mcpPosition":[130.617,252.636,84.0491],"pipPosition":[144.507,264.426,61.6676],"stabilizedTipPosition":[156.152,271.868,38.3574],"timeVisible":11.2649,"tipPosition":[156.074,269.625,38.1953],"tipVelocity":[15.4243,-27.2412,19.4532],"tool":false,"touchDistance":0.341589,"touchZone":"hovering","type":4,"width":12.5735}],"r":[[0.799384,0.0409048,0.599426],[-0.0858406,0.99522,0.0465617],[-0.594657,-0.0886758,0.799074]],"s":1.58123,"t":[100.66,118.719,-8.77941],"timestamp":17485400211},{"currentFrameRate":115.086,"devices":[],"gestures":[],"hands":[{"armBasis":[[0.604843,0.768099,0.210212],[0.0943738,0.192974,-0.976655],[-0.790733,0.610561,0.0442304]],"armWidth":50.6296,"confidence":1,"direction":[0.0913018,0.317788,-0.943756],"elbow":[-85.9545,378.054,155.615],"grabAngle":0.219819,"grabStrength":0,"id":70,"palmNormal":[0.0297498,-0.948161,-0.316394],"palmPosition":[98.743,249.642,89.3444],"palmVelocity":[10.4079,-23.9735,20.5194],"palmWidth":74.6866,"pinchDistance":57.712,"pinchStrength":0,"r":[[0.799588,0.0402487,0.599199],[-0.0855748,0.995206,0.0473446],[-0.594421,-0.0891325,0.799199]],"s":1.58101,"sphereCenter":[98.5253,282.174,59.0749],"sphereRadius":53.3916,"stabilizedPalmPosition":[98.7272,250.399,88.6513],"t":[100.725,118.548,-8.62663],"timeVisible":11.2736,"type":"right","wrist":[89.2893,242.741,145.813]}],"id":47601,"interactionBox":{"center":[0,200,0],"size":[235.247,235.247,147.751]},"pointables":[{"bases":[[[0.391745,0.909746,0.137473],[-0.850011,0.300662,0.432531],[0.352161,-0.286295,0.891077]],[[0.290133,0.952557,-0.0919741],[-0.804401,0.294808,0.515778],[0.518423,-0.0756599,0.851771]],[[0.290133,0.952557,-0.0919741],[-0.837812,0.299273,0.456626],[0.462487,-0.055425,0.884892]],[[0.290133,0.952557,-0.0919741],[-0.854559,0.30114,0.423135],[0.430757,-0.0441679,0.901386]]],"btipPosition":[35.1942,235.121,53.7551],"carpPosition":[77.534,229.635,130.498],"dipPosition":[43.4223,234.277,70.9728],"direction":[-0.462487,0.055425,-0.884892],"extended":true,"handId":70,"id":700,"length":42.5361,"mcpPosition":[77.534,229.635,130.498],"pipPosition":[56.2924,232.735,95.5976],"stabilizedTipPosition":[37.062,235.266,56.8074],"timeVisible":11.2736,"tipPosition":[36.686,240.353,59.1366],"tipVelocity":[6.79199,-1.3934,19.8188],"tool":false,"touchDistance":0.349143,"touchZone":"hovering","type":0,"width":15.8565},{"bases":[[[0.996578,0.052558,-0.0637986],[-0.0408607,0.984163,0.172492],[0.0718541,-0.169295,0.982943]],[[0.992699,0.0595947,-0.104866],[-0.0375231,0.978858,0.201072],[0.114631,-0.195669,0.973947]],[[0.992699,0.0595947,-0.104866],[-0.0674821,0.995021,-0.0733458],[0.0999727,0.0798869,0.991778]],[[0.992699,0.0595947,-0.104866],[-0.0849433,0.962664,-0.257028],[0.085633,0.264059,0.960697]]],"btipPosition":[72.9231,259.464,1.4515],"carpPosition":[84.448,247.638,127.922],"dipPosition":[74.1172,263.147,14.8483],"direction":[-0.0999727,-0.0798869,-0.991778],"extended":true,"handId":70,"id":701,"length":47.9972,"mcpPosition":[80.1089,257.862,68.5647],"pipPosition":[76.0894,264.723,34.4133],"stabilizedTipPosition":[72.9708,260.482,3.92972],"timeVisible":11.2736,"tipPosition":[76.786,259.656,4.52086],"tipVelocity":[10.0429,-12.5638,25.6441],"tool":false,"touchDistance":0.347937,"touchZone":"hovering","type":1,"width":15.1461},{"bases":[[[0.989389,-0.139349,0.0411225],[0.129798,0.974925,0.180761],[-0.0652801,-0.173505,0.982667]],[[0.989972,-0.137672,0.0316604],[0.122771,0.949342,0.289268],[-0.0698807,-0.282481,0.956724]],[[0.989972,-0.137672,0.0316604],[0.135168,0.988281,0.0709257],[-0.0410539,-0.065935,0.996979]],[[0.989972,-0.137672,0.0316604],[0.140745,0.980452,-0.137493],[-0.0121126,0.14057,0.989997]]],"btipPosition":[101.946,270.044,-5.18508],"carpPosition":[94.3203,249.621,127.05],"dipPosition":[101.761,272.2,9.99905],"direction":[0.0410539,0.065935,-0.996979],"extended":true,"handId":70,"id":702,"length":54.689,"mcpPosition":[98.0587,259.557,70.7755],"pipPosition":[100.808,270.67,33.138],"stabilizedTipPosition":[101.599,270.498,-2.52129],"timeVisible":11.2736,"tipPosition":[103.168,269.502,-1.68365],"tipVelocity":[10.524,-19.6184,24.8173],"tool":false,"touchDistance":0.349152,"touchZone":"hovering","type":2,"width":14.8755},{"bases":[[[0.95638,-0.236457,0.171537],[0.198007,0.95645,0.21447],[-0.21478,-0.17115,0.961549]],[[0.953442,-0.23871,0.184297],[0.139764,0.891282,0.431374],[-0.267234,-0.385532,0.883149]],[[0.953442,-0.23871,0.184297],[0.17097,0.931268,0.321728],[-0.24843,-0.27524,0.928723]],[[0.953442,-0.23871,0.184297],[0.219668,0.968422,0.117917],[-0.206625,-0.0719427,0.975772]]],"btipPosition":[133.944,279.239,9.41192],"carpPosition":[104.388,249.06,126.935],"dipPosition":[130.793,278.142,24.2919],"direction":[0.24843,0.27524,-0.928723],"extended":true,"handId":70,"id":703,"length":52.5849,"mcpPosition":[115.431,257.86,77.4952],"pipPosition":[125.176,271.919,45.29],"stabilizedTipPosition":[133.028,279.415,12.1846],"timeVisible":11.2736,"tipPosition":[133.238,277.182,12.4039],"tipVelocity":[13.2053,-32.3973,20.8166],"tool":false,"touchDistance":0.347769,"touchZone":"hovering","type":3,"width":14.155},{"bases":[[[0.879142,-0.409438,0.243863],[0.32459,0.889125,0.322642],[-0.348927,-0.204493,0.914567]],[[0.852338,-0.422843,0.307771],[0.202163,0.809121,0.551773],[-0.482338,-0.408077,0.775128]],[[0.852338,-0.422843,0.307771],[0.243801,0.841876,0.481463],[-0.462688,-0.335334,0.820653]],[[0.852338,-0.422843,0.307771],[0.33432,0.893064,0.301109],[-0.402182,-0.153753,0.902557]]],"btipPosition":[157.676,271.651,36.0456],"carpPosition":[114.104,242.625,127.742],"dipPosition":[152.018,269.488,48.743],"direction":[0.462688,0.335334,-0.820653],"extended":true,"handId":70,"id":704,"length":41.2256,"mcpPosition":[130.712,252.358,84.2131],"pipPosition":[144.632,264.134,61.8434],"stabilizedTipPosition":[156.182,271.773,38.4386],"timeVisible":11.2736,"tipPosition":[156.181,269.395,38.3833],"tipVelocity":[14.4998,-38.778,18.5585],"tool":false,"touchDistance":0.343198,"touchZone":"hovering","type":4,"width":12.5735}],"r":[[0.799588,0.0402487,0.599199],[-0.0855748,0.995206,0.0473446],[-0.594421,-0.0891325,0.799199]],"s":1.58101,"t":[100.725,118.548,-8.62663],"timestamp":17485408956},{"currentFrameRate":115.134,"devices":[],"gestures":[],"hands":[{"armBasis":[[0.606797,0.766127,0.211769],[0.0965204,0.193432,-0.976354],[-0.788975,0.612889,0.0434268]],"armWidth":50.6296,"confidence":1,"direction":[0.0937685,0.318229,-0.943365],"elbow":[-85.5633,378.187,155.542],"grabAngle":0.221303,"grabStrength":0,"id":70,"palmNormal":[0.0274242,-0.948006,-0.317069],"palmPosition":[98.8559,249.273,89.4703],"palmVelocity":[13.1269,-42.8969,14.6408],"palmWidth":74.6866,"pinchDistance":57.7447,"pinchStrength":0,"r":[[0.799582,0.0391543,0.599279],[-0.0847822,0.995238,0.0480953],[-0.594542,-0.0892643,0.799094]],"s":1.58121,"sphereCenter":[98.6925,281.582,59.1612],"sphereRadius":53.3073,"stabilizedPalmPosition":[98.7365,250.317,88.7105],"t":[100.813,118.278,-8.48727],"timeVisible":11.2822,"type":"right","wrist":[89.2909,242.357,145.918]}],"id":47602,"interactionBox":{"center":[0,200,0],"size":[235.247,235.247,147.751]},"pointables":[{"bases":[[[0.394241,0.908466,0.138796],[-0.849803,0.302874,0.431395],[0.34987,-0.288023,0.891422]],[[0.29272,0.951799,-0.0916129],[-0.804052,0.296865,0.515143],[0.517509,-0.0771309,0.852194]],[[0.29272,0.951799,-0.0916129],[-0.837049,0.301382,0.456638],[0.462238,-0.0569825,0.884923]],[[0.29272,0.951799,-0.0916129],[-0.854021,0.30333,0.422656],[0.430073,-0.0454805,0.901648]]],"btipPosition":[35.2387,234.913,53.8084],"carpPosition":[77.521,229.298,130.574],"dipPosition":[43.4537,234.044,71.0312],"direction":[-0.462238,0.0569825,-0.884923],"extended":true,"handId":70,"id":700,"length":42.5361,"mcpPosition":[77.521,229.298,130.574],"pipPosition":[56.3169,232.458,95.6568],"stabilizedTipPosition":[37.0641,235.248,56.8381],"timeVisible":11.2822,"tipPosition":[36.8222,240.155,59.1465],"tipVelocity":[4.82461,-24.8541,6.33525],"tool":false,"touchDistance":0.34838,"touchZone":"hovering","type":0,"width":15.8565},{"bases":[[[0.996832,0.049626,-0.0621584],[-0.038196,0.98415,0.173177],[0.0697672,-0.170254,0.982927]],[[0.99288,0.0569451,-0.104624],[-0.0350122,0.979045,0.200613],[0.113855,-0.195522,0.974068]],[[0.99288,0.0569451,-0.104624],[-0.0650877,0.994971,-0.0761347],[0.0997621,0.0824024,0.991593]],[[0.99288,0.0569451,-0.104624],[-0.0826186,0.961937,-0.260483],[0.0858082,0.267272,0.959793]]],"btipPosition":[73.123,259.067,1.56587],"carpPosition":[84.493,247.283,128.024],"dipPosition":[74.3196,262.794,14.95],"direction":[-0.0997621,-0.0824024,-0.991593],"extended":true,"handId":70,"id":701,"length":47.9972,"mcpPosition":[80.2799,257.564,68.667],"pipPosition":[76.2876,264.42,34.5115],"stabilizedTipPosition":[73.014,260.425,4.00191],"timeVisible":11.2822,"tipPosition":[77.0222,259.423,4.61963],"tipVelocity":[23.3065,-44.969,12.9574],"tool":false,"touchDistance":0.348149,"touchZone":"hovering","type":1,"width":15.1461},{"bases":[[[0.988901,-0.142338,0.0426046],[0.132421,0.974395,0.181713],[-0.0673783,-0.174055,0.982428]],[[0.989536,-0.140557,0.032594],[0.125165,0.948586,0.29072],[-0.071781,-0.283598,0.956253]],[[0.989536,-0.140557,0.032594],[0.137962,0.987851,0.0715313],[-0.0422523,-0.0662861,0.996906]],[[0.989536,-0.140557,0.032594],[0.143738,0.979977,-0.137783],[-0.012575,0.141026,0.989926]]],"btipPosition":[102.228,269.736,-5.0313],"carpPosition":[94.3725,249.236,127.169],"dipPosition":[102.036,271.899,10.1518],"direction":[0.0422523,0.0662861,-0.996906],"extended":true,"handId":70,"id":702,"length":54.689,"mcpPosition":[98.2311,259.204,70.908],"pipPosition":[101.055,270.361,33.289],"stabilizedTipPosition":[101.642,270.478,-2.44851],"timeVisible":11.2822,"tipPosition":[103.483,269.191,-1.5353],"tipVelocity":[32.5997,-35.597,17.8464],"tool":false,"touchDistance":0.349873,"touchZone":"hovering","type":2,"width":14.8755},{"bases":[[[0.955392,-0.239446,0.172892],[0.20052,0.95569,0.215518],[-0.216836,-0.171236,0.961072]],[[0.952408,-0.241714,0.185726],[0.14133,0.889985,0.433534],[-0.270084,-0.386653,0.88179]],[[0.952408,-0.241714,0.185726],[0.173016,0.93028,0.323486],[-0.250968,-0.275957,0.927827]],[[0.952408,-0.241714,0.185726],[0.222452,0.967694,0.11867],[-0.20841,-0.0717072,0.975409]]],"btipPosition":[134.289,278.882,9.64627],"carpPosition":[104.439,248.645,127.069],"dipPosition":[131.111,277.789,24.5207],"direction":[0.250968,0.275957,-0.927827],"extended":true,"handId":70,"id":703,"length":52.5849,"mcpPosition":[115.588,257.45,77.6543],"pipPosition":[125.437,271.55,45.4986],"stabilizedTipPosition":[133.085,279.331,12.2785],"timeVisible":11.2822,"tipPosition":[133.556,276.776,12.6085],"tipVelocity":[39.3759,-41.3415,27.093],"tool":false,"touchDistance":0.349822,"touchZone":"hovering","type":3,"width":14.155},{"bases":[[[0.877522,-0.41225,0.244962],[0.326727,0.887905,0.323842],[-0.351006,-0.204142,0.913849]],[[0.850459,-0.425672,0.309067],[0.202857,0.807477,0.553922],[-0.485353,-0.408392,0.773077]],[[0.850459,-0.425672,0.309067],[0.245173,0.840565,0.483054],[-0.465413,-0.335043,0.819229]],[[0.850459,-0.425672,0.309067],[0.336521,0.891834,0.302302],[-0.404317,-0.153088,0.901716]]],"btipPosition":[157.966,271.185,36.3187],"carpPosition":[114.135,242.181,127.888],"dipPosition":[152.277,269.031,49.0043],"direction":[0.465413,0.335043,-0.819229],"extended":true,"handId":70,"id":704,"length":41.2256,"mcpPosition":[130.841,251.897,84.3924],"pipPosition":[144.848,263.683,62.082],"stabilizedTipPosition":[156.243,271.633,38.5419],"timeVisible":11.2822,"tipPosition":[156.435,268.9,38.619],"tipVelocity":[32.8698,-53.8808,31.429],"tool":false,"touchDistance":0.346267,"touchZone":"hovering","type":4,"width":12.5735}],"r":[[0.799582,0.0391543,0.599279],[-0.0847822,0.995238,0.0480953],[-0.594542,-0.0892643,0.799094]],"s":1.58121,"t":[100.813,118.278,-8.48727],"timestamp":17485417559},{"currentFrameRate":115.105,"devices":[],"gestures":[],"hands":[{"armBasis":[[0.608642,0.76449,0.212391],[0.0982145,0.193033,-0.976264],[-0.787343,0.615055,0.0424039]],"armWidth":50.6296,"confidence":1,"direction":[0.0957654,0.317843,-0.943295],"elbow":[-85.1591,378.137,155.395],"grabAngle":0.22383,"grabStrength":0,"id":70,"palmNormal":[0.025204,-0.948121,-0.31691],"palmPosition":[98.9847,248.71,89.5603],"palmVelocity":[14.7431,-64.5117,10.3009],"palmWidth":74.6866,"pinchDistance":57.7738,"pinchStrength":0,"r":[[0.799455,0.0378566,0.599532],[-0.0836142,0.99531,0.0486492],[-0.594878,-0.0890222,0.798871]],"s":1.58158,"sphereCenter":[99.1349,279.64,58.9711],"sphereRadius":52.7364,"stabilizedPalmPosition":[98.7563,250.189,88.7783],"t":[100.922,117.861,-8.37259],"timeVisible":11.291,"type":"right","wrist":[89.3335,241.827,145.998]}],"id":47603,"interactionBox":{"center":[0,200,0],"size":[235.247,235.247,147.751]},"pointables":[{"bases":[[[0.396563,0.907401,0.139145],[-0.849484,0.305261,0.430341],[0.348016,-0.288859,0.891877]],[[0.295091,0.95102,-0.0921007],[-0.803566,0.29917,0.514567],[0.516917,-0.0778349,0.852489]],[[0.295091,0.95102,-0.0921007],[-0.836264,0.303697,0.456543],[0.462152,-0.057701,0.884921]],[[0.295091,0.95102,-0.0921007],[-0.85336,0.305685,0.422296],[0.429766,-0.0460207,0.901767]]],"btipPosition":[35.2964,234.472,53.8613],"carpPosition":[77.5462,228.798,130.641],"dipPosition":[43.5055,233.593,71.0863],"direction":[-0.462152,0.057701,-0.884921],"extended":true,"handId":70,"id":700,"length":42.5361,"mcpPosition":[77.5462,228.798,130.641],"pipPosition":[56.3663,231.988,95.7119],"stabilizedTipPosition":[37.0689,235.209,56.8775],"timeVisible":11.291,"tipPosition":[36.9638,239.725,59.1557],"tipVelocity":[6.44312,-50.6701,6.10966],"tool":false,"touchDistance":0.347676,"touchZone":"hovering","type":0,"width":15.8565},{"bases":[[[0.997037,0.0468855,-0.0609757],[-0.0357052,0.984274,0.173],[0.068128,-0.170311,0.983032]],[[0.993011,0.0544287,-0.104723],[-0.0326286,0.979333,0.199605],[0.113423,-0.194793,0.974264]],[[0.993011,0.0544287,-0.104723],[-0.0628143,0.994932,-0.0785147],[0.0999193,0.0845441,0.991397]],[[0.993011,0.0544287,-0.104723],[-0.08049,0.961263,-0.263619],[0.0863183,0.270206,0.958925]]],"btipPosition":[73.3044,258.443,1.6417],"carpPosition":[84.5704,246.764,128.097],"dipPosition":[74.5081,262.211,15.0138],"direction":[-0.0999193,-0.0845441,-0.991397],"extended":true,"handId":70,"id":701,"length":47.9972,"mcpPosition":[80.4564,257.048,68.7337],"pipPosition":[76.4792,263.879,34.5713],"stabilizedTipPosition":[73.0783,260.299,4.08304],"timeVisible":11.291,"tipPosition":[77.2474,258.911,4.6826],"tipVelocity":[20.9445,-70.3811,8.36028],"tool":false,"touchDistance":0.347763,"touchZone":"hovering","type":1,"width":15.1461},{"bases":[[[0.988455,-0.145042,0.0438033],[0.134874,0.974053,0.181741],[-0.0690267,-0.173735,0.98237]],[[0.989154,-0.143126,0.0330161],[0.127571,0.948524,0.289877],[-0.0728053,-0.282521,0.956494]],[[0.989154,-0.143126,0.0330161],[0.140616,0.987674,0.068757],[-0.0424501,-0.0633686,0.997087]],[[0.989154,-0.143126,0.0330161],[0.146387,0.97906,-0.141463],[-0.0120778,0.144762,0.989393]]],"btipPosition":[102.444,269.004,-4.94888],"carpPosition":[94.4563,248.69,127.253],"dipPosition":[102.259,271.225,10.226],"direction":[0.0424501,0.0633686,-0.997087],"extended":true,"handId":70,"id":702,"length":54.689,"mcpPosition":[98.4093,258.639,70.9959],"pipPosition":[101.273,269.754,33.3675],"stabilizedTipPosition":[101.71,270.393,-2.36046],"timeVisible":11.291,"tipPosition":[103.761,268.612,-1.44253],"tipVelocity":[24.8583,-82.2601,9.21806],"tool":false,"touchDistance":0.349427,"touchZone":"hovering","type":2,"width":14.8755},{"bases":[[[0.954525,-0.24204,0.174064],[0.202881,0.955166,0.21563],[-0.218451,-0.17051,0.960836]],[[0.951477,-0.244329,0.187069],[0.143195,0.889642,0.433627],[-0.272372,-0.385799,0.881461]],[[0.951477,-0.244329,0.187069],[0.175546,0.930271,0.322149],[-0.252735,-0.273678,0.928022]],[[0.951477,-0.244329,0.187069],[0.225549,0.967282,0.11616],[-0.20933,-0.0683302,0.975455]]],"btipPosition":[134.592,278.137,9.76206],"carpPosition":[104.521,248.072,127.166],"dipPosition":[131.4,277.095,24.6372],"direction":[0.252735,0.273678,-0.928022],"extended":true,"handId":70,"id":703,"length":52.5849,"mcpPosition":[115.753,256.839,77.7631],"pipPosition":[125.685,270.907,45.6195],"stabilizedTipPosition":[133.178,279.159,12.3875],"timeVisible":11.291,"tipPosition":[133.852,276.115,12.7382],"tipVelocity":[34.267,-83.9471,13.2712],"tool":false,"touchDistance":0.349912,"touchZone":"hovering","type":3,"width":14.155},{"bases":[[[0.876096,-0.41462,0.246063],[0.328773,0.887051,0.324113],[-0.352654,-0.203055,0.913457]],[[0.848697,-0.428053,0.31062],[0.203744,0.806605,0.554866],[-0.48806,-0.407626,0.771776]],[[0.848697,-0.428053,0.31062],[0.246846,0.84002,0.483149],[-0.467741,-0.333372,0.818585]],[[0.848697,-0.428053,0.31062],[0.338836,0.891026,0.302097],[-0.406084,-0.15114,0.90125]]],"btipPosition":[158.248,270.457,36.5009],"carpPosition":[114.198,241.58,127.997],"dipPosition":[152.535,268.33,49.1799],"direction":[0.467741,0.333372,-0.818585],"extended":true,"handId":70,"id":704,"length":41.2256,"mcpPosition":[130.983,251.245,84.5202],"pipPosition":[145.068,263.009,62.2473],"stabilizedTipPosition":[156.339,271.402,38.6633],"timeVisible":11.291,"tipPosition":[156.679,268.176,38.7768],"tipVelocity":[31.6264,-82.6211,20.6809],"tool":false,"touchDistance":0.347684,"touchZone":"hovering","type":4,"width":12.5735}],"r":[[0.799455,0.0378566,0.599532],[-0.0836142,0.99531,0.0486492],[-0.594878,-0.0890222,0.798871]],"s":1.58158,"t":[100.922,117.861,-8.37259],"timestamp":17485426296},{"currentFrameRate":115.111,"devices":[],"gestures":[],"hands":[{"armBasis":[[0.610666,0.762396,0.214101],[0.100106,0.193876,-0.975905],[-0.785535,0.617385,0.0420733]],"armWidth":50.6296,"confidence":1,"direction":[0.0979902,0.318654,-0.942792],"elbow":[-84.7173,377.845,155.38],"grabAngle":0.22514,"grabStrength":0,"id":70,"palmNormal":[0.0227603,-0.947821,-0.317988],"palmPosition":[99.1222,247.938,89.639],"palmVelocity":[15.8487,-88.9759,9.0713],"palmWidth":74.6866,"pinchDistance":57.7996,"pinchStrength":0,"r":[[0.799214,0.0361941,0.599956],[-0.0820906,0.995405,0.0493037],[-0.595415,-0.088655,0.798512]],"s":1.58211,"sphereCenter":[99.4563,278.409,58.9818],"sphereRadius":52.5487,"stabilizedPalmPosition":[98.7881,249.994,88.853],"t":[101.045,117.267,-8.27588],"timeVisible":11.2997,"type":"right","wrist":[89.3746,241.018,146.055]}],"id":47604,"interactionBox":{"center":[0,200,0],"size":[235.247,235.247,147.751]},"pointables":[{"bases":[[[0.39912,0.906033,0.14074],[-0.849132,0.307327,0.429563],[0.345945,-0.290954,0.892002]],[[0.297942,0.950247,-0.0908933],[-0.802941,0.300968,0.514493],[0.516251,-0.0803072,0.852664]],[[0.297942,0.950247,-0.0908933],[-0.835523,0.305646,0.456599],[0.461663,-0.0600966,0.885018]],[[0.297942,0.950247,-0.0908933],[-0.852742,0.307741,0.42205],[0.429024,-0.0482381,0.902004]]],"btipPosition":[35.3738,233.928,53.8736],"carpPosition":[77.5685,228.043,130.668],"dipPosition":[43.5688,233.006,71.1031],"direction":[-0.461663,0.0600966,-0.885018],"extended":true,"handId":70,"id":700,"length":42.5361,"mcpPosition":[77.5685,228.043,130.668],"pipPosition":[56.4159,231.334,95.7314],"stabilizedTipPosition":[37.0779,235.138,56.9229],"timeVisible":11.2997,"tipPosition":[37.1159,239.15,59.1348],"tipVelocity":[8.55114,-63.9078,1.53715],"tool":false,"touchDistance":0.346442,"touchZone":"hovering","type":0,"width":15.8565},{"bases":[[[0.997256,0.0439389,-0.0595882],[-0.0329593,0.984175,0.174107],[0.0662953,-0.171665,0.982922]],[[0.993192,0.0517252,-0.104371],[-0.0299196,0.979221,0.200577],[0.112577,-0.196089,0.974102]],[[0.993192,0.0517252,-0.104371],[-0.0600114,0.995155,-0.0778789],[0.0998372,0.0836122,0.991485]],[[0.993192,0.0517252,-0.104371],[-0.0777361,0.961613,-0.26317],[0.0867521,0.269492,0.959087]]],"btipPosition":[73.5204,257.825,1.70718],"carpPosition":[84.6505,245.99,128.154],"dipPosition":[74.7301,261.583,15.0815],"direction":[-0.0998372,-0.0836122,-0.991485],"extended":true,"handId":70,"id":701,"length":47.9972,"mcpPosition":[80.6471,256.357,68.7975],"pipPosition":[76.6996,263.232,34.6408],"stabilizedTipPosition":[73.1665,260.102,4.16881],"timeVisible":11.2997,"tipPosition":[77.5121,258.306,4.74456],"tipVelocity":[25.0513,-71.4715,7.60502],"tool":false,"touchDistance":0.34731,"touchZone":"hovering","type":1,"width":15.1461},{"bases":[[[0.987953,-0.148084,0.0449539],[0.137577,0.973427,0.183064],[-0.0708682,-0.174674,0.982073]],[[0.988695,-0.146086,0.0337721],[0.130122,0.947885,0.290829],[-0.0744981,-0.283147,0.956179]],[[0.988695,-0.146086,0.0337721],[0.143547,0.987289,0.0682261],[-0.0433097,-0.0626069,0.997098]],[[0.988695,-0.146086,0.0337721],[0.149445,0.978375,-0.142998],[-0.0121518,0.146429,0.989147]]],"btipPosition":[102.724,268.237,-4.84332],"carpPosition":[94.5433,247.888,127.326],"dipPosition":[102.538,270.483,10.3278],"direction":[0.0433097,0.0626069,-0.997098],"extended":true,"handId":70,"id":702,"length":54.689,"mcpPosition":[98.6017,257.891,71.0855],"pipPosition":[101.532,269.03,33.4695],"stabilizedTipPosition":[101.808,270.227,-2.25848],"timeVisible":11.2997,"tipPosition":[104.071,267.937,-1.33406],"tipVelocity":[32.2501,-87.7474,12.0642],"tool":false,"touchDistance":0.349388,"touchZone":"hovering","type":2,"width":14.8755},{"bases":[[[0.953555,-0.245131,0.175055],[0.205481,0.954295,0.217021],[-0.220253,-0.170971,0.960342]],[[0.950382,-0.247497,0.188463],[0.145034,0.888475,0.435406],[-0.275206,-0.386468,0.880286]],[[0.950382,-0.247497,0.188463],[0.178066,0.929568,0.322795],[-0.25508,-0.27322,0.927515]],[[0.950382,-0.247497,0.188463],[0.228728,0.966566,0.115904],[-0.210848,-0.0670463,0.975217]]],"btipPosition":[134.949,277.322,9.93066],"carpPosition":[104.606,247.239,127.251],"dipPosition":[131.734,276.3,24.8021],"direction":[0.25508,0.27322,-0.927515],"extended":true,"handId":70,"id":703,"length":52.5849,"mcpPosition":[115.931,256.029,77.8738],"pipPosition":[125.967,270.123,45.773],"stabilizedTipPosition":[133.313,278.888,12.5135],"timeVisible":11.2997,"tipPosition":[134.175,275.331,12.8968],"tipVelocity":[40.5685,-93.3573,19.3322],"tool":false,"touchDistance":0.350771,"touchZone":"hovering","type":3,"width":14.155},{"bases":[[[0.874507,-0.417557,0.246747],[0.33102,0.885672,0.325592],[-0.35449,-0.203055,0.912746]],[[0.84662,-0.431132,0.312024],[0.204307,0.804663,0.557472],[-0.491419,-0.408219,0.769328]],[[0.84662,-0.431132,0.312024],[0.24823,0.838509,0.485062],[-0.470761,-0.33321,0.816918]],[[0.84662,-0.431132,0.312024],[0.341121,0.889626,0.303649],[-0.408497,-0.150637,0.900243]]],"btipPosition":[158.578,269.601,36.7368],"carpPosition":[114.262,240.717,128.087],"dipPosition":[152.832,267.482,49.4017],"direction":[0.470761,0.33321,-0.816918],"extended":true,"handId":70,"id":704,"length":41.2256,"mcpPosition":[131.135,250.382,84.6447],"pipPosition":[145.317,262.163,62.4425],"stabilizedTipPosition":[156.472,271.07,38.8062],"timeVisible":11.2997,"tipPosition":[156.945,267.299,38.9593],"tipVelocity":[37.2278,-98.414,26.8076],"tool":false,"touchDistance":0.349739,"touchZone":"hovering","type":4,"width":12.5735}],"r":[[0.799214,0.0361941,0.599956],[-0.0820906,0.995405,0.0493037],[-0.595415,-0.088655,0.798512]],"s":1.58211,"t":[101.045,117.267,-8.27588],"timestamp":17485434974},{"currentFrameRate":115.13,"devices":[],"gestures":[],"hands":[{"armBasis":[[0.610769,0.761665,0.216397],[0.102801,0.194703,-0.97546],[-0.785107,0.618027,0.0406186]],"armWidth":50.6296,"confidence":1,"direction":[0.100708,0.319451,-0.942236],"elbow":[-84.6511,376.834,155.02],"grabAngle":0.226422,"grabStrength":0,"id":70,"palmNormal":[0.0227637,-0.947543,-0.318818],"palmPosition":[99.2455,246.829,89.6336],"palmVelocity":[14.2469,-128.09,-0.632923],"palmWidth":74.6866,"pinchDistance":57.7822,"pinchStrength":0,"r":[[0.798713,0.0346133,0.600715],[-0.080725,0.995483,0.0499724],[-0.596272,-0.0884063,0.7979]],"s":1.58289,"sphereCenter":[100.079,275.64,58.6799],"sphereRadius":51.8963,"stabilizedPalmPosition":[98.8326,249.685,88.929],"t":[101.169,116.415,-8.23027],"timeVisible":11.3083,"type":"right","wrist":[89.3458,239.866,146.018]}],"id":47605,"interactionBox":{"center":[0,200,0],"size":[235.247,235.247,147.751]},"pointables":[{"bases":[[[0.399538,0.905554,0.142623],[-0.849976,0.307662,0.427651],[0.343382,-0.292089,0.892621]],[[0.299484,0.950014,-0.0882232],[-0.80321,0.300946,0.514088],[0.514941,-0.0830992,0.853189]],[[0.299484,0.950014,-0.0882232],[-0.835223,0.305744,0.457081],[0.461207,-0.0632022,0.885039]],[[0.299484,0.950014,-0.0882232],[-0.852362,0.307951,0.422665],[0.428706,-0.0513833,0.901982]]],"btipPosition":[35.4462,233.06,53.7718],"carpPosition":[77.5684,226.915,130.588],"dipPosition":[43.6351,232.079,71.0009],"direction":[-0.461207,0.0632022,-0.885039],"extended":true,"handId":70,"id":700,"length":42.5361,"mcpPosition":[77.5684,226.915,130.588],"pipPosition":[56.4695,230.32,95.6298],"stabilizedTipPosition":[37.092,235.009,56.9683],"timeVisible":11.3083,"tipPosition":[37.3111,238.053,58.9442],"tipVelocity":[8.19787,-101.816,-11.7731],"tool":false,"touchDistance":0.343602,"touchZone":"hovering","type":0,"width":15.8565},{"bases":[[[0.997444,0.0431292,-0.0569644],[-0.0325585,0.98404,0.174945],[0.0636005,-0.172643,0.982929]],[[0.993364,0.0511783,-0.102999],[-0.0297214,0.97935,0.199976],[0.111106,-0.195588,0.974372]],[[0.993364,0.0511783,-0.102999],[-0.0593808,0.995167,-0.0782123],[0.0984981,0.0838094,0.991602]],[[0.993364,0.0511783,-0.102999],[-0.0768216,0.961722,-0.263037],[0.0855943,0.269204,0.959272]]],"btipPosition":[73.7991,256.735,1.6475],"carpPosition":[84.6724,244.858,128.109],"dipPosition":[74.9927,260.489,15.0244],"direction":[-0.0984981,-0.0838094,-0.991602],"extended":true,"handId":70,"id":701,"length":47.9972,"mcpPosition":[80.8318,255.284,68.7522],"pipPosition":[76.9358,262.142,34.586],"stabilizedTipPosition":[73.2894,259.763,4.24401],"timeVisible":11.3083,"tipPosition":[77.8356,257.298,4.69341],"tipVelocity":[31.7849,-126.107,-6.82767],"tool":false,"touchDistance":0.345026,"touchZone":"hovering","type":1,"width":15.1461},{"bases":[[[0.987704,-0.148983,0.047373],[0.137944,0.973135,0.184333],[-0.0735629,-0.175532,0.981721]],[[0.988518,-0.146861,0.0355647],[0.130443,0.94817,0.289754],[-0.0762751,-0.281788,0.95644]],[[0.988518,-0.146861,0.0355647],[0.144342,0.987371,0.0652926],[-0.0447045,-0.0594094,0.997232]],[[0.988518,-0.146861,0.0355647],[0.150525,0.977683,-0.146555],[-0.0132477,0.150225,0.988563]]],"btipPosition":[103.023,266.96,-4.84517],"carpPosition":[94.5689,246.748,127.309],"dipPosition":[102.82,269.264,10.317],"direction":[0.0447045,0.0594094,-0.997232],"extended":true,"handId":70,"id":702,"length":54.689,"mcpPosition":[98.7817,256.8,71.0881],"pipPosition":[101.782,267.886,33.4618],"stabilizedTipPosition":[101.946,269.904,-2.1522],"timeVisible":11.3083,"tipPosition":[104.423,266.919,-1.30844],"tipVelocity":[34.1104,-145.965,-0.451964],"tool":false,"touchDistance":0.347724,"touchZone":"hovering","type":2,"width":14.8755},{"bases":[[[0.952885,-0.246122,0.177294],[0.205743,0.953913,0.218448],[-0.222888,-0.171679,0.959608]],[[0.949476,-0.248641,0.191503],[0.14451,0.888025,0.436496],[-0.27859,-0.386768,0.879089]],[[0.949476,-0.248641,0.191503],[0.178078,0.929276,0.323626],[-0.258426,-0.273173,0.926603]],[[0.949476,-0.248641,0.191503],[0.229635,0.966326,0.116108],[-0.213923,-0.0662662,0.9746]]],"btipPosition":[135.356,276.208,10.05],"carpPosition":[104.631,246.09,127.259],"dipPosition":[132.094,275.198,24.9121],"direction":[0.258426,0.273173,-0.926603],"extended":true,"handId":70,"id":703,"length":52.5849,"mcpPosition":[116.091,254.917,77.9195],"pipPosition":[126.251,269.021,45.8623],"stabilizedTipPosition":[133.5,278.466,12.6519],"timeVisible":11.3083,"tipPosition":[134.521,274.271,13.0101],"tipVelocity":[45.7414,-128.421,13.5439],"tool":false,"touchDistance":0.350785,"touchZone":"hovering","type":3,"width":14.155},{"bases":[[[0.873503,-0.418546,0.248619],[0.330942,0.885079,0.32728],[-0.357029,-0.203601,0.911634]],[[0.844634,-0.432488,0.315513],[0.202051,0.80331,0.560239],[-0.495751,-0.409447,0.765888]],[[0.844634,-0.432488,0.315513],[0.24619,0.837141,0.488452],[-0.475378,-0.334887,0.813552]],[[0.844634,-0.432488,0.315513],[0.340408,0.888756,0.306979],[-0.413178,-0.151882,0.897895]]],"btipPosition":[158.981,268.549,37.0026],"carpPosition":[114.28,239.56,128.114],"dipPosition":[153.169,266.413,49.6344],"direction":[0.475378,0.334887,-0.813552],"extended":true,"handId":70,"id":704,"length":41.2256,"mcpPosition":[131.273,249.25,84.7244],"pipPosition":[145.58,261.067,62.6215],"stabilizedTipPosition":[156.652,270.607,38.9756],"timeVisible":11.3083,"tipPosition":[157.221,266.207,39.1302],"tipVelocity":[44.7966,-122.011,29.8347],"tool":false,"touchDistance":0.351971,"touchZone":"hovering","type":4,"width":12.5735}],"r":[[0.798713,0.0346133,0.600715],[-0.080725,0.995483,0.0499724],[-0.596272,-0.0884063,0.7979]],"s":1.58289,"t":[101.169,116.415,-8.23027],"timestamp":17485443628},{"currentFrameRate":115.163,"devices":[],"gestures":[],"hands":[{"armBasis":[[0.612397,0.759449,0.219561],[0.105974,0.