{"frames":63,"data":[{"currentFrameRate":114.906,"devices":[],"gestures":[],"hands":[{"armBasis":[[-0.867141,-0.0509095,0.495454],[-0.204553,-0.870594,-0.447463],[0.45412,-0.48936,0.744514]],"armWidth":52.4029,"confidence":1,"direction":[-0.131814,0.173391,-0.975992],"elbow":[98.6122,-39.3302,213.132],"grabAngle":0.297024,"grabStrength":0,"id":109,"palmNormal":[0.171955,0.973656,0.149752],"palmPosition":[-9.01214,88.3588,-16.6656],"palmVelocity":[-12.9065,-26.1419,3.38183],"palmWidth":76.4534,"pinchDistance":51.6917,"pinchStrength":0,"r":[[0.949489,-0.254725,0.183265],[0.303928,0.891835,-0.33505],[-0.0780966,0.373825,0.924205]],"s":0.970536,"sphereCenter":[9.78599,116.368,-43.4791],"sphereRadius":50.4972,"stabilizedPalmPosition":[-8.35944,90.9886,-17.1363],"t":[18.3648,-7.43705,-41.3413],"timeVisible":5.25514,"type":"right","wrist":[-4.41148,71.6884,44.2281]}],"id":72938,"interactionBox":{"center":[0,200,0],"size":[235.247,235.247,147.751]},"pointables":[{"bases":[[[-0.572362,-0.77744,-0.260748],[0.760218,-0.622281,0.18664],[-0.30736,-0.0913997,0.947194]],[[-0.479533,-0.731301,-0.485022],[0.790084,-0.600324,0.124007],[-0.381857,-0.323742,0.865665]],[[-0.479533,-0.731301,-0.485022],[0.877522,-0.400589,-0.263596],[-0.00152635,-0.55202,0.833829]],[[-0.479533,-0.731301,-0.485022],[0.756775,-0.0648374,-0.650452],[0.444229,-0.678966,0.584522]]],"btipPosition":[22.7736,125.328,-43.0898],"carpPosition":[15.4157,82.6956,28.4642],"dipPosition":[31.4754,112.028,-31.6398],"direction":[0.00152635,0.55202,-0.833829],"extended":false,"handId":109,"id":1090,"length":43.6211,"mcpPosition":[15.4157,82.6956,28.4642],"pipPosition":[31.4319,96.2742,-7.84416],"stabilizedTipPosition":[25.4661,124.647,-40.3398],"timeVisible":5.25514,"tipPosition":[29.9026,120.008,-40.6287],"tipVelocity":[-27.0258,-13.7569,-4.03467],"tool":false,"touchDistance":0.328393,"touchZone":"hovering","type":0,"width":16.4948},{"bases":[[[-0.891768,0.310635,0.329021],[-0.394122,-0.890449,-0.227526],[0.222299,-0.332575,0.916502]],[[-0.918555,0.373456,0.129562],[-0.394469,-0.887149,-0.239499],[0.0254982,-0.271102,0.962213]],[[-0.918555,0.373456,0.129562],[-0.393129,-0.828821,-0.398128],[-0.0412996,-0.416637,0.908134]],[[-0.918555,0.373456,0.129562],[-0.384035,-0.765439,-0.516352],[-0.0936632,-0.524054,0.846519]]],"btipPosition":[-25.6909,117.882,-100.287],"carpPosition":[-15.4595,72.3837,18.2291],"dipPosition":[-27.1556,109.687,-87.0486],"direction":[0.0412996,0.416637,-0.908134],"extended":true,"handId":109,"id":1093,"length":53.9262,"mcpPosition":[-27.1597,89.888,-30.0088],"pipPosition":[-28.1132,100.026,-65.9922],"stabilizedTipPosition":[-24.7001,118.596,-97.8716],"timeVisible":5.25514,"tipPosition":[-28.2857,115.906,-94.8448],"tipVelocity":[-26.5879,-10.1838,14.5036],"tool":false,"touchDistance":0.32859,"touchZone":"hovering","type":3,"width":14.7248},{"bases":[[[-0.782585,0.412884,0.465926],[-0.506828,-0.857155,-0.0917109],[0.361505,-0.307916,0.880058]],[[-0.851312,0.480939,0.209679],[-0.514884,-0.842618,-0.157763],[0.100805,-0.242266,0.964959]],[[-0.851312,0.480939,0.209679],[-0.524111,-0.761283,-0.381779],[-0.0239872,-0.434909,0.900155]],[[-0.851312,0.480939,0.209679],[-0.515888,-0.69455,-0.501457],[-0.0955375,-0.535068,0.83939]]],"btipPosition":[-42.6938,116.647,-75.6148],"carpPosition":[-23.8684,79.6362,22.6673],"dipPosition":[-44.0721,108.928,-63.5048],"direction":[0.0239872,0.434909,-0.900155],"extended":true,"handId":109,"id":1094,"length":42.2772,"mcpPosition":[-41.4814,94.6384,-20.2104],"pipPosition":[-44.4648,101.808,-48.7687],"stabilizedTipPosition":[-41.5617,117.382,-73.6425],"timeVisible":5.25514,"tipPosition":[-43.6295,116.307,-70.7385],"tipVelocity":[-29.8834,-15.7218,17.5763],"tool":false,"touchDistance":0.324638,"touchZone":"hovering","type":4,"width":13.0797},{"bases":[[[-0.984519,0.175098,-0.00795932],[-0.165014,-0.941216,-0.294758],[-0.059103,-0.288881,0.955539]],[[-0.985736,0.147355,0.0813113],[-0.164867,-0.942541,-0.290577],[0.0338213,-0.299838,0.95339]],[[-0.985736,0.147355,0.0813113],[-0.16786,-0.895717,-0.411721],[0.0121628,-0.419497,0.907675]],[[-0.985736,0.147355,0.0813113],[-0.168207,-0.846458,-0.505188],[-0.0056153,-0.511659,0.85917]]],"btipPosition":[7.06117,113.705,-105.7],"carpPosition":[4.7896,69.2614,18.3006],"dipPosition":[6.98087,106.388,-93.413],"direction":[-0.0121628,0.419497,-0.907675],"extended":true,"handId":109,"id":1091,"length":49.2215,"mcpPosition":[8.44312,87.119,-40.7671],"pipPosition":[7.22693,97.9009,-75.0503],"stabilizedTipPosition":[7.89299,114.653,-103.095],"timeVisible":5.25514,"tipPosition":[3.04024,112.859,-100.11],"tipVelocity":[-25.0214,-14.4143,2.99913],"tool":false,"touchDistance":0.306343,"touchZone":"hovering","type":1,"width":15.7558},{"bases":[[[-0.9408,0.292331,0.171577],[-0.33034,-0.904178,-0.27081],[0.07597,-0.311457,0.947219]],[[-0.943138,0.32744,0.0572086],[-0.331361,-0.912559,-0.239657],[-0.026267,-0.244986,0.969171]],[[-0.943138,0.32744,0.0572086],[-0.324891,-0.8717,-0.366858],[-0.0702553,-0.364584,0.928516]],[[-0.943138,0.32744,0.0572086],[-0.316819,-0.833442,-0.452769],[-0.100575,-0.445149,0.88979]]],"btipPosition":[-5.63327,113.671,-113.398],"carpPosition":[-5.49354,69.8503,17.3245],"dipPosition":[-7.21519,106.67,-99.4025],"direction":[0.0702553,0.364584,-0.928516],"extended":true,"handId":109,"id":1092,"length":56.084,"mcpPosition":[-9.94704,88.1084,-38.2032],"pipPosition":[-8.88734,97.992,-77.3028],"stabilizedTipPosition":[-4.92929,114.609,-110.577],"timeVisible":5.25514,"tipPosition":[-9.71377,113.13,-107.7],"tipVelocity":[-26.5833,-7.13067,9.45872],"tool":false,"touchDistance":0.31645,"touchZone":"hovering","type":2,"width":15.4743}],"r":[[0.949489,-0.254725,0.183265],[0.303928,0.891835,-0.33505],[-0.0780966,0.373825,0.924205]],"s":0.970536,"t":[18.3648,-7.43705,-41.3413],"timestamp":17708948279},{"currentFrameRate":114.93,"devices":[],"gestures":[],"hands":[{"armBasis":[[-0.865115,-0.0587725,0.498118],[-0.204101,-0.86592,-0.456645],[0.458168,-0.496717,0.737126]],"armWidth":52.4029,"confidence":1,"direction":[-0.133633,0.172826,-0.975845],"elbow":[99.5697,-41.2776,211.448],"grabAngle":0.300392,"grabStrength":0,"id":109,"palmNormal":[0.170033,0.974074,0.149228],"palmPosition":[-9.12453,88.1418,-16.6282],"palmVelocity":[-12.9763,-25.0582,4.31311],"palmWidth":76.4534,"pinchDistance":51.6583,"pinchStrength":0,"r":[[0.950084,-0.253075,0.182463],[0.302144,0.892122,-0.335896],[-0.077772,0.37426,0.924057]],"s":0.970516,"sphereCenter":[9.88114,117.851,-42.8877],"sphereRadius":51.2538,"stabilizedPalmPosition":[-8.40236,90.8289,-17.1078],"t":[18.261,-7.66284,-41.3063],"timeVisible":5.2638,"type":"right","wrist":[-4.37251,71.4099,44.2203]}],"id":72939,"interactionBox":{"center":[0,200,0],"size":[235.247,235.247,147.751]},"pointables":[{"bases":[[[-0.571033,-0.77877,-0.259688],[0.76186,-0.620555,0.185692],[-0.305762,-0.0918096,0.947671]],[[-0.478665,-0.732508,-0.484057],[0.792036,-0.598165,0.121971],[-0.37889,-0.325008,0.866494]],[[-0.478665,-0.732508,-0.484057],[0.877997,-0.399311,-0.263953],[0.0000582627,-0.551346,0.834277]],[[-0.478665,-0.732508,-0.484057],[0.75668,-0.0645355,-0.650592],[0.445326,-0.677692,0.585165]]],"btipPosition":[22.5489,125.186,-43.1471],"carpPosition":[15.3822,82.545,28.4671],"dipPosition":[31.2722,111.911,-31.6845],"direction":[-0.0000582627,0.551346,-0.834277],"extended":false,"handId":109,"id":1090,"length":43.6211,"mcpPosition":[15.3822,82.545,28.4671],"pipPosition":[31.2739,96.1767,-7.87606],"stabilizedTipPosition":[25.4085,124.488,-40.3506],"timeVisible":5.2638,"tipPosition":[29.673,119.875,-40.6571],"tipVelocity":[-25.368,-15.7035,-6.27861],"tool":false,"touchDistance":0.327487,"touchZone":"hovering","type":0,"width":16.4948},{"bases":[[[-0.891964,0.308765,0.330249],[-0.392497,-0.891378,-0.226698],[0.224381,-0.331828,0.916266]],[[-0.919179,0.371441,0.130924],[-0.392931,-0.887473,-0.240824],[0.0267399,-0.272804,0.961698]],[[-0.919179,0.371441,0.130924],[-0.39179,-0.828519,-0.400072],[-0.04013,-0.419032,0.907084]],[[-0.919179,0.371441,0.130924],[-0.382791,-0.764396,-0.518816],[-0.0926317,-0.527001,0.844801]]],"btipPosition":[-25.9159,117.787,-100.153],"carpPosition":[-15.4853,72.1623,18.2804],"dipPosition":[-27.3645,109.545,-86.9413],"direction":[0.04013,0.419032,-0.907084],"extended":true,"handId":109,"id":1093,"length":53.9262,"mcpPosition":[-27.295,89.6273,-29.9451],"pipPosition":[-28.295,99.8292,-65.9092],"stabilizedTipPosition":[-24.7829,118.452,-97.8311],"timeVisible":5.2638,"tipPosition":[-28.5434,115.628,-94.817],"tipVelocity":[-25.554,-12.2377,14.7788],"tool":false,"touchDistance":0.330724,"touchZone":"hovering","type":3,"width":14.7248},{"bases":[[[-0.782804,0.411293,0.466965],[-0.505076,-0.858293,-0.0907259],[0.363478,-0.306873,0.87961]],[[-0.851776,0.478748,0.212786],[-0.513627,-0.843145,-0.15904],[0.10327,-0.244759,0.964069]],[[-0.851776,0.478748,0.212786],[-0.523452,-0.760777,-0.383687],[-0.0218064,-0.438199,0.898614]],[[-0.851776,0.478748,0.212786],[-0.515415,-0.692913,-0.504202],[-0.0939436,-0.53914,0.83696]]],"btipPosition":[-42.9567,116.544,-75.4446],"carpPosition":[-23.9035,79.3976,22.729],"dipPosition":[-44.312,108.766,-63.3697],"direction":[0.0218064,0.438199,-0.898614],"extended":true,"handId":109,"id":1094,"length":42.2772,"mcpPosition":[-41.6127,94.3489,-20.1269],"pipPosition":[-44.669,101.593,-48.6589],"stabilizedTipPosition":[-41.6544,117.239,-73.5895],"timeVisible":5.2638,"tipPosition":[-43.8746,115.982,-70.6852],"tipVelocity":[-29.7495,-13.46,18.7102],"tool":false,"touchDistance":0.327339,"touchZone":"hovering","type":4,"width":13.0797},{"bases":[[[-0.984912,0.17293,-0.00655664],[-0.163377,-0.94166,-0.294253],[-0.0570593,-0.288743,0.955705]],[[-0.985987,0.14565,0.0813388],[-0.163224,-0.943009,-0.289986],[0.0344667,-0.299199,0.953568]],[[-0.985987,0.14565,0.0813388],[-0.166328,-0.895828,-0.4121],[0.012843,-0.419855,0.907501]],[[-0.985987,0.14565,0.0813388],[-0.166752,-0.846244,-0.506029],[-0.00487078,-0.512501,0.858673]]],"btipPosition":[6.86832,113.515,-105.683],"carpPosition":[4.7707,69.0846,18.3228],"dipPosition":[6.79867,106.186,-93.4039],"direction":[-0.012843,0.419855,-0.907501],"extended":true,"handId":109,"id":1091,"length":49.2215,"mcpPosition":[8.29788,86.9336,-40.7551],"pipPosition":[7.05849,97.6925,-75.0447],"stabilizedTipPosition":[7.82386,114.466,-103.08],"timeVisible":5.2638,"tipPosition":[2.77874,112.64,-100.116],"tipVelocity":[-21.9838,-22.1546,1.68769],"tool":false,"touchDistance":0.306587,"touchZone":"hovering","type":1,"width":15.7558},{"bases":[[[-0.941187,0.290309,0.172883],[-0.328749,-0.904978,-0.270072],[0.0780507,-0.311023,0.947192]],[[-0.943754,0.325519,0.0580226],[-0.329692,-0.913073,-0.240001],[-0.0251458,-0.245631,0.969037]],[[-0.943754,0.325519,0.0580226],[-0.323301,-0.871668,-0.368336],[-0.0693241,-0.366378,0.92788]],[[-0.943754,0.325519,0.0580226],[-0.315212,-0.832738,-0.455179],[-0.0998517,-0.447866,0.888507]]],"btipPosition":[-5.85561,113.557,-113.318],"carpPosition":[-5.51514,69.6506,17.3618],"dipPosition":[-7.42615,106.513,-99.3431],"direction":[0.0693241,0.366378,-0.92788],"extended":true,"handId":109,"id":1092,"length":56.084,"mcpPosition":[-10.0906,87.8833,-38.1643],"pipPosition":[-9.07614,97.7929,-77.2586],"stabilizedTipPosition":[-5.01247,114.436,-110.547],"timeVisible":5.2638,"tipPosition":[-9.97764,112.877,-107.692],"tipVelocity":[-25.369,-14.2636,8.64653],"tool":false,"touchDistance":0.317698,"touchZone":"hovering","type":2,"width":15.4743}],"r":[[0.950084,-0.253075,0.182463],[0.302144,0.892122,-0.335896],[-0.077772,0.37426,0.924057]],"s":0.970516,"t":[18.261,-7.66284,-41.3063],"timestamp":17708956940},{"currentFrameRate":114.947,"devices":[],"gestures":[],"hands":[{"armBasis":[[-0.863093,-0.0677971,0.500474],[-0.202931,-0.860881,-0.466586],[0.462482,-0.504269,0.729263]],"armWidth":52.4029,"confidence":1,"direction":[-0.135416,0.171749,-0.975789],"elbow":[100.594,-43.2356,209.687],"grabAngle":0.30421,"grabStrength":0,"id":109,"palmNormal":[0.167237,0.974692,0.148347],"palmPosition":[-9.23343,87.9391,-16.5626],"palmVelocity":[-12.559,-23.38,7.56633],"palmWidth":76.4534,"pinchDistance":51.6283,"pinchStrength":0,"r":[[0.950759,-0.251147,0.181609],[0.300083,0.892488,-0.336771],[-0.0775051,0.374686,0.923906]],"s":0.970552,"sphereCenter":[9.97543,119.538,-42.2125],"sphereRadius":52.1454,"stabilizedPalmPosition":[-8.44697,90.6738,-17.0786],"t":[18.1546,-7.8771,-41.256],"timeVisible":5.27247,"type":"right","wrist":[-4.32626,71.1651,44.2434]}],"id":72940,"interactionBox":{"center":[0,200,0],"size":[235.247,235.247,147.751]},"pointables":[{"bases":[[[-0.568975,-0.780695,-0.258424],[0.763997,-0.618089,0.185134],[-0.304262,-0.0920988,0.948126]],[[-0.476935,-0.734236,-0.483146],[0.794436,-0.595287,0.120435],[-0.376038,-0.326389,0.867217]],[[-0.476935,-0.734236,-0.483146],[0.878937,-0.397199,-0.264014],[0.00194366,-0.550572,0.834785]],[[-0.476935,-0.734236,-0.483146],[0.756631,-0.0632555,-0.650775],[0.447261,-0.675941,0.585715]]],"btipPosition":[22.3036,125.091,-43.1648],"carpPosition":[15.3483,82.4483,28.5049],"dipPosition":[31.0649,111.85,-31.6915],"direction":[-0.00194366,0.550572,-0.834785],"extended":false,"handId":109,"id":1090,"length":43.6211,"mcpPosition":[15.3483,82.4483,28.5049],"pipPosition":[31.1203,96.1379,-7.86854],"stabilizedTipPosition":[25.3413,124.337,-40.3614],"timeVisible":5.27247,"tipPosition":[29.4245,119.78,-40.6626],"tipVelocity":[-27.2821,-10.0655,-1.76189],"tool":false,"touchDistance":0.327232,"touchZone":"hovering","type":0,"width":16.4948},{"bases":[[[-0.892482,0.306254,0.331187],[-0.390052,-0.892732,-0.225587],[0.226574,-0.330512,0.916202]],[[-0.920137,0.368652,0.132075],[-0.390584,-0.888224,-0.241873],[0.0281454,-0.274142,0.961277]],[[-0.920137,0.368652,0.132075],[-0.389678,-0.828639,-0.40188],[-0.0387113,-0.421252,0.906117]],[[-0.920137,0.368652,0.132075],[-0.380788,-0.76362,-0.521427],[-0.0913697,-0.530077,0.843013]]],"btipPosition":[-26.1516,117.669,-99.9985],"carpPosition":[-15.5003,71.964,18.365],"dipPosition":[-27.5804,109.379,-86.8151],"direction":[0.0387113,0.421252,-0.906117],"extended":true,"handId":109,"id":1093,"length":53.9262,"mcpPosition":[-27.4255,89.3598,-29.8571],"pipPosition":[-28.478,99.6117,-65.8055],"stabilizedTipPosition":[-24.8665,118.319,-97.7885],"timeVisible":5.27247,"tipPosition":[-28.8046,115.319,-94.7755],"tipVelocity":[-26.6536,-14.8796,17.0308],"tool":false,"touchDistance":0.333185,"touchZone":"hovering","type":3,"width":14.7248},{"bases":[[[-0.783461,0.40921,0.467692],[-0.502557,-0.8599,-0.0894927],[0.365547,-0.305156,0.87935]],[[-0.852657,0.475879,0.215672],[-0.511619,-0.844185,-0.159991],[0.105931,-0.24676,0.96327]],[[-0.852657,0.475879,0.215672],[-0.522109,-0.76073,-0.385606],[-0.0194335,-0.441394,0.897103]],[[-0.852657,0.475879,0.215672],[-0.514289,-0.691699,-0.50701],[-0.0920955,-0.543224,0.834522]]],"btipPosition":[-43.2332,116.41,-75.2579],"carpPosition":[-23.935,79.1765,22.8195],"dipPosition":[-44.5619,108.573,-63.2182],"direction":[0.0194335,0.441394,-0.897103],"extended":true,"handId":109,"id":1094,"length":42.2772,"mcpPosition":[-41.745,94.0441,-20.0237],"pipPosition":[-44.88,101.347,-48.5321],"stabilizedTipPosition":[-41.7491,117.107,-73.5342],"timeVisible":5.27247,"tipPosition":[-44.1296,115.621,-70.6207],"tipVelocity":[-31.1811,-17.054,20.6038],"tool":false,"touchDistance":0.330316,"touchZone":"hovering","type":4,"width":13.0797},{"bases":[[[-0.985446,0.169905,-0.00540705],[-0.160866,-0.942357,-0.293403],[-0.0549459,-0.288263,0.955974]],[[-0.986384,0.143206,0.0808608],[-0.160727,-0.943569,-0.289559],[0.0348314,-0.298613,0.953739]],[[-0.986384,0.143206,0.0808608],[-0.163914,-0.896008,-0.412677],[0.0133542,-0.420313,0.907281]],[[-0.986384,0.143206,0.0808608],[-0.164404,-0.846057,-0.507109],[-0.00420789,-0.513498,0.858081]]],"btipPosition":[6.6991,113.352,-105.633],"carpPosition":[4.76506,68.9485,18.3835],"dipPosition":[6.63893,106.009,-93.3615],"direction":[-0.0133542,0.420313,-0.907281],"extended":true,"handId":109,"id":1091,"length":49.2215,"mcpPosition":[8.1616,86.7678,-40.7111],"pipPosition":[6.90909,97.5057,-75.0068],"stabilizedTipPosition":[7.75151,114.288,-103.063],"timeVisible":5.27247,"tipPosition":[2.52484,112.41,-100.107],"tipVelocity":[-19.2637,-19.2169,5.63623],"tool":false,"touchDistance":0.307402,"touchZone":"hovering","type":1,"width":15.7558},{"bases":[[[-0.94185,0.28754,0.173896],[-0.326319,-0.906166,-0.269034],[0.0802207,-0.310135,0.947302]],[[-0.944652,0.322827,0.0584413],[-0.327184,-0.913912,-0.24024],[-0.0241458,-0.246064,0.968953]],[[-0.944652,0.322827,0.0584413],[-0.320869,-0.872004,-0.369665],[-0.0683769,-0.367957,0.927325]],[[-0.944652,0.322827,0.0584413],[-0.312749,-0.832314,-0.457648],[-0.0990996,-0.450596,0.887211]]],"btipPosition":[-6.06609,113.435,-113.214],"carpPosition":[-5.52369,69.4822,17.4353],"dipPosition":[-7.62481,106.348,-99.2595],"direction":[0.0683769,0.367957,-0.927325],"extended":true,"handId":109,"id":1092,"length":56.084,"mcpPosition":[-10.2264,87.6629,-38.0973],"pipPosition":[-9.25225,97.59,-77.1881],"stabilizedTipPosition":[-5.09776,114.277,-110.514],"timeVisible":5.27247,"tipPosition":[-10.2372,112.6,-107.668],"tipVelocity":[-23.9605,-15.2545,11.4603],"tool":false,"touchDistance":0.319354,"touchZone":"hovering","type":2,"width":15.4743}],"r":[[0.950759,-0.251147,0.181609],[0.300083,0.892488,-0.336771],[-0.0775051,0.374686,0.923906]],"s":0.970552,"t":[18.1546,-7.8771,-41.256],"timestamp":17708965611},{"currentFrameRate":114.884,"devices":[],"gestures":[],"hands":[{"armBasis":[[-0.861784,-0.08021,0.500895],[-0.198137,-0.855761,-0.477928],[0.466981,-0.511116,0.721588]],"armWidth":52.4029,"confidence":1,"direction":[-0.136884,0.172482,-0.975455],"elbow":[101.677,-45.2202,207.942],"grabAngle":0.307404,"grabStrength":0,"id":109,"palmNormal":[0.160724,0.975543,0.149944],"palmPosition":[-9.32003,87.6681,-16.495],"palmVelocity":[-9.82856,-30.7554,7.67412],"palmWidth":76.4534,"pinchDistance":51.615,"pinchStrength":0,"r":[[0.951642,-0.248385,0.180781],[0.29721,0.893293,-0.337186],[-0.077738,0.374611,0.923918]],"s":0.970502,"sphereCenter":[9.82972,120.882,-41.5796],"sphereRadius":52.8503,"stabilizedPalmPosition":[-8.49304,90.5152,-17.0478],"t":[18.0581,-8.11973,-41.197],"timeVisible":5.28128,"type":"right","wrist":[-4.26468,70.7341,44.2392]}],"id":72941,"interactionBox":{"center":[0,200,0],"size":[235.247,235.247,147.751]},"pointables":[{"bases":[[[-0.563795,-0.784067,-0.259567],[0.768198,-0.613247,0.183849],[-0.303328,-0.0957454,0.948064]],[[-0.472298,-0.736715,-0.483928],[0.798898,-0.589754,0.118121],[-0.372419,-0.330821,0.867099]],[[-0.472298,-0.736715,-0.483928],[0.881427,-0.39194,-0.263569],[0.00450424,-0.55103,0.834473]],[[-0.472298,-0.736715,-0.483928],[0.757508,-0.0585315,-0.650197],[0.450685,-0.673666,0.585711]]],"btipPosition":[21.9761,125.064,-43.1003],"carpPosition":[15.3126,82.2666,28.5555],"dipPosition":[30.8044,111.867,-31.6271],"direction":[-0.00450423,0.55103,-0.834473],"extended":false,"handId":109,"id":1090,"length":43.6211,"mcpPosition":[15.3126,82.2666,28.5555],"pipPosition":[30.9329,96.1422,-7.81303],"stabilizedTipPosition":[25.2607,124.198,-40.3674],"timeVisible":5.28128,"tipPosition":[29.097,119.817,-40.5529],"tipVelocity":[-35.4254,-1.92824,7.3176],"tool":false,"touchDistance":0.328306,"touchZone":"hovering","type":0,"width":16.4948},{"bases":[[[-0.894414,0.299683,0.331983],[-0.384111,-0.894953,-0.226975],[0.229089,-0.330528,0.915571]],[[-0.922544,0.362161,0.133238],[-0.384745,-0.889845,-0.245249],[0.0297409,-0.277516,0.960261]],[[-0.922544,0.362161,0.133238],[-0.38417,-0.829352,-0.405695],[-0.0364264,-0.425458,0.904245]],[[-0.922544,0.362161,0.133238],[-0.375519,-0.763015,-0.526112],[-0.0888754,-0.535395,0.839913]]],"btipPosition":[-26.4033,117.604,-99.7929],"carpPosition":[-15.468,71.5923,18.4075],"dipPosition":[-27.7931,109.232,-86.658],"direction":[0.0364264,0.425458,-0.904245],"extended":true,"handId":109,"id":1093,"length":53.9262,"mcpPosition":[-27.5255,88.9888,-29.7814],"pipPosition":[-28.6377,99.3669,-65.6918],"stabilizedTipPosition":[-24.9482,118.203,-97.7438],"timeVisible":5.28128,"tipPosition":[-29.0701,115.056,-94.6821],"tipVelocity":[-27.5485,-9.44717,22.072],"tool":false,"touchDistance":0.336117,"touchZone":"hovering","type":3,"width":14.7248},{"bases":[[[-0.786045,0.403139,0.468628],[-0.49679,-0.863109,-0.0907901],[0.367876,-0.304175,0.878718]],[[-0.855458,0.469369,0.218826],[-0.506394,-0.846622,-0.163697],[0.108429,-0.250848,0.961935]],[[-0.855458,0.469369,0.218826],[-0.517626,-0.761934,-0.389256],[-0.0159737,-0.446262,0.89476]],[[-0.855458,0.469369,0.218826],[-0.510213,-0.691466,-0.511427],[-0.0887374,-0.549152,0.830998]]],"btipPosition":[-43.5403,116.212,-75.0411],"carpPosition":[-23.9496,78.7403,22.8768],"dipPosition":[-44.8205,108.29,-63.0522],"direction":[0.0159737,0.446262,-0.89476],"extended":true,"handId":109,"id":1094,"length":42.2772,"mcpPosition":[-41.873,93.5601,-19.9356],"pipPosition":[-45.082,100.984,-48.4045],"stabilizedTipPosition":[-41.8489,116.977,-73.4744],"timeVisible":5.28128,"tipPosition":[-44.4111,115.195,-70.5197],"tipVelocity":[-33.586,-24.6823,23.2791],"tool":false,"touchDistance":0.333695,"touchZone":"hovering","type":4,"width":13.0797},{"bases":[[[-0.986568,0.16328,-0.00481169],[-0.154618,-0.942921,-0.294946],[-0.052696,-0.290241,0.955502]],[[-0.987326,0.13666,0.0806884],[-0.154423,-0.94454,-0.289824],[0.0366061,-0.298611,0.953673]],[[-0.987326,0.13666,0.0806884],[-0.157918,-0.896484,-0.413979],[0.0157615,-0.421474,0.906703]],[[-0.987326,0.13666,0.0806884],[-0.158698,-0.846253,-0.508597],[-0.00122219,-0.514957,0.857215]]],"btipPosition":[6.45696,113.283,-105.546],"carpPosition":[4.81721,68.7131,18.4145],"dipPosition":[6.43948,105.919,-93.2872],"direction":[-0.0157615,0.421474,-0.906703],"extended":true,"handId":109,"id":1091,"length":49.2215,"mcpPosition":[8.07467,86.6546,-40.6508],"pipPosition":[6.75834,97.3925,-74.9442],"stabilizedTipPosition":[7.67306,114.125,-103.042],"timeVisible":5.28128,"tipPosition":[2.26634,112.355,-100.014],"tipVelocity":[-26.368,-8.35766,9.51293],"tool":false,"touchDistance":0.308799,"touchZone":"hovering","type":1,"width":15.7558},{"bases":[[[-0.943706,0.280903,0.174676],[-0.320303,-0.907885,-0.270464],[0.0826119,-0.311188,0.946751]],[[-0.946781,0.316384,0.0592184],[-0.32109,-0.915473,-0.242509],[-0.0225131,-0.248617,0.96834]],[[-0.946781,0.316384,0.0592184],[-0.314932,-0.872526,-0.373519],[-0.0665056,-0.37229,0.925731]],[[-0.946781,0.316384,0.0592184],[-0.30688,-0.831752,-0.462617],[-0.0971093,-0.45617,0.884578]]],"btipPosition":[-6.2995,113.488,-113.043],"carpPosition":[-5.47521,69.1792,17.4705],"dipPosition":[-7.82691,106.313,-99.1293],"direction":[0.0665056,0.37229,-0.925731],"extended":true,"handId":109,"id":1092,"length":56.084,"mcpPosition":[-10.3181,87.4216,-38.0298],"pipPosition":[-9.40981,97.4517,-77.0959],"stabilizedTipPosition":[-5.18098,114.146,-110.478],"timeVisible":5.28128,"tipPosition":[-10.4815,112.47,-107.58],"tipVelocity":[-25.6733,3.67213,18.3906],"tool":false,"touchDistance":0.322055,"touchZone":"hovering","type":2,"width":15.4743}],"r":[[0.951642,-0.248385,0.180781],[0.29721,0.893293,-0.337186],[-0.077738,0.374611,0.923918]],"s":0.970502,"t":[18.0581,-8.11973,-41.197],"timestamp":17708974422},{"currentFrameRate":114.955,"devices":[],"gestures":[],"hands":[{"armBasis":[[-0.859826,-0.0892959,0.502719],[-0.196645,-0.850724,-0.487442],[0.471202,-0.517972,0.713914]],"armWidth":52.4029,"confidence":1,"direction":[-0.138146,0.173714,-0.975058],"elbow":[102.653,-47.1623,206.225],"grabAngle":0.310947,"grabStrength":0,"id":109,"palmNormal":[0.157914,0.975767,0.151467],"palmPosition":[-9.42568,87.4431,-16.3983],"palmVelocity":[-12.3161,-26.2258,11.2737],"palmWidth":76.4534,"pinchDistance":51.6011,"pinchStrength":0,"r":[[0.952517,-0.245664,0.179889],[0.294322,0.89422,-0.33726],[-0.0780073,0.374192,0.924065]],"s":0.970506,"sphereCenter":[9.8102,122.062,-40.9711],"sphereRadius":53.5393,"stabilizedPalmPosition":[-8.53818,90.3665,-17.0163],"t":[17.9571,-8.35352,-41.1192],"timeVisible":5.28986,"type":"right","wrist":[-4.2456,70.3473,44.2631]}],"id":72942,"interactionBox":{"center":[0,200,0],"size":[235.247,235.247,147.751]},"pointables":[{"bases":[[[-0.56164,-0.785315,-0.260461],[0.770173,-0.61125,0.182231],[-0.302315,-0.0982516,0.948131]],[[-0.47053,-0.737359,-0.484668],[0.801241,-0.587117,0.115355],[-0.369615,-0.334058,0.867058]],[[-0.47053,-0.737359,-0.484668],[0.882368,-0.389867,-0.263497],[0.00533557,-0.551639,0.834066]],[[-0.47053,-0.737359,-0.484668],[0.758184,-0.0568625,-0.649557],[0.451397,-0.673104,0.585809]]],"btipPosition":[21.7656,124.979,-43.0201],"carpPosition":[15.2575,82.0397,28.6243],"dipPosition":[30.6079,111.794,-31.5449],"direction":[-0.00533557,0.551639,-0.834066],"extended":false,"handId":109,"id":1090,"length":43.6211,"mcpPosition":[15.2575,82.0397,28.6243],"pipPosition":[30.7602,96.051,-7.7425],"stabilizedTipPosition":[25.1801,124.074,-40.3682],"timeVisible":5.28986,"tipPosition":[28.8587,119.755,-40.4309],"tipVelocity":[-24.1577,-9.59362,9.40569],"tool":false,"touchDistance":0.329651,"touchZone":"hovering","type":0,"width":16.4948},{"bases":[[[-0.895054,0.29644,0.333168],[-0.3816,-0.895717,-0.228193],[0.230778,-0.331382,0.914837]],[[-0.923511,0.35909,0.134839],[-0.382328,-0.890047,-0.248278],[0.0308586,-0.28084,0.959258]],[[-0.923511,0.35909,0.134839],[-0.381941,-0.828515,-0.409492],[-0.0353288,-0.429671,0.902294]],[[-0.923511,0.35909,0.134839],[-0.373316,-0.760705,-0.531003],[-0.0881053,-0.540724,0.836573]]],"btipPosition":[-26.6022,117.653,-99.5451],"carpPosition":[-15.4987,71.2902,18.4817],"dipPosition":[-27.9801,109.197,-86.4625],"direction":[0.0353288,0.429671,-0.902294],"extended":true,"handId":109,"id":1093,"length":53.9262,"mcpPosition":[-27.6452,88.7316,-29.6686],"pipPosition":[-28.7992,99.2341,-65.5415],"stabilizedTipPosition":[-25.017,118.116,-97.7016],"timeVisible":5.28986,"tipPosition":[-29.2867,114.913,-94.55],"tipVelocity":[-22.8723,3.38281,27.4792],"tool":false,"touchDistance":0.339374,"touchZone":"hovering","type":3,"width":14.7248},{"bases":[[[-0.786891,0.39999,0.469904],[-0.494271,-0.86444,-0.0918687],[0.369458,-0.304551,0.877924]],[[-0.856315,0.465954,0.222735],[-0.504401,-0.847183,-0.166914],[0.110923,-0.255278,0.960484]],[[-0.856315,0.465954,0.222735],[-0.516274,-0.760965,-0.39293],[-0.0135939,-0.451464,0.892186]],[[-0.856315,0.465954,0.222735],[-0.509071,-0.688881,-0.516033],[-0.08701,-0.555275,0.827103]]],"btipPosition":[-43.8038,116.2,-74.7684],"carpPosition":[-23.9983,78.4052,22.9695],"dipPosition":[-45.0591,108.189,-62.8357],"direction":[0.0135939,0.451464,-0.892186],"extended":true,"handId":109,"id":1094,"length":42.2772,"mcpPosition":[-41.9988,93.2433,-19.8042],"pipPosition":[-45.2816,100.798,-48.2301],"stabilizedTipPosition":[-41.9373,116.874,-73.4172],"timeVisible":5.28986,"tipPosition":[-44.6324,114.946,-70.3744],"tipVelocity":[-30.0483,-3.78728,30.28],"tool":false,"touchDistance":0.337555,"touchZone":"hovering","type":4,"width":13.0797},{"bases":[[[-0.987056,0.160329,-0.0037868],[-0.152017,-0.942882,-0.296419],[-0.0510952,-0.292007,0.95505]],[[-0.987718,0.133965,0.0804147],[-0.151776,-0.944871,-0.290141],[0.0371127,-0.298783,0.953599]],[[-0.987718,0.133965,0.0804147],[-0.155381,-0.89628,-0.415377],[0.016428,-0.422771,0.906088]],[[-0.987718,0.133965,0.0804147],[-0.156247,-0.845744,-0.5102],[-0.00033876,-0.516498,0.856288]]],"btipPosition":[6.29146,113.206,-105.436],"carpPosition":[4.795,68.4718,18.4685],"dipPosition":[6.28661,105.819,-93.1903],"direction":[-0.016428,0.422771,-0.906088],"extended":true,"handId":109,"id":1091,"length":49.2215,"mcpPosition":[7.9535,86.5225,-40.569],"pipPosition":[6.61896,97.2665,-74.8597],"stabilizedTipPosition":[7.60048,113.987,-103.02],"timeVisible":5.28986,"tipPosition":[2.05013,112.3,-99.9022],"tipVelocity":[-18.9546,-9.64287,12.4888],"tool":false,"touchDistance":0.310584,"touchZone":"hovering","type":1,"width":15.7558},{"bases":[[[-0.94441,0.277778,0.175867],[-0.317787,-0.908384,-0.271752],[0.0842681,-0.312534,0.946162]],[[-0.947668,0.313544,0.0601202],[-0.318524,-0.915836,-0.244512],[-0.021605,-0.250866,0.967781]],[[-0.947668,0.313544,0.0601202],[-0.312391,-0.871857,-0.377197],[-0.0658516,-0.376238,0.92418]],[[-0.947668,0.313544,0.0601202],[-0.304257,-0.829945,-0.467567],[-0.0967067,-0.461391,0.881911]]],"btipPosition":[-6.4794,113.563,-112.844],"carpPosition":[-5.49949,68.9087,17.533],"dipPosition":[-8.00048,106.306,-98.9728],"direction":[0.0658516,0.376238,-0.92418],"extended":true,"handId":109,"id":1092,"length":56.084,"mcpPosition":[-10.4394,87.2299,-37.9327],"pipPosition":[-9.56782,97.3507,-76.9763],"stabilizedTipPosition":[-5.25237,114.049,-110.442],"timeVisible":5.28986,"tipPosition":[-10.6935,112.39,-107.462],"tipVelocity":[-20.8026,6.55695,22.0184],"tool":false,"touchDistance":0.325202,"touchZone":"hovering","type":2,"width":15.4743}],"r":[[0.952517,-0.245664,0.179889],[0.294322,0.89422,-0.33726],[-0.0780073,0.374192,0.924065]],"s":0.970506,"t":[17.9571,-8.35352,-41.1192],"timestamp":17708983000},{"currentFrameRate":114.991,"devices":[],"gestures":[],"hands":[{"armBasis":[[-0.857801,-0.0977658,0.504598],[-0.195947,-0.845396,-0.4969],[0.475165,-0.525116,0.706025]],"armWidth":52.4029,"confidence":1,"direction":[-0.139486,0.174113,-0.974796],"elbow":[103.573,-49.1051,204.46],"grabAngle":0.314935,"grabStrength":0,"id":109,"palmNormal":[0.155823,0.976015,0.152034],"palmPosition":[-9.53106,87.2356,-16.312],"palmVelocity":[-12.2023,-24.0279,9.9957],"palmWidth":76.4534,"pinchDistance":51.6066,"pinchStrength":0,"r":[[0.953357,-0.243074,0.178955],[0.291534,0.89514,-0.337242],[-0.0782146,0.373684,0.924253]],"s":0.970612,"sphereCenter":[9.82263,123.093,-40.4518],"sphereRadius":54.1917,"stabilizedPalmPosition":[-8.58392,90.2222,-16.9839],"t":[17.8539,-8.57417,-41.0371],"timeVisible":5.29849,"type":"right","wrist":[-4.22527,70.0252,44.2878]}],"id":72943,"interactionBox":{"center":[0,200,0],"size":[235.247,235.247,147.751]},"pointables":[{"bases":[[[-0.56009,-0.78641,-0.260498],[0.771748,-0.609616,0.181037],[-0.301173,-0.0996414,0.948349]],[[-0.469198,-0.738007,-0.484974],[0.803196,-0.5849,0.113],[-0.367056,-0.336509,0.867198]],[[-0.469198,-0.738007,-0.484974],[0.883073,-0.388365,-0.263355],[0.00601129,-0.551833,0.833933]],[[-0.469198,-0.738007,-0.484974],[0.75869,-0.0558281,-0.649055],[0.451932,-0.67248,0.586113]]],"btipPosition":[21.579,124.891,-42.9696],"carpPosition":[15.2079,81.8557,28.6828],"dipPosition":[30.4317,111.718,-31.4885],"direction":[-0.00601129,0.551833,-0.833933],"extended":false,"handId":109,"id":1090,"length":43.6211,"mcpPosition":[15.2079,81.8557,28.6828],"pipPosition":[30.6033,95.9698,-7.68985],"stabilizedTipPosition":[25.0973,123.956,-40.3661],"timeVisible":5.29849,"tipPosition":[28.6403,119.66,-40.3576],"tipVelocity":[-21.3349,-9.84918,6.00344],"tool":false,"touchDistance":0.330515,"touchZone":"hovering","type":0,"width":16.4948},{"bases":[[[-0.895409,0.294142,0.334249],[-0.379766,-0.896422,-0.228485],[0.232422,-0.331524,0.91437]],[[-0.924192,0.356811,0.136217],[-0.380592,-0.890201,-0.250382],[0.0319216,-0.283244,0.958517]],[[-0.924192,0.356811,0.136217],[-0.380365,-0.827638,-0.412721],[-0.0345249,-0.433245,0.900615]],[[-0.924192,0.356811,0.136217],[-0.371703,-0.758322,-0.535523],[-0.0877842,-0.545558,0.833463]]],"btipPosition":[-26.7867,117.661,-99.3249],"carpPosition":[-15.5334,71.0431,18.5619],"dipPosition":[-28.1596,109.13,-86.2909],"direction":[0.0345249,0.433245,-0.900615],"extended":true,"handId":109,"id":1093,"length":53.9262,"mcpPosition":[-27.7663,88.4921,-29.5637],"pipPosition":[-28.9601,99.0844,-65.4089],"stabilizedTipPosition":[-25.0776,118.046,-97.6617],"timeVisible":5.29849,"tipPosition":[-29.4971,114.731,-94.4504],"tipVelocity":[-21.2319,-0.991363,24.2008],"tool":false,"touchDistance":0.341905,"touchZone":"hovering","type":3,"width":14.7248},{"bases":[[[-0.787352,0.397839,0.470958],[-0.492376,-0.865504,-0.0920291],[0.371003,-0.304348,0.877342]],[[-0.856756,0.463314,0.226515],[-0.503056,-0.847533,-0.16918],[0.113596,-0.258896,0.959202]],[[-0.856756,0.463314,0.226515],[-0.515594,-0.759718,-0.396221],[-0.0114872,-0.456255,0.889775]],[[-0.856756,0.463314,0.226515],[-0.508554,-0.686017,-0.520339],[-0.0856871,-0.560999,0.82337]]],"btipPosition":[-44.0583,116.188,-74.5152],"carpPosition":[-24.0448,78.1353,23.0632],"dipPosition":[-45.2945,108.095,-62.6363],"direction":[0.0114872,0.456255,-0.889775],"extended":true,"handId":109,"id":1094,"length":42.2772,"mcpPosition":[-42.1207,92.9636,-19.6822],"pipPosition":[-45.4826,100.626,-48.0702],"stabilizedTipPosition":[-42.0193,116.787,-73.3615],"timeVisible":5.29849,"tipPosition":[-44.8448,114.692,-70.2581],"tipVelocity":[-28.9663,-3.54805,27.8931],"tool":false,"touchDistance":0.340746,"touchZone":"hovering","type":4,"width":13.0797},{"bases":[[[-0.987424,0.158068,-0.0027164],[-0.150141,-0.94301,-0.296967],[-0.0495027,-0.292825,0.954884]],[[-0.988001,0.132107,0.0800134],[-0.149855,-0.945354,-0.289567],[0.0373872,-0.298083,0.953808]],[[-0.988001,0.132107,0.0800134],[-0.153537,-0.896298,-0.416025],[0.0167559,-0.423318,0.905826]],[[-0.988001,0.132107,0.0800134],[-0.154449,-0.845418,-0.511286],[0.000100315,-0.517509,0.855678]]],"btipPosition":[6.14199,113.056,-105.36],"carpPosition":[4.76676,68.2714,18.5271],"dipPosition":[6.14343,105.655,-93.1236],"direction":[-0.0167559,0.423318,-0.905826],"extended":true,"handId":109,"id":1091,"length":49.2215,"mcpPosition":[7.82682,86.3727,-40.5001],"pipPosition":[6.48241,97.0915,-74.7983],"stabilizedTipPosition":[7.52768,113.856,-102.996],"timeVisible":5.29849,"tipPosition":[1.8377,112.174,-99.8279],"tipVelocity":[-17.1401,-17.6985,8.50208],"tool":false,"touchDistance":0.311808,"touchZone":"hovering","type":1,"width":15.7558},{"bases":[[[-0.944874,0.275482,0.176983],[-0.315966,-0.908911,-0.272115],[0.0858987,-0.313035,0.945849]],[[-0.948311,0.311468,0.0607744],[-0.31666,-0.916217,-0.245504],[-0.0207841,-0.252059,0.967489]],[[-0.948311,0.311468,0.0607744],[-0.310526,-0.871292,-0.38003],[-0.0654148,-0.379259,0.922975]],[[-0.948311,0.311468,0.0607744],[-0.302267,-0.828218,-0.4719],[-0.0966472,-0.465878,0.879555]]],"btipPosition":[-6.64955,113.559,-112.679],"carpPosition":[-5.5296,68.6853,17.6019],"dipPosition":[-8.16969,106.232,-98.8452],"direction":[0.0654148,0.379259,-0.922975],"extended":true,"handId":109,"id":1092,"length":56.084,"mcpPosition":[-10.5651,87.0359,-37.8455],"pipPosition":[-9.72664,97.2049,-76.8773],"stabilizedTipPosition":[-5.31719,113.968,-110.407],"timeVisible":5.29849,"tipPosition":[-10.9051,112.243,-107.377],"tipVelocity":[-19.6774,-2.27307,18.0798],"tool":false,"touchDistance":0.327805,"touchZone":"hovering","type":2,"width":15.4743}],"r":[[0.953357,-0.243074,0.178955],[0.291534,0.89514,-0.337242],[-0.0782146,0.373684,0.924253]],"s":0.970612,"t":[17.8539,-8.57417,-41.0371],"timestamp":17708991636},{"currentFrameRate":115.003,"devices":[],"gestures":[],"hands":[{"armBasis":[[-0.855296,-0.103707,0.507656],[-0.197774,-0.840241,-0.504857],[0.47891,-0.532203,0.698144]],"armWidth":52.4029,"confidence":1,"direction":[-0.141051,0.174705,-0.974465],"elbow":[104.445,-51.0347,202.708],"grabAngle":0.319058,"grabStrength":0,"id":109,"palmNormal":[0.156447,0.975872,0.152312],"palmPosition":[-9.63785,87.0201,-16.2152],"palmVelocity":[-12.3125,-24.8428,11.1615],"palmWidth":76.4534,"pinchDistance":51.5993,"pinchStrength":0,"r":[[0.954065,-0.241092,0.177862],[0.289257,0.895885,-0.337224],[-0.0780416,0.373181,0.92447]],"s":0.970844,"sphereCenter":[9.9927,123.933,-39.9875],"sphereRadius":54.8252,"stabilizedPalmPosition":[-8.62985,90.0827,-16.9504],"t":[17.7488,-8.79224,-40.9477],"timeVisible":5.30717,"type":"right","wrist":[-4.20303,69.7034,44.3238]}],"id":72944,"interactionBox":{"center":[0,200,0],"size":[235.247,235.247,147.751]},"pointables":[{"bases":[[[-0.560823,-0.786054,-0.259994],[0.771818,-0.610007,0.179409],[-0.299624,-0.100052,0.948797]],[[-0.47014,-0.737461,-0.484891],[0.803722,-0.58474,0.110048],[-0.364691,-0.33798,0.867623]],[[-0.47014,-0.737461,-0.484891],[0.88257,-0.388976,-0.264135],[0.00617854,-0.552131,0.833734]],[[-0.47014,-0.737461,-0.484891],[0.758319,-0.0564227,-0.649437],[0.451576,-0.673029,0.585757]]],"btipPosition":[21.4484,124.722,-42.9224],"carpPosition":[15.1743,81.606,28.7352],"dipPosition":[30.2942,111.538,-31.4482],"direction":[-0.00617854,0.552131,-0.833734],"extended":false,"handId":109,"id":1090,"length":43.6211,"mcpPosition":[15.1743,81.606,28.7352],"pipPosition":[30.4705,95.7818,-7.65531],"stabilizedTipPosition":[25.0148,123.841,-40.3619],"timeVisible":5.30717,"tipPosition":[28.4902,119.45,-40.3066],"tipVelocity":[-15.2389,-19.7403,5.25484],"tool":false,"touchDistance":0.331275,"touchZone":"hovering","type":0,"width":16.4948},{"bases":[[[-0.894738,0.294296,0.335909],[-0.380487,-0.896152,-0.228344],[0.233825,-0.332117,0.913797]],[[-0.923824,0.357062,0.138044],[-0.381408,-0.889416,-0.251928],[0.0328243,-0.285388,0.95785]],[[-0.923824,0.357062,0.138044],[-0.381267,-0.825762,-0.415635],[-0.0344163,-0.436605,0.898995]],[[-0.923824,0.357062,0.138044],[-0.372456,-0.755018,-0.539652],[-0.088464,-0.549959,0.830493]]],"btipPosition":[-26.9409,117.687,-99.088],"carpPosition":[-15.5879,70.8107,18.6598],"dipPosition":[-28.3243,109.087,-86.1004],"direction":[0.0344163,0.436605,-0.898995],"extended":true,"handId":109,"id":1093,"length":53.9262,"mcpPosition":[-27.8948,88.2908,-29.4357],"pipPosition":[-29.1223,98.9633,-65.256],"stabilizedTipPosition":[-25.1281,117.992,-97.6256],"timeVisible":5.30717,"tipPosition":[-29.6906,114.582,-94.3293],"tipVelocity":[-18.0483,1.12902,26.0868],"tool":false,"touchDistance":0.344442,"touchZone":"hovering","type":3,"width":14.7248},{"bases":[[[-0.786412,0.397876,0.472494],[-0.492857,-0.865267,-0.091683],[0.372355,-0.304973,0.876552]],[[-0.855781,0.462999,0.230804],[-0.504079,-0.846622,-0.170691],[0.116374,-0.262418,0.957911]],[[-0.855781,0.462999,0.230804],[-0.51724,-0.757082,-0.399112],[-0.0100506,-0.460933,0.887378]],[[-0.855781,0.462999,0.230804],[-0.510242,-0.681754,-0.524274],[-0.0853867,-0.56643,0.819674]]],"btipPosition":[-44.2786,116.246,-74.2299],"carpPosition":[-24.0892,77.9036,23.1792],"dipPosition":[-45.5105,108.074,-62.4044],"direction":[0.0100506,0.460933,-0.887378],"extended":true,"handId":109,"id":1094,"length":42.2772,"mcpPosition":[-42.2309,92.7623,-19.5277],"pipPosition":[-45.675,100.529,-47.8775],"stabilizedTipPosition":[-42.0908,116.719,-73.3095],"timeVisible":5.30717,"tipPosition":[-45.0241,114.517,-70.1091],"tipVelocity":[-25.2817,4.59252,31.4732],"tool":false,"touchDistance":0.344099,"touchZone":"hovering","type":4,"width":13.0797},{"bases":[[[-0.987368,0.158443,-0.000977367],[-0.150995,-0.942789,-0.297236],[-0.0480163,-0.293334,0.954804]],[[-0.987893,0.133081,0.0797318],[-0.150684,-0.945377,-0.289061],[0.0369081,-0.297575,0.953985]],[[-0.987893,0.133081,0.0797318],[-0.154315,-0.895799,-0.41681],[0.0159541,-0.424068,0.90549]],[[-0.987893,0.133081,0.0797318],[-0.155135,-0.844497,-0.512599],[-0.000884094,-0.518763,0.854918]]],"btipPosition":[6.04191,112.862,-105.282],"carpPosition":[4.71103,68.0312,18.5894],"dipPosition":[6.02927,105.444,-93.0558],"direction":[-0.0159541,0.424068,-0.90549],"extended":true,"handId":109,"id":1091,"length":49.2215,"mcpPosition":[7.67921,86.164,-40.4328],"pipPosition":[6.35203,96.8646,-74.7373],"stabilizedTipPosition":[7.45693,113.727,-102.971],"timeVisible":5.30717,"tipPosition":[1.64192,111.993,-99.7617],"tipVelocity":[-11.9113,-22.8226,8.77748],"tool":false,"touchDistance":0.313077,"touchZone":"hovering","type":1,"width":15.7558},{"bases":[[[-0.944472,0.275741,0.178715],[-0.316765,-0.908641,-0.272088],[0.0873621,-0.31359,0.945531]],[[-0.948066,0.312028,0.061717],[-0.317427,-0.915801,-0.246065],[-0.0202585,-0.252876,0.967287]],[[-0.948066,0.312028,0.061717],[-0.311232,-0.870015,-0.382373],[-0.0656163,-0.381723,0.921945]],[[-0.948066,0.312028,0.061717],[-0.302778,-0.825878,-0.475658],[-0.097448,-0.46964