{"frames":78,"data":[{"currentFrameRate":110.609,"devices":[],"gestures":[],"hands":[{"armBasis":[[0.947472,0.0959894,-0.305094],[0.28807,0.158353,0.944426],[0.138967,-0.982706,0.122383]],"armWidth":69.1276,"confidence":1,"direction":[-0.12733,0.641164,-0.756767],"elbow":[71.3725,-168.483,144.236],"grabAngle":3.14159,"grabStrength":1,"id":120,"palmNormal":[-0.270144,-0.75655,-0.595528],"palmPosition":[13.8527,157.026,57.2134],"palmVelocity":[6.19695,13.5617,10.3049],"palmWidth":93.5899,"pinchDistance":15.9396,"pinchStrength":0.658305,"r":[[0.403354,-0.577716,0.709613],[0.682814,-0.326228,-0.653713],[0.609156,0.748211,0.262887]],"s":0.970527,"sphereCenter":[2.28419,134.705,23.895],"sphereRadius":33.9564,"stabilizedPalmPosition":[14.1882,156.2,56.9175],"t":[19.5436,-26.2024,-34.3554],"timeVisible":6.42591,"type":"right","wrist":[32.7792,104.429,110.249]}],"id":78875,"interactionBox":{"center":[0,200,0],"size":[235.247,235.247,147.751]},"pointables":[{"bases":[[[0.600811,0.75004,0.276525],[-0.597562,0.191618,0.77859],[0.530986,-0.633026,0.563322]],[[0.442766,0.888412,0.121173],[-0.860717,0.383261,0.335079],[0.251247,-0.252657,0.934366]],[[0.442766,0.888412,0.121173],[-0.878636,0.45684,-0.138909],[-0.178765,-0.0449624,0.982864]],[[0.442766,0.888412,0.121173],[-0.678176,0.42022,-0.602903],[-0.586545,0.184768,0.788559]]],"btipPosition":[6.86138,126.936,1.51453],"carpPosition":[-0.929174,116.877,103.731],"dipPosition":[-7.46712,131.45,20.778],"direction":[0.178765,0.0449624,-0.982864],"extended":false,"handId":120,"id":1200,"length":54.399,"mcpPosition":[-0.929174,116.877,103.731],"pipPosition":[-13.8292,129.849,55.757],"stabilizedTipPosition":[6.53043,127.743,6.53633],"timeVisible":6.42591,"tipPosition":[4.56357,127.986,6.07046],"tipVelocity":[-5.06548,14.8888,14.23],"tool":false,"touchDistance":0.283732,"touchZone":"hovering","type":0,"width":22.469},{"bases":[[[0.919436,-0.0191287,-0.392774],[0.224765,0.845144,0.484987],[0.322673,-0.534197,0.781355]],[[0.970425,-0.149165,-0.189802],[0.0168057,0.826085,-0.563295],[0.240816,0.543446,0.80416]],[[0.970425,-0.149165,-0.189802],[-0.236181,-0.424029,-0.87431],[0.0499352,0.89328,-0.446718]],[[0.970425,-0.149165,-0.189802],[-0.227828,-0.825853,-0.515812],[-0.0798071,0.543799,-0.835412]]],"btipPosition":[-24.0332,121.901,36.1238],"carpPosition":[11.0198,138.083,105.143],"dipPosition":[-25.4565,131.599,21.2251],"direction":[-0.0499352,-0.89328,0.446718],"extended":false,"handId":120,"id":1201,"length":61.3832,"mcpPosition":[-13.3975,178.506,46.0167],"pipPosition":[-24.1967,154.136,9.95482],"stabilizedTipPosition":[-22.6063,123.67,36.3758],"timeVisible":6.42591,"tipPosition":[-24.2252,124.246,33.1219],"tipVelocity":[-14.6345,6.32885,-1.06808],"tool":false,"touchDistance":0.333333,"touchZone":"none","type":1,"width":21.4623},{"bases":[[[0.902698,-0.234919,-0.360484],[0.384,0.81781,0.428639],[0.194112,-0.525358,0.828444]],[[0.912714,-0.265999,-0.310158],[-0.111032,0.569053,-0.81477],[0.393225,0.778089,0.489849]],[[0.912714,-0.265999,-0.310158],[-0.407904,-0.637449,-0.653661],[-0.0238372,0.72312,-0.690311]],[[0.912714,-0.265999,-0.310158],[-0.294656,-0.954366,-0.0486077],[-0.283075,0.135755,-0.949441]]],"btipPosition":[-4.7161,114.074,55.6155],"carpPosition":[22.7373,139.647,100.598],"dipPosition":[-10.2686,116.737,36.9922],"direction":[0.0238372,-0.72312,0.690311],"extended":false,"handId":120,"id":1202,"length":69.9412,"mcpPosition":[8.80755,177.347,41.1475],"pipPosition":[-10.9762,138.2,16.5025],"stabilizedTipPosition":[-5.17753,114.821,51.3149],"timeVisible":6.42591,"tipPosition":[-6.7436,114.435,49.3454],"tipVelocity":[-8.07861,21.0103,11.6528],"tool":false,"touchDistance":0.333333,"touchZone":"none","type":2,"width":21.0789},{"bases":[[[0.889891,-0.370646,-0.265922],[0.453505,0.781772,0.427979],[0.0492618,-0.501452,0.863782]],[[0.885336,-0.33991,-0.31724],[-0.0701981,0.576766,-0.813888],[0.459622,0.742834,0.486771]],[[0.885336,-0.33991,-0.31724],[-0.460422,-0.545924,-0.699984],[0.0647429,0.765786,-0.639829]],[[0.885336,-0.33991,-0.31724],[-0.386516,-0.917291,-0.0958278],[-0.258428,0.207458,-0.943491]]],"btipPosition":[12.8385,109.37,54.3095],"carpPosition":[34.2797,137.893,95.763],"dipPosition":[7.79859,113.416,35.9093],"direction":[-0.0647429,-0.765786,0.639829],"extended":false,"handId":120,"id":1203,"length":67.2504,"mcpPosition":[31.1058,170.202,40.1097],"pipPosition":[9.67066,135.559,17.4084],"stabilizedTipPosition":[9.88759,111.317,51.0764],"timeVisible":6.42591,"tipPosition":[9.11513,111.243,50.5056],"tipVelocity":[-8.59043,15.0066,12.2585],"tool":false,"touchDistance":0.333333,"touchZone":"none","type":3,"width":20.0579},{"bases":[[[0.802365,-0.550235,-0.231196],[0.588953,0.667212,0.456029],[-0.0966661,-0.502066,0.85941]],[[0.808166,-0.485182,-0.333866],[0.0487646,0.620057,-0.78304],[0.586933,0.616545,0.524768]],[[0.808166,-0.485182,-0.333866],[-0.538293,-0.378481,-0.752989],[0.238975,0.788258,-0.567045]],[[0.808166,-0.485182,-0.333866],[-0.562216,-0.804411,-0.191927],[-0.175446,0.342813,-0.922875]]],"btipPosition":[26.5554,113.891,47.2667],"carpPosition":[44.1747,128.962,89.7112],"dipPosition":[23.3988,120.058,30.6626],"direction":[-0.238975,-0.788258,0.567045],"extended":false,"handId":120,"id":1204,"length":52.723,"mcpPosition":[49.94,158.906,38.4542],"pipPosition":[28.2776,136.151,19.0861],"stabilizedTipPosition":[26.8994,115.395,44.2176],"timeVisible":6.42591,"tipPosition":[26.0703,115.897,43.0581],"tipVelocity":[-7.31309,10.6304,11.4607],"tool":false,"touchDistance":0.333333,"touchZone":"none","type":4,"width":17.817}],"r":[[0.403354,-0.577716,0.709613],[0.682814,-0.326228,-0.653713],[0.609156,0.748211,0.262887]],"s":0.970527,"t":[19.5436,-26.2024,-34.3554],"timestamp":17761353568},{"currentFrameRate":110.86,"devices":[],"gestures":[],"hands":[{"armBasis":[[0.947583,0.0955357,-0.304893],[0.28791,0.158469,0.944455],[0.138545,-0.982731,0.122656]],"armWidth":69.1276,"confidence":1,"direction":[-0.127412,0.641385,-0.756565],"elbow":[71.3089,-168.479,144.331],"grabAngle":3.14159,"grabStrength":1,"id":120,"palmNormal":[-0.269825,-0.756428,-0.595828],"palmPosition":[13.9069,157.048,57.2421],"palmVelocity":[6.32636,2.55089,3.348],"palmWidth":93.5899,"pinchDistance":16.0898,"pinchStrength":0.659108,"r":[[0.403172,-0.578399,0.709159],[0.681999,-0.326803,-0.654276],[0.610188,0.747432,0.26271]],"s":0.970798,"sphereCenter":[2.35823,134.726,23.9035],"sphereRadius":33.9625,"stabilizedPalmPosition":[14.1876,156.202,56.9182],"t":[19.5832,-26.1452,-34.3114],"timeVisible":6.43449,"type":"right","wrist":[32.8328,104.44,110.268]}],"id":78876,"interactionBox":{"center":[0,200,0],"size":[235.247,235.247,147.751]},"pointables":[{"bases":[[[0.600542,0.750128,0.276873],[-0.597736,0.191169,0.778567],[0.531095,-0.633058,0.563183]],[[0.442647,0.888399,0.1217],[-0.860853,0.383033,0.33499],[0.25099,-0.253048,0.934329]],[[0.442647,0.888399,0.1217],[-0.878587,0.456833,-0.139241],[-0.179298,-0.0452896,0.982752]],[[0.442647,0.888399,0.1217],[-0.677545,0.420272,-0.603577],[-0.587364,0.184714,0.787962]]],"btipPosition":[6.97311,126.97,1.5477],"carpPosition":[-0.869628,116.878,103.744],"dipPosition":[-7.3754,131.483,20.7965],"direction":[0.179298,0.0452896,-0.982752],"extended":false,"handId":120,"id":1200,"length":54.399,"mcpPosition":[-0.869628,116.878,103.744],"pipPosition":[-13.7564,129.871,55.7716],"stabilizedTipPosition":[6.50576,127.745,6.53148],"timeVisible":6.43449,"tipPosition":[4.63179,128.022,6.08753],"tipVelocity":[12.4913,3.98269,3.47619],"tool":false,"touchDistance":0.284228,"touchZone":"hovering","type":0,"width":22.469},{"bases":[[[0.9195,-0.0187141,-0.392644],[0.224436,0.845045,0.485311],[0.32272,-0.534367,0.78122]],[[0.970538,-0.149035,-0.189325],[0.0176314,0.827576,-0.561077],[0.240301,0.541209,0.805822]],[[0.970538,-0.149035,-0.189325],[-0.235865,-0.427114,-0.872892],[0.0492283,0.891831,-0.449683]],[[0.970538,-0.149035,-0.189325],[-0.229386,-0.811989,-0.536709],[-0.0737413,0.564325,-0.822253]]],"btipPosition":[-24.0511,121.69,35.9214],"carpPosition":[11.0726,138.087,105.165],"dipPosition":[-25.3662,131.754,21.2574],"direction":[-0.0492283,-0.891831,0.449683],"extended":false,"handId":120,"id":1201,"length":61.3832,"mcpPosition":[-13.3481,178.524,46.0487],"pipPosition":[-24.1242,154.254,9.91236],"stabilizedTipPosition":[-22.6158,123.671,36.3548],"timeVisible":6.43449,"tipPosition":[-24.1603,124.26,33.1251],"tipVelocity":[0.818656,-14.8707,-17.3003],"tool":false,"touchDistance":0.333333,"touchZone":"none","type":1,"width":21.4623},{"bases":[[[0.902823,-0.234521,-0.36043],[0.383688,0.817779,0.428977],[0.194148,-0.525583,0.828293]],[[0.912841,-0.265615,-0.310114],[-0.1109,0.569663,-0.814362],[0.392967,0.777775,0.490555]],[[0.912841,-0.265615,-0.310114],[-0.40761,-0.637415,-0.653877],[-0.023992,0.723291,-0.690126]],[[0.912841,-0.265615,-0.310114],[-0.294381,-0.954428,-0.0490555],[-0.282952,0.136072,-0.949433]]],"btipPosition":[-4.6505,114.104,55.6093],"carpPosition":[22.7904,139.656,100.622],"dipPosition":[-10.2006,116.773,36.9861],"direction":[0.023992,-0.723291,0.690126],"extended":false,"handId":120,"id":1202,"length":69.9412,"mcpPosition":[8.85801,177.373,41.1824],"pipPosition":[-10.9127,138.242,16.5019],"stabilizedTipPosition":[-5.18084,114.82,51.3149],"timeVisible":6.43449,"tipPosition":[-6.6741,114.453,49.3593],"tipVelocity":[7.71459,3.71092,-0.721036],"tool":false,"touchDistance":0.333333,"touchZone":"none","type":2,"width":21.0789},{"bases":[[[0.890044,-0.370284,-0.265917],[0.453203,0.781763,0.428315],[0.0492858,-0.501734,0.863617]],[[0.885487,-0.339532,-0.317225],[-0.0702524,0.577024,-0.8137],[0.459323,0.742806,0.487094]],[[0.885487,-0.339532,-0.317225],[-0.460177,-0.546129,-0.699986],[0.0644219,0.765808,-0.639835]],[[0.885487,-0.339532,-0.317225],[-0.386159,-0.917427,-0.0959652],[-0.258447,0.207475,-0.943482]]],"btipPosition":[12.9149,109.403,54.3303],"carpPosition":[34.3341,137.908,95.7882],"dipPosition":[7.87458,113.449,35.9301],"direction":[-0.0644219,-0.765808,0.639835],"extended":false,"handId":120,"id":1203,"length":67.2504,"mcpPosition":[31.1586,170.235,40.1455],"pipPosition":[9.73736,135.593,17.4291],"stabilizedTipPosition":[9.93373,111.293,51.0523],"timeVisible":6.43449,"tipPosition":[9.1868,111.265,50.5174],"tipVelocity":[8.89382,3.89411,2.4204],"tool":false,"touchDistance":0.333333,"touchZone":"none","type":3,"width":20.0579},{"bases":[[[0.802567,-0.549911,-0.231266],[0.588682,0.667234,0.456346],[-0.0966412,-0.50239,0.859223]],[[0.808363,-0.484839,-0.333887],[0.0485658,0.620167,-0.782965],[0.586678,0.616705,0.524866]],[[0.808363,-0.484839,-0.333887],[-0.538185,-0.37882,-0.752896],[0.23855,0.788306,-0.567157]],[[0.808363,-0.484839,-0.333887],[-0.561791,-0.804821,-0.19145],[-0.175897,0.342336,-0.922966]]],"btipPosition":[26.6381,113.932,47.3017],"carpPosition":[44.2326,128.982,89.7347],"dipPosition":[23.4734,120.091,30.696],"direction":[-0.23855,-0.788306,0.567157],"extended":false,"handId":120,"id":1204,"length":52.723,"mcpPosition":[49.9965,158.946,38.4889],"pipPosition":[28.3435,136.184,19.1172],"stabilizedTipPosition":[26.8949,115.395,44.2143],"timeVisible":6.43449,"tipPosition":[26.1388,115.927,43.0751],"tipVelocity":[9.42058,4.55063,4.04189],"tool":false,"touchDistance":0.333333,"touchZone":"none","type":4,"width":17.817}],"r":[[0.403172,-0.578399,0.709159],[0.681999,-0.326803,-0.654276],[0.610188,0.747432,0.26271]],"s":0.970798,"t":[19.5832,-26.1452,-34.3114],"timestamp":17761362144},{"currentFrameRate":110.991,"devices":[],"gestures":[],"hands":[{"armBasis":[[0.947649,0.095308,-0.30476],[0.287788,0.158593,0.944472],[0.138348,-0.982733,0.122862]],"armWidth":69.1276,"confidence":1,"direction":[-0.127604,0.641354,-0.75656],"elbow":[71.3163,-168.45,144.419],"grabAngle":3.14159,"grabStrength":1,"id":120,"palmNormal":[-0.269497,-0.756517,-0.595863],"palmPosition":[13.9595,157.07,57.2699],"palmVelocity":[5.98751,2.60513,3.16834],"palmWidth":93.5899,"pinchDistance":16.2241,"pinchStrength":0.659927,"r":[[0.40306,-0.578918,0.7088],[0.681381,-0.327207,-0.654717],[0.610952,0.746853,0.262579]],"s":0.971143,"sphereCenter":[2.42872,134.737,23.9194],"sphereRadius":33.9688,"stabilizedPalmPosition":[14.1871,156.204,56.9191],"t":[19.6293,-26.1051,-34.2755],"timeVisible":6.44327,"type":"right","wrist":[32.8949,104.469,110.298]}],"id":78877,"interactionBox":{"center":[0,200,0],"size":[235.247,235.247,147.751]},"pointables":[{"bases":[[[0.600238,0.750349,0.27693],[-0.597862,0.190925,0.77853],[0.531297,-0.632869,0.563206]],[[0.442424,0.888488,0.121863],[-0.861015,0.382821,0.334816],[0.250828,-0.253057,0.93437]],[[0.442424,0.888488,0.121863],[-0.878607,0.456662,-0.139675],[-0.17975,-0.0452741,0.98267]],[[0.442424,0.888488,0.121863],[-0.677112,0.420043,-0.604222],[-0.588031,0.184807,0.787442]]],"btipPosition":[7.07841,126.984,1.58711],"carpPosition":[-0.805003,116.895,103.77],"dipPosition":[-7.2864,131.499,20.8233],"direction":[0.17975,0.0452741,-0.98267],"extended":false,"handId":120,"id":1200,"length":54.399,"mcpPosition":[-0.805003,116.895,103.77],"pipPosition":[-13.6835,129.888,55.7954],"stabilizedTipPosition":[6.48239,127.747,6.52703],"timeVisible":6.44327,"tipPosition":[4.69666,128.043,6.11382],"tipVelocity":[11.5673,1.63567,4.15689],"tool":false,"touchDistance":0.284837,"touchZone":"hovering","type":0,"width":22.469},{"bases":[[[0.919534,-0.0183563,-0.392581],[0.224081,0.84512,0.485345],[0.322869,-0.534262,0.78123]],[[0.970645,-0.148881,-0.188899],[0.0182939,0.828813,-0.559226],[0.23982,0.539355,0.807207]],[[0.970645,-0.148881,-0.188899],[-0.2356,-0.430557,-0.871271],[0.0483836,0.890199,-0.452995]],[[0.970645,-0.148881,-0.188899],[-0.230791,-0.797619,-0.557261],[-0.067704,0.584499,-0.808565]]],"btipPosition":[-24.0707,121.467,35.7252],"carpPosition":[11.1291,138.108,105.192],"dipPosition":[-25.2781,131.891,21.3053],"direction":[-0.0483836,-0.890199,0.452995],"extended":false,"handId":120,"id":1201,"length":61.3832,"mcpPosition":[-13.3029,178.536,46.0751],"pipPosition":[-24.0574,154.35,9.87666],"stabilizedTipPosition":[-22.6243,123.672,36.3356],"timeVisible":6.44327,"tipPosition":[-24.0974,124.263,33.1383],"tipVelocity":[0.588103,-15.9435,-15.9607],"tool":false,"touchDistance":0.333333,"touchZone":"none","type":1,"width":21.4623},{"bases":[[[0.902937,-0.23417,-0.360373],[0.383348,0.817915,0.429021],[0.194291,-0.525528,0.828294]],[[0.912963,-0.265261,-0.310057],[-0.110837,0.570082,-0.814077],[0.392701,0.777588,0.491063]],[[0.912963,-0.265261,-0.310057],[-0.407324,-0.637536,-0.653939],[-0.0242079,0.723315,-0.690094]],[[0.912963,-0.265261,-0.310057],[-0.294095,-0.954501,-0.0493634],[-0.282855,0.136253,-0.949436]]],"btipPosition":[-4.58665,114.131,55.6107],"carpPosition":[22.8466,139.681,100.65],"dipPosition":[-10.1349,116.803,36.9875],"direction":[0.0242079,-0.723315,0.690094],"extended":false,"handId":120,"id":1202,"length":69.9412,"mcpPosition":[8.90396,177.394,41.2103],"pipPosition":[-10.8534,138.273,16.5042],"stabilizedTipPosition":[-5.18403,114.82,51.315],"timeVisible":6.44327,"tipPosition":[-6.60348,114.469,49.3883],"tipVelocity":[7.32183,3.10485,0.159096],"tool":false,"touchDistance":0.333333,"touchZone":"none","type":2,"width":21.0789},{"bases":[[[0.890202,-0.36994,-0.265864],[0.452877,0.781925,0.428364],[0.049417,-0.501734,0.863609]],[[0.885637,-0.339189,-0.317171],[-0.0704156,0.577015,-0.813692],[0.459008,0.74297,0.487142]],[[0.885637,-0.339189,-0.317171],[-0.45995,-0.546621,-0.699751],[0.0639753,0.765609,-0.640117]],[[0.885637,-0.339189,-0.317171],[-0.385772,-0.917597,-0.0958948],[-0.258509,0.207284,-0.943508]]],"btipPosition":[12.9925,109.435,54.366],"carpPosition":[34.3913,137.938,95.817],"dipPosition":[7.95094,113.477,35.9654],"direction":[-0.0639753,-0.765609,0.640117],"extended":false,"handId":120,"id":1203,"length":67.2504,"mcpPosition":[31.2073,170.265,40.1748],"pipPosition":[9.80081,135.615,17.4562],"stabilizedTipPosition":[9.97899,111.271,51.0304],"timeVisible":6.44327,"tipPosition":[9.25961,111.285,50.5435],"tipVelocity":[8.80398,3.5071,4.05578],"tool":false,"touchDistance":0.333333,"touchZone":"none","type":3,"width":20.0579},{"bases":[[[0.802791,-0.549602,-0.231223],[0.588398,0.667448,0.456401],[-0.0965095,-0.502446,0.859205]],[[0.80857,-0.484549,-0.333806],[0.0482065,0.619957,-0.783153],[0.586422,0.617143,0.524637]],[[0.80857,-0.484549,-0.333806],[-0.538148,-0.379587,-0.752536],[0.237932,0.788115,-0.567681]],[[0.80857,-0.484549,-0.333806],[-0.561333,-0.805314,-0.190718],[-0.176407,0.341586,-0.923147]]],"btipPosition":[26.7224,113.97,47.3545],"carpPosition":[44.2936,129.016,89.764],"dipPosition":[23.5485,120.116,30.7455],"direction":[-0.237932,-0.788115,0.567681],"extended":false,"handId":120,"id":1204,"length":52.723,"mcpPosition":[50.0496,158.983,38.5192],"pipPosition":[28.406,136.205,19.156],"stabilizedTipPosition":[26.891,115.395,44.2113],"timeVisible":6.44327,"tipPosition":[26.2076,115.954,43.1037],"tipVelocity":[9.36904,4.00134,5.92323],"tool":false,"touchDistance":0.333333,"touchZone":"none","type":4,"width":17.817}],"r":[[0.40306,-0.578918,0.7088],[0.681381,-0.327207,-0.654717],[0.610952,0.746853,0.262579]],"s":0.971143,"t":[19.6293,-26.1051,-34.2755],"timestamp":17761370923},{"currentFrameRate":111.15,"devices":[],"gestures":[],"hands":[{"armBasis":[[0.947939,0.0953592,-0.303839],[0.286852,0.158676,0.944742],[0.138302,-0.982715,0.123061]],"armWidth":69.1276,"confidence":1,"direction":[-0.127964,0.641707,-0.756199],"elbow":[71.3848,-168.416,144.492],"grabAngle":3.14159,"grabStrength":1,"id":120,"palmNormal":[-0.267924,-0.756486,-0.596612],"palmPosition":[14.0215,157.108,57.3034],"palmVelocity":[7.11243,4.29988,3.84277],"palmWidth":93.5899,"pinchDistance":16.3334,"pinchStrength":0.659967,"r":[[0.403031,-0.579315,0.708491],[0.681084,-0.327236,-0.655012],[0.611303,0.746532,0.262676]],"s":0.971496,"sphereCenter":[2.54995,134.777,23.924],"sphereRadius":33.9729,"stabilizedPalmPosition":[14.1867,156.206,56.92],"t":[19.6833,-26.0663,-34.2408],"timeVisible":6.45198,"type":"right","wrist":[32.9763,104.498,110.317]}],"id":78878,"interactionBox":{"center":[0,200,0],"size":[235.247,235.247,147.751]},"pointables":[{"bases":[[[0.59892,0.751033,0.27793],[-0.598742,0.189488,0.778205],[0.531793,-0.632491,0.563163]],[[0.441177,0.888953,0.122982],[-0.861822,0.381465,0.334287],[0.250252,-0.253469,0.934413]],[[0.441177,0.888953,0.122982],[-0.879027,0.455661,-0.1403],[-0.180758,-0.046208,0.982442]],[[0.441177,0.888953,0.122982],[-0.676928,0.419612,-0.604726],[-0.589178,0.183541,0.786881]]],"btipPosition":[7.25716,127.052,1.60009],"carpPosition":[-0.719718,116.877,103.763],"dipPosition":[-7.13566,131.536,20.8225],"direction":[0.180758,0.046208,-0.982442],"extended":false,"handId":120,"id":1200,"length":54.399,"mcpPosition":[-0.719718,116.877,103.763],"pipPosition":[-13.5686,129.891,55.7866],"stabilizedTipPosition":[6.46019,127.75,6.5226],"timeVisible":6.45198,"tipPosition":[4.83911,128.103,6.11924],"tipVelocity":[19.7675,6.96554,1.12744],"tool":false,"touchDistance":0.285,"touchZone":"hovering","type":0,"width":22.469},{"bases":[[[0.919863,-0.0167227,-0.391884],[0.222464,0.845101,0.486122],[0.323052,-0.534346,0.781097]],[[0.971025,-0.147416,-0.188094],[0.0179242,0.829784,-0.557797],[0.238305,0.538263,0.808383]],[[0.971025,-0.147416,-0.188094],[-0.234419,-0.434539,-0.869611],[0.0464601,0.888507,-0.456505]],[[0.971025,-0.147416,-0.188094],[-0.23074,-0.783213,-0.577353],[-0.0622068,0.604025,-0.794534]]],"btipPosition":[-24.0132,121.216,35.5386],"carpPosition":[11.1821,138.107,105.21],"dipPosition":[-25.1226,131.988,21.3689],"direction":[-0.0464601,-0.888507,0.456505],"extended":false,"handId":120,"id":1201,"length":61.3832,"mcpPosition":[-13.2638,178.542,46.1029],"pipPosition":[-23.9504,154.404,9.85173],"stabilizedTipPosition":[-22.632,123.673,36.3166],"timeVisible":6.45198,"tipPosition":[-23.9726,124.254,33.1075],"tipVelocity":[9.18371,-19.6284,-14.8026],"tool":false,"touchDistance":0.333333,"touchZone":"none","type":1,"width":21.4623},{"bases":[[[0.903558,-0.232583,-0.359844],[0.381813,0.81817,0.429902],[0.194425,-0.525835,0.828068]],[[0.913591,-0.263696,-0.309542],[-0.110929,0.570737,-0.813606],[0.391212,0.77764,0.492168]],[[0.913591,-0.263696,-0.309542],[-0.405879,-0.637734,-0.654643],[-0.024779,0.723712,-0.689657]],[[0.913591,-0.263696,-0.309542],[-0.29266,-0.954893,-0.0503012],[-0.282315,0.136545,-0.949554]]],"btipPosition":[-4.46088,114.152,55.5886],"carpPosition":[22.9007,139.701,100.678],"dipPosition":[-9.99851,116.83,36.9631],"direction":[0.024779,-0.723712,0.689657],"extended":false,"handId":120,"id":1202,"length":69.9412,"mcpPosition":[8.94845,177.436,41.2545],"pipPosition":[-10.734,138.311,16.4928],"stabilizedTipPosition":[-5.1867,114.82,51.3149],"timeVisible":6.45198,"tipPosition":[-6.47198,114.482,49.3773],"tipVelocity":[14.7079,2.60544,-2.59373],"tool":false,"touchDistance":0.333333,"touchZone":"none","type":2,"width":21.0789},{"bases":[[[0.89095,-0.36844,-0.265442],[0.451396,0.782283,0.429272],[0.0494894,-0.50228,0.863288]],[[0.886379,-0.337659,-0.31673],[-0.0706373,0.577494,-0.813333],[0.457539,0.743295,0.488028]],[[0.886379,-0.337659,-0.31673],[-0.458632,-0.547108,-0.700236],[0.0631549,0.765937,-0.639806]],[[0.886379,-0.337659,-0.31673],[-0.384352,-0.918091,-0.0968671],[-0.258079,0.207597,-0.943556]]],"btipPosition":[13.1321,109.479,54.3729],"carpPosition":[34.4517,137.978,95.8526],"dipPosition":[8.09892,113.528,35.9713],"direction":[-0.0631549,-0.765937,0.639806],"extended":false,"handId":120,"id":1203,"length":67.2504,"mcpPosition":[31.2631,170.34,40.231],"pipPosition":[9.92506,135.675,17.4711],"stabilizedTipPosition":[10.0263,111.25,51.0093],"timeVisible":6.45198,"tipPosition":[9.39615,111.32,50.5403],"tipVelocity":[16.2348,5.24572,0.767443],"tool":false,"touchDistance":0.333333,"touchZone":"none","type":3,"width":20.0579},{"bases":[[[0.803777,-0.548255,-0.230997],[0.587063,0.667985,0.457332],[-0.0964324,-0.503203,0.858771]],[[0.809539,-0.483147,-0.333489],[0.0477033,0.620319,-0.782897],[0.585125,0.617877,0.52522]],[[0.809539,-0.483147,-0.333489],[-0.537177,-0.380462,-0.752788],[0.236827,0.788554,-0.567534]],[[0.809539,-0.483147,-0.333489],[-0.559917,-0.806181,-0.191222],[-0.176464,0.341528,-0.923157]]],"btipPosition":[26.8675,114.039,47.3929],"carpPosition":[44.3718,129.075,89.8008],"dipPosition":[23.6926,120.184,30.7837],"direction":[-0.236827,-0.788554,0.567534],"extended":false,"handId":120,"id":1204,"length":52.723,"mcpPosition":[50.1232,159.087,38.582],"pipPosition":[28.5275,136.282,19.1972],"stabilizedTipPosition":[26.8876,115.395,44.2084],"timeVisible":6.45198,"tipPosition":[26.3406,116.018,43.1181],"tipVelocity":[16.6132,7.88146,4.39945],"tool":false,"touchDistance":0.333333,"touchZone":"none","type":4,"width":17.817}],"r":[[0.403031,-0.579315,0.708491],[0.681084,-0.327236,-0.655012],[0.611303,0.746532,0.262676]],"s":0.971496,"t":[19.6833,-26.0663,-34.2408],"timestamp":17761379640},{"currentFrameRate":111.405,"devices":[],"gestures":[],"hands":[{"armBasis":[[0.948446,0.0956064,-0.302176],[0.285185,0.158524,0.945272],[0.138276,-0.982715,0.123086]],"armWidth":69.1276,"confidence":1,"direction":[-0.128548,0.642402,-0.75551],"elbow":[71.507,-168.337,144.528],"grabAngle":3.14159,"grabStrength":1,"id":120,"palmNormal":[-0.265194,-0.756354,-0.597998],"palmPosition":[14.1191,157.209,57.3656],"palmVelocity":[11.4472,11.8231,7.2928],"palmWidth":93.5899,"pinchDistance":16.4142,"pinchStrength":0.658157,"r":[[0.403105,-0.57962,0.708199],[0.681191,-0.326739,-0.655149],[0.611134,0.746513,0.263122]],"s":0.971705,"sphereCenter":[2.73218,134.896,23.9507],"sphereRadius":33.9711,"stabilizedPalmPosition":[14.1865,156.208,56.9211],"t":[19.7592,-25.9965,-34.1924],"timeVisible":6.46051,"type":"right","wrist":[33.1056,104.577,110.346]}],"id":78879,"interactionBox":{"center":[0,200,0],"size":[235.247,235.247,147.751]},"pointables":[{"bases":[[[0.596638,0.752167,0.279764],[-0.600285,0.186925,0.777635],[0.532617,-0.631905,0.563041]],[[0.438978,0.889762,0.124986],[-0.863258,0.379085,0.333288],[0.249167,-0.254202,0.934504]],[[0.438978,0.889762,0.124986],[-0.879781,0.4539,-0.141281],[-0.182438,-0.0479411,0.982048]],[[0.438978,0.889762,0.124986],[-0.676801,0.418943,-0.605333],[-0.590964,0.181137,0.786098]]],"btipPosition":[7.55194,127.211,1.61625],"carpPosition":[-0.584083,116.878,103.751],"dipPosition":[-6.88452,131.636,20.8196],"direction":[0.182438,0.0479411,-0.982048],"extended":false,"handId":120,"id":1200,"length":54.399,"mcpPosition":[-0.584083,116.878,103.751],"pipPosition":[-13.3773,129.93,55.7696],"stabilizedTipPosition":[6.43916,127.755,6.51798],"timeVisible":6.46051,"tipPosition":[5.0778,128.25,6.12959],"tipVelocity":[33.3853,17.0714,1.37819],"tool":false,"touchDistance":0.285196,"touchZone":"hovering","type":0,"width":22.469},{"bases":[[[0.920438,-0.0138712,-0.390641],[0.219661,0.845003,0.487565],[0.32333,-0.534582,0.78082]],[[0.97163,-0.144586,-0.187162],[0.0160689,0.829894,-0.55769],[0.235959,0.538861,0.808673]],[[0.97163,-0.144586,-0.187162],[-0.232534,-0.439622,-0.86756],[0.0431568,0.886469,-0.460772]],[[0.97163,-0.144586,-0.187162],[-0.229236,-0.770439,-0.594874],[-0.0581859,0.620902,-0.781726]]],"btipPosition":[-23.8374,120.986,35.4584],"carpPosition":[11.262,138.136,105.243],"dipPosition":[-24.875,132.059,21.5171],"direction":[-0.0431568,-0.886469,0.460772],"extended":false,"handId":120,"id":1201,"length":61.3832,"mcpPosition":[-13.2049,178.589,46.1565],"pipPosition":[-23.7862,154.424,9.89229],"stabilizedTipPosition":[-22.6395,123.672,36.2955],"timeVisible":6.46051,"tipPosition":[-23.7628,124.282,33.0625],"tipVelocity":[22.5485,-18.7804,-3.24531],"tool":false,"touchDistance":0.333333,"touchZone":"none","type":1,"width":21.4623},{"bases":[[[0.904636,-0.229815,-0.358914],[0.379155,0.818551,0.431528],[0.194618,-0.526459,0.827626]],[[0.914678,-0.260971,-0.308641],[-0.111291,0.571482,-0.813033],[0.38856,0.778012,0.493678]],[[0.914678,-0.260971,-0.308641],[-0.403362,-0.638046,-0.655893],[-0.0257582,0.724425,-0.688872]],[[0.914678,-0.260971,-0.308641],[-0.290132,-0.955582,-0.0518364],[-0.281404,0.13696,-0.949765]]],"btipPosition":[-4.248,114.214,55.5761],"carpPosition":[22.9828,139.766,100.729],"dipPosition":[-9.76775,116.9,36.9464],"direction":[0.0257582,-0.724425,0.688872],"extended":false,"handId":120,"id":1202,"length":69.9412,"mcpPosition":[9.01675,177.545,41.3371],"pipPosition":[-10.5323,138.402,16.4994],"stabilizedTipPosition":[-5.18843,114.82,51.3148],"timeVisible":6.46051,"tipPosition":[-6.25519,114.543,49.3553],"tipVelocity":[25.4419,7.44125,-1.57736],"tool":false,"touchDistance":0.333333,"touchZone":"none","type":2,"width":21.0789},{"bases":[[[0.892242,-0.365831,-0.264713],[0.448829,0.78284,0.430945],[0.0495745,-0.503318,0.862678]],[[0.887663,-0.334992,-0.315966],[-0.0709808,0.578411,-0.812651],[0.45499,0.743788,0.489657]],[[0.887663,-0.334992,-0.315966],[-0.456304,-0.547525,-0.70143],[0.061974,0.76681,-0.638876]],[[0.887663,-0.334992,-0.315966],[-0.381981,-0.918859,-0.0989373],[-0.257185,0.208516,-0.943598]]],"btipPosition":[13.3552,109.58,54.3746],"carpPosition":[34.5447,138.078,95.917],"dipPosition":[8.33949,113.647,35.9722],"direction":[-0.061974,-0.76681,0.638876],"extended":false,"handId":120,"id":1203,"length":67.2504,"mcpPosition":[31.3506,170.507,40.3348],"pipPosition":[10.1315,135.819,17.4989],"stabilizedTipPosition":[10.0776,111.233,50.9888],"timeVisible":6.46051,"tipPosition":[9.61967,111.418,50.5344],"tipVelocity":[26.6315,12.3476,0.176392],"tool":false,"touchDistance":0.333333,"touchZone":"none","type":3,"width":20.0579},{"bases":[[[0.805476,-0.545911,-0.230629],[0.584746,0.668847,0.459038],[-0.0963382,-0.504603,0.857959]],[[0.811214,-0.480673,-0.332995],[0.0470556,0.62128,-0.782174],[0.582853,0.618841,0.526609]],[[0.811214,-0.480673,-0.332995],[-0.535284,-0.381194,-0.753765],[0.235379,0.789712,-0.566527]],[[0.811214,-0.480673,-0.332995],[-0.557669,-0.807241,-0.193306],[-0.17589,0.342514,-0.922901]]],"btipPosition":[27.0887,114.179,47.431],"carpPosition":[44.4956,129.208,89.867],"dipPosition":[23.9241,120.342,30.8264],"direction":[-0.235379,-0.789712,0.566527],"extended":false,"handId":120,"id":1204,"length":52.723,"mcpPosition":[50.2414,159.304,38.6965],"pipPosition":[28.7295,136.464,19.2605],"stabilizedTipPosition":[26.8849,115.396,44.2053],"timeVisible":6.46051,"tipPosition":[26.5612,116.169,43.1425],"tipVelocity":[26.2191,16.929,4.59042],"tool":false,"touchDistance":0.333333,"touchZone":"none","type":4,"width":17.817}],"r":[[0.403105,-0.57962,0.708199],[0.681191,-0.326739,-0.655149],[0.611134,0.746513,0.263122]],"s":0.971705,"t":[19.7592,-25.9965,-34.1924],"timestamp":17761388169},{"currentFrameRate":111.511,"devices":[],"gestures":[],"hands":[{"armBasis":[[0.948831,0.0961393,-0.300792],[0.283734,0.158566,0.945702],[0.138614,-0.982657,0.123174]],"armWidth":69.1276,"confidence":1,"direction":[-0.128653,0.643134,-0.754869],"elbow":[71.6898,-168.268,144.561],"grabAngle":3.14159,"grabStrength":1,"id":120,"palmNormal":[-0.263124,-0.75605,-0.599295],"palmPosition":[14.2023,157.292,57.4041],"palmVelocity":[9.47765,9.5122,4.38038],"palmWidth":93.5899,"pinchDistance":16.4611,"pinchStrength":0.654654,"r":[[0.403177,-0.579905,0.707926],[0.681559,-0.325945,-0.655162],[0.610676,0.746639,0.263826]],"s":0.971658,"sphereCenter":[2.86216,135.011,23.9686],"sphereRadius":33.9637,"stabilizedPalmPosition":[14.1865,156.211,56.9224],"t":[19.8387,-25.9199,-34.1489],"timeVisible":6.4693,"type":"right","wrist":[33.1945,104.63,110.354]}],"id":78880,"interactionBox":{"center":[0,200,0],"size":[235.247,235.247,147.751]},"pointables":[{"bases":[[[0.594991,0.752827,0.281491],[-0.601619,0.184925,0.777083],[0.532954,-0.631707,0.562944]],[[0.437566,0.890183,0.126925],[-0.86439,0.377534,0.33211],[0.24772,-0.255032,0.934662]],[[0.437566,0.890183,0.126925],[-0.880117,0.452914,-0.142349],[-0.184203,-0.0494217,0.981645]],[[0.437566,0.890183,0.126925],[-0.676299,0.418833,-0.605969],[-0.592584,0.179312,0.785297]]],"btipPosition":[7.81982,127.351,1.61047],"carpPosition":[-0.492854,116.878,103.719],"dipPosition":[-6.6562,131.732,20.7942],"direction":[0.184203,0.0494217,-0.981645],"extended":false,"handId":120,"id":1200,"length":54.399,"mcpPosition":[-0.492854,116.878,103.719],"pipPosition":[-13.2118,129.973,55.7299],"stabilizedTipPosition":[6.41892,127.761,6.51284],"timeVisible":6.4693,"tipPosition":[5.27426,128.383,6.11952],"tipVelocity":[29.4667,14.7924,-1.17064],"tool":false,"touchDistance":0.285025,"touchZone":"hovering","type":0,"width":22.469},{"bases":[[[0.920971,-0.0118145,-0.389452],[0.217585,0.84476,0.488914],[0.323218,-0.535015,0.78057]],[[0.972066,-0.14239,-0.186579],[0.0140853,0.828908,-0.559208],[0.234283,0.540959,0.807759]],[[0.972066,-0.14239,-0.186579],[-0.231273,-0.445648,-0.864818],[0.0399931,0.883811,-0.466131]],[[0.972066,-0.14239,-0.186579],[-0.228072,-0.760721,-0.607689],[-0.0554056,0.633268,-0.771947]]],"btipPosition":[-23.6704,120.79,35.4897],"carpPosition":[11.3151,138.155,105.253],"dipPosition":[-24.6585,132.083,21.7229],"direction":[-0.0399931,-0.883811,0.466131],"extended":false,"handId":120,"id":1201,"length":61.3832,"mcpPosition":[-13.1433,178.64,46.1861],"pipPosition":[-23.6495,154.381,9.96285],"stabilizedTipPosition":[-22.6466,123.67,36.2729],"timeVisible":6.4693,"tipPosition":[-23.5963,124.317,32.9995],"tipVelocity":[20.3105,-16.5919,8.13903],"tool":false,"touchDistance":0.333333,"touchZone":"none","type":1,"width":21.4623},{"bases":[[[0.905494,-0.227825,-0.358017],[0.377197,0.81865,0.433053],[0.194431,-0.527169,0.827218]],[[0.915523,-0.259026,-0.30777],[-0.1113,0.572113,-0.812588],[0.386561,0.778198,0.494953]],[[0.915523,-0.259026,-0.30777],[-0.401412,-0.638063,-0.657073],[-0.0261773,0.725108,-0.688138]],[[0.915523,-0.259026,-0.30777],[-0.288414,-0.956019,-0.0533389],[-0.280418,0.137598,-0.949965]]],"btipPosition":[-4.0847,114.266,55.5515],"carpPosition":[23.039,139.81,100.757],"dipPosition":[-9.58511,116.965,36.9178],"direction":[0.0261773,-0.725108,0.688138],"extended":false,"handId":120,"id":1202,"length":69.9412,"mcpPosition":[9.08635,177.64,41.3945],"pipPosition":[-10.3621,138.488,16.4926],"stabilizedTipPosition":[-5.18935,114.82,51.3145],"timeVisible":6.4693,"tipPosition":[-6.08805,114.602,49.3155],"tipVelocity":[19.1015,6.34591,-2.91157],"tool":false,"touchDistance":0.333333,"touchZone":"none","type":2,"width":21.0789},{"bases":[[[0.893208,-0.36398,-0.264003],[0.446932,0.783059,0.432516],[0.0493026,-0.504319,0.862109]],[[0.888645,-0.333084,-0.315223],[-0.070902,0.579313,-0.812016],[0.453082,0.743944,0.491187]],[[0.888645,-0.333084,-0.315223],[-0.454461,-0.547506,-0.702639],[0.0614511,0.767653,-0.637912]],[[0.888645,-0.333084,-0.315223],[-0.380454,-0.919245,-0.101208],[-0.256057,0.209866,-0.943605]]],"btipPosition":[13.5201,109.657,54.3533],"carpPosition":[34.61,138.148,95.9581],"dipPosition":[8.52639,113.749,35.9508],"direction":[-0.0614511,-0.767653,0.637912],"extended":false,"handId":120,"id":1203,"length":67.2504,"mcpPosition":[31.4335,170.641,40.4126],"pipPosition":[10.3033,135.946,17.5054],"stabilizedTipPosition":[10.1329,111.218,50.9679],"timeVisible":6.4693,"tipPosition":[9.79108,111.502,50.5093],"tipVelocity":[19.3544,9.37618,-2.42702],"tool":false,"touchDistance":0.333333,"touchZone":"none","type":3,"width":20.0579},{"bases":[[[0.806705,-0.54425,-0.23026],[0.583006,0.669262,0.460644],[-0.0966014,-0.505846,0.857198]],[[0.812466,-0.478896,-0.332503],[0.0468592,0.622117,-0.781521],[0.581123,0.619378,0.527889]],[[0.812466,-0.478896,-0.332503],[-0.533707,-0.381404,-0.754777],[0.234642,0.790689,-0.565468]],[[0.812466,-0.478896,-0.332503],[-0.55618,-0.807685,-0.195727],[-0.174824,0.343953,-0.922568]]],"btipPosition":[27.2524,114.282,47.4446],"carpPosition":[44.5839,129.303,89.91],"dipPosition":[24.107,120.47,30.846],"direction":[-0.234642,-0.790689,0.565468],"extended":false,"handId":120,"id":1204,"length":52.723,"mcpPosition":[50.3454,159.472,38.785],"pipPosition":[28.8974,136.613,19.3017],"stabilizedTipPosition":[26.8829,115.398,44.2021],"timeVisible":6.4693,"tipPosition":[26.7326,116.291,43.1463],"tipVelocity":[19.1459,12.3834,1.7065],"tool":false,"touchDistance":0.333333,"touchZone":"none","type":4,"width":17.817}],"r":[[0.403177,-0.579905,0.707926],[0.681559,-0.325945,-0.655162],[0.610676,0.746639,0.263826]],"s":0.971658,"t":[19.8387,-25.9199,-34.1489],"timestamp":17761396951},{"currentFrameRate":111.682,"devices":[],"gestures":[],"hands":[{"armBasis":[[0.949,0.0965086,-0.300141],[0.283016,0.158724,0.94589],[0.138926,-0.982595,0.123315]],"armWidth":69.1276,"confidence":1,"direction":[-0.128018,0.643731,-0.754468],"elbow":[71.8379,-168.175,144.615],"grabAngle":3.14159,"grabStrength":1,"id":120,"palmNormal":[-0.262633,-0.755573,-0.600111],"palmPosition":[14.304,157.405,57.4365],"palmVelocity":[11.7506,13.0266,3.73942],"palmWidth":93.5899,"pinchDistance":16.4582,"pinchStrength":0.648762,"r":[[0.403115,-0.580246,0.707682],[0.681962,-0.325207,-0.65511],[0.610267,0.746696,0.264609]],"s":0.970392,"sphereCenter":[2.44674,135.327,24.1644],"sphereRadius":33.908,"stabilizedPalmPosition":[14.1869,156.215,56.9239],"t":[19.9293,-25.8252,-34.111],"timeVisible":6.47795,"type":"right","wrist":[33.2561,104.706,110.368]}],"id":78881,"interactionBox":{"center":[0,200,0],"size":[235.247,235.247,147.751]},"pointables":[{"bases":[[[0.594765,0.752598,0.28258],[-0.602263,0.184318,0.776728],[0.532479,-0.632158,0.562888]],[[0.437863,0.889832,0.128355],[-0.864712,0.377754,0.33102],[0.246065,-0.255932,0.934853]],[[0.437863,0.889832,0.128355],[-0.879629,0.453528,-0.143403],[-0.185817,-0.0501144,0.981306]],[[0.437863,0.889832,0.128355],[-0.675136,0.419725,-0.606648],[-0.593689,0.178972,0.78454]]],"btipPosition":[8.05197,127.507,1.61942],"carpPosition":[-0.430115,116.955,103.707],"dipPosition":[-6.45104,131.879,20.7847],"direction":[0.185817,0.0501144,-0.981306],"extended":false,"handId":120,"id":1200,"length":54.399,"mcpPosition":[-0.430115,116.955,103.707],"pipPosition":[-13.0641,130.095,55.7083],"stabilizedTipPosition":[6.40054,127.769,6.5076],"timeVisible":6.47795,"tipPosition":[5.41446,128.536,6.12114],"tipVelocity":[26.1121,17.7468,0.542422],"tool":false,"touchDistance":0.285103,"touchZone":"hovering","type":0,"width":22.469},{"bases":[[[0.921294,-0.0115173,-0.388696],[0.217187,0.844371,0.489762],[0.322563,-0.535635,0.780416]],[[0.972127,-0.141706,-0.186787],[0.0122476,0.826286,-0.563118],[0.234136,0.545135,0.80499]],[[0.972127,-0.141706,-0.186787],[-0.231464,-0.453163,-0.860853],[0.0373429,0.880093,-0.473331]],[[0.972127,-0.141706,-0.186787],[-0.228005,-0.756991,-0.612355],[-0.0546218,0.637875,-0.7682]]],"btipPosition":[-23.4997,120.736,35.7552],"carpPosition":[11.3768,138.23,105.268],"dipPosition":[-24.4738,132.112,22.0552],"direction":[-0.0373429,-0.880093,0.473331],"extended":false,"handId":120,"id":1201,"length":61.3832,"mcpPosition":[-13.0321,178.762,46.2126],"pipPosition":[-23.5317,154.316,10.1135],"stabilizedTipPosition":[-22.6515,123.669,36.2561],"timeVisible":6.47795,"tipPosition":[-23.4804,124.425,32.9659],"tipVelocity":[20.0966,-4.02069,32.4617],"tool":false,"touchDistance":0.333333,"touchZone":"none","type":1,"width":21.4623},{"bases":[[[0.905789,-0.227552,-0.357444],[0.376845,0.818304,0.434013],[0.193737,-0.527825,0.826962]],[[0.915776,-0.258794,-0.307213],[-0.110809,0.572372,-0.812473],[0.386103,0.778085,0.495488]],[[0.915776,-0.258794,-0.307213],[-0.400862,-0.637837,-0.657627],[-0.025762,0.725389,-0.687856]],[[0.915776,-0.258794,-0.307213],[-0.288327,-0.955999,-0.0541544],[-0.27968,0.138171,-0.950099]]],"btipPosition":[-3.97323,114.378,55.563],"carpPosition":[23.1044,139.888,100.783],"dipPosition":[-9.45918,117.088,36.9268],"direction":[0.025762,-0.725389,0.687856],"extended":false,"handId":120,"id":1202,"length":69.9412,"mcpPosition":[9.20156,177.766,41.4387],"pipPosition":[-10.2238,138.619,16.5099],"stabilizedTipPosition":[-5.18962,114.821,51.3143],"timeVisible":6.47795,"tipPosition":[-5.97862,114.722,49.3012],"tipVelocity":[13.2664,13.1841,1.26713],"tool":false,"touchDistance":0.333333,"touchZone":"none","type":2,"width":21.0789},{"bases":[[[0.893424,-0.363781,-0.263548],[0.446581,0.782712,0.433506],[0.0485803,-0.505,0.861751]],[[0.891053,-0.345093,-0.294848],[-0.0493877,0.57202,-0.818752],[0.451204,0.744113,0.492657]],[[0.891053,-0.345093,-0.294848],[-0.446534,-0.549912,-0.705836],[0.081439,0.760597,-0.644096]],[[0.891053,-0.345093,-0.294848],[-0.388059,-0.91614,-0.100485],[-0.235445,0.203956,-0.950246]]],"btipPosition":[12.7437,110.094,54.6503],"carpPosition":[34.6794,138.23,95.9923],"dipPosition":[8.15196,114.071,36.1183],"direction":[-0.081439,-0.760597,0.644096],"extended":false,"handId":120,"id":1203,"length":67.2504,"mcpPosition":[31.5494,170.767,40.4698],"pipPosition":[10.5068,136.064,17.494],"stabilizedTipPosition":[10.1766,111.212,50.9516],"timeVisible":6.47795,"tipPosition":[9.99746,111.587,50.4955],"tipVelocity":[-79.0422,47.478,30.8815],"tool":false,"touchDistance":0.333333,"touchZone":"none","type":3,"width":20.0579},{"bases":[[[0.80689,-0.544077,-0.230019],[0.58263,0.668891,0.461657],[-0.0973196,-0.506522,0.856717]],[[0.812737,-0.478675,-0.332158],[0.0472841,0.622409,-0.781262],[0.580709,0.619255,0.528489]],[[0.812737,-0.478675,-0.332158],[-0.533202,-0.381276,-0.755198],[0.234851,0.790885,-0.565108]],[[0.812737,-0.478675,-0.332158],[-0.556187,-0.807223,-0.197604],[-0.173537,0.345342,-0.922293]]],"btipPosition":[27.3575,114.384,47.4743],"carpPosition":[44.6582,129.389,89.9455],"dipPosition":[24.2352,120.598,30.8806],"direction":[-0.234851,-0.790885,0.565108],"extended":false,"handId":120,"id":1204,"length":52.723,"mcpPosition":[50.4626,159.599,38.8491],"pipPosition":[29.0298,136.744,19.3437],"stabilizedTipPosition":[26.8815,115.4,44.199],"timeVisible":6.47795,"tipPosition":[26.8453,116.414,43.1575],"tipVelocity":[12.7515,12.5194,3.56404],"tool":false,"touchDistance":0.333333,"touchZone":"none","type":4,"width":17.817}],"r":[[0.403115,-0.580246,0.707682],[0.681962,-0.325207,-0.65511],[0.610267,0.746696,0.264609]],"s":0.970392,"t"