{"frames":73,"data":[{"currentFrameRate":115.164,"devices":[],"gestures":[],"hands":[{"armBasis":[[0.979051,0.11924,-0.165048],[0.149101,0.132178,0.979948],[0.138665,-0.984028,0.11163]],"armWidth":69.1276,"confidence":1,"direction":[-0.116213,0.623519,-0.773122],"elbow":[72.7024,-174.365,140.559],"grabAngle":3.14159,"grabStrength":1,"id":120,"palmNormal":[-0.0951224,-0.781805,-0.616224],"palmPosition":[16.5073,149.366,54.4447],"palmVelocity":[-1.39976,3.78439,2.26036],"palmWidth":93.5899,"pinchDistance":19.2665,"pinchStrength":1,"r":[[0.340899,-0.546846,0.764688],[0.783552,-0.284177,-0.55253],[0.519455,0.78753,0.331607]],"s":1.20589,"sphereCenter":[16.6719,124.083,17.1687],"sphereRadius":37.7052,"stabilizedPalmPosition":[15.7049,148.108,52.7296],"t":[22.2354,-33.777,-37.0719],"timeVisible":8.01282,"type":"right","wrist":[34.1931,98.9139,109.558]}],"id":79056,"interactionBox":{"center":[0,200,0],"size":[235.247,235.247,147.751]},"pointables":[{"bases":[[[0.460237,0.820161,0.339879],[-0.707773,0.107848,0.698159],[0.535948,-0.561876,0.630123]],[[0.314037,0.933294,0.174191],[-0.926296,0.260952,0.271809],[0.208222,-0.24671,0.946455]],[[0.314037,0.933294,0.174191],[-0.944436,0.325846,-0.0431797],[-0.0970586,-0.150952,0.983765]],[[0.314037,0.933294,0.174191],[-0.82085,0.359095,-0.444134],[-0.477059,-0.00350964,0.878864]]],"btipPosition":[5.91591,125.495,-5.84929],"carpPosition":[1.49872,107.37,99.226],"dipPosition":[-5.73799,125.409,15.6202],"direction":[0.0970586,0.150952,-0.983765],"extended":false,"handId":120,"id":1200,"length":54.399,"mcpPosition":[1.49872,107.37,99.226],"pipPosition":[-9.19221,120.037,50.6313],"stabilizedTipPosition":[5.3791,124.297,-1.16917],"timeVisible":8.01282,"tipPosition":[4.45746,123.637,-0.65831],"tipVelocity":[-10.7118,3.79161,3.98727],"tool":false,"touchDistance":0.33472,"touchZone":"hovering","type":0,"width":22.469},{"bases":[[[0.955111,0.10279,-0.277844],[0.0524514,0.864384,0.500089],[0.291567,-0.492214,0.820191]],[[0.993759,0.00419052,-0.111473],[-0.0254845,0.981396,-0.190297],[0.108601,0.19195,0.975377]],[[0.993759,0.00419052,-0.111473],[-0.105988,0.347115,-0.931814],[0.034789,0.937813,0.345392]],[[0.993759,0.00419052,-0.111473],[-0.0821414,-0.648629,-0.756659],[-0.0754752,0.761093,-0.644236]]],"btipPosition":[-16.1307,121.346,-1.1652],"carpPosition":[10.3345,129.94,101.865],"dipPosition":[-17.4768,134.919,-12.6545],"direction":[-0.034789,-0.937813,-0.345392],"extended":false,"handId":120,"id":1201,"length":61.3832,"mcpPosition":[-11.7289,167.187,39.7994],"pipPosition":[-16.5991,158.579,-3.94055],"stabilizedTipPosition":[-12.6722,106.422,27.1326],"timeVisible":8.01282,"tipPosition":[-15.6363,121.023,3.00041],"tipVelocity":[-4.79604,-6.13955,47.38],"tool":false,"touchDistance":0.333333,"touchZone":"hovering","type":1,"width":21.4623},{"bases":[[[0.962692,-0.113528,-0.245633],[0.219558,0.858301,0.463803],[0.158173,-0.50043,0.851206]],[[0.970444,-0.143331,-0.194149],[-0.0843793,0.552201,-0.82943],[0.226093,0.821298,0.523786]],[[0.970444,-0.143331,-0.194149],[-0.239795,-0.663179,-0.709008],[-0.0271326,0.734609,-0.677948]],[[0.970444,-0.143331,-0.194149],[-0.154889,-0.986877,-0.0456407],[-0.18506,0.0743635,-0.97991]]],"btipPosition":[3.92565,104.367,50.6697],"carpPosition":[22.2161,133.04,98.7623],"dipPosition":[0.295694,105.826,31.4487],"direction":[0.0271326,-0.734609,0.677948],"extended":false,"handId":120,"id":1202,"length":69.9412,"mcpPosition":[10.8654,168.951,37.6784],"pipPosition":[-0.509651,127.631,11.3259],"stabilizedTipPosition":[2.89362,102.561,44.529],"timeVisible":8.01282,"tipPosition":[1.65742,102.007,40.4841],"tipVelocity":[-9.32803,0.223019,0.595104],"tool":false,"touchDistance":0.333333,"touchZone":"none","type":2,"width":21.0789},{"bases":[[[0.956167,-0.25031,-0.151954],[0.292707,0.831607,0.471966],[0.00822774,-0.495756,0.868423]],[[0.953953,-0.220132,-0.203754],[-0.0446791,0.567422,-0.822214],[0.296611,0.793457,0.531459]],[[0.953953,-0.220132,-0.203754],[-0.296621,-0.591278,-0.749938],[0.0446101,0.775843,-0.629347]],[[0.953953,-0.220132,-0.203754],[-0.243271,-0.965175,-0.0962106],[-0.175479,0.141348,-0.974283]]],"btipPosition":[22.1603,102.577,51.8457],"carpPosition":[34.391,132.829,95.3849],"dipPosition":[18.7381,105.333,32.8449],"direction":[-0.0446101,-0.775843,0.629347],"extended":false,"handId":120,"id":1203,"length":67.2504,"mcpPosition":[33.8609,164.771,39.4325],"pipPosition":[20.028,127.767,14.6472],"stabilizedTipPosition":[22.083,100.881,46.1792],"timeVisible":8.01282,"tipPosition":[21.2939,104.361,47.3294],"tipVelocity":[-8.94567,0.727883,0.575105],"tool":false,"touchDistance":0.333333,"touchZone":"none","type":3,"width":20.0579},{"bases":[[[0.889097,-0.439948,-0.126302],[0.437432,0.735463,0.517443],[-0.134758,-0.515305,0.846345]],[[0.898998,-0.371334,-0.232195],[0.0762733,0.65483,-0.751917],[0.431261,0.658262,0.617014]],[[0.898998,-0.371334,-0.232195],[-0.386451,-0.423157,-0.819509],[0.206057,0.826468,-0.523919]],[[0.898998,-0.371334,-0.232195],[-0.42455,-0.869081,-0.25388],[-0.107522,0.326816,-0.938952]]],"btipPosition":[35.872,108.981,45.0113],"carpPosition":[46.0239,125.295,90.6724],"dipPosition":[33.9375,114.861,28.118],"direction":[-0.206057,-0.826468,0.523919],"extended":false,"handId":120,"id":1204,"length":52.723,"mcpPosition":[54.0611,156.029,40.1946],"pipPosition":[38.1442,131.734,17.4219],"stabilizedTipPosition":[36.0343,109.561,40.5274],"timeVisible":8.01282,"tipPosition":[35.6201,110.946,40.579],"tipVelocity":[-7.57441,0.957812,1.58298],"tool":false,"touchDistance":0.333333,"touchZone":"none","type":4,"width":17.817}],"r":[[0.340899,-0.546846,0.764688],[0.783552,-0.284177,-0.55253],[0.519455,0.78753,0.331607]],"s":1.20589,"t":[22.2354,-33.777,-37.0719],"timestamp":17762940478},{"currentFrameRate":115.194,"devices":[],"gestures":[],"hands":[{"armBasis":[[0.97911,0.118095,-0.16552],[0.149788,0.131571,0.979925],[0.137502,-0.984247,0.111134]],"armWidth":69.1276,"confidence":1,"direction":[-0.116192,0.623563,-0.77309],"elbow":[72.3572,-174.441,140.398],"grabAngle":3.14159,"grabStrength":1,"id":120,"palmNormal":[-0.0960811,-0.781768,-0.616122],"palmPosition":[16.4965,149.365,54.4335],"palmVelocity":[-1.24891,-0.124052,-1.29757],"palmWidth":93.5899,"pinchDistance":19.0246,"pinchStrength":1,"r":[[0.340969,-0.54667,0.764783],[0.783412,-0.28444,-0.552594],[0.519621,0.787557,0.331282]],"s":1.20326,"sphereCenter":[16.5231,124.138,17.1877],"sphereRadius":37.6486,"stabilizedPalmPosition":[15.708,148.112,52.7363],"t":[22.2239,-33.7738,-37.074],"timeVisible":8.02145,"type":"right","wrist":[34.1709,98.8992,109.534]}],"id":79057,"interactionBox":{"center":[0,200,0],"size":[235.247,235.247,147.751]},"pointables":[{"bases":[[[0.461062,0.819829,0.339561],[-0.707279,0.108428,0.698569],[0.53589,-0.562248,0.629841]],[[0.314833,0.933074,0.173932],[-0.925925,0.261642,0.27241],[0.208671,-0.246812,0.94633]],[[0.314833,0.933074,0.173932],[-0.944238,0.326515,-0.0424577],[-0.0964075,-0.150866,0.983842]],[[0.314833,0.933074,0.173932],[-0.820751,0.359671,-0.443852],[-0.476705,-0.00301533,0.879058]]],"btipPosition":[5.84458,125.498,-5.85028],"carpPosition":[1.48226,107.383,99.2261],"dipPosition":[-5.80068,125.424,15.6239],"direction":[0.0964075,0.150866,-0.983842],"extended":false,"handId":120,"id":1200,"length":54.399,"mcpPosition":[1.48226,107.383,99.2261],"pipPosition":[-9.23172,120.055,50.6378],"stabilizedTipPosition":[5.32068,124.328,-1.16236],"timeVisible":8.02145,"tipPosition":[4.39399,123.643,-0.661052],"tipVelocity":[-8.03546,0.674863,0.0117655],"tool":false,"touchDistance":0.334583,"touchZone":"hovering","type":0,"width":22.469},{"bases":[[[0.955026,0.102045,-0.278411],[0.0534049,0.864373,0.500008],[0.291674,-0.492389,0.820048]],[[0.993633,0.00374497,-0.112602],[-0.0250042,0.981853,-0.18799],[0.109855,0.189608,0.975695]],[[0.993633,0.00374497,-0.112602],[-0.107513,0.330261,-0.937747],[0.0336762,0.943882,0.328561]],[[0.993633,0.00374497,-0.112602],[-0.0833487,-0.648024,-0.757046],[-0.0758039,0.761611,-0.643586]]],"btipPosition":[-16.1588,121.308,-0.762015],"carpPosition":[10.3368,129.947,101.858],"dipPosition":[-17.5107,134.891,-12.2397],"direction":[-0.0336762,-0.943882,-0.328561],"extended":false,"handId":120,"id":1201,"length":61.3832,"mcpPosition":[-11.7347,167.207,39.8037],"pipPosition":[-16.6611,158.704,-3.95041],"stabilizedTipPosition":[-12.6752,106.436,27.1088],"timeVisible":8.02145,"tipPosition":[-15.719,121.132,2.84289],"tipVelocity":[-3.40613,-4.1268,47.0286],"tool":false,"touchDistance":0.333333,"touchZone":"hovering","type":1,"width":21.4623},{"bases":[[[0.96246,-0.114276,-0.246193],[0.220485,0.85816,0.463624],[0.158292,-0.500501,0.851142]],[[0.97022,-0.144083,-0.194712],[-0.084446,0.552218,-0.829412],[0.227027,0.821155,0.523606]],[[0.97022,-0.144083,-0.194712],[-0.240756,-0.661999,-0.709785],[-0.0266312,0.735526,-0.676973]],[[0.97022,-0.144083,-0.194712],[-0.155841,-0.986692,-0.0464001],[-0.185435,0.0753624,-0.979762]]],"btipPosition":[3.86542,104.33,50.638],"carpPosition":[22.219,133.037,98.7486],"dipPosition":[0.228099,105.808,31.4199],"direction":[0.0266312,-0.735526,0.676973],"extended":false,"handId":120,"id":1202,"length":69.9412,"mcpPosition":[10.8597,168.954,37.6694],"pipPosition":[-0.562364,127.64,11.326],"stabilizedTipPosition":[2.89575,102.595,44.5556],"timeVisible":8.02145,"tipPosition":[1.60732,102.025,40.5046],"tipVelocity":[-7.17579,-3.80843,-3.60125],"tool":false,"touchDistance":0.333333,"touchZone":"none","type":2,"width":21.0789},{"bases":[[[0.955886,-0.251048,-0.152501],[0.293619,0.831411,0.471746],[0.00836045,-0.495713,0.868446]],[[0.953665,-0.220872,-0.204303],[-0.0447299,0.567409,-0.82222],[0.297528,0.793261,0.531238]],[[0.953665,-0.220872,-0.204303],[-0.297473,-0.590414,-0.75028],[0.0450923,0.77629,-0.628761]],[[0.953665,-0.220872,-0.204303],[-0.244121,-0.964949,-0.0963247],[-0.175866,0.141736,-0.974157]]],"btipPosition":[22.1033,102.55,51.8143],"carpPosition":[34.3917,132.817,95.3641],"dipPosition":[18.6735,105.314,32.816],"direction":[-0.0450923,-0.77629,0.628761],"extended":false,"handId":120,"id":1203,"length":67.2504,"mcpPosition":[33.853,164.756,39.4103],"pipPosition":[19.9773,127.761,14.6352],"stabilizedTipPosition":[22.0782,100.895,46.187],"timeVisible":8.02145,"tipPosition":[21.2447,104.354,47.3182],"tipVelocity":[-6.81338,-2.87311,-3.57394],"tool":false,"touchDistance":0.333333,"touchZone":"none","type":3,"width":20.0579},{"bases":[[[0.888687,-0.440633,-0.126799],[0.438297,0.735159,0.517143],[-0.134653,-0.515154,0.846454]],[[0.898577,-0.372036,-0.232698],[0.0763185,0.654703,-0.752024],[0.432128,0.657992,0.616694]],[[0.898577,-0.372036,-0.232698],[-0.387212,-0.422744,-0.819362],[0.20646,0.826364,-0.523925]],[[0.898577,-0.372036,-0.232698],[-0.425361,-0.868777,-0.253563],[-0.107829,0.326827,-0.938913]]],"btipPosition":[35.8231,108.963,44.9889],"carpPosition":[46.016,125.274,90.6452],"dipPosition":[33.8831,114.843,28.0962],"direction":[-0.20646,-0.826364,0.523925],"extended":false,"handId":120,"id":1204,"length":52.723,"mcpPosition":[54.047,155.998,40.1609],"pipPosition":[38.0981,131.713,17.4],"stabilizedTipPosition":[36.0308,109.565,40.5306],"timeVisible":8.02145,"tipPosition":[35.5718,110.93,40.5589],"tipVelocity":[-5.80376,-2.15749,-2.58531],"tool":false,"touchDistance":0.333333,"touchZone":"none","type":4,"width":17.817}],"r":[[0.340969,-0.54667,0.764783],[0.783412,-0.28444,-0.552594],[0.519621,0.787557,0.331282]],"s":1.20326,"t":[22.2239,-33.7738,-37.074],"timestamp":17762949108},{"currentFrameRate":115.123,"devices":[],"gestures":[],"hands":[{"armBasis":[[0.979234,0.117098,-0.165494],[0.149967,0.13091,0.979986],[0.13642,-0.984454,0.11063]],"armWidth":69.1276,"confidence":1,"direction":[-0.116284,0.623623,-0.773028],"elbow":[72.0459,-174.545,140.217],"grabAngle":3.14159,"grabStrength":1,"id":120,"palmNormal":[-0.096227,-0.78172,-0.616161],"palmPosition":[16.4919,149.327,54.4028],"palmVelocity":[-0.531555,-4.32275,-3.48186],"palmWidth":93.5899,"pinchDistance":18.5811,"pinchStrength":1,"r":[[0.341045,-0.546543,0.764839],[0.783278,-0.284651,-0.552674],[0.519773,0.787569,0.331016]],"s":1.20004,"sphereCenter":[16.2953,124.231,17.2117],"sphereRadius":37.5416,"stabilizedPalmPosition":[15.7108,148.117,52.7423],"t":[22.2159,-33.7911,-37.0903],"timeVisible":8.03026,"type":"right","wrist":[34.1601,98.8522,109.493]}],"id":79058,"interactionBox":{"center":[0,200,0],"size":[235.247,235.247,147.751]},"pointables":[{"bases":[[[0.461165,0.81978,0.339542],[-0.707158,0.10842,0.698693],[0.535961,-0.562322,0.629714]],[[0.314817,0.933098,0.173836],[-0.925868,0.261581,0.27266],[0.208946,-0.246788,0.946276]],[[0.314817,0.933098,0.173836],[-0.944276,0.326443,-0.0421642],[-0.0960911,-0.150876,0.983871]],[[0.314817,0.933098,0.173836],[-0.820785,0.359611,-0.443838],[-0.476658,-0.00295482,0.879084]]],"btipPosition":[5.81832,125.455,-5.88027],"carpPosition":[1.48256,107.343,99.195],"dipPosition":[-5.82578,125.383,15.5946],"direction":[0.0960911,0.150876,-0.983871],"extended":false,"handId":120,"id":1200,"length":54.399,"mcpPosition":[1.48256,107.343,99.195],"pipPosition":[-9.24555,120.014,50.6095],"stabilizedTipPosition":[5.26848,124.354,-1.15706],"timeVisible":8.03026,"tipPosition":[4.37762,123.611,-0.691737],"tipVelocity":[-2.95065,-4.80771,-3.38802],"tool":false,"touchDistance":0.33401,"touchZone":"hovering","type":0,"width":22.469},{"bases":[[[0.954986,0.10201,-0.278561],[0.0535364,0.864335,0.500059],[0.291781,-0.492462,0.819966]],[[0.993413,0.0047083,-0.114493],[-0.0256037,0.983015,-0.181729],[0.111693,0.183463,0.976661]],[[0.993413,0.0047083,-0.114493],[-0.110699,0.297601,-0.948251],[0.0296086,0.954679,0.296162]],[[0.993413,0.0047083,-0.114493],[-0.0840971,-0.648731,-0.756357],[-0.0778364,0.761003,-0.644062]]],"btipPosition":[-16.1084,121.287,-0.00422922],"carpPosition":[10.3388,129.906,101.827],"dipPosition":[-17.4966,134.858,-11.4904],"direction":[-0.0296086,-0.954679,-0.296162],"extended":false,"handId":120,"id":1201,"length":61.3832,"mcpPosition":[-11.7408,167.171,39.7789],"pipPosition":[-16.7496,158.944,-4.01851],"stabilizedTipPosition":[-12.6772,106.446,27.0926],"timeVisible":8.03026,"tipPosition":[-15.7681,121.263,2.54487],"tipVelocity":[4.77116,-2.7142,85.812],"tool":false,"touchDistance":0.333333,"touchZone":"hovering","type":1,"width":21.4623},{"bases":[[[0.962413,-0.114314,-0.246359],[0.22061,0.858116,0.463647],[0.158403,-0.500569,0.851081]],[[0.97018,-0.144125,-0.194881],[-0.084551,0.55228,-0.82936],[0.22716,0.821106,0.523625]],[[0.97018,-0.144125,-0.194881],[-0.240944,-0.661008,-0.710644],[-0.0263969,0.736408,-0.676023]],[[0.97018,-0.144125,-0.194881],[-0.156068,-0.986613,-0.0473022],[-0.185455,0.0763063,-0.979686]]],"btipPosition":[3.84585,104.251,50.5789],"carpPosition":[22.2206,132.995,98.7159],"dipPosition":[0.208134,105.748,31.3623],"direction":[0.0263969,-0.736408,0.676023],"extended":false,"handId":120,"id":1202,"length":69.9412,"mcpPosition":[10.8534,168.917,37.641],"pipPosition":[-0.575376,127.606,11.2967],"stabilizedTipPosition":[2.89736,102.623,44.5784],"timeVisible":8.03026,"tipPosition":[1.60214,101.997,40.4912],"tipVelocity":[-2.2323,-8.46567,-6.66808],"tool":false,"touchDistance":0.333333,"touchZone":"none","type":2,"width":21.0789},{"bases":[[[0.955847,-0.251092,-0.152676],[0.293744,0.831361,0.471755],[0.00847507,-0.495773,0.868411]],[[0.953618,-0.220912,-0.204475],[-0.0448328,0.567468,-0.822174],[0.297661,0.793207,0.531244]],[[0.953618,-0.220912,-0.204475],[-0.297597,-0.589772,-0.750736],[0.0452531,0.776767,-0.62816]],[[0.953618,-0.220912,-0.204475],[-0.244251,-0.96488,-0.0966819],[-0.175935,0.142141,-0.974086]]],"btipPosition":[22.0875,102.493,51.7628],"carpPosition":[34.3928,132.775,95.3294],"dipPosition":[18.6564,105.265,32.7659],"direction":[-0.0452531,-0.776767,0.62816],"extended":false,"handId":120,"id":1203,"length":67.2504,"mcpPosition":[33.8467,164.718,39.3778],"pipPosition":[19.9649,127.725,14.6024],"stabilizedTipPosition":[22.0738,100.908,46.1938],"timeVisible":8.03026,"tipPosition":[21.2364,104.314,47.2838],"tipVelocity":[-1.82439,-6.28944,-5.81069],"tool":false,"touchDistance":0.333333,"touchZone":"none","type":3,"width":20.0579},{"bases":[[[0.888641,-0.440675,-0.126976],[0.438424,0.735098,0.517122],[-0.134543,-0.515205,0.846441]],[[0.898518,-0.372075,-0.232866],[0.0762116,0.654706,-0.752032],[0.432271,0.657966,0.616622]],[[0.898518,-0.372075,-0.232866],[-0.387351,-0.422598,-0.819372],[0.206459,0.826421,-0.523836]],[[0.898518,-0.372075,-0.232866],[-0.425445,-0.868762,-0.253473],[-0.107994,0.326822,-0.938896]]],"btipPosition":[35.8142,108.923,44.953],"carpPosition":[46.0159,125.231,90.608],"dipPosition":[33.8712,114.803,28.0607],"direction":[-0.206459,-0.826421,0.523836],"extended":false,"handId":120,"id":1204,"length":52.723,"mcpPosition":[54.0404,155.959,40.1245],"pipPosition":[38.0862,131.675,17.3663],"stabilizedTipPosition":[36.0276,109.568,40.5332],"timeVisible":8.03026,"tipPosition":[35.5626,110.891,40.5225],"tipVelocity":[-1.09181,-4.47002,-4.05973],"tool":false,"touchDistance":0.333333,"touchZone":"none","type":4,"width":17.817}],"r":[[0.341045,-0.546543,0.764839],[0.783278,-0.284651,-0.552674],[0.519773,0.787569,0.331016]],"s":1.20004,"t":[22.2159,-33.7911,-37.0903],"timestamp":17762957916},{"currentFrameRate":115.129,"devices":[],"gestures":[],"hands":[{"armBasis":[[0.979379,0.116362,-0.165155],[0.149815,0.130151,0.98011],[0.135543,-0.984642,0.110034]],"armWidth":69.1276,"confidence":1,"direction":[-0.116421,0.623985,-0.772716],"elbow":[71.7821,-174.625,140.014],"grabAngle":3.14159,"grabStrength":1,"id":120,"palmNormal":[-0.0958766,-0.781433,-0.616579],"palmPosition":[16.4742,149.325,54.3904],"palmVelocity":[-2.03044,-0.239166,-1.43531],"palmWidth":93.5899,"pinchDistance":17.9192,"pinchStrength":1,"r":[[0.341127,-0.546497,0.764836],[0.783204,-0.284707,-0.552751],[0.51983,0.787581,0.330897]],"s":1.19588,"sphereCenter":[15.8541,124.5,17.2702],"sphereRadius":37.3844,"stabilizedPalmPosition":[15.7134,148.121,52.7479],"t":[22.203,-33.8009,-37.1048],"timeVisible":8.03894,"type":"right","wrist":[34.1399,98.825,109.456]}],"id":79059,"interactionBox":{"center":[0,200,0],"size":[235.247,235.247,147.751]},"pointables":[{"bases":[[[0.460832,0.819768,0.340021],[-0.707276,0.107802,0.69867],[0.536093,-0.562458,0.629481]],[[0.314327,0.933193,0.174211],[-0.926001,0.26098,0.272784],[0.209094,-0.247063,0.946171]],[[0.314327,0.933193,0.174211],[-0.944451,0.325958,-0.0419916],[-0.0959717,-0.151335,0.983813]],[[0.314327,0.933193,0.174211],[-0.82095,0.359358,-0.443738],[-0.476697,-0.00353956,0.87906]]],"btipPosition":[5.7999,125.469,-5.90827],"carpPosition":[1.47502,107.312,99.159],"dipPosition":[-5.84517,125.383,15.566],"direction":[0.0959717,0.151335,-0.983813],"extended":false,"handId":120,"id":1200,"length":54.399,"mcpPosition":[1.47502,107.312,99.159],"pipPosition":[-9.2607,119.997,50.5788],"stabilizedTipPosition":[5.22865,124.375,-1.15358],"timeVisible":8.03894,"tipPosition":[4.37381,123.636,-0.719278],"tipVelocity":[-2.14927,1.2262,-3.2427],"tool":false,"touchDistance":0.333521,"touchZone":"hovering","type":0,"width":22.469},{"bases":[[[0.95498,0.102499,-0.278401],[0.0531693,0.864093,0.500516],[0.291866,-0.492785,0.819742]],[[0.992934,0.00750349,-0.118432],[-0.027005,0.986102,-0.163933],[0.115556,0.165973,0.979336]],[[0.992934,0.00750349,-0.118432],[-0.116694,0.243089,-0.962959],[0.0215641,0.969975,0.242247]],[[0.992934,0.00750349,-0.118432],[-0.0853055,-0.648646,-0.756294],[-0.0824956,0.761053,-0.643422]]],"btipPosition":[-16.018,121.68,1.21826],"carpPosition":[10.3228,129.877,101.804],"dipPosition":[-17.4892,135.252,-10.2565],"direction":[-0.0215641,-0.969975,-0.242247],"extended":false,"handId":120,"id":1201,"length":61.3832,"mcpPosition":[-11.7632,167.167,39.7726],"pipPosition":[-16.9452,159.724,-4.14482],"stabilizedTipPosition":[-12.6789,106.454,27.0798],"timeVisible":8.03894,"tipPosition":[-15.8167,121.558,2.19957],"tipVelocity":[8.21767,45.3172,141.224],"tool":false,"touchDistance":0.333333,"touchZone":"hovering","type":1,"width":21.4623},{"bases":[[[0.962482,-0.11384,-0.24631],[0.22025,0.857953,0.464119],[0.158488,-0.500956,0.850838]],[[0.970254,-0.143674,-0.194847],[-0.0846565,0.552682,-0.829082],[0.226806,0.820915,0.524079]],[[0.970254,-0.143674,-0.194847],[-0.240659,-0.659819,-0.711844],[-0.0262905,0.737561,-0.674769]],[[0.970254,-0.143674,-0.194847],[-0.155865,-0.986579,-0.0486658],[-0.18524,0.077588,-0.979626]]],"btipPosition":[3.83352,104.206,50.5148],"carpPosition":[22.2039,132.972,98.6956],"dipPosition":[0.20002,105.728,31.2994],"direction":[0.0262905,-0.737561,0.674769],"extended":false,"handId":120,"id":1202,"length":69.9412,"mcpPosition":[10.8306,168.922,37.6382],"pipPosition":[-0.580333,127.62,11.271],"stabilizedTipPosition":[2.89846,102.644,44.595],"timeVisible":8.03894,"tipPosition":[1.60743,102.005,40.4698],"tipVelocity":[-1.30946,-4.53257,-7.35779],"tool":false,"touchDistance":0.333333,"touchZone":"none","type":2,"width":21.0789},{"bases":[[[0.955954,-0.250669,-0.152699],[0.293392,0.831221,0.472221],[0.00855588,-0.496223,0.868153]],[[0.953721,-0.220462,-0.204483],[-0.0449446,0.567881,-0.821883],[0.297316,0.793037,0.531691]],[[0.953721,-0.220462,-0.204483],[-0.297268,-0.588926,-0.75153],[0.0452589,0.777536,-0.627207]],[[0.953721,-0.220462,-0.204483],[-0.243958,-0.964865,-0.0975739],[-0.175787,0.142943,-0.973995]]],"btipPosition":[22.0791,102.475,51.7102],"carpPosition":[34.3765,132.758,95.3103],"dipPosition":[18.6508,105.263,32.715],"direction":[-0.0452589,-0.777536,0.627207],"extended":false,"handId":120,"id":1203,"length":67.2504,"mcpPosition":[33.8253,164.73,39.3753],"pipPosition":[19.9595,127.745,14.5791],"stabilizedTipPosition":[22.0707,100.917,46.1984],"timeVisible":8.03894,"tipPosition":[21.2359,104.315,47.2486],"tipVelocity":[-0.896238,-1.65542,-6.02062],"tool":false,"touchDistance":0.333333,"touchZone":"none","type":3,"width":20.0579},{"bases":[[[0.888814,-0.440289,-0.127105],[0.438101,0.734986,0.517554],[-0.134453,-0.515694,0.846157]],[[0.898677,-0.371637,-0.232948],[0.0760264,0.655052,-0.751749],[0.431971,0.65787,0.616935]],[[0.898677,-0.371637,-0.232948],[-0.387087,-0.42225,-0.819676],[0.20626,0.826795,-0.523323]],[[0.898677,-0.371637,-0.232948],[-0.425099,-0.868808,-0.253897],[-0.10803,0.327198,-0.938761]]],"btipPosition":[35.8116,108.931,44.9238],"carpPosition":[46.0029,125.221,90.5863],"dipPosition":[33.8679,114.818,28.0339],"direction":[-0.20626,-0.826795,0.523323],"extended":false,"handId":120,"id":1204,"length":52.723,"mcpPosition":[54.022,155.978,40.1198],"pipPosition":[38.0788,131.697,17.35],"stabilizedTipPosition":[36.0253,109.571,40.5349],"timeVisible":8.03894,"tipPosition":[35.5604,110.903,40.4923],"tipVelocity":[-0.321229,1.10551,-3.30424],"tool":false,"touchDistance":0.333333,"touchZone":"none","type":4,"width":17.817}],"r":[[0.341127,-0.546497,0.764836],[0.783204,-0.284707,-0.552751],[0.51983,0.787581,0.330897]],"s":1.19588,"t":[22.203,-33.8009,-37.1048],"timestamp":17762966591},{"currentFrameRate":115.131,"devices":[],"gestures":[],"hands":[{"armBasis":[[0.979514,0.115736,-0.164793],[0.149628,0.12938,0.980241],[0.13477,-0.984818,0.109412]],"armWidth":69.1276,"confidence":1,"direction":[-0.116383,0.624595,-0.772228],"elbow":[71.5496,-174.708,139.788],"grabAngle":3.14159,"grabStrength":1,"id":120,"palmNormal":[-0.095654,-0.780946,-0.61723],"palmPosition":[16.469,149.333,54.3734],"palmVelocity":[-0.607879,0.92702,-1.95087],"palmWidth":93.5899,"pinchDistance":17.6921,"pinchStrength":1,"r":[[0.341183,-0.546574,0.764755],[0.783172,-0.284637,-0.552831],[0.519841,0.787552,0.330948]],"s":1.19259,"sphereCenter":[15.5053,124.727,17.27],"sphereRadius":37.3288,"stabilizedPalmPosition":[15.7154,148.124,52.7521],"t":[22.1939,-33.8017,-37.1204],"timeVisible":8.04762,"type":"right","wrist":[34.1219,98.7901,109.402]}],"id":79060,"interactionBox":{"center":[0,200,0],"size":[235.247,235.247,147.751]},"pointables":[{"bases":[[[0.46065,0.819561,0.340766],[-0.707411,0.107128,0.698636],[0.536069,-0.562889,0.629115]],[[0.314067,0.933147,0.174924],[-0.926068,0.260507,0.27301],[0.20919,-0.247735,0.945974]],[[0.314067,0.933147,0.174924],[-0.94455,0.325714,-0.0416602],[-0.0958504,-0.152141,0.9837]],[[0.314067,0.933147,0.174924],[-0.821222,0.359467,-0.443146],[-0.4764,-0.00447416,0.879217]]],"btipPosition":[5.77679,125.525,-5.95166],"carpPosition":[1.46839,107.281,99.1053],"dipPosition":[-5.86101,125.415,15.5264],"direction":[0.0958504,0.152141,-0.9837],"extended":false,"handId":120,"id":1200,"length":54.399,"mcpPosition":[1.46839,107.281,99.1053],"pipPosition":[-9.27223,120.001,50.5353],"stabilizedTipPosition":[5.19409,124.393,-1.15127],"timeVisible":8.04762,"tipPosition":[4.3793,123.69,-0.759645],"tipVelocity":[-2.46941,5.78224,-4.89607],"tool":false,"touchDistance":0.332812,"touchZone":"hovering","type":0,"width":22.469},{"bases":[[[0.955012,0.102868,-0.278154],[0.0529541,0.863694,0.501227],[0.2918,-0.493407,0.819391]],[[0.992465,0.0100195,-0.122118],[-0.0277189,0.989173,-0.144115],[0.119352,0.146414,0.981997]],[[0.992465,0.0100195,-0.122118],[-0.121412,0.214637,-0.969118],[0.0165009,0.976643,0.214236]],[[0.992465,0.0100195,-0.122118],[-0.0875043,-0.639684,-0.76364],[-0.0857683,0.768572,-0.633988]]],"btipPosition":[-16.0076,122.27,1.63013],"carpPosition":[10.3124,129.845,101.77],"dipPosition":[-17.5372,135.977,-9.67636],"direction":[-0.0165009,-0.976643,-0.214236],"extended":false,"handId":120,"id":1201,"length":61.3832,"mcpPosition":[-11.7686,167.182,39.7654],"pipPosition":[-17.1209,160.616,-4.2714],"stabilizedTipPosition":[-12.6824,106.472,27.0529],"timeVisible":8.04762,"tipPosition":[-15.8352,121.786,2.00517],"tipVelocity":[-0.343172,71.556,51.8903],"tool":false,"touchDistance":0.333333,"touchZone":"hovering","type":1,"width":21.4623},{"bases":[[[0.962541,-0.113495,-0.246238],[0.220041,0.857609,0.464854],[0.158417,-0.501623,0.850457]],[[0.970309,-0.14337,-0.194798],[-0.0845977,0.553343,-0.828646],[0.226593,0.820522,0.524784]],[[0.970309,-0.14337,-0.194798],[-0.240465,-0.658504,-0.713127],[-0.0260341,0.738795,-0.673427]],[[0.970309,-0.14337,-0.194798],[-0.155842,-0.986506,-0.0502014],[-0.184972,0.0790685,-0.979558]]],"btipPosition":[3.826,104.181,50.4362],"carpPosition":[22.1935,132.945,98.6663],"dipPosition":[0.197759,105.732,31.2221],"direction":[0.0260341,-0.738795,0.673427],"extended":false,"handId":120,"id":1202,"length":69.9412,"mcpPosition":[10.8253,168.943,37.6362],"pipPosition":[-0.574983,127.661,11.2335],"stabilizedTipPosition":[2.89918,102.659,44.6059],"timeVisible":8.04762,"tipPosition":[1.61528,102.029,40.4267],"tipVelocity":[-0.727009,-2.12364,-9.02028],"tool":false,"touchDistance":0.333333,"touchZone":"none","type":2,"width":21.0789},{"bases":[[[0.956018,-0.250401,-0.15274],[0.293186,0.830881,0.472947],[0.00848191,-0.496927,0.867751]],[[0.953789,-0.220153,-0.204499],[-0.0448893,0.568542,-0.821429],[0.297106,0.792649,0.532386]],[[0.953789,-0.220153,-0.204499],[-0.297025,-0.587908,-0.752423],[0.0454219,0.778394,-0.62613]],[[0.953789,-0.220153,-0.204499],[-0.243851,-0.964777,-0.0986988],[-0.175567,0.144005,-0.973878]]],"btipPosition":[22.0748,102.47,51.6429],"carpPosition":[34.3667,132.736,95.2829],"dipPosition":[18.6509,105.279,32.65],"direction":[-0.0454219,-0.778394,0.62613],"extended":false,"handId":120,"id":1203,"length":67.2504,"mcpPosition":[33.8202,164.753,39.3739],"pipPosition":[19.9643,127.786,14.5452],"stabilizedTipPosition":[22.0685,100.923,46.2013],"timeVisible":8.04762,"tipPosition":[21.2386,104.328,47.196],"tipVelocity":[-0.374377,0.0227093,-7.68806],"tool":false,"touchDistance":0.333333,"touchZone":"none","type":3,"width":20.0579},{"bases":[[[0.888901,-0.440053,-0.127311],[0.437903,0.734631,0.518226],[-0.13452,-0.516402,0.845715]],[[0.898772,-0.371326,-0.233078],[0.0759946,0.65554,-0.751327],[0.431779,0.657559,0.6174]],[[0.898772,-0.371326,-0.233078],[-0.386897,-0.421737,-0.82003],[0.206201,0.827197,-0.52271]],[[0.898772,-0.371326,-0.233078],[-0.424902,-0.868752,-0.254419],[-0.108014,0.3277,-0.938587]]],"btipPosition":[35.8157,108.951,44.8859],"carpPosition":[45.9951,125.204,90.5548],"dipPosition":[33.8724,114.847,27.9991],"direction":[-0.206201,-0.827197,0.52271],"extended":false,"handId":120,"id":1204,"length":52.723,"mcpPosition":[54.0181,156.003,40.1147],"pipPosition":[38.0821,131.734,17.3277],"stabilizedTipPosition":[36.0235,109.573,40.5362],"timeVisible":8.04762,"tipPosition":[35.5631,110.925,40.4477],"tipVelocity":[0.487999,2.48479,-4.28358],"tool":false,"touchDistance":0.333333,"touchZone":"none","type":4,"width":17.817}],"r":[[0.341183,-0.546574,0.764755],[0.783172,-0.284637,-0.552831],[0.519841,0.787552,0.330948]],"s":1.19259,"t":[22.1939,-33.8017,-37.1204],"timestamp":17762975274},{"currentFrameRate":115.233,"devices":[],"gestures":[],"hands":[{"armBasis":[[0.979636,0.115151,-0.16448],[0.149498,0.128512,0.980375],[0.134029,-0.985,0.10868]],"armWidth":69.1276,"confidence":1,"direction":[-0.116374,0.62496,-0.771934],"elbow":[71.3421,-174.799,139.536],"grabAngle":3.14159,"grabStrength":1,"id":120,"palmNormal":[-0.0954732,-0.780655,-0.617627],"palmPosition":[16.4773,149.321,54.3505],"palmVelocity":[0.973692,-1.44082,-2.69074],"palmWidth":93.5899,"pinchDistance":17.7156,"pinchStrength":1,"r":[[0.341225,-0.546702,0.764646],[0.783168,-0.284507,-0.552905],[0.519821,0.787511,0.331079]],"s":1.19058,"sphereCenter":[15.2727,124.856,17.2491],"sphereRadius":37.3227,"stabilizedPalmPosition":[15.717,148.127,52.7555],"t":[22.1936,-33.8083,-37.1397],"timeVisible":8.05612,"type":"right","wrist":[34.1202,98.7502,109.354]}],"id":79061,"interactionBox":{"center":[0,200,0],"size":[235.247,235.247,147.751]},"pointables":[{"bases":[[[0.460498,0.819455,0.341226],[-0.707511,0.106688,0.698603],[0.536069,-0.563127,0.628903]],[[0.313841,0.933146,0.175337],[-0.926132,0.260163,0.273121],[0.209246,-0.248102,0.945866]],[[0.313841,0.933146,0.175337],[-0.944628,0.325505,-0.041523],[-0.0958202,-0.152597,0.983632]],[[0.313841,0.933146,0.175337],[-0.821444,0.359463,-0.442737],[-0.476165,-0.0050804,0.879341]]],"btipPosition":[5.77563,125.538,-5.99214],"carpPosition":[1.47692,107.245,99.0599],"dipPosition":[-5.85644,125.414,15.489],"direction":[0.0958202,0.152597,-0.983632],"extended":false,"handId":120,"id":1200,"length":54.399,"mcpPosition":[1.47692,107.245,99.0599],"pipPosition":[-9.26658,119.983,50.4954],"stabilizedTipPosition":[5.17044,124.406,-1.15015],"timeVisible":8.05612,"tipPosition":[4.39614,123.706,-0.79695],"tipVelocity":[0.0186856,1.19315,-4.67779],"tool":false,"touchDistance":0.332149,"touchZone":"hovering","type":0,"width":22.469},{"bases":[[[0.955032,0.103134,-0.277987],[0.0527762,0.863454,0.501659],[0.291767,-0.493772,0.819183]],[[0.992113,0.0118591,-0.124786],[-0.0280028,0.991324,-0.128426],[0.12218,0.130907,0.983837]],[[0.992113,0.0118591,-0.124786],[-0.124573,0.203784,-0.971058],[0.0139135,0.978944,0.203654]],[[0.992113,0.0118591,-0.124786],[-0.0893012,-0.631727,-0.77003],[-0.0879622,0.7751,-0.625685]]],"btipPosition":[-16.0224,122.782,1.64899],"carpPosition":[10.3175,129.809,101.737],"dipPosition":[-17.5911,136.605,-9.50944],"direction":[-0.0139135,-0.978944,-0.203654],"extended":false,"handId":120,"id":1201,"length":61.3832,"mcpPosition":[-11.761,167.173,39.7478],"pipPosition":[-17.24,161.303,-4.37143],"stabilizedTipPosition":[-12.6908,106.517,26.9891],"timeVisible":8.05612,"tipPosition":[-15.8364,121.939,1.86534],"tipVelocity":[-2.79473,63.3515,6.2215],"tool":false,"touchDistance":0.333333,"touchZone":"hovering","type":1,"width":21.4623},{"bases":[[[0.962587,-0.113243,-0.246177],[0.219869,0.857409,0.465303],[0.158382,-0.502021,0.850229]],[[0.970352,-0.143143,-0.194751],[-0.0845718,0.55374,-0.828384],[0.226418,0.820294,0.525216]],[[0.970352,-0.143143,-0.194751],[-0.24031,-0.657588,-0.714024],[-0.0258582,0.739654,-0.67249]],[[0.970352,-0.143143,-0.194751],[-0.155809,-0.986456,-0.0512716],[-0.184774,0.0800954,-0.979512]]],"btipPosition":[3.83335,104.142,50.3718],"carpPosition":[22.1986,132.912,98.636],"dipPosition":[0.208997,105.713,31.1586],"direction":[0.0258582,-0.739654,0.67249],"extended":false,"handId":120,"id":1202,"length":69.9412,"mcpPosition":[10.8329,168.938,37.6223],"pipPosition":[-0.558523,127.668,11.1979],"stabilizedTipPosition":[2.89977,102.67,44.6138],"timeVisible":8.05612,"tipPosition":[1.63446,102.027,40.3901],"tipVelocity":[0.969349,-4.03444,-7.5429],"tool":false,"touchDistance":0.333333,"touchZone":"none","type":2,"width":21.0789},{"bases":[[[0.95607,-0.250197,-0.152747],[0.293016,0.830687,0.473392],[0.00844366,-0.497353,0.867507]],[[0.953843,-0.219923,-0.204491],[-0.0448664,0.568941,-0.821154],[0.296934,0.792427,0.532813]],[[0.953843,-0.219923,-0.204491],[-0.296837,-0.587291,-0.752979],[0.0455015,0.778924,-0.625465]],[[0.953843,-0.219923,-0.204491],[-0.24375,-0.964727,-0.0994337],[-0.17541,0.144689,-0.973805]]],"btipPosition":[22.0855,102.449,51.5891],"carpPosition":[34.3723,132.706,95.254],"dipPosition":[18.6646,105.271,32.5977],"direction":[-0.0455015,-0.778924,0.625465],"extended":false,"handId":120,"id":1203,"length":67.2504,"mcpPosition":[33.8282,164.75,39.3607],"pipPosition":[19.9803,127.794,14.5122],"stabilizedTipPosition":[22.067,100.927,46.2034],"timeVisible":8.05612,"tipPosition":[21.2539,104.319,47.1516],"tipVelocity":[1.33898,-2.08621,-6.28037],"tool":false,"touchDistance":0.333333,"touchZone":"none","type":3,"width":20.0579},{"bases":[[[0.888976,-0.439869,-0.12742],[0.43774,0.734435,0.518642],[-0.134553,-0.516837,0.845444]],[[0.89885,-0.371107,-0.233126],[0.0759146,0.655742,-0.751159],[0.431631,0.657481,0.617586]],[[0.89885,-0.371107,-0.233126],[-0.386785,-0.421615,-0.820145],[0.206072,0.827357,-0.522508]],[[0.89885,-0.371107,-0.233126],[-0.424719,-0.868808,-0.254532],[-0.108083,0.327799,-0.938544]]],"btipPosition":[35.8342,108.948,44.8591],"carpPosition":[46.0022,125.178,90.5236],"dipPosition":[33.8896,114.846,27.973],"direction":[-0.206072,-0.827357,0.522508],"extended":false,"handId":120,"id":1204,"length":52.723,"mcpPosition":[54.0272,156.003,40.0996],"pipPosition":[38.0967,131.737,17.3058],"stabilizedTipPosition":[36.022,109.574,40.5372],"timeVisible":8.05612,"tipPosition":[35.5781,110.922,40.4087],"tipVelocity":[2.13704,-0.226407,-3.13067],"tool":false,"touchDistance":0.333333,"touchZone":"none","type":4,"width":17.817}],"r":[[0.341225,-0.546702,0.764646],[0.783168,-0.284507,-0.552905],[0.519821,0.787511,0.331079]],"s":1.19058,"t":[22.1936,-33.8083,-37.1397],"timestamp":17762983779},{"currentFrameRate":115.132,"devices":[],"gestures":[],"hands":[{"armBasis":[[0.979742,0.114624,-0.164216],[0.149435,0.127458,0.980522],[0.133322,-0.985198,0.107747]],"armWidth":69.1276,"confidence":1,"direction":[-0.11645,0.624928,-0.771949],"elbow":[71.1296,-174.84,139.25],"grabAngle":3.14159,"grabStrength":1,"id":120,"palmNormal":[-0.0952849,-0.780681,-0.617623],"palmPosition":[16.4647,149.337,54.3314],"palmVelocity":[-1.42118,1.88439,-2.16122],"palmWidth":93.5899,"pinchDistance":17.889,"pinchStrength":1,"r":[[0.34127,-0.546789,0.764563],[0.783182,-0.284373,-0.552954],[0.51977,0.787499,0.331187]],"s":1.18987,"sphereCenter":[15.0795,124.96,17.2305],"sphereRadius":37.346,"stabilizedPalmPosition":[15.7185,148.129,52.7586],"t":[22.1871,-33.8032,-37.1589],"timeVisible":8.06498,"type":"right","wrist":[34.1042,98.7643,109.327]}],"id":79062,"interactionBox":{"center":[0,200,0],"size":[235.247,235.247,147.751]},"pointables":[{"bases":[[[0.460318,0.819549,0.341243],[-0.707573,0.106559,0.69856],[0.536142,-0.563014,0.628941]],[[0.313617,0.933226,0.175309],[-0.926193,0.259948,0.273118],[0.209309,-0.248024,0.945872]],[[0.313617,0.933226,0.175309],[-0.944712,0.325267,-0.0414689],[-0.0957221,-0.152611,0.98364]],[[0.313617,0.933226,0.175309],[-0.82173,0.35925,-0.442379],[-0.475819,-0.0053189,0.879527]]],"btipPosition":[5.7534,125.555,-6.01677],"carpPosition":[1.46989,107.259,99.0403],"dipPosition":[-5.87022,125.425,15.4689],"direction":[0.0957221,0.152611,-0.98364],"extended":false,"handId":120,"id":1200,"length":54.399,"mcpPosition":[1.46989,107.259,99.0403],"pipPosition":[-9.27687,119.994,50.4756],"stabilizedTipPosition":[5.1491,124.417,-1.14938],"timeVisible":8.06498,"tipPosition":[4.39038,123.721,-0.816766],"tipVelocity":[-2.2906,1.73148,-2.66329],"tool":false,"touchDistance":0.331756,"touchZone":"hovering","type":0,"width":22.469},{"bases":[[[0.955029,0.103317,-0.277932],[0.0525786,0.86347,0.501651],[0.291815,-0.493705,0.819207]],[[0.991834,0.013294,-0.126838],[-0.0280127,0.992973,-0.114977],[0.124418,0.117591,0.985237]],[[0.991834,0.013294,-0.126838],[-0.126887,0.20278,-0.970968],[0.0128121,0.979134,0.202811]],[[0.991834,0.013294,-0.126838],[-0.0908904,-0.623979,-0.776137],[-0.089462,0.781328,-0.617676]]],"btipPosition":[-16.0834,123.274,1.44359],"carpPosition":[10.306,129.825,101.718],"dipPosition":[-17.6788,137.208,-9.57199],"direction":[-0.0128121,-0.979134,-0.202811],"extended":false,"handId":120,"id":1201,"length":61.3832,"mcpPosition":[-11.7762,167.184,39.7268],"pipPosition":[-17.3556,161.911,-4.45525],"stabilizedTipPosition":[-12.7064,106.599,26.8728],"timeVisible":8.06498,"tipPosition":[-15.8615,122.105,1.74395],"tipVelocity":[-7.5857,58.476,-19.4829],"tool":false,"touchDistance":0.333333,"touchZone":"hovering","type":1,"width":21.4623},{"bases":[[[0.962623,-0.113059,-0.246119],[0.219675,0.857458,0.465306],[0.158429,-0.50198,0.850245]],[[0.970391,-0.142956,-0.194692],[-0.0846307,0.553713,-0.828396],[0.226228,0.820345,0.52522]],[[0.970391,-0.142956,-0.194692],[-0.240162,-0.657013,-0.714602],[-0.0257579,0.740201,-0.671892]],[[0.970391,-0.142956,-0.194692],[-0.155724,-0.986439,-0.0518519],[-0.184639,0.0806347,-0.979493]]],"btipPosition":[3.8219,104.128,50.3338],"carpPosition":[22.1866,132.93,98.6174],"dipPosition":[0.200193,105.71,31.121],"direction":[0.0257579,-0.740201,0.671892],"extended":false,"handId":120,"id":1202,"length":69.9412,"mcpPosition":[10.8175,168.953,37.6026],"pipPosition":[-0.56435,127.68,11.178],"stabilizedTipPosition":[2.90017,102.678,44.6198],"timeVisible":8.06498,"tipPosition":[1.63483,102.046,40.3826],"tipVelocity":[-1.2242,-1.30243,-4.281],"tool":false,"touchDistance":0.333333,"touchZone":"none","type":2,"width":21.0789},{"bases":[[[0.956128,-0.250012,-0.152687],[0.292827,0.83075,0.473399],[0.00848931,-0.497341,0.867514]],[[0.953898,-0.21974,-0.204432],[-0.0449287,0.568922,-0.821163],[0.296748,0.792491,0.532821]],[[0.953898,-0.21974,-0.204432],[-0.296659,-0.587026,-0.753256],[0.0455135,0.779176,-0.62515]],[[0.953898,-0.21974,-0.204432],[-0.243603,-0.964738,-0.0996949],[-0.175316,0.144899,-0.973791]]],"btipPosition":[22.0773,102.455,51.5611],"carpPosition":[34.3605,132.726,95.2362],"dipPosition":[18.6582,105.281,32.5699],"direction":[-0.0455135,-0.779176,0.62515],"extended":false,"handId":120,"id":1203,"length":67.2504,"mcpPosition":[33.8135,164.77,39.3424],"pipPosition":[19.9742,127.811,14.4935],"stabilizedTipPosition":[22.0657,100.931,46.205],"timeVisible":8.06498,"tipPosition":[21.2506,104.335,47.1333],"tipVelocity":[-0.881128,0.727419,-3.15941],"tool":false,"touchDistance":0.333333,"touchZone":"none","type":3,"width":20.0579},{"bases":[[[0.889069,-0.439698,-0.127362],[0.437567,0.734526,0.518658],[-0.134502,-0.516853,0.845442]],[[0.898936,-0.37095,-0.233046],[0.0757578,0.655589,-0.751308],[0.431481,0.657723,0.617435]],[[0.898936,-0.37095,-0.233046],[-0.386671,-0.421815,-0.820096],[0.205913,0.827326,-0.52262]],[[0.898936,-0.37095,-0.233046],[-0.424512,-0.868983,-0.254281],[-0.108187,0.327513,-0.938632]]],"btipPosition":[35.8318,108.969,44.8516],"carpPosition":[45.9922,125.201,90.5065],"dipPosition":[33.8854,114.862,27.9639],"direction":[-0.205913,-0.827326,0.52262],"extended":false,"handId":120,"id":1204,"length":52.723,"mcpPosition":[54.0142,156.027,40.0826],"pipPosition":[38.0892,131.752,17.2944],"stabilizedTipPosition":[36.0204,109.576,40.5383],"timeVisible":8.06498,"tipPosition":[35.5737,110.942,40.3916],"tipVelocity":[-0.3164,2.20395,-0.890657],"tool":false,"touchDistance":0.333333,"touchZone":"none","type":4,"width":17.817}],"r"