{"frames":57,"data":[{"currentFrameRate":65.8101,"devices":[],"gestures":[],"hands":[{"armBasis":[[0.946115,0.0960779,-0.309251],[0.18629,0.619656,0.762445],[0.264883,-0.778971,0.568367]],"armWidth":56.6405,"confidence":1,"direction":[0.16553,0.863175,-0.477],"elbow":[101.608,-3.98439,264.251],"grabAngle":2.89325,"grabStrength":0,"id":69,"palmNormal":[-0.156067,-0.454651,-0.87689],"palmPosition":[38.7803,236.585,94.3223],"palmVelocity":[68.9224,-49.4324,-966.473],"palmWidth":79.644,"pinchDistance":41.2518,"pinchStrength":0.348425,"r":[[0.99819,0.0239159,-0.0551875],[-0.00947709,0.968625,0.248347],[0.0593954,-0.247374,0.967098]],"s":1.03563,"sphereCenter":[43.5788,228.324,52.9759],"sphereRadius":40.5881,"stabilizedPalmPosition":[31.7155,221.846,194.357],"t":[-56.025,52.1132,-48.0915],"timeVisible":24.4463,"type":"right","wrist":[39.0074,180.111,129.927]}],"id":42657,"interactionBox":{"center":[0,200,0],"size":[235.247,235.247,147.751]},"pointables":[{"bases":[[[0.987746,-0.0715497,-0.1387],[0.154293,0.581316,0.798915],[0.0234664,-0.810526,0.585232]],[[0.985348,-0.150017,-0.0811419],[0.170309,0.839904,0.515322],[-0.0091554,-0.52159,0.853147]],[[0.985348,-0.150017,-0.0811419],[0.168537,0.929406,0.328328],[0.0261591,-0.337193,0.941072]],[[0.985348,-0.150017,-0.0811419],[0.162426,0.970508,0.178134],[0.0520258,-0.188703,0.980655]]],"btipPosition":[20.3738,290.641,20.3565],"carpPosition":[22.8696,208.952,124.531],"dipPosition":[21.1499,287.826,34.9848],"direction":[-0.0261591,0.337193,-0.941072],"extended":true,"handId":69,"id":691,"length":51.343,"mcpPosition":[21.3585,261.146,86.8445],"pipPosition":[21.7019,280.711,54.8437],"stabilizedTipPosition":[2.56224,294.469,155.045],"timeVisible":24.4463,"tipPosition":[20.1823,287.172,23.0334],"tipVelocity":[169.56,-329.273,-1253.27],"tool":false,"touchDistance":-0.711218,"touchZone":"hovering","type":1,"width":17.3092},{"bases":[[[0.563736,0.486721,0.667311],[-0.778495,0.0431891,0.626163],[0.275946,-0.872489,0.403257]],[[0.473265,0.695679,0.540417],[-0.871052,0.277996,0.404952],[0.131483,-0.662381,0.737539]],[[0.473265,0.695679,0.540417],[-0.861887,0.492505,0.120787],[-0.182129,-0.522943,0.832682]],[[0.473265,0.695679,0.540417],[-0.774239,0.621116,-0.12153],[-0.420207,-0.360896,0.832574]]],"btipPosition":[20.0364,246.519,40.3859],"carpPosition":[11.7736,194.636,114.41],"dipPosition":[11.4503,239.144,57.3979],"direction":[0.182129,0.522943,-0.832682],"extended":false,"handId":69,"id":690,"length":45.5012,"mcpPosition":[11.7736,194.636,114.41],"pipPosition":[6.02873,223.578,82.185],"stabilizedTipPosition":[2.65767,250.158,164.386],"timeVisible":24.4463,"tipPosition":[18.6011,246.981,45.7211],"tipVelocity":[131.738,-335.559,-1071.41],"tool":false,"touchDistance":-0.413853,"touchZone":"hovering","type":0,"width":18.121},{"bases":[[[0.940963,-0.278442,-0.192507],[0.31954,0.542915,0.776619],[-0.111728,-0.792284,0.599836]],[[0.942443,-0.267255,-0.200937],[0.141185,0.862819,-0.485398],[0.303097,0.429091,0.85089]],[[0.942443,-0.267255,-0.200937],[-0.289401,-0.350982,-0.890538],[0.167476,0.897433,-0.408125]],[[0.942443,-0.267255,-0.200937],[-0.330004,-0.840217,-0.430271],[-0.0538386,0.471815,-0.880052]]],"btipPosition":[24.4121,209.778,76.0738],"carpPosition":[33.6187,209.473,123.941],"dipPosition":[23.5288,217.519,61.6351],"direction":[-0.167476,-0.897433,0.408125],"extended":false,"handId":69,"id":692,"length":58.5013,"mcpPosition":[40.4418,257.857,87.31],"pipPosition":[27.6867,239.799,51.5026],"stabilizedTipPosition":[13.77,207.764,175.33],"timeVisible":24.4463,"tipPosition":[23.4676,212.374,72.3388],"tipVelocity":[119.312,-167.452,-877.341],"tool":false,"touchDistance":0.333333,"touchZone":"none","type":2,"width":16.9999},{"bases":[[[0.887482,-0.432128,-0.160132],[0.382226,0.496101,0.779607],[-0.257448,-0.753093,0.605451]],[[0.894857,-0.40917,-0.178357],[0.273848,0.818824,-0.504514],[0.352475,0.402625,0.844781]],[[0.894857,-0.40917,-0.178357],[-0.323957,-0.320486,-0.890135],[0.307056,0.854323,-0.419343]],[[0.894857,-0.40917,-0.178357],[-0.44562,-0.796075,-0.409496],[0.0255682,0.44592,-0.894708]]],"btipPosition":[36.5422,205.14,80.6494],"carpPosition":[44.0195,207.49,122.062],"dipPosition":[36.9593,212.414,66.0545],"direction":[-0.307056,-0.854323,0.419343],"extended":false,"handId":69,"id":693,"length":56.2505,"mcpPosition":[58.1351,248.782,88.866],"pipPosition":[44.3856,233.076,55.9124],"stabilizedTipPosition":[28.5179,202.839,176.493],"timeVisible":24.4463,"tipPosition":[37.0258,207.158,77.0234],"tipVelocity":[80.9206,-121.33,-824.682],"tool":false,"touchDistance":0.333333,"touchZone":"none","type":3,"width":16.1765},{"bases":[[[0.776284,-0.592376,-0.215579],[0.491353,0.354354,0.795617],[-0.394913,-0.72355,0.566145]],[[0.691092,-0.714569,-0.108544],[0.588889,0.643767,-0.488645],[0.419048,0.273779,0.865704]],[[0.691092,-0.714569,-0.108544],[-0.346493,-0.195755,-0.9174],[0.634298,0.671618,-0.382879]],[[0.691092,-0.714569,-0.108544],[-0.673523,-0.582219,-0.455399],[0.262218,0.38783,-0.883646]]],"btipPosition":[45.1183,211.431,81.0601],"carpPosition":[52.7885,200.464,116.684],"dipPosition":[49.0644,217.267,67.7622],"direction":[-0.634298,-0.671618,0.382879],"extended":false,"handId":69,"id":694,"length":44.0994,"mcpPosition":[72.8322,237.188,87.9493],"pipPosition":[59.8957,228.736,61.2241],"stabilizedTipPosition":[42.3586,204.881,174.304],"timeVisible":24.4463,"tipPosition":[49.9413,209.986,77.689],"tipVelocity":[74.7444,-91.2304,-847.127],"tool":false,"touchDistance":0.333333,"touchZone":"none","type":4,"width":14.3692}],"r":[[0.99819,0.0239159,-0.0551875],[-0.00947709,0.968625,0.248347],[0.0593954,-0.247374,0.967098]],"s":1.03563,"t":[-56.025,52.1132,-48.0915],"timestamp":1130974775118},{"currentFrameRate":65.1278,"devices":[],"gestures":[{"direction":[0.156232,-0.0994706,-0.982699],"duration":0,"handIds":[69],"id":16,"pointableIds":[691],"position":[23.7512,282.584,1.10963],"speed":283.583,"startPosition":[0.570024,297.344,146.919],"state":"start","type":"swipe"}],"hands":[{"armBasis":[[0.953273,0.0997695,-0.285162],[0.150893,0.660498,0.735509],[0.26173,-0.74417,0.61458]],"armWidth":56.6405,"confidence":1,"direction":[0.170092,0.825635,-0.537954],"elbow":[101.906,4.74969,260.998],"grabAngle":2.87564,"grabStrength":0,"id":69,"palmNormal":[-0.122976,-0.523857,-0.842883],"palmPosition":[40.2131,234.286,76.045],"palmVelocity":[82.5343,-132.424,-1052.84],"palmWidth":79.644,"pinchDistance":40.3941,"pinchStrength":0.359032,"r":[[0.999098,0.0255001,-0.0339651],[-0.018398,0.980622,0.195042],[0.0382805,-0.194242,0.980207]],"s":1.03596,"sphereCenter":[44.9828,223.567,35.8795],"sphereRadius":40.0395,"stabilizedPalmPosition":[31.7158,221.847,194.352],"t":[-54.7667,50.8767,-65.0576],"timeVisible":24.4636,"type":"right","wrist":[40.0507,180.621,115.753]}],"id":42658,"interactionBox":{"center":[0,200,0],"size":[235.247,235.247,147.751]},"pointables":[{"bases":[[[0.992403,-0.067923,-0.102576],[0.122137,0.644016,0.755199],[0.0147652,-0.761991,0.64742]],[[0.989068,-0.142317,-0.0385948],[0.144336,0.880808,0.450938],[-0.0301817,-0.451579,0.891721]],[[0.989068,-0.142317,-0.0385948],[0.147409,0.947503,0.283742],[-0.00381274,-0.286329,0.958124]],[[0.989068,-0.142317,-0.0385948],[0.146391,0.979113,0.141096],[0.0177083,-0.145203,0.989243]]],"btipPosition":[23.6905,283.083,-2.28436],"carpPosition":[23.6929,208.867,107.83],"dipPosition":[23.9546,280.917,12.4721],"direction":[0.00381274,0.286329,-0.958124],"extended":true,"handId":69,"id":691,"length":51.343,"mcpPosition":[22.7421,257.936,66.1385],"pipPosition":[23.8742,274.874,32.6908],"stabilizedTipPosition":[2.58925,294.454,154.849],"timeVisible":24.4636,"tipPosition":[23.2874,279.089,0.511815],"tipVelocity":[184.269,-426.805,-1302.5],"tool":false,"touchDistance":-1,"touchZone":"hovering","type":1,"width":17.3092},{"bases":[[[0.536617,0.545348,0.643923],[-0.798252,0.0806828,0.596896],[0.273563,-0.834317,0.478621]],[[0.443257,0.749666,0.491451],[-0.887828,0.291543,0.356039],[0.123631,-0.594141,0.794803]],[[0.443257,0.749666,0.491451],[-0.874042,0.483127,0.0513608],[-0.19893,-0.452315,0.869389]],[[0.443257,0.749666,0.491451],[-0.779474,0.593086,-0.201667],[-0.442656,-0.293683,0.847234]]],"btipPosition":[22.6573,239.072,20.6112],"carpPosition":[13.0926,193.647,98.5299],"dipPosition":[13.6125,233.072,37.9227],"direction":[0.19893,0.452315,-0.869389],"extended":false,"handId":69,"id":690,"length":45.5012,"mcpPosition":[13.0926,193.647,98.5299],"pipPosition":[7.69081,219.607,63.8025],"stabilizedTipPosition":[2.67934,250.143,164.217],"timeVisible":24.4636,"tipPosition":[21.4037,240.422,26.1059],"tipVelocity":[144.896,-410.732,-1135.13],"tool":false,"touchDistance":-0.696389,"touchZone":"hovering","type":0,"width":18.121},{"bases":[[[0.949815,-0.279033,-0.141394],[0.28845,0.606376,0.741016],[-0.12103,-0.744613,0.656432]],[[0.950243,-0.276362,-0.143747],[0.157068,0.823562,-0.545046],[0.269014,0.495348,0.825991]],[[0.950243,-0.276362,-0.143747],[-0.253932,-0.419914,-0.871315],[0.180437,0.864463,-0.469198]],[[0.950243,-0.276362,-0.143747],[-0.310838,-0.871506,-0.379284],[-0.0204568,0.405094,-0.914046]]],"btipPosition":[26.3745,206.014,59.3259],"carpPosition":[34.4482,209.495,107.527],"dipPosition":[26.0389,212.66,44.3294],"direction":[-0.180437,-0.864463,0.469198],"extended":false,"handId":69,"id":692,"length":58.5013,"mcpPosition":[41.8393,254.968,67.4403],"pipPosition":[30.5186,234.122,32.6807],"stabilizedTipPosition":[13.7714,207.764,175.316],"timeVisible":24.4636,"tipPosition":[25.9004,208.199,55.58],"tipVelocity":[120.295,-231.319,-972.131],"tool":false,"touchDistance":0.333333,"touchZone":"none","type":2,"width":16.9999},{"bases":[[[0.897186,-0.43048,-0.0987097],[0.351568,0.560845,0.749568],[-0.267313,-0.707206,0.654525]],[[0.896001,-0.433588,-0.0958288],[0.312141,0.768486,-0.558567],[0.315831,0.470565,0.823905]],[[0.896001,-0.433588,-0.0958288],[-0.282535,-0.390174,-0.876321],[0.342572,0.81226,-0.4721]],[[0.896001,-0.433588,-0.0958288],[-0.436864,-0.822059,-0.365197],[0.0795681,0.369081,-0.925985]]],"btipPosition":[37.679,202.276,64.624],"carpPosition":[44.9259,207.522,106.127],"dipPosition":[38.977,208.297,49.5189],"direction":[-0.342572,-0.81226,0.4721],"extended":false,"handId":69,"id":693,"length":56.2505,"mcpPosition":[59.5824,246.298,70.24],"pipPosition":[47.2623,227.942,38.1008],"stabilizedTipPosition":[28.5184,202.839,176.487],"timeVisible":24.4636,"tipPosition":[39.2612,203.583,61.0673],"tipVelocity":[77.1578,-181.567,-929.883],"tool":false,"touchDistance":0.333333,"touchZone":"none","type":3,"width":16.1765},{"bases":[[[0.789713,-0.596149,-0.144777],[0.461827,0.422364,0.779952],[-0.403819,-0.6828,0.608864]],[[0.686551,-0.726968,-0.0128503],[0.618756,0.593454,-0.514735],[0.381822,0.345441,0.857253]],[[0.686551,-0.726968,-0.0128503],[-0.299906,-0.267044,-0.91583],[0.662347,0.632618,-0.401361]],[[0.686551,-0.726968,-0.0128503],[-0.654757,-0.610477,-0.445658],[0.316134,0.314381,-0.895111]]],"btipPosition":[46.5837,208.682,64.5422],"carpPosition":[53.9431,200.225,101.585],"dipPosition":[51.3412,213.413,51.0718],"direction":[-0.662347,-0.632618,0.401361],"extended":false,"handId":69,"id":694,"length":44.0994,"mcpPosition":[74.4388,234.88,70.6823],"pipPosition":[62.6516,224.216,44.2181],"stabilizedTipPosition":[42.3587,204.881,174.301],"timeVisible":24.4636,"tipPosition":[51.9732,206.797,61.8718],"tipVelocity":[95.1652,-172.976,-953.778],"tool":false,"touchDistance":0.333333,"touchZone":"none","type":4,"width":14.3692}],"r":[[0.999098,0.0255001,-0.0339651],[-0.018398,0.980622,0.195042],[0.0382805,-0.194242,0.980207]],"s":1.03596,"t":[-54.7667,50.8767,-65.0576],"timestamp":1130974792478},{"currentFrameRate":64.5141,"devices":[],"gestures":[{"direction":[0.152912,-0.13697,-0.978702],"duration":17322,"handIds":[69],"id":16,"pointableIds":[691],"position":[27.3328,273.507,-21.723],"speed":275.727,"startPosition":[0.570024,297.344,146.919],"state":"update","type":"swipe"}],"hands":[{"armBasis":[[0.958127,0.102069,-0.267535],[0.125084,0.691264,0.711694],[0.257579,-0.715358,0.649551]],"armWidth":56.6405,"confidence":1,"direction":[0.17829,0.772297,-0.609729],"elbow":[102.482,12.1158,255.138],"grabAngle":2.85262,"grabStrength":0,"id":69,"palmNormal":[-0.104074,-0.601381,-0.792155],"palmPosition":[42.3448,231.192,57.4285],"palmVelocity":[123.063,-178.623,-1074.73],"palmWidth":79.644,"pinchDistance":39.9877,"pinchStrength":0.371446,"r":[[0.999514,0.0280688,-0.013535],[-0.0260205,0.99076,0.133106],[0.0171461,-0.132689,0.991009]],"s":1.03646,"sphereCenter":[47.9409,216.879,18.4045],"sphereRadius":40.1561,"stabilizedPalmPosition":[31.7158,221.847,194.352],"t":[-53.0717,48.7114,-82.8489],"timeVisible":24.4809,"type":"right","wrist":[41.6082,181.178,101.628]}],"id":42659,"interactionBox":{"center":[0,200,0],"size":[235.247,235.247,147.751]},"pointables":[{"bases":[[[0.994503,-0.0721141,-0.0759112],[0.104624,0.712762,0.693559],[0.00409125,-0.697689,0.716389]],[[0.99028,-0.138929,-0.00660898],[0.131051,0.916102,0.378923],[-0.046589,-0.376106,0.925405]],[[0.99028,-0.138929,-0.00660898],[0.136846,0.964733,0.224861],[-0.0248639,-0.22358,0.974368]],[[0.99028,-0.138929,-0.00660898],[0.138991,0.98672,0.084049],[-0.00515565,-0.0841507,0.99644]]],"btipPosition":[27.3504,273.796,-25.1417],"carpPosition":[25.2648,208.787,91.1273],"dipPosition":[27.2735,272.541,-10.2779],"direction":[0.0248639,0.22358,-0.974368],"extended":true,"handId":69,"id":691,"length":51.343,"mcpPosition":[25.0013,253.715,44.9948],"pipPosition":[26.7489,267.823,10.2836],"stabilizedTipPosition":[2.64515,294.407,154.45],"timeVisible":24.4809,"tipPosition":[26.8577,269.034,-22.2561],"tipVelocity":[206.762,-524.017,-1318.13],"tool":false,"touchDistance":-1,"touchZone":"hovering","type":1,"width":17.3092},{"bases":[[[0.521606,0.606225,0.600349],[-0.810495,0.132279,0.570614],[0.266507,-0.784215,0.56034]],[[0.427884,0.798982,0.422543],[-0.896248,0.314629,0.312647],[0.116855,-0.51248,0.850711]],[[0.427884,0.798982,0.422543],[-0.879552,0.475721,-0.00886666],[-0.208097,-0.367854,0.9063]],[[0.427884,0.798982,0.422543],[-0.781034,0.56213,-0.27202],[-0.454863,-0.213627,0.864559]]],"btipPosition":[25.2891,230.413,1.27646],"carpPosition":[14.9061,192.706,83.0907],"dipPosition":[15.9949,226.048,18.942],"direction":[0.208097,0.367854,-0.9063],"extended":false,"handId":69,"id":690,"length":45.5012,"mcpPosition":[14.9061,192.706,83.0907],"pipPosition":[9.80035,215.098,45.9205],"stabilizedTipPosition":[2.73313,250.088,163.8],"timeVisible":24.4809,"tipPosition":[24.4765,232.377,6.70745],"tipVelocity":[148.624,-478.184,-1111.49],"tool":false,"touchDistance":-0.943883,"touchZone":"hovering","type":0,"width":18.121},{"bases":[[[0.953408,-0.286156,-0.0955416],[0.271315,0.674819,0.6863],[-0.131916,-0.680246,0.721016]],[[0.955152,-0.27666,-0.105568],[0.159032,0.779997,-0.605238],[0.249788,0.561305,0.789013]],[[0.955152,-0.27666,-0.105568],[-0.234979,-0.491195,-0.838756],[0.180196,0.825946,-0.534175]],[[0.955152,-0.27666,-0.105568],[-0.296044,-0.900098,-0.31966],[-0.00658489,0.336576,-0.941633]]],"btipPosition":[29.2005,201.333,42.4583],"carpPosition":[36.0219,209.44,90.9819],"dipPosition":[29.0924,206.855,27.0092],"direction":[-0.180196,-0.825946,0.534175],"extended":false,"handId":69,"id":692,"length":58.5013,"mcpPosition":[44.0778,250.981,46.9508],"pipPosition":[33.5661,227.36,13.7473],"stabilizedTipPosition":[13.7755,207.763,175.28],"timeVisible":24.4809,"tipPosition":[28.5673,203.195,39.2115],"tipVelocity":[166.165,-285.182,-979.777],"tool":false,"touchDistance":0.333333,"touchZone":"none","type":2,"width":16.9999},{"bases":[[[0.90042,-0.433192,-0.0398593],[0.334395,0.630621,0.700355],[-0.278252,-0.643942,0.712681]],[[0.899305,-0.435753,-0.0370211],[0.324227,0.721152,-0.612223],[0.293476,0.538571,0.789818]],[[0.899305,-0.435753,-0.0370211],[-0.258349,-0.461055,-0.848931],[0.352856,0.773012,-0.527205]],[[0.899305,-0.435753,-0.0370211],[-0.424691,-0.849995,-0.311682],[0.104348,0.296019,-0.949465]]],"btipPosition":[40.1044,198.172,48.3365],"carpPosition":[46.5323,207.398,89.9827],"dipPosition":[41.8065,203,32.8484],"direction":[-0.352856,-0.773012,0.527205],"extended":false,"handId":69,"id":693,"length":56.2505,"mcpPosition":[61.7886,242.705,50.9071],"pipPosition":[50.3406,221.696,20.0975],"stabilizedTipPosition":[28.5198,202.839,176.471],"timeVisible":24.4809,"tipPosition":[41.7431,199.216,45.3629],"tipVelocity":[145.381,-252.765,-945.365],"tool":false,"touchDistance":0.333333,"touchZone":"none","type":3,"width":16.1765},{"bases":[[[0.794451,-0.603012,-0.0722737],[0.444467,0.496182,0.745823],[-0.41388,-0.624644,0.662211]],[[0.687669,-0.722555,0.0708916],[0.633146,0.549048,-0.545593],[0.355298,0.420072,0.835046]],[[0.687669,-0.722555,0.0708916],[-0.26789,-0.343279,-0.900219],[0.674793,0.600062,-0.429628]],[[0.687669,-0.722555,0.0708916],[-0.636319,-0.646839,-0.420355],[0.349585,0.243955,-0.904586]]],"btipPosition":[48.9182,204.571,47.8884],"carpPosition":[55.6641,199.753,86.3281],"dipPosition":[54.1791,208.242,34.2754],"direction":[-0.674793,-0.600062,0.429628],"extended":false,"handId":69,"id":694,"length":44.0994,"mcpPosition":[76.6704,231.457,52.7177],"pipPosition":[65.702,218.489,26.939],"stabilizedTipPosition":[42.3593,204.881,174.292],"timeVisible":24.4809,"tipPosition":[54.3133,202.664,46.088],"tipVelocity":[141.455,-251.423,-963.319],"tool":false,"touchDistance":0.333333,"touchZone":"none","type":4,"width":14.3692}],"r":[[0.999514,0.0280688,-0.013535],[-0.0260205,0.99076,0.133106],[0.0171461,-0.132689,0.991009]],"s":1.03646,"t":[-53.0717,48.7114,-82.8489],"timestamp":1130974809800},{"currentFrameRate":63.9651,"devices":[],"gestures":[{"direction":[0.153399,-0.181002,-0.971446],"duration":34599,"handIds":[69],"id":16,"pointableIds":[691],"position":[30.5849,263.16,-42.7502],"speed":268.358,"startPosition":[0.570024,297.344,146.919],"state":"update","type":"swipe"}],"hands":[{"armBasis":[[0.961839,0.100801,-0.25437],[0.105233,0.721872,0.683979],[0.252568,-0.684646,0.683717]],"armWidth":56.6405,"confidence":1,"direction":[0.183947,0.707608,-0.682242],"elbow":[103.152,19.5253,250.252],"grabAngle":2.82501,"grabStrength":0,"id":69,"palmNormal":[-0.0937383,-0.678294,-0.728787],"palmPosition":[44.6086,227.019,40.0418],"palmVelocity":[131.029,-241.536,-1006.35],"palmWidth":79.644,"pinchDistance":40.0545,"pinchStrength":0.382826,"r":[[0.999496,0.031442,0.00437729],[-0.0316553,0.997517,0.0629096],[-0.00238842,-0.0630165,0.99801]],"s":1.03829,"sphereCenter":[50.797,208.964,2.49481],"sphereRadius":40.431,"stabilizedPalmPosition":[31.717,221.847,194.338],"t":[-51.0923,45.5422,-100.438],"timeVisible":24.4982,"type":"right","wrist":[43.4618,181.329,88.6674]}],"id":42660,"interactionBox":{"center":[0,200,0],"size":[235.247,235.247,147.751]},"pointables":[{"bases":[[[0.995451,-0.0763903,-0.0569395],[0.0952305,0.779198,0.619501],[-0.00295673,-0.622105,0.782928]],[[0.990743,-0.134668,0.0170852],[0.122847,0.94301,0.309258],[-0.0577588,-0.304296,0.950825]],[[0.990743,-0.134668,0.0170852],[0.130084,0.977832,0.164083],[-0.0388032,-0.160341,0.986299]],[[0.990743,-0.134668,0.0170852],[0.134261,0.990677,0.0230924],[-0.0200358,-0.0205848,0.999587]]],"btipPosition":[30.6536,263.23,-46.1797],"carpPosition":[27.179,208.065,75.6263],"dipPosition":[30.3547,262.923,-31.2689],"direction":[0.0388032,0.160341,-0.986299],"extended":true,"handId":69,"id":691,"length":51.343,"mcpPosition":[27.3694,248.126,25.209],"pipPosition":[29.5359,259.54,-10.4556],"stabilizedTipPosition":[2.75521,294.284,153.673],"timeVisible":24.4982,"tipPosition":[30.0555,257.429,-43.1577],"tipVelocity":[188.234,-598.932,-1217.06],"tool":false,"touchDistance":-1,"touchZone":"hovering","type":1,"width":17.3092},{"bases":[[[0.513464,0.665083,0.542235],[-0.817323,0.186546,0.545146],[0.261416,-0.723094,0.639372]],[[0.419459,0.841293,0.340998],[-0.900322,0.337514,0.274782],[0.116081,-0.422268,0.899008]],[[0.419459,0.841293,0.340998],[-0.884124,0.463798,-0.0567052],[-0.20586,-0.277699,0.938352]],[[0.419459,0.841293,0.340998],[-0.78654,0.524369,-0.326179],[-0.453221,-0.13139,0.881662]]],"btipPosition":[27.261,220.627,-16.0976],"carpPosition":[16.9443,191.226,69.1305],"dipPosition":[18.0003,217.943,1.91732],"direction":[0.20586,0.277699,-0.938352],"extended":false,"handId":69,"id":690,"length":45.5012,"mcpPosition":[16.9443,191.226,69.1305],"pipPosition":[11.8723,209.676,29.85],"stabilizedTipPosition":[2.84272,249.941,162.94],"timeVisible":24.4982,"tipPosition":[27.2027,222.869,-10.8115],"tipVelocity":[114.578,-544.031,-1000.97],"tool":false,"touchDistance":-1,"touchZone":"hovering","type":0,"width":18.121},{"bases":[[[0.954982,-0.291444,-0.0554094],[0.262064,0.741219,0.617995],[-0.13904,-0.604694,0.784227]],[[0.958093,-0.276587,-0.0745486],[0.158832,0.729504,-0.665279],[0.238391,0.625558,0.742864]],[[0.958093,-0.276587,-0.0745486],[-0.223786,-0.560232,-0.797534],[0.178823,0.780794,-0.598651]],[[0.958093,-0.276587,-0.0745486],[-0.286454,-0.92378,-0.254115],[0.00141851,0.264821,-0.964297]]],"btipPosition":[31.9319,195.605,27.0694],"carpPosition":[37.9359,208.732,75.5386],"dipPosition":[31.9552,199.95,11.2485],"direction":[-0.178823,-0.780794,0.598651],"extended":false,"handId":69,"id":692,"length":58.5013,"mcpPosition":[46.4268,245.66,27.6472],"pipPosition":[36.3948,219.335,-3.61419],"stabilizedTipPosition":[13.7893,207.755,175.164],"timeVisible":24.4982,"tipPosition":[31.1459,197.25,24.5089],"tipVelocity":[159.845,-347.176,-895.665],"tool":false,"touchDistance":0.333333,"touchZone":"none","type":2,"width":16.9999},{"bases":[[[0.901621,-0.432295,0.0141717],[0.325058,0.698848,0.637141],[-0.285337,-0.569853,0.770617]],[[0.901962,-0.431613,0.0132496],[0.329924,0.669012,-0.666013],[0.278595,0.605089,0.745823]],[[0.901962,-0.431613,0.0132496],[-0.241944,-0.530542,-0.812397],[0.35767,0.729545,-0.582954]],[[0.901962,-0.431613,0.0132496],[-0.414759,-0.874465,-0.251567],[0.120166,0.221408,-0.967749]]],"btipPosition":[42.6274,193.017,33.4096],"carpPosition":[48.461,206.632,74.8696],"dipPosition":[44.5876,196.628,17.6232],"direction":[-0.35767,-0.729545,0.582954],"extended":false,"handId":69,"id":693,"length":56.2505,"mcpPosition":[64.1057,237.876,32.6174],"pipPosition":[53.2381,214.273,3.52403],"stabilizedTipPosition":[28.5255,202.835,176.414],"timeVisible":24.4982,"tipPosition":[44.143,193.982,31.1649],"tipVelocity":[149.471,-314.579,-867.945],"tool":false,"touchDistance":0.333333,"touchZone":"none","type":3,"width":16.1765},{"bases":[[[0.796351,-0.604831,-0.00220333],[0.434841,0.569994,0.697151],[-0.420403,-0.556135,0.716921]],[[0.696996,-0.703231,0.14022],[0.633045,0.511589,-0.580974],[0.336824,0.493702,0.801753]],[[0.696996,-0.703231,0.14022],[-0.245762,-0.41797,-0.874587],[0.673645,0.575123,-0.464151]],[[0.696996,-0.703231,0.14022],[-0.616369,-0.687474,-0.384016],[0.36645,0.181231,-0.912617]]],"btipPosition":[51.5701,199.123,32.6284],"carpPosition":[57.6487,198.686,72.1066],"dipPosition":[57.0848,201.85,18.8945],"direction":[-0.673645,-0.575123,0.464151],"extended":false,"handId":69,"id":694,"length":44.0994,"mcpPosition":[78.9861,226.912,35.7195],"pipPosition":[68.588,211.671,10.9686],"stabilizedTipPosition":[42.3625,204.879,174.247],"timeVisible":24.4982,"tipPosition":[56.5631,197.644,31.6493],"tipVelocity":[156.869,-327.901,-884.863],"tool":false,"touchDistance":0.333333,"touchZone":"none","type":4,"width":14.3692}],"r":[[0.999496,0.031442,0.00437729],[-0.0316553,0.997517,0.0629096],[-0.00238842,-0.0630165,0.99801]],"s":1.03829,"t":[-51.0923,45.5422,-100.438],"timestamp":1130974827077},{"currentFrameRate":63.4457,"devices":[],"gestures":[{"direction":[0.154256,-0.21371,-0.964642],"duration":51928,"handIds":[69],"id":16,"pointableIds":[691],"position":[33.4799,255.148,-59.5096],"speed":264.127,"startPosition":[0.570024,297.344,146.919],"state":"update","type":"swipe"}],"hands":[{"armBasis":[[0.965056,0.101366,-0.241645],[0.085033,0.751112,0.654676],[0.247864,-0.652346,0.716245]],"armWidth":56.6405,"confidence":1,"direction":[0.187995,0.64723,-0.73875],"elbow":[103.628,27.8652,247.226],"grabAngle":2.79593,"grabStrength":0,"id":69,"palmNormal":[-0.0815716,-0.739273,-0.668447],"palmPosition":[46.5167,223.662,25.8391],"palmVelocity":[110.113,-193.741,-819.589],"palmWidth":79.644,"pinchDistance":40.9457,"pinchStrength":0.395736,"r":[[0.999131,0.0364744,0.0201516],[-0.0362597,0.999283,-0.0109222],[-0.0205355,0.010182,0.999737]],"s":1.04258,"sphereCenter":[53.8599,202.421,-10.1981],"sphereRadius":40.9636,"stabilizedPalmPosition":[31.7189,221.847,194.317],"t":[-49.1485,42.279,-116.334],"timeVisible":24.5155,"type":"right","wrist":[45.0499,182.036,77.9541]}],"id":42661,"interactionBox":{"center":[0,200,0],"size":[235.247,235.247,147.751]},"pointables":[{"bases":[[[0.996446,-0.0746147,-0.0390772],[0.0837824,0.830372,0.550874],[-0.00865467,-0.552191,0.833673]],[[0.991369,-0.125398,0.038244],[0.111052,0.958278,0.263382],[-0.0696759,-0.256862,0.963933]],[[0.991369,-0.125398,0.038244],[0.11984,0.985086,0.123465],[-0.0531559,-0.117816,0.991612]],[[0.991369,-0.125398,0.038244],[0.126183,0.991828,-0.0188626],[-0.0355661,0.0235256,0.99909]]],"btipPosition":[33.6019,255.068,-62.9374],"carpPosition":[28.7788,207.739,62.7327],"dipPosition":[33.0713,255.418,-48.034],"direction":[0.0531559,0.117816,-0.991612],"extended":true,"handId":69,"id":691,"length":51.343,"mcpPosition":[29.3361,243.298,9.04771],"pipPosition":[31.9496,252.932,-27.1086],"stabilizedTipPosition":[2.92995,294.061,152.461],"timeVisible":24.5155,"tipPosition":[32.8797,248.039,-59.7813],"tipVelocity":[167.059,-462.315,-967.131],"tool":false,"touchDistance":-1,"touchZone":"hovering","type":1,"width":17.3092},{"bases":[[[0.503501,0.712706,0.488403],[-0.824601,0.227654,0.517886],[0.257914,-0.663494,0.702322]],[[0.410145,0.871097,0.270131],[-0.904899,0.351742,0.239656],[0.113747,-0.342735,0.932521]],[[0.410145,0.871097,0.270131],[-0.889115,0.447866,-0.0942855],[-0.203114,-0.201507,0.958196]],[[0.410145,0.871097,0.270131],[-0.793687,0.486818,-0.364785],[-0.449268,-0.0647846,0.891045]]],"btipPosition":[28.9683,212.634,-29.8718],"carpPosition":[18.7121,190.337,57.603],"dipPosition":[19.7884,211.31,-11.6651],"direction":[0.203114,0.201507,-0.958196],"extended":false,"handId":69,"id":690,"length":45.5012,"mcpPosition":[18.7121,190.337,57.603],"pipPosition":[13.7421,205.312,16.8583],"stabilizedTipPosition":[3.0307,249.647,161.463],"timeVisible":24.5155,"tipPosition":[29.5654,214.875,-24.7128],"tipVelocity":[99.5957,-443.217,-792.317],"tool":false,"touchDistance":-1,"touchZone":"hovering","type":0,"width":18.121},{"bases":[[[0.957135,-0.288989,-0.0194199],[0.250827,0.793479,0.554506],[-0.144837,-0.535609,0.831953]],[[0.962088,-0.267717,-0.0520997],[0.153347,0.68894,-0.708411],[0.225547,0.673564,0.703875]],[[0.962088,-0.267717,-0.0520997],[-0.212018,-0.613955,-0.760334],[0.171568,0.742554,-0.647439]],[[0.962088,-0.267717,-0.0520997],[-0.272701,-0.941032,-0.200234],[0.00457856,0.20685,-0.978362]]],"btipPosition":[34.5509,191,14.4062],"carpPosition":[39.5322,208.465,62.7071],"dipPosition":[34.6261,194.393,-1.64555],"direction":[-0.171568,-0.742554,0.647439],"extended":false,"handId":69,"id":692,"length":58.5013,"mcpPosition":[48.3771,241.174,11.9012],"pipPosition":[38.8856,212.829,-17.7195],"stabilizedTipPosition":[13.819,207.732,174.929],"timeVisible":24.5155,"tipPosition":[33.4807,192.52,12.6412],"tipVelocity":[151.824,-278.391,-733.818],"tool":false,"touchDistance":0.333333,"touchZone":"none","type":2,"width":16.9999},{"bases":[[[0.903739,-0.423647,0.061475],[0.313824,0.753326,0.57794],[-0.291153,-0.503015,0.81376]],[[0.909579,-0.413131,0.0445978],[0.321559,0.631833,-0.705256],[0.263185,0.655827,0.707548]],[[0.909579,-0.413131,0.0445978],[-0.227327,-0.584574,-0.778842],[0.347835,0.69828,-0.625632]],[[0.909579,-0.413131,0.0445978],[-0.396693,-0.895276,-0.202771],[0.123698,0.166745,-0.97821]]],"btipPosition":[45.3423,188.772,21.2092],"carpPosition":[50.0756,206.383,62.3388],"dipPosition":[47.3602,191.492,5.2522],"direction":[-0.347835,-0.69828,0.625632],"extended":false,"handId":69,"id":693,"length":56.2505,"mcpPosition":[66.0393,233.963,17.7211],"pipPosition":[55.7728,208.38,-9.8792],"stabilizedTipPosition":[28.5402,202.824,176.279],"timeVisible":24.5155,"tipPosition":[46.2975,189.938,19.6844],"tipVelocity":[157.434,-256.801,-706.31],"tool":false,"touchDistance":0.333333,"touchZone":"none","type":3,"width":16.1765},{"bases":[[[0.799608,-0.597627,0.0589026],[0.423604,0.630843,0.650074],[-0.42566,-0.494853,0.757584]],[[0.728779,-0.663557,0.169036],[0.605085,0.5085,-0.612617],[0.320551,0.548744,0.772093]],[[0.728779,-0.663557,0.169036],[-0.231951,-0.47149,-0.850821],[0.644267,0.580852,-0.497525]],[[0.728779,-0.663557,0.169036],[-0.584848,-0.731582,-0.350344],[0.356137,0.156463,-0.921241]]],"btipPosition":[54.6854,194.19,20.4482],"carpPosition":[59.338,198.287,60.375],"dipPosition":[60.0449,196.544,6.58451],"direction":[-0.644267,-0.580852,0.497525],"extended":false,"handId":69,"id":694,"length":44.0994,"mcpPosition":[80.9422,223.403,21.924],"pipPosition":[71.0465,206.463,-1.91131],"stabilizedTipPosition":[42.3758,204.869,174.093],"timeVisible":24.5155,"tipPosition":[58.4887,193.832,19.9035],"tipVelocity":[177.714,-289.627,-704.604],"tool":false,"touchDistance":0.333333,"touchZone":"none","type":4,"width":14.3692}],"r":[[0.999131,0.0364744,0.0201516],[-0.0362597,0.999283,-0.0109222],[-0.0205355,0.010182,0.999737]],"s":1.04258,"t":[-49.1485,42.279,-116.334],"timestamp":1130974844406},{"currentFrameRate":62.9365,"devices":[],"gestures":[{"direction":[0.148117,-0.221692,-0.963802],"duration":69366,"handIds":[69],"id":16,"pointableIds":[691],"position":[34.2173,250.176,-70.5609],"speed":262.179,"startPosition":[0.570024,297.344,146.919],"state":"update","type":"swipe"}],"hands":[{"armBasis":[[0.965173,0.0899408,-0.245667],[0.0866322,0.776183,0.624528],[0.246853,-0.62406,0.741359]],"armWidth":56.6405,"confidence":1,"direction":[0.187885,0.598253,-0.778969],"elbow":[104.352,35.768,245.973],"grabAngle":2.76969,"grabStrength":0,"id":69,"palmNormal":[-0.0877341,-0.7797,-0.619976],"palmPosition":[47.463,221.657,16.2469],"palmVelocity":[54.266,-114.973,-550.079],"palmWidth":79.644,"pinchDistance":43.3555,"pinchStrength":0.413219,"r":[[0.998685,0.0406874,0.0311954],[-0.0379917,0.995857,-0.0826136],[-0.0344275,0.0813198,0.996093]],"s":1.0476,"sphereCenter":[54.1862,198.514,-18.5869],"sphereRadius":41.0374,"stabilizedPalmPosition":[31.7207,221.847,194.296],"t":[-47.7035,39.6449,-129.078],"timeVisible":24.533,"type":"right","wrist":[46.0126,183.253,70.7657]}],"id":42662,"interactionBox":{"center":[0,200,0],"size":[235.247,235.247,147.751]},"pointables":[{"bases":[[[0.995923,-0.0817545,-0.0381182],[0.0898734,0.863163,0.496863],[-0.00771862,-0.498263,0.866991]],[[0.99138,-0.125288,0.0383308],[0.11282,0.96507,0.236457],[-0.0666171,-0.230094,0.970886]],[[0.99138,-0.125288,0.0383308],[0.121212,0.9881,0.0946922],[-0.0497385,-0.0892298,0.994768]],[[0.99138,-0.125288,0.0383308],[0.127085,0.990695,-0.0487106],[-0.0318713,0.053162,0.998077]]],"btipPosition":[34.3267,249.994,-73.9851],"carpPosition":[29.8058,208.187,54.1428],"dipPosition":[33.8512,250.787,-59.0969],"direction":[0.0497385,0.0892298,-0.994768],"extended":true,"handId":69,"id":691,"length":51.343,"mcpPosition":[30.3029,240.273,-1.68779],"pipPosition":[32.8016,248.904,-38.1049],"stabilizedTipPosition":[3.13397,293.775,151.007],"timeVisible":24.533,"tipPosition":[33.6741,242.014,-70.673],"tipVelocity":[42.2913,-285.125,-633.745],"tool":false,"touchDistance":-1,"touchZone":"hovering","type":1,"width":17.3092},{"bases":[[[0.508785,0.73975,0.440349],[-0.82139,0.263963,0.50561],[0.257789,-0.618946,0.741924]],[[0.414464,0.885227,0.211171],[-0.902415,0.369739,0.221224],[0.117755,-0.282254,0.952085]],[[0.414464,0.885227,0.211171],[-0.889269,0.443261,-0.112782],[-0.193441,-0.141044,0.970921]],[[0.414464,0.885227,0.211171],[-0.797047,0.46508,-0.385249],[-0.439244,-0.00864133,0.898326]]],"btipPosition":[29.2266,207.252,-38.6931],"carpPosition":[19.6383,190.544,50.1641],"dipPosition":[20.2515,207.075,-20.3376],"direction":[0.193441,0.141044,-0.970921],"extended":false,"handId":69,"id":690,"length":45.5012,"mcpPosition":[19.6383,190.544,50.1641],"pipPosition":[14.4932,202.876,8.56458],"stabilizedTipPosition":[3.30111,249.171,159.268],"timeVisible":24.533,"tipPosition":[30.1832,209.705,-33.604],"tipVelocity":[17.5145,-293.52,-503.904],"tool":false,"touchDistance":-1,"touchZone":"hovering","type":0,"width":18.121},{"bases":[[[0.955713,-0.294262,-0.00477487],[0.256761,0.825766,0.50218],[-0.14383,-0.481166,0.86475]],[[0.961177,-0.272506,-0.043345],[0.152912,0.656798,-0.7384],[0.229687,0.703105,0.672969]],[[0.961177,-0.272506,-0.043345],[-0.216424,-0.647085,-0.731055],[0.171169,0.712054,-0.680941]],[[0.961177,-0.272506,-0.043345],[-0.275917,-0.947589,-0.161076],[0.00282076,0.166782,-0.98599]]],"btipPosition":[35.384,188.24,5.9834],"carpPosition":[40.5622,208.859,54.0297],"dipPosition":[35.4303,190.976,-10.1935],"direction":[-0.171169,-0.712054,0.680941],"extended":false,"handId":69,"id":692,"length":58.5013,"mcpPosition":[49.3456,238.242,1.22093],"pipPosition":[39.6799,208.654,-27.0991],"stabilizedTipPosition":[13.8518,207.703,174.667],"timeVisible":24.533,"tipPosition":[34.3008,189.748,4.92476],"tipVelocity":[47.3935,-166.947,-484.663],"tool":false,"touchDistance":0.333333,"touchZone":"none","type":2,"width":16.9999},{"bases":[[[0.902037,-0.423269,0.0846895],[0.31967,0.786873,0.527866],[-0.290069,-0.449082,0.845095]],[[0.91107,-0.408304,0.05691],[0.315281,0.601155,-0.734309],[0.265609,0.68695,0.676426]],[[0.91107,-0.408304,0.05691],[-0.229612,-0.617234,-0.75253],[0.342388,0.672541,-0.656094]],[[0.91107,-0.408304,0.05691],[-0.39449,-0.903555,-0.167229],[0.119702,0.129907,-0.984274]]],"btipPosition":[46.4041,186.147,12.9554],"carpPosition":[51.0944,206.706,53.7534],"dipPosition":[48.3567,188.266,-3.1005],"direction":[-0.342388,-0.672541,0.656094],"extended":false,"handId":69,"id":693,"length":56.2505,"mcpPosition":[66.9986,231.329,7.41762],"pipPosition":[56.6376,204.532,-18.9686],"stabilizedTipPosition":[28.5581,202.808,176.116],"timeVisible":24.533,"tipPosition":[47.0508,187.553,12.0575],"tipVelocity":[60.027,-158.432,-474.626],"tool":false,"touchDistance":0.333333,"touchZone":"none","type":3,"width":16.1765},{"bases":[[[0.7971,-0.596558,0.0935401],[0.429187,0.668672,0.607187],[-0.42477,-0.443843,0.789034]],[[0.749918,-0.638491,0.17307],[0.577322,0.503926,-0.642462],[0.322992,0.581711,0.746518]],[[0.749918,-0.638491,0.17307],[-0.235991,-0.502612,-0.831679],[0.618006,0.582847,-0.527596]],[[0.749918,-0.638491,0.17307],[-0.569587,-0.756256,-0.321943],[0.336443,0.142852,-0.930806]]],"btipPosition":[56.283,190.924,12.1943],"carpPosition":[60.3113,198.458,52.2703],"dipPosition":[61.3461,193.074,-1.81329],"direction":[-0.618006,-0.582847,0.527596],"extended":false,"handId":69,"id":694,"length":44.0994,"mcpPosition":[81.8704,220.985,12.2232],"pipPosition":[71.8993,203.027,-10.8226],"stabilizedTipPosition":[42.3987,204.849,173.842],"timeVisible":24.533,"tipPosition":[59.1367,191.451,11.9265],"tipVelocity":[87.7089,-189.971,-475.225],"tool":false,"touchDistance":0.333333,"touchZone":"none","type":4,"width":14.3692}],"r":[[0.998685,0.0406874,0.0311954],[-0.0379917,0.995857,-0.0826136],[-0.0344275,0.0813198,0.996093]],"s":1.0476,"t":[-47.7035,39.6449,-129.078],"timestamp":1130974861844},{"currentFrameRate":62.5045,"devices":[],"gestures":[{"direction":[0.139317,-0.248415,-0.958583],"duration":86688,"handIds":[69],"id":16,"pointableIds":[691],"position":[33.5209,249.947,-75.6258],"speed":263.28,"startPosition":[0.570024,297.344,146.919],"state":"update","type":"swipe"}],"hands":[{"armBasis":[[0.963926,0.0757574,-0.25516],[0.0964646,0.794036,0.600168],[0.248073,-0.603132,0.758084]],"armWidth":56.6405,"confidence":1,"direction":[0.182244,0.578563,-0.795017],"elbow":[104.971,41.4815,246.014],"grabAngle":2.74524,"grabStrength":0,"id":69,"palmNormal":[-0.0964945,-0.794131,-0.600038],"palmPosition":[47.4259,221.048,11.377],"palmVelocity":[-2.14595,-35.1432,-281.139],"palmWidth":79.644,"pinchDistance":46.4798,"pinchStrength":0.421073,"r":[[0.998318,0.0441058,0.0376197],[-0.0382425,0.988779,-0.144411],[-0.0435669,0.142729,0.988802]],"s":1.05379,"sphereCenter":[53.4134,197.462,-23.0964],"sphereRadius":41.1334,"stabilizedPalmPosition":[31.7218,221.847,194.283],"t":[-46.9995,38.0235,-137.885],"timeVisible":24.5503,"type":"right","wrist":[46.3429,184.021,66.8546]}],"id":42663,"interactionBox":{"center":[0,200,0],"size":[235.247,235.247,147.751]},"pointables":[{"bases":[[[0.995215,-0.0862845,-0.0458497],[0.0977059,0.874585,0.474926],[-0.000879328,-0.477133,0.87883]],[[0.991546,-0.126487,0.0289393],[0.11553,0.962136,0.246876],[-0.0590703,-0.241446,0.968615]],[[0.991546,-0.126487,0.0289393],[0.122982,0.987231,0.10124],[-0.0413753,-0.0968246,0.994441]],[[0.991546,-0.126487,0.0289393],[0.127468,0.991224,-0.0350153],[-0.0242564,0.0384081,0.998968]]],"btipPosition":[33.6042,249.815,-79.0532],"carpPosition":[30.0969,208.563,49.7584],"dipPosition":[33.2423,250.388,-64.1516],"direction":[0.0413753,0.0968246,-0.994441],"extended":true,"handId":69,"id":691,"length":51.343,"mcpPosition":[30.1535,239.288,-6.8346],"pipPosition":[32.3692,248.345,-43.1665],"stabilizedTipPosition":[3.24698,293.612,150.164],"timeVisible":24.5503,"tipPosition":[32.9483,240.887,-75.8358],"tipVelocity":[-40.2028,-13.257,-292.4],"tool":false,"touchDistance":-1,"touchZone":"hovering","type":1,"width":17.3092},{"bases":[[[0.515618,0.748315,0.417328],[-0.815466,0.2791,0.507068],[0.262971,-0.601771,0.754134]],[[0.419368,0.888712,0.185263],[-0.898819,0.377813,0.22222],[0.127495,-0.25971,0.957233]],[[0.419368,0.888712,0.185263],[-0.890536,0.442356,-0.106148],[-0.176287,-0.120468,0.976939]],[[0.419368,0.888712,0.185263],[-0.80484,0.458378,-0.37699],[-0.419956,0.00899053,0.9075]]],"btipPosition":[28.0885,205.616,-43.1414],"carpPosition":[19.8306,190.866,46.3073],"dipPosition":[19.5076,205.799,-24.5985],"direction":[0.176287,0.120468,-0.976939],"extended":false,"handId":69,"id":690,"length":45.5012,"mcpPosition":[19.8306,190.866,46.3073],"pipPosition":[14.2599,202.213,4.48284],"stabilizedTipPosition":[3.53676,248.722,157.221],"timeVisible":24.5503,"tipPosition":[29.4982,207.881,-38.0283],"tipVelocity":[-60.4685,-89.6648,-254.314],"tool":false,"touchDistance":-1,"touchZone":"hovering","type":0,"width":18.121},{"bases":[[[0.95461,-0.297776,-0.00698201],[0.264509,0.836719,0.479517],[-0.136947,-0.459598,0.877505]],[[0.960491,-0.273194,-0.0531204],[0.143632,0.650067,-0.746179],[0.238383,0.709068,0.663623]],[[0.960491,-0.273194,-0.0531204],[-0.225657,-0.652744,-0.723191],[0.162897,0.706605,-0.688603]],[[0.960491,-0.273194,-0.0531204],[-0.278194,-0.947967,-0.154811],[-0.00806302,0.163472,-0.986515]]],"btipPosition":[35.2733,187.195,1.29097],"carpPosition":[40.8539,209.192,49.524],"dipPosition":[35.141,189.877,-14.8945],"direction":[-0.162897,-0.706605,0.688603],"extended":false,"handId":69,"id":692,"length":58.5013,"mcpPosition":[49.217,237.259,-4.06364],"pipPosition":[39.1852,207.42,-31.9904],"stabilizedTipPosition":[13.8732,207.683,174.49],"timeVisible":24.5503,"tipPosition":[34.1032,188.869,0.792088],"tipVelocity":[-8.76355,-61.0526,-271.009],"tool":false,"touchDistance":0.333333,"touchZone":"none","type":2,"width":16.9999},{"bases":[[[0.901378,-0.424387,0.0860982],[0.327535,0.798229,0.505521],[-0.283263,-0.427466,0.858508]],[[0.912984,-0.405139,0.0481859],[0.303294,0.594945,-0.744348],[0.272897,0.694192,0.666051]],[[0.912984,-0.405139,0.0481859],[-0.236689,-0.62214,-0.746271],[0.332322,0.669928,-0.663896]],[[0.912984,-0.405139,0.0481859],[-0.393156,-0.905184,-0.161466],[0.109033,0.128471,-0.985701]]],"btipPosition":[46.4451,185.055,8.28035],"carpPosition":[51.3754,206.995,49.1971],"dipPosition":[48.2237,187.151,-7.79883],"direction":[-0.332322,-0.669928,0.663896],"extended":false,"handId":69,"id":693,"length":56.2505,"mcpPosition":[66.9064,230.4