{"frames":52,"data":[{"currentFrameRate":112.897,"devices":[],"gestures":[],"hands":[{"armBasis":[[0.965884,0.0613989,-0.251591],[0.245233,0.0954027,0.964759],[0.0832376,-0.993543,0.0770909]],"armWidth":69.1276,"confidence":1,"direction":[-0.185585,0.616296,-0.765335],"elbow":[62.7731,-181.533,128.468],"grabAngle":2.71575,"grabStrength":0,"id":120,"palmNormal":[-0.160701,-0.787415,-0.595107],"palmPosition":[17.7824,144.692,53.6379],"palmVelocity":[-5.44679,21.8324,2.53773],"palmWidth":93.5899,"pinchDistance":55.9074,"pinchStrength":0.376741,"r":[[0.436071,-0.538444,0.721054],[0.707241,-0.290403,-0.644575],[0.556464,0.791039,0.254173]],"s":1.58039,"sphereCenter":[26.8536,117.648,10.0571],"sphereRadius":50.2802,"stabilizedPalmPosition":[17.5581,145.162,54.0477],"t":[23.5492,-38.5839,-37.8682],"timeVisible":10.9614,"type":"right","wrist":[39.6568,94.3886,107.059]}],"id":79389,"interactionBox":{"center":[0,200,0],"size":[235.247,235.247,147.751]},"pointables":[{"bases":[[[0.924476,0.0911089,-0.370192],[0.107639,0.86914,0.482711],[0.365728,-0.486103,0.793692]],[[0.99265,-0.0669434,-0.100816],[0.0916952,0.959719,0.265579],[0.0789758,-0.272871,0.958803]],[[0.99265,-0.0669434,-0.100816],[0.0916952,0.959719,0.265579],[0.0789758,-0.272871,0.958803]],[[0.99265,-0.0669434,-0.100816],[0.0916952,0.959719,0.265579],[0.0789758,-0.272871,0.958803]]],"btipPosition":[-18.5387,186.6,-42.6931],"carpPosition":[16.0791,125.829,101.653],"dipPosition":[-17.1302,181.734,-25.5939],"direction":[-0.0789758,0.272871,-0.958803],"extended":true,"handId":120,"id":1201,"length":61.3832,"mcpPosition":[-11.5962,162.613,41.5925],"pipPosition":[-15.1378,174.849,-1.40421],"stabilizedTipPosition":[-17.942,186.54,-38.3274],"timeVisible":10.9614,"tipPosition":[-20.2369,191.938,-35.2279],"tipVelocity":[-9.72469,-11.9552,-5.7792],"tool":false,"touchDistance":0.175265,"touchZone":"hovering","type":1,"width":21.4623},{"bases":[[[0.497604,0.819496,0.284282],[-0.635871,0.121722,0.762136],[0.589964,-0.560009,0.581663]],[[0.37429,0.912226,0.166588],[-0.88322,0.295958,0.363773],[0.282541,-0.28329,0.91647]],[[0.37429,0.912226,0.166588],[-0.925097,0.37973,-0.000866223],[-0.0640484,-0.153785,0.986026]],[[0.37429,0.912226,0.166588],[-0.782766,0.407124,-0.470667],[-0.497176,0.0457669,0.866442]]],"btipPosition":[6.76579,122.213,-3.17176],"carpPosition":[6.84777,103.313,100.141],"dipPosition":[-5.37955,123.331,17.9942],"direction":[0.0640484,0.153785,-0.986026],"extended":false,"handId":120,"id":1200,"length":54.399,"mcpPosition":[6.84777,103.313,100.141],"pipPosition":[-7.65897,117.858,53.0859],"stabilizedTipPosition":[2.98873,122.779,2.57501],"timeVisible":10.9614,"tipPosition":[0.909801,122.876,0.588377],"tipVelocity":[-1.68978,32.057,-3.70509],"tool":false,"touchDistance":0.296615,"touchZone":"hovering","type":0,"width":22.469},{"bases":[[[0.933402,-0.124914,-0.336388],[0.270387,0.861147,0.430485],[0.235906,-0.49277,0.837571]],[[0.945868,-0.154238,-0.285559],[-0.159935,0.544095,-0.823639],[0.282407,0.824725,0.489974]],[[0.945868,-0.154238,-0.285559],[-0.311994,-0.674491,-0.66912],[-0.0894034,0.721992,-0.686101]],[[0.945868,-0.154238,-0.285559],[-0.160633,-0.987014,0.00103886],[-0.282011,0.0448877,-0.958361]]],"btipPosition":[4.67665,100.345,51.7851],"carpPosition":[27.6287,128.786,97.3787],"dipPosition":[-0.855006,101.225,32.9868],"direction":[0.0894034,-0.721992,0.686101],"extended":false,"handId":120,"id":1202,"length":69.9412,"mcpPosition":[10.6997,164.148,37.2733],"pipPosition":[-3.50867,122.655,12.622],"stabilizedTipPosition":[-0.14588,102.128,49.3879],"timeVisible":10.9614,"tipPosition":[1.66433,98.3608,42.3621],"tipVelocity":[-1.16168,15.9154,-14.6892],"tool":false,"touchDistance":0.333333,"touchZone":"none","type":2,"width":21.0789},{"bases":[[[0.934887,-0.260627,-0.240955],[0.343765,0.833874,0.431832],[0.0883789,-0.486546,0.869173]],[[0.927906,-0.230983,-0.29264],[-0.119601,0.559029,-0.820477],[0.35311,0.796325,0.4911]],[[0.927906,-0.230983,-0.29264],[-0.372495,-0.60695,-0.70204],[-0.0154588,0.760434,-0.649232]],[[0.927906,-0.230983,-0.29264],[-0.256286,-0.965268,-0.0507407],[-0.270756,0.122082,-0.954875]]],"btipPosition":[22.982,98.2703,51.332],"carpPosition":[39.4167,128.429,92.8408],"dipPosition":[17.7016,100.651,32.7097],"direction":[0.0154588,-0.760434,0.649232],"extended":false,"handId":120,"id":1203,"length":67.2504,"mcpPosition":[33.7224,159.777,36.8401],"pipPosition":[17.2546,122.639,13.9369],"stabilizedTipPosition":[17.9395,99.1313,48.7491],"timeVisible":10.9614,"tipPosition":[21.538,100.78,48.2397],"tipVelocity":[-0.120965,21.6782,-11.3231],"tool":false,"touchDistance":0.333333,"touchZone":"none","type":3,"width":20.0579},{"bases":[[[0.869096,-0.449361,-0.206755],[0.491438,0.736903,0.464179],[-0.0562261,-0.505023,0.861272]],[[0.869149,-0.381077,-0.315215],[0.0135145,0.655441,-0.755126],[0.494366,0.652057,0.574826]],[[0.869149,-0.381077,-0.315215],[-0.467171,-0.423513,-0.776137],[0.16227,0.821838,-0.546124]],[[0.869149,-0.381077,-0.315215],[-0.449176,-0.874973,-0.180729],[-0.206933,0.298668,-0.931652]]],"btipPosition":[35.9947,104.642,42.4384],"carpPosition":[50.477,120.739,87.1106],"dipPosition":[32.2716,110.016,25.6764],"direction":[-0.16227,-0.821838,0.546124],"extended":false,"handId":120,"id":1204,"length":52.723,"mcpPosition":[53.8304,150.86,35.7426],"pipPosition":[35.5844,126.794,14.527],"stabilizedTipPosition":[30.2019,105.525,40.1504],"timeVisible":10.9614,"tipPosition":[35.8477,107.023,38.9559],"tipVelocity":[3.90487,29.0774,1.57988],"tool":false,"touchDistance":0.333333,"touchZone":"none","type":4,"width":17.817}],"r":[[0.436071,-0.538444,0.721054],[0.707241,-0.290403,-0.644575],[0.556464,0.791039,0.254173]],"s":1.58039,"t":[23.5492,-38.5839,-37.8682],"timestamp":17765889017},{"currentFrameRate":113.008,"devices":[],"gestures":[],"hands":[{"armBasis":[[0.96611,0.0596512,-0.251144],[0.245013,0.0943015,0.964923],[0.0812421,-0.993755,0.0764903]],"armWidth":69.1276,"confidence":1,"direction":[-0.185189,0.617549,-0.76442],"elbow":[62.1213,-181.454,128.294],"grabAngle":2.71674,"grabStrength":0,"id":120,"palmNormal":[-0.160806,-0.786433,-0.596376],"palmPosition":[17.7352,144.919,53.6932],"palmVelocity":[-5.44492,26.1957,6.37818],"palmWidth":93.5899,"pinchDistance":55.8419,"pinchStrength":0.377128,"r":[[0.43643,-0.538929,0.720475],[0.708301,-0.288003,-0.644487],[0.554832,0.791587,0.256031]],"s":1.5792,"sphereCenter":[26.7423,117.907,10.0751],"sphereRadius":50.2597,"stabilizedPalmPosition":[17.559,145.161,54.0458],"t":[23.5002,-38.4004,-37.8423],"timeVisible":10.97,"type":"right","wrist":[39.5592,94.5268,107.051]}],"id":79390,"interactionBox":{"center":[0,200,0],"size":[235.247,235.247,147.751]},"pointables":[{"bases":[[[0.924601,0.0913842,-0.369815],[0.1078,0.86835,0.484094],[0.365367,-0.487459,0.793026]],[[0.992589,-0.066529,-0.101695],[0.0914676,0.959969,0.264751],[0.0800108,-0.272091,0.958939]],[[0.992589,-0.066529,-0.101695],[0.0914676,0.959969,0.264751],[0.0800108,-0.272091,0.958939]],[[0.992589,-0.066529,-0.101695],[0.0914676,0.959969,0.264751],[0.0800108,-0.272091,0.958939]]],"btipPosition":[-18.6679,186.787,-42.6294],"carpPosition":[16.0136,125.981,101.678],"dipPosition":[-17.241,181.934,-25.5277],"direction":[-0.0800108,0.272091,-0.958939],"extended":true,"handId":120,"id":1201,"length":61.3832,"mcpPosition":[-11.6344,162.868,41.6682],"pipPosition":[-15.2224,175.07,-1.3346],"stabilizedTipPosition":[-18.0299,186.348,-38.4089],"timeVisible":10.97,"tipPosition":[-20.2174,192.216,-35.1624],"tipVelocity":[-14.433,21.9181,7.42893],"tool":false,"touchDistance":0.176337,"touchZone":"hovering","type":1,"width":21.4623},{"bases":[[[0.497799,0.818889,0.285687],[-0.636026,0.120741,0.762163],[0.589633,-0.561109,0.580939]],[[0.37436,0.91195,0.167934],[-0.883043,0.295332,0.364711],[0.283002,-0.284825,0.915852]],[[0.37436,0.91195,0.167934],[-0.92502,0.379918,-0.00105093],[-0.0647594,-0.154948,0.985798]],[[0.37436,0.91195,0.167934],[-0.783164,0.407916,-0.469317],[-0.496497,0.044174,0.866914]]],"btipPosition":[6.67831,122.53,-3.15558],"carpPosition":[6.77526,103.471,100.129],"dipPosition":[-5.45043,123.609,18.0219],"direction":[0.0647594,0.154948,-0.985798],"extended":false,"handId":120,"id":1200,"length":54.399,"mcpPosition":[6.77526,103.471,100.129],"pipPosition":[-7.75515,118.095,53.1054],"stabilizedTipPosition":[3.01976,122.779,2.54536],"timeVisible":10.97,"tipPosition":[0.877658,123.189,0.608493],"tipVelocity":[-9.66232,35.5814,2.17513],"tool":false,"touchDistance":0.296928,"touchZone":"hovering","type":0,"width":22.469},{"bases":[[[0.933447,-0.124694,-0.336345],[0.270558,0.860386,0.431896],[0.235532,-0.494153,0.836862]],[[0.945891,-0.154101,-0.285558],[-0.159547,0.545431,-0.82283],[0.282551,0.823867,0.491332]],[[0.945891,-0.154101,-0.285558],[-0.312223,-0.671877,-0.671638],[-0.0883601,0.724454,-0.683636]],[[0.945891,-0.154101,-0.285558],[-0.161223,-0.986917,-0.00145043],[-0.281599,0.0474105,-0.95836]]],"btipPosition":[4.59374,100.52,51.7274],"carpPosition":[27.5652,128.942,97.4116],"dipPosition":[-0.929843,101.45,32.9291],"direction":[0.0883601,-0.724454,0.683636],"extended":false,"handId":120,"id":1202,"length":69.9412,"mcpPosition":[10.6631,164.403,37.3571],"pipPosition":[-3.55253,122.953,12.6375],"stabilizedTipPosition":[-0.129773,102.121,49.3787],"timeVisible":10.97,"tipPosition":[1.61305,98.6205,42.3648],"tipVelocity":[-9.36217,21.5505,-6.66192],"tool":false,"touchDistance":0.333333,"touchZone":"none","type":2,"width":21.0789},{"bases":[[[0.934864,-0.260556,-0.241123],[0.343927,0.833087,0.43322],[0.0879984,-0.48793,0.868436]],[[0.927905,-0.230829,-0.292764],[-0.119209,0.560347,-0.819634],[0.353245,0.795443,0.492432]],[[0.927905,-0.230829,-0.292764],[-0.372536,-0.604586,-0.704055],[-0.0144848,0.762361,-0.64699]],[[0.927905,-0.230829,-0.292764],[-0.25663,-0.965085,-0.0524597],[-0.270433,0.123809,-0.954745]]],"btipPosition":[22.9033,98.4698,51.2853],"carpPosition":[39.3542,128.588,92.8761],"dipPosition":[17.6292,100.884,32.6656],"direction":[0.0144848,-0.762361,0.64699],"extended":false,"handId":120,"id":1203,"length":67.2504,"mcpPosition":[33.6845,160.025,36.923],"pipPosition":[17.2104,122.928,13.9577],"stabilizedTipPosition":[17.9732,99.1303,48.7334],"timeVisible":10.97,"tipPosition":[21.4785,101.008,48.2237],"tipVelocity":[-8.9199,23.9399,-5.31714],"tool":false,"touchDistance":0.333333,"touchZone":"none","type":3,"width":20.0579},{"bases":[[[0.869002,-0.449322,-0.207234],[0.49156,0.736018,0.465453],[-0.0566106,-0.506348,0.860469]],[[0.869116,-0.380976,-0.315429],[0.0132943,0.655497,-0.755081],[0.49443,0.652059,0.574767]],[[0.869116,-0.380976,-0.315429],[-0.467145,-0.422718,-0.776585],[0.162523,0.822293,-0.545362]],[[0.869116,-0.380976,-0.315429],[-0.448933,-0.875293,-0.179784],[-0.207599,0.297859,-0.931763]]],"btipPosition":[35.9585,104.89,42.5011],"carpPosition":[50.4135,120.903,87.1368],"dipPosition":[32.2235,110.249,25.737],"direction":[-0.162523,-0.822293,0.545362],"extended":false,"handId":120,"id":1204,"length":52.723,"mcpPosition":[53.7898,151.103,35.8166],"pipPosition":[35.5414,127.037,14.6032],"stabilizedTipPosition":[30.2778,105.534,40.1271],"timeVisible":10.97,"tipPosition":[35.789,107.262,38.9556],"tipVelocity":[-4.49194,28.2677,7.18221],"tool":false,"touchDistance":0.333333,"touchZone":"none","type":4,"width":17.817}],"r":[[0.43643,-0.538929,0.720475],[0.708301,-0.288003,-0.644487],[0.554832,0.791587,0.256031]],"s":1.5792,"t":[23.5002,-38.4004,-37.8423],"timestamp":17765897675},{"currentFrameRate":113.102,"devices":[],"gestures":[],"hands":[{"armBasis":[[0.965844,0.0575435,-0.252654],[0.246753,0.0934336,0.964564],[0.0791108,-0.993961,0.0760433]],"armWidth":69.1276,"confidence":1,"direction":[-0.184455,0.618329,-0.763967],"elbow":[61.4168,-181.387,128.183],"grabAngle":2.71674,"grabStrength":0,"id":120,"palmNormal":[-0.164105,-0.785769,-0.596352],"palmPosition":[17.6867,145.124,53.7545],"palmVelocity":[-5.58891,23.603,7.0619],"palmWidth":93.5899,"pinchDistance":55.9033,"pinchStrength":0.377387,"r":[[0.436605,-0.539622,0.71985],[0.708777,-0.286479,-0.644643],[0.554085,0.791668,0.257394]],"s":1.57853,"sphereCenter":[26.4212,118.126,10.1387],"sphereRadius":50.229,"stabilizedPalmPosition":[17.5597,145.16,54.0442],"t":[23.4514,-38.2062,-37.7987],"timeVisible":10.9787,"type":"right","wrist":[39.4466,94.6512,107.065]}],"id":79391,"interactionBox":{"center":[0,200,0],"size":[235.247,235.247,147.751]},"pointables":[{"bases":[[[0.924317,0.0886657,-0.371184],[0.11118,0.86788,0.484173],[0.365072,-0.488798,0.792338]],[[0.992145,-0.068822,-0.104462],[0.0945336,0.959388,0.26578],[0.0819285,-0.273567,0.958357]],[[0.992145,-0.068822,-0.104462],[0.0945336,0.959388,0.26578],[0.0819285,-0.273567,0.958357]],[[0.992145,-0.068822,-0.104462],[0.0945336,0.959388,0.26578],[0.0819285,-0.273567,0.958357]]],"btipPosition":[-18.8481,187.214,-42.4676],"carpPosition":[15.9796,126.178,101.736],"dipPosition":[-17.387,182.336,-25.3763],"direction":[-0.0819285,0.273567,-0.958357],"extended":true,"handId":120,"id":1201,"length":61.3832,"mcpPosition":[-11.646,163.166,41.7788],"pipPosition":[-15.32,175.434,-1.19786],"stabilizedTipPosition":[-18.1337,186.293,-38.4364],"timeVisible":10.9787,"tipPosition":[-20.2392,192.502,-35.0628],"tipVelocity":[-19.8604,48.5761,18.368],"tool":false,"touchDistance":0.178994,"touchZone":"hovering","type":1,"width":21.4623},{"bases":[[[0.500728,0.817284,0.285164],[-0.634504,0.122466,0.763156],[0.588792,-0.563071,0.579892]],[[0.377314,0.910803,0.167548],[-0.88151,0.297771,0.366433],[0.283857,-0.285955,0.915235]],[[0.377314,0.910803,0.167548],[-0.923831,0.3828,-0.000483925],[-0.0645781,-0.154603,0.985864]],[[0.377314,0.910803,0.167548],[-0.783119,0.410372,-0.467246],[-0.494326,0.0450885,0.868107]]],"btipPosition":[6.46993,122.779,-3.08919],"carpPosition":[6.67028,103.696,100.195],"dipPosition":[-5.60578,123.881,18.1175],"direction":[0.0645781,0.154603,-0.985864],"extended":false,"handId":120,"id":1200,"length":54.399,"mcpPosition":[6.67028,103.696,100.195],"pipPosition":[-7.90405,118.378,53.2033],"stabilizedTipPosition":[3.04298,122.788,2.51924],"timeVisible":10.9787,"tipPosition":[0.684619,123.461,0.689861],"tipVelocity":[-22.6051,29.2503,8.42167],"tool":false,"touchDistance":0.298147,"touchZone":"hovering","type":0,"width":22.469},{"bases":[[[0.932554,-0.127448,-0.337788],[0.273835,0.859433,0.431728],[0.235283,-0.495107,0.836367]],[[0.944984,-0.156907,-0.287028],[-0.159122,0.546149,-0.822436],[0.285806,0.822861,0.491135]],[[0.944984,-0.156907,-0.287028],[-0.315461,-0.669261,-0.672736],[-0.0865397,0.726271,-0.68194]],[[0.944984,-0.156907,-0.287028],[-0.164612,-0.986355,-0.00274887],[-0.28268,0.0498458,-0.957918]]],"btipPosition":[4.38355,100.7,51.7557],"carpPosition":[27.5337,129.104,97.4535],"dipPosition":[-1.16124,101.677,32.966],"direction":[0.0865397,-0.726271,0.68194],"extended":false,"handId":120,"id":1202,"length":69.9412,"mcpPosition":[10.6495,164.634,37.4345],"pipPosition":[-3.7299,123.235,12.7248],"stabilizedTipPosition":[-0.110155,102.114,49.3669],"timeVisible":10.9787,"tipPosition":[1.41471,98.8883,42.4626],"tipVelocity":[-24.7799,21.9946,3.48946],"tool":false,"touchDistance":0.333333,"touchZone":"none","type":2,"width":21.0789},{"bases":[[[0.933699,-0.263341,-0.242606],[0.347122,0.831911,0.432933],[0.0878175,-0.488443,0.868166]],[[0.926753,-0.233578,-0.294228],[-0.118733,0.560941,-0.819297],[0.356414,0.794221,0.49212]],[[0.926753,-0.233578,-0.294228],[-0.375463,-0.601956,-0.704753],[-0.0124975,0.763604,-0.645564]],[[0.926753,-0.233578,-0.294228],[-0.259776,-0.964226,-0.0527683],[-0.271377,0.125336,-0.954277]]],"btipPosition":[22.6887,98.6219,51.291],"carpPosition":[39.3148,128.715,92.9002],"dipPosition":[17.3962,101.066,32.6803],"direction":[0.0124975,-0.763604,0.645564],"extended":false,"handId":120,"id":1203,"length":67.2504,"mcpPosition":[33.6568,160.186,36.9644],"pipPosition":[17.0348,123.146,14.0137],"stabilizedTipPosition":[18.0098,99.1309,48.7154],"timeVisible":10.9787,"tipPosition":[21.2883,101.196,48.2626],"tipVelocity":[-25.2172,18.3147,0.891831],"tool":false,"touchDistance":0.333333,"touchZone":"none","type":3,"width":20.0579},{"bases":[[[0.867312,-0.451914,-0.20867],[0.494507,0.734381,0.464917],[-0.056859,-0.506417,0.860412]],[[0.867485,-0.383676,-0.316643],[0.0133497,0.65424,-0.756169],[0.497284,0.651738,0.572665]],[[0.867485,-0.383676,-0.316643],[-0.469608,-0.421587,-0.775714],[0.16413,0.821618,-0.545898]],[[0.867485,-0.383676,-0.316643],[-0.451391,-0.874623,-0.176863],[-0.209085,0.296356,-0.93191]]],"btipPosition":[35.7903,105.043,42.6009],"carpPosition":[50.3419,120.999,87.142],"dipPosition":[32.0285,110.375,25.8342],"direction":[-0.16413,-0.821618,0.545898],"extended":false,"handId":120,"id":1204,"length":52.723,"mcpPosition":[53.733,151.203,35.8253],"pipPosition":[35.3793,127.148,14.6894],"stabilizedTipPosition":[30.3488,105.545,40.1059],"timeVisible":10.9787,"tipPosition":[35.5998,107.41,38.978],"tipVelocity":[-20.0901,16.8526,11.4289],"tool":false,"touchDistance":0.333333,"touchZone":"none","type":4,"width":17.817}],"r":[[0.436605,-0.539622,0.71985],[0.708777,-0.286479,-0.644643],[0.554085,0.791668,0.257394]],"s":1.57853,"t":[23.4514,-38.2062,-37.7987],"timestamp":17765906354},{"currentFrameRate":113.223,"devices":[],"gestures":[],"hands":[{"armBasis":[[0.965476,0.0554388,-0.254526],[0.248837,0.0927333,0.964096],[0.0770513,-0.994146,0.0757365]],"armWidth":69.1276,"confidence":1,"direction":[-0.183379,0.620188,-0.762718],"elbow":[60.7102,-181.352,128.121],"grabAngle":2.71573,"grabStrength":0,"id":120,"palmNormal":[-0.168273,-0.784227,-0.59722],"palmPosition":[17.6363,145.365,53.8795],"palmVelocity":[-5.85293,28.0129,14.5044],"palmWidth":93.5899,"pinchDistance":56.0702,"pinchStrength":0.377173,"r":[[0.436578,-0.540733,0.719033],[0.708701,-0.285628,-0.645105],[0.554205,0.791217,0.258519]],"s":1.57851,"sphereCenter":[26.0275,118.479,10.2418],"sphereRadius":50.2034,"stabilizedPalmPosition":[17.5602,145.162,54.0433],"t":[23.4018,-37.9883,-37.7143],"timeVisible":10.9873,"type":"right","wrist":[39.3119,94.7376,107.088]}],"id":79392,"interactionBox":{"center":[0,200,0],"size":[235.247,235.247,147.751]},"pointables":[{"bases":[[[0.923994,0.0855708,-0.37271],[0.115472,0.866713,0.485258],[0.364557,-0.491413,0.790956]],[[0.991573,-0.0716934,-0.107904],[0.0987188,0.95751,0.27098],[0.0838919,-0.279348,0.956518]],[[0.991573,-0.0716934,-0.107904],[0.0987188,0.95751,0.27098],[0.0838919,-0.279348,0.956518]],[[0.991573,-0.0716934,-0.107904],[0.0987188,0.95751,0.27098],[0.0838919,-0.279348,0.956518]]],"btipPosition":[-19.0211,188.097,-42.1014],"carpPosition":[15.9402,126.355,101.836],"dipPosition":[-17.525,183.116,-25.0429],"direction":[-0.0838919,0.279348,-0.956518],"extended":true,"handId":120,"id":1201,"length":61.3832,"mcpPosition":[-11.6464,163.541,41.9833],"pipPosition":[-15.4085,176.068,-0.910897],"stabilizedTipPosition":[-18.2473,186.43,-38.3824],"timeVisible":10.9873,"tipPosition":[-20.2229,192.878,-34.8808],"tipVelocity":[-19.1273,99.6652,41.5892],"tool":false,"touchDistance":0.184971,"touchZone":"hovering","type":1,"width":21.4623},{"bases":[[[0.50446,0.814877,0.285475],[-0.632649,0.123832,0.764474],[0.587601,-0.566252,0.577999]],[[0.381188,0.909068,0.168203],[-0.879653,0.300667,0.368524],[0.284441,-0.288437,0.914274]],[[0.381188,0.909068,0.168203],[-0.922288,0.386502,0.00124003],[-0.0638833,-0.155604,0.985752]],[[0.381188,0.909068,0.168203],[-0.783364,0.414224,-0.463422],[-0.490955,0.044887,0.870028]]],"btipPosition":[6.20206,123.163,-2.99947],"carpPosition":[6.53945,103.913,100.278],"dipPosition":[-5.79132,124.26,18.2541],"direction":[0.0638833,0.155604,-0.985752],"extended":false,"handId":120,"id":1200,"length":54.399,"mcpPosition":[6.53945,103.913,100.278],"pipPosition":[-8.06486,118.722,53.336],"stabilizedTipPosition":[3.05705,122.81,2.4971],"timeVisible":10.9873,"tipPosition":[0.459136,123.848,0.815404],"tipVelocity":[-28.8684,44.4247,11.6571],"tool":false,"touchDistance":0.299822,"touchZone":"hovering","type":0,"width":22.469},{"bases":[[[0.931437,-0.130623,-0.33965],[0.277998,0.857703,0.432508],[0.234823,-0.497276,0.835209]],[[0.943842,-0.160207,-0.288956],[-0.158436,0.547996,-0.821339],[0.289931,0.820995,0.49184]],[[0.943842,-0.160207,-0.288956],[-0.319481,-0.665485,-0.674582],[-0.0842233,0.729015,-0.679296]],[[0.943842,-0.160207,-0.288956],[-0.168919,-0.985616,-0.00529522],[-0.283951,0.0538079,-0.957328]]],"btipPosition":[4.12964,100.928,51.7968],"carpPosition":[27.4981,129.242,97.5371],"dipPosition":[-1.44009,101.983,33.0188],"direction":[0.0842233,-0.729015,0.679296],"extended":false,"handId":120,"id":1202,"length":69.9412,"mcpPosition":[10.6469,164.927,37.6012],"pipPosition":[-3.93999,123.622,12.856],"stabilizedTipPosition":[-0.0878255,102.107,49.3527],"timeVisible":10.9873,"tipPosition":[1.17051,99.2216,42.5743],"tipVelocity":[-30.1112,28.5308,5.08144],"tool":false,"touchDistance":0.333333,"touchZone":"none","type":2,"width":21.0789},{"bases":[[[0.932217,-0.266661,-0.244671],[0.351178,0.829889,0.433541],[0.0874416,-0.490077,0.867282]],[[0.925296,-0.236794,-0.296237],[-0.117984,0.562624,-0.818251],[0.360427,0.792075,0.492656]],[[0.925296,-0.236794,-0.296237],[-0.379117,-0.597918,-0.706232],[-0.00989354,0.765782,-0.643024]],[[0.925296,-0.236794,-0.296237],[-0.263868,-0.963023,-0.0544072],[-0.2724,0.12851,-0.953564]]],"btipPosition":[22.425,98.8005,51.2974],"carpPosition":[39.2694,128.814,92.962],"dipPosition":[17.1126,101.307,32.7007],"direction":[0.00989354,-0.765782,0.643024],"extended":false,"handId":120,"id":1203,"length":67.2504,"mcpPosition":[33.6356,160.389,37.0832],"pipPosition":[16.8265,123.45,14.1074],"stabilizedTipPosition":[18.0478,99.1338,48.6952],"timeVisible":10.9873,"tipPosition":[21.0552,101.423,48.3105],"tipVelocity":[-31.1105,22.3619,1.11448],"tool":false,"touchDistance":0.333333,"touchZone":"none","type":3,"width":20.0579},{"bases":[[[0.865146,-0.455021,-0.210896],[0.498233,0.731732,0.465116],[-0.0573183,-0.507469,0.859762]],[[0.86541,-0.386774,-0.318547],[0.0136931,0.653758,-0.75658],[0.500878,0.65039,0.571064]],[[0.86541,-0.386774,-0.318547],[-0.472571,-0.418697,-0.77548],[0.166561,0.821644,-0.545123]],[[0.86541,-0.386774,-0.318547],[-0.45477,-0.87319,-0.175281],[-0.210358,0.296556,-0.93156]]],"btipPosition":[35.5721,105.214,42.7072],"carpPosition":[50.2556,121.062,87.1726],"dipPosition":[31.7874,110.55,25.9468],"direction":[-0.166561,-0.821644,0.545123],"extended":false,"handId":120,"id":1204,"length":52.723,"mcpPosition":[53.6741,151.329,35.8947],"pipPosition":[35.1878,127.324,14.8179],"stabilizedTipPosition":[30.4155,105.559,40.0867],"timeVisible":10.9873,"tipPosition":[35.3704,107.597,39.0142],"tipVelocity":[-25.9184,19.9989,12.5054],"tool":false,"touchDistance":0.333333,"touchZone":"none","type":4,"width":17.817}],"r":[[0.436578,-0.540733,0.719033],[0.708701,-0.285628,-0.645105],[0.554205,0.791217,0.258519]],"s":1.57851,"t":[23.4018,-37.9883,-37.7143],"timestamp":17765914977},{"currentFrameRate":113.254,"devices":[],"gestures":[],"hands":[{"armBasis":[[0.965067,0.0534139,-0.256499],[0.251011,0.0920759,0.963595],[0.0750867,-0.994318,0.075452]],"armWidth":69.1276,"confidence":1,"direction":[-0.182195,0.62188,-0.761623],"elbow":[59.9996,-181.314,128.046],"grabAngle":2.71496,"grabStrength":0,"id":120,"palmNormal":[-0.172666,-0.782787,-0.597856],"palmPosition":[17.5609,145.597,53.9757],"palmVelocity":[-8.59108,26.4595,10.9608],"palmWidth":93.5899,"pinchDistance":56.1901,"pinchStrength":0.376653,"r":[[0.436369,-0.542161,0.718083],[0.70816,-0.285383,-0.645806],[0.55506,0.790328,0.259404]],"s":1.57885,"sphereCenter":[25.5844,118.796,10.3279],"sphereRadius":50.1642,"stabilizedPalmPosition":[17.5602,145.164,54.0429],"t":[23.3393,-37.7633,-37.6241],"timeVisible":10.9961,"type":"right","wrist":[39.1469,94.8234,107.092]}],"id":79393,"interactionBox":{"center":[0,200,0],"size":[235.247,235.247,147.751]},"pointables":[{"bases":[[[0.923651,0.0821553,-0.374326],[0.120003,0.865629,0.486092],[0.363962,-0.4939,0.78968]],[[0.990953,-0.0748019,-0.111433],[0.103055,0.955985,0.274721],[0.0859785,-0.283719,0.955045]],[[0.990953,-0.0748019,-0.111433],[0.103055,0.955985,0.274721],[0.0859785,-0.283719,0.955045]],[[0.990953,-0.0748019,-0.111433],[0.103055,0.955985,0.274721],[0.0859785,-0.283719,0.955045]]],"btipPosition":[-19.2256,188.851,-41.7992],"carpPosition":[15.8742,126.536,101.912],"dipPosition":[-17.6922,183.791,-24.767],"direction":[-0.0859785,0.283719,-0.955045],"extended":true,"handId":120,"id":1201,"length":61.3832,"mcpPosition":[-11.6674,163.91,42.156],"pipPosition":[-15.5231,176.633,-0.672094],"stabilizedTipPosition":[-18.3766,186.69,-38.2789],"timeVisible":10.9961,"tipPosition":[-20.238,193.272,-34.7157],"tipVelocity":[-22.323,83.8111,33.7537],"tool":false,"touchDistance":0.189908,"touchZone":"hovering","type":1,"width":21.4623},{"bases":[[[0.508399,0.812408,0.285523],[-0.630704,0.125548,0.7658],[0.586296,-0.569412,0.576218]],[[0.385348,0.907232,0.168634],[-0.877741,0.30398,0.370361],[0.284741,-0.290735,0.913453]],[[0.385348,0.907232,0.168634],[-0.920619,0.390449,0.00315294],[-0.0629826,-0.156463,0.985674]],[[0.385348,0.907232,0.168634],[-0.783774,0.418245,-0.459095],[-0.487036,0.0447403,0.872235]]],"btipPosition":[5.89603,123.538,-2.94193],"carpPosition":[6.37664,104.135,100.345],"dipPosition":[-6.00161,124.631,18.3656],"direction":[0.0629826,0.156463,-0.985674],"extended":false,"handId":120,"id":1200,"length":54.399,"mcpPosition":[6.37664,104.135,100.345],"pipPosition":[-8.24309,119.062,53.4447],"stabilizedTipPosition":[3.06082,122.846,2.47728],"timeVisible":10.9961,"tipPosition":[0.202743,124.216,0.920244],"tipVelocity":[-32.3658,42.5965,7.97027],"tool":false,"touchDistance":0.300988,"touchZone":"hovering","type":0,"width":22.469},{"bases":[[[0.93025,-0.134108,-0.341541],[0.282391,0.856003,0.433029],[0.234288,-0.499274,0.834167]],[[0.942625,-0.163805,-0.290907],[-0.157663,0.549657,-0.820378],[0.294281,0.819174,0.492294]],[[0.942625,-0.163805,-0.290907],[-0.323688,-0.661807,-0.676193],[-0.0817602,0.731559,-0.676858]],[[0.942625,-0.163805,-0.290907],[-0.173477,-0.984809,-0.00758621],[-0.285245,0.0576166,-0.956721]]],"btipPosition":[3.83947,101.15,51.8226],"carpPosition":[27.4361,129.38,97.5952],"dipPosition":[-1.75562,102.281,33.0565],"direction":[0.0817602,-0.731559,0.676858],"extended":false,"handId":120,"id":1202,"length":69.9412,"mcpPosition":[10.6233,165.209,37.7341],"pipPosition":[-4.18242,123.995,12.9661],"stabilizedTipPosition":[-0.0630579,102.1,49.3354],"timeVisible":10.9961,"tipPosition":[0.889713,99.5467,42.6706],"tipVelocity":[-33.732,27.3207,3.25486],"tool":false,"touchDistance":0.333333,"touchZone":"none","type":2,"width":21.0789},{"bases":[[[0.930635,-0.270264,-0.246729],[0.355456,0.827882,0.433892],[0.0869975,-0.491497,0.866523]],[[0.923744,-0.240305,-0.298246],[-0.117144,0.564111,-0.817347],[0.364656,0.789957,0.492944]],[[0.923744,-0.240305,-0.298246],[-0.382944,-0.593927,-0.707534],[-0.00711195,0.767792,-0.64066]],[[0.923744,-0.240305,-0.298246],[-0.268212,-0.961741,-0.0558203],[-0.273421,0.131557,-0.952856]]],"btipPosition":[22.1235,98.9673,51.2865],"carpPosition":[39.197,128.908,92.9978],"dipPosition":[16.7911,101.533,32.7036],"direction":[0.00711195,-0.767792,0.64066],"extended":false,"handId":120,"id":1203,"length":67.2504,"mcpPosition":[33.5918,160.575,37.1678],"pipPosition":[16.5855,123.734,14.1787],"stabilizedTipPosition":[18.0866,99.1396,48.6722],"timeVisible":10.9961,"tipPosition":[20.7858,101.639,48.3412],"tipVelocity":[-34.8864,20.5627,-0.883534],"tool":false,"touchDistance":0.333333,"touchZone":"none","type":3,"width":20.0579},{"bases":[[[0.862839,-0.458383,-0.213058],[0.502157,0.729071,0.465074],[-0.0578477,-0.508272,0.859251]],[[0.863203,-0.390161,-0.320397],[0.0140996,0.653013,-0.757215],[0.50466,0.649113,0.569184]],[[0.863203,-0.390161,-0.320397],[-0.475643,-0.415747,-0.775189],[0.169244,0.82154,-0.544452]],[[0.863203,-0.390161,-0.320397],[-0.4584,-0.871629,-0.173585],[-0.211542,0.296709,-0.931243]]],"btipPosition":[35.3149,105.364,42.7936],"carpPosition":[50.1398,121.117,87.1786],"dipPosition":[31.5089,110.702,26.0389],"direction":[-0.169244,-0.82154,0.544452],"extended":false,"handId":120,"id":1204,"length":52.723,"mcpPosition":[53.59,151.432,35.9311],"pipPosition":[34.9641,127.474,14.9237],"stabilizedTipPosition":[30.4802,105.576,40.0683],"timeVisible":10.9961,"tipPosition":[35.1056,107.768,39.0312],"tipVelocity":[-29.8733,17.1247,9.98997],"tool":false,"touchDistance":0.333333,"touchZone":"none","type":4,"width":17.817}],"r":[[0.436369,-0.542161,0.718083],[0.70816,-0.285383,-0.645806],[0.55506,0.790328,0.259404]],"s":1.57885,"t":[23.3393,-37.7633,-37.6241],"timestamp":17765923752},{"currentFrameRate":113.391,"devices":[],"gestures":[],"hands":[{"armBasis":[[0.964474,0.051438,-0.259122],[0.253828,0.0914309,0.962918],[0.0732224,-0.994482,0.0751263]],"armWidth":69.1276,"confidence":1,"direction":[-0.181017,0.624221,-0.759988],"elbow":[59.3176,-181.285,127.958],"grabAngle":2.71395,"grabStrength":0,"id":120,"palmNormal":[-0.177959,-0.780787,-0.598917],"palmPosition":[17.4826,145.864,54.1118],"palmVelocity":[-9.12196,31.124,15.8506],"palmWidth":93.5899,"pinchDistance":56.3091,"pinchStrength":0.376015,"r":[[0.436022,-0.544002,0.716901],[0.707131,-0.285631,-0.646824],[0.556643,0.788972,0.260139]],"s":1.57944,"sphereCenter":[25.0865,119.177,10.4365],"sphereRadius":50.1182,"stabilizedPalmPosition":[17.5597,145.169,54.0433],"t":[23.2689,-37.5172,-37.5109],"timeVisible":11.0047,"type":"right","wrist":[38.9826,94.8975,107.095]}],"id":79394,"interactionBox":{"center":[0,200,0],"size":[235.247,235.247,147.751]},"pointables":[{"bases":[[[0.923121,0.0783561,-0.376441],[0.125428,0.8641,0.487441],[0.363477,-0.497184,0.787841]],[[0.990194,-0.0785759,-0.115503],[0.108262,0.954167,0.279006],[0.0882862,-0.288775,0.953318]],[[0.990194,-0.0785759,-0.115503],[0.108262,0.954167,0.279006],[0.0882862,-0.288775,0.953318]],[[0.990194,-0.0785759,-0.115503],[0.108262,0.954167,0.279006],[0.0882862,-0.288775,0.953318]]],"btipPosition":[-19.4457,189.728,-41.4044],"carpPosition":[15.8202,126.72,102.016],"dipPosition":[-17.8712,184.578,-24.403],"direction":[-0.0882862,0.288775,-0.953318],"extended":true,"handId":120,"id":1201,"length":61.3832,"mcpPosition":[-11.6847,164.342,42.3989],"pipPosition":[-15.6438,177.292,-0.35175],"stabilizedTipPosition":[-18.5159,187.055,-38.1243],"timeVisible":11.0047,"tipPosition":[-20.2782,193.797,-34.451],"tipVelocity":[-24.541,99.74,45.1643],"tool":false,"touchDistance":0.196369,"touchZone":"hovering","type":1,"width":21.4623},{"bases":[[[0.513066,0.809366,0.285816],[-0.628203,0.127163,0.767587],[0.584914,-0.573373,0.573689]],[[0.390287,0.904957,0.169496],[-0.875419,0.307734,0.372748],[0.285161,-0.293859,0.912321]],[[0.390287,0.904957,0.169496],[-0.918622,0.395095,0.00580003],[-0.0617182,-0.157967,0.985514]],[[0.390287,0.904957,0.169496],[-0.784058,0.423189,-0.454052],[-0.482627,0.044316,0.874704]]],"btipPosition":[5.55446,123.996,-2.85402],"carpPosition":[6.20935,104.369,100.429],"dipPosition":[-6.23546,125.078,18.5138],"direction":[0.0617182,0.157967,-0.985514],"extended":false,"handId":120,"id":1200,"length":54.399,"mcpPosition":[6.20935,104.369,100.429],"pipPosition":[-8.43194,119.456,53.5872],"stabilizedTipPosition":[3.05259,122.899,2.46155],"timeVisible":11.0047,"tipPosition":[-0.103314,124.669,1.06085],"tipVelocity":[-36.9094,53.0682,11.8595],"tool":false,"touchDistance":0.302684,"touchZone":"hovering","type":0,"width":22.469},{"bases":[[[0.928742,-0.137999,-0.344084],[0.287637,0.853782,0.433961],[0.233887,-0.502009,0.832637]],[[0.941096,-0.167854,-0.293537],[-0.156983,0.55199,-0.81894],[0.299492,0.816781,0.493126]],[[0.941096,-0.167854,-0.293537],[-0.328729,-0.657537,-0.677925],[-0.0792191,0.734487,-0.673983]],[[0.941096,-0.167854,-0.293537],[-0.178795,-0.983829,-0.0106412],[-0.287004,0.0624972,-0.955889]]],"btipPosition":[3.51434,101.42,51.8696],"carpPosition":[27.3853,129.515,97.6759],"dipPosition":[-2.11526,102.646,33.1198],"direction":[0.0792191,-0.734487,0.673983],"extended":false,"handId":120,"id":1202,"length":69.9412,"mcpPosition":[10.6012,165.54,37.9246],"pipPosition":[-4.46663,124.447,13.1147],"stabilizedTipPosition":[-0.0379722,102.096,49.3158],"timeVisible":11.0047,"tipPosition":[0.567034,99.9266,42.7844],"tipVelocity":[-38.8055,33.9769,5.91423],"tool":false,"touchDistance":0.333333,"touchZone":"none","type":2,"width":21.0789},{"bases":[[[0.928694,-0.274336,-0.249533],[0.360565,0.825302,0.43459],[0.0867161,-0.493574,0.86537]],[[0.921823,-0.244246,-0.300975],[-0.116387,0.566241,-0.815982],[0.369724,0.78722,0.493547]],[[0.921823,-0.244246,-0.300975],[-0.387588,-0.58918,-0.708973],[-0.0041644,0.770202,-0.637787]],[[0.921823,-0.244246,-0.300975],[-0.273312,-0.960182,-0.0578931],[-0.27485,0.135627,-0.951873]]],"btipPosition":[21.7833,99.1666,51.2813],"carpPosition":[39.1324,128.995,93.0486],"dipPosition":[16.4231,101.812,32.7175],"direction":[0.0041644,-0.770202,0.637787],"extended":false,"handId":120,"id":1203,"length":67.2504,"mcpPosition":[33.5453,160.795,37.293],"pipPosition":[16.3026,124.082,14.2757],"stabilizedTipPosition":[18.1237,99.1491,48.6473],"timeVisible":11.0047,"tipPosition":[20.4789,101.892,48.3795],"tipVelocity":[-40.3815,25.3508,-0.0931931],"tool":false,"touchDistance":0.333333,"touchZone":"none","type":3,"width":20.0579},{"bases":[[[0.860061,-0.462186,-0.216052],[0.506857,0.725716,0.465223],[-0.0582268,-0.509628,0.858423]],[[0.860508,-0.3939,-0.32306],[0.0146043,0.652965,-0.757247],[0.509227,0.646899,0.567635]],[[0.860508,-0.3939,-0.32306],[-0.479423,-0.411702,-0.775019],[0.172276,0.821793,-0.543118]],[[0.860508,-0.3939,-0.32306],[-0.462852,-0.869434,-0.172778],[-0.212822,0.298206,-0.930473]]],"btipPosition":[35.0129,105.539,42.8683],"carpPosition":[50.0227,121.162,87.1877],"dipPosition":[31.1839,110.904,26.1274],"direction":[-0.172276,-0.821793,0.543118],"extended":false,"handId":120,"id":1204,"length":52.723,"mcpPosition":[53.4954,151.557,35.9896],"pipPosition":[34.701,127.681,15.0394],"stabilizedTipPosition":[30.5407,105.595,40.0509],"timeVisible":11.0047,"tipPosition":[34.8024,107.973,39.052],"tipVelocity":[-35.7971,21.1243,9.06999],"tool":false,"touchDistance":0.333333,"touchZone":"none","type":4,"width":17.817}],"r":[[0.436022,-0.544002,0.716901],[0.707131,-0.285631,-0.646824],[0.556643,0.788972,0.260139]],"s":1.57944,"t":[23.2689,-37.5172,-37.5109],"timestamp":17765932335},{"currentFrameRate":113.495,"devices":[],"gestures":[],"hands":[{"armBasis":[[0.964096,0.0497956,-0.260844],[0.255742,0.0904495,0.962504],[0.0715217,-0.994655,0.0744672]],"armWidth":69.1276,"confidence":1,"direction":[-0.180126,0.626752,-0.758114],"elbow":[58.7054,-181.232,127.795],"grabAngle":2.71311,"grabStrength":0,"id":120,"palmNormal":[-0.181626,-0.77866,-0.600584],"palmPosition":[17.4127,146.16,54.2772],"palmVelocity":[-8.09686,34.2344,19.1657],"palmWidth":93.5899,"pinchDistance":56.3734,"pinchStrength":0.375216,"r":[[0.435604,-0.546132,0.715534],[0.705896,-0.285986,-0.648015],[0.558534,0.78737,0.260936]],"s":1.58009,"sphereCenter":[24.6775,119.6,10.5618],"sphereRadius":50.0669,"stabilizedPalmPosition":[17.5587,145.175,54.0448],"t":[23.1988,-37.2464,-37.3716],"timeVisible":11.0133,"type":"right","wrist":[38.8428,94.9986,107.115]}],"id":79395,"interactionBox":{"center":[0,200,0],"size":[235.247,235.247,147.751]},"pointables":[{"bases":[[[0.922762,0.0761397,-0.377773],[0.129198,0.862433,0.489406],[0.363067,-0.500412,0.785983]],[[0.989628,-0.0808821,-0.118721],[0.111759,0.952729,0.282521],[0.0902576,-0.292859,0.951886]],[[0.989628,-0.0808821,-0.118721],[0.111759,0.952729,0.282521],[0.0902576,-0.292859,0.951886]],[[0.989628,-0.0808821,-0.118721],[0.111759,0.952729,0.282521],[0.0902576,-0.292859,0.951886]]],"btipPosition":[-19.6445,190.511,-41.0183],"carpPosition":[15.7637,126.9,102.136],"dipPosition":[-18.0349,185.289,-24.0424],"direction":[-0.0902576,0.292859,-0.951886],"extended":true,"handId":120,"id":1201,"length":61.3832,"mcpPosition":[-11.7102,164.767,42.6593],"pipPosition":[-15.7578,177.9,-0.027218],"stabilizedTipPosition":[-18.6596,187.483,-37.9328],"timeVisible":11.0133,"tipPosition":[-20.3175,194.387,-34.1358],"tipVelocity":[-22.1041,88.8769,44.0626],"tool":false,"touchDistance":0.202707,"touchZone":"hovering","type":1,"width":21.4623},{"bases":[[[0.516312,0.806878,0.287],[-0.626496,0.127379,0.768946],[0.583888,-0.576821,0.571273]],[[0.393798,0.903105,0.171242],[-0.87386,0.310036,0.374494],[0.285116,-0.297116,0.91128]],[[0.393798,0.903105,0.171242],[-0.917174,0.398405,0.00805404],[-0.06095,-0.16023,0.985196]],[[0.393798,0.903105,0.171242],[-0.78477,0.42732,-0.448924],[-0.478601,0.0423999,0.877008]]],"btipPosition":[5.29524,124.508,-2.76603],"carpPosition":[6.07351,104.586,100.509],"dipPosition":[-6.39633,125.544,18.6581],"direction":[0.06095,0.16023,-0.985196],"extended":false,"handId":120,"id":1200,"length":54.399,"mcpPosition":[6.07351,104.586,100.509],"pipPosition":[-8.56548,119.841,53.7202],"stabilizedTipPosition":[3.03494,122.972,2.44968],"timeVisible":11.0133,"tipPosition":[-0.324979,125.157,1.20508],"tipVelocity":[-27.4128,58.1083,11.6945],"tool":false,"touchDistance":0.304366,"touchZone":"hovering","type":0,"width":22.469},{"bases":[[[0.927694,-0.140315,-0.34597],[0.291282,0.851693,0.43563],[0.233535,-0.504906,0.830982]],[[0.940028,-0.170338,-0.295519],[-0.156438,0.554589,-0.817287],[0.303107,0.814504,0.494682]],[[0.940028,-0.170338,-0.295519],[-0.332268,-0.65312,-0.680464],[-0.0771,0.737847,-0.67055]],[[0.940028,-0.170338,-0.295519],[-0.182709,-0.983059,-0.0145457],[-0.288035,0.0676672,-0.955226]]],"btipPosition":[3.26078,101.693,51.9029],"carpPosition":[27.3311,129.667,97.7836],"dipPosition":[-2.38904,103.021,33.166],"direction":[0.0771,-0.737847,0.67055],"extended":false,"handId":120,"id":1202,"length":69.9412,"mcpPosition":[10.5722,165.9,38.1511],"pipPosition":[-4.67751,124.921,13.2629],"stabilizedTipPosition":[-0.0124479,102.095,49.2938],"timeVisible":11.0133,"tipPosition":[0.330129,100.319,42.889],"tipVelocity":[-29.9169,34.3509,4.19321],"tool":false,"touchDistance":0.333333,"touchZone":"none","type":2,"width":21.0789},{"bases":[[[0.927334,-0.276889,-0.251762],[0.364113,0.822963,0.436067],[0.0864488,-0.496049,0.86398]],[[0.920482,-0.246645,-0.303117],[-0.115788,0.568692,-0.81436],[0.373238,0.784701,0.494912]],[[0.920482,-0.246645,-0.303117],[-0.390782,-0.584339,-0.711222],[-0.0017033,0.77312,-0.634258]],[[0.920482,-0.246645,-0.303117],[-0.27702,-0.958929,-0.0609553],[-0.275633,0.140078,-0.951002]]],"btipPosition":[21.517,99.3956,51.275],"carpPosition":[39.0687,129.118,93.1355],"dipPosition":[16.1415,102.127,32.7282],"direction":[0.0017033,-0.77312,0.634258],"extended":false,"handId":120,"id":1203,"length":67.2504,"mcpPosition":[33.4988,161.078,37.4694],"pipPosition":[16.0923,124.482,14.3885],"stabilizedTipPosition":[18.1594,99.1636,48.6201],"timeVisible":11.0133,"tipPosition":[20.2488,102.181,48.422],"tipVelocity":[-31.257,28.8482,-0.273775],"tool":false,"touchDistance":0.333333,"touchZone":"none","type":3,"width":20.0579},{"bases":[[[0.858112,-0.464586,-0.218641],[0.510112,0.722798,0.466206],[-0.0585597,-0.511588,0.857233]],[[0.858629,-0.396166,-0.325283],[0.0147892,0.653458,-0.756818],[0.512384,0.645015,0.566937]],[[0.858629,-0.396166,-0.325283],[-0.481873,-0.40743,-0.775757],[0.174799,0.822832,-0.540733]],[[0.858629,-0.396166,-0.325283],[-0.465985,-0.867654,-0.173303],[-0.213576,0.30038,-0.929601]]],"btipPosition":[34.7779,105.766,42.9497],"carpPosition":[49.9223,121.263,87.2368],"dipPosition":[30.9353,111.17,26.2246],"direction":[-0.174799,-0.822832,0.540733],"extended":false,"handId":120,"id":1204,"length":52.723,"mcpPosition":[53.4149,151.775,36.1097],"pipPosition":[34.5039,127.969,15.1853],"stabilizedTipPosition":[30.5987,105.62,40.0345],"timeVisible":11.0133,"tipPosition":[34.5746,108.242,39.0935],"tipVelocity":[-27.5859,27.3268,9.85726],"tool":false,"touchDistance":0.333333,"touchZone":"none","type":4,"width":17.817}],"r":[[0