{"frames":80,"data":[{"currentFrameRate":57.6603,"devices":[],"gestures":[],"hands":[{"armBasis":[[0.814316,0.131306,-0.565374],[0.458893,0.450784,0.765644],[0.355395,-0.882923,0.306825]],"armWidth":63.9521,"confidence":1,"direction":[-0.154036,0.789933,-0.593531],"elbow":[110.839,-23.9451,270.963],"grabAngle":2.8645,"grabStrength":0,"id":52,"palmNormal":[-0.439176,-0.592837,-0.675032],"palmPosition":[-3.56278,263.765,150.921],"palmVelocity":[-2.22478,13.7305,2.94163],"palmWidth":87.8335,"pinchDistance":43.1944,"pinchStrength":0.491599,"r":[[0.973283,-0.220229,0.0649528],[0.228014,0.960326,-0.160572],[-0.0270132,0.171092,0.984885]],"s":1.06308,"sphereCenter":[-6.839,245.951,102.816],"sphereRadius":50.1352,"stabilizedPalmPosition":[-6.46589,288.694,178.425],"t":[-19.4853,5.36541,-43.7768],"timeVisible":2.06385,"type":"right","wrist":[18.2113,206.174,190.995]}],"id":67928,"interactionBox":{"center":[0,200,0],"size":[235.247,235.247,147.751]},"pointables":[{"bases":[[[0.846669,-0.0218294,-0.531671],[0.389747,0.705696,0.591684],[0.362282,-0.708178,0.605999]],[[0.910067,-0.196783,-0.364766],[0.337497,0.862698,0.376626],[0.240569,-0.465863,0.851527]],[[0.910067,-0.196783,-0.364766],[0.282501,0.9385,0.198521],[0.303268,-0.283714,0.90969]],[[0.910067,-0.196783,-0.364766],[0.236002,0.969524,0.0657721],[0.340707,-0.145943,0.928773]]],"btipPosition":[-50.1149,315.809,77.7267],"carpPosition":[-2.02662,237.559,191.632],"dipPosition":[-44.573,313.435,92.834],"direction":[-0.303268,0.283714,-0.90969],"extended":true,"handId":52,"id":521,"length":55.9861,"mcpPosition":[-27.755,287.852,148.595],"pipPosition":[-37.5945,306.906,113.767],"stabilizedTipPosition":[-49.7998,309.571,69.0063],"timeVisible":2.06385,"tipPosition":[-52.3042,306.252,81.6646],"tipVelocity":[-5.36774,10.9973,7.6757],"tool":false,"touchDistance":0.18669,"touchZone":"hovering","type":1,"width":19.7388},{"bases":[[[0.718914,0.621341,0.311605],[-0.455801,0.0829413,0.886209],[0.524793,-0.779138,0.342835]],[[0.58379,0.779436,0.22731],[-0.596179,0.221478,0.771699],[0.551145,-0.586027,0.593979]],[[0.58379,0.779436,0.22731],[-0.779728,0.460194,0.424554],[0.226305,-0.42509,0.876404]],[[0.58379,0.779436,0.22731],[-0.804119,0.593748,0.0292468],[-0.112169,-0.199858,0.973383]]],"btipPosition":[-47.02,265.919,109.676],"carpPosition":[-15.616,219.43,188.433],"dipPosition":[-49.5192,261.466,131.364],"direction":[-0.226305,0.42509,-0.876404],"extended":false,"handId":52,"id":520,"length":49.616,"mcpPosition":[-15.616,219.43,188.433],"pipPosition":[-42.1734,247.668,159.812],"stabilizedTipPosition":[-44.9321,261.53,70.9869],"timeVisible":2.06385,"tipPosition":[-48.9725,262.745,114.06],"tipVelocity":[-9.33752,22.5756,8.93927],"tool":false,"touchDistance":0.744403,"touchZone":"hovering","type":0,"width":20.6645},{"bases":[[[0.8089,-0.237288,-0.537936],[0.535135,0.676127,0.506442],[0.24354,-0.697529,0.6739]],[[0.822048,-0.278688,-0.496558],[-0.0819184,0.805093,-0.587465],[0.563495,0.523601,0.638995]],[[0.822048,-0.278688,-0.496558],[-0.569251,-0.423337,-0.704797],[-0.0137929,0.862044,-0.506646]],[[0.822048,-0.278688,-0.496558],[-0.422036,-0.883615,-0.202757],[-0.38226,0.376241,-0.84399]]],"btipPosition":[-26.6841,231.746,140.115],"carpPosition":[8.36318,238.865,186.008],"dipPosition":[-33.5229,238.477,125.016],"direction":[0.0137929,-0.862044,0.506646],"extended":false,"handId":52,"id":522,"length":63.7917,"mcpPosition":[-8.03869,285.842,140.622],"pipPosition":[-33.8963,261.815,111.3],"stabilizedTipPosition":[-28.7662,238.367,110.682],"timeVisible":2.06385,"tipPosition":[-31.9672,233.842,130.073],"tipVelocity":[-3.02198,16.683,4.5068],"tool":false,"touchDistance":1,"touchZone":"none","type":2,"width":19.3861},{"bases":[[[0.793265,-0.387639,-0.46954],[0.59905,0.634866,0.487939],[0.108951,-0.668343,0.735831]],[[0.793656,-0.390071,-0.466856],[-0.0190155,0.751112,-0.6599],[0.608069,0.532612,0.588708]],[[0.793656,-0.390071,-0.466856],[-0.607179,-0.459953,-0.647902],[0.0379955,0.797677,-0.601887]],[[0.793656,-0.390071,-0.466856],[-0.477945,-0.874575,-0.0817776],[-0.376402,0.288035,-0.880544]]],"btipPosition":[-8.57852,228.802,141.568],"carpPosition":[18.181,237.205,179.566],"dipPosition":[-15.2738,233.925,125.905],"direction":[-0.0379955,-0.797677,0.601887],"extended":false,"handId":52,"id":523,"length":61.3374,"mcpPosition":[11.5931,277.617,135.073],"pipPosition":[-14.2718,254.962,110.031],"stabilizedTipPosition":[-8.17219,241.559,113.7],"timeVisible":2.06385,"tipPosition":[-12.7501,230.163,134.076],"tipVelocity":[-3.59882,15.6343,2.33929],"tool":false,"touchDistance":1,"touchZone":"none","type":3,"width":18.4471},{"bases":[[[0.690585,-0.561921,-0.455343],[0.722395,0.505288,0.472048],[-0.0351739,-0.654927,0.754873]],[[0.690904,-0.499577,-0.522565],[0.0541841,0.756577,-0.651655],[0.720913,0.421917,0.549791]],[[0.690904,-0.499577,-0.522565],[-0.711388,-0.341065,-0.614493],[0.128758,0.796303,-0.591036]],[[0.690904,-0.499577,-0.522565],[-0.606585,-0.793852,-0.0430608],[-0.393327,0.346731,-0.851511]]],"btipPosition":[7.27128,231.285,135.227],"carpPosition":[25.5135,229.346,171.009],"dipPosition":[0.816851,236.974,121.254],"direction":[-0.128758,-0.796302,0.591036],"extended":false,"handId":52,"id":524,"length":48.0874,"mcpPosition":[27.4823,266.005,128.756],"pipPosition":[3.21438,251.802,110.249],"stabilizedTipPosition":[6.93281,247.188,111.388],"timeVisible":2.06385,"tipPosition":[3.34599,233.46,129.865],"tipVelocity":[-3.97964,14.9454,0.599369],"tool":false,"touchDistance":1,"touchZone":"none","type":4,"width":16.3862}],"r":[[0.973283,-0.220229,0.0649528],[0.228014,0.960326,-0.160572],[-0.0270132,0.171092,0.984885]],"s":1.06308,"t":[-19.4853,5.36541,-43.7768],"timestamp":230774153088},{"currentFrameRate":57.6357,"devices":[],"gestures":[],"hands":[{"armBasis":[[0.813596,0.131351,-0.5664],[0.459918,0.450598,0.765138],[0.35572,-0.883011,0.306194]],"armWidth":63.9521,"confidence":1,"direction":[-0.153792,0.789162,-0.594619],"elbow":[110.883,-23.7291,270.93],"grabAngle":2.86684,"grabStrength":0,"id":52,"palmNormal":[-0.440173,-0.593486,-0.673812],"palmPosition":[-3.59345,263.968,150.997],"palmVelocity":[-1.7592,11.616,4.37326],"palmWidth":87.8335,"pinchDistance":43.1339,"pinchStrength":0.48961,"r":[[0.973267,-0.220497,0.0642801],[0.228161,0.960302,-0.160508],[-0.0263368,0.170883,0.984939]],"s":1.0631,"sphereCenter":[-6.97641,246.095,102.965],"sphereRadius":50.0943,"stabilizedPalmPosition":[-6.44529,288.517,178.229],"t":[-19.526,5.59023,-43.6996],"timeVisible":2.08128,"type":"right","wrist":[18.1705,206.413,191.126]}],"id":67929,"interactionBox":{"center":[0,200,0],"size":[235.247,235.247,147.751]},"pointables":[{"bases":[[[0.846264,-0.0233618,-0.532252],[0.39078,0.706261,0.590328],[0.362117,-0.707566,0.606812]],[[0.909624,-0.198074,-0.365172],[0.338102,0.863735,0.373695],[0.241393,-0.463387,0.852644]],[[0.909624,-0.198074,-0.365172],[0.282277,0.939621,0.193475],[0.304801,-0.279069,0.910614]],[[0.909624,-0.198074,-0.365172],[0.235339,0.970057,0.0600466],[0.342344,-0.140559,0.929002]]],"btipPosition":[-50.2222,315.733,77.7132],"carpPosition":[-2.05009,237.822,191.747],"dipPosition":[-44.6537,313.446,92.8242],"direction":[-0.304801,0.279069,-0.910614],"extended":true,"handId":52,"id":521,"length":55.9861,"mcpPosition":[-27.7667,288.072,148.652],"pipPosition":[-37.64,307.025,113.778],"stabilizedTipPosition":[-49.7903,309.633,69.141],"timeVisible":2.08128,"tipPosition":[-52.3025,306.511,81.7046],"tipVelocity":[-5.80555,-3.20854,-0.724544],"tool":false,"touchDistance":0.186479,"touchZone":"hovering","type":1,"width":19.7388},{"bases":[[[0.719671,0.621199,0.310138],[-0.455085,0.0846779,0.886412],[0.524376,-0.779065,0.343639]],[[0.584456,0.779432,0.225602],[-0.595048,0.222679,0.772225],[0.55166,-0.585576,0.593946]],[[0.584456,0.779432,0.225602],[-0.778906,0.460991,0.425197],[0.227412,-0.424232,0.876534]],[[0.584456,0.779432,0.225602],[-0.803846,0.59408,0.0299959],[-0.110646,-0.198881,0.973758]]],"btipPosition":[-47.156,266.118,109.817],"carpPosition":[-15.6572,219.7,188.585],"dipPosition":[-49.6213,261.687,131.513],"direction":[-0.227412,0.424232,-0.876534],"extended":false,"handId":52,"id":520,"length":49.616,"mcpPosition":[-15.6572,219.7,188.585],"pipPosition":[-42.2395,247.916,159.966],"stabilizedTipPosition":[-44.9598,261.566,71.421],"timeVisible":2.08128,"tipPosition":[-49.0236,262.943,114.174],"tipVelocity":[-7.352,11.674,8.22107],"tool":false,"touchDistance":0.746791,"touchZone":"hovering","type":0,"width":20.6645},{"bases":[[[0.808306,-0.238797,-0.538161],[0.53608,0.676438,0.505025],[0.243434,-0.696712,0.674783]],[[0.821448,-0.280145,-0.49673],[-0.0822937,0.803678,-0.589347],[0.564314,0.524996,0.637126]],[[0.821448,-0.280145,-0.49673],[-0.570103,-0.42528,-0.702937],[-0.0143248,0.860614,-0.509057]],[[0.821448,-0.280145,-0.49673],[-0.422207,-0.884275,-0.199496],[-0.383359,0.373599,-0.844666]]],"btipPosition":[-26.7069,231.959,140.324],"carpPosition":[8.33673,239.11,186.113],"dipPosition":[-33.5653,238.643,125.213],"direction":[0.0143248,-0.860614,0.509057],"extended":false,"handId":52,"id":522,"length":63.7917,"mcpPosition":[-8.05797,286.032,140.668],"pipPosition":[-33.9532,261.941,111.432],"stabilizedTipPosition":[-28.7631,238.336,110.85],"timeVisible":2.08128,"tipPosition":[-32.0194,234.035,130.249],"tipVelocity":[-1.56862,11.5741,11.835],"tool":false,"touchDistance":1,"touchZone":"none","type":2,"width":19.3861},{"bases":[[[0.792592,-0.38903,-0.469525],[0.599947,0.635094,0.486539],[0.108914,-0.667317,0.736767]],[[0.793091,-0.392139,-0.466084],[-0.0186379,0.749215,-0.662065],[0.608818,0.533765,0.586887]],[[0.793091,-0.392139,-0.466084],[-0.607902,-0.461548,-0.646087],[0.0382358,0.795739,-0.604432]],[[0.793091,-0.392139,-0.466084],[-0.478533,-0.874557,-0.0784673],[-0.376846,0.285268,-0.881254]]],"btipPosition":[-8.63916,229.018,141.769],"carpPosition":[18.1484,237.432,179.667],"dipPosition":[-15.3423,234.093,126.094],"direction":[-0.0382358,-0.795739,0.604432],"extended":false,"handId":52,"id":523,"length":61.3374,"mcpPosition":[11.5627,277.783,135.117],"pipPosition":[-14.334,255.079,110.153],"stabilizedTipPosition":[-8.18728,241.474,113.884],"timeVisible":2.08128,"tipPosition":[-12.8097,230.347,134.228],"tipVelocity":[-3.58254,11.7814,11.3867],"tool":false,"touchDistance":1,"touchZone":"none","type":3,"width":18.4471},{"bases":[[[0.689773,-0.563203,-0.45499],[0.72317,0.505386,0.470755],[-0.0351849,-0.653749,0.755893]],[[0.690163,-0.50267,-0.520574],[0.0553742,0.753944,-0.6546],[0.721532,0.422955,0.54818]],[[0.690163,-0.50267,-0.520574],[-0.711931,-0.342685,-0.61296],[0.129724,0.793656,-0.594375]],[[0.690163,-0.50267,-0.520574],[-0.607575,-0.793279,-0.0395101],[-0.3931,0.343556,-0.852902]]],"btipPosition":[7.18385,231.493,135.417],"carpPosition":[25.468,229.554,171.117],"dipPosition":[0.733145,237.131,121.421],"direction":[-0.129724,-0.793656,0.594375],"extended":false,"handId":52,"id":524,"length":48.0874,"mcpPosition":[27.4374,266.147,128.806],"pipPosition":[3.14866,251.909,110.353],"stabilizedTipPosition":[6.92191,247.061,111.572],"timeVisible":2.08128,"tipPosition":[3.28633,233.621,129.994],"tipVelocity":[-4.96649,11.2834,10.5752],"tool":false,"touchDistance":1,"touchZone":"none","type":4,"width":16.3862}],"r":[[0.973267,-0.220497,0.0642801],[0.228161,0.960302,-0.160508],[-0.0263368,0.170883,0.984939]],"s":1.0631,"t":[-19.526,5.59023,-43.6996],"timestamp":230774170520},{"currentFrameRate":57.6532,"devices":[],"gestures":[],"hands":[{"armBasis":[[0.813074,0.131374,-0.567144],[0.460512,0.450842,0.764637],[0.356146,-0.882883,0.306069]],"armWidth":63.9521,"confidence":1,"direction":[-0.153404,0.788594,-0.595471],"elbow":[110.974,-23.6276,270.946],"grabAngle":2.86903,"grabStrength":0,"id":52,"palmNormal":[-0.440817,-0.593934,-0.672996],"palmPosition":[-3.59508,264.008,150.996],"palmVelocity":[-0.0942194,2.30937,-0.0788869],"palmWidth":87.8335,"pinchDistance":43.261,"pinchStrength":0.488082,"r":[[0.973226,-0.220838,0.0637314],[0.228408,0.960213,-0.16069],[-0.0257092,0.170945,0.984945]],"s":1.06297,"sphereCenter":[-7.03746,246.076,103.012],"sphereRadius":50.0623,"stabilizedPalmPosition":[-6.42335,288.328,178.019],"t":[-19.5471,5.7226,-43.6617],"timeVisible":2.09857,"type":"right","wrist":[18.1506,206.481,191.174]}],"id":67930,"interactionBox":{"center":[0,200,0],"size":[235.247,235.247,147.751]},"pointables":[{"bases":[[[0.846079,-0.0245858,-0.53249],[0.391479,0.706649,0.589399],[0.361792,-0.707137,0.607506]],[[0.909455,-0.199588,-0.364768],[0.338466,0.864914,0.370627],[0.24152,-0.460531,0.854154]],[[0.909455,-0.199588,-0.364768],[0.281941,0.940797,0.188178],[0.305615,-0.273983,0.911884]],[[0.909455,-0.199588,-0.364768],[0.234503,0.970638,0.0535738],[0.343365,-0.134262,0.929556]]],"btipPosition":[-50.2476,315.451,77.5919],"carpPosition":[-2.05797,237.908,191.775],"dipPosition":[-44.6624,313.267,92.7119],"direction":[-0.305615,0.273983,-0.911884],"extended":true,"handId":52,"id":521,"length":55.9861,"mcpPosition":[-27.7515,288.127,148.631],"pipPosition":[-37.63,306.963,113.695],"stabilizedTipPosition":[-49.7812,309.692,69.2728],"timeVisible":2.09857,"tipPosition":[-52.237,306.654,81.6595],"tipVelocity":[-1.24776,-14.9192,-6.89838],"tool":false,"touchDistance":0.184492,"touchZone":"hovering","type":1,"width":19.7388},{"bases":[[[0.720221,0.621028,0.309203],[-0.454745,0.0860209,0.886458],[0.523917,-0.779054,0.344363]],[[0.584947,0.779399,0.224441],[-0.594194,0.223449,0.77266],[0.55206,-0.585327,0.59382]],[[0.584947,0.779399,0.224441],[-0.778346,0.461613,0.425548],[0.228067,-0.423615,0.876662]],[[0.584947,0.779399,0.224441],[-0.803579,0.594439,0.0300557],[-0.109991,-0.197937,0.974024]]],"btipPosition":[-47.2331,266.156,109.866],"carpPosition":[-15.6793,219.791,188.638],"dipPosition":[-49.6838,261.746,131.568],"direction":[-0.228067,0.423615,-0.876662],"extended":false,"handId":52,"id":520,"length":49.616,"mcpPosition":[-15.6793,219.791,188.638],"pipPosition":[-42.2808,247.996,160.025],"stabilizedTipPosition":[-44.9847,261.597,71.8033],"timeVisible":2.09857,"tipPosition":[-49.0315,262.984,114.191],"tipVelocity":[-4.26961,2.51296,2.90613],"tool":false,"touchDistance":0.747628,"touchZone":"hovering","type":0,"width":20.6645},{"bases":[[[0.807963,-0.24,-0.538142],[0.536731,0.676623,0.504085],[0.243138,-0.696119,0.675501]],[[0.821088,-0.281311,-0.496668],[-0.0824381,0.802557,-0.590852],[0.564817,0.526086,0.63578]],[[0.821088,-0.281311,-0.496668],[-0.570619,-0.42655,-0.701748],[-0.0144443,0.859604,-0.510756]],[[0.821088,-0.281311,-0.496668],[-0.422442,-0.884652,-0.197316],[-0.383871,0.371827,-0.845215]]],"btipPosition":[-26.7064,231.999,140.417],"carpPosition":[8.32802,239.182,186.136],"dipPosition":[-33.574,238.652,125.296],"direction":[0.0144443,-0.859604,0.510756],"extended":false,"handId":52,"id":522,"length":63.7917,"mcpPosition":[-8.04677,286.064,140.643],"pipPosition":[-33.965,261.923,111.468],"stabilizedTipPosition":[-28.7614,238.319,110.941],"timeVisible":2.09857,"tipPosition":[-32.0352,234.07,130.316],"tipVelocity":[-0.0919301,1.91446,5.21612],"tool":false,"touchDistance":1,"touchZone":"none","type":2,"width":19.3861},{"bases":[[[0.792161,-0.390143,-0.469329],[0.600562,0.635211,0.485626],[0.108659,-0.666555,0.737494]],[[0.792801,-0.394156,-0.464873],[-0.0178013,0.747437,-0.664094],[0.60922,0.53477,0.585553]],[[0.792801,-0.394156,-0.464873],[-0.608225,-0.462741,-0.644928],[0.0390861,0.794048,-0.606598]],[[0.792801,-0.394156,-0.464873],[-0.479311,-0.87434,-0.0760905],[-0.376466,0.283144,-0.882102]]],"btipPosition":[-8.68201,229.069,141.876],"carpPosition":[18.1365,237.489,179.689],"dipPosition":[-15.3784,234.105,126.186],"direction":[-0.0390861,-0.794048,0.606598],"extended":false,"handId":52,"id":523,"length":61.3374,"mcpPosition":[11.5662,277.793,135.095],"pipPosition":[-14.3476,255.046,110.188],"stabilizedTipPosition":[-8.19659,241.422,113.995],"timeVisible":2.09857,"tipPosition":[-12.8296,230.374,134.286],"tipVelocity":[-2.38876,2.41108,5.99328],"tool":false,"touchDistance":1,"touchZone":"none","type":3,"width":18.4471},{"bases":[[[0.68922,-0.564224,-0.454563],[0.723686,0.505396,0.469951],[-0.0354237,-0.65286,0.75665]],[[0.689672,-0.50481,-0.519153],[0.056033,0.751996,-0.656782],[0.721951,0.423874,0.546916]],[[0.689672,-0.50481,-0.519153],[-0.712274,-0.343762,-0.611959],[0.130458,0.79183,-0.596646]],[[0.689672,-0.50481,-0.519153],[-0.608333,-0.792808,-0.0372386],[-0.39279,0.3415,-0.85387]]],"btipPosition":[7.14398,231.522,135.504],"carpPosition":[25.4476,229.596,171.145],"dipPosition":[0.698355,237.126,121.492],"direction":[-0.130458,-0.79183,0.596646],"extended":false,"handId":52,"id":524,"length":48.0874,"mcpPosition":[27.4304,266.139,128.793],"pipPosition":[3.12754,251.87,110.382],"stabilizedTipPosition":[6.91533,246.987,111.68],"timeVisible":2.09857,"tipPosition":[3.26458,233.629,130.033],"tipVelocity":[-2.23901,1.21506,4.82946],"tool":false,"touchDistance":1,"touchZone":"none","type":4,"width":16.3862}],"r":[[0.973226,-0.220838,0.0637314],[0.228408,0.960213,-0.16069],[-0.0257092,0.170945,0.984945]],"s":1.06297,"t":[-19.5471,5.7226,-43.6617],"timestamp":230774187807},{"currentFrameRate":57.627,"devices":[],"gestures":[],"hands":[{"armBasis":[[0.812157,0.13041,-0.568678],[0.462022,0.451453,0.763365],[0.356282,-0.882714,0.306398]],"armWidth":63.9521,"confidence":1,"direction":[-0.154025,0.787675,-0.596527],"elbow":[111.028,-23.5369,271.054],"grabAngle":2.87033,"grabStrength":0,"id":52,"palmNormal":[-0.442202,-0.594847,-0.671278],"palmPosition":[-3.61744,264,150.964],"palmVelocity":[-1.28239,-0.42635,-1.80641],"palmWidth":87.8335,"pinchDistance":43.3976,"pinchStrength":0.487743,"r":[[0.973193,-0.22118,0.0630441],[0.228642,0.960067,-0.161231],[-0.0248655,0.171323,0.984901]],"s":1.06283,"sphereCenter":[-7.12417,245.982,103.01],"sphereRadius":50.0676,"stabilizedPalmPosition":[-6.40883,288.202,177.879],"t":[-19.5688,5.78507,-43.6585],"timeVisible":2.11601,"type":"right","wrist":[18.1688,206.528,191.197]}],"id":67931,"interactionBox":{"center":[0,200,0],"size":[235.247,235.247,147.751]},"pointables":[{"bases":[[[0.845186,-0.0258625,-0.533846],[0.392779,0.707446,0.587576],[0.362471,-0.706294,0.608082]],[[0.908809,-0.200858,-0.36568],[0.339623,0.865242,0.368798],[0.242326,-0.45936,0.854556]],[[0.908809,-0.200858,-0.36568],[0.282269,0.941446,0.184402],[0.307229,-0.270807,0.91229]],[[0.908809,-0.200858,-0.36568],[0.234088,0.971009,0.0484211],[0.345353,-0.129607,0.92948]]],"btipPosition":[-50.3651,315.254,77.5357],"carpPosition":[-2.02493,237.967,191.784],"dipPosition":[-44.7477,313.146,92.6545],"direction":[-0.307229,0.270807,-0.91229],"extended":true,"handId":52,"id":521,"length":55.9861,"mcpPosition":[-27.7667,288.126,148.599],"pipPosition":[-37.6781,306.915,113.647],"stabilizedTipPosition":[-49.7727,309.753,69.4131],"timeVisible":2.11601,"tipPosition":[-52.3372,306.597,81.6345],"tipVelocity":[-6.31443,-10.2907,-3.24006],"tool":false,"touchDistance":0.18355,"touchZone":"hovering","type":1,"width":19.7388},{"bases":[[[0.721017,0.621207,0.30698],[-0.453239,0.0877043,0.887064],[0.524127,-0.778723,0.344792]],[[0.585514,0.77965,0.22208],[-0.592864,0.224985,0.773236],[0.552889,-0.584403,0.593958]],[[0.585514,0.77965,0.22208],[-0.777513,0.462549,0.426053],[0.229449,-0.42213,0.877017]],[[0.585514,0.77965,0.22208],[-0.803367,0.594717,0.0302193],[-0.108514,-0.196106,0.97456]]],"btipPosition":[-47.3313,266.084,109.898],"carpPosition":[-15.6598,219.852,188.7],"dipPosition":[-49.7491,261.714,131.612],"direction":[-0.229449,0.42213,-0.877017],"extended":false,"handId":52,"id":520,"length":49.616,"mcpPosition":[-15.6598,219.852,188.7],"pipPosition":[-42.3012,248.012,160.08],"stabilizedTipPosition":[-45.0112,261.629,72.1966],"timeVisible":2.11601,"tipPosition":[-49.1135,262.939,114.238],"tipVelocity":[-5.19693,-3.63245,1.97716],"tool":false,"touchDistance":0.748203,"touchZone":"hovering","type":0,"width":20.6645},{"bases":[[[0.806961,-0.241268,-0.539077],[0.537876,0.67721,0.502072],[0.243934,-0.695108,0.676255]],[[0.820136,-0.282516,-0.497556],[-0.0832951,0.80138,-0.592327],[0.566073,0.527233,0.633709]],[[0.820136,-0.282516,-0.497556],[-0.571965,-0.42798,-0.699777],[-0.0152458,0.858497,-0.512591]],[[0.820136,-0.282516,-0.497556],[-0.42276,-0.885181,-0.194236],[-0.385552,0.369647,-0.845406]]],"btipPosition":[-26.7416,231.993,140.504],"carpPosition":[8.35231,239.227,186.126],"dipPosition":[-33.6393,238.606,125.38],"direction":[0.0152458,-0.858497,0.512591],"extended":false,"handId":52,"id":522,"length":63.7917,"mcpPosition":[-8.07609,286.041,140.582],"pipPosition":[-34.052,261.848,111.503],"stabilizedTipPosition":[-28.7604,238.308,110.999],"timeVisible":2.11601,"tipPosition":[-32.0974,234.04,130.395],"tipVelocity":[-2.4135,-0.874707,4.96435],"tool":false,"touchDistance":1,"touchZone":"none","type":2,"width":19.3861},{"bases":[[[0.791204,-0.39129,-0.469989],[0.601657,0.635739,0.483576],[0.109572,-0.665379,0.738421]],[[0.791812,-0.395055,-0.465795],[-0.0190075,0.746334,-0.665301],[0.610469,0.535647,0.583447]],[[0.791812,-0.395055,-0.465795],[-0.609581,-0.463714,-0.642947],[0.0380041,0.793033,-0.607993]],[[0.791812,-0.395055,-0.465795],[-0.479542,-0.874432,-0.0735475],[-0.37825,0.281604,-0.881831]]],"btipPosition":[-8.71718,229.045,141.918],"carpPosition":[18.1493,237.519,179.666],"dipPosition":[-15.4453,234.054,126.233],"direction":[-0.0380041,-0.793033,0.607993],"extended":false,"handId":52,"id":523,"length":61.3374,"mcpPosition":[11.5238,277.753,135.016],"pipPosition":[-14.4431,254.968,110.198],"stabilizedTipPosition":[-8.20499,241.377,114.094],"timeVisible":2.11601,"tipPosition":[-12.8917,230.343,134.331],"tipVelocity":[-2.43557,-1.73914,2.47797],"tool":false,"touchDistance":1,"touchZone":"none","type":3,"width":18.4471},{"bases":[[[0.688208,-0.565298,-0.454762],[0.724694,0.505841,0.467914],[-0.0344732,-0.651586,0.757791]],[[0.688585,-0.506144,-0.519296],[0.0551837,0.750615,-0.658432],[0.723052,0.42473,0.544793]],[[0.688585,-0.506144,-0.519296],[-0.713445,-0.344681,-0.610075],[0.129795,0.790578,-0.598448]],[[0.688585,-0.506144,-0.519296],[-0.60869,-0.792656,-0.0345402],[-0.39414,0.339874,-0.853896]]],"btipPosition":[7.08326,231.484,135.523],"carpPosition":[25.4427,229.609,171.123],"dipPosition":[0.615484,237.062,121.511],"direction":[-0.129795,-0.790578,0.598448],"extended":false,"handId":52,"id":524,"length":48.0874,"mcpPosition":[27.3723,266.08,128.707],"pipPosition":[3.03232,251.783,110.367],"stabilizedTipPosition":[6.9073,246.9,111.806],"timeVisible":2.11601,"tipPosition":[3.19581,233.583,130.043],"tipVelocity":[-3.77346,-2.50163,1.09516],"tool":false,"touchDistance":1,"touchZone":"none","type":4,"width":16.3862}],"r":[[0.973193,-0.22118,0.0630441],[0.228642,0.960067,-0.161231],[-0.0248655,0.171323,0.984901]],"s":1.06283,"t":[-19.5688,5.78507,-43.6585],"timestamp":230774205247},{"currentFrameRate":57.6703,"devices":[],"gestures":[],"hands":[{"armBasis":[[0.811386,0.129557,-0.569972],[0.46317,0.452312,0.76216],[0.356548,-0.882399,0.306993]],"armWidth":63.9521,"confidence":1,"direction":[-0.153387,0.787071,-0.597489],"elbow":[111.036,-23.4669,271.189],"grabAngle":2.87047,"grabStrength":0,"id":52,"palmNormal":[-0.443517,-0.595155,-0.670137],"palmPosition":[-3.64302,263.96,150.885],"palmVelocity":[-1.48758,-2.30768,-4.61801],"palmWidth":87.8335,"pinchDistance":43.5263,"pinchStrength":0.488456,"r":[[0.973115,-0.221704,0.0624107],[0.229068,0.959842,-0.16196],[-0.0239973,0.171901,0.984822]],"s":1.06256,"sphereCenter":[-7.23741,245.885,102.971],"sphereRadius":50.0469,"stabilizedPalmPosition":[-6.3998,288.123,177.791],"t":[-19.5925,5.79646,-43.6966],"timeVisible":2.1332,"type":"right","wrist":[18.1078,206.516,191.177]}],"id":67932,"interactionBox":{"center":[0,200,0],"size":[235.247,235.247,147.751]},"pointables":[{"bases":[[[0.844753,-0.027753,-0.534436],[0.394186,0.707707,0.586317],[0.361952,-0.705961,0.608778]],[[0.908233,-0.202472,-0.366221],[0.341103,0.865163,0.367618],[0.242408,-0.458801,0.854833]],[[0.908233,-0.202472,-0.366221],[0.283111,0.941768,0.181444],[0.308158,-0.268475,0.912666]],[[0.908233,-0.202472,-0.366221],[0.234219,0.971191,0.0439261],[0.346777,-0.125671,0.92949]]],"btipPosition":[-50.4072,315.104,77.421],"carpPosition":[-2.05595,237.981,191.739],"dipPosition":[-44.7666,313.06,92.54],"direction":[-0.308158,0.268475,-0.912666],"extended":true,"handId":52,"id":521,"length":55.9861,"mcpPosition":[-27.7608,288.117,148.505],"pipPosition":[-37.6756,306.882,113.541],"stabilizedTipPosition":[-49.7664,309.799,69.5227],"timeVisible":2.1332,"tipPosition":[-52.3408,306.566,81.5301],"tipVelocity":[-2.13689,-7.8845,-6.66409],"tool":false,"touchDistance":0.18164,"touchZone":"hovering","type":1,"width":19.7388},{"bases":[[[0.722097,0.620634,0.305596],[-0.452459,0.0895384,0.887279],[0.523313,-0.778971,0.345467]],[[0.586526,0.779352,0.220446],[-0.592154,0.226935,0.77321],[0.552576,-0.584046,0.594601]],[[0.586526,0.779352,0.220446],[-0.776659,0.463988,0.426047],[0.229756,-0.4211,0.877432]],[[0.586526,0.779352,0.220446],[-0.802727,0.595583,0.0301741],[-0.107778,-0.194656,0.974932]]],"btipPosition":[-47.4008,266.029,109.835],"carpPosition":[-15.718,219.881,188.69],"dipPosition":[-49.8022,261.692,131.557],"direction":[-0.229756,0.4211,-0.877432],"extended":false,"handId":52,"id":520,"length":49.616,"mcpPosition":[-15.718,219.881,188.69],"pipPosition":[-42.3443,248.023,160.039],"stabilizedTipPosition":[-45.0332,261.654,72.5148],"timeVisible":2.1332,"tipPosition":[-49.1655,262.916,114.195],"tipVelocity":[-3.81995,-2.73573,-3.54753],"tool":false,"touchDistance":0.747186,"touchZone":"hovering","type":0,"width":20.6645},{"bases":[[[0.806228,-0.243113,-0.539344],[0.539178,0.677156,0.500747],[0.243482,-0.694519,0.677023]],[[0.819378,-0.284322,-0.497776],[-0.0823076,0.800988,-0.592996],[0.567314,0.526858,0.63291]],[[0.819378,-0.284322,-0.497776],[-0.573087,-0.427259,-0.699301],[-0.0138529,0.85826,-0.513027]],[[0.819378,-0.284322,-0.497776],[-0.424536,-0.884465,-0.193626],[-0.385214,0.369977,-0.845416]]],"btipPosition":[-26.8453,231.963,140.447],"carpPosition":[8.31881,239.219,186.072],"dipPosition":[-33.7369,238.582,125.322],"direction":[0.0138529,-0.85826,0.513027],"extended":false,"handId":52,"id":522,"length":63.7917,"mcpPosition":[-8.07911,285.993,140.476],"pipPosition":[-34.112,261.817,111.433],"stabilizedTipPosition":[-28.7596,238.295,111.069],"timeVisible":2.1332,"tipPosition":[-32.168,234.01,130.398],"tipVelocity":[-5.95267,-1.66975,-3.35068],"tool":false,"touchDistance":1,"touchZone":"none","type":2,"width":19.3861},{"bases":[[[0.790316,-0.393018,-0.470039],[0.602888,0.635571,0.482261],[0.109206,-0.66452,0.739248]],[[0.790942,-0.396898,-0.465707],[-0.0181408,0.74555,-0.666203],[0.611623,0.535376,0.582486]],[[0.790942,-0.396898,-0.465707],[-0.610635,-0.463235,-0.642291],[0.0391926,0.792392,-0.608752]],[[0.790942,-0.396898,-0.465707],[-0.481178,-0.873604,-0.072689],[-0.377994,0.281581,-0.881948]]],"btipPosition":[-8.82073,228.991,141.872],"carpPosition":[18.1087,237.489,179.606],"dipPosition":[-15.5443,234,126.184],"direction":[-0.0391926,-0.792392,0.608752],"extended":false,"handId":52,"id":523,"length":61.3374,"mcpPosition":[11.5053,277.67,134.906],"pipPosition":[-14.5107,254.898,110.13],"stabilizedTipPosition":[-8.21483,241.325,114.204],"timeVisible":2.1332,"tipPosition":[-12.9709,230.293,134.312],"tipVelocity":[-5.96048,-3.11595,-2.72785],"tool":false,"touchDistance":1,"touchZone":"none","type":3,"width":18.4471},{"bases":[[[0.687093,-0.566863,-0.454499],[0.725736,0.505483,0.466685],[-0.0348052,-0.650502,0.758707]],[[0.687543,-0.508902,-0.517979],[0.0568909,0.748888,-0.66025],[0.723911,0.424482,0.543845]],[[0.687543,-0.508902,-0.517979],[-0.714058,-0.34423,-0.609612],[0.131929,0.789002,-0.600059]],[[0.687543,-0.508902,-0.517979],[-0.61067,-0.791187,-0.0332547],[-0.392895,0.339179,-0.854746]]],"btipPosition":[6.95488,231.421,135.494],"carpPosition":[25.3848,229.557,171.069],"dipPosition":[0.507544,236.987,121.468],"direction":[-0.131929,-0.789002,0.600059],"extended":false,"handId":52,"id":524,"length":48.0874,"mcpPosition":[27.333,265.968,128.601],"pipPosition":[2.96411,251.678,110.294],"stabilizedTipPosition":[6.89762,246.804,111.944],"timeVisible":2.1332,"tipPosition":[3.11987,233.503,130.007],"tipVelocity":[-7.19232,-3.85034,-1.89095],"tool":false,"touchDistance":1,"touchZone":"none","type":4,"width":16.3862}],"r":[[0.973115,-0.221704,0.0624107],[0.229068,0.959842,-0.16196],[-0.0239973,0.171901,0.984822]],"s":1.06256,"t":[-19.5925,5.79646,-43.6966],"timestamp":230774222443},{"currentFrameRate":57.5917,"devices":[],"gestures":[],"hands":[{"armBasis":[[0.812151,0.130596,-0.568644],[0.461629,0.452199,0.763161],[0.356806,-0.882304,0.306967]],"armWidth":63.9521,"confidence":1,"direction":[-0.153556,0.78592,-0.598958],"elbow":[111.082,-23.3603,271.232],"grabAngle":2.87142,"grabStrength":0,"id":52,"palmNormal":[-0.441755,-0.596801,-0.669836],"palmPosition":[-3.67791,263.961,150.831],"palmVelocity":[-1.97948,0.0475613,-3.08126],"palmWidth":87.8335,"pinchDistance":43.6971,"pinchStrength":0.487712,"r":[[0.973092,-0.221846,0.0622573],[0.229201,0.959671,-0.162781],[-0.0236343,0.17267,0.984696]],"s":1.06234,"sphereCenter":[-7.20356,245.806,102.948],"sphereRadius":50.0383,"stabilizedPalmPosition":[-6.39363,288.068,177.73],"t":[-19.6218,5.80257,-43.7428],"timeVisible":2.15083,"type":"right","wrist":[18.0861,206.598,191.226]}],"id":67933,"interactionBox":{"center":[0,200,0],"size":[235.247,235.247,147.751]},"pointables":[{"bases":[[[0.845566,-0.0274814,-0.533163],[0.392397,0.709156,0.585767],[0.361998,-0.704516,0.610421]],[[0.908954,-0.201475,-0.364981],[0.339167,0.866451,0.366372],[0.242423,-0.456805,0.855897]],[[0.908954,-0.201475,-0.364981],[0.280695,0.943059,0.178464],[0.308243,-0.264664,0.91375]],[[0.908954,-0.201475,-0.364981],[0.231484,0.972019,0.0399213],[0.346726,-0.120774,0.930159]]],"btipPosition":[-50.4722,314.82,77.2141],"carpPosition":[-2.11597,238.049,191.728],"dipPosition":[-44.8324,312.856,92.3439],"direction":[-0.308243,0.264664,-0.91375],"extended":true,"handId":52,"id":521,"length":55.9861,"mcpPosition":[-27.8241,288.082,148.377],"pipPosition":[-37.7395,306.766,113.37],"stabilizedTipPosition":[-49.7613,309.839,69.6189],"timeVisible":2.15083,"tipPosition":[-52.3068,306.454,81.3327],"tipVelocity":[-3.7006,-15.0686,-11.6014],"tool":false,"touchDistance":0.178232,"touchZone":"hovering","type":1,"width":19.7388},{"bases":[[[0.720831,0.622072,0.305661],[-0.453868,0.0903445,0.886477],[0.523838,-0.77773,0.347462]],[[0.58501,0.780628,0.219963],[-0.593428,0.227141,0.772172],[0.552816,-0.582261,0.596126]],[[0.58501,0.780628,0.219963],[-0.777758,0.463104,0.425002],[0.229902,-0.419708,0.87806]],[[0.58501,0.780628,0.219963],[-0.803832,0.594133,0.02934],[-0.107783,-0.193977,0.975067]]],"btipPosition":[-47.4486,265.928,109.736],"carpPosition":[-15.7496,219.925,188.688],"dipPosition":[-49.8501,261.606,131.461],"direction":[-0.229902,0.419708,-0.87806],"extended":false,"handId":52,"id":520,"length":49.616,"mcpPosition":[-15.7496,219.925,188.688],"pipPosition":[-42.3876,247.982,159.963],"stabilizedTipPosition":[-45.0512,261.674,72.7713],"timeVisible":2.15083,"tipPosition":[-49.1403,262.808,114.079],"tipVelocity":[-2.71579,-5.56155,-5.57588],"tool":false,"touchDistance":0.745549,"touchZone":"hovering","type":0,"width":20.6645},{"bases":[[[0.807333,-0.2429,-0.537786],[0.537554,0.678661,0.500456],[0.243413,-0.693123,0.678477]],[[0.820476,-0.284025,-0.496134],[-0.0824928,0.799947,-0.594373],[0.565698,0.528596,0.632908]],[[0.820476,-0.284025,-0.496134],[-0.571499,-0.429385,-0.699298],[-0.0144143,0.857297,-0.51462]],[[0.820476,-0.284025,-0.496134],[-0.422902,-0.885506,-0.192439],[-0.384672,0.367708,-0.846651]]],"btipPosition":[-26.8145,231.928,140.416],"carpPosition":[8.26537,239.292,186.074],"dipPosition":[-33.6964,238.507,125.269],"direction":[0.0144143,-0.857297,0.51462],"extended":false,"handId":52,"id":522,"length":63.7917,"mcpPosition":[-8.12795,285.972,140.38],"pipPosition":[-34.0866,261.716,111.338],"stabilizedTipPosition":[-28.7585,238.281,111.146],"timeVisible":2.15083,"tipPosition":[-32.13,233.94,130.356],"tipVelocity":[1.87712,-2.49448,-2.00951],"tool":false,"touchDistance":1,"touchZone":"none","type":2,"width":19.3861},{"bases":[[[0.791518,-0.392716,-0.468267],[0.601346,0.637131,0.482128],[0.109008,-0.663203,0.740459]],[[0.79215,-0.396641,-0.463868],[-0.0181081,0.744425,-0.667461],[0.610057,0.537129,0.582514]],[[0.79215,-0.396641,-0.463868],[-0.609079,-0.465202,-0.642347],[0.0389889,0.791368,-0.610096]],[[0.79215,-0.396641,-0.463868],[-0.479875,-0.874393,-0.0718155],[-0.377118,0.279487,-0.882989]]],"btipPosition":[-8.79412,228.976,141.871],"carpPosition":[18.0669,237.564,179.626],"dipPosition":[-15.5021,233.948,126.164],"direction":[-0.0389889,-0.791368,0.610096],"extended":false,"handId":52,"id":523,"length":61.3374,"mcpPosition":[11.4755,277.666,134.852],"pipPosition":[-14.4739,254.818,110.074],"stabilizedTipPosition":[-8.2267,241.263,114.338],"timeVisible":2.15083,"tipPosition":[-12.9359,230.255,134.299],"tipVelocity":[1.71277,-1.32346,-0.310219],"tool":false,"touchDistance":1,"touchZone":"none","type":3,"width":18.4471},{"bases":[[[0.688502,-0.566673,-0.452601],[0.724387,0.507181,0.466937],[-0.0350499,-0.649345,0.759685]],[[0.688981,-0.509187,-0.515785],[0.057219,0.747636,-0.661639],[0.722517,0.426344,0.544242]],[[0.688981,-0.509187,-0.515785],[-0.71264,-0.346227,-0.61014],[0.132096,0.787944,-0.601411]],[[0.688981,-0.509187,-0.515785],[-0.609775,-0.791897,-0.0327648],[-0.391765,0.337087,-0.856091]]],"btipPosition":[6.97497,231.419,135.515],"carpPosition":[25.3659,229.628,171.111],"dipPosition":[0.546173,236.95,121.467],"direction":[-0.132096,-0.787944,0.601411],"extended":false,"handId":52,"id":524,"length":48.0874,"mcpPosition":[27.3278,265.974,128.589],"pipPosition":[3.00586,251.622,110.268],"stabilizedTipPosition":[6.88886,246.716,112.071],"timeVisible":2.15083,"tipPosition":[3.15771,233.479,130.013],"tipVelocity":[1.3818,-0.567795,0.928441],"tool":false,"touchDistance":1,"touchZone":"none","type":4,"width":16.3862}],"r":[[0.973092,-0.221846,0.0622573],[0.229201,0.959671,-0.162781],[-0.0236343,0.17267,0.984696]],"s":1.06234,"t":[-19.6218,5.80257,-43.7428],"timestamp":230774240068},{"currentFrameRate":57.6536,"devices":[],"gestures":[],"hands":[{"armBasis":[[0.811009,0.129596,-0.570499],[0.463572,0.45251,0.761798],[0.356882,-0.882292,0.306912]],"armWidth":63.9521,"confidence":1,"direction":[-0.153625,0.782917,-0.602861],"elbow":[111.007,-23.1925,271.364],"grabAngle":2.8717,"grabStrength":0,"id":52,"palmNormal":[-0.443442,-0.599841,-0.665995],"palmPosition":[-3.78056,263.956,150.749],"palmVelocity":[-5.98912,-0.330195,-4.77489],"palmWidth":87.8335,"pinchDistance":43.9284,"pinchStrength":0.487837,"r":[[0.973044,-0.222108,0.0620689],[0.229468,0.959311,-0.164521],[-0.0230019,0.174329,0.984419]],"s":1.06212,"sphereCenter":[-7.4177,245.55,102.967],"sphereRadius":50.0357,"stabilizedPalmPosition":[-6.38786,288.015,177.67],"t":[-19.6877,5.8028,-43.8068],"timeVisible":2.16797,"type":"right","wrist":[17.9913,206.762,191.372]}],"id":67934,"interactionBox":{"center":[0,200,0],"size":[235.247,235.247,147.751]},"pointables":[{"bases":[[[0.84471,-0.0312245,-0.534313],[0.394077,0.711805,0.58141],[0.362172,-0.701683,0.613573]],[[0.908118,-0.204165,-0.365564],[0.340619,0.867971,0.361394],[0.243515,-0.452707,0.857763]],[[0.908118,-0.204165,-0.365564],[0.281189,0.944267,0.171149],[0.310248,-0.258217,0.914916]],[[0.908118,-0.204165,-0.365564],[0.231249,0.972388,0.0313855],[0.349063,-0.113038,0.930257]]],"btipPosition":[-50.6811,314.386,76.9374],"carpPosition":[-2.18365,238.258,191.78],"dipPosition":[-45.0033,312.547,92.0689],"direction":[-0.310248,0.258217,-0.914916],"extended":true,"handId":52,"id":521,"length":55.9861,"mcpPosition":[-27.9042,288.089,148.205],"pipPosition":[-37.8642,306.606,113.122],"stabilizedTipPosition":[-49.7579,309.875,69.7126],"timeVisible":2.16797,"tipPosition":[-52.4519,306.181,81.0985],"tipVelocity":[-11.6764,-23.6461,-16.119],"tool":false,"touchDistance":0.173628,"touchZone":"hovering","type":1,"width":19.7388},{"bases":[[[0.721982,0.622883,0.301262],[-0.452397,0.0955202,0.886686],[0.523525,-0.776462,0.350754]],[[0.585765,0.781534,0.214671],[-0.591822,0.231491,0.772113],[0.553738,-0.579324,0.598128]],[[0.585765,0.781534,0.214671],[-0.776633,0.465508,0.424433],[0.231777,-0.415339,0.879644]],[[0.585765,0.781534,0.214671],[-0.803602,0.594485,0.0284688],[-0.10537,-0.189186,0.976271]]],"btipPosition":[-47.6999,265.746,109.73],"carpPosition":[-15.8417,220.133,188.857],"dipPosition":[-50.0476,261.531,131.482],"direction":[-0.231777,0.415339,-0.879644],"extended":false,"handId":52,"id":520,"length":49.616,"mcpPosition":[-15.8417,220.133,188.857],"pipPosition":[-42.5241,248.049,160.035],"stabilizedTipPosition":[-45.0745,261.697,73.0775],"timeVisible":2.16797,"tipPosition":[-49.295,262.671,114.077],"tipVelocity":[-13.9366,-9.19001,0.00682552],"tool":false,"touchDistance":0.74555,"touchZone":"hovering","type":0,"width":20.6645},{"bases":[[[0.806234,-0.246622,-0.53774],[0.539068,0.6807,0.496038],[0.243706,-0.6898,0.68175]],[[0.819397,-0.287542,-0.495892],[-0.0822379,0.797172,-0.598126],[0.567297,0.530883,0.629553]],[[0.819397,-0.287542,-0.495892],[-0.57306,-0.431729,-0.696572],[-0.0137975,0.854944,-0.518536]],[[0.819397,-0.287542,-0.495892],[-0.424497,-0.885731,-0.187838],[-0.385215,0.364418,-0.847826]]],"btipPosition":[-26.9896,231.89,140.506],"carpPosition":[8.19029,239.459,186.104],"dipPosition":[-33.8812,238.409,125.338],"direction":[0.0137975,-0.854944,0.518536],"extended":false,"handId":52,"id":522,"length":63.7917,"mcpPosition":[-8.22272,285.916,140.189],"pipPosition":[-34.2548,261.554,111.3],"stabilizedTipPosition":[-28.7578,238.264,111.236],"timeVisible":2.16797,"tipPosition":[-32.2876,233.857,130.493],"tipVelocity":[-10.3481,-3.04481,4.9657],"tool":false,"touchDistance":1,"touchZone":"none","type":2,"width":19.3861},{"bases":[[[0.790363,-0.396052,-0.467407],[0.602786,0.639005,0.477831],[0.109429,-0.659406,0.74378]],[[0.790971,-0.399782,-0.463185],[-0.0183324,0.741194,-0.671041],[0.611579,0.539265,0.578933]],[[0.790971,-0.399782,-0.463185],[-0.610611,-0.467537,-0.63919],[0.0389805,0.788406,-0.613919]],[[0.790971,-0.399782,-0.463185],[-0.481049,-0.874129,-0.0670036],[-0.378097,0.275813,-0.883725]]],"btipPosition":[-8.95366,228.922,141.96],"carpPosition":[17.9799,237.687,179.649],"dipPosition":[-15.6791,233.828,126.24],"direction":[-0.0389805,-0.788406,0.613919],"extended":false,"handId":52,"id":523,"length":61.3374,"mcpPosition":[11.3631,277.559,134.675],"pipPosition":[-14.6511,254.621,110.049],"stabilizedTipPosition":[-8.2394,241.2,114.472],"timeVisible":2.16797,"tipPosition":[-13.0971,230.173,134.416],"tipVelocity":[-9.54202,-4.0408,5.01278],"tool":false,"touchDistance":1,"touchZone":"none","type":3,"width":18.4471},{"bases":[[[0.687181,-0.56981,-0.450664],[0.725662,0.508841,0.463137],[-0.0345837,-0.645289,0.763156]],[[0.68765,-0.513365,-0.513414],[0.0578127,0.743611,-0.666108],[0.723737,0.428367,0.541023]],[[0.68765,-0.513365,-0.513414],[-0.713748,-0.348403,-0.607601],[0.133046,0.784265,-0.605993]],[[0.68765,-0.513365,-0.513414],[-0.611371,-0.790846,-0.0280804],[-0.391616,0.333196,-0.857682]]],"btipPosition":[6.77888,231.326,135.595],"carpPosition":[25.2571,229.698,171.166],"dipPosition":[0.352533,236.794,121.521],"direction":[-0.133046,-0.784265,0.605993],"extended":false,"handId":52,"id":524,"length":48.0874,"mcpPosition":[27.1929,265.817,128.449],"pipPosition":[2.82991,251.397,110.237],"stabilizedTipPosition":[6.87829,246.622,112.206],"timeVisible":2.16797,"tipPosition":[2.99432,233.355,130.086],"tipVelocity":[-11.4085,-6.2783,4.30854],"tool":false,"touchDistance":1,"touchZone":"none","type":4,"width":16.3862}],"r":[[0.973044,-0.222108,0.0620689],[0.229468,0.959311,-0.164521],[-0.0230019,0.174329,0.984419]],"s":1.06212,"t":[-19.6877,5.8028,-43.8068],"timestamp":230774257207},{"currentFrameRate":57.681,"devices":[],"gestu