{"frames": 521, "data": [{"currentFrameRate": 55.3223, "devices": [], "gestures": [], "hands": [{"armBasis": [[0.817085, -0.0267644, -0.575896], [0.438422, 0.677523, 0.590549], [0.374377, -0.735014, 0.565328]], "armWidth": 55.673, "confidence": 1, "direction": [0.10907, 0.397959, -0.910896], "elbow": [-180.074, -62.4888, 270.097], "grabAngle": 1.41001, "grabStrength": 0.367767, "id": 131, "palmNormal": [0.425777, -0.846749, -0.318952], "palmPosition": [-71.312, 145.628, 74.4757], "palmVelocity": [5.15792, -7.19376, -1.40835], "palmWidth": 81.7268, "pinchDistance": 57.4944, "pinchStrength": 0.0192257, "r": [[0.965866, -0.0630437, -0.251252], [0.0116313, 0.979509, -0.201063], [0.25878, 0.191278, 0.946808]], "s": 0.96617, "sphereCenter": [-56.9848, 100.224, 35.3682], "sphereRadius": 61.2983, "stabilizedPalmPosition": [-63.0398, 150.156, 71.7357], "t": [12.4425, 38.4249, 84.009], "timeVisible": 5.55865, "type": "left", "wrist": [-89.2826, 115.762, 132.998]}], "id": 126669, "interactionBox": {"center": [0, 200, 0], "size": [235.247, 235.247, 147.751]}, "pointables": [{"bases": [[[0.720989, 0.692943, 0.0021872], [-0.48991, 0.507502, 0.708823], [0.490064, -0.512125, 0.705383]], [[0.4758, 0.836961, -0.270391], [-0.609352, 0.53536, 0.584876], [0.634275, -0.113521, 0.764728]], [[0.4758, 0.836961, -0.270391], [-0.667152, 0.543755, 0.509154], [0.573169, -0.0618635, 0.817099]], [[0.4758, 0.836961, -0.270391], [-0.688237, 0.545697, 0.478063], [0.547672, -0.041369, 0.83567]]], "btipPosition": [-0.761902, 134.589, 48.5957], "carpPosition": [-57.6093, 126.797, 124.511], "dipPosition": [-12.0145, 133.739, 65.7656], "direction": [0.573169, 0.0618635, -0.817099], "extended": true, "handId": 131, "id": 1310, "length": 45.7535, "mcpPosition": [-57.6093, 126.797, 124.511], "pipPosition": [-29.1711, 131.887, 90.2237], "stabilizedTipPosition": [4.65502, 138.833, 52.4853], "timeVisible": 5.55865, "tipPosition": [-2.33787, 134.97, 53.5883], "tipVelocity": [6.63376, -4.80623, 0.208832], "tool": false, "touchDistance": 0.188154, "touchZone": "hovering", "type": 0, "width": 17.475}, {"bases": [[[0.867165, -0.281221, -0.411022], [0.382745, 0.904369, 0.188739], [0.318638, -0.320985, 0.891874]], [[0.876044, -0.290414, -0.384977], [0.351514, 0.931091, 0.0975117], [0.330129, -0.220749, 0.917761]], [[0.876044, -0.290414, -0.384977], [0.0939603, 0.885819, -0.454419], [0.472989, 0.361918, 0.803303]], [[0.876044, -0.290414, -0.384977], [-0.119174, 0.64318, -0.756384], [0.467274, 0.708505, 0.528844]]], "btipPosition": [-19.9932, 154.165, 0.932947], "carpPosition": [-70.5458, 142.936, 119.461], "dipPosition": [-27.0022, 164.793, 8.86541], "direction": [0.472989, -0.361918, -0.803303], "extended": true, "handId": 131, "id": 1311, "length": 51.6277, "mcpPosition": [-49.4903, 164.146, 60.5264], "pipPosition": [-37.0387, 172.472, 25.9111], "stabilizedTipPosition": [-12.9046, 159.899, 3.32451], "timeVisible": 5.55865, "tipPosition": [-21.4582, 158.775, 2.47247], "tipVelocity": [4.47703, -7.21189, -2.36421], "tool": false, "touchDistance": 0.290696, "touchZone": "hovering", "type": 1, "width": 16.6921}, {"bases": [[[0.824202, -0.472026, -0.31286], [0.530742, 0.836539, 0.136069], [0.197492, -0.278196, 0.940002]], [[0.830177, -0.480806, -0.28219], [0.500624, 0.865662, -0.0021552], [0.245317, -0.139482, 0.959356]], [[0.830177, -0.480806, -0.28219], [0.227646, 0.754406, -0.61567], [0.508903, 0.446876, 0.735744]], [[0.830177, -0.480806, -0.28219], [-0.0327619, 0.463221, -0.885637], [0.556536, 0.744481, 0.368804]]], "btipPosition": [-35.8071, 141.309, -9.1722], "carpPosition": [-80.4499, 141.411, 114.781], "dipPosition": [-44.9887, 153.591, -3.08778], "direction": [0.508903, -0.446876, -0.735744], "extended": true, "handId": 131, "id": 1312, "length": 58.8257, "mcpPosition": [-68.074, 158.845, 55.8756], "pipPosition": [-57.6933, 164.747, 15.2798], "stabilizedTipPosition": [-30.9704, 148.448, -9.10645], "timeVisible": 5.55865, "tipPosition": [-39.2232, 147.001, -9.47943], "tipVelocity": [4.07987, -7.35109, -3.01815], "tool": false, "touchDistance": 0.32388, "touchZone": "hovering", "type": 2, "width": 16.3939}, {"bases": [[[0.801911, -0.56953, -0.180483], [0.594297, 0.791383, 0.143265], [0.0612374, -0.222146, 0.973089]], [[0.802943, -0.573708, -0.161683], [0.551225, 0.81792, -0.1648], [0.22679, 0.0432016, 0.972985]], [[0.802943, -0.573708, -0.161683], [0.236395, 0.555516, -0.797195], [0.547175, 0.601881, 0.581669]], [[0.802943, -0.573708, -0.161683], [-0.00445708, 0.265467, -0.96411], [0.596039, 0.774846, 0.210598]]], "btipPosition": [-54.3584, 120.567, 0.248745], "carpPosition": [-89.7836, 137.11, 110.763], "dipPosition": [-64.1351, 133.276, 3.70316], "direction": [0.547175, -0.601881, -0.581669], "extended": false, "handId": 131, "id": 1313, "length": 56.5625, "mcpPosition": [-86.3382, 149.609, 56.0143], "pipPosition": [-77.4424, 147.914, 17.8493], "stabilizedTipPosition": [-47.3041, 126.052, 0.635815], "timeVisible": 5.55865, "tipPosition": [-56.9404, 123.797, 0.628054], "tipVelocity": [4.93921, -8.36928, -2.81546], "tool": false, "touchDistance": 0.307947, "touchZone": "hovering", "type": 3, "width": 15.5998}, {"bases": [[[0.694317, -0.714291, -0.087819], [0.714848, 0.67041, 0.198852], [-0.0831637, -0.200844, 0.976087]], [[0.681877, -0.731326, 0.0143317], [0.710375, 0.657417, -0.251338], [0.174388, 0.181562, 0.967793]], [[0.681877, -0.731326, 0.0143317], [0.355022, 0.31376, -0.880633], [0.639533, 0.605571, 0.473583]], [[0.681877, -0.731326, 0.0143317], [0.0954283, 0.0695161, -0.993006], [0.725215, 0.678476, 0.117191]]], "btipPosition": [-73.7043, 110.98, 16.9574], "carpPosition": [-96.7419, 126.821, 107.742], "dipPosition": [-84.6785, 121.247, 18.7308], "direction": [0.639533, -0.605571, -0.473583], "extended": false, "handId": 131, "id": 1314, "length": 44.3439, "mcpPosition": [-101.073, 137.281, 56.9051], "pipPosition": [-95.6598, 131.645, 26.8626], "stabilizedTipPosition": [-67.2347, 115.401, 15.8857], "timeVisible": 5.55865, "tipPosition": [-75.7831, 112.424, 18.1132], "tipVelocity": [7.03308, -11.1089, 0.329347], "tool": false, "touchDistance": 0.246533, "touchZone": "hovering", "type": 4, "width": 13.857}], "r": [[0.965866, -0.0630437, -0.251252], [0.0116313, 0.979509, -0.201063], [0.25878, 0.191278, 0.946808]], "s": 0.96617, "t": [-12.4425, 38.4249, 84.009], "timestamp": 144960094226}, {"currentFrameRate": 55.3371, "devices": [], "gestures": [], "hands": [{"armBasis": [[0.817656, -0.0268307, -0.575082], [0.438052, 0.677166, 0.591232], [0.373563, -0.735341, 0.565442]], "armWidth": 55.673, "confidence": 1, "direction": [0.109118, 0.397779, -0.910969], "elbow": [-179.809, -62.5743, 270.193], "grabAngle": 1.40893, "grabStrength": 0.367394, "id": 131, "palmNormal": [0.425403, -0.846965, -0.318876], "palmPosition": [-71.2502, 145.611, 74.5383], "palmVelocity": [3.43235, -0.936376, 3.47447], "palmWidth": 81.7268, "pinchDistance": 57.5129, "pinchStrength": 0.0187219, "r": [[0.965901, -0.0633569, -0.251042], [0.0118711, 0.979415, -0.201506], [0.258641, 0.191655, 0.94677]], "s": 0.966505, "sphereCenter": [-56.9363, 100.162, 35.427], "sphereRadius": 61.332, "stabilizedPalmPosition": [-63.0861, 150.131, 71.7516], "t": [12.5008, 38.3679, 84.0379], "timeVisible": 5.57667, "type": "left", "wrist": [-89.2149, 115.755, 133.066]}], "id": 126670, "interactionBox": {"center": [0, 200, 0], "size": [235.247, 235.247, 147.751]}, "pointables": [{"bases": [[[0.720714, 0.693229, 0.00217], [-0.490197, 0.507414, 0.708687], [0.490181, -0.511825, 0.70552]], [[0.475473, 0.837116, -0.270484], [-0.609565, 0.535188, 0.584812], [0.634315, -0.113185, 0.764744]], [[0.475473, 0.837116, -0.270484], [-0.667098, 0.543523, 0.509474], [0.573503, -0.0618017, 0.816869]], [[0.475473, 0.837116, -0.270484], [-0.688063, 0.545453, 0.478592], [0.548174, -0.0414478, 0.835337]]], "btipPosition": [-0.679337, 134.559, 48.6725], "carpPosition": [-57.5489, 126.782, 124.575], "dipPosition": [-11.9423, 133.707, 65.8355], "direction": [0.573503, 0.0618017, -0.816869], "extended": true, "handId": 131, "id": 1310, "length": 45.7535, "mcpPosition": [-57.5489, 126.782, 124.575], "pipPosition": [-29.1089, 131.857, 90.2868], "stabilizedTipPosition": [4.61549, 138.81, 52.486], "timeVisible": 5.57667, "tipPosition": [-2.28514, 134.921, 53.6417], "tipVelocity": [4.45016, -1.68857, 4.17304], "tool": false, "touchDistance": 0.189408, "touchZone": "hovering", "type": 0, "width": 17.475}, {"bases": [[[0.867327, -0.280939, -0.410874], [0.382364, 0.904549, 0.188649], [0.318657, -0.320724, 0.891961]], [[0.876245, -0.290166, -0.384707], [0.351056, 0.931299, 0.0971641], [0.330083, -0.220193, 0.917911]], [[0.876245, -0.290166, -0.384707], [0.0937209, 0.885746, -0.454609], [0.472665, 0.362294, 0.803325]], [[0.876245, -0.290166, -0.384707], [-0.119179, 0.643061, -0.756485], [0.466896, 0.708715, 0.528897]]], "btipPosition": [-19.94, 154.106, 0.98321], "carpPosition": [-70.4796, 142.925, 119.524], "dipPosition": [-26.9433, 164.736, 8.91647], "direction": [0.472665, -0.362294, -0.803325], "extended": true, "handId": 131, "id": 1311, "length": 51.6277, "mcpPosition": [-49.4228, 164.119, 60.5836], "pipPosition": [-36.973, 172.424, 25.9626], "stabilizedTipPosition": [-12.9741, 159.873, 3.32036], "timeVisible": 5.57667, "tipPosition": [-21.4, 158.726, 2.5273], "tipVelocity": [3.02538, -3.2728, 2.79947], "tool": false, "touchDistance": 0.291536, "touchZone": "hovering", "type": 1, "width": 16.6921}, {"bases": [[[0.824427, -0.471747, -0.312689], [0.530394, 0.83677, 0.136007], [0.197488, -0.277976, 0.940068]], [[0.830409, -0.48053, -0.28198], [0.500365, 0.865812, -0.00191771], [0.245063, -0.1395, 0.959418]], [[0.830409, -0.48053, -0.28198], [0.228062, 0.75493, -0.614873], [0.50834, 0.446287, 0.736491]], [[0.830409, -0.48053, -0.28198], [-0.0319088, 0.464258, -0.885125], [0.55624, 0.744013, 0.370191]]], "btipPosition": [-35.772, 141.311, -9.15613], "carpPosition": [-80.3849, 141.404, 114.845], "dipPosition": [-44.9487, 153.585, -3.04883], "direction": [0.50834, -0.446287, -0.736491], "extended": true, "handId": 131, "id": 1312, "length": 58.8257, "mcpPosition": [-68.0092, 158.824, 55.9358], "pipPosition": [-57.6392, 164.727, 15.3374], "stabilizedTipPosition": [-31.0315, 148.41, -9.09448], "timeVisible": 5.57667, "tipPosition": [-39.1659, 146.947, -9.41438], "tipVelocity": [2.01135, 0.0243053, 1.18406], "tool": false, "touchDistance": 0.324236, "touchZone": "hovering", "type": 2, "width": 16.3939}, {"bases": [[[0.802159, -0.569239, -0.1803], [0.593966, 0.79164, 0.143217], [0.0612075, -0.221975, 0.973129]], [[0.803191, -0.573422, -0.161464], [0.551042, 0.818128, -0.164372], [0.226353, 0.0430486, 0.973094]], [[0.803191, -0.573422, -0.161464], [0.23708, 0.556334, -0.796421], [0.546513, 0.601399, 0.582789]], [[0.803191, -0.573422, -0.161464], [-0.00317496, 0.266915, -0.963715], [0.595712, 0.77456, 0.212564]]], "btipPosition": [-54.3358, 120.575, 0.248824], "carpPosition": [-89.7207, 137.106, 110.829], "dipPosition": [-64.1072, 133.28, 3.73548], "direction": [0.546513, -0.601399, -0.582789], "extended": false, "handId": 131, "id": 1313, "length": 56.5625, "mcpPosition": [-86.277, 149.595, 56.0782], "pipPosition": [-77.3983, 147.906, 17.9088], "stabilizedTipPosition": [-47.3971, 126.026, 0.639974], "timeVisible": 5.57667, "tipPosition": [-56.8947, 123.762, 0.693958], "tipVelocity": [1.32131, 0.424442, 0.415863], "tool": false, "touchDistance": 0.308072, "touchZone": "hovering", "type": 3, "width": 15.5998}, {"bases": [[[0.694611, -0.714029, -0.0876272], [0.714558, 0.670723, 0.198838], [-0.0832024, -0.20073, 0.976107]], [[0.682153, -0.731064, 0.0146033], [0.710074, 0.657536, -0.251876], [0.174535, 0.182187, 0.967649]], [[0.682153, -0.731064, 0.0146033], [0.354814, 0.313481, -0.880816], [0.639355, 0.606033, 0.473233]], [[0.682153, -0.731064, 0.0146033], [0.0959717, 0.0697165, -0.99294], [0.724884, 0.678738, 0.117719]]], "btipPosition": [-73.6513, 110.941, 17.0273], "carpPosition": [-96.6835, 126.819, 107.81], "dipPosition": [-84.6206, 121.212, 18.8087], "direction": [0.639355, -0.606033, -0.473233], "extended": false, "handId": 131, "id": 1314, "length": 44.3439, "mcpPosition": [-101.017, 137.273, 56.9725], "pipPosition": [-95.5988, 131.618, 26.9345], "stabilizedTipPosition": [-67.2959, 115.387, 15.8963], "timeVisible": 5.57667, "tipPosition": [-75.7418, 112.402, 18.1804], "tipVelocity": [3.00066, -2.11431, 3.9838], "tool": false, "touchDistance": 0.247729, "touchZone": "hovering", "type": 4, "width": 13.857}], "r": [[0.965901, -0.0633569, -0.251042], [0.0118711, 0.979415, -0.201506], [0.258641, 0.191655, 0.94677]], "s": 0.966505, "t": [-12.5008, 38.3679, 84.0379], "timestamp": 144960112246}, {"currentFrameRate": 55.3128, "devices": [], "gestures": [], "hands": [{"armBasis": [[0.818113, -0.0264504, -0.574449], [0.437539, 0.67686, 0.591964], [0.373164, -0.735637, 0.565321]], "armWidth": 55.673, "confidence": 1, "direction": [0.109177, 0.397459, -0.911102], "elbow": [-179.626, -62.6544, 270.254], "grabAngle": 1.40767, "grabStrength": 0.367022, "id": 131, "palmNormal": [0.424878, -0.847291, -0.318709], "palmPosition": [-71.1647, 145.583, 74.6205], "palmVelocity": [4.70697, -1.51918, 4.52853], "palmWidth": 81.7268, "pinchDistance": 57.5216, "pinchStrength": 0.0184869, "r": [[0.965944, -0.0635147, -0.250836], [0.0119616, 0.97933, -0.201916], [0.258475, 0.192039, 0.946737]], "s": 0.966889, "sphereCenter": [-56.8811, 100.057, 35.5046], "sphereRadius": 61.3837, "stabilizedPalmPosition": [-63.1225, 150.11, 71.7645], "t": [12.5727, 38.3257, 84.0936], "timeVisible": 5.59483, "type": "left", "wrist": [-89.1288, 115.747, 133.157]}], "id": 126671, "interactionBox": {"center": [0, 200, 0], "size": [235.247, 235.247, 147.751]}, "pointables": [{"bases": [[[0.72033, 0.693628, 0.00209921], [-0.490603, 0.507345, 0.708456], [0.49034, -0.511352, 0.705751]], [[0.475042, 0.837306, -0.270654], [-0.609914, 0.535005, 0.584615], [0.634303, -0.112641, 0.764834]], [[0.475042, 0.837306, -0.270654], [-0.667077, 0.54325, 0.509792], [0.573885, -0.0616258, 0.816614]], [[0.475042, 0.837306, -0.270654], [-0.68795, 0.545165, 0.479082], [0.548689, -0.0413875, 0.835001]]], "btipPosition": [-0.573972, 134.507, 48.7682], "carpPosition": [-57.465, 126.762, 124.66], "dipPosition": [-11.8475, 133.656, 65.9243], "direction": [0.573885, 0.0616258, -0.816614], "extended": true, "handId": 131, "id": 1310, "length": 45.7535, "mcpPosition": [-57.465, 126.762, 124.66], "pipPosition": [-29.0255, 131.812, 90.3679], "stabilizedTipPosition": [4.58222, 138.791, 52.487], "timeVisible": 5.59483, "tipPosition": [-2.21178, 134.848, 53.7122], "tipVelocity": [5.66697, -2.83623, 5.18093], "tool": false, "touchDistance": 0.190976, "touchZone": "hovering", "type": 0, "width": 17.475}, {"bases": [[[0.867554, -0.280576, -0.410642], [0.38183, 0.904815, 0.188458], [0.318678, -0.320293, 0.892108]], [[0.876501, -0.289821, -0.384381], [0.35037, 0.931626, 0.0965048], [0.33013, -0.219262, 0.918117]], [[0.876501, -0.289821, -0.384381], [0.0932407, 0.885552, -0.455086], [0.472283, 0.363043, 0.803211]], [[0.876501, -0.289821, -0.384381], [-0.119396, 0.642642, -0.756806], [0.466358, 0.709235, 0.528673]]], "btipPosition": [-19.8611, 154.003, 1.05436], "carpPosition": [-70.3877, 142.91, 119.607], "dipPosition": [-26.8563, 164.641, 8.98426], "direction": [0.472283, -0.363043, -0.803211], "extended": true, "handId": 131, "id": 1311, "length": 51.6277, "mcpPosition": [-49.3295, 164.075, 60.6567], "pipPosition": [-36.8779, 172.345, 26.028], "stabilizedTipPosition": [-13.0363, 159.848, 3.31713], "timeVisible": 5.59483, "tipPosition": [-21.3202, 158.647, 2.59753], "tipVelocity": [4.44532, -5.54308, 3.87459], "tool": false, "touchDistance": 0.292709, "touchZone": "hovering", "type": 1, "width": 16.6921}, {"bases": [[[0.824743, -0.471379, -0.31241], [0.529907, 0.837102, 0.135862], [0.197477, -0.277599, 0.940182]], [[0.830753, -0.480195, -0.281536], [0.499972, 0.866039, -0.00182613], [0.244698, -0.139243, 0.959549]], [[0.830753, -0.480195, -0.281536], [0.228532, 0.755413, -0.614104], [0.507565, 0.445829, 0.737302]], [[0.830753, -0.480195, -0.281536], [-0.0309263, 0.465178, -0.884677], [0.555781, 0.743655, 0.371597]]], "btipPosition": [-35.7248, 141.283, -9.12718], "carpPosition": [-80.2946, 141.393, 114.93], "dipPosition": [-44.8939, 153.551, -2.99668], "direction": [0.507565, -0.445829, -0.737302], "extended": true, "handId": 131, "id": 1312, "length": 58.8257, "mcpPosition": [-67.9197, 158.789, 56.0137], "pipPosition": [-57.5651, 164.681, 15.4098], "stabilizedTipPosition": [-31.0834, 148.377, -9.08396], "timeVisible": 5.59483, "tipPosition": [-39.0893, 146.867, -9.33145], "tipVelocity": [2.69444, -1.6284, 1.88747], "tool": false, "touchDistance": 0.324807, "touchZone": "hovering", "type": 2, "width": 16.3939}, {"bases": [[[0.802505, -0.568847, -0.179996], [0.593502, 0.792009, 0.143096], [0.0611591, -0.221664, 0.973203]], [[0.803544, -0.573056, -0.16101], [0.550839, 0.818394, -0.16373], [0.225596, 0.0428737, 0.973277]], [[0.803544, -0.573056, -0.16101], [0.238112, 0.557362, -0.795393], [0.545545, 0.600795, 0.584316]], [[0.803544, -0.573056, -0.16101], [-0.00150904, 0.268532, -0.96327], [0.595243, 0.774273, 0.214912]]], "btipPosition": [-54.3123, 120.577, 0.249729], "carpPosition": [-89.6335, 137.099, 110.917], "dipPosition": [-64.076, 133.277, 3.77491], "direction": [0.545546, -0.600795, -0.584316], "extended": false, "handId": 131, "id": 1313, "length": 56.5625, "mcpPosition": [-86.1925, 149.57, 56.1619], "pipPosition": [-77.3436, 147.889, 17.9854], "stabilizedTipPosition": [-47.4819, 126.003, 0.643867], "timeVisible": 5.59483, "tipPosition": [-56.8324, 123.704, 0.781804], "tipVelocity": [1.39398, 0.0349345, 0.537705], "tool": false, "touchDistance": 0.308235, "touchZone": "hovering", "type": 3, "width": 15.5998}, {"bases": [[[0.695021, -0.71367, -0.0873017], [0.714152, 0.671175, 0.198772], [-0.0832631, -0.200498, 0.97615]], [[0.682519, -0.730711, 0.0151587], [0.709749, 0.657704, -0.252351], [0.174426, 0.182993, 0.967517]], [[0.682519, -0.730711, 0.0151587], [0.354902, 0.313221, -0.880873], [0.638915, 0.606592, 0.47311]], [[0.682519, -0.730711, 0.0151587], [0.0969341, 0.0699447, -0.99283], [0.724412, 0.679094, 0.118569]]], "btipPosition": [-73.5916, 110.885, 17.1106], "carpPosition": [-96.6025, 126.815, 107.902], "dipPosition": [-84.5537, 121.161, 18.9048], "direction": [0.638915, -0.606592, -0.47311], "extended": false, "handId": 131, "id": 1314, "length": 44.3439, "mcpPosition": [-100.939, 137.257, 57.0624], "pipPosition": [-95.5245, 131.577, 27.0285], "stabilizedTipPosition": [-67.3407, 115.376, 15.9046], "timeVisible": 5.59483, "tipPosition": [-75.6851, 112.362, 18.2721], "tipVelocity": [3.37745, -3.02231, 4.74441], "tool": false, "touchDistance": 0.249166, "touchZone": "hovering", "type": 4, "width": 13.857}], "r": [[0.965944, -0.0635147, -0.250836], [0.0119616, 0.97933, -0.201916], [0.258475, 0.192039, 0.946737]], "s": 0.966889, "t": [-12.5727, 38.3257, 84.0936], "timestamp": 144960130409}, {"currentFrameRate": 55.3249, "devices": [], "gestures": [], "hands": [{"armBasis": [[0.81874, -0.0255024, -0.573598], [0.436598, 0.676461, 0.593113], [0.372891, -0.736037, 0.56498]], "armWidth": 55.673, "confidence": 1, "direction": [0.108803, 0.398071, -0.910879], "elbow": [-179.46, -62.7495, 270.259], "grabAngle": 1.40695, "grabStrength": 0.367503, "id": 131, "palmNormal": [0.424025, -0.84736, -0.319662], "palmPosition": [-71.09, 145.619, 74.7183], "palmVelocity": [4.14085, 1.97808, 5.42057], "palmWidth": 81.7268, "pinchDistance": 57.496, "pinchStrength": 0.019182, "r": [[0.966024, -0.0634616, -0.250539], [0.0119204, 0.979294, -0.202093], [0.258176, 0.19224, 0.946778]], "s": 0.96719, "sphereCenter": [-56.8296, 100.066, 35.5639], "sphereRadius": 61.4125, "stabilizedPalmPosition": [-63.1486, 150.095, 71.7742], "t": [12.6459, 38.3224, 84.1702], "timeVisible": 5.61287, "type": "left", "wrist": [-89.0292, 115.749, 133.245]}], "id": 126672, "interactionBox": {"center": [0, 200, 0], "size": [235.247, 235.247, 147.751]}, "pointables": [{"bases": [[[0.71982, 0.694153, 0.00315189], [-0.491491, 0.506448, 0.708483], [0.490199, -0.511529, 0.705721]], [[0.474409, 0.83792, -0.269865], [-0.610789, 0.534077, 0.58455], [0.633934, -0.112485, 0.765163]], [[0.474409, 0.83792, -0.269865], [-0.667363, 0.542252, 0.51048], [0.574076, -0.0620782, 0.816446]], [[0.474409, 0.83792, -0.269865], [-0.68809, 0.544173, 0.480009], [0.549062, -0.0420291, 0.834724]]], "btipPosition": [-0.479731, 134.514, 48.8376], "carpPosition": [-57.3676, 126.749, 124.733], "dipPosition": [-11.7609, 133.651, 65.988], "direction": [0.574076, 0.0620782, -0.816446], "extended": true, "handId": 131, "id": 1310, "length": 45.7535, "mcpPosition": [-57.3676, 126.749, 124.733], "pipPosition": [-28.9447, 131.793, 90.4266], "stabilizedTipPosition": [4.55275, 138.774, 52.4881], "timeVisible": 5.61287, "tipPosition": [-2.16336, 134.848, 53.7482], "tipVelocity": [5.12836, 0.241226, 3.77686], "tool": false, "touchDistance": 0.192111, "touchZone": "hovering", "type": 0, "width": 17.475}, {"bases": [[[0.868059, -0.279629, -0.410221], [0.38103, 0.90495, 0.189424], [0.318261, -0.320738, 0.892097]], [[0.876954, -0.288846, -0.384083], [0.349156, 0.932111, 0.0962213], [0.330215, -0.218487, 0.918271]], [[0.876954, -0.288846, -0.384083], [0.0920668, 0.885391, -0.455638], [0.471673, 0.364213, 0.80304]], [[0.876954, -0.288846, -0.384083], [-0.120005, 0.642279, -0.757019], [0.46535, 0.709962, 0.528586]]], "btipPosition": [-19.808, 153.968, 1.14931], "carpPosition": [-70.2821, 142.911, 119.702], "dipPosition": [-26.7881, 164.618, 9.07791], "direction": [0.471673, -0.364213, -0.80304], "extended": true, "handId": 131, "id": 1311, "length": 51.6277, "mcpPosition": [-49.2515, 164.105, 60.7525], "pipPosition": [-36.7967, 172.346, 26.118], "stabilizedTipPosition": [-13.0755, 159.831, 3.31551], "timeVisible": 5.61287, "tipPosition": [-21.2893, 158.686, 2.6707], "tipVelocity": [3.13994, -1.78381, 5.24907], "tool": false, "touchDistance": 0.294287, "touchZone": "hovering", "type": 1, "width": 16.6921}, {"bases": [[[0.825316, -0.470539, -0.312165], [0.529195, 0.837386, 0.136884], [0.196993, -0.278169, 0.940115]], [[0.831274, -0.479318, -0.281492], [0.499225, 0.866471, -0.00114513], [0.244453, -0.139576, 0.959563]], [[0.831274, -0.479318, -0.281492], [0.228517, 0.756314, -0.613], [0.506718, 0.445245, 0.738237]], [[0.831274, -0.479318, -0.281492], [-0.0301886, 0.466728, -0.883885], [0.555042, 0.743249, 0.373509]]], "btipPosition": [-35.6978, 141.365, -9.07725], "carpPosition": [-80.1936, 141.405, 115.032], "dipPosition": [-44.8547, 153.627, -2.9152], "direction": [0.506718, -0.445245, -0.738237], "extended": true, "handId": 131, "id": 1312, "length": 58.8257, "mcpPosition": [-67.8489, 158.837, 56.1191], "pipPosition": [-57.5047, 164.743, 15.5146], "stabilizedTipPosition": [-31.1272, 148.349, -9.0747], "timeVisible": 5.61287, "tipPosition": [-39.073, 146.938, -9.25362], "tipVelocity": [1.65601, 4.50537, 3.17129], "tool": false, "touchDistance": 0.32576, "touchZone": "hovering", "type": 2, "width": 16.3939}, {"bases": [[[0.803053, -0.568123, -0.179842], [0.592818, 0.792334, 0.144131], [0.0606108, -0.222358, 0.973079]], [[0.804072, -0.572303, -0.161053], [0.550399, 0.818973, -0.16231], [0.224788, 0.0418656, 0.973508]], [[0.804072, -0.572303, -0.161053], [0.239035, 0.559225, -0.793807], [0.544363, 0.59978, 0.586458]], [[0.804072, -0.572303, -0.161053], [0.000321569, 0.271308, -0.962493], [0.594532, 0.773861, 0.218335]]], "btipPosition": [-54.3203, 120.709, 0.244214], "carpPosition": [-89.5385, 137.12, 111.022], "dipPosition": [-64.0723, 133.402, 3.82554], "direction": [0.544363, -0.59978, -0.586458], "extended": false, "handId": 131, "id": 1313, "length": 56.5625, "mcpPosition": [-86.1284, 149.631, 56.2737], "pipPosition": [-77.3111, 147.989, 18.0881], "stabilizedTipPosition": [-47.5674, 125.98, 0.647861], "timeVisible": 5.61287, "tipPosition": [-56.8262, 123.784, 0.85367], "tipVelocity": [-0.294688, 7.21421, 0.41023], "tool": false, "touchDistance": 0.308358, "touchZone": "hovering", "type": 3, "width": 15.5998}, {"bases": [[[0.695607, -0.713095, -0.0873355], [0.713515, 0.671546, 0.199803], [-0.0838289, -0.2013, 0.975936]], [[0.683074, -0.730197, 0.0148987], [0.709223, 0.658308, -0.252257], [0.174389, 0.182877, 0.967546]], [[0.683074, -0.730197, 0.0148987], [0.354679, 0.31382, -0.880749], [0.638445, 0.606902, 0.473348]], [[0.683074, -0.730197, 0.0148987], [0.0978646, 0.0712955, -0.992643], [0.723762, 0.679507, 0.120161]]], "btipPosition": [-73.5549, 110.948, 17.1947], "carpPosition": [-96.5173, 126.844, 108.004], "dipPosition": [-84.5072, 121.23, 19.013], "direction": [0.638445, -0.606902, -0.473348], "extended": false, "handId": 131, "id": 1314, "length": 44.3439, "mcpPosition": [-100.883, 137.328, 57.1756], "pipPosition": [-95.4698, 131.651, 27.1408], "stabilizedTipPosition": [-67.3727, 115.369, 15.9108], "timeVisible": 5.61287, "tipPosition": [-75.6768, 112.446, 18.3462], "tipVelocity": [2.16194, 3.56457, 4.97288], "tool": false, "touchDistance": 0.25066, "touchZone": "hovering", "type": 4, "width": 13.857}], "r": [[0.966024, -0.0634616, -0.250539], [0.0119204, 0.979294, -0.202093], [0.258176, 0.19224, 0.946778]], "s": 0.96719, "t": [-12.6459, 38.3224, 84.1702], "timestamp": 144960148442}, {"currentFrameRate": 55.3244, "devices": [], "gestures": [], "hands": [{"armBasis": [[0.819431, -0.0244148, -0.572658], [0.435591, 0.675908, 0.594482], [0.37255, -0.736582, 0.564494]], "armWidth": 55.673, "confidence": 1, "direction": [0.108434, 0.398475, -0.910747], "elbow": [-179.308, -62.8499, 270.206], "grabAngle": 1.40669, "grabStrength": 0.368505, "id": 131, "palmNormal": [0.423118, -0.847521, -0.320436], "palmPosition": [-71.0455, 145.674, 74.7878], "palmVelocity": [2.46245, 3.0457, 3.84792], "palmWidth": 81.7268, "pinchDistance": 57.4467, "pinchStrength": 0.0205182, "r": [[0.966136, -0.0632398, -0.250164], [0.0117634, 0.979289, -0.202127], [0.257765, 0.19234, 0.94687]], "s": 0.96733, "sphereCenter": [-56.8071, 100.081, 35.6112], "sphereRadius": 61.4349, "stabilizedPalmPosition": [-63.1702, 150.083, 71.7824], "t": [12.7048, 38.3482, 84.2434], "timeVisible": 5.63095, "type": "left", "wrist": [-88.9595, 115.781, 133.309]}], "id": 126673, "interactionBox": {"center": [0, 200, 0], "size": [235.247, 235.247, 147.751]}, "pointables": [{"bases": [[[0.719271, 0.694718, 0.00406473], [-0.492421, 0.505679, 0.708386], [0.490073, -0.511523, 0.705814]], [[0.47367, 0.838516, -0.269309], [-0.611709, 0.53323, 0.584361], [0.6336, -0.112055, 0.765503]], [[0.47367, 0.838516, -0.269309], [-0.667758, 0.541316, 0.510955], [0.574226, -0.0621907, 0.816331]], [[0.47367, 0.838516, -0.269309], [-0.688385, 0.543234, 0.480649], [0.54933, -0.0422805, 0.834535]]], "btipPosition": [-0.417597, 134.521, 48.8787], "carpPosition": [-57.3005, 126.767, 124.782], "dipPosition": [-11.7043, 133.652, 66.0253], "direction": [0.574226, 0.0621907, -0.816331], "extended": true, "handId": 131, "id": 1310, "length": 45.7535, "mcpPosition": [-57.3005, 126.767, 124.782], "pipPosition": [-28.8925, 131.791, 90.4605], "stabilizedTipPosition": [4.52488, 138.757, 52.4893], "timeVisible": 5.63095, "tipPosition": [-2.14603, 134.858, 53.7571], "tipVelocity": [3.36716, 0.300577, 2.22853], "tool": false, "touchDistance": 0.192783, "touchZone": "hovering", "type": 0, "width": 17.475}, {"bases": [[[0.868586, -0.278725, -0.40972], [0.380175, 0.905148, 0.190196], [0.317845, -0.320967, 0.892163]], [[0.877418, -0.287893, -0.383739], [0.347746, 0.932727, 0.0953584], [0.330471, -0.217113, 0.918505]], [[0.877418, -0.287893, -0.383739], [0.0904887, 0.884873, -0.456959], [0.471116, 0.36622, 0.802454]], [[0.877418, -0.287893, -0.383739], [-0.121021, 0.641204, -0.757767], [0.464211, 0.711319, 0.527763]]], "btipPosition": [-19.7787, 153.899, 1.22839], "carpPosition": [-70.206, 142.941, 119.77], "dipPosition": [-26.7417, 164.569, 9.14464], "direction": [0.471116, -0.36622, -0.802454], "extended": true, "handId": 131, "id": 1311, "length": 51.6277, "mcpPosition": [-49.2029, 164.151, 60.8157], "pipPosition": [-36.7385, 172.34, 26.1723], "stabilizedTipPosition": [-13.1056, 159.819, 3.31455], "timeVisible": 5.63095, "tipPosition": [-21.2893, 158.721, 2.71288], "tipVelocity": [1.83945, -3.57897, 4.21744], "tool": false, "touchDistance": 0.295558, "touchZone": "hovering", "type": 1, "width": 16.6921}, {"bases": [[[0.82592, -0.46972, -0.311799], [0.528432, 0.837729, 0.137731], [0.196508, -0.278519, 0.940113]], [[0.831803, -0.47842, -0.281457], [0.49832, 0.866992, -0.00100227], [0.244501, -0.139422, 0.959573]], [[0.831803, -0.47842, -0.281457], [0.228082, 0.756874, -0.612471], [0.506046, 0.44526, 0.738689]], [[0.831803, -0.47842, -0.281457], [-0.0299267, 0.467674, -0.883394], [0.554264, 0.743233, 0.374695]]], "btipPosition": [-35.6844, 141.421, -9.03428], "carpPosition": [-80.1222, 141.446, 115.106], "dipPosition": [-44.8285, 153.683, -2.85268], "direction": [0.506046, -0.44526, -0.738689], "extended": true, "handId": 131, "id": 1312, "length": 58.8257, "mcpPosition": [-67.8079, 158.899, 56.1934], "pipPosition": [-57.4617, 164.799, 15.5884], "stabilizedTipPosition": [-31.1625, 148.328, -9.06695], "timeVisible": 5.63095, "tipPosition": [-39.087, 147.006, -9.20319], "tipVelocity": [0.902168, 3.08744, 2.62558], "tool": false, "touchDistance": 0.326551, "touchZone": "hovering", "type": 2, "width": 16.3939}, {"bases": [[[0.803635, -0.567393, -0.179545], [0.592085, 0.792723, 0.145001], [0.0600569, -0.222834, 0.973005]], [[0.804625, -0.571497, -0.161152], [0.54981, 0.819571, -0.161285], [0.224249, 0.0411704, 0.973662]], [[0.804625, -0.571497, -0.161152], [0.239626, 0.560843, -0.792486], [0.543285, 0.599038, 0.588214]], [[0.804625, -0.571497, -0.161152], [0.00172172, 0.273643, -0.96183], [0.593781, 0.773634, 0.221164]]], "btipPosition": [-54.3461, 120.835, 0.232062], "carpPosition": [-89.4735, 137.171, 111.101], "dipPosition": [-64.0858, 133.524, 3.85979], "direction": [0.543285, -0.599038, -0.588214], "extended": false, "handId": 131, "id": 1313, "length": 56.5625, "mcpPosition": [-86.0945, 149.708, 56.3567], "pipPosition": [-77.2984, 148.093, 18.1651], "stabilizedTipPosition": [-47.6542, 125.959, 0.651887], "timeVisible": 5.63095, "tipPosition": [-56.8531, 123.867, 0.901534], "tipVelocity": [-1.27116, 6.91596, -0.0818365], "tool": false, "touchDistance": 0.308334, "touchZone": "hovering", "type": 3, "width": 15.5998}, {"bases": [[[0.696234, -0.712499, -0.0871972], [0.712836, 0.672001, 0.200699], [-0.0844015, -0.201891, 0.975765]], [[0.683712, -0.729606, 0.014555], [0.708596, 0.658991, -0.252236], [0.174441, 0.18277, 0.967556]], [[0.683712, -0.729606, 0.014555], [0.354312, 0.314457, -0.88067], [0.637966, 0.607282, 0.473506]], [[0.683712, -0.729606, 0.014555], [0.098621, 0.0726185, -0.992472], [0.723057, 0.680001, 0.121605]]], "btipPosition": [-73.5473, 111.025, 17.2572], "carpPosition": [-96.4626, 126.901, 108.083], "dipPosition": [-84.4889, 121.315, 19.0974], "direction": [0.637966, -0.607282, -0.473506], "extended": false, "handId": 131, "id": 1314, "length": 44.3439, "mcpPosition": [-100.858, 137.416, 57.263], "pipPosition": [-95.4434, 131.743, 27.2279], "stabilizedTipPosition": [-67.4009, 115.362, 15.9166], "timeVisible": 5.63095, "tipPosition": [-75.7016, 112.537, 18.3996], "tipVelocity": [0.554587, 4.36942, 3.73802], "tool": false, "touchDistance": 0.251786, "touchZone": "hovering", "type": 4, "width": 13.857}], "r": [[0.966136, -0.0632398, -0.250164], [0.0117634, 0.979289, -0.202127], [0.257765, 0.19234, 0.94687]], "s": 0.96733, "t": [-12.7048, 38.3482, 84.2434], "timestamp": 144960166519}, {"currentFrameRate": 55.3205, "devices": [], "gestures": [], "hands": [{"armBasis": [[0.820113, -0.0230288, -0.571738], [0.434448, 0.675324, 0.59598], [0.372384, -0.737161, 0.563847]], "armWidth": 55.673, "confidence": 1, "direction": [0.108233, 0.398851, -0.910606], "elbow": [-179.26, -62.9363, 270.122], "grabAngle": 1.40673, "grabStrength": 0.369235, "id": 131, "palmNormal": [0.422017, -0.847789, -0.321177], "palmPosition": [-71.0518, 145.748, 74.8695], "palmVelocity": [-0.349306, 4.10946, 4.51552], "palmWidth": 81.7268, "pinchDistance": 57.4132, "pinchStrength": 0.0214276, "r": [[0.966272, -0.0628342, -0.249739], [0.0114612, 0.979308, -0.202048], [0.257267, 0.192372, 0.946999]], "s": 0.967386, "sphereCenter": [-56.8349, 100.131, 35.6762], "sphereRadius": 61.4438, "stabilizedPalmPosition": [-63.1877, 150.074, 71.7892], "t": [12.7311, 38.3984, 84.3208], "timeVisible": 5.64903, "type": "left", "wrist": [-88.9521, 115.835, 133.382]}], "id": 126674, "interactionBox": {"center": [0, 200, 0], "size": [235.247, 235.247, 147.751]}, "pointables": [{"bases": [[[0.718543, 0.695465, 0.00492533], [-0.493427, 0.504785, 0.708323], [0.490128, -0.511391, 0.705871]], [[0.472678, 0.839237, -0.268806], [-0.612581, 0.532198, 0.584388], [0.633498, -0.111561, 0.765659]], [[0.472678, 0.839237, -0.268806], [-0.668256, 0.540204, 0.511482], [0.574465, -0.0621347, 0.816167]], [[0.472678, 0.839237, -0.268806], [-0.688804, 0.542114, 0.481312], [0.549659, -0.0423505, 0.834315]]], "btipPosition": [-0.400425, 134.532, 48.9434], "carpPosition": [-57.2926, 126.8, 124.845], "dipPosition": [-11.6939, 133.661, 66.0854], "direction": [0.574465, 0.0621347, -0.816167], "extended": true, "handId": 131, "id": 1310, "length": 45.7535, "mcpPosition": [-57.2926, 126.8, 124.845], "pipPosition": [-28.8893, 131.802, 90.5157], "stabilizedTipPosition": [4.50999, 138.749, 52.4901], "timeVisible": 5.64903, "tipPosition": [-2.18117, 134.87, 53.7827], "tipVelocity": [0.863346, 0.576386, 3.51419], "tool": false, "touchDistance": 0.193842, "touchZone": "hovering", "type": 0, "width": 17.475}, {"bases": [[[0.869154, -0.277599, -0.409281], [0.379102, 0.905441, 0.19094], [0.317575, -0.321115, 0.892206]], [[0.87791, -0.286701, -0.383504], [0.346159, 0.933391, 0.0946338], [0.330828, -0.215834, 0.918678]], [[0.87791, -0.286701, -0.383504], [0.088784, 0.884507, -0.458], [0.470522, 0.368034, 0.801973]], [[0.87791, -0.286701, -0.383504], [-0.122173, 0.640296, -0.75835], [0.462976, 0.712617, 0.527095]]], "btipPosition": [-19.7929, 153.852, 1.31891], "carpPosition": [-70.1847, 142.99, 119.849], "dipPosition": [-26.7373, 164.541, 9.22514], "direction": [0.470522, -0.368034, -0.801973], "extended": true, "handId": 131, "id": 1311, "length": 51.6277, "mcpPosition": [-49.1994, 164.21, 60.8925], "pipPosition": [-36.7215, 172.35, 26.2426], "stabilizedTipPosition": [-13.1237, 159.811, 3.31416], "timeVisible": 5.64903, "tipPosition": [-21.3314, 158.763, 2.77067], "tipVelocity": [-0.549477, -2.3594, 4.87633], "tool": false, "touchDistance": 0.297028, "touchZone": "hovering", "type": 1, "width": 16.6921}, {"bases": [[[0.82662, -0.468692, -0.311491], [0.527465, 0.838205, 0.138539], [0.196161, -0.27882, 0.940096]], [[0.832432, -0.477308, -0.281485], [0.497207, 0.867632, -0.000841738], [0.244627, -0.139256, 0.959565]], [[0.832432, -0.477308, -0.281485], [0.227436, 0.757518, -0.611915], [0.505302, 0.445358, 0.739139]], [[0.832432, -0.477308, -0.281485], [-0.0298658, 0.468594, -0.882908], [0.553322, 0.743368, 0.375818]]], "btipPosition": [-35.7183, 141.491, -8.97711], "carpPosition": [-80.1056, 141.508, 115.191], "dipPosition": [-44.8468, 153.754, -2.77698], "direction": [0.505302, -0.445358, -0.739139], "extended": true, "handId": 131, "id": 1312, "length": 58.8257, "mcpPosition": [-67.813, 158.98, 56.28], "pipPosition": [-57.4615, 164.873, 15.6753], "stabilizedTipPosition": [-31.1922, 148.31, -9.06017], "timeVisible": 5.64903, "tipPosition": [-39.1456, 147.086, -9.13857], "tipVelocity": [-1.6761, 3.8561, 3.396], "tool": false, "touchDistance": 0.327575, "touchZone": "hovering", "type": 2, "width": 16.3939}, {"bases": [[[0.804347, -0.566459, -0.179305], [0.59116, 0.793262, 0.145828], [0.05963, -0.223294, 0.972926]], [[0.805308, -0.570473, -0.161364], [0.54892, 0.820305, -0.160584], [0.223977, 0.0407437, 0.973742]], [[0.805308, -0.570473, -0.161364], [0.239643, 0.562185, -0.79153], [0.542263, 0.598756, 0.589442]], [[0.805308, -0.570473, -0.161364], [0.00249392, 0.275439, -0.961315], [0.592851, 0.773753, 0.223236]]], "btipPosition": [-54.4114, 120.956, 0.259112], "carpPosition": [-89.4641, 137.245, 111.19], "dipPosition": [-64.1359, 133.648, 3.92082], "direction": [0.542263, -0.598756, -0.589442], "extended": false, "handId": 131, "id": 1313, "length": 56.5625, "mcpPosition": [-86.1091, 149.808, 56.4507], "pipPosition": [-77.3237, 148.21, 18.256], "stabilizedTipPosition": [-47.7387, 125.939, 0.656113], "timeVisible": 5.64903, "tipPosition": [-56.9315, 123.966, 0.962274], "tipVelocity": [-3.41983, 6.74527, 1.92734], "tool": false, "touchDistance": 0.308915, "touchZone": "hovering", "type": 3, "width": 15.5998}, {"bases": [[[0.697035, -0.711727, -0.0871077], [0.711999, 0.672635, 0.201543], [-0.084852, -0.202503, 0.975599]], [[0.684547, -0.728832, 0.0140976], [0.707716, 0.65983, -0.252512], [0.174737, 0.182833, 0.967491]], [[0.684547, -0.728832, 0.0140976], [0.353453, 0.314939, -0.880843], [0.637547, 0.607961, 0.473198]], [[0.684547, -0.728832, 0.0140976], [0.0987661, 0.0735695, -0.992387], [0.722247, 0.680728, 0.122346]]], "btipPosition": [-73.5844, 111.115, 17.3508], "carpPosition": [-96.4659, 126.984, 108.172], "dipPosition": [-84.5137, 121.416, 19.2022], "direction": [0.637547, -0.607961, -0.473198], "extended": false, "handId": 131, "id": 1314, "length": 44.3439, "mcpPosition": [-100.885, 137.531, 57.3605], "pipPosition": [-95.4609, 131.855, 27.3274], "stabilizedTipPosition": [-67.4249, 115.357, 15.9217], "timeVisible": 5.64903, "tipPosition": [-75.7818, 112.649, 18.4641], "tipVelocity": [-1.89178, 5.12592, 5.31531], "tool": false, "touchDistance": 0.253389, "touchZone": "hovering", "type": 4, "width": 13.857}], "r": [[0.966272, -0.0628342, -0.249739], [0.0114612, 0.979308, -0.202048], [0.257267, 0.192372, 0.946999]], "s": 0.967386, "t": [-12.7311, 38.3984, 84.3208], "timestamp": 144960184609}, {"currentFrameRate": 55.309, "devices": [], "gestures": [], "hands": [{"armBasis": [[0.820645, -0.0215649, -0.571032], [0.433366, 0.674838, 0.597317], [0.372473, -0.737651, 0.563148]], "armWidth": 55.673, "confidence": 1, "direction": [0.10787, 0.399585, -0.910327], "elbow": [-179.255, -63.04, 269.978], "grabAngle": 1.40727, "grabStrength": 0.369986, "id": 131, "palmNormal": [0.421015, -0.847869, -0.322281], "palmPosition": [-71.0459, 145.805, 74.9105], "palmVelocity": [0.325158, 3.09658, 2.25885], "palmWidth": 81.7268, "pinchDistance": 57.3833, "pinchStrength": 0.0222379, "r": [[0.966431, -0.0622935, -0.249259], [0.011078, 0.979363, -0.201805], [0.256686, 0.19227, 0.947177]], "s": 0.967381, "sphereCenter": [-56.8391, 100.201, 35.6895], "sphereRadius": 61.4331, "stabilizedPalmPosition": [-63.2055, 150.064, 71.7963], "t": [12.7472, 38.4515, 84.3799], "timeVisible": 5.66715, "type": "left", "wrist": [-88.9258, 115.85, 133.407]}], "id": 126675, "interactionBox": {"center": [0, 200, 0], "size": [235.247, 235.247, 147.751]}, "pointables": [{"bases": [[[0.717924, 0.696094, 0.00612317], [-0.494429, 0.503703, 0.708395], [0.490025, -0.511601, 0.70579]], [[0.47187, 0.839975, -0.267918], [-0.613405, 0.531045, 0.584573], [0.633304, -0.1115, 0.765829]], [[0.47187, 0.839975, -0.267918], [-0.668644, 0.539005, 0.512238], [0.574677, -0.0625676, 0.815985]], [[0.47187, 0.839975, -0.267918], [-0.689098, 0.540924, 0.482229], [0.549984, -0.042927, 0.834071]]], "btipPosition": [-0.367751, 134.552, 48.959], "carpPosition": [-57.2643, 126.798, 124.857], "dipPosition": [-11.6679, 133.67, 66.0961], "direction": [0.574677, 0.0625676, -0.815985], "extended": true, "handId": 131, "id": 1310, "length": 45.7535, "mcpPosition": [-57.2643, 126.798, 124.857], "pipPosition": [-28.8696, 131.797, 90.5209], "stabilizedTipPosition": [4.49101, 138.737, 52.4911], "timeVisible": 5.66715, "tipPosition": [-2.20478, 134.882, 53.756], "tipVelocity": [1.71839, 0.979957, 0.801854],