{"frames": 68, "data": [{"currentFrameRate": 112.215, "devices": [], "gestures": [], "hands": [{"armBasis": [[0.900224, 0.234279, -0.36703], [0.139369, 0.643544, 0.752614], [0.412521, -0.728673, 0.546682]], "armWidth": 60.4835, "confidence": 1, "direction": [0.167167, 0.00624403, -0.985909], "elbow": [-164.22, -109.209, 221.329], "grabAngle": 0.0817768, "grabStrength": 0, "id": 166, "palmNormal": [0.0186712, -0.999821, -0.00316634], "palmPosition": [-38.3399, 78.9331, 18.0032], "palmVelocity": [15.7559, -22.9487, -15.8988], "palmWidth": 84.8593, "pinchDistance": 36.6063, "pinchStrength": 0, "r": [[0.962976, 0.0196236, 0.268871], [0.0956781, 0.907544, -0.408913], [-0.252037, 0.419499, 0.872066]], "s": 1.1092, "sphereCenter": [-19.9886, -37.1714, 0.182788], "sphereRadius": 124.865, "stabilizedPalmPosition": [-38.3944, 79.0198, 18.0513], "t": [-0.571485, -67.8047, 61.696], "timeVisible": 4.88233, "type": "left", "wrist": [-60.3444, 74.2759, 83.6704]}, {"armBasis": [[-0.551482, 0.120606, -0.825422], [-0.293905, 0.897953, 0.327568], [-0.780697, -0.423244, 0.459758]], "armWidth": 60.4835, "confidence": 1, "direction": [-0.396159, 0.917982, 0.0191612], "elbow": [411.478, 26.3661, 187.344], "grabAngle": 2.27628, "grabStrength": 1, "id": 167, "palmNormal": [-0.824036, -0.346256, -0.448409], "palmPosition": [175.845, 191.103, 72.2558], "palmVelocity": [20.8389, 12.9395, 12.2786], "palmWidth": 84.8593, "pinchDistance": 61.1539, "pinchStrength": 0, "r": [[0.985507, 0.151434, 0.0764427], [-0.150392, 0.988439, -0.0192385], [-0.0784723, 0.00746328, 0.996888]], "s": 1.03817, "sphereCenter": [128.823, 191.482, 54.4537], "sphereRadius": 45.566, "stabilizedPalmPosition": [175.903, 191.106, 71.7964], "t": [1.69175, -3.47567, -1.16441], "timeVisible": 1.06652, "type": "right", "wrist": [214.894, 132.942, 71.5737]}], "id": 112074, "interactionBox": {"center": [0, 200, 0], "size": [235.247, 235.247, 147.751]}, "pointables": [{"bases": [[[0.926531, -0.354968, 0.124649], [0.364496, 0.929022, -0.0637222], [-0.0931824, 0.104475, 0.990153]], [[0.921063, -0.369753, -0.122169], [0.370682, 0.928624, -0.0158788], [0.11932, -0.0306604, 0.992382]], [[0.921063, -0.369753, -0.122169], [0.360259, 0.92819, -0.0931472], [0.147837, 0.0417821, 0.988129]], [[0.921063, -0.369753, -0.122169], [0.353659, 0.92558, -0.135003], [0.162995, 0.0811406, 0.983285]]], "btipPosition": [-62.7619, 77.3283, -62.5412], "carpPosition": [-66.7484, 84.0078, 55.935], "dipPosition": [-65.3181, 78.6008, -47.1207], "direction": [0.147837, -0.0417821, -0.988129], "extended": true, "handId": 166, "id": 1664, "length": 45.9564, "mcpPosition": [-71.7876, 78.358, 2.38927], "pipPosition": [-67.9489, 79.3444, -29.5367], "stabilizedTipPosition": [-63.3776, 77.7004, -58.9746], "timeVisible": 4.88233, "tipPosition": [-59.5286, 73.06, -57.5547], "tipVelocity": [21.0867, -60.0675, -16.6274], "tool": false, "touchDistance": 0.294873, "touchZone": "hovering", "type": 4, "width": 15.3588}, {"bases": [[[-0.822707, 0.566665, 0.0452166], [-0.197188, -0.359077, 0.912239], [-0.53317, -0.741589, -0.407155]], [[-0.522394, 0.825887, 0.212167], [-0.243019, -0.382697, 0.891339], [-0.817341, -0.41407, -0.400625]], [[-0.522394, 0.825887, 0.212167], [-0.154804, -0.336538, 0.928858], [-0.838534, -0.452386, -0.303656]], [[-0.522394, 0.825887, 0.212167], [-0.0703081, -0.289688, 0.954535], [-0.849801, -0.483727, -0.209398]]], "btipPosition": [102.033, 179.693, 118.455], "carpPosition": [184.191, 136.082, 85.9258], "dipPosition": [120.128, 169.392, 113.996], "direction": [-0.838534, 0.452386, 0.303656], "extended": true, "handId": 167, "id": 1670, "length": 47.4173, "mcpPosition": [184.191, 136.082, 85.9258], "pipPosition": [146.141, 155.359, 104.577], "stabilizedTipPosition": [105.912, 176.209, 116.665], "timeVisible": 1.06652, "tipPosition": [105.268, 176.259, 116.556], "tipVelocity": [7.60258, 11.5942, -8.40684], "tool": false, "touchDistance": 0.790494, "touchZone": "none", "type": 0, "width": 19.3689}, {"bases": [[[-0.288129, -0.0187627, -0.957408], [-0.838815, 0.487231, 0.24289], [-0.461921, -0.873072, 0.156124]], [[-0.25735, 0.0382889, -0.965559], [-0.328261, 0.93633, 0.124621], [-0.908854, -0.349027, 0.228396]], [[-0.25735, 0.0382889, -0.965559], [0.623506, 0.76996, -0.135651], [-0.738248, 0.636942, 0.222023]], [[-0.25735, 0.0382889, -0.965559], [0.90515, 0.359409, -0.226997], [-0.338339, 0.932394, 0.127151]]], "btipPosition": [118.082, 194.158, 41.6501], "carpPosition": [206.372, 160.869, 67.8127], "dipPosition": [123.834, 210.008, 43.8116], "direction": [-0.738248, -0.636942, -0.222023], "extended": false, "handId": 167, "id": 1673, "length": 58.6193, "mcpPosition": [179.387, 211.874, 58.692], "pipPosition": [142.441, 226.062, 49.4075], "stabilizedTipPosition": [119.562, 196.936, 41.7014], "timeVisible": 1.06652, "tipPosition": [117.838, 200.19, 42.1575], "tipVelocity": [31.5672, 17.6575, -2.17663], "tool": false, "touchDistance": 0.332123, "touchZone": "hovering", "type": 3, "width": 17.2905}, {"bases": [[[-0.197071, -0.19993, -0.959787], [-0.91091, 0.39932, 0.103854], [-0.362499, -0.894747, 0.260813]], [[-0.154523, -0.0967739, -0.983238], [-0.281577, 0.958232, -0.0500606], [-0.947015, -0.269122, 0.175319]], [[-0.154523, -0.0967739, -0.983238], [0.782753, 0.595247, -0.181602], [-0.602844, 0.797694, 0.0162296]], [[-0.154523, -0.0967739, -0.983238], [0.985698, 0.0526414, -0.160091], [-0.0672517, 0.993913, -0.0872554]]], "btipPosition": [144.129, 185.858, 36.0764], "carpPosition": [205.981, 158.596, 54.7413], "dipPosition": [145.183, 201.446, 34.708], "direction": [-0.602844, -0.797694, -0.0162296], "extended": false, "handId": 167, "id": 1674, "length": 45.9564, "mcpPosition": [186.378, 206.983, 40.637], "pipPosition": [155.911, 215.641, 34.9968], "stabilizedTipPosition": [144.974, 187.919, 35.4776], "timeVisible": 1.06652, "tipPosition": [144.66, 188.475, 35.9812], "tipVelocity": [24.8435, 28.542, 1.96191], "tool": false, "touchDistance": 0.333333, "touchZone": "none", "type": 4, "width": 15.3588}, {"bases": [[[0.380744, 0.888291, -0.256853], [-0.719738, 0.459086, 0.520786], [0.580527, -0.0134193, 0.814131]], [[0.443619, 0.881146, -0.16366], [-0.613089, 0.431569, 0.661717], [0.6537, -0.193212, 0.731673]], [[0.443619, 0.881146, -0.16366], [-0.892264, 0.451366, 0.0115755], [0.0840704, 0.140893, 0.986449]], [[0.443619, 0.881146, -0.16366], [-0.834749, 0.339782, -0.433293], [-0.326185, 0.328832, 0.886269]]], "btipPosition": [-1.88408, 70.5269, -9.49503], "carpPosition": [-27.9788, 72.9047, 74.04], "dipPosition": [5.06151, 77.5288, 9.37666], "direction": [0.0840704, -0.140893, -0.986449], "extended": false, "handId": 166, "id": 1660, "length": 47.4173, "mcpPosition": [-27.9788, 72.9047, 74.04], "pipPosition": [2.45354, 81.8995, 39.9777], "stabilizedTipPosition": [-0.460563, 72.1846, -5.16841], "timeVisible": 4.88233, "tipPosition": [-0.362432, 66.1236, -4.93284], "tipVelocity": [26.4004, -3.9801, -4.65123], "tool": false, "touchDistance": 0.338493, "touchZone": "hovering", "type": 0, "width": 19.3689}, {"bases": [[[0.94369, -0.0165766, -0.330415], [-0.0305327, 0.990117, -0.136877], [0.329419, 0.139258, 0.933858]], [[0.995454, 0.0424818, 0.0852446], [-0.0183891, 0.963902, -0.265622], [-0.0934515, 0.262846, 0.960301]], [[0.995454, 0.0424818, 0.0852446], [-0.0183891, 0.963902, -0.265622], [-0.0934515, 0.262846, 0.960301]], [[0.995454, 0.0424818, 0.0852446], [-0.0183891, 0.963902, -0.265622], [-0.0934515, 0.262846, 0.960301]]], "btipPosition": [-18.6243, 61.3697, -74.6562], "carpPosition": [-34.0659, 91.0651, 63.0011], "dipPosition": [-17.1716, 65.4557, -59.7283], "direction": [-0.0934515, -0.262846, -0.960301], "extended": true, "handId": 166, "id": 1661, "length": 53.5051, "mcpPosition": [-11.4636, 81.5103, -1.07332], "pipPosition": [-15.1165, 71.2359, -38.6102], "stabilizedTipPosition": [-18.3104, 62.359, -71.2176], "timeVisible": 4.88233, "tipPosition": [-14.2081, 60.3698, -70.3784], "tipVelocity": [23.2496, -56.9462, -7.79194], "tool": false, "touchDistance": 0.339488, "touchZone": "hovering", "type": 1, "width": 18.5012}, {"bases": [[[0.970805, -0.166156, -0.173002], [0.136689, 0.975878, -0.170231], [0.197113, 0.141614, 0.970099]], [[0.988533, -0.145506, -0.0403862], [0.130748, 0.958543, -0.253182], [0.0755514, 0.244998, 0.966575]], [[0.988533, -0.145506, -0.0403862], [0.130748, 0.958543, -0.253182], [0.0755514, 0.244998, 0.966575]], [[0.988533, -0.145506, -0.0403862], [0.130748, 0.958543, -0.253182], [0.0755514, 0.244998, 0.966575]]], "btipPosition": [-25.1715, 61.8859, -88.5267], "carpPosition": [-44.5568, 92.3722, 58.5173], "dipPosition": [-26.4632, 66.0748, -72.0006], "direction": [0.0755514, -0.244998, -0.966575], "extended": true, "handId": 166, "id": 1662, "length": 60.9648, "mcpPosition": [-31.7312, 83.1578, -4.60435], "pipPosition": [-28.4179, 72.4135, -46.9929], "stabilizedTipPosition": [-25.4705, 62.9064, -84.7151], "timeVisible": 4.88233, "tipPosition": [-22.8657, 58.0743, -82.4137], "tipVelocity": [0.975599, -54, -12.0683], "tool": false, "touchDistance": 0.319353, "touchZone": "hovering", "type": 2, "width": 18.1706}, {"bases": [[[0.976146, -0.216596, -0.0150296], [0.211913, 0.96553, -0.151145], [0.0472489, 0.144354, 0.988397]], [[0.968086, -0.228566, -0.102798], [0.206692, 0.960119, -0.188279], [0.141732, 0.161023, 0.976721]], [[0.968086, -0.228566, -0.102798], [0.206692, 0.960119, -0.188279], [0.141732, 0.161023, 0.976721]], [[0.968086, -0.228566, -0.102798], [0.206692, 0.960119, -0.188279], [0.141732, 0.161023, 0.976721]]], "btipPosition": [-41.0855, 69.4143, -83.0079], "carpPosition": [-55.5889, 91.1889, 55.6596], "dipPosition": [-43.4949, 72.1516, -66.4042], "direction": [0.141732, -0.161023, -0.976721], "extended": true, "handId": 166, "id": 1663, "length": 58.6193, "mcpPosition": [-52.8287, 82.7558, -2.08198], "pipPosition": [-47.0671, 76.2101, -41.7867], "stabilizedTipPosition": [-41.666, 70.1218, -79.1632], "timeVisible": 4.88233, "tipPosition": [-39.254, 62.005, -76.3839], "tipVelocity": [13.956, -41.1263, -16.8197], "tool": false, "touchDistance": 0.275911, "touchZone": "hovering", "type": 3, "width": 17.2905}, {"bases": [[[-0.332731, 0.344816, -0.87772], [-0.7469, 0.471848, 0.468507], [-0.575699, -0.811456, -0.100544]], [[-0.438581, 0.180004, -0.88048], [-0.510774, 0.756184, 0.409018], [-0.73943, -0.629114, 0.239706]], [[-0.438581, 0.180004, -0.88048], [0.404287, 0.914518, -0.0144187], [-0.80262, 0.362291, 0.473864]], [[-0.438581, 0.180004, -0.88048], [0.766308, 0.586732, -0.261759], [-0.469488, 0.789521, 0.395269]]], "btipPosition": [104.959, 213.039, 68.5359], "carpPosition": [198.311, 153.012, 87.5723], "dipPosition": [112.257, 225.312, 74.6804], "direction": [-0.80262, -0.362291, -0.473864], "extended": false, "handId": 167, "id": 1671, "length": 53.5051, "mcpPosition": [158.811, 208.688, 94.4709], "pipPosition": [129.908, 233.279, 85.1011], "stabilizedTipPosition": [106.044, 212.922, 68.2443], "timeVisible": 1.06652, "tipPosition": [104.655, 215.624, 69.4869], "tipVelocity": [24.6279, 19.1, -3.41252], "tool": false, "touchDistance": 0.335525, "touchZone": "hovering", "type": 1, "width": 18.5012}, {"bases": [[[-0.275215, 0.14649, -0.950156], [-0.804858, 0.505421, 0.311052], [-0.525795, -0.850347, 0.0211959]], [[-0.273504, 0.149255, -0.95022], [-0.32864, 0.913937, 0.238149], [-0.903986, -0.377415, 0.200914]], [[-0.273504, 0.149255, -0.95022], [0.593963, 0.803244, -0.0447923], [-0.756574, 0.576647, 0.308342]], [[-0.273504, 0.149255, -0.95022], [0.886161, 0.423269, -0.18858], [-0.374052, 0.893625, 0.24803]]], "btipPosition": [103.135, 199.807, 55.9921], "carpPosition": [202.961, 158.124, 78.4005], "dipPosition": [109.531, 215.086, 60.2328], "direction": [-0.756574, -0.576647, -0.308342], "extended": false, "handId": 167, "id": 1672, "length": 60.9648, "mcpPosition": [168.749, 213.454, 77.0213], "pipPosition": [129.105, 230.005, 68.2104], "stabilizedTipPosition": [103.659, 203.416, 56.9628], "timeVisible": 1.06652, "tipPosition": [103.897, 204.11, 57.3177], "tipVelocity": [37.6552, -5.40701, -7.33344], "tool": false, "touchDistance": 0.320831, "touchZone": "hovering", "type": 2, "width": 18.1706}], "r": [[-0.944037, -0.329199, -0.0205352], [0.329838, -0.942326, -0.0568234], [-0.000644664, -0.0604167, 0.998173]], "s": 9.35672, "t": [-906.744, -705.818, 1443.77], "timestamp": 18054390752}, {"currentFrameRate": 112.373, "devices": [], "gestures": [], "hands": [{"armBasis": [[0.902652, 0.23299, -0.361849], [0.140324, 0.635504, 0.759239], [0.406851, -0.736105, 0.540945]], "armWidth": 60.4838, "confidence": 1, "direction": [0.167322, 0.00631689, -0.985882], "elbow": [-162.628, -111.274, 219.718], "grabAngle": 0.0849004, "grabStrength": 0, "id": 166, "palmNormal": [0.0184614, -0.999824, -0.003273], "palmPosition": [-38.2173, 78.8433, 17.8689], "palmVelocity": [14.2188, -10.4234, -15.5746], "palmWidth": 84.8596, "pinchDistance": 36.6804, "pinchStrength": 0, "r": [[0.963396, 0.0211926, 0.267244], [0.0940414, 0.906807, -0.410923], [-0.251047, 0.421013, 0.871621]], "s": 1.11026, "sphereCenter": [-19.7604, -36.9268, -0.013201], "sphereRadius": 124.585, "stabilizedPalmPosition": [-38.293, 78.9187, 17.9468], "t": [-0.442888, -67.975, 61.5843], "timeVisible": 4.89096, "type": "left", "wrist": [-60.1797, 74.083, 83.5041]}, {"armBasis": [[-0.554323, 0.122098, -0.823297], [-0.292447, 0.897534, 0.330011], [-0.779231, -0.423704, 0.461817]], "armWidth": 60.4838, "confidence": 1, "direction": [-0.394866, 0.918532, 0.0194775], "elbow": [411.249, 26.3348, 188.002], "grabAngle": 2.27763, "grabStrength": 1, "id": 167, "palmNormal": [-0.822782, -0.344112, -0.452347], "palmPosition": [176.052, 191.232, 72.3607], "palmVelocity": [24.1073, 14.9643, 12.1576], "palmWidth": 84.8596, "pinchDistance": 61.1665, "pinchStrength": 0, "r": [[0.985491, 0.152174, 0.0751697], [-0.151264, 0.988335, -0.0176954], [-0.0769856, 0.00606818, 0.997014]], "s": 1.03778, "sphereCenter": [129.1, 191.709, 54.4768], "sphereRadius": 45.5169, "stabilizedPalmPosition": [175.907, 191.109, 71.8101], "t": [1.86701, -3.36241, -1.0647], "timeVisible": 1.07515, "type": "right", "wrist": [215.033, 133.027, 71.7134]}], "id": 112075, "interactionBox": {"center": [0, 200, 0], "size": [235.247, 235.247, 147.751]}, "pointables": [{"bases": [[[0.926625, -0.354787, 0.124466], [0.36429, 0.929106, -0.0636771], [-0.0930501, 0.104347, 0.990179]], [[0.921239, -0.369533, -0.121505], [0.370438, 0.928721, -0.0158961], [0.118718, -0.0303658, 0.992464]], [[0.921239, -0.369533, -0.121505], [0.359957, 0.928234, -0.0938795], [0.147476, 0.042749, 0.988141]], [[0.921239, -0.369533, -0.121505], [0.351459, 0.924566, -0.147156], [0.166718, 0.0928618, 0.981622]]], "btipPosition": [-62.6046, 77.0367, -62.6576], "carpPosition": [-66.6308, 83.9197, 55.797], "dipPosition": [-65.2191, 78.493, -47.2632], "direction": [0.147476, -0.042749, -0.988141], "extended": true, "handId": 166, "id": 1664, "length": 45.9564, "mcpPosition": [-71.6628, 78.2768, 2.24961], "pipPosition": [-67.8435, 79.2537, -29.679], "stabilizedTipPosition": [-63.2399, 77.4367, -59.0887], "timeVisible": 4.89096, "tipPosition": [-59.4391, 73.0332, -57.7093], "tipVelocity": [16.6912, -28.916, -14.1916], "tool": false, "touchDistance": 0.292833, "touchZone": "hovering", "type": 4, "width": 15.3589}, {"bases": [[[-0.823364, 0.565342, 0.0496023], [-0.193068, -0.361226, 0.912272], [-0.533663, -0.741556, -0.40657]], [[-0.522885, 0.824619, 0.215858], [-0.23945, -0.385134, 0.891255], [-0.81808, -0.414337, -0.398836]], [[-0.522885, 0.824619, 0.215858], [-0.151783, -0.33926, 0.928366], [-0.838781, -0.452665, -0.302558]], [[-0.522885, 0.824619, 0.215858], [-0.0671848, -0.292316, 0.953959], [-0.849752, -0.484308, -0.20825]]], "btipPosition": [102.064, 179.815, 118.339], "carpPosition": [184.264, 136.171, 85.9511], "dipPosition": [120.159, 169.502, 113.904], "direction": [-0.838781, 0.452665, 0.302558], "extended": true, "handId": 167, "id": 1670, "length": 47.4173, "mcpPosition": [184.264, 136.171, 85.9511], "pipPosition": [146.179, 155.46, 104.519], "stabilizedTipPosition": [105.916, 176.223, 116.673], "timeVisible": 1.07515, "tipPosition": [105.287, 176.409, 116.359], "tipVelocity": [3.58719, 13.845, -12.8455], "tool": false, "touchDistance": 0.788647, "touchZone": "none", "type": 0, "width": 19.3691}, {"bases": [[[-0.291861, -0.0172464, -0.956305], [-0.838577, 0.485481, 0.247175], [-0.460006, -0.874077, 0.156155]], [[-0.261333, 0.0396237, -0.964435], [-0.328629, 0.935814, 0.127496], [-0.907584, -0.35026, 0.231537]], [[-0.261333, 0.0396237, -0.964435], [0.622743, 0.770322, -0.137096], [-0.737494, 0.636422, 0.225986]], [[-0.261333, 0.0396237, -0.964435], [0.904314, 0.359428, -0.230275], [-0.337521, 0.932331, 0.129763]]], "btipPosition": [118.459, 194.374, 41.5393], "carpPosition": [206.552, 160.962, 67.9758], "dipPosition": [124.197, 210.223, 43.7452], "direction": [-0.737494, -0.636422, -0.225986], "extended": false, "handId": 167, "id": 1673, "length": 58.6192, "mcpPosition": [179.679, 212.025, 58.8532], "pipPosition": [142.785, 226.263, 49.441], "stabilizedTipPosition": [119.57, 196.974, 41.7135], "timeVisible": 1.07515, "tipPosition": [118.186, 200.456, 42.0533], "tipVelocity": [43.3053, 24.9812, -11.6621], "tool": false, "touchDistance": 0.330447, "touchZone": "hovering", "type": 3, "width": 17.2906}, {"bases": [[[-0.200544, -0.198272, -0.959411], [-0.911088, 0.397746, 0.108244], [-0.36014, -0.895816, 0.260409]], [[-0.158535, -0.0957067, -0.982704], [-0.284664, 0.957459, -0.0473247], [-0.945428, -0.272238, 0.179035]], [[-0.158535, -0.0957067, -0.982704], [0.779825, 0.598322, -0.184076], [-0.60559, 0.79552, 0.0202202]], [[-0.158535, -0.0957067, -0.982704], [0.984754, 0.0568439, -0.164402], [-0.0715951, 0.993785, -0.0852359]]], "btipPosition": [144.418, 186.177, 36.0329], "carpPosition": [206.209, 158.716, 54.8983], "dipPosition": [145.541, 201.762, 34.6962], "direction": [-0.60559, -0.79552, -0.0202202], "extended": false, "handId": 167, "id": 1674, "length": 45.9564, "mcpPosition": [186.733, 207.16, 40.8158], "pipPosition": [156.318, 215.919, 35.056], "stabilizedTipPosition": [144.954, 188.043, 35.4944], "timeVisible": 1.07515, "tipPosition": [145.005, 188.73, 35.9573], "tipVelocity": [35.4217, 36.8874, -4.19657], "tool": false, "touchDistance": 0.333333, "touchZone": "none", "type": 4, "width": 15.3589}, {"bases": [[[0.380517, 0.888399, -0.256815], [-0.719753, 0.458877, 0.520948], [0.580656, -0.0133864, 0.814039]], [[0.444504, 0.881022, -0.161912], [-0.611473, 0.430517, 0.663895], [0.654612, -0.196099, 0.730088]], [[0.444504, 0.881022, -0.161912], [-0.891704, 0.452412, 0.0137036], [0.0853241, 0.138286, 0.98671]], [[0.444504, 0.881022, -0.161912], [-0.834519, 0.341592, -0.432312], [-0.325568, 0.327283, 0.887069]]], "btipPosition": [-1.67679, 70.6769, -9.57961], "carpPosition": [-27.8662, 72.8065, 73.9069], "dipPosition": [5.25567, 77.6459, 9.3091], "direction": [0.0853241, -0.138286, -0.98671], "extended": false, "handId": 166, "id": 1660, "length": 47.4173, "mcpPosition": [-27.8662, 72.8065, 73.9069], "pipPosition": [2.6088, 81.9357, 39.9182], "stabilizedTipPosition": [-0.250838, 72.2374, -5.20544], "timeVisible": 4.89096, "tipPosition": [-0.236312, 66.1327, -5.06552], "tipVelocity": [23.6856, 16.5192, -9.35335], "tool": false, "touchDistance": 0.336767, "touchZone": "hovering", "type": 0, "width": 19.3691}, {"bases": [[[0.943642, -0.0163419, -0.330564], [-0.0307623, 0.990126, -0.136764], [0.329535, 0.139225, 0.933822]], [[0.995473, 0.0426607, 0.0849378], [-0.0185719, 0.963695, -0.26636], [-0.0932172, 0.263577, 0.960124]], [[0.995473, 0.0426607, 0.0849378], [-0.0185719, 0.963695, -0.26636], [-0.0932172, 0.263577, 0.960124]], [[0.995473, 0.0426607, 0.0849378], [-0.0185719, 0.963695, -0.26636], [-0.0932172, 0.263577, 0.960124]]], "btipPosition": [-18.4801, 61.2203, -74.7725], "carpPosition": [-33.9477, 90.9695, 62.869], "dipPosition": [-17.0311, 65.3176, -59.8474], "direction": [-0.0932172, -0.263577, -0.960124], "extended": true, "handId": 166, "id": 1661, "length": 53.5051, "mcpPosition": [-11.3374, 81.4168, -1.20325], "pipPosition": [-14.9811, 71.114, -38.7332], "stabilizedTipPosition": [-18.1707, 62.1913, -71.3219], "timeVisible": 4.89096, "tipPosition": [-14.0932, 60.2927, -70.5146], "tipVelocity": [16.6256, -17.0191, -13.5597], "tool": false, "touchDistance": 0.337118, "touchZone": "hovering", "type": 1, "width": 18.5013}, {"bases": [[[0.970813, -0.165933, -0.173171], [0.136457, 0.975925, -0.170145], [0.197235, 0.141549, 0.970084]], [[0.988697, -0.144934, -0.03838], [0.130694, 0.958577, -0.25308], [0.07347, 0.245203, 0.966684]], [[0.988697, -0.144934, -0.03838], [0.130694, 0.958577, -0.25308], [0.07347, 0.245203, 0.966684]], [[0.988697, -0.144934, -0.03838], [0.130694, 0.958577, -0.25308], [0.07347, 0.245203, 0.966684]]], "btipPosition": [-25.2251, 61.7794, -88.669], "carpPosition": [-44.4377, 92.2792, 58.3836], "dipPosition": [-26.4813, 65.9718, -72.141], "direction": [0.07347, -0.245203, -0.966684], "extended": true, "handId": 166, "id": 1662, "length": 60.9648, "mcpPosition": [-31.6041, 83.069, -4.73727], "pipPosition": [-28.3821, 72.3158, -47.1306], "stabilizedTipPosition": [-25.5031, 62.7847, -84.8291], "timeVisible": 4.89096, "tipPosition": [-22.7653, 58.0493, -82.5758], "tipVelocity": [-5.27228, -12.2636, -16.4514], "tool": false, "touchDistance": 0.316989, "touchZone": "hovering", "type": 2, "width": 18.1708}, {"bases": [[[0.976189, -0.216389, -0.0152054], [0.211686, 0.965591, -0.151072], [0.0473725, 0.144256, 0.988406]], [[0.968217, -0.228258, -0.102244], [0.206597, 0.960301, -0.187458], [0.140974, 0.160377, 0.976937]], [[0.968217, -0.228258, -0.102244], [0.206597, 0.960301, -0.187458], [0.140974, 0.160377, 0.976937]], [[0.968217, -0.228258, -0.102244], [0.206597, 0.960301, -0.187458], [0.140974, 0.160377, 0.976937]]], "btipPosition": [-41.0219, 69.3832, -83.1619], "carpPosition": [-55.4697, 91.0986, 55.5241], "dipPosition": [-43.4183, 72.1095, -66.5547], "direction": [0.140974, -0.160377, -0.976937], "extended": true, "handId": 166, "id": 1663, "length": 58.6192, "mcpPosition": [-52.7022, 82.6712, -2.21823], "pipPosition": [-46.9715, 76.1517, -41.9317], "stabilizedTipPosition": [-41.6058, 70.0496, -79.2791], "timeVisible": 4.89096, "tipPosition": [-39.1339, 61.9708, -76.536], "tipVelocity": [7.72312, -3.90054, -17.771], "tool": false, "touchDistance": 0.273357, "touchZone": "hovering", "type": 3, "width": 17.2906}, {"bases": [[[-0.33669, 0.346102, -0.875701], [-0.745754, 0.469778, 0.472398], [-0.574883, -0.81211, -0.0999373]], [[-0.44239, 0.18099, -0.87837], [-0.508717, 0.755961, 0.411983], [-0.738578, -0.629099, 0.242357]], [[-0.44239, 0.18099, -0.87837], [0.406474, 0.913513, -0.0164887], [-0.799418, 0.364329, 0.477698]], [[-0.44239, 0.18099, -0.87837], [0.764331, 0.588437, -0.263706], [-0.469137, 0.788026, 0.398655]]], "btipPosition": [105.215, 213.126, 68.369], "carpPosition": [198.402, 153.076, 87.6877], "dipPosition": [112.508, 225.376, 74.5662], "direction": [-0.799418, -0.364329, -0.477698], "extended": false, "handId": 167, "id": 1671, "length": 53.5051, "mcpPosition": [158.958, 208.798, 94.5447], "pipPosition": [130.088, 233.388, 85.0712], "stabilizedTipPosition": [106.097, 213.111, 68.3417], "timeVisible": 1.07515, "tipPosition": [104.931, 215.866, 69.3668], "tipVelocity": [29.5403, 9.4909, -17.9416], "tool": false, "touchDistance": 0.332947, "touchZone": "hovering", "type": 1, "width": 18.5013}, {"bases": [[[-0.279165, 0.14801, -0.948768], [-0.80438, 0.503584, 0.31524], [-0.524443, -0.851173, 0.0215262]], [[-0.277644, 0.150475, -0.948826], [-0.326366, 0.914143, 0.240476], [-0.903548, -0.376431, 0.204696]], [[-0.277644, 0.150475, -0.948826], [0.596988, 0.800832, -0.0476848], [-0.752675, 0.579677, 0.312178]], [[-0.277644, 0.150475, -0.948826], [0.886903, 0.419726, -0.192959], [-0.369212, 0.89509, 0.249992]]], "btipPosition": [103.561, 199.79, 55.816], "carpPosition": [203.095, 158.2, 78.5445], "dipPosition": [109.873, 215.094, 60.0902], "direction": [-0.752675, -0.579677, -0.312178], "extended": false, "handId": 167, "id": 1672, "length": 60.9648, "mcpPosition": [168.971, 213.584, 77.1439], "pipPosition": [129.347, 230.092, 68.167], "stabilizedTipPosition": [103.686, 203.414, 56.9595], "timeVisible": 1.07515, "tipPosition": [104.2, 204.356, 57.1594], "tipVelocity": [47.1111, -1.25642, -19.5279], "tool": false, "touchDistance": 0.318024, "touchZone": "hovering", "type": 2, "width": 18.1708}], "r": [[-0.944626, -0.327548, -0.0198405], [0.328148, -0.942988, -0.0556047], [-0.000496158, -0.0590363, 0.998256]], "s": 9.35799, "t": [-906.931, -705.827, 1443.69], "timestamp": 18054399376}, {"currentFrameRate": 112.279, "devices": [], "gestures": [], "hands": [{"armBasis": [[0.905282, 0.23327, -0.355034], [0.13906, 0.626977, 0.766526], [0.401406, -0.743294, 0.535152]], "armWidth": 60.4841, "confidence": 1, "direction": [0.165985, 0.00827405, -0.986094], "elbow": [-161.051, -113.349, 218.12], "grabAngle": 0.0954681, "grabStrength": 0, "id": 166, "palmNormal": [0.0167762, -0.999844, -0.00556557], "palmPosition": [-38.1486, 78.7805, 17.7328], "palmVelocity": [7.5809, -6.91631, -15.0095], "palmWidth": 84.8598, "pinchDistance": 37.6868, "pinchStrength": 0, "r": [[0.963648, 0.0226475, 0.266213], [0.0925396, 0.906431, -0.412091], [-0.250637, 0.421746, 0.871385]], "s": 1.11094, "sphereCenter": [-18.8186, -39.0646, 0.0336154], "sphereRadius": 126.675, "stabilizedPalmPosition": [-38.2275, 78.856, 17.8497], "t": [-0.34421, -68.0916, 61.4604], "timeVisible": 4.90003, "type": "left", "wrist": [-59.9735, 73.8188, 83.3643]}, {"armBasis": [[-0.557914, 0.126137, -0.820257], [-0.290148, 0.89636, 0.33519], [-0.777526, -0.425003, 0.463494]], "armWidth": 60.4841, "confidence": 1, "direction": [-0.394091, 0.918848, 0.0202646], "elbow": [410.96, 26.0842, 188.525], "grabAngle": 2.28267, "grabStrength": 1, "id": 167, "palmNormal": [-0.819939, -0.341537, -0.459404], "palmPosition": [176.223, 191.333, 72.4354], "palmVelocity": [18.7718, 11.1566, 8.23465], "palmWidth": 84.8598, "pinchDistance": 61.1201, "pinchStrength": 0, "r": [[0.985548, 0.152909, 0.0728932], [-0.152179, 0.988232, -0.0154859], [-0.0744033, 0.00416924, 0.99722]], "s": 1.03687, "sphereCenter": [129.364, 191.875, 54.3955], "sphereRadius": 45.4427, "stabilizedPalmPosition": [175.914, 191.115, 71.8258], "t": [2.03977, -3.25519, -0.977507], "timeVisible": 1.08422, "type": "right", "wrist": [215.172, 133.104, 71.8129]}], "id": 112076, "interactionBox": {"center": [0, 200, 0], "size": [235.247, 235.247, 147.751]}, "pointables": [{"bases": [[[0.927049, -0.353514, 0.124931], [0.362815, 0.929858, -0.0610709], [-0.0945782, 0.101942, 0.990284]], [[0.922154, -0.367698, -0.120122], [0.368792, 0.929409, -0.013809], [0.11672, -0.031566, 0.992663]], [[0.922154, -0.367698, -0.120122], [0.358289, 0.928961, -0.0930656], [0.145809, 0.0427825, 0.988387]], [[0.922154, -0.367698, -0.120122], [0.347965, 0.924161, -0.157632], [0.168973, 0.103563, 0.980165]]], "btipPosition": [-62.6167, 76.9357, -62.7371], "carpPosition": [-66.5017, 83.8186, 55.7112], "dipPosition": [-65.2667, 78.5599, -47.3656], "direction": [0.145809, -0.0427825, -0.988387], "extended": true, "handId": 166, "id": 1664, "length": 45.9564, "mcpPosition": [-71.6164, 78.3057, 2.15801], "pipPosition": [-67.8614, 79.3212, -29.777], "stabilizedTipPosition": [-63.2311, 77.3549, -59.1612], "timeVisible": 4.90003, "tipPosition": [-59.5369, 73.2368, -57.8489], "tipVelocity": [-2.23839, -6.87579, -9.34622], "tool": false, "touchDistance": 0.291421, "touchZone": "hovering", "type": 4, "width": 15.359}, {"bases": [[[-0.823552, 0.564316, 0.0575307], [-0.186336, -0.364931, 0.912197], [-0.535762, -0.740522, -0.405692]], [[-0.521004, 0.823864, 0.223166], [-0.233664, -0.389134, 0.891053], [-0.820948, -0.412097, -0.395248]], [[-0.521004, 0.823864, 0.223166], [-0.146807, -0.344053, 0.927403], [-0.840834, -0.450418, -0.300202]], [[-0.521004, 0.823864, 0.223166], [-0.0617806, -0.297169, 0.952824], [-0.851315, -0.482638, -0.205725]]], "btipPosition": [101.855, 179.646, 117.964], "carpPosition": [184.285, 136.212, 85.8703], "dipPosition": [119.982, 169.369, 113.584], "direction": [-0.840834, 0.450418, 0.300202], "extended": true, "handId": 167, "id": 1670, "length": 47.4172, "mcpPosition": [184.285, 136.212, 85.8703], "pipPosition": [146.066, 155.397, 104.271], "stabilizedTipPosition": [105.917, 176.233, 116.676], "timeVisible": 1.08422, "tipPosition": [105.148, 176.424, 115.894], "tipVelocity": [-22.2534, -17.6948, -39.9428], "tool": false, "touchDistance": 0.782609, "touchZone": "none", "type": 0, "width": 19.3691}, {"bases": [[[-0.298517, -0.0138568, -0.954304], [-0.837306, 0.48368, 0.254895], [-0.458046, -0.875135, 0.155989]], [[-0.268081, 0.0431138, -0.962431], [-0.328155, 0.935172, 0.133299], [-0.905785, -0.351561, 0.236554]], [[-0.268081, 0.0431138, -0.962431], [0.622817, 0.769922, -0.138993], [-0.735004, 0.63668, 0.233254]], [[-0.268081, 0.0431138, -0.962431], [0.903669, 0.357531, -0.235697], [-0.333937, 0.932906, 0.134808]]], "btipPosition": [118.941, 194.56, 41.2471], "carpPosition": [206.723, 161.049, 68.1467], "dipPosition": [124.618, 210.419, 43.5387], "direction": [-0.735004, -0.63668, -0.233254], "extended": false, "handId": 167, "id": 1673, "length": 58.6192, "mcpPosition": [179.964, 212.174, 59.0338], "pipPosition": [143.143, 226.466, 49.4177], "stabilizedTipPosition": [119.594, 197.018, 41.7156], "timeVisible": 1.08422, "tipPosition": [118.591, 200.713, 41.7607], "tipVelocity": [51.5687, 20.7657, -30.0437], "tool": false, "touchDistance": 0.325906, "touchZone": "hovering", "type": 3, "width": 17.2907}, {"bases": [[[-0.207046, -0.194777, -0.958746], [-0.910699, 0.396408, 0.116136], [-0.357433, -0.897175, 0.259458]], [[-0.165487, -0.0925282, -0.981862], [-0.286489, 0.957166, -0.041915], [-0.943683, -0.274356, 0.184907]], [[-0.165487, -0.0925282, -0.981862], [0.778058, 0.599516, -0.187634], [-0.606003, 0.794996, 0.0272198]], [[-0.165487, -0.0925282, -0.981862], [0.983432, 0.0592217, -0.171332], [-0.0740006, 0.993947, -0.0811947]]], "btipPosition": [144.836, 186.464, 35.8677], "carpPosition": [206.469, 158.854, 55.0585], "dipPosition": [145.996, 202.051, 34.5944], "direction": [-0.606003, -0.794996, -0.0272198], "extended": false, "handId": 167, "id": 1674, "length": 45.9564, "mcpPosition": [187.139, 207.372, 41.0274], "pipPosition": [156.78, 216.199, 35.0787], "stabilizedTipPosition": [144.964, 188.182, 35.4999], "timeVisible": 1.08422, "tipPosition": [145.428, 189.004, 35.8066], "tipVelocity": [46.9411, 31.6827, -16.6105], "tool": false, "touchDistance": 0.333333, "touchZone": "none", "type": 4, "width": 15.359}, {"bases": [[[0.379374, 0.889617, -0.254278], [-0.721235, 0.456485, 0.521001], [0.579565, -0.0142599, 0.814801]], [[0.444562, 0.881842, -0.157225], [-0.611747, 0.427112, 0.665839], [0.654317, -0.199824, 0.729342]], [[0.444562, 0.881842, -0.157225], [-0.891693, 0.452361, 0.0158925], [0.0851373, 0.133132, 0.987435]], [[0.444562, 0.881842, -0.157225], [-0.834258, 0.343705, -0.431138], [-0.326157, 0.322834, 0.888482]]], "btipPosition": [-1.57353, 70.8977, -9.76154], "carpPosition": [-27.731, 72.5992, 73.7429], "dipPosition": [5.37146, 77.772, 9.15725], "direction": [0.0851373, -0.133132, -0.987435], "extended": false, "handId": 166, "id": 1660, "length": 47.4172, "mcpPosition": [-27.731, 72.5992, 73.7429], "pipPosition": [2.73038, 81.9019, 39.7888], "stabilizedTipPosition": [-0.1135, 72.3581, -5.30784], "timeVisible": 4.90003, "tipPosition": [-0.215779, 66.1784, -5.28483], "tipVelocity": [11.7028, 21.9427, -19.2959], "tool": false, "touchDistance": 0.333799, "touchZone": "hovering", "type": 0, "width": 19.3691}, {"bases": [[[0.944119, -0.0140081, -0.329307], [-0.0322397, 0.990381, -0.13456], [0.328024, 0.137657, 0.934586]], [[0.995308, 0.0441015, 0.0861234], [-0.0197181, 0.963858, -0.265687], [-0.0947279, 0.262743, 0.960205]], [[0.995308, 0.0441015, 0.0861234], [-0.0197181, 0.963858, -0.265687], [-0.0947279, 0.262743, 0.960205]], [[0.995308, 0.0441015, 0.0861234], [-0.0197181, 0.963858, -0.265687], [-0.0947279, 0.262743, 0.960205]]], "btipPosition": [-18.5488, 61.2197, -74.9458], "carpPosition": [-33.7971, 90.7974, 62.7544], "dipPosition": [-17.0763, 65.3041, -60.0194], "direction": [-0.0947279, -0.262743, -0.960205], "extended": true, "handId": 166, "id": 1661, "length": 53.5051, "mcpPosition": [-11.2903, 81.3523, -1.37038], "pipPosition": [-14.9931, 71.082, -38.9035], "stabilizedTipPosition": [-18.1966, 62.1701, -71.4474], "timeVisible": 4.90003, "tipPosition": [-14.2071, 60.4036, -70.7315], "tipVelocity": [-6.97851, -0.396782, -19.0742], "tool": false, "touchDistance": 0.334145, "touchZone": "hovering", "type": 1, "width": 18.5014}, {"bases": [[[0.971326, -0.16391, -0.172217], [0.135048, 0.976537, -0.167745], [0.195671, 0.139677, 0.970671]], [[0.989112, -0.142858, -0.0353414], [0.129557, 0.959191, -0.251333], [0.0698041, 0.244017, 0.967255]], [[0.989112, -0.142858, -0.0353414], [0.129557, 0.959191, -0.251333], [0.0698041, 0.244017, 0.967255]], [[0.989112, -0.142858, -0.0353414], [0.129557, 0.959191, -0.251333], [0.0698041, 0.244017, 0.967255]]], "btipPosition": [-25.4984, 61.8598, -88.8542], "carpPosition": [-44.291, 92.135, 58.2864], "dipPosition": [-26.6919, 66.0319, -72.3165], "direction": [0.0698041, -0.244017, -0.967255], "extended": true, "handId": 166, "id": 1662, "length": 60.9647, "mcpPosition": [-31.5591, 83.0465, -4.87289], "pipPosition": [-28.4979, 72.3453, -47.2913], "stabilizedTipPosition": [-25.6947, 62.8094, -84.9863], "timeVisible": 4.90003, "tipPosition": [-22.9025, 58.2425, -82.8062], "tipVelocity": [-28.5436, 8.35706, -20.1724], "tool": false, "touchDistance": 0.313939, "touchZone": "hovering", "type": 2, "width": 18.1708}, {"bases": [[[0.976571, -0.214715, -0.0143586], [0.210269, 0.966285, -0.148592], [0.0457794, 0.142091, 0.988794]], [[0.968825, -0.22632, -0.100785], [0.205264, 0.961066, -0.184982], [0.138726, 0.158527, 0.97756]], [[0.968825, -0.22632, -0.100785], [0.205264, 0.961066, -0.184982], [0.138726, 0.158527, 0.97756]], [[0.968825, -0.22632, -0.100785], [0.201469, 0.956468, -0.211137], [0.144182, 0.18425, 0.972247]]], "btipPosition": [-41.0676, 69.1064, -83.2309], "carpPosition": [-55.3289, 90.9793, 55.4394], "dipPosition": [-43.5186, 72.2385, -66.7033], "direction": [0.138726, -0.158527, -0.97756], "extended": true, "handId": 166, "id": 1663, "length": 58.6192, "mcpPosition": [-52.6545, 82.6784, -2.32584], "pipPosition": [-47.0151, 76.2341, -42.0647], "stabilizedTipPosition": [-41.6226, 69.9028, -79.3782], "timeVisible": 4.90003, "tipPosition": [-39.2779, 62.3012, -76.7714], "tipVelocity": [-6.42711, -20.2309, -9.61907], "tool": false, "touchDistance": 0.271903, "touchZone": "hovering", "type": 3, "width": 17.2907}, {"bases": [[[-0.343139, 0.349133, -0.871987], [-0.742896, 0.467203, 0.479402], [-0.57477, -0.812298, -0.0990543]], [[-0.448723, 0.183874, -0.87455], [-0.499692, 0.759708, 0.416115], [-0.740916, -0.623726, 0.249018]], [[-0.448723, 0.183874, -0.87455], [0.411657, 0.911127, -0.0196523], [-0.793213, 0.368833, 0.484537]], [[-0.448723, 0.183874, -0.87455], [0.766768, 0.581877, -0.271081], [-0.459036, 0.792218, 0.402091]]], "btipPosition": [105.45, 212.785, 67.9274], "carpPosition": [198.428, 153.096, 87.7707], "dipPosition": [112.586, 225.1, 74.1779], "direction": [-0.793213, -0.368833, -0.484537], "extended": false, "handId": 167, "id": 1671, "length": 53.5051, "mcpPosition": [158.991, 208.83, 94.5672], "pipPosition": [130.03, 233.211, 84.8334], "stabilizedTipPosition": [106.151, 213.247, 68.3971], "timeVisible": 1.08422, "tipPosition": [105.214, 216.036, 69.051], "tipVelocity": [21.9296, -35.9818, -47.34], "tool": false, "touchDistance": 0.32579, "touchZone": "hovering", "type": 1, "width": 18.5014}, {"bases": [[[-0.28593, 0.151382, -0.946217], [-0.802652, 0.501555, 0.32279], [-0.523444, -0.851778, 0.0219024]], [[-0.284336, 0.153974, -0.94628], [-0.323149, 0.91387, 0.245799], [-0.902623, -0.375679, 0.21009]], [[-0.284336, 0.153974, -0.94628], [0.600333, 0.798153, -0.0505154], [-0.747498, 0.582446, 0.319379]], [[-0.284336, 0.153974, -0.94628], [0.887489, 0.415627, -0.199042], [-0.362652, 0.896407, 0.254828]]], "btipPosition": [104.006, 199.753, 55.4218], "carpPosition": [203.189, 158.25, 78.6804], "dipPosition": [110.207, 215.079, 59.7788], "direction": [-0.747498, -0.582446, -0.319379], "extended": false, "handId": 167, "id": 1672, "length": 60.9647, "mcpPosition": [169.13, 213.674, 77.2552], "pipPosition": [129.546, 230.149, 68.0419], "stabilizedTipPosition": [103.72, 203.411, 56.949], "timeVisible": 1.08422, "tipPosition": [104.509, 204.563, 56.7767], "tipVelocity": [46.2878, -3.54847, -41.3585], "tool": false, "touchDistance": 0.311772, "touchZone": "hovering", "type": 2, "width": 18.1708}], "r": [[-0.945049, -0.326348, -0.0194483], [0.326927, -0.943476, -0.054508], [-0.000560439, -0.0578709, 0.998324]], "s": 9.35899, "t": [-907.046, -705.84, 1443.55], "timestamp": 18054408446}, {"currentFrameRate": 112.629, "devices": [], "gestures": [], "hands": [{"armBasis": [[0.907353, 0.232623, -0.350138], [0.139344, 0.619398, 0.772612], [0.396603, -0.749821, 0.529598]], "armWidth": 60.4843, "confidence": 1, "direction": [0.165393, 0.0107191, -0.986169], "elbow": [-159.661, -115.208, 216.628], "grabAngle": 0.101506, "grabStrength": 0, "id": 166, "palmNormal": [0.0169039, -0.999825, -0.00803253], "palmPosition": [-38.0478, 78.8007, 17.6578], "palmVelocity": [12.1831, 2.43535, -9.06485], "palmWidth": 84.86, "pinchDistance": 38.9408, "pinchStrength": 0, "r": [[0.963817, 0.0236543, 0.265514], [0.0914113, 0.906329, -0.412568], [-0.250402, 0.421911, 0.871373]], "s": 1.11156, "sphereCenter": [-18.0606, -40.1034, -0.082666], "sphereRadius": 127.797, "stabilizedPalmPosition": [-38.1599, 78.8352, 17.7775], "t": [-0.244494, -68.1398, 61.3609], "timeVisible": 4.9083, "type": "left", "wrist": [-59.7926, 73.6044, 83.27]}, {"armBasis": [[-0.560789, 0.12854, -0.81792], [-0.289003, 0.895351, 0.338857], [-0.775882, -0.426409, 0.464955]], "armWidth": 60.4843, "confidence": 1, "direction": [-0.391723, 0.919827, 0.0217176], "elbow": [410.533, 25.7765, 188.955], "grabAngle": 2.2881, "grabStrength": 1, "id": 167, "palmNormal": [-0.818787, -0.337732, -0.464246], "palmPosition": [176.339, 191.463, 72.5302], "palmVelocity": [14.0552, 15.7163, 11.468], "palmWidth": 84.86, "pinchDistance": 61.0771, "pinchStrength": 0, "r": [[0.98557, 0.153978, 0.0703009], [-0.153449, 0.988072, -0.0128903], [-0.0714472, 0.00191668, 0.997443]], "s": 1.03571, "sphereCenter": [129.545, 192.173, 54.498], "sphereRadius": 45.3526, "stabilizedPalmPosition": [175.924, 191.122, 71.8411], "t": [2.18427, -3.13659, -0.886488], "timeVisible": 1.09249, "type": "right", "wrist": [215.158, 133.15, 71.8745]}], "id": 112077, "interactionBox": {"center": [0, 200, 0], "size": [235.247, 235.247, 147.751]}, "pointables": [{"bases": [[[0.926928, -0.353942, 0.124616], [0.362973, 0.929957, -0.0585686], [-0.0951577, 0.0995212, 0.990475]], [[0.922352, -0.36751, -0.119177], [0.368788, 0.929437, -0.0119585], [0.115163, -0.0329212, 0.992801]], [[0.922352, -0.36751, -0.119177], [0.358314, 0.929068, -0.0918853], [0.144493, 0.0420477, 0.988612]], [[0.922352, -0.36751, -0.119177], [0.346417, 0.923265, -0.166063], [0.171062, 0.111884, 0.978887]]], "btipPosition": [-62.5661, 76.9159, -62.7816], "carpPosition": [-66.379, 83.7416, 55.6656], "dipPosition": [-65.2488, 78.6705, -47.4301], "direction": [0.144493, -0.0420477, -0.988612], "extended": true, "handId": 166, "id": 1664, "length": 45.9564, "mcpPosition": [-71.525, 78.3596, 2.10191], "pipPosition": [-67.8201, 79.4188, -29.8375], "stabilizedTipPosition": [-63.2072, 77.3372, -59.2058], "timeVisible": 4.9083, "tipPosition": [-59.5285, 73.4899, -57.9416], "tipVelocity": [5.21127, 1.22993, -5.93599], "tool": false, "touchDistance": 0.290602, "touchZone": "hovering", "type": 4, "width": 15.359}, {"bases": [[[-0.82479, 0.561899, 0.0