{"frames": 73, "data": [{"currentFrameRate": 113.447, "devices": [], "gestures": [], "hands": [{"armBasis": [[0.802963, 0.146739, -0.577684], [0.341967, 0.680406, 0.648156], [0.488169, -0.717994, 0.496161]], "armWidth": 60.3919, "confidence": 1, "direction": [0.158168, 0.656225, -0.737802], "elbow": [-184.763, 5.03393, 251.67], "grabAngle": 0.638606, "grabStrength": 0, "id": 157, "palmNormal": [0.329612, -0.739437, -0.587018], "palmPosition": [-39.9492, 230.066, 77.6879], "palmVelocity": [-9.7016, -24.4613, -4.06088], "palmWidth": 84.4651, "pinchDistance": 38.7261, "pinchStrength": 0, "r": [[0.938447, 0.298225, -0.174296], [-0.276393, 0.950949, 0.138935], [0.20718, -0.0822086, 0.974843]], "s": 1.12217, "sphereCenter": [14.3077, 160.576, 16.3373], "sphereRadius": 106.942, "stabilizedPalmPosition": [-39.5031, 230.516, 77.343], "t": [138.576, 74.2071, 161.968], "timeVisible": 14.0489, "type": "left", "wrist": [-62.409, 184.991, 127.313]}, {"armBasis": [[-0.530633, -0.0552642, -0.845798], [-0.738093, 0.520716, 0.429038], [-0.41671, -0.85194, 0.317099]], "armWidth": 60.3919, "confidence": 1, "direction": [-0.338188, 0.940427, -0.0350271], "elbow": [335.763, -58.3144, 142.107], "grabAngle": 2.41054, "grabStrength": 1, "id": 159, "palmNormal": [-0.83564, -0.317207, -0.448424], "palmPosition": [200.295, 218.401, 61.8235], "palmVelocity": [-5.49542, -11.9362, 5.93258], "palmWidth": 84.4651, "pinchDistance": 44.124, "pinchStrength": 0.420747, "r": [[0.251248, 0.967922, 0.000825099], [-0.908161, 0.23603, -0.345736], [-0.33484, 0.0861161, 0.938332]], "s": 0.796525, "sphereCenter": [156.308, 219.917, 40.8834], "sphereRadius": 42.4295, "stabilizedPalmPosition": [201.468, 219.742, 64.1018], "t": [-15.2189, 15.6533, 28.661], "timeVisible": 13.2851, "type": "right", "wrist": [231.319, 155.214, 62.63]}], "id": 109090, "interactionBox": {"center": [0, 200, 0], "size": [235.247, 235.247, 147.751]}, "pointables": [{"bases": [[[-0.855594, 0.516473, 0.0348533], [-0.157361, -0.323648, 0.933], [-0.493149, -0.792785, -0.358184]], [[-0.557422, 0.808985, 0.186613], [-0.135716, -0.310538, 0.940823], [-0.819062, -0.499109, -0.282892]], [[-0.557422, 0.808985, 0.186613], [-0.0396639, -0.250465, 0.967313], [-0.829282, -0.531799, -0.171702]], [[-0.557422, 0.808985, 0.186613], [0.0677771, -0.179681, 0.981387], [-0.827458, -0.559695, -0.0453272]]], "btipPosition": [123.872, 215.359, 97.6705], "carpPosition": [204.904, 163.992, 78.309], "dipPosition": [141.383, 203.515, 96.7113], "direction": [-0.829282, 0.531799, 0.171702], "extended": true, "handId": 159, "id": 1590, "length": 47.1252, "mcpPosition": [204.904, 163.992, 78.309], "pipPosition": [166.95, 187.119, 91.4176], "stabilizedTipPosition": [127.448, 211.722, 98.0928], "timeVisible": 13.2851, "tipPosition": [127.218, 212.075, 97.1708], "tipVelocity": [-4.77053, 4.03826, 4.54781], "tool": false, "touchDistance": 0.457498, "touchZone": "none", "type": 0, "width": 19.3655}, {"bases": [[[-0.304099, -0.0851801, -0.948825], [-0.863027, 0.44636, 0.236529], [-0.40337, -0.89079, 0.209251]], [[-0.278464, -0.0296992, -0.959988], [-0.310596, 0.948599, 0.0607477], [-0.908839, -0.315084, 0.273375]], [[-0.278464, -0.0296992, -0.959988], [0.651916, 0.728161, -0.211628], [-0.705311, 0.684762, 0.183405]], [[-0.278464, -0.0296992, -0.959988], [0.920208, 0.278033, -0.275526], [-0.275091, 0.960112, 0.0500926]]], "btipPosition": [146.326, 217.461, 30.9077], "carpPosition": [228.813, 186.307, 59.5601], "dipPosition": [150.973, 233.682, 31.754], "direction": [-0.705311, -0.684762, -0.183405], "extended": false, "handId": 159, "id": 1593, "length": 58.2582, "mcpPosition": [205.358, 238.105, 47.3926], "pipPosition": [168.641, 250.835, 36.3481], "stabilizedTipPosition": [148.549, 222.423, 32.1961], "timeVisible": 13.2851, "tipPosition": [147.251, 221.682, 31.0337], "tipVelocity": [-13.1934, 10.2837, 9.67519], "tool": false, "touchDistance": 0.211588, "touchZone": "hovering", "type": 3, "width": 17.2875}, {"bases": [[[-0.201936, -0.26028, -0.94418], [-0.932043, 0.347213, 0.103624], [-0.300861, -0.900942, 0.312707]], [[-0.18091, -0.198122, -0.963338], [-0.34422, 0.930303, -0.126685], [-0.921295, -0.308681, 0.236499]], [[-0.18091, -0.198122, -0.963338], [0.708353, 0.653258, -0.267376], [-0.682281, 0.730754, -0.0221595]], [[-0.18091, -0.198122, -0.963338], [0.963028, 0.163124, -0.2144], [-0.199621, 0.966508, -0.161286]]], "btipPosition": [167.696, 213.791, 25.1844], "carpPosition": [228.525, 183.414, 46.6723], "dipPosition": [170.807, 228.855, 22.6706], "direction": [-0.682281, -0.730754, 0.0221595], "extended": false, "handId": 159, "id": 1594, "length": 45.6733, "mcpPosition": [212.33, 231.909, 29.8402], "pipPosition": [182.874, 241.779, 22.2787], "stabilizedTipPosition": [169.609, 218.936, 25.4512], "timeVisible": 13.2851, "tipPosition": [168.085, 217.982, 24.2765], "tipVelocity": [-21.3498, 9.15184, 3.73817], "tool": false, "touchDistance": 0.333333, "touchZone": "none", "type": 4, "width": 15.3561}, {"bases": [[[0.63849, 0.728926, 0.246974], [-0.539946, 0.195578, 0.818662], [0.548441, -0.656061, 0.518456]], [[0.675673, 0.68071, 0.283017], [-0.470367, 0.102465, 0.876502], [0.567645, -0.725351, 0.389417]], [[0.675673, 0.68071, 0.283017], [-0.726291, 0.548861, 0.413827], [0.126359, -0.485165, 0.865245]], [[0.675673, 0.68071, 0.283017], [-0.705839, 0.708141, -0.018098], [-0.212735, -0.187536, 0.958944]]], "btipPosition": [-2.65478, 246.091, 54.9318], "carpPosition": [-28.352, 193.553, 119.946], "dipPosition": [1.84718, 242.122, 75.2252], "direction": [0.126359, 0.485165, -0.865245], "extended": false, "handId": 157, "id": 1570, "length": 47.1252, "mcpPosition": [-28.352, 193.553, 119.946], "pipPosition": [-2.04851, 227.165, 101.901], "stabilizedTipPosition": [-1.40418, 245.514, 59.465], "timeVisible": 14.0489, "tipPosition": [0.0502245, 243.732, 59.3145], "tipVelocity": [-2.52187, -24.6693, 4.55731], "tool": false, "touchDistance": 0.346847, "touchZone": "hovering", "type": 0, "width": 19.3655}, {"bases": [[[0.891003, -0.0380247, -0.452402], [0.279653, 0.830963, 0.480931], [0.357642, -0.555027, 0.751024]], [[0.958747, -0.2151, -0.18584], [0.254976, 0.939754, 0.227706], [0.125664, -0.265697, 0.955831]], [[0.958747, -0.2151, -0.18584], [0.243053, 0.959336, 0.143525], [0.14741, -0.182773, 0.972041]], [[0.958747, -0.2151, -0.18584], [0.23191, 0.969936, 0.0737695], [0.164385, -0.113824, 0.979807]]], "btipPosition": [-4.66449, 266.348, -4.02725], "carpPosition": [-39.7324, 212.368, 120.777], "dipPosition": [-7.20412, 264.589, 11.1101], "direction": [0.14741, 0.182773, -0.972041], "extended": true, "handId": 157, "id": 1571, "length": 53.1755, "mcpPosition": [-15.3076, 250.273, 69.4867], "pipPosition": [-10.4259, 260.594, 32.3546], "stabilizedTipPosition": [-5.24253, 266.642, -0.471811], "timeVisible": 14.0489, "tipPosition": [-9.06931, 271.796, -0.12909], "tipVelocity": [6.58665, -61.7466, -13.3043], "tool": false, "touchDistance": 0.343468, "touchZone": "hovering", "type": 1, "width": 18.4979}, {"bases": [[[0.870313, -0.253759, -0.422091], [0.434046, 0.800184, 0.413895], [0.232721, -0.543425, 0.806554]], [[0.892762, -0.320467, -0.316667], [0.370845, 0.921844, 0.112598], [0.255833, -0.217957, 0.94183]], [[0.892762, -0.320467, -0.316667], [0.319805, 0.945851, -0.0555921], [0.317335, -0.0516411, 0.946906]], [[0.892762, -0.320467, -0.316667], [0.284454, 0.946009, -0.155415], [0.349375, 0.048672, 0.935718]]], "btipPosition": [-9.73491, 258.75, -17.5224], "carpPosition": [-50.0537, 213.554, 116.011], "dipPosition": [-15.6716, 259.577, -1.62237], "direction": [0.317335, 0.0516411, -0.946906], "extended": true, "handId": 157, "id": 1572, "length": 60.5892, "mcpPosition": [-34.9815, 248.749, 63.7744], "pipPosition": [-23.8312, 258.249, 22.7255], "stabilizedTipPosition": [-11.1393, 259.547, -13.8187], "timeVisible": 14.0489, "tipPosition": [-13.4193, 266.722, -13.8231], "tipVelocity": [11.0435, -60.9777, -11.4735], "tool": false, "touchDistance": 0.344668, "touchZone": "hovering", "type": 2, "width": 18.1674}, {"bases": [[[0.859861, -0.390557, -0.328791], [0.502314, 0.762279, 0.408182], [0.0912123, -0.516136, 0.851636]], [[0.85482, -0.366667, -0.367203], [0.416714, 0.906734, 0.0646673], [0.309244, -0.208298, 0.92789]], [[0.85482, -0.366667, -0.367203], [0.340294, 0.930317, -0.136782], [0.391768, -0.00803334, 0.920029]], [[0.85482, -0.366667, -0.367203], [0.294062, 0.925316, -0.239412], [0.427563, 0.0966742, 0.898801]]], "btipPosition": [-25.2813, 248.753, -14.2865], "carpPosition": [-60.1157, 211.757, 110.953], "dipPosition": [-32.5048, 250.386, 0.89846], "direction": [0.391768, 0.00803334, -0.920029], "extended": true, "handId": 157, "id": 1573, "length": 58.2582, "mcpPosition": [-54.8118, 241.77, 61.4316], "pipPosition": [-42.3182, 250.185, 23.9442], "stabilizedTipPosition": [-26.9682, 249.786, -10.764], "timeVisible": 14.0489, "tipPosition": [-28.6451, 258.01, -10.4779], "tipVelocity": [11.67, -61.9576, -11.345], "tool": false, "touchDistance": 0.344099, "touchZone": "hovering", "type": 3, "width": 17.2875}, {"bases": [[[0.769743, -0.568215, -0.290907], [0.63601, 0.643639, 0.425699], [-0.0546495, -0.512699, 0.856827]], [[0.764829, -0.452423, -0.458639], [0.555991, 0.823172, 0.115158], [0.325439, -0.343076, 0.881129]], [[0.764829, -0.452423, -0.458639], [0.44424, 0.88596, -0.133135], [0.46657, -0.101921, 0.878593]], [[0.764829, -0.452423, -0.458639], [0.376159, 0.891571, -0.252202], [0.523012, 0.0203706, 0.852082]]], "btipPosition": [-44.5731, 243.594, 1.69396], "carpPosition": [-68.44, 203.543, 104.806], "dipPosition": [-52.7248, 243.912, 14.9745], "direction": [0.46657, 0.101921, -0.878593], "extended": true, "handId": 157, "id": 1574, "length": 45.6733, "mcpPosition": [-71.3816, 231.14, 58.6852], "pipPosition": [-60.9764, 242.109, 30.513], "stabilizedTipPosition": [-46.3775, 244.354, 4.77354], "timeVisible": 14.0489, "tipPosition": [-48.8519, 252.219, 6.00662], "tipVelocity": [7.17241, -54.5754, -13.042], "tool": false, "touchDistance": 0.342372, "touchZone": "hovering", "type": 4, "width": 15.3561}, {"bases": [[[-0.369894, 0.278544, -0.886336], [-0.76616, 0.448173, 0.460586], [-0.525525, -0.849444, -0.0476326]], [[-0.397514, 0.232643, -0.887615], [-0.282277, 0.889414, 0.35953], [-0.873099, -0.393472, 0.287884]], [[-0.397514, 0.232643, -0.887615], [0.606063, 0.792869, -0.0636125], [-0.688963, 0.563238, 0.456172]], [[-0.397514, 0.232643, -0.887615], [0.873865, 0.391049, -0.288862], [-0.279899, 0.890482, 0.358745]]], "btipPosition": [130.763, 227.237, 55.9706], "carpPosition": [219.953, 180.007, 79.4136], "dipPosition": [135.087, 240.994, 61.513], "direction": [-0.688963, -0.563238, -0.456172], "extended": false, "handId": 159, "id": 1591, "length": 53.1755, "mcpPosition": [184.063, 238.019, 82.6666], "pipPosition": [150.145, 253.304, 71.4829], "stabilizedTipPosition": [132.89, 231.28, 59.013], "timeVisible": 13.2851, "tipPosition": [131.713, 230.901, 57.6984], "tipVelocity": [-7.49054, 13.3834, 15.2859], "tool": false, "touchDistance": 0.19888, "touchZone": "hovering", "type": 1, "width": 18.4979}, {"bases": [[[-0.301426, 0.0807087, -0.950068], [-0.829017, 0.470054, 0.302952], [-0.471033, -0.87894, 0.0747776]], [[-0.280908, 0.118402, -0.952403], [-0.273486, 0.941342, 0.19769], [-0.919943, -0.316002, 0.232049]], [[-0.280908, 0.118402, -0.952403], [0.686987, 0.717768, -0.113392], [-0.670178, 0.686142, 0.282967]], [[-0.280908, 0.118402, -0.952403], [0.934592, 0.259408, -0.243405], [-0.218241, 0.958483, 0.183527]]], "btipPosition": [133.516, 221.097, 44.7942], "carpPosition": [225.059, 184.329, 70.1454], "dipPosition": [137.225, 237.384, 47.9128], "direction": [-0.670178, -0.686142, -0.282967], "extended": false, "handId": 159, "id": 1592, "length": 60.5892, "mcpPosition": [194.552, 241.254, 65.3024], "pipPosition": [154.457, 255.026, 55.1887], "stabilizedTipPosition": [136.175, 223.847, 46.6534], "timeVisible": 13.2851, "tipPosition": [134.911, 223.542, 45.4549], "tipVelocity": [-10.2023, 11.7511, 13.4498], "tool": false, "touchDistance": 0.196889, "touchZone": "hovering", "type": 2, "width": 18.1674}], "r": [[0.176424, -0.910916, -0.372971], [0.928699, 0.279607, -0.243594], [0.326179, -0.303402, 0.895296]], "s": 8.84202, "t": [-837.817, -471.682, 1511.43], "timestamp": 18028071229}, {"currentFrameRate": 113.567, "devices": [], "gestures": [], "hands": [{"armBasis": [[0.803485, 0.147977, -0.576641], [0.340881, 0.679748, 0.649417], [0.48807, -0.718363, 0.495725]], "armWidth": 60.3919, "confidence": 1, "direction": [0.156403, 0.658901, -0.735791], "elbow": [-184.791, 4.6467, 251.437], "grabAngle": 0.64017, "grabStrength": 0, "id": 157, "palmNormal": [0.329001, -0.73717, -0.590202], "palmPosition": [-40.1086, 229.942, 77.6694], "palmVelocity": [-18.5378, -14.4693, -2.15048], "palmWidth": 84.4651, "pinchDistance": 38.8408, "pinchStrength": 0, "r": [[0.938554, 0.297707, -0.174607], [-0.275909, 0.951135, 0.138622], [0.207344, -0.0819286, 0.974831]], "s": 1.12212, "sphereCenter": [14.0622, 160.922, 16.1265], "sphereRadius": 106.697, "stabilizedPalmPosition": [-39.5735, 230.449, 77.381], "t": [138.453, 74.0743, 161.957], "timeVisible": 14.0575, "type": "left", "wrist": [-62.462, 184.696, 127.189]}, {"armBasis": [[-0.529719, -0.0558235, -0.846334], [-0.738164, 0.521799, 0.427598], [-0.417746, -0.85124, 0.317614]], "armWidth": 60.3919, "confidence": 1, "direction": [-0.33771, 0.940593, -0.035164], "elbow": [335.964, -58.241, 142.261], "grabAngle": 2.40788, "grabStrength": 1, "id": 159, "palmNormal": [-0.836381, -0.317011, -0.447182], "palmPosition": [200.258, 218.31, 61.8443], "palmVelocity": [-4.25782, -10.6396, 2.41412], "palmWidth": 84.4651, "pinchDistance": 44.0506, "pinchStrength": 0.422673, "r": [[0.249799, 0.968297, 0.00101403], [-0.908101, 0.234633, -0.346842], [-0.336084, 0.0857199, 0.937923]], "s": 0.7957, "sphereCenter": [156.254, 219.84, 40.8751], "sphereRadius": 42.4604, "stabilizedPalmPosition": [201.46, 219.733, 64.0872], "t": [-15.2737, 15.544, 28.6748], "timeVisible": 13.2937, "type": "right", "wrist": [231.261, 155.112, 62.6551]}], "id": 109091, "interactionBox": {"center": [0, 200, 0], "size": [235.247, 235.247, 147.751]}, "pointables": [{"bases": [[[-0.855924, 0.516018, 0.0334665], [-0.158356, -0.323177, 0.932995], [-0.492258, -0.793273, -0.35833]], [[-0.557854, 0.808938, 0.185521], [-0.135784, -0.309484, 0.94116], [-0.818756, -0.499839, -0.282488]], [[-0.557854, 0.808938, 0.185521], [-0.0397541, -0.249324, 0.967604], [-0.828986, -0.532407, -0.171245]], [[-0.557854, 0.808938, 0.185521], [0.0674537, -0.178604, 0.981606], [-0.827193, -0.560107, -0.0450691]]], "btipPosition": [123.855, 215.336, 97.6797], "carpPosition": [204.858, 163.907, 78.3565], "dipPosition": [141.36, 203.483, 96.7259], "direction": [-0.828986, 0.532407, 0.171245], "extended": true, "handId": 159, "id": 1590, "length": 47.1252, "mcpPosition": [204.858, 163.907, 78.3565], "pipPosition": [166.918, 187.069, 91.4464], "stabilizedTipPosition": [127.449, 211.725, 98.0907], "timeVisible": 13.2937, "tipPosition": [127.228, 212.049, 97.2886], "tipVelocity": [-2.14166, -2.89205, 1.21684], "tool": false, "touchDistance": 0.457672, "touchZone": "none", "type": 0, "width": 19.3655}, {"bases": [[[-0.302856, -0.0859164, -0.949156], [-0.863572, 0.446022, 0.235175], [-0.403139, -0.890889, 0.209276]], [[-0.277279, -0.030516, -0.960305], [-0.312558, 0.947994, 0.0601234], [-0.908528, -0.316822, 0.272397]], [[-0.277279, -0.030516, -0.960305], [0.650411, 0.729691, -0.210988], [-0.707164, 0.683096, 0.18248]], [[-0.277279, -0.030516, -0.960305], [0.919833, 0.280281, -0.2745], [-0.277532, 0.959433, 0.0496463]]], "btipPosition": [146.207, 217.482, 30.9805], "carpPosition": [228.756, 186.199, 59.5641], "dipPosition": [150.895, 233.691, 31.8192], "direction": [-0.707164, -0.683096, -0.18248], "extended": false, "handId": 159, "id": 1593, "length": 58.2582, "mcpPosition": [205.314, 238.002, 47.3952], "pipPosition": [168.609, 250.802, 36.3902], "stabilizedTipPosition": [148.534, 222.409, 32.1841], "timeVisible": 13.2937, "tipPosition": [147.178, 221.598, 31.1198], "tipVelocity": [-12.7315, 2.07533, 8.26778], "tool": false, "touchDistance": 0.212772, "touchZone": "hovering", "type": 3, "width": 17.2875}, {"bases": [[[-0.200601, -0.260956, -0.944278], [-0.932366, 0.346757, 0.102242], [-0.300754, -0.900922, 0.312867]], [[-0.179697, -0.199122, -0.963358], [-0.346743, 0.929268, -0.127397], [-0.920586, -0.311145, 0.236031]], [[-0.179697, -0.199122, -0.963358], [0.705354, 0.656536, -0.267274], [-0.6857, 0.727537, -0.0224742]], [[-0.179697, -0.199122, -0.963358], [0.962065, 0.168783, -0.214343], [-0.205279, 0.96533, -0.161239]]], "btipPosition": [167.5, 213.827, 25.2018], "carpPosition": [228.449, 183.298, 46.6785], "dipPosition": [170.7, 228.873, 22.6887], "direction": [-0.6857, -0.727537, 0.0224742], "extended": false, "handId": 159, "id": 1594, "length": 45.6733, "mcpPosition": [212.261, 231.792, 29.8378], "pipPosition": [182.827, 241.74, 22.2912], "stabilizedTipPosition": [169.578, 218.899, 25.4326], "timeVisible": 13.2937, "tipPosition": [168.004, 217.88, 24.3412], "tipVelocity": [-20.3633, 3.77569, 2.03645], "tool": false, "touchDistance": 0.333333, "touchZone": "none", "type": 4, "width": 15.3561}, {"bases": [[[0.638495, 0.727653, 0.25069], [-0.541322, 0.193058, 0.818351], [0.547078, -0.658218, 0.517161]], [[0.675937, 0.678785, 0.286985], [-0.471631, 0.0992016, 0.876198], [0.566281, -0.727606, 0.38719]], [[0.675937, 0.678785, 0.286985], [-0.72637, 0.547854, 0.415021], [0.124484, -0.488986, 0.863364]], [[0.675937, 0.678785, 0.286985], [-0.705145, 0.708886, -0.0158459], [-0.214196, -0.191655, 0.957804]]], "btipPosition": [-2.86571, 246.136, 54.9494], "carpPosition": [-28.4111, 193.289, 119.778], "dipPosition": [1.66714, 242.08, 75.2187], "direction": [0.124484, 0.488986, -0.863364], "extended": false, "handId": 157, "id": 1570, "length": 47.1252, "mcpPosition": [-28.4111, 193.289, 119.778], "pipPosition": [-2.17074, 227.004, 101.836], "stabilizedTipPosition": [-1.5036, 245.44, 59.4998], "timeVisible": 14.0575, "tipPosition": [-0.16017, 243.705, 59.2725], "tipVelocity": [-23.704, 2.88878, 1.40013], "tool": false, "touchDistance": 0.345677, "touchZone": "hovering", "type": 0, "width": 19.3655}, {"bases": [[[0.891806, -0.0370092, -0.450901], [0.279294, 0.829099, 0.484345], [0.355916, -0.557876, 0.749732]], [[0.958937, -0.214922, -0.185061], [0.254895, 0.939207, 0.23004], [0.12437, -0.267765, 0.955424]], [[0.958937, -0.214922, -0.185061], [0.243015, 0.959059, 0.145428], [0.146229, -0.184429, 0.971907]], [[0.958937, -0.214922, -0.185061], [0.231893, 0.969823, 0.0752952], [0.163294, -0.115118, 0.979838]]], "btipPosition": [-4.94465, 266.404, -4.00179], "carpPosition": [-39.8018, 212.093, 120.696], "dipPosition": [-7.46742, 264.625, 11.136], "direction": [0.146229, 0.184429, -0.971907], "extended": true, "handId": 157, "id": 1571, "length": 53.1755, "mcpPosition": [-15.4949, 250.192, 69.4938], "pipPosition": [-10.6633, 260.594, 32.3776], "stabilizedTipPosition": [-5.332, 266.437, -0.48711], "timeVisible": 14.0575, "tipPosition": [-9.3643, 271.911, -0.0615385], "tipVelocity": [-32.1292, 6.0121, 2.974], "tool": false, "touchDistance": 0.342838, "touchZone": "hovering", "type": 1, "width": 18.4979}, {"bases": [[[0.870926, -0.252835, -0.421382], [0.43379, 0.798457, 0.417485], [0.230901, -0.546389, 0.805074]], [[0.893126, -0.319872, -0.316239], [0.370937, 0.921438, 0.11558], [0.254424, -0.220532, 0.941612]], [[0.893126, -0.319872, -0.316239], [0.320004, 0.94593, -0.0530385], [0.316106, -0.0538278, 0.947196]], [[0.893126, -0.319872, -0.316239], [0.284651, 0.946301, -0.153258], [0.34828, 0.0468607, 0.936218]]], "btipPosition": [-10.0432, 258.876, -17.4909], "carpPosition": [-50.1324, 213.29, 115.953], "dipPosition": [-15.9613, 259.672, -1.58244], "direction": [0.316106, 0.0538278, -0.947196], "extended": true, "handId": 157, "id": 1572, "length": 60.5892, "mcpPosition": [-35.1782, 248.676, 63.8123], "pipPosition": [-24.0893, 258.288, 22.7728], "stabilizedTipPosition": [-11.2313, 259.378, -13.8233], "timeVisible": 14.0575, "tipPosition": [-13.7533, 266.88, -13.7618], "tipVelocity": [-35.3543, 13.8844, 3.883], "tool": false, "touchDistance": 0.344035, "touchZone": "hovering", "type": 2, "width": 18.1674}, {"bases": [[[0.860216, -0.389952, -0.328581], [0.502045, 0.760528, 0.411763], [0.089327, -0.519168, 0.849991]], [[0.855253, -0.365893, -0.366967], [0.416867, 0.906438, 0.0677653], [0.307838, -0.210933, 0.927763]], [[0.855253, -0.365893, -0.366967], [0.340553, 0.930601, -0.134186], [0.390597, -0.0102086, 0.920505]], [[0.855253, -0.365893, -0.366967], [0.294472, 0.925847, -0.236842], [0.426414, 0.0944982, 0.899579]]], "btipPosition": [-25.5834, 248.873, -14.2566], "carpPosition": [-60.2026, 211.504, 110.907], "dipPosition": [-32.7875, 250.47, 0.941476], "direction": [0.390597, 0.0102086, -0.920505], "extended": true, "handId": 157, "id": 1573, "length": 58.2582, "mcpPosition": [-55.0084, 241.692, 61.4814], "pipPosition": [-42.5715, 250.214, 23.9992], "stabilizedTipPosition": [-27.0503, 249.622, -10.7631], "timeVisible": 14.0575, "tipPosition": [-28.9734, 258.148, -10.4207], "tipVelocity": [-34.6119, 13.0415, 3.82716], "tool": false, "touchDistance": 0.343516, "touchZone": "hovering", "type": 3, "width": 17.2875}, {"bases": [[[0.769917, -0.567684, -0.291484], [0.635634, 0.641742, 0.429111], [-0.0565419, -0.515656, 0.854928]], [[0.765422, -0.45154, -0.45852], [0.556094, 0.822678, 0.118151], [0.323865, -0.345416, 0.880795]], [[0.765422, -0.45154, -0.45852], [0.444793, 0.886129, -0.130133], [0.465069, -0.10434, 0.879104]], [[0.765422, -0.45154, -0.45852], [0.377004, 0.892073, -0.249148], [0.521534, 0.0178394, 0.853044]]], "btipPosition": [-44.8679, 243.674, 1.72357], "carpPosition": [-68.533, 203.306, 104.746], "dipPosition": [-52.9965, 243.952, 15.0191], "direction": [0.465069, 0.10434, -0.879104], "extended": true, "handId": 157, "id": 1574, "length": 45.6733, "mcpPosition": [-71.5765, 231.062, 58.7282], "pipPosition": [-61.2216, 242.106, 30.5667], "stabilizedTipPosition": [-46.4616, 244.21, 4.77541], "timeVisible": 14.0575, "tipPosition": [-49.1472, 252.306, 6.07742], "tipVelocity": [-33.6613, 8.14264, 3.84415], "tool": false, "touchDistance": 0.341964, "touchZone": "hovering", "type": 4, "width": 15.3561}, {"bases": [[[-0.368932, 0.277808, -0.886968], [-0.766989, 0.448022, 0.459352], [-0.524993, -0.849764, -0.0477859]], [[-0.396412, 0.232082, -0.888254], [-0.284612, 0.888788, 0.359239], [-0.872842, -0.395214, 0.286273]], [[-0.396412, 0.232082, -0.888254], [0.604371, 0.794272, -0.062193], [-0.691081, 0.561489, 0.455123]], [[-0.396412, 0.232082, -0.888254], [0.873524, 0.393075, -0.287136], [-0.282512, 0.889736, 0.35855]]], "btipPosition": [130.686, 227.284, 56.0886], "carpPosition": [219.917, 179.915, 79.4325], "dipPosition": [135.051, 241.03, 61.628], "direction": [-0.691081, -0.561489, -0.455123], "extended": false, "handId": 159, "id": 1591, "length": 53.1755, "mcpPosition": [184.063, 237.949, 82.696], "pipPosition": [150.155, 253.302, 71.575], "stabilizedTipPosition": [132.885, 231.277, 59.0064], "timeVisible": 13.2937, "tipPosition": [131.678, 230.842, 57.795], "tipVelocity": [-7.77076, 5.2064, 13.6419], "tool": false, "touchDistance": 0.200835, "touchZone": "hovering", "type": 1, "width": 18.4979}, {"bases": [[[-0.300274, 0.0799731, -0.950495], [-0.829659, 0.469774, 0.301626], [-0.470639, -0.879157, 0.0747104]], [[-0.279699, 0.11781, -0.952832], [-0.275376, 0.9409, 0.19717], [-0.919748, -0.317535, 0.230727]], [[-0.279699, 0.11781, -0.952832], [0.685871, 0.718985, -0.112437], [-0.671826, 0.684968, 0.281902]], [[-0.279699, 0.11781, -0.952832], [0.93452, 0.260915, -0.242064], [-0.220091, 0.958146, 0.183074]]], "btipPosition": [133.432, 221.113, 44.9012], "carpPosition": [225.014, 184.229, 70.1553], "dipPosition": [137.171, 237.394, 48.0121], "direction": [-0.671826, -0.684968, -0.281902], "extended": false, "handId": 159, "id": 1592, "length": 60.5892, "mcpPosition": [194.533, 241.167, 65.3167], "pipPosition": [154.446, 255.007, 55.2606], "stabilizedTipPosition": [136.162, 223.854, 46.6465], "timeVisible": 13.2937, "tipPosition": [134.854, 223.485, 45.5553], "tipVelocity": [-9.02042, 1.76305, 12.2379], "tool": false, "touchDistance": 0.198643, "touchZone": "hovering", "type": 2, "width": 18.1674}], "r": [[0.175745, -0.91113, -0.372767], [0.928898, 0.278869, -0.243682], [0.325979, -0.303436, 0.895357]], "s": 8.84162, "t": [-837.686, -471.689, 1511.46], "timestamp": 18028079828}, {"currentFrameRate": 113.709, "devices": [], "gestures": [], "hands": [{"armBasis": [[0.804096, 0.148811, -0.575574], [0.340644, 0.67814, 0.65122], [0.487229, -0.719709, 0.494598]], "armWidth": 60.3918, "confidence": 1, "direction": [0.158096, 0.653937, -0.739846], "elbow": [-184.776, 4.36461, 251.314], "grabAngle": 0.640421, "grabStrength": 0, "id": 157, "palmNormal": [0.327463, -0.741589, -0.585503], "palmPosition": [-40.2137, 229.696, 77.6072], "palmVelocity": [-12.2913, -28.7392, -7.27745], "palmWidth": 84.465, "pinchDistance": 39.0512, "pinchStrength": 0, "r": [[0.938493, 0.297503, -0.175277], [-0.275949, 0.95133, 0.137199], [0.207564, -0.0803931, 0.974912]], "s": 1.12212, "sphereCenter": [14.0049, 160.11, 16.4831], "sphereRadius": 106.868, "stabilizedPalmPosition": [-39.6509, 230.358, 77.4083], "t": [138.34, 73.885, 161.92], "timeVisible": 14.066, "type": "left", "wrist": [-62.6577, 184.751, 127.349]}, {"armBasis": [[-0.529562, -0.0554545, -0.846457], [-0.737189, 0.523754, 0.426888], [-0.419662, -0.850063, 0.31824]], "armWidth": 60.3918, "confidence": 1, "direction": [-0.336803, 0.940924, -0.0350138], "elbow": [336.331, -58.0564, 142.432], "grabAngle": 2.40608, "grabStrength": 1, "id": 159, "palmNormal": [-0.836864, -0.316184, -0.446862], "palmPosition": [200.179, 218.216, 61.8628], "palmVelocity": [-9.31137, -10.9553, 2.16505], "palmWidth": 84.465, "pinchDistance": 43.987, "pinchStrength": 0.424342, "r": [[0.248449, 0.968644, 0.00118706], [-0.90807, 0.233339, -0.347797], [-0.337168, 0.0853319, 0.937569]], "s": 0.794879, "sphereCenter": [156.177, 219.794, 40.8401], "sphereRadius": 42.4838, "stabilizedPalmPosition": [201.451, 219.723, 64.0724], "t": [-15.3408, 15.4425, 28.6909], "timeVisible": 13.3022, "type": "right", "wrist": [231.147, 155.002, 62.669]}], "id": 109092, "interactionBox": {"center": [0, 200, 0], "size": [235.247, 235.247, 147.751]}, "pointables": [{"bases": [[[-0.856441, 0.51518, 0.0331435], [-0.158404, -0.323351, 0.932927], [-0.491342, -0.793747, -0.358537]], [[-0.558472, 0.808536, 0.185413], [-0.135044, -0.309153, 0.941375], [-0.818457, -0.500693, -0.281842]], [[-0.558472, 0.808536, 0.185413], [-0.0390409, -0.248889, 0.967745], [-0.828604, -0.53322, -0.170564]], [[-0.558472, 0.808536, 0.185413], [0.0680074, -0.178138, 0.981653], [-0.826731, -0.560835, -0.0444985]]], "btipPosition": [123.764, 215.318, 97.6323], "carpPosition": [204.731, 163.809, 78.3721], "dipPosition": [141.259, 203.449, 96.6906], "direction": [-0.828604, 0.53322, 0.170564], "extended": true, "handId": 159, "id": 1590, "length": 47.1252, "mcpPosition": [204.731, 163.809, 78.3721], "pipPosition": [166.806, 187.01, 91.4321], "stabilizedTipPosition": [127.45, 211.728, 98.0884], "timeVisible": 13.3022, "tipPosition": [127.16, 212.029, 97.3359], "tipVelocity": [-10.8971, -2.567, -5.22112], "tool": false, "touchDistance": 0.456928, "touchZone": "none", "type": 0, "width": 19.3655}, {"bases": [[[-0.302402, -0.0861932, -0.949275], [-0.864099, 0.445173, 0.234847], [-0.402349, -0.891287, 0.209101]], [[-0.27692, -0.0308627, -0.960397], [-0.314629, 0.947299, 0.0602779], [-0.907923, -0.318861, 0.272036]], [[-0.27692, -0.0308627, -0.960397], [0.648877, 0.73117, -0.210593], [-0.708713, 0.681497, 0.182449]], [[-0.27692, -0.0308627, -0.960397], [0.919304, 0.282356, -0.274145], [-0.279634, 0.958813, 0.0498176]]], "btipPosition": [146.091, 217.516, 31.0099], "carpPosition": [228.644, 186.077, 59.5709], "dipPosition": [150.815, 233.715, 31.8515], "direction": [-0.708713, -0.681497, -0.182449], "extended": false, "handId": 159, "id": 1593, "length": 58.2581, "mcpPosition": [205.248, 237.904, 47.4121], "pipPosition": [168.568, 250.786, 36.4217], "stabilizedTipPosition": [148.519, 222.396, 32.1728], "timeVisible": 13.3022, "tipPosition": [147.091, 221.556, 31.1592], "tipVelocity": [-12.5916, 3.75878, 3.5162], "tool": false, "touchDistance": 0.213273, "touchZone": "hovering", "type": 3, "width": 17.2875}, {"bases": [[[-0.199978, -0.261133, -0.944361], [-0.932744, 0.345843, 0.101886], [-0.299995, -0.901222, 0.312732]], [[-0.179218, -0.199545, -0.96336], [-0.34953, 0.928244, -0.127246], [-0.919625, -0.313919, 0.236105]], [[-0.179218, -0.199545, -0.96336], [0.702379, 0.659703, -0.267313], [-0.688872, 0.724551, -0.0219254]], [[-0.179218, -0.199545, -0.96336], [0.961018, 0.174045, -0.214833], [-0.210537, 0.964308, -0.160574]]], "btipPosition": [167.314, 213.88, 25.1934], "carpPosition": [228.33, 183.177, 46.6853], "dipPosition": [170.596, 228.91, 22.6907], "direction": [-0.688872, -0.724551, 0.0219254], "extended": false, "handId": 159, "id": 1594, "length": 45.6733, "mcpPosition": [212.182, 231.687, 29.8519], "pipPosition": [182.779, 241.724, 22.303], "stabilizedTipPosition": [169.545, 218.864, 25.4146], "timeVisible": 13.3022, "tipPosition": [167.911, 217.814, 24.3745], "tipVelocity": [-19.5745, 5.73168, -0.693618], "tool": false, "touchDistance": 0.333333, "touchZone": "none", "type": 4, "width": 15.3561}, {"bases": [[[0.636893, 0.73066, 0.245974], [-0.541556, 0.196924, 0.817275], [0.548712, -0.653725, 0.521112]], [[0.674999, 0.681341, 0.283108], [-0.471211, 0.102831, 0.876006], [0.567747, -0.724707, 0.390466]], [[0.674999, 0.681341, 0.283108], [-0.726974, 0.54862, 0.412948], [0.126039, -0.484552, 0.865635]], [[0.674999, 0.681341, 0.283108], [-0.706391, 0.707575, -0.0186739], [-0.213044, -0.187381, 0.958906]]], "btipPosition": [-2.92507, 245.766, 54.873], "carpPosition": [-28.6107, 193.28, 119.947], "dipPosition": [1.58341, 241.8, 75.1656], "direction": [0.126039, 0.484552, -0.865635], "extended": false, "handId": 157, "id": 1570, "length": 47.1252, "mcpPosition": [-28.6107, 193.28, 119.947], "pipPosition": [-2.30242, 226.861, 101.853], "stabilizedTipPosition": [-1.59418, 245.302, 59.5093], "timeVisible": 14.066, "tipPosition": [-0.242718, 243.266, 59.1387], "tipVelocity": [-7.59786, -40.884, -8.30718], "tool": false, "touchDistance": 0.343377, "touchZone": "hovering", "type": 0, "width": 19.3655}, {"bases": [[[0.891775, -0.037784, -0.450899], [0.277519, 0.832741, 0.479088], [0.357381, -0.552371, 0.753104]], [[0.959407, -0.214153, -0.183515], [0.252961, 0.941139, 0.224206], [0.124699, -0.261526, 0.957107]], [[0.959407, -0.214153, -0.183515], [0.240981, 0.960533, 0.138941], [0.146518, -0.177524, 0.973148]], [[0.959407, -0.214153, -0.183515], [0.229788, 0.970834, 0.0684043], [0.163514, -0.107797, 0.980634]]], "btipPosition": [-4.97894, 265.544, -4.28847], "carpPosition": [-39.9585, 212.115, 120.744], "dipPosition": [-7.50512, 263.879, 10.8616], "direction": [0.146518, 0.177524, -0.973148], "extended": true, "handId": 157, "id": 1571, "length": 53.1755, "mcpPosition": [-15.5516, 249.839, 69.312], "pipPosition": [-10.7073, 259.999, 32.1304], "stabilizedTipPosition": [-5.40294, 266.04, -0.585713], "timeVisible": 14.066, "tipPosition": [-9.34412, 271.094, -0.377041], "tipVelocity": [-4.10265, -97.5211, -33.1994], "tool": false, "touchDistance": 0.33763, "touchZone": "hovering", "type": 1, "width": 18.4979}, {"bases": [[[0.871395, -0.253469, -0.420029], [0.432068, 0.802036, 0.412379], [0.232353, -0.540826, 0.808406]], [[0.893779, -0.319811, -0.314452], [0.369148, 0.922746, 0.110772], [0.254733, -0.215084, 0.942788]], [[0.893779, -0.319811, -0.314452], [0.317967, 0.946286, -0.058645], [0.316317, -0.0475695, 0.94746]], [[0.893779, -0.319811, -0.314452], [0.282361, 0.945954, -0.15951], [0.34847, 0.0537777, 0.935776]]], "btipPosition": [-10.0798, 258.016, -17.719], "carpPosition": [-50.2853, 213.306, 115.991], "dipPosition": [-16.0011, 258.93, -1.81801], "direction": [0.316317, 0.0475695, -0.94746], "extended": true, "handId": 157, "id": 1572, "length": 60.5892, "mcpPosition": [-35.237, 248.333, 63.6348], "pipPosition": [-24.1346, 257.707, 22.5441], "stabilizedTipPosition": [-11.3027, 258.987, -13.9042], "timeVisible": 14.066, "tipPosition": [-13.7425, 265.974, -14.0457], "tipVelocity": [-4.37316, -97.3964, -26.8752], "tool": false, "touchDistance": 0.339518, "touchZone": "hovering", "type": 2, "width": 18.1674}, {"bases": [[[0.861023, -0.390028, -0.326371], [0.500408, 0.764228, 0.406876], [0.0907286, -0.513648, 0.853191]], [[0.85597, -0.366118, -0.365066], [0.415185, 0.90753, 0.0633389], [0.308119, -0.205786, 0.928825]], [[0.85597, -0.366118, -0.365066], [0.338431, 0.93056, -0.139722], [0.390871, -0.0039514, 0.920437]], [[0.85597, -0.366118, -0.365066], [0.292054, 0.925037, -0.242923], [0.426638, 0.101316, 0.89873]]], "btipPosition": [-25.6355, 248.081, -14.4226], "carpPosition": [-60.3581, 211.512, 110.954], "dipPosition": [-32.8434, 249.792, 0.76109], "direction": [0.390871, 0.0039514, -0.920437], "extended": true, "handId": 157, "id": 1573, "length": 58.2581, "mcpPosition": [-55.0825, 241.379, 61.3422], "pipPosition": [-42.6343, 249.693, 23.8171], "stabilizedTipPosition": [-27.1223, 249.281, -10.8127], "timeVisible": 14.066, "tipPosition": [-28.9846, 257.289, -10.6554], "tipVelocity": [-6.1942, -89.628, -19.8059], "tool": false, "touchDistance": 0.339958, "touchZone": "hovering", "type": 3, "width": 17.2875}, {"bases": [[[0.77114, -0.567731, -0.288141], [0.634273, 0.645859, 0.424928], [-0.0551467, -0.510439, 0.858144]], [[0.76627, -0.45224, -0.456409], [0.554778, 0.824022, 0.114928], [0.324116, -0.341272, 0.882316]], [[0.76627, -0.45224, -0.456409], [0.442893, 0.886395, -0.13472], [0.465484, -0.098909, 0.879512]], [[0.76627, -0.45224, -0.456409], [0.374723, 0.891578, -0.254307], [0.521932, 0.023841, 0.852654]]], "btipPosition": [-44.944, 243.059, 1.59658], "carpPosition": [-68.7057, 203.295, 104.842], "dipPosition": [-53.0788, 243.431, 14.8861], "direction": [0.465484, 0.098909, -0.879512], "extended": true, "handId": 157, "id": 1574, "length": 45.6733, "mcpPosition": [-71.6741, 230.77, 58.651], "pipPosition": [-61.3112, 241.682, 30.4408], "stabilizedTipPosition": [-46.5433, 243.964, 4.74716], "timeVisible": 14.066, "tipPosition": [-49.1677, 251.579, 5.86671], "tipVelocity": [-9.06272, -69.3101, -15.0164], "tool": false, "touchDistance": 0.339175, "touchZone": "hovering", "type": 4, "width": 15.3561}, {"bases": [[[-0.368858, 0.277465, -0.887106], [-0.767605, 0.447263, 0.459063], [-0.524143, -0.850276, -0.0480073]], [[-0.396258, 0.231772, -0.888404], [-0.286952, 0.887878, 0.359626], [-0.872146, -0.397434, 0.285322]], [[-0.396258, 0.231772, -0.888404], [0.60258, 0.79571, -0.0611815], [-0.692731, 0.559578, 0.454968]], [[-0.396258, 0.231772, -0.888404], [0.872929, 0.394997, -0.286307], [-0.284559, 0.888965, 0.358842]]], "btipPosition": [130.594, 227.346, 56.1497], "carpPosition": [219.807, 179.802, 79.4426], "dipPosition": [134.99, 241.08, 61.6935], "direction": [-0.692731, -0.559578, -0.454968], "extended": false, "handId": 159, "id": 1591, "length": 53.1755, "mcpPosition": [184.011, 237.87, 82.7212], "pipPosition": [150.13, 253.31, 71.6371], "stabilizedTipPosition": [132.88, 231.274, 59.0001], "timeVisible": 13.3022, "tipPosition": [131.61, 230.814, 57.838], "tipVelocity": [-10.0131, 6.88807, 7.25942], "tool": false, "touchDistance": 0.201869, "touchZone": "hovering", "type": 1, "width": 18.4979}, {"bases": [[[-0.299982, 0.0796988, -0.95061], [-0.830235, 0.468956, 0.301313], [-0.469809, -0.879618, 0.0745096]], [[-0.279451, 0.117543, -0.952938], [-0.277185, 0.940346, 0.197274], [-0.91928, -0.319268, 0.2302]], [[-0.279451, 0.117543, -0.952938], [0.684829, 0.720043, -0.112012], [-0.672991, 0.683902, 0.281713]], [[-0.279451, 0.117543, -0.952938], [0.934297, 0.262092, -0.241656], [-0.221353, 0.957858, 0.183061]]], "btipPosition": [133.345, 221.133, 44.9505], "carpPosition": [224.904, 184.111, 70.1635], "dipPosition": [137.106, 237.409, 48.0611], "direction": [-0.672991, -0.683902, -0.281713], "extended": false, "handId": 159, "id": 1592, "length": 60.5892, "mcpPosition": [194.477, 241.079, 65.3379], "pipPosition": [154.411, 254.994, 55.3048], "stabilizedTipPosition": [136.15, 223.86, 46.6403], "timeVisible": 13.3022, "tipPosition": [134.771, 223.46, 45.5995], "tipVelocity": [-9.58529, 2.17496, 5.75574], "tool": false, "touchDistance": 0.199463, "touchZone": "hovering", "type": 2, "width": 18.1674}], "r": [[0.174505, -0.911525, -0.372384], [0.929198, 0.277575, -0.244014], [0.325789, -0.303437, 0.895426]], "s": 8.84114, "t": [-837.581, -471.785, 1511.44], "timestamp": 18028088378}, {"currentFrameRate": 113.733, "devices": [], "gestures": [], "hands": [{"armBasis": [[0.805534, 0.151708, -0.572799], [0.337561, 0.676988, 0.654018], [0.486998, -0.720189, 0.494127]], "armWidth": 60.3918, "confidence": 1, "direction": [0.156177, 0.656029, -0.7384], "elbow": [-184.761, 3.91502, 251.075], "grabAngle": 0.641976, "grabStrength": 0, "id": 157, "palmNormal": [0.32463, -0.740136, -0.58891], "palmPosition": [-40.3766, 229.49, 77.5441], "palmVelocity": [-18.617, -23.4906, -7.20917], "palmWidth": 84.465, "pinchDistance": 39.0601, "pinchStrength": 0, "r": [[0.938507, 0.297641, -0.174972], [-0.276273, 0.951344, 0.136447], [0.20707, -0.0797165, 0.975073]], "s": 1.12204, "sphereCenter": [13.5441, 160.319, 16.2258], "sphereRadius": 106.545, "stabilizedPalmPosition": [-39.7434, 230.247, 77.4256], "t": [138.201, 73.6876, 161.87], "timeVisible": 14.0748, "type": "left", "wrist": [-62.7007, 184.422, 127.228]}, {"armBasis": [[-0.528628, -0.055295, -0.847051], [-0.736591, 0.525831, 0.425366], [-0.421885, -0.84879, 0.318699]], "armWidth": 60.3918, "confidence": 1, "direction": [-0.33734, 0.940702, -0.0357897], "elbow": [336.903, -57.7182, 142.642], "grabAngle": 2.4041, "grabStrength": 1, "id": 159, "palmNormal": [-0.837128, -0.317154, -0.445679], "palmPosition": [200.144, 218.211, 61.9151], "palmVelocity": [-3.98608, -0.518997, 5.97965], "palmWidth": 84.465, "pinchDistance": 43.9253, "pinchStrength": 0.425962, "r": [[0.247473, 0.968894, 0.00114553], [-0.90795, 0.232319, -0.348791], [-0.338208, 0.0852762, 0.9372]], "s": 0.794093, "sphereCenter": [156.13, 219.745, 40.853], "sphereRadius": 42.5125, "stabilizedPalmPosition": [201.444, 219.715, 64.0608], "t": [-15.3919, 15.3894, 28.7251], "timeVisible": 13.311, "type": "right", "wrist": [231.162, 155.021, 62.7642]}], "id": 109093, "interactionBox": {"center": [0, 200, 0], "size": [235.247, 235.247, 147.751]}, "pointables": [{"bases": [[[-0.856197, 0.515675, 0.0317088], [-0.159481, -0.322172, 0.933151], [-0.491419, -0.793904, -0.358083]], [[-0.558033, 0.809163, 0.183994], [-0.135243, -0.307447, 0.941905], [-0.818723, -0.500731, -0.281]], [[-0.558033, 0.809163, 0.183994], [-0.0392357, -0.247208, 0.968168], [-0.82889, -0.533051, -0.169699]], [[-0.558033, 0.809163, 0.183994], [0.0677073, -0.17659, 0.981953], [-0.827052, -0.56042, -0.0437571]]], "btipPosition": [123.746, 215.323, 97.6625], "carpPosition": [204.741, 163.826, 78.4837], "dipPosition": [141.249, 203.463, 96.7365], "direction": [-0.82889, 0.533051, 0.169699], "extended": true, "handId": 159, "id": 1590, "length": 47.1252, "mcpPosition": [204.741, 163.826, 78.4837], "pipPosition": [166.803, 187.029, 91.5047], "stabilizedTipPosition": [127.451, 211.73, 98.0867], "timeVisible": 13.311, "tipPosition": [127.166, 212.031, 97.4661], "tipVelocity": [-1.84973, 0.805015, 3.87184], "tool": false, "touchDistance": 0.457493, "touchZone": "none", "type": 0, "width": 19.3655}, {"bases": [[[-0.301528, -0.0871447, -0.949467], [-0.864089, 0.445909, 0.233487], [-0.403028, -0.890826, 0.209755]], [[-0.276036, -0.0319066, -0.960618], [-0.315453, 0.947093, 0.0591889], [-0.907906, -0.319368, 0.271497]], [[-0.276036, -0.0319066, -0.960618], [