{"frames": 73, "data": [{"currentFrameRate": 115.347, "devices": [], "gestures": [], "hands": [{"armBasis": [[-0.245674, -0.339345, -0.908014], [-0.68299, 0.725315, -0.0862756], [-0.687873, -0.598969, 0.40996]], "armWidth": 60.4287, "confidence": 1, "direction": [-0.343586, 0.933415, 0.103369], "elbow": [358.669, -27.8824, 162.784], "grabAngle": 2.09355, "grabStrength": 0.74021, "id": 165, "palmNormal": [-0.923132, -0.355909, 0.145452], "palmPosition": [155.077, 184.146, 69.2768], "palmVelocity": [-566.888, -143.122, -130.425], "palmWidth": 84.6461, "pinchDistance": 56.5118, "pinchStrength": 0.328757, "r": [[0.947659, 0.0506931, 0.315234], [-0.239728, 0.765088, 0.597637], [-0.210886, -0.641927, 0.737195]], "s": 1.104, "sphereCenter": [101.531, 184.787, 64.937], "sphereRadius": 50.4375, "stabilizedPalmPosition": [160.92, 186.293, 70.8395], "t": [-38.5523, 50.4697, 122.898], "timeVisible": 2.53215, "type": "right", "wrist": [185.892, 122.564, 59.8122]}, {"armBasis": [[0.914298, 0.286021, -0.286794], [0.214987, 0.2574, 0.942086], [0.343277, -0.923004, 0.17385]], "armWidth": 60.4287, "confidence": 1, "direction": [0.225311, -0.026006, -0.97394], "elbow": [-145.932, -157.553, 144.906], "grabAngle": 0.218387, "grabStrength": 0, "id": 166, "palmNormal": [-0.01794, -0.999585, 0.0225406], "palmPosition": [-34.2493, 80.398, 39.255], "palmVelocity": [14.8937, 18.2477, 1.40944], "palmWidth": 84.6461, "pinchDistance": 60.4827, "pinchStrength": 0, "r": [[0.976182, 0.0706949, 0.205114], [0.0296903, 0.892996, -0.449085], [-0.214914, 0.444478, 0.869627]], "s": 1.09811, "sphereCenter": [10.2098, -89.168, 45.5324], "sphereRadius": 179.479, "stabilizedPalmPosition": [-34.3468, 80.2752, 39.2257], "t": [3.56446, -66.7012, 82.8337], "timeVisible": 2.42808, "type": "left", "wrist": [-59.7097, 74.2831, 101.239]}], "id": 111797, "interactionBox": {"center": [0, 200, 0], "size": [235.247, 235.247, 147.751]}, "pointables": [{"bases": [[[-0.689193, 0.518762, -0.505865], [-0.6858, -0.241687, 0.686488], [-0.233863, -0.820045, -0.522336]], [[-0.531391, 0.810802, -0.245404], [-0.634357, -0.188866, 0.749614], [-0.56144, -0.554012, -0.6147]], [[-0.531391, 0.810802, -0.245404], [-0.485279, -0.0539092, 0.872696], [-0.694354, -0.582832, -0.422112]], [[-0.531391, 0.810802, -0.245404], [-0.412385, 0.00545617, 0.910993], [-0.739975, -0.585294, -0.331464]]], "btipPosition": [108.545, 186.957, 132.072], "carpPosition": [171.219, 131.256, 83.7492], "dipPosition": [124.008, 174.726, 125.145], "direction": [-0.694354, 0.582832, 0.422112], "extended": true, "handId": 165, "id": 1650, "length": 46.5348, "mcpPosition": [171.219, 131.256, 83.7492], "pipPosition": [145.147, 156.982, 112.294], "stabilizedTipPosition": [109.318, 180.801, 123.312], "timeVisible": 2.53215, "tipPosition": [117.205, 181.347, 139.02], "tipVelocity": [-65.4729, 277.963, -11.7584], "tool": false, "touchDistance": 1, "touchZone": "none", "type": 0, "width": 19.3647}, {"bases": [[[0.227796, 0.201525, -0.952626], [-0.866972, 0.487337, -0.10422], [-0.443247, -0.849642, -0.28573]], [[0.162174, 0.0781454, -0.983663], [-0.803373, 0.589287, -0.0856352], [-0.572968, -0.804136, -0.158347]], [[0.162174, 0.0781454, -0.983663], [-0.105518, 0.992517, 0.0614523], [-0.981104, -0.0938281, -0.169206]], [[0.162174, 0.0781454, -0.983663], [0.431484, 0.890889, 0.141913], [-0.887424, 0.447449, -0.110761]]], "btipPosition": [96.2678, 231.558, 105.721], "carpPosition": [183.296, 147.362, 74.7497], "dipPosition": [109.806, 238.385, 104.031], "direction": [-0.981104, 0.0938281, 0.169206], "extended": false, "handId": 165, "id": 1651, "length": 52.5093, "mcpPosition": [152.96, 205.512, 94.3052], "pipPosition": [130.98, 236.36, 100.38], "stabilizedTipPosition": [103.158, 215.038, 81.9405], "timeVisible": 2.53215, "tipPosition": [97.2632, 221.675, 104.584], "tipVelocity": [185.494, 920.408, 522.067], "tool": false, "touchDistance": 0.588874, "touchZone": "none", "type": 1, "width": 18.4971}, {"bases": [[[0.370187, -0.340517, -0.864297], [-0.799936, 0.356179, -0.482948], [-0.472296, -0.870164, 0.140539]], [[0.396653, -0.290076, -0.870932], [-0.259222, 0.874751, -0.409407], [-0.880608, -0.388157, -0.271778]], [[0.396653, -0.290076, -0.870932], [0.682319, 0.727855, 0.0683298], [-0.614091, 0.621356, -0.486629]], [[0.396653, -0.290076, -0.870932], [0.908107, 0.262693, 0.32609], [-0.134197, 0.920244, -0.367617]]], "btipPosition": [-105, 182.123, 58.0905], "carpPosition": [171.069, 147.944, 42.9345], "dipPosition": [107.065, 196.287, 52.4326], "direction": [-0.614091, -0.621356, 0.486629], "extended": false, "handId": 165, "id": 1654, "length": 45.1011, "mcpPosition": [145.592, 194.883, 35.3534], "pipPosition": [117.79, 207.138, 43.9341], "stabilizedTipPosition": [109.636, 184.851, 54.541], "timeVisible": 2.53215, "tipPosition": [108.055, 181.065, 57.0723], "tipVelocity": [-779.498, 163.028, 409.189], "tool": false, "touchDistance": 0.333333, "touchZone": "none", "type": 4, "width": 15.3554}, {"bases": [[[0.310255, -0.0011694, -0.950653], [-0.8255, 0.495619, -0.27002], [-0.471477, -0.868539, -0.152803]], [[0.277696, -0.0598406, -0.958803], [-0.389, 0.90557, -0.169183], [-0.878387, -0.419956, -0.228195]], [[0.277696, -0.0598406, -0.958803], [0.528254, 0.843133, 0.100375], [-0.802392, 0.534365, -0.265746]], [[0.277696, -0.0598406, -0.958803], [0.868408, 0.442419, 0.223903], [-0.410794, 0.89481, -0.174824]]], "btipPosition": [86.1733, 196.746, 93.3661], "carpPosition": [181.844, 150.883, 63.9465], "dipPosition": [93.0662, 211.761, 90.4326], "direction": [-0.802392, -0.534365, 0.265746], "extended": false, "handId": 165, "id": 1652, "length": 59.8301, "mcpPosition": [151.244, 207.255, 73.864], "pipPosition": [113.44, 225.329, 83.6851], "stabilizedTipPosition": [103.639, 205.727, 65.5348], "timeVisible": 2.53215, "tipPosition": [87.8678, 200.607, 94.8944], "tipVelocity": [-254.458, 80.3179, 549.38], "tool": false, "touchDistance": 0.37819, "touchZone": "none", "type": 2, "width": 18.1666}, {"bases": [[[0.298833, -0.166328, -0.939699], [-0.815834, 0.466329, -0.341983], [-0.49509, -0.868834, -0.00365864]], [[0.32164, -0.12555, -0.938502], [-0.396847, 0.88204, -0.254003], [-0.859686, -0.454139, -0.233875]], [[0.32164, -0.12555, -0.938502], [0.507223, 0.859806, 0.0588111], [-0.799545, 0.494945, -0.340229]], [[0.32164, -0.12555, -0.938502], [0.870064, 0.430215, 0.240632], [-0.373546, 0.893953, -0.247611]]], "btipPosition": [89.492, 193.538, 75.1158], "carpPosition": [178.648, 151.948, 53.0257], "dipPosition": [95.7239, 208.452, 70.9849], "direction": [-0.799545, -0.494945, 0.340229], "extended": false, "handId": 165, "id": 1653, "length": 57.5283, "mcpPosition": [149.797, 202.577, 53.2389], "pipPosition": [115.501, 220.695, 62.5692], "stabilizedTipPosition": [106.618, 197.131, 57.2293], "timeVisible": 2.53215, "tipPosition": [91.1144, 193.111, 75.1485], "tipVelocity": [-392.417, 134.922, 552.847], "tool": false, "touchDistance": 0.333333, "touchZone": "none", "type": 3, "width": 17.2867}, {"bases": [[[0.331972, 0.893968, -0.301023], [-0.704059, 0.447203, 0.551643], [0.62777, 0.0288077, 0.777866]], [[0.393242, 0.892352, -0.221514], [-0.530365, 0.416956, 0.738146], [0.751048, -0.172787, 0.637237]], [[0.393242, 0.892352, -0.221514], [-0.902049, 0.421072, 0.0948958], [0.177954, 0.1625, 0.970529]], [[0.393242, 0.892352, -0.221514], [-0.893767, 0.314474, -0.319823], [-0.215734, 0.32375, 0.921219]]], "btipPosition": [8.31922, 71.8319, 17.4129], "carpPosition": [-27.4668, 75.5207, 95.802], "dipPosition": [12.8274, 78.5973, 36.6637], "direction": [0.177954, -0.1625, -0.970529], "extended": true, "handId": 166, "id": 1660, "length": 46.5348, "mcpPosition": [-27.4668, 75.5207, 95.802], "pipPosition": [7.40982, 83.5445, 66.2105], "stabilizedTipPosition": [9.23215, 73.2688, 21.8613], "timeVisible": 2.42808, "tipPosition": [7.7588, 66.1421, 21.0551], "tipVelocity": [14.1048, 20.3155, -5.80403], "tool": false, "touchDistance": 0.339164, "touchZone": "hovering", "type": 0, "width": 19.3647}, {"bases": [[[0.922463, 0.00785144, -0.386007], [-0.0749519, 0.984414, -0.159094], [0.378741, 0.17569, 0.908674]], [[0.996809, 0.0783595, 0.0152458], [-0.06872, 0.939485, -0.335628], [-0.0406228, 0.333509, 0.941871]], [[0.996809, 0.0783595, 0.0152458], [-0.06872, 0.939485, -0.335628], [-0.0406228, 0.333509, 0.941871]], [[0.996809, 0.0783595, 0.0152458], [-0.0646472, 0.904423, -0.421709], [-0.0468336, 0.419378, 0.906603]]], "btipPosition": [-9.43489, 55.1236, -48.4756], "carpPosition": [-32.2065, 93.5373, 84.0038], "dipPosition": [-8.72041, 61.5216, -34.6447], "direction": [-0.0406228, -0.333509, -0.941871], "extended": true, "handId": 166, "id": 1661, "length": 52.5093, "mcpPosition": [-6.28536, 81.5131, 21.8139], "pipPosition": [-7.84369, 68.7193, -14.3174], "stabilizedTipPosition": [-9.32511, 56.3455, -45.2577], "timeVisible": 2.42808, "tipPosition": [-7.26638, 61.8619, -47.0142], "tipVelocity": [14.4289, 62.6339, -12.4159], "tool": false, "touchDistance": 0.347183, "touchZone": "hovering", "type": 1, "width": 18.4971}, {"bases": [[[0.964322, -0.136419, -0.226877], [0.0904138, 0.975188, -0.202074], [0.248815, 0.174352, 0.952729]], [[0.994455, -0.0993473, -0.0344916], [0.0810901, 0.933225, -0.350023], [0.0669623, 0.345285, 0.936106]], [[0.994455, -0.0993473, -0.0344916], [0.0810901, 0.933225, -0.350023], [0.0669623, 0.345285, 0.936106]], [[0.994455, -0.0993473, -0.0344916], [0.0810901, 0.933225, -0.350023], [0.0669623, 0.345285, 0.936106]]], "btipPosition": [-20.4785, 54.3516, -62.72], "carpPosition": [-42.3332, 95.0889, 78.8798], "dipPosition": [-21.602, 60.1453, -47.0127], "direction": [0.0669623, -0.345285, -0.936106], "extended": true, "handId": 166, "id": 1662, "length": 59.8301, "mcpPosition": [-26.1842, 83.7729, 17.0441], "pipPosition": [-23.3023, 68.9124, -23.2442], "stabilizedTipPosition": [-20.8341, 55.4848, -59.1068], "timeVisible": 2.42808, "tipPosition": [-17.7488, 58.6688, -59.713], "tipVelocity": [23.9065, 50.4942, -5.22014], "tool": false, "touchDistance": 0.346397, "touchZone": "hovering", "type": 2, "width": 18.1666}, {"bases": [[[0.980848, -0.182398, -0.0683194], [0.166965, 0.96801, -0.187293], [0.100296, 0.172299, 0.979925]], [[0.963306, -0.200646, -0.178274], [0.144441, 0.947355, -0.285755], [0.226225, 0.24952, 0.941574]], [[0.963306, -0.200646, -0.178274], [0.134322, 0.935427, -0.327007], [0.232375, 0.291061, 0.928054]], [[0.963306, -0.200646, -0.178274], [0.117277, 0.912094, -0.39285], [0.241427, 0.357527, 0.902157]]], "btipPosition": [-28.5406, 61.0624, -57.2694], "carpPosition": [-53.1858, 94.2213, 75.4033], "dipPosition": [-32.5683, 67.027, -42.2188], "direction": [0.232375, -0.291061, -0.928054], "extended": true, "handId": 166, "id": 1663, "length": 57.5283, "mcpPosition": [-47.3413, 84.1809, 18.3004], "pipPosition": [-38.3161, 74.2265, -19.2632], "stabilizedTipPosition": [-29.5254, 62.1849, -53.812], "timeVisible": 2.42808, "tipPosition": [-31.036, 61.9187, -53.7898], "tipVelocity": [11.9112, 51.8281, -5.61384], "tool": false, "touchDistance": 0.341252, "touchZone": "hovering", "type": 3, "width": 17.2867}, {"bases": [[[0.944703, -0.318649, 0.0774472], [0.325691, 0.939251, -0.108324], [-0.0382248, 0.127558, 0.991094]], [[0.914259, -0.342061, -0.217082], [0.321888, 0.938693, -0.123462], [0.246005, 0.0430001, 0.968314]], [[0.914259, -0.342061, -0.217082], [0.293875, 0.928784, -0.225825], [0.278869, 0.142667, 0.949673]], [[0.914259, -0.342061, -0.217082], [0.263861, 0.90936, -0.321624], [0.307421, 0.236768, 0.921647]]], "btipPosition": [-49.2632, 73.0906, -39.6192], "carpPosition": [-64.5698, 87.4646, 75.1847], "dipPosition": [-53.9946, 76.7347, -25.4344], "direction": [0.278869, -0.142667, -0.949673], "extended": true, "handId": 166, "id": 1664, "length": 45.1011, "mcpPosition": [-66.6318, 80.5838, 21.7227], "pipPosition": [-58.8648, 79.2262, -8.84921], "stabilizedTipPosition": [-50.3795, 73.7942, -36.3658], "timeVisible": 2.42808, "tipPosition": [-50.3829, 70.6743, -35.5504], "tipVelocity": [9.33455, 40.2254, -0.286752], "tool": false, "touchDistance": 0.335071, "touchZone": "hovering", "type": 4, "width": 15.3554}], "r": [[-0.845362, -0.533868, -0.0186575], [0.529002, -0.831777, -0.168239], [0.0742986, -0.152093, 0.98557]], "s": 9.12097, "t": [-904.081, -720.874, 1460.67], "timestamp": 18051936497}, {"currentFrameRate": 115.126, "devices": [], "gestures": [], "hands": [{"armBasis": [[-0.0925522, -0.440097, -0.893168], [-0.689414, 0.675547, -0.261428], [-0.71843, -0.591567, 0.365932]], "armWidth": 60.4287, "confidence": 1, "direction": [-0.24862, 0.960094, 0.12809], "elbow": [351.155, -28.8096, 146.927], "grabAngle": 2.05618, "grabStrength": 0.577109, "id": 165, "palmNormal": [-0.892378, -0.278464, 0.355133], "palmPosition": [146.758, 183.615, 66.8495], "palmVelocity": [-918.096, -58.5713, -267.883], "palmWidth": 84.6462, "pinchDistance": 59.7085, "pinchStrength": 0.435328, "r": [[0.912334, 0.0806145, 0.401432], [-0.312628, 0.770276, 0.555823], [-0.264406, -0.632595, 0.727951]], "s": 1.11134, "sphereCenter": [92.7383, 188.632, 71.6363], "sphereRadius": 51.7225, "stabilizedPalmPosition": [148.996, 184.038, 67.4801], "t": [-44.6476, 49.6611, 121.297], "timeVisible": 2.54121, "type": "right", "wrist": [170.703, 119.777, 55.0133]}, {"armBasis": [[0.915542, 0.287621, -0.281172], [0.215615, 0.239173, 0.946735], [0.339549, -0.9274, 0.156957]], "armWidth": 60.4287, "confidence": 1, "direction": [0.223576, -0.024907, -0.974368], "elbow": [-144.767, -158.624, 140.656], "grabAngle": 0.211883, "grabStrength": 0, "id": 166, "palmNormal": [-0.0127298, -0.999663, 0.0226326], "palmPosition": [-34.1024, 80.6732, 39.3235], "palmVelocity": [16.2104, 30.3738, 7.55788], "palmWidth": 84.6462, "pinchDistance": 60.3954, "pinchStrength": 0, "r": [[0.976187, 0.0689633, 0.205679], [0.0314015, 0.893217, -0.448528], [-0.214648, 0.444306, 0.869781]], "s": 1.09767, "sphereCenter": [10.9969, -89.8032, 45.7019], "sphereRadius": 180.506, "stabilizedPalmPosition": [-34.2287, 80.4675, 39.2729], "t": [3.68255, -66.5083, 82.8804], "timeVisible": 2.43714, "type": "left", "wrist": [-59.4804, 74.316, 101.232]}], "id": 111798, "interactionBox": {"center": [0, 200, 0], "size": [235.247, 235.247, 147.751]}, "pointables": [{"bases": [[[-0.598098, 0.446878, -0.665266], [-0.799221, -0.271092, 0.536428], [-0.0593703, -0.852531, -0.519294]], [[-0.521503, 0.756477, -0.394687], [-0.758394, -0.198989, 0.620679], [-0.390991, -0.623014, -0.677481]], [[-0.521503, 0.756477, -0.394687], [-0.612374, -0.00971796, 0.790508], [-0.594166, -0.653948, -0.468315]], [[-0.521503, 0.756477, -0.394687], [-0.464911, 0.135949, 0.874857], [-0.715467, -0.639735, -0.280797]]], "btipPosition": [110.781, 192.353, 131.725], "carpPosition": [161.977, 130.144, 80.1394], "dipPosition": [125.732, 178.984, 125.857], "direction": [-0.594166, 0.653948, 0.468315], "extended": false, "handId": 165, "id": 1650, "length": 46.5348, "mcpPosition": [161.977, 130.144, 80.1394], "pipPosition": [143.821, 159.075, 111.6], "stabilizedTipPosition": [109.909, 181.824, 124.164], "timeVisible": 2.54121, "tipPosition": [121.533, 187.03, 139.27], "tipVelocity": [233.774, 566.594, -11.3791], "tool": false, "touchDistance": 1, "touchZone": "none", "type": 0, "width": 19.3647}, {"bases": [[[0.413027, 0.186844, -0.891346], [-0.855529, 0.415134, -0.30941], [-0.312217, -0.890367, -0.331312]], [[0.369254, 0.0703111, -0.926665], [-0.832292, 0.468637, -0.296091], [-0.413451, -0.880588, -0.231566]], [[0.369254, 0.0703111, -0.926665], [-0.330401, 0.94192, -0.0601885], [-0.868612, -0.328396, -0.371039]], [[0.369254, 0.0703111, -0.926665], [0.0796805, 0.991067, 0.106948], [-0.925906, 0.113328, -0.360353]]], "btipPosition": [102.809, 245.038, 113.07], "carpPosition": [172.909, 144.962, 68.0067], "dipPosition": [116.934, 246.767, 107.573], "direction": [-0.868612, 0.328396, 0.371039], "extended": true, "handId": 165, "id": 1651, "length": 52.5093, "mcpPosition": [151.541, 205.899, 90.6818], "pipPosition": [135.68, 239.679, 99.5649], "stabilizedTipPosition": [103.559, 219.24, 86.0694], "timeVisible": 2.54121, "tipPosition": [102.454, 233.038, 111.759], "tipVelocity": [736.78, 1358.23, 714.409], "tool": false, "touchDistance": 0.696761, "touchZone": "none", "type": 1, "width": 18.4971}, {"bases": [[[0.506803, -0.00869196, -0.862018], [-0.780032, 0.421098, -0.462847], [-0.367017, -0.906974, -0.206633]], [[0.475966, -0.0808899, -0.875736], [-0.449754, 0.833315, -0.321415], [-0.755763, -0.546848, -0.360249]], [[0.475966, -0.0808899, -0.875736], [0.394919, 0.90938, 0.130642], [-0.785809, 0.408026, -0.464779]], [[0.475966, -0.0808899, -0.875736], [0.7606, 0.537771, 0.363717], [-0.441524, 0.839202, -0.317486]]], "btipPosition": [85.7041, 206.184, 103.642], "carpPosition": [169.412, 148.224, 57.5979], "dipPosition": [93.1127, 220.266, 98.3149], "direction": [-0.785809, -0.408026, 0.464779], "extended": false, "handId": 165, "id": 1652, "length": 59.8301, "mcpPosition": [145.592, 207.09, 71.0092], "pipPosition": [113.065, 230.626, 86.5137], "stabilizedTipPosition": [102.726, 205.935, 67.6087], "timeVisible": 2.54121, "tipPosition": [87.8149, 206.751, 104.71], "tipVelocity": [-38.6908, 1017.92, 1073.33], "tool": false, "touchDistance": 0.54028, "touchZone": "none", "type": 2, "width": 18.1667}, {"bases": [[[0.50462, -0.173785, -0.84567], [-0.753132, 0.390274, -0.529602], [-0.42208, -0.904149, -0.0660566]], [[0.519674, -0.140703, -0.842699], [-0.394271, 0.835543, -0.382647], [-0.757951, -0.531104, -0.378734]], [[0.519674, -0.140703, -0.842699], [0.442333, 0.88817, 0.124481], [-0.730945, 0.437443, -0.523796]], [[0.519674, -0.140703, -0.842699], [0.813586, 0.382588, 0.437841], [-0.260801, 0.913143, -0.313295]]], "btipPosition": [86.7574, 196.992, 84.7063], "carpPosition": [164.022, 149.17, 47.5647], "dipPosition": [91.1083, 212.226, 79.4796], "direction": [-0.730945, -0.437443, 0.523796], "extended": false, "handId": 165, "id": 1653, "length": 57.5283, "mcpPosition": [139.426, 201.858, 51.414], "pipPosition": [109.188, 223.046, 66.5234], "stabilizedTipPosition": [103.652, 197.66, 61.3611], "timeVisible": 2.54121, "tipPosition": [86.5024, 198.04, 85.4296], "tipVelocity": [-349.547, 389.229, 1030.62], "tool": false, "touchDistance": 0.333333, "touchZone": "none", "type": 3, "width": 17.2867}, {"bases": [[[0.569833, -0.339342, -0.748423], [-0.699788, 0.27707, -0.658429], [-0.430798, -0.898932, 0.0795841]], [[0.591303, -0.292505, -0.751533], [-0.229697, 0.832217, -0.504633], [-0.773046, -0.471016, -0.424905]], [[0.591303, -0.292505, -0.751533], [0.610178, 0.771599, 0.179771], [-0.527298, 0.564868, -0.634729]], [[0.591303, -0.292505, -0.751533], [0.799924, 0.331041, 0.500532], [-0.10238, 0.897136, -0.429728]]], "btipPosition": [95.7651, 185.122, 66.3393], "carpPosition": [154.195, 145.432, 39.5182], "dipPosition": [97.3408, 198.929, 59.7254], "direction": [-0.527298, -0.564868, 0.634729], "extended": false, "handId": 165, "id": 1654, "length": 45.1011, "mcpPosition": [130.956, 193.923, 35.2253], "pipPosition": [106.55, 208.794, 48.6405], "stabilizedTipPosition": [101.727, 186.869, 60.5583], "timeVisible": 2.54121, "tipPosition": [98.0593, 183.899, 65.0531], "tipVelocity": [-1031.58, 321.866, 886.091], "tool": false, "touchDistance": 0.333333, "touchZone": "none", "type": 4, "width": 15.3554}, {"bases": [[[0.337165, 0.89222, -0.300438], [-0.702794, 0.450873, 0.550267], [0.626418, 0.0256151, 0.779066]], [[0.39656, 0.890474, -0.223148], [-0.53107, 0.420805, 0.735451], [0.748802, -0.173143, 0.639778]], [[0.39656, 0.890474, -0.223148], [-0.901176, 0.423948, 0.0902738], [0.17499, 0.165297, 0.970595]], [[0.39656, 0.890474, -0.223148], [-0.89154, 0.315625, -0.324864], [-0.218852, 0.327774, 0.919058]]], "btipPosition": [8.33994, 71.9933, 17.3937], "carpPosition": [-27.1864, 75.8349, 95.8577], "dipPosition": [12.9133, 78.8429, 36.5993], "direction": [0.17499, -0.165297, -0.970595], "extended": true, "handId": 166, "id": 1660, "length": 46.5348, "mcpPosition": [-27.1864, 75.8349, 95.8577], "pipPosition": [7.58593, 83.8752, 66.1482], "stabilizedTipPosition": [9.29901, 73.3944, 21.8402], "timeVisible": 2.43714, "tipPosition": [7.97578, 66.7863, 21.0609], "tipVelocity": [3.94065, 19.9531, -3.26442], "tool": false, "touchDistance": 0.338138, "touchZone": "hovering", "type": 0, "width": 19.3647}, {"bases": [[[0.923229, 0.00305724, -0.384238], [-0.0695576, 0.984778, -0.159294], [0.377902, 0.173792, 0.909388]], [[0.997157, 0.0732741, 0.0175706], [-0.0632396, 0.940594, -0.333591], [-0.0409704, 0.331532, 0.942554]], [[0.997157, 0.0732741, 0.0175706], [-0.0632396, 0.940594, -0.333591], [-0.0409704, 0.331532, 0.942554]], [[0.997157, 0.0732741, 0.0175706], [-0.0594523, 0.908335, -0.413997], [-0.0462952, 0.411775, 0.910109]]], "btipPosition": [-9.34022, 55.7767, -48.5552], "carpPosition": [-32.0418, 93.826, 84.0675], "dipPosition": [-8.63396, 62.0586, -34.6708], "direction": [-0.0409704, -0.331532, -0.942554], "extended": true, "handId": 166, "id": 1661, "length": 52.5093, "mcpPosition": [-6.17807, 81.9316, 21.8287], "pipPosition": [-7.74974, 69.2137, -14.3288], "stabilizedTipPosition": [-9.22662, 56.9311, -45.3273], "timeVisible": 2.43714, "tipPosition": [-7.22133, 62.1899, -46.9699], "tipVelocity": [10.2388, 69.1299, -7.4269], "tool": false, "touchDistance": 0.344789, "touchZone": "hovering", "type": 1, "width": 18.4971}, {"bases": [[[0.964037, -0.141417, -0.225021], [0.0958403, 0.974694, -0.201957], [0.247886, 0.173128, 0.953194]], [[0.993917, -0.104765, -0.0339494], [0.0863964, 0.932926, -0.349549], [0.0682927, 0.34449, 0.936303]], [[0.993917, -0.104765, -0.0339494], [0.0863964, 0.932926, -0.349549], [0.0682927, 0.34449, 0.936303]], [[0.993917, -0.104765, -0.0339494], [0.0863964, 0.932926, -0.349549], [0.0682927, 0.34449, 0.936303]]], "btipPosition": [-20.2783, 54.7348, -62.684], "carpPosition": [-42.1862, 95.3249, 78.9629], "dipPosition": [-21.4242, 60.5151, -46.9734], "direction": [0.0682927, -0.34449, -0.936303], "extended": true, "handId": 166, "id": 1662, "length": 59.8301, "mcpPosition": [-26.0975, 84.0882, 17.097], "pipPosition": [-23.1583, 69.262, -23.1998], "stabilizedTipPosition": [-20.6428, 55.8643, -59.0831], "timeVisible": 2.43714, "tipPosition": [-17.7016, 59, -59.6701], "tipVelocity": [21.5193, 41.9463, 4.06157], "tool": false, "touchDistance": 0.345643, "touchZone": "hovering", "type": 2, "width": 18.1667}, {"bases": [[[0.980022, -0.18747, -0.0664286], [0.172325, 0.967122, -0.187029], [0.0993068, 0.171845, 0.980106]], [[0.962589, -0.20564, -0.176451], [0.149766, 0.946453, -0.286002], [0.225816, 0.248876, 0.941843]], [[0.962589, -0.20564, -0.176451], [0.139839, 0.934777, -0.326553], [0.232095, 0.289662, 0.928562]], [[0.962589, -0.20564, -0.176451], [0.125099, 0.914902, -0.383802], [0.24036, 0.34737, 0.9064]]], "btipPosition": [-28.4943, 61.4982, -57.2701], "carpPosition": [-53.0408, 94.4009, 75.5072], "dipPosition": [-32.5042, 67.2934, -42.1487], "direction": [0.232095, -0.289662, -0.928562], "extended": true, "handId": 166, "id": 1663, "length": 57.5283, "mcpPosition": [-47.2539, 84.387, 18.3938], "pipPosition": [-38.2451, 74.4582, -19.1806], "stabilizedTipPosition": [-29.4612, 62.5661, -53.8003], "timeVisible": 2.43714, "tipPosition": [-30.9604, 62.2091, -53.7267], "tipVelocity": [5.56528, 43.798, 1.71965], "tool": false, "touchDistance": 0.340694, "touchZone": "hovering", "type": 3, "width": 17.2867}, {"bases": [[[0.942894, -0.323523, 0.0792762], [0.330748, 0.937547, -0.107754], [-0.0394643, 0.127821, 0.991012]], [[0.912924, -0.346793, -0.215183], [0.326707, 0.936962, -0.123957], [0.244605, 0.0428615, 0.968675]], [[0.912924, -0.346793, -0.215183], [0.299409, 0.92738, -0.224324], [0.27735, 0.140363, 0.95046]], [[0.912924, -0.346793, -0.215183], [0.271383, 0.909608, -0.314587], [0.304829, 0.228797, 0.924517]]], "btipPosition": [-49.261, 73.3646, -39.558], "carpPosition": [-64.3902, 87.5855, 75.3108], "dipPosition": [-53.9526, 76.8859, -25.329], "direction": [0.27735, -0.140363, -0.95046], "extended": true, "handId": 166, "id": 1664, "length": 45.1011, "mcpPosition": [-66.519, 80.6905, 21.8532], "pipPosition": [-58.7962, 79.3372, -8.73005], "stabilizedTipPosition": [-50.3535, 74.0453, -36.3127], "timeVisible": 2.43714, "tipPosition": [-50.3289, 70.8765, -35.4542], "tipVelocity": [1.2523, 27.1189, 7.87837], "tool": false, "touchDistance": 0.335968, "touchZone": "hovering", "type": 4, "width": 15.3554}], "r": [[-0.849754, -0.527023, -0.0128391], [0.520773, -0.835394, -0.175818], [0.0819346, -0.156089, 0.984339]], "s": 9.1333, "t": [-904.131, -719.814, 1460.93], "timestamp": 18051945558}, {"currentFrameRate": 105.958, "devices": [], "gestures": [], "hands": [{"armBasis": [[0.149806, -0.583767, -0.797981], [-0.59726, 0.58976, -0.543566], [-0.787933, -0.558032, 0.260311]], "armWidth": 60.4288, "confidence": 1, "direction": [-0.0286692, 0.993848, 0.106974], "elbow": [337.51, -24.8741, 111.361], "grabAngle": 2.05114, "grabStrength": 0.502021, "id": 165, "palmNormal": [-0.711798, -0.0954339, 0.695871], "palmPosition": [130.954, 182.149, 57.433], "palmVelocity": [-615.847, -57.1375, -366.942], "palmWidth": 84.6462, "pinchDistance": 61.4873, "pinchStrength": 0.558448, "r": [[0.83405, 0.145259, 0.532221], [-0.434108, 0.768142, 0.470647], [-0.340456, -0.623585, 0.703727]], "s": 1.11973, "sphereCenter": [87.5906, 197.9, 81.5936], "sphereRadius": 49.921, "stabilizedPalmPosition": [131.479, 182.204, 57.725], "t": [-55.5972, 48.5237, 115.788], "timeVisible": 2.56688, "type": "right", "wrist": [139.6, 115.29, 45.9771]}, {"armBasis": [[0.919266, 0.287325, -0.269064], [0.205494, 0.232715, 0.950587], [0.335743, -0.929133, 0.154883]], "armWidth": 60.4288, "confidence": 1, "direction": [0.207422, 0.00770542, -0.978221], "elbow": [-142.159, -157.125, 140.291], "grabAngle": 0.243661, "grabStrength": 0, "id": 166, "palmNormal": [0.0172593, -0.999842, -0.00421606], "palmPosition": [-33.44, 84.7432, 39.1752], "palmVelocity": [25.8115, 158.601, -5.77907], "palmWidth": 84.6462, "pinchDistance": 59.7326, "pinchStrength": 0, "r": [[0.975886, 0.060599, 0.209701], [0.0396097, 0.89558, -0.443135], [-0.214657, 0.440755, 0.871583]], "s": 1.09407, "sphereCenter": [15.4535, -89.471, 40.7968], "sphereRadius": 184.883, "stabilizedPalmPosition": [-33.5351, 84.2277, 39.1869], "t": [4.07278, -64.3769, 82.8296], "timeVisible": 2.4628, "type": "left", "wrist": [-57.8288, 76.2502, 101.388]}], "id": 111799, "interactionBox": {"center": [0, 200, 0], "size": [235.247, 235.247, 147.751]}, "pointables": [{"bases": [[[-0.348655, 0.301903, -0.887296], [-0.894318, -0.390409, 0.218577], [0.280419, -0.869733, -0.406115]], [[-0.431423, 0.622917, -0.65257], [-0.901786, -0.277218, 0.331562], [-0.0256317, -0.731522, -0.681336]], [[-0.431423, 0.622917, -0.65257], [-0.834132, 0.000114787, 0.551565], [-0.343655, -0.782288, -0.519546]], [[-0.431423, 0.622917, -0.65257], [-0.678052, 0.253247, 0.690008], [-0.595079, -0.740162, -0.313114]]], "btipPosition": [117.742, 200.645, 123.711], "carpPosition": [141.83, 127.392, 69.7113], "dipPosition": [130.178, 185.178, 117.168], "direction": [-0.343655, 0.782288, 0.519546], "extended": false, "handId": 165, "id": 1650, "length": 46.5348, "mcpPosition": [141.83, 127.392, 69.7113], "pipPosition": [140.64, 161.362, 101.351], "stabilizedTipPosition": [114.695, 188.654, 123.288], "timeVisible": 2.56688, "tipPosition": [130.435, 194.721, 128.737], "tipVelocity": [248.735, 304.322, -318.345], "tool": false, "touchDistance": 0.8701, "touchZone": "none", "type": 0, "width": 19.3647}, {"bases": [[[0.69665, 0.222265, -0.682112], [-0.71721, 0.238313, -0.654841], [-0.0170081, -0.945413, -0.325432]], [[0.690792, 0.119424, -0.713123], [-0.716721, 0.243343, -0.653525], [-0.0954868, -0.96256, -0.253694]], [[0.690792, 0.119424, -0.713123], [-0.486015, 0.806919, -0.335664], [-0.535346, -0.578462, -0.615456]], [[0.690792, 0.119424, -0.713123], [-0.2507, 0.964645, -0.0813039], [-0.6782, -0.234944, -0.696308]]], "btipPosition": [122.5, 257.14, 108.7], "carpPosition": [149.227, 139.443, 52.7898], "dipPosition": [132.846, 253.556, 98.0771], "direction": [-0.535346, 0.578462, 0.615456], "extended": true, "handId": 165, "id": 1651, "length": 52.5093, "mcpPosition": [148.063, 204.147, 75.0625], "pipPosition": [144.4, 241.072, 84.7945], "stabilizedTipPosition": [115.847, 240.609, 97.7045], "timeVisible": 2.56688, "tipPosition": [118.634, 245.32, 108.96], "tipVelocity": [733.456, 423.998, -216.236], "tool": false, "touchDistance": 0.604277, "touchZone": "none", "type": 1, "width": 18.4972}, {"bases": [[[0.799938, 0.0485879, -0.598112], [-0.589307, 0.251645, -0.767719], [-0.11321, -0.966599, -0.229934]], [[0.790106, -0.0188763, -0.612679], [-0.444639, 0.670368, -0.594057], [-0.421934, -0.741789, -0.521269]], [[0.790106, -0.0188763, -0.612679], [0.118971, 0.985241, 0.123069], [-0.601313, 0.170128, -0.780691]], [[0.790106, -0.0188763, -0.612679], [0.433937, 0.723177, 0.537321], [-0.432933, 0.690405, -0.579578]]], "btipPosition": [94.4201, 221.614, 111.107], "carpPosition": [142.459, 142.857, 44.2018], "dipPosition": [101.684, 233.198, 101.382], "direction": [-0.601313, -0.170128, 0.780691], "extended": false, "handId": 165, "id": 1652, "length": 59.8302, "mcpPosition": [135.112, 205.593, 59.1253], "pipPosition": [116.952, 237.518, 81.5598], "stabilizedTipPosition": [100.343, 212.524, 82.4308], "timeVisible": 2.56688, "tipPosition": [95.9748, 219.022, 111.261], "tipVelocity": [338.351, 578.871, 251.487], "tool": false, "touchDistance": 0.647841, "touchZone": "none", "type": 2, "width": 18.1667}, {"bases": [[[0.816693, -0.113294, -0.565843], [-0.533957, 0.223532, -0.815428], [-0.218867, -0.96809, -0.122063]], [[0.827412, -0.0603392, -0.558345], [-0.338183, 0.740205, -0.581145], [-0.448355, -0.669669, -0.592048]], [[0.827412, -0.0603392, -0.558345], [0.255486, 0.925816, 0.278554], [-0.500117, 0.373128, -0.781446]], [[0.827412, -0.0603392, -0.558345], [0.506666, 0.509047, 0.695817], [-0.242239, 0.858621, -0.451763]]], "btipPosition": [86.7166, 203.933, 94.5305], "carpPosition": [133.769, 144.358, 36.9322], "dipPosition": [90.7579, 218.258, 86.9938], "direction": [-0.500117, -0.373128, 0.781446], "extended": false, "handId": 165, "id": 1653, "length": 57.5283, "mcpPosition": [121.015, 200.771, 44.0451], "pipPosition": [103.128, 227.487, 67.6646], "stabilizedTipPosition": [98.8667, 200.521, 70.7596], "timeVisible": 2.56688, "tipPosition": [86.1699, 207.953, 95.2587], "tipVelocity": [-4.36306, 262.351, 362.13], "tool": false, "touchDistance": 0.379952, "touchZone": "none", "type": 3, "width": 17.2867}, {"bases": [[[0.862796, -0.259945, -0.433604], [-0.417656, 0.116777, -0.90107], [-0.284863, -0.958536, 0.00781287]], [[0.878693, -0.200454, -0.433263], [-0.135172, 0.765958, -0.62852], [-0.45785, -0.610841, -0.645946]], [[0.878693, -0.200454, -0.433263], [0.389702, 0.825401, 0.408468], [-0.275737, 0.527761, -0.803391]], [[0.878693, -0.200454, -0.433263], [0.477293, 0.350811, 0.805682], [0.00950866, 0.91474, -0.40393]]], "btipPosition": [86.6332, 189.848, 73.9069], "carpPosition": [121.124, 142.152, 33.687], "dipPosition": [86.4869, 203.927, 67.6901], "direction": [-0.275737, -0.527762, 0.803391], "extended": false, "handId": 165, "id": 1654, "length": 45.1011, "mcpPosition": [105.758, 193.858, 33.2656], "pipPosition": [91.3024, 213.144, 53.6596], "stabilizedTipPosition": [88.7538, 192.201, 70.7797], "timeVisible": 2.56688, "tipPosition": [86.2365, 191.656, 73.8835], "tipVelocity": [-371.286, 186.628, 298.454], "tool": false, "touchDistance": 0.333333, "touchZone": "none", "type": 4, "width": 15.3554}, {"bases": [[[0.368547, 0.889347, -0.270618], [-0.6985, 0.45702, 0.550663], [0.613409, -0.0139184, 0.789643]], [[0.424639, 0.884091, -0.195104], [-0.544008, 0.421416, 0.725578], [0.723697, -0.201971, 0.659902]], [[0.424639, 0.884091, -0.195104], [-0.890989, 0.446326, 0.0832592], [0.160689, 0.13848, 0.977242]], [[0.424639, 0.884091, -0.195104], [-0.881072, 0.353953, -0.313734], [-0.208311, 0.305124, 0.92925]]], "btipPosition": [8.73299, 77.4023, 15.6229], "carpPosition": [-25.4125, 78.6154, 95.4368], "dipPosition": [13.0861, 83.7785, 35.0416], "direction": [0.160689, -0.13848, -0.977242], "extended": true, "handId": 166, "id": 1660, "length": 46.5348, "mcpPosition": [-25.4125, 78.6154, 95.4368], "pipPosition": [8.19409, 87.9944, 64.7927], "stabilizedTipPosition": [9.66032, 77.9394, 20.3865], "timeVisible": 2.4628, "tipPosition": [8.76902, 72.9748, 19.8692], "tipVelocity": [13.3421, 206.533, -67.0944], "tool": false, "touchDistance": 0.31173, "touchZone": "hovering", "type": 0, "width": 19.3647}, {"bases": [[[0.929387, -0.0144879, -0.368821], [-0.037625, 0.990306, -0.133712], [0.367183, 0.138147, 0.919833]], [[0.998343, 0.04308, 0.038139], [-0.0298366, 0.954402, -0.29703], [-0.0491959, 0.2954, 0.954106]], [[0.998343, 0.04308, 0.038139], [-0.0298366, 0.954402, -0.29703], [-0.0491959, 0.2954, 0.954106]], [[0.998343, 0.04308, 0.038139], [-0.0228592, 0.905284, -0.424192], [-0.0528008, 0.422618, 0.904769]]], "btipPosition": [-9.62469, 63.1499, -49.7297], "carpPosition": [-31.0004, 96.7592, 84.2189], "dipPosition": [-8.81917, 69.5972, -35.9268], "direction": [-0.0491959, -0.2954, -0.954106], "extended": true, "handId": 166, "id": 1661, "length": 52.5093, "mcpPosition": [-5.87022, 87.3044, 21.2652], "pipPosition": [-7.75744, 75.9725, -15.3354], "stabilizedTipPosition": [-9.43474, 64.4636, -46.528], "timeVisible": 2.4628, "tipPosition": [-7.55725, 69.2625, -47.9816], "tipVelocity": [-10.1955, 288.802, -46.4985], "tool": false, "touchDistance": 0.326463, "touchZone": "hovering", "type": 1, "width": 18.4972}, {"bases": [[[0.963156, -0.1643, -0.212923], [0.128111, 0.976392, -0.173913], [0.23647, 0.140228, 0.961467]], [[0.990772, -0.133824, -0.0214796], [0.120302, 0.941293, -0.315429], [0.0624306, 0.309934, 0.948706]], [[0.990772, -0.133824, -0.0214796], [0.120302, 0.941293, -0.315429], [0.0624306, 0.309934, 0.948706]], [[0.990772, -0.133824, -0.0214796], [0.117159, 0.92529, -0.36071], [0.0681465, 0.354865, 0.932431]]], "btipPosition": [-20.5077, 61.8233, -63.6439], "carpPosition": [-41.271, 98.0876, 79.3237], "dipPosition": [-21.6511, 67.7777, -47.9982], "direction": [0.0624306, -0.309934, -0.948706], "extended": true, "handId": 166, "id": 1662, "length": 59.8302, "mcpPosition": [-25.9232, 88.9863, 16.9209], "pipPosition": [-23.2363, 75.6472, -23.9097], "stabilizedTipPosition": [-20.7676, 63.0211, -60.0228], "timeVisible": 2.4628, "tipPosition": [-18.1248, 66.1923, -60.621], "tipVelocity": [-8.91393, 277.787, -37.9867], "tool": false, "touchDistance": 0.330086, "touchZone": "hovering", "type": 2, "width": 18.1667}, {"bases": [[[0.97504, -0.215007, -0.0553943], [0.20407, 0.966131, -0.157943], [0.0874771, 0.142696, 0.985893]], [[0.958519, -0.229987, -0.168368], [0.182597, 0.949045, -0.25685], [0.21886, 0.215452, 0.951673]], [[0.958519, -0.229987, -0.168368], [0.170688, 0.936231, -0.307143], [0.22827, 0.265664, 0.936651]], [[0.958519, -0.229987, -0.168368], [0.150709, 0.910321, -0.38549], [0.241926, 0.344124, 0.907221]]], "btipPosition": [-28.6401, 67.7069, -57.6978], "carpPosition": [-52.1513, 96.9299, 76.0228], "dipPosition": [-32.6762, 73.448, -42.5626], "direction": [0.22827, -0.265664, -0.936651], "extended": true, "handId": 166, "id": 1663, "length": 57.5283, "mcpPosition": [-47.0538, 88.6145, 18.5721], "pipPosition": [-38.3224, 80.0192, -19.3944], "stabilizedTipPosition": [-29.5646, 68.7982, -54.2019], "timeVisible": 2.4628, "tipPosition": [-31.2828, 68.8659, -54.373], "tipVelocity": [-5.91732, 241.457, -16.5405], "tool": false, "touchDistance": 0.333591, "touchZone": "hovering", "type": 3, "width": 17.2867}, {"bases": [[[0.9314, -0.353704, 0.0859478], [0.360161, 0.929714, -0.0769101], [-0.0527034, 0.102589, 0.993327]], [[0.905955, -0.368239, -0.208914], [0.355273, 0.929618, -0.0979384], [0.230275, 0.0145063, 0.973017]], [[0.905955, -0.368239, -0.208914], [0.326274, 0.92171, -0.209753], [0.269797, 0.121864, 0.955175]], [[0.905955, -0.368239, -0.208914], [0.298353, 0.905393, -0.302073], [0.300385, 0.211335, 0.930111]]], "btipPosition": [-49.5334, 78.4113, -39.471], "carpPosition": [-63.2957, 89.7841, 75.8283], "dipPosition": [-54.1566, 81.6639, -25.1558], "direction": [0.269797, -0.121864, -0.955175], "extended": true, "handId": 166, "id": 1664, "length": 45.1011, "mcpPosition": [-66.1386, 84.2502, 22.2458], "pipPosition": [-58.8683, 83.7922, -8.4746], "stabilizedTipPosition": [-50.5885, 78.9858, -36.183], "timeVisible": 2.4628, "tipPosition": [-50.6509, 76.566, -35.5898], "tipVelocity": [-10.0013, 194.254, 4.1623], "tool": false, "touchDistance": 0.337307, "touchZone": "hovering", "type": 4, "width": 15.3554}], "r": [[-0.851854, -0.523676, -0.0103992], [0.516749, -0.837013, -0.179943], [0.0855274, -0.158659, 0.983622]], "s": 9.14854, "t": [-904.089, -715.818, 1460.72], "timestamp": 18051971220}, {"currentFrameRate": 106.324, "devices": [], "gestures": [], "hands": [{"armBasis": [[0.333136, -0.625042, -0.705934], [-0.531955, 0.493572, -0.688049], [-0.778489, -0.604739, 0.168067]], "armWidth": 60.4288, "confidence": 1, "direction": [0.0118128, 0.9913, 0.131094], "elbow": [326.761, -38.0935, 83.3652], "grabAngle": 1.99632, "grabStrength": 0.401408, "id": 165, "palmNormal": [-0.57667, -0.10035, 0.810791], "palmPosition": [126.594, 180.702, 54.6206], "palmVelocity": [-499.426, -165.742, -322.127], "palmWidth": 84.6462, "pinchDistance": 63.7845, "pinchStrength": 0.596782, "r": [[0.731254, 0.196734, 0.653118], [-0.537877, 0.755146, 0.374758], [-0.419472, -0.62534, 0.658022]], "s": 1.14637, "sphereCenter": [91.881, 196.124, 88.0857], "sphereRadius": 48.808, "stabilizedPalmPosition": [128.237, 181.207, 55.6649], "t": [-63.2522, 47.2314, 111.627], "timeVisible": 2.57561, "type": "right", "wrist": [131.224, 113.802, 41.1508]}, {"armBasis": [[0.919493, 0.279493, -0.276436], [0.214632, 0.232205, 0.948691], [0.329342, -0.931646, 0.153523]], "armWidth": 60.4288, "confidence": 1, "direction": [0.219658, -0.00458578, -0.975566], "elbow": [-141.439, -156.019, 140.701], "grabAngle": 0.208401, "grabStrength": 0, "id": 166, "palmNormal": [0.00327991, -0.99998, 0.00543904], "palmPosition": [-33.6816, 85.7061, 40.1742], "palmVelocity": [-27.665, 110.277, 114.429], "palmWidth": 84.6462, "pinchDistance": 59.6297, "pinchStrength": 0, "r": [[0.975971, 0.056999, 0.210314], [0.0425722, 0.896703, -0.440581], [-0.213702, 0.438948, 0.872729]], "s": 1.09136, "sphereCenter": [11.6743, -89.9123, 43.6329], "sphereRadius": 185.419, "stabilizedPalmPosition": [-33.5982, 84.8645, 39.6123], "t": [4.14712, -62.8298, 83.3038], "timeVisible": 2.47153, "type": "left", "wrist": [-58.7159, 77.9878, 102.14]}], "id": 111800, "interactionBox": {"center": [0, 200, 0], "size": [235.247, 235.247, 147.751]}, "pointables": [{"bases": [[[-0.189379, 0.317465, -0.929167], [-0.910714, -0.41054, 0.0453503], [0.367063, -0.854794, -0.366868]], [[-0.317583, 0.625811, -0.712391], [-0.945453, -0.266444, 0.18742], [0.0725229, -0.733054, -0.676293]], [[-0.317583, 0.625811, -0.712391], [-0.90572, 0.0222256, 0.423293], [-0.280735, -0.779658, -0.559751]], [[-0.317583, 0.625811, -0.712391], [-0.705923, 0.345567, 0.618269], [-0.633099, -0.699245, -0.332028]]], "btipPosition": [119.949, 197.877, 118.974], "carpPosition": [138.358, 125.488, 63.5891], "dipPosition": [133.179, 183.265, 112.035], "direction": [-0.280735, 0.779658, 0.559751], "extended": false, "handId": 165, "id": 1650, "length": 46.5348, "mcpPosition": [138.358, 125.488, 63.5891], "pipPosition": [141.726, 159.529, 94.9944], "stabilizedTipPosition": [116.174, 189.7, 122.234], "timeVisible": 2.57561, "tipPosition": [134.517, 192.403, 122.868], "tipVelocity": [273.687, -294.465, -552.969], "tool": false, "touchDistance": 0.789634, "touchZone": "none", "type": 0, "width": 19.3647}, {"bases": [[[0.803312, 0.250407, -0.540358], [-0.592363, 0.242081, -0.768442], [0.0616131, -0.937386, -0.342799]], [[0.805554, 0.161684, -0.570036], [-0.592523, 0.220683, -0.774736], [-0.000