{"frames": 87, "data": [{"currentFrameRate": 114.26, "devices": [], "gestures": [], "hands": [{"armBasis": [[0.859463, 0.0611534, -0.507528], [0.383236, 0.579969, 0.718865], [0.338311, -0.81234, 0.475025]], "armWidth": 59.2015, "confidence": 1, "direction": [0.239949, 0.597656, -0.765004], "elbow": [-151.269, -1.14048, 253.033], "grabAngle": 0.481802, "grabStrength": 0, "id": 157, "palmNormal": [0.326964, -0.791739, -0.515988], "palmPosition": [-43.5158, 238.418, 87.8438], "palmVelocity": [10.1213, -9.24596, 0.281204], "palmWidth": 82.3639, "pinchDistance": 38.3396, "pinchStrength": 0, "r": [[0.907958, 0.328042, -0.260769], [-0.313644, 0.944646, 0.0962854], [0.27792, -0.00563445, 0.960588]], "s": 1.1248, "sphereCenter": [31.2014, 141.59, 28.1578], "sphereRadius": 137.135, "stabilizedPalmPosition": [-45.6463, 237.919, 84.8616], "t": [134.845, 82.4721, 172.111], "timeVisible": 9.74745, "type": "left", "wrist": [-68.5848, 197.397, 136.936]}, {"armBasis": [[-0.551735, -0.0513579, -0.832437], [-0.716648, 0.539745, 0.441691], [-0.426619, -0.84026, 0.334602]], "armWidth": 59.2015, "confidence": 1, "direction": [-0.358371, 0.933028, -0.0320836], "elbow": [332.809, -52.2334, 142.514], "grabAngle": 2.37027, "grabStrength": 1, "id": 159, "palmNormal": [-0.822566, -0.331823, -0.46182], "palmPosition": [196.985, 214.044, 59.8463], "palmVelocity": [2.72161, 1.25287, 4.07279], "palmWidth": 82.3639, "pinchDistance": 43.6348, "pinchStrength": 0.404367, "r": [[0.265263, 0.964146, 0.00760595], [-0.908182, 0.2525, -0.33384], [-0.323791, 0.0816479, 0.942599]], "s": 0.780525, "sphereCenter": [153.947, 214.771, 38.7795], "sphereRadius": 41.9555, "stabilizedPalmPosition": [196.504, 214.595, 59.2791], "t": [-18.6147, 11.1589, 26.6763], "timeVisible": 8.98364, "type": "right", "wrist": [228.542, 153.128, 60.737]}], "id": 108606, "interactionBox": {"center": [0, 200, 0], "size": [235.247, 235.247, 147.751]}, "pointables": [{"bases": [[[-0.843469, 0.534834, 0.0501218], [-0.152376, -0.327688, 0.932417], [-0.515113, -0.778828, -0.357891]], [[-0.527402, 0.824837, 0.203692], [-0.1269, -0.313533, 0.94106], [-0.840086, -0.470468, -0.270029]], [[-0.527402, 0.824837, 0.203692], [-0.0348947, -0.260573, 0.964823], [-0.848899, -0.501742, -0.166209]], [[-0.527402, 0.824837, 0.203692], [0.075442, -0.193334, 0.978228], [-0.84626, -0.531286, -0.0397373]]], "btipPosition": [121.547, 208.247, 93.5739], "carpPosition": [202.44, 160.971, 75.5625], "dipPosition": [138.99, 197.296, 92.7548], "direction": [-0.848899, 0.501742, 0.166209], "extended": true, "handId": 159, "id": 1590, "length": 45.8996, "mcpPosition": [202.44, 160.971, 75.5625], "pipPosition": [164.481, 182.229, 87.7638], "stabilizedTipPosition": [125.565, 203.628, 93.9825], "timeVisible": 8.98364, "tipPosition": [124.669, 205.103, 92.4561], "tipVelocity": [1.66598, 0.812141, 5.27802], "tool": false, "touchDistance": 0.389758, "touchZone": "none", "type": 0, "width": 19.0265}, {"bases": [[[-0.318157, -0.0707665, -0.945393], [-0.849837, 0.463265, 0.251322], [-0.420182, -0.88339, 0.207531]], [[-0.29239, -0.0176693, -0.956136], [-0.321098, 0.943597, 0.0807553], [-0.90078, -0.330625, 0.281571]], [[-0.29239, -0.0176693, -0.956136], [0.62863, 0.749899, -0.206095], [-0.720647, 0.661316, 0.208155]], [[-0.29239, -0.0176693, -0.956136], [0.908474, 0.307096, -0.28349], [-0.298635, 0.951515, 0.0737395]]], "btipPosition": [143.737, 214.694, 28.6199], "carpPosition": [225.504, 183.386, 57.7589], "dipPosition": [148.652, 230.351, 29.8333], "direction": [-0.720647, -0.661316, -0.208155], "extended": false, "handId": 159, "id": 1593, "length": 56.743, "mcpPosition": [201.679, 233.476, 45.9915], "pipPosition": [166.234, 246.486, 34.9117], "stabilizedTipPosition": [145.418, 217.653, 28.9824], "timeVisible": 8.98364, "tipPosition": [144.628, 218.897, 28.7674], "tipVelocity": [1.44198, 7.16715, 4.44752], "tool": false, "touchDistance": 0.172774, "touchZone": "hovering", "type": 3, "width": 16.9848}, {"bases": [[[-0.21983, -0.248099, -0.943463], [-0.922738, 0.366741, 0.11856], [-0.316592, -0.896631, 0.309551]], [[-0.201543, -0.19691, -0.959483], [-0.357677, 0.92673, -0.115057], [-0.911837, -0.319996, 0.257206]], [[-0.201543, -0.19691, -0.959483], [0.692826, 0.663782, -0.281755], [-0.692367, 0.72154, -0.00264359]], [[-0.201543, -0.19691, -0.959483], [0.954105, 0.182061, -0.237777], [-0.221505, 0.963369, -0.151179]]], "btipPosition": [165.145, 210.635, 23.2505], "carpPosition": [225.447, 180.662, 45.1674], "dipPosition": [168.508, 225.26, 20.9555], "direction": [-0.692367, -0.72154, 0.00264359], "extended": false, "handId": 159, "id": 1594, "length": 44.4855, "mcpPosition": [208.83, 227.724, 28.9197], "pipPosition": [180.434, 237.689, 20.91], "stabilizedTipPosition": [167.06, 215.266, 23.1028], "timeVisible": 8.98364, "tipPosition": [165.717, 214.438, 22.4891], "tipVelocity": [-2.28624, 8.5157, 2.27425], "tool": false, "touchDistance": 0.333333, "touchZone": "none", "type": 4, "width": 15.0873}, {"bases": [[[0.613442, 0.773945, 0.157157], [-0.495769, 0.222493, 0.83947], [0.614737, -0.59288, 0.520185]], [[0.668957, 0.714254, 0.205763], [-0.391163, 0.10289, 0.914552], [0.632051, -0.692283, 0.348219]], [[0.668957, 0.714254, 0.205763], [-0.707557, 0.527091, 0.470678], [0.227727, -0.460452, 0.857977]], [[0.668957, 0.714254, 0.205763], [-0.73043, 0.682977, 0.00392307], [-0.137729, -0.15292, 0.978594]]], "btipPosition": [-4.23067, 253.356, 70.1978], "carpPosition": [-36.7893, 205.097, 131.866], "dipPosition": [-1.39181, 250.204, 90.3685], "direction": [0.227727, 0.460452, -0.857977], "extended": false, "handId": 157, "id": 1570, "length": 45.8996, "mcpPosition": [-36.7893, 205.097, 131.866], "pipPosition": [-8.23011, 236.378, 116.132], "stabilizedTipPosition": [-5.7124, 251.423, 71.0724], "timeVisible": 9.74745, "tipPosition": [-3.9798, 251.428, 73.8442], "tipVelocity": [14.5418, -14.045, 4.95346], "tool": false, "touchDistance": 0.336084, "touchZone": "hovering", "type": 0, "width": 19.0265}, {"bases": [[[0.860803, -0.0241772, -0.508364], [0.265491, 0.873524, 0.408008], [0.434203, -0.486181, 0.758351]], [[0.953944, -0.176706, -0.242415], [0.230553, 0.948876, 0.215592], [0.191925, -0.261552, 0.945915]], [[0.953944, -0.176706, -0.242415], [0.215677, 0.965667, 0.144814], [0.208502, -0.190428, 0.959304]], [[0.953944, -0.176706, -0.242415], [0.201422, 0.976143, 0.0810792], [0.222305, -0.126173, 0.966779]]], "btipPosition": [-2.96449, 272.203, 9.5141], "carpPosition": [-46.9258, 223.977, 130.776], "dipPosition": [-6.30962, 270.304, 24.0617], "direction": [0.208502, 0.190428, -0.959304], "extended": true, "handId": 157, "id": 1571, "length": 51.7925, "mcpPosition": [-18.01, 256.354, 80.2737], "pipPosition": [-10.748, 266.25, 44.4826], "stabilizedTipPosition": [-5.44289, 270.319, 10.4436], "timeVisible": 9.74745, "tipPosition": [-3.61984, 271.368, 12.646], "tipVelocity": [16.562, -15.0923, -0.539911], "tool": false, "touchDistance": 0.159351, "touchZone": "hovering", "type": 1, "width": 18.1741}, {"bases": [[[0.853595, -0.238198, -0.463291], [0.416667, 0.845975, 0.33274], [0.312674, -0.477063, 0.821368]], [[0.881842, -0.287248, -0.373956], [0.354254, 0.92698, 0.123338], [0.311221, -0.24124, 0.919209]], [[0.881842, -0.287248, -0.373956], [0.307971, 0.951385, -0.00454895], [0.357083, -0.111156, 0.927435]], [[0.881842, -0.287248, -0.373956], [0.27644, 0.957395, -0.0835201], [0.382014, -0.0297249, 0.923678]]], "btipPosition": [-8.37101, 268.96, -4.0126], "carpPosition": [-56.5945, 225.315, 125.395], "dipPosition": [-14.6935, 268.468, 11.2746], "direction": [0.357083, 0.111156, -0.927435], "extended": true, "handId": 157, "id": 1572, "length": 59.0134, "mcpPosition": [-36.8479, 255.444, 73.5227], "pipPosition": [-23.6364, 265.684, 34.5016], "stabilizedTipPosition": [-11.8118, 267.452, -2.85659], "timeVisible": 9.74745, "tipPosition": [-9.69315, 268.42, -0.686185], "tipVelocity": [18.321, -14.7644, -2.17027], "tool": false, "touchDistance": 0.336823, "touchZone": "hovering", "type": 2, "width": 17.8494}, {"bases": [[[0.856448, -0.368896, -0.361126], [0.486342, 0.811156, 0.324803], [0.173111, -0.453808, 0.874123]], [[0.839946, -0.331592, -0.429578], [0.403098, 0.91122, 0.0847983], [0.363322, -0.244388, 0.899039]], [[0.839946, -0.331592, -0.429578], [0.33417, 0.939758, -0.072005], [0.427576, -0.0830719, 0.900154]], [[0.839946, -0.331592, -0.429578], [0.298235, 0.943402, -0.14508], [0.453373, -0.00625563, 0.891299]]], "btipPosition": [-24.143, 261.201, -1.63957], "carpPosition": [-66.1475, 223.723, 119.93], "dipPosition": [-31.6034, 261.098, 13.027], "direction": [0.427576, 0.0830719, -0.900154], "extended": true, "handId": 157, "id": 1573, "length": 56.743, "mcpPosition": [-56.3318, 249.455, 70.3656], "pipPosition": [-42.0352, 259.072, 34.9885], "stabilizedTipPosition": [-27.9688, 260.017, -0.416848], "timeVisible": 9.74745, "tipPosition": [-25.8709, 260.996, 1.55441], "tipVelocity": [19.3466, -14.1021, -2.70114], "tool": false, "touchDistance": 0.336824, "touchZone": "hovering", "type": 3, "width": 16.9848}, {"bases": [[[0.778518, -0.547861, -0.306198], [0.627001, 0.700603, 0.340623], [0.0279094, -0.457168, 0.888942]], [[0.746979, -0.41659, -0.518146], [0.551127, 0.823896, 0.132112], [0.371862, -0.384249, 0.845027]], [[0.746979, -0.41659, -0.518146], [0.453673, 0.889092, -0.0607981], [0.486007, -0.189654, 0.853129]], [[0.746979, -0.41659, -0.518146], [0.397761, 0.904507, -0.153798], [0.532737, -0.0912144, 0.841351]]], "btipPosition": [-44.7718, 256.356, 13.4711], "carpPosition": [-74.2761, 215.742, 113.913], "dipPosition": [-52.8591, 254.971, 26.2433], "direction": [0.486007, 0.189654, -0.853129], "extended": true, "handId": 157, "id": 1574, "length": 44.4855, "mcpPosition": [-72.8111, 239.738, 67.2543], "pipPosition": [-61.2309, 251.704, 40.9391], "stabilizedTipPosition": [-48.7045, 254.943, 14.2522], "timeVisible": 9.74745, "tipPosition": [-46.5943, 255.825, 16.2555], "tipVelocity": [18.2732, -12.9157, -2.54001], "tool": false, "touchDistance": 0.333413, "touchZone": "hovering", "type": 4, "width": 15.0873}, {"bases": [[[-0.375098, 0.293794, -0.879196], [-0.750062, 0.461128, 0.474096], [-0.544709, -0.837285, -0.0473957]], [[-0.399947, 0.254663, -0.880448], [-0.284209, 0.878813, 0.383293], [-0.87136, -0.403528, 0.279101]], [[-0.399947, 0.254663, -0.880448], [0.59766, 0.800757, -0.0398762], [-0.69487, 0.542158, 0.472462]], [[-0.399947, 0.254663, -0.880448], [0.870995, 0.404655, -0.278609], [-0.285326, 0.878294, 0.383651]]], "btipPosition": [128.422, 223.167, 53.7199], "carpPosition": [216.752, 176.897, 76.9545], "dipPosition": [132.715, 236.383, 59.4929], "direction": [-0.69487, -0.542158, -0.472462], "extended": false, "handId": 159, "id": 1591, "length": 51.7925, "mcpPosition": [180.477, 232.656, 80.1108], "pipPosition": [147.507, 247.924, 69.5503], "stabilizedTipPosition": [129.739, 222.672, 55.3743], "timeVisible": 8.98364, "tipPosition": [129.473, 225.092, 55.1659], "tipVelocity": [2.30261, 7.74623, 6.21003], "tool": false, "touchDistance": 0.157993, "touchZone": "hovering", "type": 1, "width": 18.1741}, {"bases": [[[-0.311841, 0.0950283, -0.94537], [-0.814456, 0.485665, 0.317477], [-0.489302, -0.868964, 0.0740541]], [[-0.28957, 0.133928, -0.947741], [-0.273741, 0.937217, 0.216079], [-0.917178, -0.322005, 0.234728]], [[-0.28957, 0.133928, -0.947741], [0.679468, 0.726155, -0.104987], [-0.674146, 0.67436, 0.301272]], [[-0.28957, 0.133928, -0.947741], [0.929882, 0.274055, -0.245385], [-0.226869, 0.952343, 0.203895]]], "btipPosition": [131.279, 217.191, 42.4555], "carpPosition": [221.753, 181.293, 68.0163], "dipPosition": [135.033, 232.952, 45.83], "direction": [-0.674146, -0.674361, -0.301272], "extended": false, "handId": 159, "id": 1592, "length": 59.0134, "mcpPosition": [190.852, 236.172, 63.3395], "pipPosition": [151.917, 249.841, 53.3752], "stabilizedTipPosition": [132.349, 218.427, 43.5479], "timeVisible": 8.98364, "tipPosition": [131.948, 220.581, 43.2066], "tipVelocity": [2.71493, 5.02078, 5.23255], "tool": false, "touchDistance": 0.154764, "touchZone": "hovering", "type": 2, "width": 17.8494}], "r": [[0.290581, -0.871313, -0.395445], [0.912766, 0.376412, -0.158656], [0.287089, -0.314847, 0.904683]], "s": 8.82561, "t": [-837.197, -468.193, 1517.1], "timestamp": 18023769780}, {"currentFrameRate": 114.272, "devices": [], "gestures": [], "hands": [{"armBasis": [[0.860178, 0.0627076, -0.506124], [0.381405, 0.57972, 0.720038], [0.338562, -0.8124, 0.474745]], "armWidth": 59.2036, "confidence": 1, "direction": [0.239505, 0.598711, -0.764318], "elbow": [-151.258, -1.18252, 252.94], "grabAngle": 0.481098, "grabStrength": 0, "id": 157, "palmNormal": [0.325282, -0.791215, -0.517851], "palmPosition": [-43.4693, 238.443, 87.8465], "palmVelocity": [5.3293, 2.95609, 0.300777], "palmWidth": 82.3628, "pinchDistance": 38.2231, "pinchStrength": 0, "r": [[0.907791, 0.32883, -0.260358], [-0.314389, 0.944371, 0.0965507], [0.277623, -0.00579417, 0.960673]], "s": 1.12488, "sphereCenter": [31.0082, 141.87, 28.0086], "sphereRadius": 136.887, "stabilizedPalmPosition": [-45.6405, 237.92, 84.8695], "t": [134.908, 82.4578, 172.116], "timeVisible": 9.75618, "type": "left", "wrist": [-68.5128, 197.37, 136.91]}, {"armBasis": [[-0.551696, -0.050052, -0.832542], [-0.715641, 0.541071, 0.441701], [-0.428356, -0.839486, 0.334326]], "armWidth": 59.2036, "confidence": 1, "direction": [-0.357934, 0.933207, -0.0317455], "elbow": [333.253, -52.0127, 142.413], "grabAngle": 2.36915, "grabStrength": 1, "id": 159, "palmNormal": [-0.822658, -0.331252, -0.462067], "palmPosition": [197.011, 214.083, 59.8325], "palmVelocity": [2.92054, 4.37955, -1.57957], "palmWidth": 82.3628, "pinchDistance": 43.6688, "pinchStrength": 0.403438, "r": [[0.265351, 0.964121, 0.00768566], [-0.908086, 0.252592, -0.334031], [-0.323988, 0.0816565, 0.942531]], "s": 0.78059, "sphereCenter": [153.966, 214.842, 38.7689], "sphereRadius": 41.967, "stabilizedPalmPosition": [196.504, 214.595, 59.2798], "t": [-18.5953, 11.1833, 26.6765], "timeVisible": 8.99237, "type": "right", "wrist": [228.562, 153.16, 60.7026]}], "id": 108607, "interactionBox": {"center": [0, 200, 0], "size": [235.247, 235.247, 147.751]}, "pointables": [{"bases": [[[-0.84371, 0.534423, 0.050455], [-0.1521, -0.328144, 0.932302], [-0.5148, -0.778918, -0.358144]], [[-0.527458, 0.824673, 0.20421], [-0.126434, -0.313884, 0.941006], [-0.84012, -0.470522, -0.269828]], [[-0.527458, 0.824673, 0.20421], [-0.0349047, -0.261198, 0.964654], [-0.848864, -0.501687, -0.166556]], [[-0.527458, 0.824673, 0.20421], [0.0750127, -0.194221, 0.978086], [-0.846263, -0.531218, -0.0405824]]], "btipPosition": [121.546, 208.274, 93.5575], "carpPosition": [202.439, 161, 75.5276], "dipPosition": [138.989, 197.325, 92.7211], "direction": [-0.848864, 0.501687, 0.166556], "extended": true, "handId": 159, "id": 1590, "length": 45.898, "mcpPosition": [202.439, 161, 75.5276], "pipPosition": [164.478, 182.261, 87.7198], "stabilizedTipPosition": [125.565, 203.63, 93.982], "timeVisible": 8.99237, "tipPosition": [124.688, 205.163, 92.4312], "tipVelocity": [-0.0702609, 3.19795, -2.32896], "tool": false, "touchDistance": 0.389419, "touchZone": "none", "type": 0, "width": 19.0274}, {"bases": [[[-0.31825, -0.070523, -0.94538], [-0.850018, 0.462767, 0.251626], [-0.419746, -0.88367, 0.207222]], [[-0.292539, -0.0174719, -0.956094], [-0.322371, 0.943107, 0.0814026], [-0.900276, -0.332031, 0.281528]], [[-0.292539, -0.0174719, -0.956094], [0.627723, 0.750744, -0.205786], [-0.721377, 0.660362, 0.208655]], [[-0.292539, -0.0174719, -0.956094], [0.908068, 0.308307, -0.283479], [-0.299723, 0.951127, 0.0743263]]], "btipPosition": [143.76, 214.821, 28.5951], "carpPosition": [225.515, 183.413, 57.736], "dipPosition": [148.692, 230.472, 29.8181], "direction": [-0.721377, -0.660362, -0.208655], "extended": false, "handId": 159, "id": 1593, "length": 56.7411, "mcpPosition": [201.716, 233.517, 45.9863], "pipPosition": [166.291, 246.582, 34.9086], "stabilizedTipPosition": [145.417, 217.655, 28.9821], "timeVisible": 8.99237, "tipPosition": [144.66, 218.971, 28.7491], "tipVelocity": [3.03551, 14.4211, -2.58447], "tool": false, "touchDistance": 0.172398, "touchZone": "hovering", "type": 3, "width": 16.9856}, {"bases": [[[-0.21984, -0.247811, -0.943536], [-0.922891, 0.366265, 0.118834], [-0.316135, -0.896906, 0.309222]], [[-0.201681, -0.196888, -0.959458], [-0.359314, 0.926163, -0.114527], [-0.911163, -0.321649, 0.257534]], [[-0.201681, -0.196888, -0.959458], [0.69086, 0.665789, -0.281846], [-0.694289, 0.719695, -0.00174501]], [[-0.201681, -0.196888, -0.959458], [0.953332, 0.185257, -0.238409], [-0.224686, 0.962764, -0.150337]]], "btipPosition": [165.122, 210.774, 23.2055], "carpPosition": [225.459, 180.693, 45.1433], "dipPosition": [168.533, 225.389, 20.9234], "direction": [-0.694289, -0.719695, 0.00174501], "extended": false, "handId": 159, "id": 1594, "length": 44.484, "mcpPosition": [208.866, 227.77, 28.913], "pipPosition": [180.492, 237.786, 20.8933], "stabilizedTipPosition": [167.056, 215.262, 23.1014], "timeVisible": 8.99237, "tipPosition": [165.748, 214.504, 22.4725], "tipVelocity": [-1.35537, 15.624, -4.81955], "tool": false, "touchDistance": 0.333333, "touchZone": "none", "type": 4, "width": 15.088}, {"bases": [[[0.612312, 0.774377, 0.159415], [-0.497271, 0.220457, 0.839119], [0.61465, -0.593075, 0.520064]], [[0.668282, 0.714116, 0.208416], [-0.392452, 0.100432, 0.914273], [0.631965, -0.692785, 0.347374]], [[0.668282, 0.714116, 0.208416], [-0.708516, 0.525611, 0.470891], [0.226725, -0.462354, 0.857219]], [[0.668282, 0.714116, 0.208416], [-0.73081, 0.682565, 0.00458969], [-0.13898, -0.15538, 0.97803]]], "btipPosition": [-4.21709, 253.428, 70.2066], "carpPosition": [-36.716, 205.038, 131.801], "dipPosition": [-1.35256, 250.225, 90.3649], "direction": [0.226725, 0.462354, -0.857219], "extended": false, "handId": 157, "id": 1570, "length": 45.898, "mcpPosition": [-36.716, 205.038, 131.801], "pipPosition": [-8.16053, 236.342, 116.105], "stabilizedTipPosition": [-5.7067, 251.426, 71.0824], "timeVisible": 9.75618, "tipPosition": [-3.93722, 251.439, 73.8158], "tipVelocity": [2.23246, 6.83671, 0.681696], "tool": false, "touchDistance": 0.335899, "touchZone": "hovering", "type": 0, "width": 19.0274}, {"bases": [[[0.861583, -0.0222975, -0.507126], [0.263875, 0.873117, 0.409922], [0.43364, -0.487, 0.758147]], [[0.954432, -0.174937, -0.241779], [0.228963, 0.948873, 0.217291], [0.191405, -0.262748, 0.945689]], [[0.954432, -0.174937, -0.241779], [0.214344, 0.965555, 0.147512], [0.207646, -0.192614, 0.959053]], [[0.954432, -0.174937, -0.241779], [0.200228, 0.97613, 0.0841367], [0.221289, -0.128714, 0.966677]]], "btipPosition": [-2.96203, 272.342, 9.52787], "carpPosition": [-46.8318, 223.932, 130.758], "dipPosition": [-6.29177, 270.405, 24.0735], "direction": [0.207646, 0.192614, -0.959053], "extended": true, "handId": 157, "id": 1571, "length": 51.7908, "mcpPosition": [-17.9539, 256.363, 80.2696], "pipPosition": [-10.7118, 266.305, 44.4883], "stabilizedTipPosition": [-5.43583, 270.326, 10.4536], "timeVisible": 9.75618, "tipPosition": [-3.64701, 271.48, 12.6475], "tipVelocity": [0.686572, 14.9296, 1.52324], "tool": false, "touchDistance": 0.159572, "touchZone": "hovering", "type": 1, "width": 18.175}, {"bases": [[[0.854556, -0.236404, -0.462437], [0.415194, 0.845874, 0.334831], [0.312008, -0.478132, 0.821]], [[0.882616, -0.285349, -0.373584], [0.352566, 0.927461, 0.124551], [0.310944, -0.241643, 0.919197]], [[0.882616, -0.285349, -0.373584], [0.306686, 0.951808, -0.00243984], [0.356276, -0.11242, 0.927593]], [[0.882616, -0.285349, -0.373584], [0.275411, 0.957909, -0.0809891], [0.380969, -0.0314069, 0.924054]]], "btipPosition": [-8.3762, 269.08, -3.99731], "carpPosition": [-56.5071, 225.291, 125.394], "dipPosition": [-14.6812, 268.56, 11.2956], "direction": [0.356276, 0.11242, -0.927593], "extended": true, "handId": 157, "id": 1572, "length": 59.0114, "mcpPosition": [-36.8029, 255.487, 73.545], "pipPosition": [-23.6036, 265.744, 34.5257], "stabilizedTipPosition": [-11.8017, 267.46, -2.84443], "timeVisible": 9.75618, "tipPosition": [-9.7436, 268.563, -0.680558], "tipVelocity": [-0.133753, 12.9315, 1.90121], "tool": false, "touchDistance": 0.336723, "touchZone": "hovering", "type": 2, "width": 17.8502}, {"bases": [[[0.857409, -0.367277, -0.360496], [0.484921, 0.811149, 0.326937], [0.172339, -0.455131, 0.873587]], [[0.84086, -0.329661, -0.429277], [0.401329, 0.911904, 0.0858244], [0.363166, -0.244448, 0.899086]], [[0.84086, -0.329661, -0.429277], [0.332952, 0.940345, -0.0699538], [0.42673, -0.0841072, 0.90046]], [[0.84086, -0.329661, -0.429277], [0.297392, 0.944067, -0.142465], [0.452231, -0.00787056, 0.891866]]], "btipPosition": [-24.1563, 261.326, -1.61494], "carpPosition": [-66.0703, 223.72, 119.94], "dipPosition": [-31.5977, 261.197, 13.0604], "direction": [0.42673, 0.0841072, -0.90046], "extended": true, "handId": 157, "id": 1573, "length": 56.7411, "mcpPosition": [-56.2985, 249.526, 70.4064], "pipPosition": [-42.0085, 259.145, 35.0287], "stabilizedTipPosition": [-27.9582, 260.023, -0.405924], "timeVisible": 9.75618, "tipPosition": [-25.926, 261.152, 1.57113], "tipVelocity": [-1.02463, 13.606, 3.0544], "tool": false, "touchDistance": 0.336875, "touchZone": "hovering", "type": 3, "width": 16.9856}, {"bases": [[[0.779605, -0.546428, -0.305995], [0.625685, 0.700732, 0.342773], [0.0271199, -0.458684, 0.888185]], [[0.748151, -0.414622, -0.518033], [0.549238, 0.825034, 0.132879], [0.3723, -0.383937, 0.844976]], [[0.748151, -0.414622, -0.518033], [0.45259, 0.889795, -0.0585353], [0.485213, -0.190663, 0.853356]], [[0.748151, -0.414622, -0.518033], [0.397266, 0.905231, -0.150789], [0.53146, -0.0929839, 0.841965]]], "btipPosition": [-44.7747, 256.485, 13.5096], "carpPosition": [-74.2172, 215.758, 113.921], "dipPosition": [-52.8424, 255.074, 26.2908], "direction": [0.485213, 0.190663, -0.853356], "extended": true, "handId": 157, "id": 1574, "length": 44.484, "mcpPosition": [-72.7938, 239.834, 67.3027], "pipPosition": [-61.2002, 251.79, 40.9899], "stabilizedTipPosition": [-48.6958, 254.949, 14.2614], "timeVisible": 9.75618, "tipPosition": [-46.6338, 255.98, 16.2937], "tipVelocity": [0.17527, 14.1251, 4.64792], "tool": false, "touchDistance": 0.334013, "touchZone": "hovering", "type": 4, "width": 15.088}, {"bases": [[[-0.375351, 0.293984, -0.879025], [-0.750213, 0.460585, 0.474386], [-0.544328, -0.837517, -0.0476694]], [[-0.400136, 0.254915, -0.880289], [-0.28547, 0.878079, 0.384036], [-0.87086, -0.404963, 0.278581]], [[-0.400136, 0.254915, -0.880289], [0.596621, 0.801571, -0.0390746], [-0.695654, 0.540834, 0.472825]], [[-0.400136, 0.254915, -0.880289], [0.870563, 0.405876, -0.278181], [-0.286375, 0.877658, 0.384325]]], "btipPosition": [128.441, 223.297, 53.7144], "carpPosition": [216.757, 176.92, 76.9281], "dipPosition": [132.75, 236.503, 59.4974], "direction": [-0.695654, -0.540834, -0.472825], "extended": false, "handId": 159, "id": 1591, "length": 51.7908, "mcpPosition": [180.508, 232.693, 80.1026], "pipPosition": [147.558, 248.016, 69.5622], "stabilizedTipPosition": [129.739, 222.677, 55.3739], "timeVisible": 8.99237, "tipPosition": [129.504, 225.168, 55.1473], "tipVelocity": [2.64561, 14.6231, -0.367384], "tool": false, "touchDistance": 0.15794, "touchZone": "hovering", "type": 1, "width": 18.175}, {"bases": [[[-0.312011, 0.0952746, -0.945289], [-0.814638, 0.485156, 0.317786], [-0.48889, -0.869221, 0.0737599]], [[-0.289775, 0.134155, -0.947646], [-0.274674, 0.936821, 0.216613], [-0.916834, -0.323063, 0.234619]], [[-0.289775, 0.134155, -0.947646], [0.678907, 0.726718, -0.10472], [-0.674622, 0.673709, 0.301664]], [[-0.289775, 0.134155, -0.947646], [0.929685, 0.274715, -0.245393], [-0.227412, 0.952121, 0.204327]]], "btipPosition": [131.31, 217.296, 42.4384], "carpPosition": [221.762, 181.318, 67.9922], "dipPosition": [135.073, 233.053, 45.82], "direction": [-0.674622, -0.673709, -0.301664], "extended": false, "handId": 159, "id": 1592, "length": 59.0114, "mcpPosition": [190.887, 236.211, 63.3341], "pipPosition": [151.968, 249.925, 53.3747], "stabilizedTipPosition": [132.349, 218.43, 43.5475], "timeVisible": 8.99237, "tipPosition": [131.979, 220.656, 43.187], "tipVelocity": [3.77755, 11.95, -1.76887], "tool": false, "touchDistance": 0.154506, "touchZone": "hovering", "type": 2, "width": 17.8502}], "r": [[0.290538, -0.871316, -0.395469], [0.912802, 0.376352, -0.158591], [0.287019, -0.314908, 0.904684]], "s": 8.82523, "t": [-837.227, -468.15, 1517.11], "timestamp": 18023778509}, {"currentFrameRate": 114.39, "devices": [], "gestures": [], "hands": [{"armBasis": [[0.859672, 0.062236, -0.50704], [0.382489, 0.579511, 0.719631], [0.338623, -0.812584, 0.474385]], "armWidth": 59.2036, "confidence": 1, "direction": [0.240294, 0.597276, -0.765193], "elbow": [-151.221, -1.22506, 252.867], "grabAngle": 0.4787, "grabStrength": 0, "id": 157, "palmNormal": [0.325906, -0.792173, -0.515991], "palmPosition": [-43.3708, 238.365, 87.8266], "palmVelocity": [11.5313, -9.23714, -2.32298], "palmWidth": 82.3648, "pinchDistance": 38.2069, "pinchStrength": 0, "r": [[0.907605, 0.329347, -0.260352], [-0.31495, 0.944193, 0.0964722], [0.277595, -0.00556101, 0.960682]], "s": 1.12501, "sphereCenter": [31.4585, 141.295, 28.1012], "sphereRadius": 137.398, "stabilizedPalmPosition": [-45.6341, 237.921, 84.8779], "t": [134.988, 82.4111, 172.109], "timeVisible": 9.76472, "type": "left", "wrist": [-68.4615, 197.371, 136.927]}, {"armBasis": [[-0.551678, -0.0484753, -0.832647], [-0.714611, 0.542267, 0.441902], [-0.430096, -0.838806, 0.333798]], "armWidth": 59.2036, "confidence": 1, "direction": [-0.357755, 0.933284, -0.0315037], "elbow": [333.712, -51.8441, 142.244], "grabAngle": 2.36843, "grabStrength": 1, "id": 159, "palmNormal": [-0.822562, -0.330923, -0.462474], "palmPosition": [197.036, 214.079, 59.81], "palmVelocity": [3.01981, -0.362308, -2.64066], "palmWidth": 82.3648, "pinchDistance": 43.7161, "pinchStrength": 0.402192, "r": [[0.265387, 0.96411, 0.00780648], [-0.908041, 0.252659, -0.334103], [-0.324085, 0.0815782, 0.942504]], "s": 0.780725, "sphereCenter": [153.991, 214.858, 38.7447], "sphereRadius": 41.9741, "stabilizedPalmPosition": [196.505, 214.594, 59.2803], "t": [-18.5727, 11.1939, 26.6654], "timeVisible": 9.00091, "type": "right", "wrist": [228.596, 153.16, 60.6637]}], "id": 108608, "interactionBox": {"center": [0, 200, 0], "size": [235.247, 235.247, 147.751]}, "pointables": [{"bases": [[[-0.843789, 0.534251, 0.0509486], [-0.151725, -0.328534, 0.932226], [-0.51478, -0.778872, -0.358273]], [[-0.527319, 0.824619, 0.204787], [-0.125925, -0.314207, 0.940966], [-0.840284, -0.470401, -0.269528]], [[-0.527319, 0.824619, 0.204787], [-0.034847, -0.261807, 0.964491], [-0.848953, -0.501458, -0.166791]], [[-0.527319, 0.824619, 0.204787], [0.0746116, -0.195149, 0.977931], [-0.846385, -0.530961, -0.0413798]]], "btipPosition": [121.547, 208.246, 93.5256], "carpPosition": [202.45, 160.991, 75.4861], "dipPosition": [138.991, 197.303, 92.6727], "direction": [-0.848953, 0.501458, 0.166791], "extended": true, "handId": 159, "id": 1590, "length": 45.8964, "mcpPosition": [202.45, 160.991, 75.4861], "pipPosition": [164.482, 182.246, 87.6646], "stabilizedTipPosition": [125.565, 203.632, 93.9815], "timeVisible": 9.00091, "tipPosition": [124.703, 205.161, 92.3826], "tipVelocity": [0.0801068, -3.16365, -4.18462], "tool": false, "touchDistance": 0.388824, "touchZone": "none", "type": 0, "width": 19.0275}, {"bases": [[[-0.318557, -0.0702128, -0.9453], [-0.850016, 0.462516, 0.252094], [-0.419516, -0.883826, 0.20702]], [[-0.292943, -0.0173199, -0.955973], [-0.322932, 0.942874, 0.0818746], [-0.899944, -0.332699, 0.281801]], [[-0.292943, -0.0173199, -0.955973], [0.627423, 0.750971, -0.20587], [-0.721474, 0.660108, 0.209125]], [[-0.292943, -0.0173199, -0.955973], [0.907872, 0.308594, -0.283794], [-0.299923, 0.951036, 0.0746761]]], "btipPosition": [143.803, 214.857, 28.5545], "carpPosition": [225.537, 183.404, 57.7116], "dipPosition": [148.738, 230.506, 29.7833], "direction": [-0.721474, -0.660108, -0.209125], "extended": false, "handId": 159, "id": 1593, "length": 56.739, "mcpPosition": [201.749, 233.519, 45.9731], "pipPosition": [166.339, 246.609, 34.885], "stabilizedTipPosition": [145.416, 217.656, 28.9819], "timeVisible": 9.00091, "tipPosition": [144.698, 218.988, 28.7109], "tipVelocity": [5.16965, 4.14196, -4.59395], "tool": false, "touchDistance": 0.171744, "touchZone": "hovering", "type": 3, "width": 16.9857}, {"bases": [[[-0.220115, -0.247484, -0.943558], [-0.922917, 0.366051, 0.119289], [-0.315869, -0.897083, 0.30898]], [[-0.202054, -0.196784, -0.959401], [-0.360318, 0.925836, -0.114014], [-0.910684, -0.322652, 0.257974]], [[-0.202054, -0.196784, -0.959401], [0.689464, 0.667151, -0.282044], [-0.695567, 0.718461, -0.000874571]], [[-0.202054, -0.196784, -0.959401], [0.952714, 0.187519, -0.239108], [-0.226958, 0.962348, -0.14959]]], "btipPosition": [165.121, 210.84, 23.1529], "carpPosition": [225.484, 180.69, 45.1181], "dipPosition": [168.566, 225.448, 20.8822], "direction": [-0.695567, -0.718461, 0.000874571], "extended": false, "handId": 159, "id": 1594, "length": 44.4823, "mcpPosition": [208.905, 227.776, 28.9002], "pipPosition": [180.547, 237.823, 20.8671], "stabilizedTipPosition": [167.053, 215.259, 23.1001], "timeVisible": 9.00091, "tipPosition": [165.787, 214.52, 22.4403], "tipVelocity": [0.759931, 7.55081, -5.85658], "tool": false, "touchDistance": 0.333333, "touchZone": "none", "type": 4, "width": 15.088}, {"bases": [[[0.612544, 0.774632, 0.157275], [-0.496339, 0.22209, 0.83924], [0.615173, -0.592133, 0.52052]], [[0.66843, 0.714618, 0.206209], [-0.391145, 0.101929, 0.914667], [0.632619, -0.692048, 0.347652]], [[0.66843, 0.714618, 0.206209], [-0.707997, 0.526379, 0.470814], [0.227909, -0.460702, 0.857795]], [[0.66843, 0.714618, 0.206209], [-0.730871, 0.682504, 0.00390882], [-0.137945, -0.153325, 0.9785]]], "btipPosition": [-4.07818, 253.307, 70.2193], "carpPosition": [-36.6631, 205.044, 131.852], "dipPosition": [-1.23508, 250.147, 90.3866], "direction": [0.227909, 0.460702, -0.857795], "extended": false, "handId": 157, "id": 1570, "length": 45.8964, "mcpPosition": [-36.6631, 205.044, 131.852], "pipPosition": [-8.07834, 236.314, 116.143], "stabilizedTipPosition": [-5.69999, 251.43, 71.0935], "timeVisible": 9.76472, "tipPosition": [-3.82362, 251.339, 73.8165], "tipVelocity": [15.6867, -12.9797, 1.72465], "tool": false, "touchDistance": 0.335863, "touchZone": "hovering", "type": 0, "width": 19.0275}, {"bases": [[[0.861028, -0.0233276, -0.508022], [0.264387, 0.873875, 0.407974], [0.43443, -0.485592, 0.758598]], [[0.954173, -0.17553, -0.242368], [0.229456, 0.949047, 0.21601], [0.192103, -0.261724, 0.945831]], [[0.954173, -0.17553, -0.242368], [0.214947, 0.965504, 0.146972], [0.20821, -0.192333, 0.958987]], [[0.954173, -0.17553, -0.242368], [0.20089, 0.976003, 0.0840289], [0.221803, -0.128868, 0.966539]]], "btipPosition": [-2.81139, 272.207, 9.50254], "carpPosition": [-46.78, 223.934, 130.763], "dipPosition": [-6.14873, 270.268, 24.0455], "direction": [0.20821, 0.192333, -0.958987], "extended": true, "handId": 157, "id": 1571, "length": 51.7889, "mcpPosition": [-17.8488, 256.272, 80.2437], "pipPosition": [-10.5806, 266.174, 44.4582], "stabilizedTipPosition": [-5.42759, 270.332, 10.4643], "timeVisible": 9.76472, "tipPosition": [-3.46967, 271.264, 12.6099], "tipVelocity": [17.4332, -15.8143, -3.03542], "tool": false, "touchDistance": 0.15914, "touchZone": "hovering", "type": 1, "width": 18.1751}, {"bases": [[[0.854033, -0.237349, -0.462918], [0.415622, 0.846477, 0.332769], [0.312867, -0.476595, 0.821567]], [[0.882163, -0.286078, -0.374097], [0.353072, 0.927427, 0.123365], [0.311655, -0.240911, 0.919148]], [[0.882163, -0.286078, -0.374097], [0.307447, 0.951562, -0.00268007], [0.356743, -0.112651, 0.927386]], [[0.882163, -0.286078, -0.374097], [0.276308, 0.957668, -0.0807787], [0.38137, -0.0321059, 0.923865]]], "btipPosition": [-8.21601, 268.96, -4.02888], "carpPosition": [-56.4491, 225.282, 125.386], "dipPosition": [-14.5274, 268.428, 11.2603], "direction": [0.356743, 0.112651, -0.927386], "extended": true, "handId": 157, "id": 1572, "length": 59.0093, "mcpPosition": [-36.6902, 255.381, 73.5002], "pipPosition": [-23.4611, 265.607, 34.4845], "stabilizedTipPosition": [-11.7902, 267.467, -2.83192], "timeVisible": 9.76472, "tipPosition": [-9.55183, 268.322, -0.718933], "tipVelocity": [18.5833, -14.3631, -3.79487], "tool": false, "touchDistance": 0.335898, "touchZone": "hovering", "type": 2, "width": 17.8503}, {"bases": [[[0.856988, -0.368028, -0.360731], [0.485338, 0.811732, 0.324866], [0.173258, -0.453483, 0.874263]], [[0.840304, -0.330417, -0.429783], [0.401816, 0.911801, 0.0846327], [0.363913, -0.243811, 0.898957]], [[0.840304, -0.330417, -0.429783], [0.333735, 0.94005, -0.0701969], [0.427212, -0.0844469, 0.900199]], [[0.840304, -0.330417, -0.429783], [0.298304, 0.943796, -0.14235], [0.452663, -0.00858924, 0.891641]]], "btipPosition": [-23.9924, 261.208, -1.65184], "carpPosition": [-66.0058, 223.699, 119.924], "dipPosition": [-31.4406, 261.066, 13.0193], "direction": [0.427212, 0.084447, -0.900199], "extended": true, "handId": 157, "id": 1573, "length": 56.739, "mcpPosition": [-56.1817, 249.413, 70.3518], "pipPosition": [-41.8628, 259.006, 34.9804], "stabilizedTipPosition": [-27.9464, 260.029, -0.394727], "timeVisible": 9.76472, "tipPosition": [-25.735, 260.913, 1.52904], "tipVelocity": [19.0071, -14.198, -4.43353], "tool": false, "touchDistance": 0.335953, "touchZone": "hovering", "type": 3, "width": 16.9857}, {"bases": [[[0.77923, -0.547069, -0.305806], [0.62611, 0.701334, 0.340758], [0.0280539, -0.456997, 0.889026]], [[0.747405, -0.415271, -0.518591], [0.549744, 0.824875, 0.13177], [0.373052, -0.383578, 0.844808]], [[0.747405, -0.415271, -0.518591], [0.453319, 0.889402, -0.0588716], [0.485683, -0.191086, 0.852993]], [[0.747405, -0.415271, -0.518591], [0.39827, 0.904827, -0.150561], [0.531759, -0.0940092, 0.841662]]], "btipPosition": [-44.6185, 256.376, 13.4735], "carpPosition": [-74.1451, 215.726, 113.912], "dipPosition": [-52.6904, 254.949, 26.2496], "direction": [0.485683, 0.191086, -0.852993], "extended": true, "handId": 157, "id": 1574, "length": 44.4823, "mcpPosition": [-72.6726, 239.713, 67.2485], "pipPosition": [-61.0561, 251.658, 40.9419], "stabilizedTipPosition": [-48.6859, 254.953, 14.2709], "timeVisible": 9.76472, "tipPosition": [-46.4587, 255.767, 16.2385], "tipVelocity": [18.1749, -13.1974, -4.36488], "tool": false, "touchDistance": 0.333386, "touchZone": "hovering", "type": 4, "width": 15.088}, {"bases": [[[-0.375702, 0.294258, -0.878783], [-0.750135, 0.460265, 0.47482], [-0.544193, -0.837597, -0.0478109]], [[-0.400478, 0.25519, -0.880054], [-0.286638, 0.877346, 0.384842], [-0.87032, -0.406377, 0.27821]], [[-0.400478, 0.25519, -0.880054], [0.595363, 0.802548, -0.0382103], [-0.696535, 0.539254, 0.473333]], [[-0.400478, 0.25519, -0.880054], [0.869999, 0.407358, -0.27778], [-0.28761, 0.876891, 0.385153]]], "btipPosition": [128.449, 223.388, 53.685], "carpPosition": [216.772, 176.905, 76.8975], "dipPosition": [132.776, 236.582, 59.4802], "direction": [-0.696535, -0.539254, -0.473333], "extended": false, "handId": 159, "id": 1591, "length": 51.7889, "mcpPosition": [180.531, 232.685, 80.0815], "pipPosition": [147.602, 248.06, 69.5554], "stabilizedTipPosition": [129.738, 222.683, 55.3734], "timeVisible": 9.00091, "tipPosition": [129.533, 225.185, 55.1057], "tipVelocity": [1.37318, 10.3074, -3.11662], "tool": false, "touchDistance": 0.157496, "touchZone": "hovering", "type": 1, "width": 18.1751}, {"bases": [[[-0.312349, 0.0955859, -0.945146], [-0.814618, 0.484885, 0.31825], [-0.488708, -0.869338, 0.0735873]], [[-0.290206, 0.134323, -0.94749], [-0.274934, 0.936656, 0.216997], [-0.91662, -0.323471, 0.234894]], [[-0.290206, 0.134323, -0.94749], [0.678962, 0.726634, -0.104946], [-0.674382, 0.673766, 0.302074]], [[-0.290206, 0.134323, -0.94749], [0.929657, 0.274407, -0.245842], [-0.226976, 0.952186, 0.204509]]], "btipPosition": [131.363, 217.308, 42.3981], "carpPosition": [221.78, 181.305, 67.9654], "dipPosition": [135.119, 233.066, 45.7826], "direction": [-0.674382, -0.673766, -0.302074], "extended": false, "handId": 159, "id": 1592, "length": 59.0093, "mcpPosition": [190.916, 236.208, 63.318], "pipPosition": [152.007, 249.938, 53.3473], "stabilizedTipPosition": [132.348, 218.433, 43.5471], "timeVisible": 9.00091, "tipPosition": [132.012, 220.672, 43.145], "tipVelocity": [6.02698, 1.40436, -4.63649], "tool": false, "touchDistance": 0.153846, "touchZone": "hovering", "type": 2, "width": 17.8503}], "r": [[0.290393, -0.871361, -0.395477], [0.912873, 0.376192, -0.158561], [0.286939, -0.314975, 0.904686]], "s": 8.82471, "t": [-837.287, -468.163, 1517.1], "timestamp": 18023787050}, {"currentFrameRate": 114.364, "devices": [], "gestures": [], "hands": [{"armBasis": [[0.859306, 0.0616408, -0.507734], [0.383328, 0.579589, 0.719121], [0.338605, -0.812574, 0.474416]], "armWidth": 59.208, "confidence": 1, "direction": [0.241399, 0.59564, -0.76612], "elbow": [-151.155, -1.21946, 252.858], "grabAngle": 0.476542, "grabStrength": 0, "id": 157, "palmNormal": [0.326177, -0.793339, -0.514025], "palmPosition": [-43.2423, 238.277, 87.7624], "palmVelocity": [14.6231, -9.94855, -7.30942], "palmWidth": 82.3641, "pinchDistance": 38.1193, "pinchStrength": 0, "r": [[0.907372, 0.329727, -0.260686], [-0.315451, 0.944063, 0.096101], [0.277791, -0.00496588, 0.960629]], "s": 1.12515, "sphereCenter": [31.8666, 140.632, 28.1273], "sphereRadius": 137.939, "stabilizedPalmPosition": [-45.6268, 237.923, 84.8867], "t": [135.093, 82.3441, 172.074], "timeVisible": 9.77351, "type": "left", "wrist": [-68.3975, 197.378, 136.908]}, {"armBasis": [[-0.551319, -0.0468868, -0.832976], [-0.713891, 0.543196, 0.441925], [-0.431749, -0.838296, 0.332946]], "armWidth": 59.208, "confidence": 1, "direction": [-0.357916, 0.933217, -0.0316471], "elbow": [334.178, -51.7209, 142.015], "grabAngle": 2.36791, "grabStrength": 1, "id": 159, "palmNormal": [-0.822383, -0.331097, -0.462667], "palmPosition": [197.07, 214.074, 59.7859], "palmVelocity": [3.80259, -0.663739, -2.73463], "palmWidth": 82.3641, "pinchDistance": 43.7619, "pinchStrength": 0.40095, "r": [[0.265452, 0.964092, 0.00787885], [-0.908013, 0.252741, -0.334117], [-0.324111, 0.0815378, 0.942499]], "s": 0.780955, "sphereCenter": [154.024, 214.848, 38.7185], "sphereRadius": 41.9817, "stabilizedPalmPosition": [196.505, 214.594, 59.2809], "t": [-18.5447, 11.1963, 26.6478], "timeVisible": 9.0097, "type": "right", "wrist": [228.656, 153.164, 60.641]}], "id": 108609, "interactionBox": {"center": [0, 200, 0], "size": [235.247, 235.247, 147.751]}, "pointables": [{"bases": [[[-0.84368, 0.534406, 0.0511362], [-0.151545, -0.328455, 0.932283], [-0.515013, -0.778799, -0.358097]], [[-0.526848, 0.824874, 0.204973], [-0.125579, -0.314053, 0.941063], [-0.840631, -0.470057, -0.269046]], [[-0.526848, 0.824874, 0.204973], [-0.0348782, -0.261935, 0.964455], [-0.849244, -0.500972, -0.16677]], [[-0.526848, 0.824874, 0.204973], [0.0742174, -0.19559, 0.977873], [-0.846713, -0.530403, -0.0418261]]], "btipPosition": [121.556, 208.198, 93.493], "carpPosition": [202.489, 160.985, 75.4667], "dipPosition": [139.006, 197.267, 92.631], "direction": [-0.849244, 0.500972, 0.16677], "extended": true, "handId": 159, "id": 1590, "length": 45.8937, "mcpPosition": [202.489, 160.985, 75.4667], "pipPosition": [164.505, 182.225, 87.6237], "stabilizedTipPosition": [125.565, 203.633, 93.981], "timeVisible": 9.0097, "tipPosition": [124.731, 205.145, 92.3425], "tipVelocity": [1.23608, -5.13257, -3.95088], "tool": false, "touchDistance": 0.388245, "touchZone": "none", "type": 0, "width": 19.0293}, {"bases": [[[-0.318813, -0.0702073, -0.945214], [-0.849868, 0.462683, 0.252287], [-0.419622, -0.883739, 0.207177]], [[-0.293251, -0.0174389, -0.955877], [-0.323105, 0.942811, 0.0819239], [-0.899782, -0.332873, 0.282114]], [[-0.293251, -0.0174389, 