{"frames": 82, "data": [{"currentFrameRate": 107.667, "devices": [], "gestures": [], "hands": [{"armBasis": [[0.819184, 0.208921, -0.534125], [0.32236, 0.602545, 0.730085], [0.474364, -0.770254, 0.426248]], "armWidth": 60.2482, "confidence": 1, "direction": [0.220547, 0.627243, -0.746944], "elbow": [-174.1, 5.07651, 233.274], "grabAngle": 0.432711, "grabStrength": 0, "id": 157, "palmNormal": [0.277778, -0.77448, -0.568348], "palmPosition": [-30.348, 239.665, 78.2589], "palmVelocity": [-21.3381, -15.1056, 2.02112], "palmWidth": 83.8357, "pinchDistance": 47.0317, "pinchStrength": 0, "r": [[0.908145, 0.367334, -0.200844], [-0.350463, 0.929457, 0.115264], [0.229016, -0.0342881, 0.972819]], "s": 1.15407, "sphereCenter": [43.2002, 142.22, 8.86986], "sphereRadius": 142.011, "stabilizedPalmPosition": [-29.9549, 239.907, 78.2462], "t": [148.282, 83.7674, 162.524], "timeVisible": 12.6614, "type": "left", "wrist": [-56.0794, 196.714, 127.225]}, {"armBasis": [[-0.548306, -0.0733667, -0.833054], [-0.737379, 0.512332, 0.440213], [-0.394503, -0.855648, 0.335014]], "armWidth": 60.2482, "confidence": 1, "direction": [-0.342183, 0.93913, -0.030745], "elbow": [328.871, -56.9944, 147.824], "grabAngle": 2.41945, "grabStrength": 1, "id": 159, "palmNormal": [-0.830525, -0.317591, -0.457562], "palmPosition": [199.872, 218.529, 63.6766], "palmVelocity": [14.8327, 13.9227, 2.28237], "palmWidth": 83.8357, "pinchDistance": 43.8114, "pinchStrength": 0.420318, "r": [[0.251349, 0.967864, 0.00798203], [-0.910567, 0.239249, -0.337087], [-0.328164, 0.0774583, 0.94144]], "s": 0.787976, "sphereCenter": [156.216, 220.048, 42.9561], "sphereRadius": 42.0985, "stabilizedPalmPosition": [200.85, 219.728, 65.1255], "t": [-15.8377, 15.5608, 30.5084], "timeVisible": 11.8976, "type": "right", "wrist": [230.719, 155.889, 64.4734]}], "id": 108933, "interactionBox": {"center": [0, 200, 0], "size": [235.247, 235.247, 147.751]}, "pointables": [{"bases": [[[-0.852917, 0.520045, 0.0456682], [-0.151278, -0.329935, 0.931804], [-0.499648, -0.787843, -0.360078]], [[-0.543116, 0.815361, 0.20053], [-0.1225, -0.313212, 0.94175], [-0.830674, -0.486914, -0.269992]], [[-0.543116, 0.815361, 0.20053], [-0.0399995, -0.263676, 0.963782], [-0.838705, -0.515424, -0.175821]], [[-0.543116, 0.815361, 0.20053], [0.0668653, -0.196066, 0.978308], [-0.836991, -0.544743, -0.0519672]]], "btipPosition": [123.097, 214.037, 98.5658], "carpPosition": [204.561, 164.419, 79.6735], "dipPosition": [140.681, 202.592, 97.474], "direction": [-0.838705, 0.515424, 0.175821], "extended": true, "handId": 159, "id": 1590, "length": 46.785, "mcpPosition": [204.561, 164.419, 79.6735], "pipPosition": [166.352, 186.816, 92.0925], "stabilizedTipPosition": [127.27, 211.579, 98.6924], "timeVisible": 11.8976, "tipPosition": [126.627, 211.273, 97.9087], "tipVelocity": [14.5068, 12.3333, -7.62234], "tool": false, "touchDistance": 0.471911, "touchZone": "none", "type": 0, "width": 19.3604}, {"bases": [[[-0.21076, -0.252268, -0.944426], [-0.929579, 0.35062, 0.113791], [-0.302429, -0.901902, 0.308399]], [[-0.19053, -0.192746, -0.962573], [-0.356141, 0.927305, -0.11519], [-0.914801, -0.320865, 0.245325]], [[-0.19053, -0.192746, -0.962573], [0.701163, 0.659551, -0.270856], [-0.687073, 0.726527, -0.00948151]], [[-0.19053, -0.192746, -0.962573], [0.960871, 0.164208, -0.223075], [-0.201059, 0.967411, -0.153917]]], "btipPosition": [167.802, 214.689, 26.8885], "carpPosition": [228.172, 184.045, 48.6041], "dipPosition": [170.913, 229.658, 24.5069], "direction": [-0.687073, -0.726527, 0.00948151], "extended": false, "handId": 159, "id": 1594, "length": 45.3436, "mcpPosition": [212.015, 232.23, 32.1275], "pipPosition": [182.977, 242.415, 24.3404], "stabilizedTipPosition": [169.297, 218.975, 27.6556], "timeVisible": 11.8976, "tipPosition": [168.348, 217.969, 26.0284], "tipVelocity": [9.06645, 21.9627, -1.90826], "tool": false, "touchDistance": 0.333333, "touchZone": "none", "type": 4, "width": 15.352}, {"bases": [[[0.581652, 0.78206, 0.223749], [-0.542173, 0.167671, 0.823368], [0.606407, -0.600224, 0.521538]], [[0.659535, 0.692065, 0.29336], [-0.437918, 0.0365649, 0.898271], [0.610935, -0.720909, 0.327183]], [[0.659535, 0.692065, 0.29336], [-0.724837, 0.482199, 0.492032], [0.19906, -0.53715, 0.819661]], [[0.659535, 0.692065, 0.29336], [-0.735926, 0.673979, 0.0645355], [-0.153056, -0.258455, 0.953821]]], "btipPosition": [8.61374, 258.463, 60.8517], "carpPosition": [-22.365, 203.432, 121.029], "dipPosition": [11.8294, 253.033, 80.8909], "direction": [0.19906, 0.53715, -0.819661], "extended": false, "handId": 157, "id": 1570, "length": 46.785, "mcpPosition": [-22.365, 203.432, 121.029], "pipPosition": [5.7366, 236.593, 105.979], "stabilizedTipPosition": [9.71441, 257.33, 65.4812], "timeVisible": 12.6614, "tipPosition": [10.729, 251.967, 62.6509], "tipVelocity": [-24.4547, -12.3497, -0.142648], "tool": false, "touchDistance": 0.347902, "touchZone": "hovering", "type": 0, "width": 19.3604}, {"bases": [[[0.884682, 0.0243445, -0.465558], [0.219165, 0.859682, 0.461425], [0.411465, -0.510249, 0.75521]], [[0.972565, -0.154684, -0.173753], [0.1964, 0.946266, 0.256918], [0.124676, -0.283994, 0.950686]], [[0.972565, -0.154684, -0.173753], [0.19216, 0.95516, 0.225266], [0.131117, -0.252474, 0.958679]], [[0.972565, -0.154684, -0.173753], [0.186459, 0.964957, 0.184635], [0.139104, -0.211968, 0.967326]]], "btipPosition": [5.53698, 277.234, -2.16129], "carpPosition": [-32.1411, 222.965, 121.334], "dipPosition": [3.40343, 273.983, 12.6754], "direction": [0.131117, 0.252474, -0.958679], "extended": true, "handId": 157, "id": 1571, "length": 52.7917, "mcpPosition": [-4.24994, 257.552, 70.1421], "pipPosition": [0.558478, 268.505, 33.4766], "stabilizedTipPosition": [5.25832, 276.536, 1.17378], "timeVisible": 12.6614, "tipPosition": [4.85633, 279.361, 1.36124], "tipVelocity": [-16.3586, -5.31237, 9.12812], "tool": false, "touchDistance": 0.345672, "touchZone": "hovering", "type": 1, "width": 18.4931}, {"bases": [[[0.881728, -0.19173, -0.431041], [0.374557, 0.84001, 0.392543], [0.286817, -0.507565, 0.812474]], [[0.912921, -0.260082, -0.314536], [0.327944, 0.92621, 0.185977], [0.242957, -0.272933, 0.930849]], [[0.912921, -0.260082, -0.314536], [0.298672, 0.95095, 0.0805586], [0.278156, -0.167487, 0.945821]], [[0.912921, -0.260082, -0.314536], [0.281901, 0.959114, 0.0251323], [0.29514, -0.111612, 0.948913]]], "btipPosition": [-1.16312, 275.459, -16.2351], "carpPosition": [-42.1925, 224.863, 116.422], "dipPosition": [-6.14201, 273.576, -0.227336], "direction": [0.278156, 0.167487, -0.945821], "extended": true, "handId": 157, "id": 1572, "length": 60.1519, "mcpPosition": [-23.7553, 257.491, 64.1945], "pipPosition": [-13.2426, 269.301, 23.917], "stabilizedTipPosition": [-2.09505, 275.036, -12.6582], "timeVisible": 12.6614, "tipPosition": [-0.907201, 275.881, -12.7331], "tipVelocity": [-15.7229, -3.55274, 10.6765], "tool": false, "touchDistance": 0.346388, "touchZone": "hovering", "type": 2, "width": 18.1627}, {"bases": [[[0.883563, -0.327107, -0.335137], [0.445547, 0.807558, 0.386443], [0.144234, -0.490767, 0.85927]], [[0.874245, -0.299493, -0.382099], [0.379134, 0.912768, 0.152025], [0.303238, -0.277774, 0.911531]], [[0.874245, -0.299493, -0.382099], [0.327489, 0.944815, 0.00874268], [0.358395, -0.132777, 0.92408]], [[0.874245, -0.299493, -0.382099], [0.311721, 0.949664, -0.0311362], [0.372191, -0.0918876, 0.923597]]], "btipPosition": [-16.5778, 268.093, -13.3461], "carpPosition": [-52.2201, 223.784, 111.278], "dipPosition": [-22.8204, 266.551, 2.14509], "direction": [0.358395, 0.132777, -0.92408], "extended": true, "handId": 157, "id": 1573, "length": 57.8376, "mcpPosition": [-43.8956, 252.108, 61.6858], "pipPosition": [-31.733, 263.25, 25.1253], "stabilizedTipPosition": [-17.7495, 267.767, -9.87525], "timeVisible": 12.6614, "tipPosition": [-16.9198, 269.468, -9.6262], "tipVelocity": [-17.9868, -4.66076, 8.47631], "tool": false, "touchDistance": 0.345471, "touchZone": "hovering", "type": 3, "width": 17.2829}, {"bases": [[[0.808474, -0.510614, -0.292648], [0.58853, 0.700298, 0.403999], [-0.00134729, -0.498855, 0.866685]], [[0.787561, -0.383672, -0.482227], [0.528102, 0.823491, 0.207294], [0.317577, -0.417922, 0.851168]], [[0.787561, -0.383672, -0.482227], [0.445047, 0.895391, 0.0144442], [0.42624, -0.225989, 0.875927]], [[0.787561, -0.383672, -0.482227], [0.398394, 0.914013, -0.0765635], [0.470137, -0.131818, 0.872694]]], "btipPosition": [-36.2546, 262.123, 2.99181], "carpPosition": [-61.0218, 216.198, 105.196], "dipPosition": [-43.5293, 260.083, 16.4955], "direction": [0.42624, 0.225989, -0.875927], "extended": true, "handId": 157, "id": 1574, "length": 45.3436, "mcpPosition": [-61.0938, 242.85, 58.8928], "pipPosition": [-51.0132, 256.115, 31.875], "stabilizedTipPosition": [-37.5627, 261.747, 6.01176], "timeVisible": 12.6614, "tipPosition": [-37.9249, 264.601, 6.68378], "tipVelocity": [-18.9512, -7.36278, 5.80456], "tool": false, "touchDistance": 0.344671, "touchZone": "hovering", "type": 4, "width": 15.352}, {"bases": [[[-0.375783, 0.286857, -0.881192], [-0.760352, 0.448147, 0.470137], [-0.529766, -0.846686, -0.0497063]], [[-0.3987, 0.249373, -0.882526], [-0.279612, 0.883446, 0.375954], [-0.873416, -0.396658, 0.282502]], [[-0.3987, 0.249373, -0.882526], [0.618472, 0.783666, -0.0579701], [-0.677149, 0.56893, 0.466678]], [[-0.3987, 0.249373, -0.882526], [0.882331, 0.366701, -0.294995], [-0.250059, 0.896295, 0.366233]]], "btipPosition": [131.29, 226.98, 57.7414], "carpPosition": [219.414, 180.381, 81.0106], "dipPosition": [135.126, 240.727, 63.3586], "direction": [-0.677149, -0.56893, -0.466678], "extended": false, "handId": 159, "id": 1591, "length": 52.7917, "mcpPosition": [183.504, 237.774, 84.3799], "pipPosition": [149.818, 253.072, 73.4845], "stabilizedTipPosition": [132.861, 230.289, 60.2588], "timeVisible": 11.8976, "tipPosition": [131.869, 229.732, 59.1404], "tipVelocity": [14.923, 10.0066, -0.265507], "tool": false, "touchDistance": 0.228391, "touchZone": "hovering", "type": 1, "width": 18.4931}, {"bases": [[[-0.308737, 0.0892, -0.946956], [-0.824383, 0.471494, 0.313188], [-0.474421, -0.877346, 0.0720328]], [[-0.287311, 0.128168, -0.949223], [-0.268679, 0.940436, 0.208306], [-0.919382, -0.314885, 0.235762]], [[-0.287311, 0.128168, -0.949223], [0.695, 0.709831, -0.114518], [-0.659111, 0.692613, 0.293019]], [[-0.287311, 0.128168, -0.949223], [0.937508, 0.240719, -0.251262], [-0.196292, 0.962095, 0.18932]]], "btipPosition": [134.122, 220.876, 46.3778], "carpPosition": [224.537, 184.764, 71.8834], "dipPosition": [137.434, 237.106, 49.5716], "direction": [-0.659111, -0.692613, -0.293019], "extended": false, "handId": 159, "id": 1592, "length": 60.1519, "mcpPosition": [194.041, 241.161, 67.2529], "pipPosition": [154.259, 254.786, 57.0516], "stabilizedTipPosition": [135.704, 223.952, 47.9922], "timeVisible": 11.8976, "tipPosition": [134.882, 223.625, 46.9417], "tipVelocity": [11.2249, 15.4173, -0.712404], "tool": false, "touchDistance": 0.221584, "touchZone": "hovering", "type": 2, "width": 18.1627}, {"bases": [[[-0.312157, -0.0766797, -0.946931], [-0.859037, 0.448454, 0.246868], [-0.405725, -0.890511, 0.205859]], [[-0.285375, -0.0191602, -0.958224], [-0.318709, 0.944799, 0.0760251], [-0.903873, -0.327091, 0.275728]], [[-0.285375, -0.0191602, -0.958224], [0.645948, 0.734762, -0.207066], [-0.708034, 0.678054, 0.197306]], [[-0.285375, -0.0191602, -0.958224], [0.919612, 0.276136, -0.279397], [-0.269954, 0.960927, 0.0611825]]], "btipPosition": [146.536, 218.358, 32.5476], "carpPosition": [228.341, 186.822, 61.4207], "dipPosition": [151.064, 234.475, 33.5738], "direction": [-0.708034, -0.678054, -0.197306], "extended": false, "handId": 159, "id": 1593, "length": 57.8376, "mcpPosition": [204.925, 238.218, 49.5396], "pipPosition": [168.672, 251.337, 38.4804], "stabilizedTipPosition": [148.19, 222.42, 33.8673], "timeVisible": 11.8976, "tipPosition": [147.262, 221.929, 32.5838], "tipVelocity": [10.4342, 19.5537, -1.27388], "tool": false, "touchDistance": 0.238069, "touchZone": "hovering", "type": 3, "width": 17.2829}], "r": [[0.260153, -0.883563, -0.389405], [0.895499, 0.37161, -0.244923], [0.361112, -0.284994, 0.887906]], "s": 8.81102, "t": [-841.446, -465.52, 1513.29], "timestamp": 18026683703}, {"currentFrameRate": 108.017, "devices": [], "gestures": [], "hands": [{"armBasis": [[0.819809, 0.208508, -0.533327], [0.32176, 0.602695, 0.730226], [0.473691, -0.770249, 0.427005]], "armWidth": 60.244, "confidence": 1, "direction": [0.219352, 0.631881, -0.743378], "elbow": [-174.05, 4.73948, 233.325], "grabAngle": 0.438322, "grabStrength": 0, "id": 157, "palmNormal": [0.278377, -0.770796, -0.573045], "palmPosition": [-30.5599, 239.581, 78.3307], "palmVelocity": [-24.5762, -9.79237, 8.31835], "palmWidth": 83.8285, "pinchDistance": 47.049, "pinchStrength": 0, "r": [[0.90855, 0.367004, -0.199612], [-0.349637, 0.929483, 0.117535], [0.228672, -0.0369946, 0.9728]], "s": 1.15357, "sphereCenter": [42.4709, 143.191, 8.64262], "sphereRadius": 141.101, "stabilizedPalmPosition": [-30.1163, 239.82, 78.2688], "t": [148.081, 83.6741, 162.565], "timeVisible": 12.67, "type": "left", "wrist": [-56.2097, 196.355, 127.098]}, {"armBasis": [[-0.550746, -0.0725667, -0.831512], [-0.734821, 0.514645, 0.44179], [-0.395875, -0.854327, 0.336762]], "armWidth": 60.244, "confidence": 1, "direction": [-0.342325, 0.939102, -0.0300311], "elbow": [329.337, -56.5419, 148.253], "grabAngle": 2.41837, "grabStrength": 1, "id": 159, "palmNormal": [-0.82966, -0.317124, -0.459452], "palmPosition": [199.98, 218.605, 63.6901], "palmVelocity": [12.4399, 8.79867, 1.55743], "palmWidth": 83.8285, "pinchDistance": 43.7822, "pinchStrength": 0.420992, "r": [[0.250967, 0.967962, 0.00806545], [-0.910541, 0.238891, -0.337411], [-0.328528, 0.0773353, 0.941323]], "s": 0.787155, "sphereCenter": [156.356, 220.139, 42.8696], "sphereRadius": 42.1086, "stabilizedPalmPosition": [200.842, 219.718, 65.113], "t": [-15.7223, 15.6454, 30.5213], "timeVisible": 11.9062, "type": "right", "wrist": [230.855, 155.99, 64.4767]}], "id": 108934, "interactionBox": {"center": [0, 200, 0], "size": [235.247, 235.247, 147.751]}, "pointables": [{"bases": [[[-0.852728, 0.520157, 0.0478803], [-0.149722, -0.331204, 0.931605], [-0.500439, -0.787236, -0.360305]], [[-0.542896, 0.815019, 0.202504], [-0.121029, -0.314548, 0.941494], [-0.831033, -0.486625, -0.269407]], [[-0.542896, 0.815019, 0.202504], [-0.0381376, -0.264812, 0.963546], [-0.838933, -0.515382, -0.174848]], [[-0.542896, 0.815019, 0.202504], [0.0691099, -0.196957, 0.977973], [-0.836951, -0.544933, -0.0506014]]], "btipPosition": [123.165, 214.086, 98.424], "carpPosition": [204.651, 164.479, 79.6178], "dipPosition": [140.75, 202.637, 97.3608], "direction": [-0.838933, 0.515382, 0.174848], "extended": true, "handId": 159, "id": 1590, "length": 46.7889, "mcpPosition": [204.651, 164.479, 79.6178], "pipPosition": [166.43, 186.861, 92.0086], "stabilizedTipPosition": [127.27, 211.578, 98.6901], "timeVisible": 11.9062, "tipPosition": [126.678, 211.287, 97.7854], "tipVelocity": [7.90308, 5.63279, -15.6785], "tool": false, "touchDistance": 0.469657, "touchZone": "none", "type": 0, "width": 19.3594}, {"bases": [[[-0.212458, -0.250906, -0.944409], [-0.929306, 0.350653, 0.115901], [-0.30208, -0.902269, 0.307667]], [[-0.192205, -0.191239, -0.962541], [-0.357191, 0.927184, -0.112889], [-0.914041, -0.322113, 0.246519]], [[-0.192205, -0.191239, -0.962541], [0.699274, 0.661471, -0.271057], [-0.688529, 0.725179, -0.00659032]], [[-0.192205, -0.191239, -0.962541], [0.959941, 0.16714, -0.224894], [-0.203887, 0.967208, -0.151453]]], "btipPosition": [167.911, 214.875, 26.8185], "carpPosition": [228.31, 184.15, 48.6207], "dipPosition": [171.067, 229.842, 24.4748], "direction": [-0.688529, -0.725179, 0.00659032], "extended": false, "handId": 159, "id": 1594, "length": 45.3474, "mcpPosition": [212.173, 232.351, 32.1847], "pipPosition": [183.157, 242.576, 24.3591], "stabilizedTipPosition": [169.289, 218.968, 27.6396], "timeVisible": 11.9062, "tipPosition": [168.522, 218.093, 25.9879], "tipVelocity": [13.8293, 21.5007, -7.10867], "tool": false, "touchDistance": 0.333333, "touchZone": "none", "type": 4, "width": 15.3512}, {"bases": [[[0.582463, 0.78003, 0.228672], [-0.542454, 0.163492, 0.824023], [0.605376, -0.604007, 0.518358]], [[0.659308, 0.690737, 0.296975], [-0.43899, 0.0329782, 0.897887], [0.61041, -0.722353, 0.324969]], [[0.659308, 0.690737, 0.296975], [-0.725291, 0.480189, 0.493327], [0.198155, -0.540648, 0.817578]], [[0.659308, 0.690737, 0.296975], [-0.736052, 0.673554, 0.0674672], [-0.153427, -0.263071, 0.952499]]], "btipPosition": [8.40724, 258.411, 60.892], "carpPosition": [-22.5091, 203.111, 120.878], "dipPosition": [11.6309, 252.884, 80.9052], "direction": [0.198155, 0.540648, -0.817578], "extended": false, "handId": 157, "id": 1570, "length": 46.7889, "mcpPosition": [-22.5091, 203.111, 120.878], "pipPosition": [5.56536, 236.334, 105.931], "stabilizedTipPosition": [9.50705, 257.26, 65.4863], "timeVisible": 12.67, "tipPosition": [10.4782, 252.08, 62.8013], "tipVelocity": [-23.7273, -8.67724, 3.98128], "tool": false, "touchDistance": 0.34696, "touchZone": "hovering", "type": 0, "width": 19.3594}, {"bases": [[[0.884984, 0.0260063, -0.464894], [0.219931, 0.856694, 0.466589], [0.410406, -0.515169, 0.752441]], [[0.972409, -0.154384, -0.174892], [0.196896, 0.945218, 0.260373], [0.125113, -0.287624, 0.949536]], [[0.972409, -0.154384, -0.174892], [0.192384, 0.95473, 0.226889], [0.131946, -0.254275, 0.958089]], [[0.972409, -0.154384, -0.174892], [0.186579, 0.96471, 0.185804], [0.140034, -0.213309, 0.966897]]], "btipPosition": [5.34581, 277.428, -1.94105], "carpPosition": [-32.3081, 222.627, 121.305], "dipPosition": [3.19781, 274.156, 12.8903], "direction": [0.131946, 0.254275, -0.958089], "extended": true, "handId": 157, "id": 1571, "length": 52.7961, "mcpPosition": [-4.49109, 257.545, 70.3047], "pipPosition": [0.334622, 268.638, 33.6805], "stabilizedTipPosition": [5.12545, 276.582, 1.27064], "timeVisible": 12.67, "tipPosition": [4.55625, 279.719, 1.64396], "tipVelocity": [-22.5497, 21.9089, 25.3921], "tool": false, "touchDistance": 0.347723, "touchZone": "hovering", "type": 1, "width": 18.4921}, {"bases": [[[0.881749, -0.190263, -0.431647], [0.375339, 0.837239, 0.397683], [0.285728, -0.51267, 0.809648]], [[0.912721, -0.259126, -0.315903], [0.32825, 0.92543, 0.18929], [0.243296, -0.276464, 0.929718]], [[0.912721, -0.259126, -0.315903], [0.298323, 0.950945, 0.0818963], [0.279185, -0.16899, 0.945251]], [[0.912721, -0.259126, -0.315903], [0.281142, 0.95933, 0.0253783], [0.296479, -0.111977, 0.948452]]], "btipPosition": [-1.34014, 275.662, -15.9963], "carpPosition": [-42.3634, 224.542, 116.41], "dipPosition": [-6.34205, 273.772, 0.0050591], "direction": [0.279185, 0.16899, -0.945251], "extended": true, "handId": 157, "id": 1572, "length": 60.1569, "mcpPosition": [-23.9977, 257.495, 64.3688], "pipPosition": [-13.4695, 269.458, 24.1369], "stabilizedTipPosition": [-2.22124, 275.097, -12.5491], "timeVisible": 12.67, "tipPosition": [-1.24192, 276.342, -12.4613], "tipVelocity": [-21.138, 23.3232, 27.5181], "tool": false, "touchDistance": 0.348643, "touchZone": "hovering", "type": 2, "width": 18.1617}, {"bases": [[[0.883365, -0.326203, -0.336539], [0.446294, 0.804737, 0.391434], [0.143138, -0.495974, 0.856458]], [[0.874144, -0.298401, -0.383183], [0.379445, 0.91208, 0.155342], [0.303139, -0.281188, 0.910516]], [[0.874144, -0.298401, -0.383183], [0.32702, 0.944963, 0.0101393], [0.359068, -0.134172, 0.923617]], [[0.874144, -0.298401, -0.383183], [0.310831, 0.94997, -0.0306914], [0.37317, -0.0922764, 0.923163]]], "btipPosition": [-16.7815, 268.267, -13.1382], "carpPosition": [-52.3913, 223.481, 111.267], "dipPosition": [-23.0411, 266.719, 2.347], "direction": [0.359068, 0.134172, -0.923617], "extended": true, "handId": 157, "id": 1573, "length": 57.8425, "mcpPosition": [-44.1308, 252.103, 61.8405], "pipPosition": [-31.9712, 263.382, 25.3176], "stabilizedTipPosition": [-17.8983, 267.812, -9.78103], "timeVisible": 12.67, "tipPosition": [-17.2382, 269.877, -9.38942], "tipVelocity": [-24.0697, 20.0322, 23.9428], "tool": false, "touchDistance": 0.347355, "touchZone": "hovering", "type": 3, "width": 17.282}, {"bases": [[[0.80803, -0.509866, -0.29517], [0.589137, 0.697203, 0.408443], [-0.00245753, -0.50393, 0.863741]], [[0.787547, -0.382343, -0.483305], [0.528463, 0.822447, 0.210495], [0.317011, -0.421184, 0.849769]], [[0.787547, -0.382343, -0.483305], [0.444513, 0.895633, 0.0158001], [0.426823, -0.227279, 0.875309]], [[0.787547, -0.382343, -0.483305], [0.397099, 0.914586, -0.0764539], [0.471255, -0.131709, 0.872107]]], "btipPosition": [-36.4668, 262.241, 3.16212], "carpPosition": [-61.1863, 215.921, 105.146], "dipPosition": [-43.7594, 260.203, 16.6578], "direction": [0.426823, 0.227279, -0.875309], "extended": true, "handId": 157, "id": 1574, "length": 45.3474, "mcpPosition": [-61.3176, 242.841, 59.0035], "pipPosition": [-51.2541, 256.212, 32.0278], "stabilizedTipPosition": [-37.7152, 261.753, 6.07847], "timeVisible": 12.67, "tipPosition": [-38.2079, 264.88, 6.89807], "tipVelocity": [-25.0753, 13.6891, 19.5343], "tool": false, "touchDistance": 0.346065, "touchZone": "hovering", "type": 4, "width": 15.3512}, {"bases": [[[-0.377258, 0.288164, -0.880135], [-0.759438, 0.447647, 0.472087], [-0.530029, -0.846507, -0.0499641]], [[-0.400229, 0.250615, -0.881481], [-0.278769, 0.883001, 0.377619], [-0.872986, -0.396864, 0.283539]], [[-0.400229, 0.250615, -0.881481], [0.618737, 0.78344, -0.0581913], [-0.676004, 0.568695, 0.46862]], [[-0.400229, 0.250615, -0.881481], [0.882028, 0.366367, -0.296315], [-0.248685, 0.896085, 0.36768]]], "btipPosition": [131.417, 227.037, 57.6444], "carpPosition": [219.498, 180.44, 81.0029], "dipPosition": [135.232, 240.782, 63.2842], "direction": [-0.676004, -0.568695, -0.46862], "extended": false, "handId": 159, "id": 1591, "length": 52.7961, "mcpPosition": [183.573, 237.815, 84.3894], "pipPosition": [149.901, 253.123, 73.4531], "stabilizedTipPosition": [132.859, 230.289, 60.2539], "timeVisible": 11.9062, "tipPosition": [131.982, 229.8, 59.0508], "tipVelocity": [14.1825, 6.54196, -10.6514], "tool": false, "touchDistance": 0.226859, "touchZone": "hovering", "type": 1, "width": 18.4921}, {"bases": [[[-0.310368, 0.0905852, -0.946291], [-0.823737, 0.471227, 0.315282], [-0.474477, -0.877348, 0.0716355]], [[-0.288889, 0.12964, -0.948544], [-0.268333, 0.940111, 0.210211], [-0.918989, -0.315254, 0.236801]], [[-0.288889, 0.12964, -0.948544], [0.694561, 0.71027, -0.114461], [-0.658884, 0.691889, 0.295232]], [[-0.288889, 0.12964, -0.948544], [0.937008, 0.241507, -0.252368], [-0.196363, 0.9617, 0.191243]]], "btipPosition": [134.236, 220.982, 46.2766], "carpPosition": [224.635, 184.836, 71.8919], "dipPosition": [137.549, 237.207, 49.5031], "direction": [-0.658884, -0.691889, -0.295232], "extended": false, "handId": 159, "id": 1592, "length": 60.1569, "mcpPosition": [194.138, 241.229, 67.2874], "pipPosition": [154.37, 254.871, 57.0402], "stabilizedTipPosition": [135.701, 223.956, 47.9875], "timeVisible": 11.9062, "tipPosition": [135.018, 223.713, 46.8494], "tipVelocity": [13.2066, 12.2182, -10.8629], "tool": false, "touchDistance": 0.220022, "touchZone": "hovering", "type": 2, "width": 18.1617}, {"bases": [[[-0.313823, -0.0752937, -0.946491], [-0.858512, 0.448287, 0.248991], [-0.405552, -0.890713, 0.205323]], [[-0.286982, -0.0176252, -0.957774], [-0.318835, 0.944583, 0.0781516], [-0.903319, -0.3278, 0.276698]], [[-0.286982, -0.0176252, -0.957774], [0.644832, 0.735829, -0.206755], [-0.708402, 0.676938, 0.199805]], [[-0.286982, -0.0176252, -0.957774], [0.918827, 0.277706, -0.280423], [-0.270922, 0.960504, 0.0635024]]], "btipPosition": [146.655, 218.514, 32.4575], "carpPosition": [228.457, 186.91, 61.44], "dipPosition": [151.2, 234.626, 33.5227], "direction": [-0.708402, -0.676938, -0.199805], "extended": false, "handId": 159, "id": 1593, "length": 57.8425, "mcpPosition": [205.052, 238.312, 49.5909], "pipPosition": [168.818, 251.461, 38.4918], "stabilizedTipPosition": [148.187, 222.419, 33.8593], "timeVisible": 11.9062, "tipPosition": [147.424, 222.038, 32.5111], "tipVelocity": [14.2611, 17.9497, -9.40765], "tool": false, "touchDistance": 0.236717, "touchZone": "hovering", "type": 3, "width": 17.282}], "r": [[0.259593, -0.883795, -0.389254], [0.895987, 0.370801, -0.244365], [0.360305, -0.285331, 0.888125]], "s": 8.81186, "t": [-841.392, -465.427, 1513.28], "timestamp": 18026692328}, {"currentFrameRate": 108.346, "devices": [], "gestures": [], "hands": [{"armBasis": [[0.820029, 0.20757, -0.533354], [0.322253, 0.602686, 0.730016], [0.472975, -0.770509, 0.42733]], "armWidth": 60.2407, "confidence": 1, "direction": [0.219027, 0.632842, -0.742657], "elbow": [-173.999, 4.48204, 233.411], "grabAngle": 0.442878, "grabStrength": 0, "id": 157, "palmNormal": [0.279158, -0.769965, -0.573781], "palmPosition": [-30.7253, 239.432, 78.3906], "palmVelocity": [-19.1526, -17.2257, 6.93587], "palmWidth": 83.8227, "pinchDistance": 47.064, "pinchStrength": 0, "r": [[0.908923, 0.366631, -0.198598], [-0.348819, 0.929532, 0.119566], [0.228439, -0.0394014, 0.972761]], "s": 1.15304, "sphereCenter": [41.859, 143.775, 8.94859], "sphereRadius": 140.192, "stabilizedPalmPosition": [-30.2716, 239.721, 78.2998], "t": [147.898, 83.5531, 162.616], "timeVisible": 12.6786, "type": "left", "wrist": [-56.3472, 196.146, 127.113]}, {"armBasis": [[-0.551963, -0.0721353, -0.830743], [-0.733328, 0.516237, 0.442412], [-0.396947, -0.853403, 0.337842]], "armWidth": 60.2407, "confidence": 1, "direction": [-0.342237, 0.93915, -0.029518], "elbow": [329.659, -56.2219, 148.5], "grabAngle": 2.41742, "grabStrength": 1, "id": 159, "palmNormal": [-0.82936, -0.316695, -0.460289], "palmPosition": [200.036, 218.665, 63.6884], "palmVelocity": [6.56441, 6.90507, -0.195089], "palmWidth": 83.8227, "pinchDistance": 43.7396, "pinchStrength": 0.422037, "r": [[0.250649, 0.968043, 0.00825218], [-0.910571, 0.238645, -0.337504], [-0.328688, 0.077081, 0.941288]], "s": 0.786345, "sphereCenter": [156.432, 220.212, 42.8028], "sphereRadius": 42.1146, "stabilizedPalmPosition": [200.835, 219.709, 65.1005], "t": [-15.6363, 15.7176, 30.527], "timeVisible": 11.9148, "type": "right", "wrist": [230.919, 156.061, 64.462]}], "id": 108935, "interactionBox": {"center": [0, 200, 0], "size": [235.247, 235.247, 147.751]}, "pointables": [{"bases": [[[-0.852731, 0.520057, 0.0488971], [-0.149044, -0.331962, 0.931444], [-0.500636, -0.786983, -0.360585]], [[-0.543191, 0.814599, 0.203401], [-0.120333, -0.315287, 0.941336], [-0.830941, -0.48685, -0.269284]], [[-0.543191, 0.814599, 0.203401], [-0.0370882, -0.2653, 0.963452], [-0.838789, -0.515795, -0.174321]], [[-0.543191, 0.814599, 0.203401], [0.0704497, -0.197182, 0.977832], [-0.836648, -0.545479, -0.0497194]]], "btipPosition": [123.221, 214.172, 98.3397], "carpPosition": [204.693, 164.531, 79.5746], "dipPosition": [140.801, 202.71, 97.295], "direction": [-0.838789, 0.515795, 0.174321], "extended": true, "handId": 159, "id": 1590, "length": 46.7921, "mcpPosition": [204.693, 164.531, 79.5746], "pipPosition": [166.479, 186.92, 91.9586], "stabilizedTipPosition": [127.27, 211.578, 98.6876], "timeVisible": 11.9148, "tipPosition": [126.712, 211.325, 97.7277], "tipVelocity": [6.42009, 9.5838, -9.26093], "tool": false, "touchDistance": 0.468324, "touchZone": "none", "type": 0, "width": 19.3586}, {"bases": [[[-0.213104, -0.250163, -0.94446], [-0.929249, 0.350493, 0.116835], [-0.301799, -0.902537, 0.307155]], [[-0.192828, -0.190364, -0.96259], [-0.357958, 0.927041, -0.111627], [-0.91361, -0.323042, 0.246902]], [[-0.192828, -0.190364, -0.96259], [0.697695, 0.663193, -0.270919], [-0.689956, 0.723835, -0.00493367]], [[-0.192828, -0.190364, -0.96259], [0.959253, 0.169901, -0.22576], [-0.206522, 0.9669, -0.149845]]], "btipPosition": [167.935, 215.015, 26.7726], "carpPosition": [228.373, 184.222, 48.6129], "dipPosition": [171.131, 229.978, 24.4537], "direction": [-0.689956, -0.723835, 0.00493367], "extended": false, "handId": 159, "id": 1594, "length": 45.3505, "mcpPosition": [212.251, 232.434, 32.2054], "pipPosition": [183.247, 242.689, 24.367], "stabilizedTipPosition": [169.282, 218.962, 27.6235], "timeVisible": 11.9148, "tipPosition": [168.606, 218.186, 25.965], "tipVelocity": [3.82938, 16.0597, -4.6503], "tool": false, "touchDistance": 0.333333, "touchZone": "none", "type": 4, "width": 15.3506}, {"bases": [[[0.583161, 0.779312, 0.229339], [-0.542106, 0.163071, 0.824336], [0.605016, -0.605047, 0.517566]], [[0.65939, 0.690645, 0.297009], [-0.439103, 0.0331245, 0.897826], [0.610241, -0.722435, 0.325106]], [[0.65939, 0.690645, 0.297009], [-0.725244, 0.480278, 0.493309], [0.198055, -0.540687, 0.817577]], [[0.65939, 0.690645, 0.297009], [-0.736076, 0.673459, 0.0681467], [-0.152958, -0.263557, 0.95244]]], "btipPosition": [8.25673, 258.241, 60.9053], "carpPosition": [-22.6563, 202.928, 120.898], "dipPosition": [11.4708, 252.703, 80.9185], "direction": [0.198055, 0.540688, -0.817577], "extended": false, "handId": 157, "id": 1570, "length": 46.7921, "mcpPosition": [-22.6563, 202.928, 120.898], "pipPosition": [5.40788, 236.151, 105.946], "stabilizedTipPosition": [9.32414, 257.155, 65.4942], "timeVisible": 12.6786, "tipPosition": [10.2975, 252.016, 62.9033], "tipVelocity": [-17.6867, -19.9557, 1.53659], "tool": false, "touchDistance": 0.345797, "touchZone": "hovering", "type": 0, "width": 19.3586}, {"bases": [[[0.884884, 0.0257696, -0.465097], [0.220754, 0.856023, 0.467432], [0.41018, -0.516295, 0.751793]], [[0.972185, -0.154671, -0.17588], [0.19733, 0.94541, 0.259347], [0.126165, -0.28684, 0.949634]], [[0.972185, -0.154671, -0.17588], [0.1926, 0.955238, 0.224556], [0.133275, -0.252184, 0.958458]], [[0.972185, -0.154671, -0.17588], [0.186661, 0.965244, 0.182928], [0.141473, -0.21067, 0.967266]]], "btipPosition": [5.25766, 277.193, -1.8771], "carpPosition": [-32.4711, 222.432, 121.343], "dipPosition": [3.08745, 273.961, 12.9609], "direction": [0.133275, 0.252184, -0.958458], "extended": true, "handId": 157, "id": 1571, "length": 52.7996, "mcpPosition": [-4.67138, 257.424, 70.391], "pipPosition": [0.19523, 268.488, 33.7605], "stabilizedTipPosition": [5.00864, 276.54, 1.355], "timeVisible": 12.6786, "tipPosition": [4.38311, 279.635, 1.75221], "tipVelocity": [-10.7998, -26.1783, 7.58432], "tool": false, "touchDistance": 0.347267, "touchZone": "hovering", "type": 1, "width": 18.4913}, {"bases": [[[0.88148, -0.190532, -0.432077], [0.376128, 0.836513, 0.398464], [0.285518, -0.513754, 0.809034]], [[0.912373, -0.259384, -0.316693], [0.328384, 0.925666, 0.187897], [0.244415, -0.27543, 0.929731]], [[0.912373, -0.259384, -0.316693], [0.297896, 0.95132, 0.0790516], [0.280772, -0.166466, 0.945228]], [[0.912373, -0.259384, -0.316693], [0.280403, 0.959634, 0.021846], [0.298243, -0.108734, 0.948276]]], "btipPosition": [-1.3969, 275.369, -15.9171], "carpPosition": [-42.5256, 224.344, 116.449], "dipPosition": [-6.42891, 273.534, 0.0823604], "direction": [0.280772, 0.166466, -0.945228], "extended": true, "handId": 157, "id": 1572, "length": 60.161, "mcpPosition": [-24.1747, 257.364, 64.4505], "pipPosition": [-13.5974, 269.284, 24.2153], "stabilizedTipPosition": [-2.32527, 275.05, -12.4517], "timeVisible": 12.6786, "tipPosition": [-1.43421, 276.289, -12.353], "tipVelocity": [-7.3751, -32.4723, 9.12068], "tool": false, "touchDistance": 0.348293, "touchZone": "hovering", "type": 2, "width": 18.1609}, {"bases": [[[0.88301, -0.326572, -0.337112], [0.447055, 0.803959, 0.392163], [0.142954, -0.496991, 0.855899]], [[0.873826, -0.298785, -0.383609], [0.379481, 0.91232, 0.153836], [0.30401, -0.279998, 0.910592]], [[0.873826, -0.298785, -0.383609], [0.326352, 0.945221, 0.00718658], [0.360448, -0.131471, 0.923468]], [[0.873826, -0.298785, -0.383609], [0.309971, 0.950139, -0.0339575], [0.374628, -0.0892347, 0.922871]]], "btipPosition": [-16.8561, 267.958, -13.0668], "carpPosition": [-52.5503, 223.28, 111.302], "dipPosition": [-23.1406, 266.462, 2.4146], "direction": [0.360448, 0.131471, -0.923468], "extended": true, "handId": 157, "id": 1573, "length": 57.8464, "mcpPosition": [-44.301, 251.959, 61.9115], "pipPosition": [-32.1056, 263.192, 25.383], "stabilizedTipPosition": [-18.0229, 267.751, -9.69608], "timeVisible": 12.6786, "tipPosition": [-17.4212, 269.793, -9.29786], "tipVelocity": [-9.30227, -34.3651, 8.17248], "tool": false, "touchDistance": 0.347012, "touchZone": "hovering", "type": 3, "width": 17.2813}, {"bases": [[[0.807535, -0.510217, -0.295916], [0.589814, 0.69629, 0.409022], [-0.00264596, -0.504835, 0.863212]], [[0.787231, -0.382894, -0.483384], [0.52858, 0.822714, 0.209154], [0.317603, -0.420159, 0.850056]], [[0.787231, -0.382894, -0.483384], [0.443658, 0.896106, 0.0127178], [0.428293, -0.224469, 0.875316]], [[0.787231, -0.382894, -0.483384], [0.395781, 0.914845, -0.0800977], [0.47289, -0.128259, 0.871737]]], "btipPosition": [-36.5556, 261.953, 3.21188], "carpPosition": [-61.3366, 215.72, 105.171], "dipPosition": [-43.8739, 259.968, 16.7028], "direction": [0.428293, 0.224469, -0.875316], "extended": true, "handId": 157, "id": 1574, "length": 45.3505, "mcpPosition": [-61.4779, 242.687, 59.0605], "pipPosition": [-51.395, 256.026, 32.0739], "stabilizedTipPosition": [-37.8512, 261.687, 6.13985], "timeVisible": 12.6786, "tipPosition": [-38.3736, 264.755, 6.97333], "tipVelocity": [-10.9687, -31.9196, 5.63382], "tool": false, "touchDistance": 0.345521, "touchZone": "hovering", "type": 4, "width": 15.3506}, {"bases": [[[-0.377897, 0.288843, -0.879638], [-0.759138, 0.447214, 0.47298], [-0.530003, -0.846504, -0.0502709]], [[-0.400961, 0.251135, -0.881001], [-0.278281, 0.882858, 0.378315], [-0.872806, -0.396855, 0.284105]], [[-0.400961, 0.251135, -0.881001], [0.618849, 0.78334, -0.0583542], [-0.675468, 0.568604, 0.469503]], [[-0.400961, 0.251135, -0.881001], [0.881907, 0.36609, -0.297017], [-0.247934, 0.896052, 0.368265]]], "btipPosition": [131.489, 227.081, 57.593], "carpPosition": [219.538, 180.487, 80.9827], "dipPosition": [135.292, 240.827, 63.2422], "direction": [-0.675468, -0.568604, -0.469503], "extended": false, "handId": 159, "id": 1591, "length": 52.7996, "mcpPosition": [183.618, 237.858, 84.3898], "pipPosition": [149.951, 253.166, 73.4309], "stabilizedTipPosition": [132.857, 230.289, 60.2488], "timeVisible": 11.9148, "tipPosition": [132.043, 229.869, 59.0101], "tipVelocity": [7.98351, 5.09731, -5.70279], "tool": false, "touchDistance": 0.226039, "touchZone": "hovering", "type": 1, "width": 18.4913}, {"bases": [[[-0.31104, 0.0913222, -0.945999], [-0.823549, 0.470914, 0.316239], [-0.474364, -0.877439, 0.0712648]], [[-0.289555, 0.130399, -0.948237], [-0.268184, 0.939943, 0.211151], [-0.918823, -0.315442, 0.237194]], [[-0.289555, 0.130399, -0.948237], [0.694129, 0.710731, -0.114223], [-0.659047, 0.691273, 0.296309]], [[-0.289555, 0.130399, -0.948237], [0.936712, 0.242291, -0.252717], [-0.196795, 0.961401, 0.192302]]], "btipPosition": [134.284, 221.065, 46.2249], "carpPosition": [224.682, 184.889, 71.8798], "dipPosition": [137.604, 237.286, 49.4694], "direction": [-0.659047, -0.691273, -0.296309], "extended": false, "handId": 159, "id": 1592, "length": 60.161, "mcpPosition": [194.194, 241.284, 67.2994], "pipPosition": [154.431, 254.935, 57.0346], "stabilizedTipPosition": [135.697, 223.96, 47.9824], "timeVisible": 11.9148, "tipPosition": [135.087, 223.792, 46.8063], "tipVelocity": [5.75621, 9.48004, -5.51096], "tool": false, "touchDistance": 0.219229, "touchZone": "hovering", "type": 2, "width": 18.1609}, {"bases": [[[-0.314483, -0.0745567, -0.946331], [-0.858369, 0.448025, 0.249954], [-0.405344, -0.890907, 0.204893]], [[-0.287619, -0.0168027, -0.957598], [-0.318978, 0.944444, 0.0792345], [-0.903066, -0.328242, 0.277]], [[-0.287619, -0.0168027, -0.957598], [0.643795, 0.736865, -0.206296], [-0.709086, 0.675831, 0.201119]], [[-0.287619, -0.0168027, -0.957598], [0.918261, 0.279288, -0.280705], [-0.272162, 0.96006, 0.0648991]]], "btipPosition": [146.691, 218.634, 32.407], "carpPosition": [228.511, 186.971, 61.4333], "dipPosition": [151.257, 234.739, 33.4957], "direction": [-0.709086, -0.675831, -0.201119], "extended": false, "handId": 159, "id": 1593, "length": 57.8464, "mcpPosition": [205.12, 238.381, 49.6098], "pipPosition": [168.893, 251.549, 38.4979], "stabilizedTipPosition": [148.183, 222.418, 33.851], "timeVisible": 11.9148, "tipPosition": [147.503, 222.127, 32.4759], "tipVelocity": [4.72629, 13.7553, -5.21473], "tool": false, "touchDistance": 0.235966, "touchZone": "hovering", "type": 3, "width": 17.2813}], "r": [[0.258854, -0.884106, -0.389038], [0.896553, 0.369789, -0.243822], [0.359426, -0.285679, 0.888369]], "s": 8.81244, "t": [-841.357, -465.413, 1513.27], "timestamp": 18026700963}, {"currentFrameRate": 108.66, "devices": [], "gestures": [], "hands": [{"armBasis": [[0.820127, 0.20596, -0.533827], [0.323035, 0.603394, 0.729084], [0.47227, -0.770387, 0.428328]], "armWidth": 60.238, "confidence": 1, "direction": [0.218764, 0.632626, -0.742918], "elbow": [-173.991, 4.35299, 233.674], "grabAngle": 0.44655, "grabStrength": 0, "id": 157, "palmNormal": [0.280139, -0.770027, -0.573219], "palmPosition": [-30.924, 239.248, 78.396], "palmVelocity": [-22.9994, -21.2912, 0.626139], "palmWidth": 83.818, "pinchDistance": 47.0028, "pinchStrength": 0, "r": [[0.909272, 0.366136, -0.19791], [-0.347979, 0.929646, 0.121116], [0.228331, -0.0412591, 0.972709]], "s": 1.15246, "sphereCenter": [41.3201, 144.02, 9.24994], "sphereRadius": 139.529, "stabilizedPalmPosition": [-30.4341, 239.603, 78.3238], "t": [147.707, 83.4006, 162.643], "timeVisible": 12.6873, "type": "left", "wrist": [-56.5227, 195.973, 127.135]}, {"armBasis": [[-0.553142, -0.0716259, -0.830002], [-0.731887, 0.51771, 0.443078], [-0.397965, -0.852553, 0.338789]], "armWidth": 60.238, "confidence": 1, "direction": [-0.342153, 0.93919, -0.0292175], "elbow": [329.979, -55.9668, 148.693], "grabAngle": 2.41675, "grabStrength": 1, "id": 159, "palmNormal": [-0.82899, -0.316354, -0.461189], "palmPosition": [200.102, 218.683, 63.6533], "palmVelocity": [7.58904, 2.14594, -4.05584], "palmWidth": 83.818, "pinchDistance": 43.73, "pinchStrength": 0.422227, "r": [[0.250384, 0.968109, 0.00848073], [-0.910655, 0.23848, -0.337395], [-0.328658, 0.0767553, 0.941325]], "s": 0.78573, "sphereCenter": [156.514, 220.243, 42.712], "sphereRadius": 42.1219, "stabilizedPalmPosition": [200.829, 219.7, 65.0886], "t": [-15.5605, 15.7629, 30.5123], "timeVisible": 11.9235, "type": "right", "wrist": [230.992, 156.09, 64.4258]}], "id": 108936, "interactionBox": {"center": [0, 200, 0], "size": [235.247, 235.247, 147.751]}, "pointables": [{"bases": [[[-0.852721, 0.519973, 0.0499439], [-0.148236, -0.332556, 0.931361], [-0.500891, -0.786788, -0.360656]], [[-0.543334, 0.814285, 0.204275], [-0.119585, -0.315912, 0.941222], [-0.830956, -0.48697, -0.269022]], [[-0.543334, 0.814285, 0.204275], [-0.0361401, -0.265785, 0.963355], [-0.838738, -0.516041, -0.173839]], [[-0.543334, 0.814285, 0.204275], [0.0715443, -0.197527, 0.977683], [-0.836462, -0.545823, -0.0490658]]], "btipPosition": [123.275, 214.204, 98.2325], "carpPosition": [204.741, 164.543, 79.5084], "dipPosition": [140.852, 202.734, 97.2014], "direction": [-0.838738, 0.516041, 0.173839], "extended": true, "handId": 159, "id": 1590, "length": 46.7946, "mcpPosition": [204.741, 164.543, 79.5084], "pipPosition": [166.529, 186.936, 91.8796], "stabilizedTipPosition": [127.27, 211.578, 98.6853], "timeVisible": 11.9235, "tipPosition": [126.749, 211.327, 97.6269], "tipVelocity": [6.12458, 3.5231, -12.0521], "tool": false, "touchDistance": 0.466589, "touchZone": "none", "type": 0, "width": 19.3579}, {"bases": [[[-0.213886, -0.249584, -0.944437], [-0.929172, 0.350361, 0.11784], [-0.301483, -0.902748, 0.306844]], [[-0.193572, -0.189604, -0.96259], [-0.358224, 0.927065, -0.11057], [-0.913348, -0.32342, 0.247375]], [[-0.193572, -0.189604, -0.96259], [0.697135, 0.663774, -0.270936], [-0.690313, 0.7235