{"frames": 67, "data": [{"currentFrameRate": 112.768, "devices": [], "gestures": [], "hands": [{"armBasis": [[0.91112, -0.206752, -0.35653], [0.403683, 0.273328, 0.873116], [-0.0830692, -0.939439, 0.332497]], "armWidth": 59.0231, "confidence": 1, "direction": [0.0641856, 0.9823, -0.175973], "elbow": [-64.6424, -166.383, 127.069], "grabAngle": 0.0978319, "grabStrength": 0, "id": 106, "palmNormal": [0.41102, -0.186707, -0.892302], "palmPosition": [-73.9163, 123.422, 33.5471], "palmVelocity": [-11.58, 3.07486, -4.4278], "palmWidth": 80.6694, "pinchDistance": 42.2108, "pinchStrength": 0, "r": [[-0.123715, -0.884232, -0.450364], [0.55753, -0.437382, 0.70559], [-0.820887, -0.163799, 0.547097]], "s": 1.0874, "sphereCenter": [-26.5503, 113.808, -93.9532], "sphereRadius": 141.295, "stabilizedPalmPosition": [-73.769, 128.223, 34.9888], "t": [-20.0516, -67.49, -20.2251], "timeVisible": 9.17494, "type": "left", "wrist": [-84.527, 58.4954, 47.4779]}], "id": 137577, "interactionBox": {"center": [0, 200, 0], "size": [235.247, 235.247, 147.751]}, "pointables": [{"bases": [[[0.721028, 0.352617, 0.596473], [-0.522987, -0.287742, 0.802302], [0.454535, -0.89043, -0.0230563]], [[0.681403, 0.424319, 0.596358], [-0.463554, -0.380347, 0.800283], [0.566399, -0.82176, -0.0624748]], [[0.681403, 0.424319, 0.596358], [-0.673821, 0.0455715, 0.737488], [0.285753, -0.904365, 0.316968]], [[0.681403, 0.424319, 0.596358], [-0.731085, 0.43323, 0.527092], [-0.0347048, -0.795151, 0.605418]]], "btipPosition": [-25.1944, 151.749, 26.2416], "carpPosition": [-57.9844, 72.6202, 45.0773], "dipPosition": [-24.4919, 135.655, 38.4956], "direction": [0.285753, 0.904365, -0.316968], "extended": true, "handId": 106, "id": 1060, "length": 45.0726, "mcpPosition": [-57.9844, 72.6202, 45.0773], "pipPosition": [-32.918, 108.988, 47.8421], "stabilizedTipPosition": [-24.7237, 150.154, 30.3385], "timeVisible": 9.17494, "tipPosition": [-26.6691, 147.848, 27.4688], "tipVelocity": [-5.35066, -1.76513, -13.4716], "tool": false, "touchDistance": -0.300302, "touchZone": "touching", "type": 0, "width": 19.1104}, {"bases": [[[0.83773, -0.0355113, -0.54493], [0.524718, 0.328754, 0.785234], [0.151263, -0.943748, 0.294041]], [[0.845512, -0.0941079, -0.525597], [0.522481, 0.348793, 0.778047], [0.110104, -0.932463, 0.344078]], [[0.845512, -0.0941079, -0.525597], [0.518777, 0.377816, 0.766893], [0.126409, -0.921086, 0.368269]], [[0.845512, -0.0941079, -0.525597], [0.514355, 0.407806, 0.754409], [0.143346, -0.908206, 0.39321]]], "btipPosition": [-61.605, 222.33, 4.36636], "carpPosition": [-80.9895, 87.6719, 52.3447], "dipPosition": [-63.9346, 207.57, 10.7569], "direction": [0.126409, 0.921086, -0.368269], "extended": true, "handId": 106, "id": 1062, "length": 57.9502, "mcpPosition": [-71.6332, 146.047, 34.1569], "pipPosition": [-67.0434, 184.917, 19.8137], "stabilizedTipPosition": [-62.211, 225.369, 9.75773], "timeVisible": 9.17494, "tipPosition": [-61.4785, 217.654, 3.49727], "tipVelocity": [-17.9904, 3.21925, -13.1114], "tool": false, "touchDistance": 0.141866, "touchZone": "hovering", "type": 2, "width": 17.9281}, {"bases": [[[0.808903, -0.198686, -0.553353], [0.587783, 0.295125, 0.753268], [0.0136447, -0.934572, 0.355512]], [[0.807416, -0.155428, -0.569141], [0.586628, 0.314221, 0.746413], [0.0628225, -0.93654, 0.344886]], [[0.807416, -0.155428, -0.569141], [0.582764, 0.360549, 0.72828], [0.0920077, -0.919699, 0.381691]], [[0.807416, -0.155428, -0.569141], [0.579529, 0.389731, 0.715721], [0.110568, -0.907718, 0.40475]]], "btipPosition": [-83.2016, 213.028, -1.90329], "carpPosition": [-90.3778, 88.2359, 46.8515], "dipPosition": [-84.9882, 198.36, 4.63697], "direction": [0.0920077, 0.919699, -0.381691], "extended": true, "handId": 106, "id": 1063, "length": 55.7206, "mcpPosition": [-89.6201, 140.137, 27.1082], "pipPosition": [-87.1925, 176.326, 13.7815], "stabilizedTipPosition": [-83.2537, 215.251, 2.27402], "timeVisible": 9.17494, "tipPosition": [-82.7533, 208.832, -1.95652], "tipVelocity": [-18.6515, 3.1424, -6.79234], "tool": false, "touchDistance": 0.108911, "touchZone": "hovering", "type": 3, "width": 17.0597}, {"bases": [[[0.696733, -0.351531, -0.625291], [0.705323, 0.176895, 0.686461], [-0.130701, -0.919312, 0.371191]], [[0.708364, -0.213038, -0.67293], [0.705409, 0.18007, 0.685546], [-0.0248727, -0.960307, 0.277834]], [[0.708364, -0.213038, -0.67293], [0.705309, 0.250865, 0.663028], [0.0275644, -0.944289, 0.327961]], [[0.708364, -0.213038, -0.67293], [0.703862, 0.284648, 0.65081], [0.0529009, -0.934661, 0.351584]]], "btipPosition": [-103.593, 191.335, -1.44346], "carpPosition": [-97.3681, 84.8026, 36.9237], "dipPosition": [-104.382, 177.402, 3.79766], "direction": [0.0275644, 0.944289, -0.327961], "extended": true, "handId": 106, "id": 1064, "length": 43.6839, "mcpPosition": [-104.087, 132.063, 17.8415], "pipPosition": [-104.848, 161.429, 9.34523], "stabilizedTipPosition": [-103.334, 189.044, 0.113069], "timeVisible": 9.17494, "tipPosition": [-101.761, 187.979, -0.178438], "tipVelocity": [-19.576, 0.791448, -3.44195], "tool": false, "touchDistance": -0.290512, "touchZone": "touching", "type": 4, "width": 15.1538}, {"bases": [[[0.885677, 0.150088, -0.439373], [0.374437, 0.328663, 0.867051], [0.27454, -0.932445, 0.234891]], [[0.923303, -0.0459477, -0.381313], [0.377266, 0.29457, 0.878008], [0.0719811, -0.954525, 0.289312]], [[0.923303, -0.0459477, -0.381313], [0.372096, 0.353001, 0.858449], [0.0951603, -0.934494, 0.343024]], [[0.923303, -0.0459477, -0.381313], [0.365228, 0.412201, 0.834685], [0.118826, -0.909934, 0.397368]]], "btipPosition": [-46.6768, 214.333, 16.7912], "carpPosition": [-71.0032, 85.0681, 55.9037], "dipPosition": [-48.4326, 200.887, 22.6629], "direction": [0.0951603, 0.934494, -0.343024], "extended": true, "handId": 106, "id": 1061, "length": 50.8594, "mcpPosition": [-53.0963, 145.887, 40.5829], "pipPosition": [-50.4218, 181.353, 29.8333], "stabilizedTipPosition": [-47.1491, 213.867, 20.3627], "timeVisible": 9.17494, "tipPosition": [-49.0092, 207.621, 11.982], "tipVelocity": [-16.5604, 4.29553, -13.2264], "tool": false, "touchDistance": -0.305923, "touchZone": "touching", "type": 1, "width": 18.2543}], "r": [[-0.123715, -0.884232, -0.450364], [0.55753, -0.437382, 0.70559], [-0.820887, -0.163799, 0.547097]], "s": 1.0874, "t": [20.0516, -67.49, -20.2251], "timestamp": 7987084566}, {"currentFrameRate": 112.74, "devices": [], "gestures": [], "hands": [{"armBasis": [[0.911255, -0.208285, -0.355291], [0.402954, 0.272647, 0.873666], [-0.085102, -0.939298, 0.33238]], "armWidth": 59.0231, "confidence": 1, "direction": [0.0633836, 0.982259, -0.176492], "elbow": [-64.1637, -166.314, 127.078], "grabAngle": 0.0953008, "grabStrength": 0, "id": 106, "palmNormal": [0.410131, -0.186862, -0.892679], "palmPosition": [-73.9902, 123.458, 33.5467], "palmVelocity": [-8.29729, 4.08025, -0.0517088], "palmWidth": 80.6694, "pinchDistance": 42.6498, "pinchStrength": 0, "r": [[-0.122342, -0.884997, -0.449235], [0.556842, -0.435888, 0.707056], [-0.821559, -0.163651, 0.546131]], "s": 1.08788, "sphereCenter": [-30.4572, 116.383, -87.8564], "sphereRadius": 134.286, "stabilizedPalmPosition": [-73.7724, 128.151, 34.9669], "t": [-20.1308, -67.4819, -20.2537], "timeVisible": 9.18386, "type": "left", "wrist": [-84.535, 58.5307, 47.5147]}], "id": 137578, "interactionBox": {"center": [0, 200, 0], "size": [235.247, 235.247, 147.751]}, "pointables": [{"bases": [[[0.720573, 0.352445, 0.597123], [-0.524066, -0.287055, 0.801844], [0.454013, -0.89072, -0.0221395]], [[0.680919, 0.424296, 0.596928], [-0.46446, -0.380006, 0.79992], [0.566239, -0.82193, -0.0616846]], [[0.680919, 0.424296, 0.596928], [-0.674321, 0.0452288, 0.737052], [0.28573, -0.904393, 0.316909]], [[0.680919, 0.424296, 0.596928], [-0.731529, 0.432837, 0.526799], [-0.0348535, -0.795377, 0.605111]]], "btipPosition": [-25.2349, 151.814, 26.2193], "carpPosition": [-58.0142, 72.6717, 45.082], "dipPosition": [-24.5295, 135.715, 38.4671], "direction": [0.28573, 0.904393, -0.316909], "extended": true, "handId": 106, "id": 1060, "length": 45.0726, "mcpPosition": [-58.0142, 72.6717, 45.082], "pipPosition": [-32.9549, 109.047, 47.8119], "stabilizedTipPosition": [-24.7343, 150.092, 30.2988], "timeVisible": 9.18386, "tipPosition": [-26.7572, 147.912, 27.4115], "tipVelocity": [-4.47225, 7.10036, -2.66139], "tool": false, "touchDistance": -0.298961, "touchZone": "touching", "type": 0, "width": 19.1104}, {"bases": [[[0.83832, -0.0362742, -0.54397], [0.524036, 0.32879, 0.785674], [0.150352, -0.943706, 0.29464]], [[0.846032, -0.0947374, -0.524648], [0.521993, 0.347314, 0.779035], [0.108414, -0.932951, 0.34329]], [[0.846032, -0.0947374, -0.524648], [0.518439, 0.375646, 0.768187], [0.124306, -0.921908, 0.366924]], [[0.846032, -0.0947374, -0.524648], [0.514112, 0.405495, 0.755819], [0.141138, -0.909175, 0.391767]]], "btipPosition": [-61.8503, 222.425, 4.44238], "carpPosition": [-81.0204, 87.7125, 52.3684], "dipPosition": [-64.1441, 207.648, 10.8094], "direction": [0.124306, 0.921908, -0.366924], "extended": true, "handId": 106, "id": 1062, "length": 57.9502, "mcpPosition": [-71.7204, 146.085, 34.1436], "pipPosition": [-67.2011, 184.976, 19.8332], "stabilizedTipPosition": [-62.2121, 225.326, 9.73193], "timeVisible": 9.18386, "tipPosition": [-61.6519, 217.698, 3.46579], "tipVelocity": [-26.5792, 10.1777, 7.91979], "tool": false, "touchDistance": 0.143043, "touchZone": "hovering", "type": 2, "width": 17.9281}, {"bases": [[[0.809403, -0.199435, -0.552352], [0.587117, 0.295107, 0.753794], [0.0126701, -0.934418, 0.355952]], [[0.80794, -0.15579, -0.568299], [0.586072, 0.312711, 0.747483], [0.0612627, -0.936985, 0.343956]], [[0.80794, -0.15579, -0.568299], [0.58239, 0.358007, 0.729831], [0.0897544, -0.920631, 0.379978]], [[0.80794, -0.15579, -0.568299], [0.579253, 0.387003, 0.717423], [0.108166, -0.908823, 0.402916]]], "btipPosition": [-83.4462, 213.109, -1.78707], "carpPosition": [-90.4152, 88.2682, 46.8856], "dipPosition": [-85.194, 198.424, 4.72356], "direction": [0.0897544, 0.920631, -0.379978], "extended": true, "handId": 106, "id": 1063, "length": 55.7206, "mcpPosition": [-89.7116, 140.161, 27.1178], "pipPosition": [-87.3443, 176.367, 13.827], "stabilizedTipPosition": [-83.2604, 215.189, 2.24538], "timeVisible": 9.18386, "tipPosition": [-82.93, 208.856, -1.96721], "tipVelocity": [-26.4238, 8.64175, 12.2679], "tool": false, "touchDistance": 0.110735, "touchZone": "hovering", "type": 3, "width": 17.0597}, {"bases": [[[0.69722, -0.352243, -0.624347], [0.704659, 0.176774, 0.687173], [-0.131684, -0.919062, 0.371462]], [[0.709, -0.213425, -0.672137], [0.704702, 0.178306, 0.686733], [-0.0267202, -0.96055, 0.27682]], [[0.709, -0.213425, -0.672137], [0.704764, 0.24827, 0.664582], [0.0250327, -0.944887, 0.326438]], [[0.709, -0.213425, -0.672137], [0.703391, 0.282405, 0.652295], [0.0505985, -0.935252, 0.350347]]], "btipPosition": [-103.824, 191.372, -1.33866], "carpPosition": [-97.4146, 84.8262, 36.9672], "dipPosition": [-104.578, 177.43, 3.88401], "direction": [0.0250327, 0.944887, -0.326438], "extended": true, "handId": 106, "id": 1064, "length": 43.6839, "mcpPosition": [-104.184, 132.074, 17.871], "pipPosition": [-105.001, 161.447, 9.40581], "stabilizedTipPosition": [-103.382, 188.981, 0.0949079], "timeVisible": 9.18386, "tipPosition": [-101.929, 187.984, -0.176592], "tipVelocity": [-24.9725, 3.92933, 11.2752], "tool": false, "touchDistance": -0.288285, "touchZone": "touching", "type": 4, "width": 15.1538}, {"bases": [[[0.886263, 0.149344, -0.438445], [0.373664, 0.328828, 0.867322], [0.273702, -0.932507, 0.235624]], [[0.923715, -0.046823, -0.380207], [0.376594, 0.292844, 0.878874], [0.0701898, -0.955013, 0.288138]], [[0.923715, -0.046823, -0.380207], [0.371607, 0.350598, 0.859645], [0.0930486, -0.935355, 0.341252]], [[0.923715, -0.046823, -0.380207], [0.364824, 0.410256, 0.835819], [0.116847, -0.910768, 0.396042]]], "btipPosition": [-46.8967, 214.434, 16.8573], "carpPosition": [-71.0284, 85.1164, 55.9174], "dipPosition": [-48.6232, 200.976, 22.7094], "direction": [0.0930486, 0.935355, -0.341252], "extended": true, "handId": 106, "id": 1061, "length": 50.8594, "mcpPosition": [-53.1762, 145.939, 40.5488], "pipPosition": [-50.5683, 181.423, 29.8428], "stabilizedTipPosition": [-47.1521, 213.814, 20.3173], "timeVisible": 9.18386, "tipPosition": [-49.1398, 207.701, 11.9805], "tipVelocity": [-23.8986, 10.9911, 6.91274], "tool": false, "touchDistance": -0.302739, "touchZone": "touching", "type": 1, "width": 18.2543}], "r": [[-0.122342, -0.884997, -0.449235], [0.556842, -0.435888, 0.707056], [-0.821559, -0.163651, 0.546131]], "s": 1.08788, "t": [20.1308, -67.4819, -20.2537], "timestamp": 7987093484}, {"currentFrameRate": 112.992, "devices": [], "gestures": [], "hands": [{"armBasis": [[0.910882, -0.209933, -0.355278], [0.403419, 0.271758, 0.873728], [-0.0868745, -0.939189, 0.33223]], "armWidth": 59.0231, "confidence": 1, "direction": [0.061581, 0.982323, -0.176775], "elbow": [-63.7151, -166.164, 127.078], "grabAngle": 0.0926873, "grabStrength": 0, "id": 106, "palmNormal": [0.410397, -0.186367, -0.89266], "palmPosition": [-74.0856, 123.598, 33.5672], "palmVelocity": [-11.334, 16.6532, 2.44125], "palmWidth": 80.6694, "pinchDistance": 43.1325, "pinchStrength": 0, "r": [[-0.121559, -0.885589, -0.448282], [0.55612, -0.434854, 0.708261], [-0.822164, -0.163203, 0.545354]], "s": 1.08848, "sphereCenter": [-34.6392, 119.396, -81.0166], "sphereRadius": 126.589, "stabilizedPalmPosition": [-73.777, 128.084, 34.9464], "t": [-20.2181, -67.4077, -20.2578], "timeVisible": 9.19227, "type": "left", "wrist": [-84.5107, 58.6546, 47.5504]}], "id": 137579, "interactionBox": {"center": [0, 200, 0], "size": [235.247, 235.247, 147.751]}, "pointables": [{"bases": [[[0.721165, 0.351302, 0.597083], [-0.524654, -0.285874, 0.801882], [0.452393, -0.891551, -0.0218507]], [[0.681491, 0.423476, 0.596856], [-0.464787, -0.379514, 0.799964], [0.565281, -0.822579, -0.0618098]], [[0.681491, 0.423476, 0.596856], [-0.673978, 0.0453735, 0.737356], [0.285171, -0.90477, 0.316335]], [[0.681491, 0.423476, 0.596856], [-0.730985, 0.432995, 0.527424], [-0.0350845, -0.795728, 0.604637]]], "btipPosition": [-25.3005, 152.033, 26.2849], "carpPosition": [-58.0162, 72.8442, 45.1155], "dipPosition": [-24.5903, 135.927, 38.5231], "direction": [0.285171, 0.90477, -0.316335], "extended": true, "handId": 106, "id": 1060, "length": 45.0726, "mcpPosition": [-58.0162, 72.8442, 45.1155], "pipPosition": [-32.9993, 109.248, 47.851], "stabilizedTipPosition": [-24.747, 150.036, 30.261], "timeVisible": 9.19227, "tipPosition": [-26.8867, 148.138, 27.4317], "tipVelocity": [-7.66108, 25.8952, 7.53405], "tool": false, "touchDistance": -0.296447, "touchZone": "touching", "type": 0, "width": 19.1104}, {"bases": [[[0.838297, -0.0379537, -0.543891], [0.524569, 0.328057, 0.785625], [0.14861, -0.943895, 0.294919]], [[0.845907, -0.0964863, -0.52453], [0.522749, 0.344939, 0.779584], [0.105712, -0.933653, 0.342225]], [[0.845907, -0.0964863, -0.52453], [0.51937, 0.372584, 0.769049], [0.121229, -0.922969, 0.365284]], [[0.845907, -0.0964863, -0.52453], [0.51516, 0.402355, 0.756783], [0.138028, -0.910385, 0.390061]]], "btipPosition": [-62.2256, 222.644, 4.56886], "carpPosition": [-81.0491, 87.8452, 52.3996], "dipPosition": [-64.4688, 207.848, 10.9082], "direction": [0.121229, 0.922969, -0.365284], "extended": true, "handId": 106, "id": 1062, "length": 57.9502, "mcpPosition": [-71.8569, 146.229, 34.1576], "pipPosition": [-67.4502, 185.15, 19.8916], "stabilizedTipPosition": [-62.2161, 225.28, 9.70371], "timeVisible": 9.19227, "tipPosition": [-61.9304, 217.868, 3.48729], "tipVelocity": [-43.2328, 25.5362, 14.276], "tool": false, "touchDistance": 0.145044, "touchZone": "hovering", "type": 2, "width": 17.9281}, {"bases": [[[0.809084, -0.201064, -0.552229], [0.587591, 0.294251, 0.753759], [0.01094, -0.934339, 0.356217]], [[0.807684, -0.157093, -0.568303], [0.586684, 0.310113, 0.748085], [0.0587191, -0.937631, 0.342637]], [[0.807684, -0.157093, -0.568303], [0.583221, 0.354422, 0.730916], [0.0865975, -0.921795, 0.377881]], [[0.807684, -0.157093, -0.568303], [0.580205, 0.383273, 0.718654], [0.10492, -0.910178, 0.40071]]], "btipPosition": [-83.7988, 213.293, -1.6331], "carpPosition": [-90.4454, 88.3823, 46.9174], "dipPosition": [-85.4942, 198.586, 4.84187], "direction": [0.0865975, 0.921795, -0.377881], "extended": true, "handId": 106, "id": 1063, "length": 55.7206, "mcpPosition": [-89.8378, 140.271, 27.1349], "pipPosition": [-87.5689, 176.502, 13.8951], "stabilizedTipPosition": [-83.271, 215.129, 2.21803], "timeVisible": 9.19227, "tipPosition": [-83.1959, 208.981, -1.94791], "tipVelocity": [-40.4819, 21.3194, 17.3262], "tool": false, "touchDistance": 0.113164, "touchZone": "hovering", "type": 3, "width": 17.0597}, {"bases": [[[0.696629, -0.353688, -0.62419], [0.704923, 0.175685, 0.687182], [-0.133387, -0.918716, 0.37171]], [[0.708678, -0.214487, -0.672139], [0.704907, 0.175187, 0.687325], [-0.0296725, -0.960888, 0.275345]], [[0.708678, -0.214487, -0.672139], [0.705202, 0.244467, 0.665527], [0.0215684, -0.945638, 0.324505]], [[0.708678, -0.214487, -0.672139], [0.703936, 0.278994, 0.653174], [0.0474249, -0.936033, 0.348702]]], "btipPosition": [-104.132, 191.488, -1.21572], "carpPosition": [-97.4393, 84.9247, 37.0006], "dipPosition": [-104.839, 177.534, 3.98243], "direction": [0.0215684, 0.945638, -0.324505], "extended": true, "handId": 106, "id": 1064, "length": 43.6839, "mcpPosition": [-104.296, 132.154, 17.8916], "pipPosition": [-105.204, 161.538, 9.47154], "stabilizedTipPosition": [-103.445, 188.932, 0.0870349], "timeVisible": 9.19227, "tipPosition": [-102.165, 188.066, -0.170511], "tipVelocity": [-35.3715, 13.3939, 13.9427], "tool": false, "touchDistance": -0.286031, "touchZone": "touching", "type": 4, "width": 15.1538}, {"bases": [[[0.88657, 0.147607, -0.438414], [0.37419, 0.328392, 0.86726], [0.271985, -0.932937, 0.23591]], [[0.923684, -0.0488873, -0.380024], [0.377178, 0.290525, 0.879393], [0.0674152, -0.955618, 0.286792]], [[0.923684, -0.0488873, -0.380024], [0.372424, 0.347641, 0.860492], [0.0900448, -0.936352, 0.339317]], [[0.923684, -0.0488873, -0.380024], [0.365771, 0.407872, 0.836572], [0.114103, -0.91173, 0.394626]]], "btipPosition": [-47.2388, 214.671, 16.9812], "carpPosition": [-71.0522, 85.2683, 55.9485], "dipPosition": [-48.9248, 201.199, 22.8123], "direction": [0.0900448, 0.936352, -0.339317], "extended": true, "handId": 106, "id": 1061, "length": 50.8594, "mcpPosition": [-53.312, 146.119, 40.5613], "pipPosition": [-50.8071, 181.626, 29.9053], "stabilizedTipPosition": [-47.1636, 213.76, 20.2689], "timeVisible": 9.19227, "tipPosition": [-49.3723, 207.918, 12.0401], "tipVelocity": [-39.5617, 27.8365, 14.147], "tool": false, "touchDistance": -0.299014, "touchZone": "touching", "type": 1, "width": 18.2543}], "r": [[-0.121559, -0.885589, -0.448282], [0.55612, -0.434854, 0.708261], [-0.822164, -0.163203, 0.545354]], "s": 1.08848, "t": [20.2181, -67.4077, -20.2578], "timestamp": 7987101897}, {"currentFrameRate": 113.069, "devices": [], "gestures": [], "hands": [{"armBasis": [[0.91092, -0.211494, -0.354252], [0.402912, 0.271197, 0.874136], [-0.0888021, -0.939001, 0.332253]], "armWidth": 59.0231, "confidence": 1, "direction": [0.0601404, 0.9823, -0.177398], "elbow": [-63.2286, -166.006, 127.143], "grabAngle": 0.0897354, "grabStrength": 0, "id": 106, "palmNormal": [0.409707, -0.186352, -0.89298], "palmPosition": [-74.1619, 123.718, 33.5835], "palmVelocity": [-8.75725, 13.6863, 1.86416], "palmWidth": 80.6694, "pinchDistance": 43.6395, "pinchStrength": 0, "r": [[-0.121067, -0.886081, -0.447442], [0.555282, -0.434087, 0.709388], [-0.822803, -0.162573, 0.544578]], "s": 1.08922, "sphereCenter": [-39.0373, 122.395, -74.0185], "sphereRadius": 118.769, "stabilizedPalmPosition": [-73.7829, 128.017, 34.9254], "t": [-20.2999, -67.3111, -20.2517], "timeVisible": 9.20098, "type": "left", "wrist": [-84.4857, 58.7675, 47.6104]}], "id": 137580, "interactionBox": {"center": [0, 200, 0], "size": [235.247, 235.247, 147.751]}, "pointables": [{"bases": [[[0.720993, 0.35072, 0.597633], [-0.525852, -0.284745, 0.801498], [0.451274, -0.892141, -0.0208722]], [[0.681183, 0.423331, 0.59731], [-0.465785, -0.378855, 0.799695], [0.56483, -0.822958, -0.0608885]], [[0.681183, 0.423331, 0.59731], [-0.674309, 0.0450372, 0.737075], [0.285126, -0.904855, 0.316135]], [[0.681183, 0.423331, 0.59731], [-0.731286, 0.432208, 0.527653], [-0.0347903, -0.796233, 0.603989]]], "btipPosition": [-25.3152, 152.209, 26.2916], "carpPosition": [-58.0156, 72.9906, 45.144], "dipPosition": [-24.611, 136.093, 38.5166], "direction": [0.285126, 0.904855, -0.316135], "extended": true, "handId": 106, "id": 1060, "length": 45.0726, "mcpPosition": [-58.0156, 72.9906, 45.144], "pipPosition": [-33.0186, 109.411, 47.8386], "stabilizedTipPosition": [-24.7617, 149.981, 30.2194], "timeVisible": 9.20098, "tipPosition": [-26.9874, 148.315, 27.3974], "tipVelocity": [-1.84522, 19.9195, 0.423659], "tool": false, "touchDistance": -0.295081, "touchZone": "touching", "type": 0, "width": 19.1104}, {"bases": [[[0.838813, -0.0393364, -0.542997], [0.524172, 0.327835, 0.785983], [0.147095, -0.943916, 0.295611]], [[0.846325, -0.0978394, -0.523605], [0.522562, 0.343071, 0.780533], [0.103267, -0.9342, 0.341477]], [[0.846325, -0.0978394, -0.523605], [0.519392, 0.369669, 0.77044], [0.118181, -0.923998, 0.363677]], [[0.846325, -0.0978394, -0.523605], [0.515313, 0.399256, 0.758319], [0.134859, -0.911604, 0.388318]]], "btipPosition": [-62.5586, 222.834, 4.6689], "carpPosition": [-81.0601, 87.9663, 52.4435], "dipPosition": [-64.7504, 208.019, 10.9799], "direction": [0.118181, 0.923998, -0.363677], "extended": true, "handId": 106, "id": 1062, "length": 57.9502, "mcpPosition": [-71.9616, 146.352, 34.1586], "pipPosition": [-67.6568, 185.295, 19.9238], "stabilizedTipPosition": [-62.2239, 225.226, 9.67073], "timeVisible": 9.20098, "tipPosition": [-62.1696, 218.003, 3.46976], "tipVelocity": [-36.8687, 21.326, 10.7367], "tool": false, "touchDistance": 0.146603, "touchZone": "hovering", "type": 2, "width": 17.9281}, {"bases": [[[0.8094, -0.202414, -0.551272], [0.587184, 0.293929, 0.754202], [0.00937437, -0.934149, 0.35676]], [[0.808055, -0.158097, -0.567497], [0.586401, 0.308079, 0.749147], [0.0563963, -0.938132, 0.341653]], [[0.808055, -0.158097, -0.567497], [0.583171, 0.351077, 0.732569], [0.083418, -0.922903, 0.375887]], [[0.808055, -0.158097, -0.567497], [0.580305, 0.379514, 0.720566], [0.101454, -0.911578, 0.398412]]], "btipPosition": [-84.125, 213.457, -1.48706], "carpPosition": [-90.4627, 88.4882, 46.9707], "dipPosition": [-85.7644, 198.727, 4.95079], "direction": [0.083418, 0.922903, -0.375887], "extended": true, "handId": 106, "id": 1063, "length": 55.7206, "mcpPosition": [-89.9421, 140.366, 27.158], "pipPosition": [-87.7629, 176.617, 13.9563], "stabilizedTipPosition": [-83.2865, 215.065, 2.19005], "timeVisible": 9.20098, "tipPosition": [-83.4324, 209.082, -1.94529], "tipVelocity": [-35.9698, 18.2221, 15.7855], "tool": false, "touchDistance": 0.115456, "touchZone": "hovering", "type": 3, "width": 17.0597}, {"bases": [[[0.696824, -0.354935, -0.623263], [0.704433, 0.175176, 0.687814], [-0.134949, -0.918332, 0.372095]], [[0.70911, -0.215498, -0.671359], [0.70435, 0.17267, 0.688532], [-0.0324542, -0.961117, 0.274228]], [[0.70911, -0.215498, -0.671359], [0.704866, 0.241069, 0.667121], [0.0180803, -0.94628, 0.322842]], [[0.70911, -0.215498, -0.671359], [0.703713, 0.275944, 0.654709], [0.0441686, -0.936705, 0.347323]]], "btipPosition": [-104.428, 191.587, -1.09011], "carpPosition": [-97.4625, 85.016, 37.0632], "dipPosition": [-105.087, 177.624, 4.0875], "direction": [0.0180803, 0.94628, -0.322842], "extended": true, "handId": 106, "id": 1064, "length": 43.6839, "mcpPosition": [-104.4, 132.226, 17.9344], "pipPosition": [-105.392, 161.617, 9.54847], "stabilizedTipPosition": [-103.524, 188.894, 0.0879892], "timeVisible": 9.20098, "tipPosition": [-102.381, 188.132, -0.159237], "tipVelocity": [-32.7087, 11.1593, 13.8779], "tool": false, "touchDistance": -0.283948, "touchZone": "touching", "type": 4, "width": 15.1538}, {"bases": [[[0.887213, 0.146222, -0.437576], [0.373709, 0.328409, 0.867461], [0.270546, -0.933149, 0.236724]], [[0.924011, -0.0502386, -0.379051], [0.37676, 0.288751, 0.880156], [0.0652336, -0.956085, 0.285737]], [[0.924011, -0.0502386, -0.379051], [0.372205, 0.345197, 0.86157], [0.0875631, -0.937185, 0.337665]], [[0.924011, -0.0502386, -0.379051], [0.365664, 0.405889, 0.837582], [0.111774, -0.912541, 0.393416]]], "btipPosition": [-47.504, 214.868, 17.0546], "carpPosition": [-71.0562, 85.4042, 55.9834], "dipPosition": [-49.1556, 201.383, 22.8679], "direction": [0.0875631, 0.937185, -0.337665], "extended": true, "handId": 106, "id": 1061, "length": 50.8594, "mcpPosition": [-53.4098, 146.269, 40.5431], "pipPosition": [-50.986, 181.793, 29.9263], "stabilizedTipPosition": [-47.1849, 213.701, 20.2135], "timeVisible": 9.20098, "tipPosition": [-49.5622, 208.093, 12.0457], "tipVelocity": [-29.5373, 22.2425, 7.95687], "tool": false, "touchDistance": -0.296406, "touchZone": "touching", "type": 1, "width": 18.2543}], "r": [[-0.121067, -0.886081, -0.447442], [0.555282, -0.434087, 0.709388], [-0.822803, -0.162573, 0.544578]], "s": 1.08922, "t": [20.2999, -67.3111, -20.2517], "timestamp": 7987110608}, {"currentFrameRate": 113.134, "devices": [], "gestures": [], "hands": [{"armBasis": [[0.910843, -0.213243, -0.3534], [0.402605, 0.270327, 0.874547], [-0.0909576, -0.938856, 0.332079]], "armWidth": 59.0231, "confidence": 1, "direction": [0.0584519, 0.982329, -0.177801], "elbow": [-62.6924, -165.742, 127.201], "grabAngle": 0.0863156, "grabStrength": 0, "id": 106, "palmNormal": [0.409197, -0.186032, -0.89328], "palmPosition": [-74.2592, 123.959, 33.6542], "palmVelocity": [-11.1495, 27.6976, 8.10224], "palmWidth": 80.6694, "pinchDistance": 44.2005, "pinchStrength": 0, "r": [[-0.120869, -0.886468, -0.446728], [0.554349, -0.433594, 0.710418], [-0.823461, -0.161775, 0.543821]], "s": 1.09035, "sphereCenter": [-44.2214, 126.09, -65.593], "sphereRadius": 109.603, "stabilizedPalmPosition": [-73.7904, 127.953, 34.9055], "t": [-20.3894, -67.1419, -20.2133], "timeVisible": 9.20971, "type": "left", "wrist": [-84.4654, 58.9971, 47.7093]}], "id": 137581, "interactionBox": {"center": [0, 200, 0], "size": [235.247, 235.247, 147.751]}, "pointables": [{"bases": [[[0.721003, 0.34981, 0.598154], [-0.527012, -0.28364, 0.801128], [0.449903, -0.89285, -0.0201507]], [[0.68096, 0.423071, 0.59775], [-0.466738, -0.378251, 0.799426], [0.564313, -0.82337, -0.0601101]], [[0.68096, 0.423071, 0.59775], [-0.674255, 0.0436704, 0.737206], [0.285787, -0.905044, 0.314995]], [[0.68096, 0.423071, 0.59775], [-0.731567, 0.430015, 0.529053], [-0.0332143, -0.797558, 0.602327]]], "btipPosition": [-25.2947, 152.531, 26.3987], "carpPosition": [-58.0235, 73.2616, 45.2182], "dipPosition": [-24.6224, 136.388, 38.59], "direction": [0.285787, 0.905044, -0.314995], "extended": true, "handId": 106, "id": 1060, "length": 45.0726, "mcpPosition": [-58.0235, 73.2616, 45.2182], "pipPosition": [-33.0495, 109.7, 47.8784], "stabilizedTipPosition": [-24.7764, 149.936, 30.1798], "timeVisible": 9.20971, "tipPosition": [-27.1059, 148.63, 27.4375], "tipVelocity": [1.51014, 36.1525, 11.3796], "tool": false, "touchDistance": -0.292417, "touchZone": "touching", "type": 0, "width": 19.1104}, {"bases": [[[0.839236, -0.040836, -0.542231], [0.523978, 0.327299, 0.786335], [0.145361, -0.944038, 0.296078]], [[0.846618, -0.0991252, -0.522888], [0.522615, 0.340486, 0.781629], [0.100557, -0.93501, 0.340066]], [[0.846618, -0.0991252, -0.522888], [0.519683, 0.365815, 0.772081], [0.114747, -0.925394, 0.361219]], [[0.846618, -0.0991252, -0.522888], [0.515741, 0.395271, 0.760113], [0.131336, -0.9132, 0.385767]]], "btipPosition": [-62.9453, 223.174, 4.89032], "carpPosition": [-81.0848, 88.204, 52.533], "dipPosition": [-65.0798, 208.332, 11.1599], "direction": [0.114747, 0.925394, -0.361219], "extended": true, "handId": 106, "id": 1062, "length": 57.9502, "mcpPosition": [-72.0936, 146.597, 34.2193], "pipPosition": [-67.9018, 185.574, 20.0433], "stabilizedTipPosition": [-62.2367, 225.169, 9.63566], "timeVisible": 9.20971, "tipPosition": [-62.4555, 218.275, 3.5386], "tipVelocity": [-42.806, 38.2033, 24.2815], "tool": false, "touchDistance": 0.150135, "touchZone": "hovering", "type": 2, "width": 17.9281}, {"bases": [[[0.809577, -0.20387, -0.550475], [0.586965, 0.293284, 0.754624], [0.00760031, -0.934035, 0.357101]], [[0.808304, -0.159318, -0.5668], [0.586332, 0.305261, 0.750354], [0.053477, -0.938847, 0.340157]], [[0.808304, -0.159318, -0.5668], [0.583372, 0.346723, 0.734479], [0.079507, -0.924338, 0.3732]], [[0.808304, -0.159318, -0.5668], [0.580686, 0.374658, 0.722797], [0.0972015, -0.913372, 0.395351]]], "btipPosition": [-84.5292, 213.763, -1.23648], "carpPosition": [-90.4931, 88.7094, 47.0686], "dipPosition": [-86.0998, 199.004, 5.15191], "direction": [0.079507, 0.924338, -0.3732], "extended": true, "handId": 106, "id": 1063, "length": 55.7206, "mcpPosition": [-90.071, 140.581, 27.237], "pipPosition": [-88.0046, 176.859, 14.093], "stabilizedTipPosition": [-83.3082, 215.002, 2.16359], "timeVisible": 9.20971, "tipPosition": [-83.7135, 209.313, -1.8626], "tipVelocity": [-44.505, 34.2777, 27.4125], "tool": false, "touchDistance": 0.119443, "touchZone": "hovering", "type": 3, "width": 17.0597}, {"bases": [[[0.696828, -0.356242, -0.622513], [0.704088, 0.174325, 0.688383], [-0.136712, -0.917988, 0.3723]], [[0.70936, -0.217285, -0.670519], [0.703906, 0.169243, 0.689836], [-0.0364103, -0.961324, 0.273002]], [[0.70936, -0.217285, -0.670519], [0.704719, 0.236735, 0.668825], [0.0134101, -0.946966, 0.321055]], [[0.70936, -0.217285, -0.670519], [0.703724, 0.271998, 0.656346], [0.0397664, -0.937446, 0.345853]]], "btipPosition": [-104.818, 191.805, -0.905687], "carpPosition": [-97.4964, 85.2227, 37.1685], "dipPosition": [-105.411, 177.831, 4.25], "direction": [0.0134101, 0.946966, -0.321055], "extended": true, "handId": 106, "id": 1064, "length": 43.6839, "mcpPosition": [-104.524, 132.415, 18.0292], "pipPosition": [-105.638, 161.812, 9.68075], "stabilizedTipPosition": [-103.626, 188.872, 0.10171], "timeVisible": 9.20971, "tipPosition": [-102.637, 188.321, -0.0817142], "tipVelocity": [-42.9763, 24.6916, 20.5566], "tool": false, "touchDistance": -0.280958, "touchZone": "touching", "type": 4, "width": 15.1538}, {"bases": [[[0.887831, 0.144685, -0.436832], [0.373443, 0.328136, 0.867679], [0.26888, -0.933484, 0.237298]], [[0.9242, -0.050972, -0.378492], [0.376605, 0.28623, 0.881045], [0.0634272, -0.956804, 0.28373]], [[0.9242, -0.050972, -0.378492], [0.372198, 0.342285, 0.862734], [0.0855772, -0.938212, 0.335312]], [[0.9242, -0.050972, -0.378492], [0.365698, 0.403798, 0.838578], [0.110091, -0.913427, 0.391831]]], "btipPosition": [-47.7637, 215.205, 17.2459], "carpPosition": [-71.0737, 85.6588, 56.0649], "dipPosition": [-49.3905, 201.708, 23.0357], "direction": [0.0855772, 0.938212, -0.335312], "extended": true, "handId": 106, "id": 1061, "length": 50.8594, "mcpPosition": [-53.536, 146.545, 40.5872], "pipPosition": [-51.1793, 182.096, 30.045], "stabilizedTipPosition": [-47.2165, 213.648, 20.1592], "timeVisible": 9.20971, "tipPosition": [-49.7904, 208.409, 12.1414], "tipVelocity": [-29.1071, 38.3609, 21.304], "tool": false, "touchDistance": -0.29231, "touchZone": "touching", "type": 1, "width": 18.2543}], "r": [[-0.120869, -0.886468, -0.446728], [0.554349, -0.433594, 0.710418], [-0.823461, -0.161775, 0.543821]], "s": 1.09035, "t": [20.3894, -67.1419, -20.2133], "timestamp": 7987119334}, {"currentFrameRate": 113.269, "devices": [], "gestures": [], "hands": [{"armBasis": [[0.91016, -0.215477, -0.353806], [0.403588, 0.268646, 0.874612], [-0.09341, -0.938829, 0.331474]], "armWidth": 59.0231, "confidence": 1, "direction": [0.0592227, 0.981834, -0.180261], "elbow": [-62.1647, -165.271, 127.266], "grabAngle": 0.0802567, "grabStrength": 0, "id": 106, "palmNormal": [0.409844, -0.188572, -0.892451], "palmPosition": [-74.2976, 124.388, 33.7361], "palmVelocity": [-4.47322, 49.8753, 9.53291], "palmWidth": 80.6694, "pinchDistance": 45.1576, "pinchStrength": 0, "r": [[-0.120678, -0.88702, -0.445682], [0.553777, -0.432766, 0.711368], [-0.823873, -0.160962, 0.543437]], "s": 1.09185, "sphereCenter": [-52.6504, 132.105, -51.1121], "sphereRadius": 94.4184, "stabilizedPalmPosition": [-73.7988, 127.894, 34.8859], "t": [-20.4534, -66.8429, -20.1532], "timeVisible": 9.2183, "type": "left", "wrist": [-84.5248, 59.461, 47.9188]}], "id": 137582, "interactionBox": {"center": [0, 200, 0], "size": [235.247, 235.247, 147.751]}, "pointables": [{"bases": [[[0.721294, 0.351791, 0.59664], [-0.526148, -0.281922, 0.802302], [0.450448, -0.892616, -0.0182547]], [[0.680567, 0.4261, 0.596043], [-0.465621, -0.376584, 0.800863], [0.565708, -0.822571, -0.0578901]], [[0.680567, 0.4261, 0.596043], [-0.673203, 0.0425795, 0.73823], [0.289181, -0.903674, 0.31583]], [[0.680567, 0.4261, 0.596043], [-0.732126, 0.427287, 0.530489], [-0.0286401, -0.797412, 0.602756]]], "btipPosition": [-25.1206, 152.9, 26.4925], "carpPosition": [-58.1038, 73.7099, 45.4436], "dipPosition": [-24.5409, 136.76, 38.6926], "direction": [0.289181, 0.903674, -0.31583], "extended": true, "handId": 106, "id": 1060, "length": 45.0726, "mcpPosition": [-58.1038, 73.7099, 45.4436], "pipPosition": [-33.068, 110.113, 48.0056], "stabilizedTipPosition": [-24.7854, 149.904, 30.142], "timeVisible": 9.2183, "tipPosition": [-27.0988, 149.015, 27.5177], "tipVelocity": [17.7781, 43.0726, 11.1487], "tool": false, "touchDistance": -0.290071, "touchZone": "touching", "type": 0, "width": 19.1104}, {"bases": [[[0.838798, -0.041695, -0.542844], [0.524444, 0.329636, 0.785047], [0.146208, -0.943187, 0.298365]], [[0.846208, -0.0996822, -0.523446], [0.523405, 0.33966, 0.781459], [0.0998959, -0.935251, 0.339597]], [[0.846208, -0.0996822, -0.523446], [0.52076, 0.362805, 0.772775], [0.112877, -0.926518, 0.358919]], [[0.846208, -0.0996822, -0.523446], [0.516952, 0.391764, 0.761105], [0.129199, -0.91465, 0.383045]]], "btipPosition": [-63.0783, 223.664, 5.0366], "carpPosition": [-81.1619, 88.6854, 52.7004], "dipPosition": [-65.178, 208.798, 11.2619], "direction": [0.112877, 0.926518, -0.358919], "extended": true, "handId": 106, "id": 1062, "length": 57.9502, "mcpPosition": [-72.1183, 147.026, 34.2452], "pipPosition": [-67.954, 186.013, 20.0888], "stabilizedTipPosition": [-62.2526, 225.109, 9.59748], "timeVisible": 9.2183, "tipPosition": [-62.4359, 218.657, 3.46201], "tipVelocity": [-14.538, 56.3716, 15.8331], "tool": false, "touchDistance": 0.152403, "touchZone": "hovering", "type": 2, "width": 17.9281}, {"bases": [[[0.809234, -0.204768, -0.550646], [0.587425, 0.29558, 0.753368], [0.00849407, -0.933114, 0.35948]], [[0.80789, -0.159678, -0.567289], [0.586969, 0.304157, 0.750304], [0.0527379, -0.939144, 0.339451]], [[0.80789, -0.159678, -0.567289], [0.584272, 0.342905, 0.735556], [0.0770742, -0.925699, 0.370325]], [[0.80789, -0.159678, -0.567289], [0.581802, 0.369499, 0.724553], [0.0939173, -0.915409, 0.391415]]], "btipPosition": [-84.6916, 214.262, -1.05079], "carpPosition": [-90.5652, 89.1827, 47.2266], "dipPosition": [-86.2092, 199.47, 5.27399], "direction": [0.0770742, 0.925699, -0.370325], "extended": true, "handId": 106, "id": 1063, "length": 55.7206, "mcpPosition": [-90.0935, 141.003, 27.2629], "pipPosition": [-88.0557, 177.293, 14.1462], "stabilizedTipPosition": [-83.3339, 214.94, 2.13741], "timeVisible": 9.2183, "tipPosition": [-83.7034, 209.688, -1.94429], "tipVelocity": [-17.4725, 57.1929, 19.9], "tool": false, "touchDistance": 0.122294, "touchZone": "hovering", "type": 3, "width": 17.0597}, {"bases": [[[0.69652, -0.357395, -0.622197], [0.704567, 0.176525, 0.687331], [-0.135815, -0.917119, 0.374762]], [[0.708927, -0.218424, -0.670607], [0.70424, 0.167573, 0.689902], [-0.0383155, -0.961358, 0.272621]], [[0.708927, -0.218424, -0.670607], [0.705209, 0.233181, 0.669557], [0.0101251, -0.947585, 0.319343]], [[0.708927, -0.218424, -0.670607], [0.704332, 0.268603, 0.657092], [0.036602, -0.93816, 0.344263]]], "btipPosition": [-104.999, 192.235, -0.806909], "carpPosition": [-97.5622, 85.6751, 37.3295], "dipPosition": [-105.545, 178.25, 4.32507], "direction": [0.0101251, 0.947585, -0.319343], "extended": true, "handId": 106, "id": 1064, "length": 43.6839, "mcpPosition": [-104.544, 132.823, 18.0637], "pipPosition": [-105.716, 162.221, 9.72686], "stabilizedTipPosition": [-103.739, 188.883, 0.122266], "timeVisible": 9.2183, "tipPosition": [-102.654, 188.688, -0.1777], "tipVelocity": [-19.7643, 49.7298, 10.8569], "tool": false, "touchDistance": -0.279403, "touchZone": "touching", "type": 4, "width": 15.1538}, {"bases": [[[0.887366, 0.144125, -0.437961], [0.373978, 0.330587, 0.866518], [0.269671, -0.932706, 0.239452]], [[0.92384, -0.0505769, -0.379422], [0.377442, 0.285296, 0.88099], [0.0636897, -0.957104, 0.282657]], [[0.92384, -0.0505769, -0.379422], [0.373073, 0.340764, 0.862958], [0.0856477, -0.938787, 0.33368]], [[0.92384, -0.0505769, -0.379422], [0.366537, 0.402561, 0.838806], [0.110316, -0.913995, 0.390441]]], "btipPosition": [-47.7793, 215.67, 17.3823], "carpPosition": [-71.1555, 86.143, 56.2474], "dipPosition": [-49.4094, 202.165, 23.1516], "direction": [0.0856477, 0.938787, -0.33368], "extended": true, "handId": 106, "id": 1061, "length": 50.8594, "mcpPosition": [-53.5662, 146.979, 40.6291], "pipPosition": [-51.1998, 182.541, 30.1268], "stabilizedTipPosition": [-47.2523, 213.606, 20.1039], "timeVisible": 9.2183, "tipPosition": [-49.7288, 208.835, 12.1474], "tipVelocity": [-1.90439, 53.8608, 15.3247], "tool": false, "touchDistance": -0.289436, "touchZone": "touching", "type": 1, "width": 18.2543}], "r": [[-0.120678, -0.88702, -0.445682], [0.553777, -0.432766, 0.711368], [-0.823873, -0.160962, 0.543437]], "s": 1.09185, "t": [20.4534, -66.8429, -20.1532], "timestamp": 7987127930}, {"currentFrameRate": 112.852, "devices": [], "gestures": [], "hands": [{"armBasis": [[0.909182, -0.21791, -0.354828], [0.405178, 0.266491, 0.874536], [-0.0960116, -0.938881, 0.330582]], "armWidth": 59.0231, "confidence": 1, "direction": [0.0609617, 0.981504, -0.181475], "elbow": [-61.6797, -164.471, 127.298], "grabAngle": 0.0737472, "grabStrength": 0, "id": 106, "palmNormal": [0.411201, -0.190364, -0.891446], "palmPosition": [-74.3602, 125.172, 33.935], "palmVelocity": [-6.53028, 81.8454, 20.7586], "palmWidth": 80.6694, "pinchDistance": 46.3251, "pinchStrength": 0, "r": [[-0.120433, -0.887615, -0.444562], [0.553704, -0.431753, 0.71204], [-0.823958, -0.160402, 0.543474]], "s": 1.09376, "sphereCenter": [-62.5307, 139.725, -33.6238], "sphereRadius": 77.5542, "stabilizedPalmPosition": [-73.8118, 127.831, 34.864], "t": [-20.5167, -66.3013, -20.0236], "timeVisible": 9.22789, "type": "left", "wrist": [-84.6625, 60.2741, 48.1645]}], "id": 137583, "interactionBox": {"center": [0, 200, 0], "size": [235.247, 235.247, 147.751]}, "pointables": [{"bases": [[[0.721875, 0.35363, 0.594846], [-0.524277, -0.281593, 0.803641], [0.451696, -0.891993, -0.0178746]], [[0.68019, 0.429309, 0.594169], [-0.463445, -0.376154, 0.802326], [0.567944, -0.821098, -0.0568954]], [[0.68019, 0.429309, 0.594169], [-0.671507, 0.0398577, 0.739926], [0.293974, -0.902278, 0.315394]], [[0.68019, 0.429309, 0.594169], [-0.732693, 0.422978, 0.533151], [-0.022434, -0.797987, 0.602257]]], "btipPosition": [-24.9114, 153.583, 26.7682], "carpPosition": [-58.2606, 74.4868, 45.7404], "dipPosition": [-24.4573, 137.431, 38.9582], "direction": [0.293974, 0.902278, -0.315394], "extended": true, "handId": 106, "id": 1060, "length": 45.0726, "mcpPosition": [-58.2606, 74.4868, 45.7404], "pipPosition": [-33.1258, 110.825, 48.2583], "stabilizedTipPosition": [-24.7867, 149.902, 30.1091], "timeVisible": 9.22789, "tipPosition": [-27.0841, 149.725, 27.7936], "tipVelocity": [18.8146, 70.92, 28.5298], "tool": false, "touchDistance": -0.285296, "touchZone": "touching", "type": 0, "width": 1