{"frames": 66, "data": [{"currentFrameRate": 111.862, "devices": [], "gestures": [], "hands": [{"armBasis": [[0.918655, 0.0161857, -0.394729], [0.336964, 0.489465, 0.804288], [0.206224, -0.871873, 0.444196]], "armWidth": 59.0231, "confidence": 1, "direction": [0.118304, 0.983795, -0.134727], "elbow": [-136.538, -122.963, 148.934], "grabAngle": 0.0865399, "grabStrength": 0, "id": 106, "palmNormal": [0.399225, -0.171355, -0.900698], "palmPosition": [-70.682, 149.859, 29.8708], "palmVelocity": [-9.30444, 2.36394, 6.34523], "palmWidth": 80.6694, "pinchDistance": 47.6492, "pinchStrength": 0, "r": [[-0.0658505, -0.872466, -0.484217], [0.573792, -0.430121, 0.696964], [-0.81635, -0.231944, 0.528938]], "s": 1.09624, "sphereCenter": [-17.9341, 136.247, -117.752], "sphereRadius": 161.862, "stabilizedPalmPosition": [-70.0884, 150, 27.794], "t": [-16.8221, -41.0925, -24.0126], "timeVisible": 7.16341, "type": "left", "wrist": [-87.1727, 85.7417, 42.6046]}], "id": 137349, "interactionBox": {"center": [0, 200, 0], "size": [235.247, 235.247, 147.751]}, "pointables": [{"bases": [[[0.699847, 0.366469, 0.613118], [-0.507001, -0.349777, 0.787786], [0.503154, -0.862181, -0.0589904]], [[0.654092, 0.439098, 0.615919], [-0.449972, -0.428644, 0.783447], [0.60802, -0.789593, -0.0827908]], [[0.654092, 0.439098, 0.615919], [-0.672979, -0.0339358, 0.738883], [0.345344, -0.897798, 0.273307]], [[0.654092, 0.439098, 0.615919], [-0.754315, 0.31802, 0.574345], [0.0563194, -0.840271, 0.539233]]], "btipPosition": [-19.3448, 176.239, 23.8933], "carpPosition": [-57.5763, 97.814, 39.2028], "dipPosition": [-20.4847, 159.232, 34.8077], "direction": [0.345344, 0.897798, -0.273307], "extended": true, "handId": 106, "id": 1060, "length": 45.0726, "mcpPosition": [-57.5763, 97.814, 39.2028], "pipPosition": [-30.668, 132.758, 42.8668], "stabilizedTipPosition": [-20.2041, 173.763, 26.3355], "timeVisible": 7.16341, "tipPosition": [-20.546, 171.715, 25.226], "tipVelocity": [-7.74631, 1.82773, 8.39509], "tool": false, "touchDistance": -0.114025, "touchZone": "touching", "type": 0, "width": 19.1104}, {"bases": [[[0.838917, 0.0338516, -0.543206], [0.504983, 0.323856, 0.800068], [0.203004, -0.9455, 0.254594]], [[0.850348, -0.0277405, -0.52549], [0.501186, 0.347046, 0.792699], [0.160379, -0.937438, 0.309013]], [[0.850348, -0.0277405, -0.52549], [0.498625, 0.36162, 0.787785], [0.168174, -0.931913, 0.321334]], [[0.850348, -0.0277405, -0.52549], [0.492804, 0.392171, 0.776753], [0.184534, -0.919474, 0.347153]]], "btipPosition": [-53.3288, 249.218, 4.99775], "carpPosition": [-79.7061, 113.794, 47.1716], "dipPosition": [-56.3279, 234.274, 10.6397], "direction": [0.168174, 0.931913, -0.321334], "extended": true, "handId": 106, "id": 1062, "length": 57.9502, "mcpPosition": [-67.1494, 172.278, 31.4238], "pipPosition": [-60.4638, 211.356, 18.5423], "stabilizedTipPosition": [-54.6082, 248.154, 8.159], "timeVisible": 7.16341, "tipPosition": [-54.7148, 245.954, 6.63321], "tipVelocity": [-7.71243, 2.59694, 8.54225], "tool": false, "touchDistance": -0.0923929, "touchZone": "touching", "type": 2, "width": 17.9281}, {"bases": [[[0.819176, -0.130166, -0.558577], [0.569844, 0.295142, 0.766922], [0.065032, -0.946545, 0.315947]], [[0.815944, -0.0924458, -0.570692], [0.567211, 0.318957, 0.759301], [0.111832, -0.94325, 0.312687]], [[0.815944, -0.0924458, -0.570692], [0.562409, 0.355568, 0.746504], [0.133909, -0.930067, 0.342116]], [[0.815944, -0.0924458, -0.570692], [0.557684, 0.386062, 0.734809], [0.152392, -0.917829, 0.36656]]], "btipPosition": [-75.4504, 241.235, -2.01056], "carpPosition": [-89.0539, 115.108, 41.7377], "dipPosition": [-77.9129, 226.404, 3.9126], "direction": [0.133909, 0.930067, -0.342116], "extended": true, "handId": 106, "id": 1063, "length": 55.7206, "mcpPosition": [-85.4423, 167.674, 24.1915], "pipPosition": [-81.1211, 204.122, 12.109], "stabilizedTipPosition": [-76.6506, 240.424, 1.60134], "timeVisible": 7.16341, "tipPosition": [-75.7836, 238.179, 0.737369], "tipVelocity": [-7.92476, 2.63459, 6.50767], "tool": false, "touchDistance": -0.120226, "touchZone": "touching", "type": 3, "width": 17.0597}, {"bases": [[[0.715706, -0.285808, -0.637243], [0.69381, 0.186511, 0.695587], [-0.0799518, -0.939961, 0.331784]], [[0.720028, -0.16129, -0.674941], [0.693741, 0.190925, 0.694458], [0.0168542, -0.968263, 0.249365]], [[0.720028, -0.16129, -0.674941], [0.691301, 0.251544, 0.677369], [0.0605249, -0.954312, 0.292619]], [[0.720028, -0.16129, -0.674941], [0.689525, 0.275884, 0.669658], [0.0781966, -0.947562, 0.309858]]], "btipPosition": [-97.6381, 220.687, -2.55376], "carpPosition": [-96.2328, 112.488, 31.6971], "dipPosition": [-98.8037, 206.561, 2.06534], "direction": [0.0605249, 0.954312, -0.292619], "extended": true, "handId": 106, "id": 1064, "length": 43.6839, "mcpPosition": [-100.343, 160.809, 14.6407], "pipPosition": [-99.8275, 190.419, 7.01509], "stabilizedTipPosition": [-97.9492, 219.811, 0.31178], "timeVisible": 7.16341, "tipPosition": [-95.9862, 217.569, 0.00067638], "tipVelocity": [-7.86249, 2.44139, 4.3338], "tool": false, "touchDistance": -0.122857, "touchZone": "touching", "type": 4, "width": 15.1538}, {"bases": [[[0.876418, 0.217202, -0.429785], [0.354863, 0.31201, 0.881319], [0.325521, -0.924918, 0.196374]], [[0.924466, 0.0234643, -0.380543], [0.357606, 0.292767, 0.886795], [0.132218, -0.955896, 0.262262]], [[0.924466, 0.0234643, -0.380543], [0.352137, 0.330081, 0.875811], [0.14616, -0.943661, 0.296886]], [[0.924466, 0.0234643, -0.380543], [0.342164, 0.389237, 0.85523], [0.168189, -0.920839, 0.351808]]], "btipPosition": [-38.1907, 239.672, 16.6279], "carpPosition": [-69.8759, 110.495, 50.5854], "dipPosition": [-40.6759, 226.066, 21.8264], "direction": [0.14616, 0.943661, -0.296886], "extended": true, "handId": 106, "id": 1061, "length": 50.8594, "mcpPosition": [-48.6438, 170.823, 37.7769], "pipPosition": [-43.7312, 206.34, 28.0324], "stabilizedTipPosition": [-39.659, 238.7, 19.4491], "timeVisible": 7.16341, "tipPosition": [-40.3477, 236.808, 18.173], "tipVelocity": [-7.68542, 2.41552, 9.79894], "tool": false, "touchDistance": -0.0815096, "touchZone": "touching", "type": 1, "width": 18.2543}], "r": [[-0.0658505, -0.872466, -0.484217], [0.573792, -0.430121, 0.696964], [-0.81635, -0.231944, 0.528938]], "s": 1.09624, "t": [16.8221, -41.0925, -24.0126], "timestamp": 7985073038}, {"currentFrameRate": 112.086, "devices": [], "gestures": [], "hands": [{"armBasis": [[0.9186, 0.0169869, -0.394824], [0.3363, 0.491105, 0.803566], [0.20755, -0.870935, 0.445416]], "armWidth": 59.0231, "confidence": 1, "direction": [0.117982, 0.983874, -0.134435], "elbow": [-136.942, -122.748, 149.3], "grabAngle": 0.0865347, "grabStrength": 0, "id": 106, "palmNormal": [0.399004, -0.170941, -0.900875], "palmPosition": [-70.7741, 149.852, 29.9459], "palmVelocity": [-10.7905, -0.925525, 8.81415], "palmWidth": 80.6694, "pinchDistance": 47.6293, "pinchStrength": 0, "r": [[-0.0661752, -0.872474, -0.48416], [0.574039, -0.430173, 0.696728], [-0.816149, -0.23182, 0.529301]], "s": 1.09632, "sphereCenter": [-18.1956, 136.378, -117.495], "sphereRadius": 161.625, "stabilizedPalmPosition": [-70.0944, 149.999, 27.8127], "t": [-16.908, -41.0864, -23.9479], "timeVisible": 7.17194, "type": "left", "wrist": [-87.2598, 85.7325, 42.6785]}], "id": 137350, "interactionBox": {"center": [0, 200, 0], "size": [235.247, 235.247, 147.751]}, "pointables": [{"bases": [[[0.699769, 0.366065, 0.613449], [-0.507337, -0.349894, 0.787517], [0.502925, -0.862305, -0.0591269]], [[0.653991, 0.438769, 0.616261], [-0.450369, -0.428713, 0.783181], [0.607835, -0.789738, -0.0827669]], [[0.653991, 0.438769, 0.616261], [-0.673414, -0.0335157, 0.738506], [0.344688, -0.897975, 0.273554]], [[0.653991, 0.438769, 0.616261], [-0.754475, 0.318707, 0.573753], [0.0553378, -0.840183, 0.539472]]], "btipPosition": [-19.4665, 176.242, 23.9341], "carpPosition": [-57.6507, 97.8068, 39.2567], "dipPosition": [-20.5866, 159.236, 34.8533], "direction": [0.344688, 0.897975, -0.273554], "extended": true, "handId": 106, "id": 1060, "length": 45.0726, "mcpPosition": [-57.6507, 97.8068, 39.2567], "pipPosition": [-30.7505, 132.757, 42.9197], "stabilizedTipPosition": [-20.1937, 173.732, 26.3379], "timeVisible": 7.17194, "tipPosition": [-20.6438, 171.724, 25.2959], "tipVelocity": [-13.74, 0.356435, 4.90942], "tool": false, "touchDistance": -0.113327, "touchZone": "touching", "type": 0, "width": 19.1104}, {"bases": [[[0.839089, 0.0337919, -0.542944], [0.504837, 0.323445, 0.800327], [0.202657, -0.945643, 0.25434]], [[0.850513, -0.0279107, -0.525214], [0.501041, 0.346694, 0.792945], [0.159957, -0.937563, 0.308852]], [[0.850513, -0.0279107, -0.525214], [0.498484, 0.36128, 0.788029], [0.167755, -0.93204, 0.321186]], [[0.850513, -0.0279107, -0.525214], [0.492693, 0.391759, 0.777032], [0.18407, -0.919644, 0.346948]]], "btipPosition": [-53.4623, 249.222, 5.09301], "carpPosition": [-79.7826, 113.778, 47.2374], "dipPosition": [-56.4538, 234.275, 10.7317], "direction": [0.167755, 0.93204, -0.321186], "extended": true, "handId": 106, "id": 1062, "length": 57.9502, "mcpPosition": [-67.2474, 172.271, 31.5054], "pipPosition": [-60.5794, 211.354, 18.6306], "stabilizedTipPosition": [-54.5991, 248.107, 8.12384], "timeVisible": 7.17194, "tipPosition": [-54.8409, 245.959, 6.73539], "tipVelocity": [-15.4427, 0.358801, 11.0782], "tool": false, "touchDistance": -0.090818, "touchZone": "touching", "type": 2, "width": 17.9281}, {"bases": [[[0.819306, -0.130215, -0.558375], [0.569699, 0.294723, 0.767191], [0.0646662, -0.946669, 0.315652]], [[0.816093, -0.0925315, -0.570465], [0.567078, 0.318526, 0.759581], [0.111423, -0.943387, 0.31242]], [[0.816093, -0.0925315, -0.570465], [0.562287, 0.355176, 0.746782], [0.133515, -0.930209, 0.341885]], [[0.816093, -0.0925315, -0.570465], [0.55758, 0.385646, 0.735106], [0.151977, -0.917995, 0.366317]]], "btipPosition": [-75.5812, 241.237, -1.90522], "carpPosition": [-89.1324, 115.09, 41.8068], "dipPosition": [-78.037, 226.403, 4.014], "direction": [0.133515, 0.930209, -0.341885], "extended": true, "handId": 106, "id": 1063, "length": 55.7206, "mcpPosition": [-85.5412, 167.664, 24.277], "pipPosition": [-81.2357, 204.117, 12.2049], "stabilizedTipPosition": [-76.6399, 240.369, 1.55589], "timeVisible": 7.17194, "tipPosition": [-75.9097, 238.179, 0.843173], "tipVelocity": [-15.1524, 0.0604358, 12.2432], "tool": false, "touchDistance": -0.118485, "touchZone": "touching", "type": 3, "width": 17.0597}, {"bases": [[[0.715815, -0.285801, -0.637124], [0.693655, 0.186081, 0.695856], [-0.0803204, -0.940049, 0.331447]], [[0.720181, -0.161097, -0.674824], [0.693588, 0.190446, 0.694742], [0.0165964, -0.968389, 0.24889]], [[0.720181, -0.161097, -0.674824], [0.691167, 0.251036, 0.677694], [0.0602309, -0.954478, 0.292137]], [[0.720181, -0.161097, -0.674824], [0.689401, 0.27536, 0.670003], [0.0778839, -0.947747, 0.309369]]], "btipPosition": [-97.7553, 220.685, -2.4361], "carpPosition": [-96.3136, 112.472, 31.7675], "dipPosition": [-98.9163, 206.557, 2.17572], "direction": [0.0602309, 0.954478, -0.292137], "extended": true, "handId": 106, "id": 1064, "length": 43.6839, "mcpPosition": [-100.443, 160.798, 14.7284], "pipPosition": [-99.9352, 190.411, 7.1173], "stabilizedTipPosition": [-97.9507, 219.764, 0.278642], "timeVisible": 7.17194, "tipPosition": [-96.108, 217.563, 0.104835], "tipVelocity": [-13.6202, -0.295236, 13.5969], "tool": false, "touchDistance": -0.120924, "touchZone": "touching", "type": 4, "width": 15.1538}, {"bases": [[[0.876609, 0.217094, -0.42945], [0.354688, 0.311615, 0.881529], [0.325197, -0.925077, 0.196163]], [[0.924614, 0.023138, -0.380203], [0.357416, 0.292401, 0.886993], [0.131695, -0.956016, 0.262088]], [[0.924614, 0.023138, -0.380203], [0.351948, 0.329849, 0.875975], [0.145678, -0.94375, 0.296839]], [[0.924614, 0.023138, -0.380203], [0.342015, 0.388962, 0.855415], [0.167677, -0.920963, 0.351726]]], "btipPosition": [-38.3234, 239.676, 16.7121], "carpPosition": [-69.9505, 110.48, 50.6472], "dipPosition": [-40.8011, 226.068, 21.9094], "direction": [0.145678, 0.94375, -0.296839], "extended": true, "handId": 106, "id": 1061, "length": 50.8594, "mcpPosition": [-48.7395, 170.818, 37.8525], "pipPosition": [-43.8463, 206.34, 28.1144], "stabilizedTipPosition": [-39.6422, 238.652, 19.4152], "timeVisible": 7.17194, "tipPosition": [-40.4666, 236.812, 18.2676], "tipVelocity": [-15.3627, 0.414256, 9.84184], "tool": false, "touchDistance": -0.0801104, "touchZone": "touching", "type": 1, "width": 18.2543}], "r": [[-0.0661752, -0.872474, -0.48416], [0.574039, -0.430173, 0.696728], [-0.816149, -0.23182, 0.529301]], "s": 1.09632, "t": [16.908, -41.0864, -23.9479], "timestamp": 7985081568}, {"currentFrameRate": 112.052, "devices": [], "gestures": [], "hands": [{"armBasis": [[0.918603, 0.0177963, -0.394781], [0.335524, 0.492675, 0.802929], [0.208788, -0.870031, 0.446602]], "armWidth": 59.0231, "confidence": 1, "direction": [0.117196, 0.984007, -0.134145], "elbow": [-137.311, -122.568, 149.662], "grabAngle": 0.0868084, "grabStrength": 0, "id": 106, "palmNormal": [0.39853, -0.170322, -0.901201], "palmPosition": [-70.8791, 149.823, 30.0231], "palmVelocity": [-11.6949, -3.19241, 8.58396], "palmWidth": 80.6694, "pinchDistance": 47.6378, "pinchStrength": 0, "r": [[-0.0664948, -0.872434, -0.484187], [0.574084, -0.430348, 0.696583], [-0.816092, -0.231645, 0.529466]], "s": 1.09638, "sphereCenter": [-18.0174, 136.15, -118.2], "sphereRadius": 162.454, "stabilizedPalmPosition": [-70.1009, 149.997, 27.831], "t": [-17.0035, -41.0978, -23.8769], "timeVisible": 7.18093, "type": "left", "wrist": [-87.3326, 85.6957, 42.757]}], "id": 137351, "interactionBox": {"center": [0, 200, 0], "size": [235.247, 235.247, 147.751]}, "pointables": [{"bases": [[[0.699623, 0.36534, 0.614047], [-0.508104, -0.349828, 0.787052], [0.502353, -0.86264, -0.0591167]], [[0.653852, 0.438138, 0.616856], [-0.451199, -0.428665, 0.78273], [0.607369, -0.790115, -0.082596]], [[0.653852, 0.438138, 0.616856], [-0.673978, -0.0332321, 0.738004], [0.343847, -0.898293, 0.273567]], [[0.653852, 0.438138, 0.616856], [-0.754661, 0.318992, 0.57335], [0.0544341, -0.840404, 0.53922]]], "btipPosition": [-19.5923, 176.249, 23.9803], "carpPosition": [-57.7127, 97.7839, 39.3058], "dipPosition": [-20.6941, 159.239, 34.8944], "direction": [0.343847, 0.898293, -0.273567], "extended": true, "handId": 106, "id": 1060, "length": 45.0726, "mcpPosition": [-57.7127, 97.7839, 39.3058], "pipPosition": [-30.8332, 132.751, 42.9611], "stabilizedTipPosition": [-20.1857, 173.7, 26.3414], "timeVisible": 7.18093, "tipPosition": [-20.767, 171.733, 25.3487], "tipVelocity": [-13.5289, 0.738577, 5.01193], "tool": false, "touchDistance": -0.112577, "touchZone": "touching", "type": 0, "width": 19.1104}, {"bases": [[[0.839471, 0.0333996, -0.542378], [0.504537, 0.322789, 0.80078], [0.20182, -0.945881, 0.254121]], [[0.850861, -0.0284564, -0.52462], [0.500732, 0.346246, 0.793336], [0.159072, -0.937712, 0.308856]], [[0.850861, -0.0284564, -0.52462], [0.498177, 0.360899, 0.788398], [0.1669, -0.932171, 0.321251]], [[0.850861, -0.0284564, -0.52462], [0.492407, 0.391422, 0.777383], [0.183227, -0.919771, 0.347058]]], "btipPosition": [-53.6538, 249.206, 5.1726], "carpPosition": [-79.8508, 113.737, 47.3071], "dipPosition": [-56.6316, 234.258, 10.813], "direction": [0.1669, 0.932171, -0.321251], "extended": true, "handId": 106, "id": 1062, "length": 57.9502, "mcpPosition": [-67.3673, 172.244, 31.5885], "pipPosition": [-60.7362, 211.333, 18.7136], "stabilizedTipPosition": [-54.5934, 248.056, 8.08764], "timeVisible": 7.18093, "tipPosition": [-55.0283, 245.95, 6.83729], "tipVelocity": [-20.9645, -1.75319, 8.90408], "tool": false, "touchDistance": -0.0894846, "touchZone": "touching", "type": 2, "width": 17.9281}, {"bases": [[[0.819581, -0.130588, -0.557883], [0.569401, 0.294034, 0.767676], [0.0637873, -0.946832, 0.315341]], [[0.816417, -0.093035, -0.569919], [0.566786, 0.318008, 0.760016], [0.110531, -0.943512, 0.312358]], [[0.816417, -0.093035, -0.569919], [0.562022, 0.354719, 0.747199], [0.132645, -0.930333, 0.341886]], [[0.816417, -0.093035, -0.569919], [0.557342, 0.385204, 0.735519], [0.151106, -0.91813, 0.366339]]], "btipPosition": [-75.772, 241.21, -1.80971], "carpPosition": [-89.205, 115.044, 41.883], "dipPosition": [-78.2137, 226.374, 4.10988], "direction": [0.132645, 0.930333, -0.341886], "extended": true, "handId": 106, "id": 1063, "length": 55.7206, "mcpPosition": [-85.6626, 167.627, 24.3706], "pipPosition": [-81.3916, 204.085, 12.3008], "stabilizedTipPosition": [-76.6329, 240.31, 1.51023], "timeVisible": 7.18093, "tipPosition": [-76.0969, 238.157, 0.954866], "tipVelocity": [-20.8778, -3.0657, 10.6397], "tool": false, "touchDistance": -0.116892, "touchZone": "touching", "type": 3, "width": 17.0597}, {"bases": [[[0.716032, -0.286071, -0.636758], [0.693328, 0.18533, 0.696383], [-0.081205, -0.940115, 0.331043]], [[0.720514, -0.161491, -0.674374], [0.693262, 0.189843, 0.695232], [0.0157514, -0.968442, 0.248741]], [[0.720514, -0.161491, -0.674374], [0.690889, 0.250532, 0.678164], [0.0594348, -0.954544, 0.292084]], [[0.720514, -0.161491, -0.674374], [0.689149, 0.274789, 0.670496], [0.0770313, -0.947846, 0.309281]]], "btipPosition": [-97.9302, 220.645, -2.32853], "carpPosition": [-96.3909, 112.424, 31.8475], "dipPosition": [-99.0785, 206.515, 2.28196], "direction": [0.0594348, 0.954544, -0.292084], "extended": true, "handId": 106, "id": 1064, "length": 43.6839, "mcpPosition": [-100.566, 160.754, 14.8292], "pipPosition": [-100.084, 190.369, 7.22267], "stabilizedTipPosition": [-97.9556, 219.716, 0.247193], "timeVisible": 7.18093, "tipPosition": [-96.2825, 217.528, 0.222579], "tipVelocity": [-19.1376, -4.47264, 11.9382], "tool": false, "touchDistance": -0.119136, "touchZone": "touching", "type": 4, "width": 15.1538}, {"bases": [[[0.877045, 0.216633, -0.428791], [0.354327, 0.311035, 0.881878], [0.324413, -0.92538, 0.196033]], [[0.924895, 0.0225248, -0.379555], [0.357012, 0.291989, 0.887291], [0.130812, -0.956156, 0.262018]], [[0.924895, 0.0225248, -0.379555], [0.351557, 0.329591, 0.876229], [0.144835, -0.943855, 0.296918]], [[0.924895, 0.0225248, -0.379555], [0.341677, 0.388714, 0.855662], [0.166812, -0.921083, 0.351824]]], "btipPosition": [-38.5014, 239.669, 16.7821], "carpPosition": [-70.014, 110.445, 50.7091], "dipPosition": [-40.9662, 226.059, 21.9807], "direction": [0.144835, 0.943855, -0.296918], "extended": true, "handId": 106, "id": 1061, "length": 50.8594, "mcpPosition": [-48.8542, 170.802, 37.9229], "pipPosition": [-43.9938, 206.329, 28.1874], "stabilizedTipPosition": [-39.6283, 238.601, 19.3806], "timeVisible": 7.18093, "tipPosition": [-40.639, 236.809, 18.3567], "tipVelocity": [-19.4758, -0.806846, 7.81891], "tool": false, "touchDistance": -0.0789395, "touchZone": "touching", "type": 1, "width": 18.2543}], "r": [[-0.0664948, -0.872434, -0.484187], [0.574084, -0.430348, 0.696583], [-0.816092, -0.231645, 0.529466]], "s": 1.09638, "t": [17.0035, -41.0978, -23.8769], "timestamp": 7985090553}, {"currentFrameRate": 112.415, "devices": [], "gestures": [], "hands": [{"armBasis": [[0.918416, 0.0180375, -0.395204], [0.335471, 0.493981, 0.802149], [0.209692, -0.869286, 0.447629]], "armWidth": 59.0231, "confidence": 1, "direction": [0.116282, 0.984161, -0.133815], "elbow": [-137.597, -122.379, 149.998], "grabAngle": 0.0867952, "grabStrength": 0, "id": 106, "palmNormal": [0.39871, -0.16965, -0.901249], "palmPosition": [-70.9907, 149.845, 30.1209], "palmVelocity": [-13.5054, 2.73302, 11.8441], "palmWidth": 80.6694, "pinchDistance": 47.7598, "pinchStrength": 0, "r": [[-0.0669153, -0.872357, -0.484268], [0.574043, -0.430642, 0.696435], [-0.816086, -0.231388, 0.529587]], "s": 1.09646, "sphereCenter": [-18.3896, 136.44, -117.695], "sphereRadius": 161.969, "stabilizedPalmPosition": [-70.1069, 149.996, 27.8464], "t": [-17.107, -41.0922, -23.7925], "timeVisible": 7.18919, "type": "left", "wrist": [-87.4018, 85.7061, 42.847]}], "id": 137352, "interactionBox": {"center": [0, 200, 0], "size": [235.247, 235.247, 147.751]}, "pointables": [{"bases": [[[0.699977, 0.364483, 0.614153], [-0.508412, -0.349616, 0.786947], [0.501547, -0.863088, -0.0594159]], [[0.654112, 0.437563, 0.616989], [-0.451549, -0.428509, 0.782613], [0.606828, -0.790518, -0.0827117]], [[0.654112, 0.437563, 0.616989], [-0.674054, -0.0329082, 0.737949], [0.343203, -0.898585, 0.273416]], [[0.654112, 0.437563, 0.616989], [-0.754473, 0.319289, 0.573432], [0.0539153, -0.840591, 0.538981]]], "btipPosition": [-19.709, 176.311, 24.0755], "carpPosition": [-57.776, 97.8157, 39.3866], "dipPosition": [-20.8003, 159.298, 34.9848], "direction": [0.343203, 0.898585, -0.273416], "extended": true, "handId": 106, "id": 1060, "length": 45.0726, "mcpPosition": [-57.776, 97.8157, 39.3866], "pipPosition": [-30.9204, 132.801, 43.0471], "stabilizedTipPosition": [-20.1813, 173.674, 26.3461], "timeVisible": 7.18919, "tipPosition": [-20.8974, 171.805, 25.4568], "tipVelocity": [-13.8332, 7.40191, 11.3927], "tool": false, "touchDistance": -0.111008, "touchZone": "touching", "type": 0, "width": 19.1104}, {"bases": [[[0.839489, 0.032798, -0.542386], [0.504856, 0.322052, 0.800876], [0.200944, -0.946154, 0.253801]], [[0.850828, -0.0291179, -0.524636], [0.501089, 0.345424, 0.793468], [0.158118, -0.937995, 0.308488]], [[0.850828, -0.0291179, -0.524636], [0.498554, 0.360055, 0.788546], [0.165937, -0.932476, 0.320862]], [[0.850828, -0.0291179, -0.524636], [0.492801, 0.390659, 0.777517], [0.182314, -0.920075, 0.346733]]], "btipPosition": [-53.8646, 249.256, 5.30824], "carpPosition": [-79.9291, 113.745, 47.3927], "dipPosition": [-56.8276, 234.303, 10.9434], "direction": [0.165937, 0.932476, -0.320862], "extended": true, "handId": 106, "id": 1062, "length": 57.9502, "mcpPosition": [-67.4998, 172.269, 31.6939], "pipPosition": [-60.9085, 211.37, 18.8344], "stabilizedTipPosition": [-54.5925, 248.011, 8.05799], "timeVisible": 7.18919, "tipPosition": [-55.2285, 245.995, 6.96735], "tipVelocity": [-25.1024, 5.86199, 16.2698], "tool": false, "touchDistance": -0.0872442, "touchZone": "touching", "type": 2, "width": 17.9281}, {"bases": [[[0.819447, -0.131165, -0.557945], [0.569692, 0.293247, 0.767761], [0.062912, -0.946996, 0.315024]], [[0.81632, -0.093641, -0.569958], [0.567117, 0.317079, 0.760157], [0.10954, -0.943765, 0.311943]], [[0.81632, -0.093641, -0.569958], [0.56238, 0.353881, 0.747326], [0.131717, -0.930591, 0.341542]], [[0.81632, -0.093641, -0.569958], [0.557722, 0.384429, 0.735636], [0.150223, -0.918393, 0.366043]]], "btipPosition": [-75.9749, 241.24, -1.67722], "carpPosition": [-89.2845, 115.046, 41.9689], "dipPosition": [-78.4023, 226.4, 4.23758], "direction": [0.131717, 0.930591, -0.341542], "extended": true, "handId": 106, "id": 1063, "length": 55.7206, "mcpPosition": [-85.7907, 167.637, 24.474], "pipPosition": [-81.5579, 204.105, 12.4202], "stabilizedTipPosition": [-76.6309, 240.259, 1.47255], "timeVisible": 7.18919, "tipPosition": [-76.2903, 238.184, 1.08128], "tipVelocity": [-24.1518, 3.6182, 15.9025], "tool": false, "touchDistance": -0.114702, "touchZone": "touching", "type": 3, "width": 17.0597}, {"bases": [[[0.715751, -0.286526, -0.63687], [0.693516, 0.184451, 0.696429], [-0.0820736, -0.940149, 0.330732]], [[0.720348, -0.161951, -0.674441], [0.693457, 0.188775, 0.695328], [0.0147086, -0.968574, 0.24829]], [[0.720348, -0.161951, -0.674441], [0.691142, 0.249595, 0.678251], [0.0584937, -0.954712, 0.291726]], [[0.720348, -0.161951, -0.674441], [0.689426, 0.273862, 0.67059], [0.0761012, -0.948036, 0.308929]]], "btipPosition": [-98.1133, 220.655, -2.20262], "carpPosition": [-96.4677, 112.422, 31.9323], "dipPosition": [-99.2477, 206.522, 2.40263], "direction": [0.0584937, 0.954712, -0.291726], "extended": true, "handId": 106, "id": 1064, "length": 43.6839, "mcpPosition": [-100.687, 160.754, 14.93], "pipPosition": [-100.237, 190.373, 7.33727], "stabilizedTipPosition": [-97.9632, 219.674, 0.222014], "timeVisible": 7.18919, "tipPosition": [-96.4575, 217.536, 0.34163], "tipVelocity": [-21.774, 1.09238, 15.0935], "tool": false, "touchDistance": -0.117058, "touchZone": "touching", "type": 4, "width": 15.1538}, {"bases": [[[0.877237, 0.215958, -0.428739], [0.354637, 0.31041, 0.881974], [0.323554, -0.925747, 0.195717]], [[0.924907, 0.0217898, -0.379569], [0.357322, 0.291232, 0.887415], [0.129879, -0.956404, 0.261576]], [[0.924907, 0.0217898, -0.379569], [0.351877, 0.329016, 0.876317], [0.143979, -0.944073, 0.296642]], [[0.924907, 0.0217898, -0.379569], [0.342047, 0.388174, 0.85576], [0.165986, -0.921328, 0.351572]]], "btipPosition": [-38.6974, 239.727, 16.9133], "carpPosition": [-70.0894, 110.461, 50.7939], "dipPosition": [-41.1501, 226.113, 22.1083], "direction": [0.143979, 0.944073, -0.296642], "extended": true, "handId": 106, "id": 1061, "length": 50.8594, "mcpPosition": [-48.9856, 170.843, 38.0282], "pipPosition": [-44.1598, 206.379, 28.3092], "stabilizedTipPosition": [-39.6204, 238.558, 19.3531], "timeVisible": 7.18919, "tipPosition": [-40.8311, 236.863, 18.4842], "tipVelocity": [-23.3932, 6.90163, 15.7823], "tool": false, "touchDistance": -0.0767663, "touchZone": "touching", "type": 1, "width": 18.2543}], "r": [[-0.0669153, -0.872357, -0.484268], [0.574043, -0.430642, 0.696435], [-0.816086, -0.231388, 0.529587]], "s": 1.09646, "t": [17.107, -41.0922, -23.7925], "timestamp": 7985098815}, {"currentFrameRate": 111.714, "devices": [], "gestures": [], "hands": [{"armBasis": [[0.919761, 0.0122264, -0.392288], [0.334736, 0.497418, 0.800329], [0.204916, -0.867425, 0.453413]], "armWidth": 59.0231, "confidence": 1, "direction": [0.115227, 0.984271, -0.133917], "elbow": [-136.446, -121.895, 151.531], "grabAngle": 0.0863354, "grabStrength": 0, "id": 106, "palmNormal": [0.398665, -0.169304, -0.901334], "palmPosition": [-71.088, 149.888, 30.2027], "palmVelocity": [-9.56329, 4.23081, 8.04088], "palmWidth": 80.6694, "pinchDistance": 47.8354, "pinchStrength": 0, "r": [[-0.0674092, -0.872289, -0.484322], [0.573887, -0.430985, 0.696352], [-0.816156, -0.231005, 0.529647]], "s": 1.0965, "sphereCenter": [-19.1879, 137.022, -116.367], "sphereRadius": 160.547, "stabilizedPalmPosition": [-70.1142, 149.995, 27.8639], "t": [-17.2074, -41.0678, -23.7094], "timeVisible": 7.19936, "type": "left", "wrist": [-87.3941, 85.7451, 42.9952]}], "id": 137353, "interactionBox": {"center": [0, 200, 0], "size": [235.247, 235.247, 147.751]}, "pointables": [{"bases": [[[0.700205, 0.363802, 0.614297], [-0.508968, -0.349029, 0.786849], [0.500664, -0.863613, -0.0592283]], [[0.654474, 0.436843, 0.617116], [-0.45201, -0.428223, 0.782503], [0.606094, -0.791071, -0.0828038]], [[0.654474, 0.436843, 0.617116], [-0.674267, -0.0320751, 0.73779], [0.342092, -0.898966, 0.273556]], [[0.654474, 0.436843, 0.617116], [-0.754243, 0.320286, 0.573179], [0.0527358, -0.840586, 0.539104]]], "btipPosition": [-19.8391, 176.405, 24.1554], "carpPosition": [-57.817, 97.8732, 39.4691], "dipPosition": [-20.9065, 159.391, 35.0672], "direction": [0.342092, 0.898966, -0.273556], "extended": true, "handId": 106, "id": 1060, "length": 45.0726, "mcpPosition": [-57.817, 97.8732, 39.4691], "pipPosition": [-30.9939, 132.883, 43.1336], "stabilizedTipPosition": [-20.1791, 173.647, 26.3536], "timeVisible": 7.19936, "tipPosition": [-21.0179, 171.9, 25.5257], "tipVelocity": [-12.2447, 9.15384, 7.90793], "tool": false, "touchDistance": -0.109667, "touchZone": "touching", "type": 0, "width": 19.1104}, {"bases": [[[0.839656, 0.0318848, -0.542183], [0.504994, 0.321587, 0.800976], [0.199898, -0.946343, 0.253921]], [[0.850966, -0.0303008, -0.524346], [0.501294, 0.344751, 0.793632], [0.156721, -0.938205, 0.308561]], [[0.850966, -0.0303008, -0.524346], [0.498816, 0.359189, 0.788775], [0.164439, -0.932773, 0.320772]], [[0.850966, -0.0303008, -0.524346], [0.493133, 0.389696, 0.77779], [0.180768, -0.920445, 0.346561]]], "btipPosition": [-54.1051, 249.325, 5.38949], "carpPosition": [-79.9846, 113.78, 47.4794], "dipPosition": [-57.0429, 234.365, 11.0218], "direction": [0.164439, 0.932773, -0.320772], "extended": true, "handId": 106, "id": 1062, "length": 57.9502, "mcpPosition": [-67.62, 172.316, 31.7732], "pipPosition": [-61.087, 211.426, 18.9106], "stabilizedTipPosition": [-54.5975, 247.954, 8.02154], "timeVisible": 7.19936, "tipPosition": [-55.43, 246.052, 7.03729], "tipVelocity": [-23.0624, 6.63103, 7.92196], "tool": false, "touchDistance": -0.0859008, "touchZone": "touching", "type": 2, "width": 17.9281}, {"bases": [[[0.819447, -0.132059, -0.557734], [0.569809, 0.292712, 0.767879], [0.0618506, -0.947037, 0.31511]], [[0.816371, -0.0946213, -0.569723], [0.567296, 0.31625, 0.760369], [0.108228, -0.943945, 0.311856]], [[0.816371, -0.0946213, -0.569723], [0.562602, 0.353119, 0.74752], [0.130449, -0.930781, 0.341511]], [[0.816371, -0.0946213, -0.569723], [0.558002, 0.383573, 0.73587], [0.148902, -0.91865, 0.365937]]], "btipPosition": [-76.1945, 241.283, -1.58723], "carpPosition": [-89.3427, 115.071, 42.0578], "dipPosition": [-78.6005, 226.439, 4.32585], "direction": [0.130449, 0.930781, -0.341511], "extended": true, "handId": 106, "id": 1063, "length": 55.7206, "mcpPosition": [-85.9078, 167.665, 24.5581], "pipPosition": [-81.7258, 204.139, 12.5077], "stabilizedTipPosition": [-76.634, 240.196, 1.42729], "timeVisible": 7.19936, "tipPosition": [-76.4869, 238.219, 1.1556], "tipVelocity": [-21.1006, 4.12466, 8.80516], "tool": false, "touchDistance": -0.113209, "touchZone": "touching", "type": 3, "width": 17.0597}, {"bases": [[[0.715609, -0.287318, -0.636673], [0.693537, 0.183783, 0.696585], [-0.0831317, -0.940039, 0.330782]], [[0.720342, -0.162545, -0.674305], [0.693487, 0.18772, 0.695584], [0.0135168, -0.96868, 0.247946]], [[0.720342, -0.162545, -0.674305], [0.691245, 0.248588, 0.678516], [0.0573347, -0.954873, 0.291427]], [[0.720342, -0.162545, -0.674305], [0.689567, 0.272746, 0.6709], [0.0748624, -0.948256, 0.308556]]], "btipPosition": [-98.3001, 220.675, -2.0932], "carpPosition": [-96.5257, 112.439, 32.0232], "dipPosition": [-99.4161, 206.539, 2.50649], "direction": [0.0573347, 0.954873, -0.291427], "extended": true, "handId": 106, "id": 1064, "length": 43.6839, "mcpPosition": [-100.799, 160.765, 15.0183], "pipPosition": [-100.386, 190.387, 7.43607], "stabilizedTipPosition": [-97.9762, 219.625, 0.194464], "timeVisible": 7.19936, "tipPosition": [-96.6359, 217.55, 0.422022], "tipVelocity": [-17.9478, 1.91912, 10.6281], "tool": false, "touchDistance": -0.115256, "touchZone": "touching", "type": 4, "width": 15.1538}, {"bases": [[[0.877566, 0.215014, -0.42854], [0.354743, 0.310108, 0.882038], [0.322544, -0.926068, 0.195865]], [[0.925072, 0.0204527, -0.379242], [0.357436, 0.290654, 0.887558], [0.128381, -0.956609, 0.261566]], [[0.925072, 0.0204527, -0.379242], [0.352056, 0.328414, 0.876471], [0.142474, -0.944312, 0.296606]], [[0.925072, 0.0204527, -0.379242], [0.342342, 0.38747, 0.855961], [0.164451, -0.921655, 0.351436]]], "btipPosition": [-38.9244, 239.811, 16.9913], "carpPosition": [-70.1407, 110.507, 50.8784], "dipPosition": [-41.3544, 226.192, 22.1843], "direction": [0.142474, 0.944312, -0.296606], "extended": true, "handId": 106, "id": 1061, "length": 50.8594, "mcpPosition": [-49.1028, 170.909, 38.1031], "pipPosition": [-44.3327, 206.453, 28.3844], "stabilizedTipPosition": [-39.6165, 238.505, 19.3199], "timeVisible": 7.19936, "tipPosition": [-41.0182, 236.936, 18.5513], "tipVelocity": [-21.7954, 8.14256, 7.62136], "tool": false, "touchDistance": -0.0754739, "touchZone": "touching", "type": 1, "width": 18.2543}], "r": [[-0.0674092, -0.872289, -0.484322], [0.573887, -0.430985, 0.696352], [-0.816156, -0.231005, 0.529647]], "s": 1.0965, "t": [17.2074, -41.0678, -23.7094], "timestamp": 7985108990}, {"currentFrameRate": 112.767, "devices": [], "gestures": [], "hands": [{"armBasis": [[0.920633, 0.0107224, -0.390282], [0.33312, 0.499793, 0.799524], [0.203633, -0.866079, 0.456554]], "armWidth": 59.0231, "confidence": 1, "direction": [0.115036, 0.984057, -0.135643], "elbow": [-136.245, -121.403, 152.522], "grabAngle": 0.084734, "grabStrength": 0, "id": 106, "palmNormal": [0.397209, -0.170726, -0.901708], "palmPosition": [-71.2181, 150.034, 30.3006], "palmVelocity": [-18.4924, 20.6779, 13.9177], "palmWidth": 80.6694, "pinchDistance": 48.0535, "pinchStrength": 0, "r": [[-0.0676436, -0.872387, -0.484114], [0.573539, -0.431039, 0.696605], [-0.81638, -0.230537, 0.529505]], "s": 1.09662, "sphereCenter": [-22.1516, 138.856, -111.462], "sphereRadius": 155.067, "stabilizedPalmPosition": [-70.1199, 149.996, 27.8767], "t": [-17.3227, -40.9829, -23.619], "timeVisible": 7.2064, "type": "left", "wrist": [-87.4999, 85.915, 43.2346]}], "id": 137354, "interactionBox": {"center": [0, 200, 0], "size": [235.247, 235.247, 147.751]}, "pointables": [{"bases": [[[0.699206, 0.364783, 0.614854], [-0.510225, -0.347811, 0.786574], [0.500781, -0.863691, -0.05707]], [[0.653494, 0.437788, 0.617484], [-0.452781, -0.42764, 0.782377], [0.606576, -0.790864, -0.081238]], [[0.653494, 0.437788, 0.617484], [-0.675396, -0.0310543, 0.736801], [0.341738, -0.898542, 0.275387]], [[0.653494, 0.437788, 0.617484], [-0.75517, 0.32147, 0.571292], [0.0516019, -0.839642, 0.540684]]], "btipPosition": [-19.9676, 176.523, 24.1581], "carpPosition": [-57.9335, 98.0328, 39.627], "dipPosition": [-21.0121, 159.529, 35.1018], "direction": [0.341738, 0.898542, -0.275387], "extended": true, "handId": 106, "id": 1060, "length": 45.0726, "mcpPosition": [-57.9335, 98.0328, 39.627], "pipPosition": [-31.089, 133.033, 43.2222], "stabilizedTipPosition": [-20.1796, 173.629, 26.3592], "timeVisible": 7.2064, "tipPosition": [-21.1528, 172.038, 25.5113], "tipVelocity": [-17.5263, 17.5229, 1.4273], "tool": false, "touchDistance": -0.1095, "touchZone": "touching", "type": 0, "width": 19.1104}, {"bases": [[[0.840527, 0.0310594, -0.540879], [0.503696, 0.322855, 0.801283], [0.199513, -0.945939, 0.255724]], [[0.851848, -0.0313521, -0.522849], [0.500185, 0.344969, 0.794236], [0.155466, -0.93809, 0.309543]], [[0.851848, -0.0313521, -0.522849], [0.497821, 0.35886, 0.789553], [0.162875, -0.932865, 0.321302]], [[0.851848, -0.0313521, -0.522849], [0.49222, 0.389217, 0.778607], [0.179091, -0.920612, 0.346986]]], "btipPosition": [-54.3501, 249.473, 5.38576], "carpPosition": [-80.0878, 113.953, 47.6481], "dipPosition": [-57.2607, 234.511, 11.025], "direction": [0.162875, 0.932865, -0.321302], "extended": true, "handId": 106, "id": 1062, "length": 57.9502, "mcpPosition": [-67.747, 172.464, 31.8304], "pipPosition": [-61.2663, 211.569, 18.9268], "stabilizedTipPosition": [-54.6063, 247.914, 7.99347], "timeVisible": 7.2064, "tipPosition": [-55.5906, 246.159, 6.95742], "tipVelocity": [-33.9433, 20.9484, -0.303867], "tool": false, "touchDistance": -0.0859364, "touchZone": "touching", "type": 2, "width": 17.9281}, {"bases": [[[0.820347, -0.132909, -0.556207], [0.568564, 0.29393, 0.768336], [0.0613671, -0.946541, 0.316692]], [[0.817283, -0.0954228, -0.56828], [0.566197, 0.316261, 0.761183], [0.107091, -0.943861, 0.312503]], [[0.817283, -0.0954228, -0.56828], [0.561559, 0.353055, 0.748334], [0.129226, -0.930724, 0.342131]], [[0.817283, -0.0954228, -0.56828], [0.557027, 0.383336, 0.736732], [0.147541, -0.918666, 0.366447]]], "btipPosition": [-76.4284, 241.416, -1.54144], "carpPosition": [-89.4545, 115.235, 42.2395], "dipPosition": [-78.8124, 226.571, 4.3799], "direction": [0.129226, 0.930724, -0.342131], "extended": true, "handId": 106, "id": 1063, "length": 55.7206, "mcpPosition": [-86.0465, 167.802, 24.6521], "pipPosition": [-81.9084, 204.273, 12.5767], "stabilizedTipPosition": [-76.6411, 240.15, 1.39408], "timeVisible": 7.2064, "tipPosition": [-76.6636, 238.317, 1.11533], "tipVelocity": [-32.5387, 18.8464, 6.78172], "tool": false, "touchDistance": -0.112414, "touchZone": "touching", "type": 3, "width": 17.0597}, {"bases": [[[0.71664, -0.288294, -0.635069], [0.692409, 0.184892, 0.697412], [-0.0836404, -0.939522, 0.332119]], [[0.721425, -0.163006, -0.673035], [0.692378, 0.18751, 0.696745], [0.0126272, -0.968643, 0.248135]], [[0.721425, -0.163006, -0.673035], [0.690204, 0.248207, 0.679714], [0.0562543, -0.954894, 0.291569]], [[0.721425, -0.163006, -0.673035], [0.688558, 0.272316, 0.67211], [0.0737201, -0.9483, 0.308694]]], "btipPosition": [-98.5168, 220.797, -1.97474], "carpPosition": [-96.6537, 112.588, 32.2207], "dipPosition": [-99.6158, 206.661, 2.62701], "direction": [0.0562543, 0.954894, -0.291569], "extended": true, "handId": 106, "id": 1064, "length": 43.6839, "mcpPosition": [-100.953, 160.887, 15.147], "pipPosition": [-100.567, 190.509, 7.559], "stabilizedTipPosition": [-97.989, 219.591, 0.176514], "timeVisible": 7.2064, "tipPosition": [-96.8242, 217.649, 0.446777], "tipVelocity": [-30.2554, 17.3774, 16.9113], "tool": false, "touchDistance": -0.113273, "touchZone": "touching", "type": 4, "width": 15.1538}, {"bases": [[[0.87825, 0.214367, -0.427462], [0.353315, 0.311498, 0.882121], [0.322252, -0.925751, 0.197834]], [[0.925735, 0.0195005, -0.377669], [0.356137, 0.290965, 0.887979], [0.127205, -0.956535, 0.262412]], [[0.925735, 0.0195005, -0.377669], [0.35083, 0.328547, 0.876912], [0.141182, -0.944286, 0.297306]], [[0.925735, 0.0195005, -0.377669], [0.341218, 0.387504, 0.856394], [0.163049, -0.921662, 0.352072]]], "btipPosition": [-39.1327, 239.965, 16.9654], "carpPosition": [-70.2385, 110.684, 51.0364], "dipPosition": [-41.542, 226.346, 22.1678], "direction": [0.141182, 0.944286, -0.297306], "extended": true, "handId": 106, "id": 1061, "length": 50.8594, "mcpPosition": [-49.2196, 171.066, 38.1326], "pipPosition": [-44.4932, 206.607, 28.3825], "stabilizedTipPosition": [-39.6181, 238.468, 19.2946], "timeVisible": 7.2064, "tipPosition": [-41.156, 237.061, 18.4627], "tipVelocity": [-28.9385, 21.8851, -3.37698], "tool": false, "touchDistance": -0.0758697, "touchZone": "touching", "type": 1, "width": 18.2543}], "r": [[-0.0676436, -0.872387, -0.484114], [0.573539, -0.431039, 0.696605], [-0.81638, -0.230537, 0.529505]], "s": 1.09662, "t": [17.3227, -40.9829, -23.619], "timestamp": 7985116023}, {"currentFrameRate": 112.671, "devices": [], "gestures": [], "hands": [{"armBasis": [[0.921012, 0.00995843, -0.389406], [0.332383, 0.501184, 0.79896], [0.20312, -0.865284, 0.458286]], "armWidth": 59.0231, "confidence": 1, "direction": [0.114742, 0.983969, -0.136523], "elbow": [-136.248, -121.037, 153.145], "grabAngle": 0.082951, "grabStrength": 0, "id": 106, "palmNormal": [0.39656, -0.171375, -0.90187], "palmPosition": [-71.3662, 150.199, 30.4361], "palmVelocity": [-16.3808, 18.299, 14.9759], "palmWidth": 80.6694, "pinchDistance": 48.4398, "pinchStrength": 0, "r": [[-0.0677919, -0.87254, -0.483817], [0.573139, -0.430991, 0.696963], [-0.816649, -0.230046, 0.529305]], "s": 1.09682, "sphereCenter": [-25.2855, 140.99, -106.128], "sphereRadius": 149.182, "stabilizedPalmPosition": [-70.1281, 149.997, 27.8935], "t": [-17.4543, -40.8578, -23.506], "timeVisible": 7.21544, "type": "left", "wrist": [-87.6261, 86.0907, 43.4431]}], "id": 137355, "interactionBox": {"center": [0, 200, 0], "size": [235.247, 235.247, 147.751]}, "pointables": [{"bases": [[[0.698812, 0.365143, 0.615088], [-0.510887, -0.347078, 0.786468], [0.500656, -0.863833, -0.0559956]], [[0.652998, 0.43833, 0.617625], [-0.453246, -0.427167, 0.782366], [0.606763, -0.790819, -0.0802681]], [[0.652998, 0.43833, 0.617625], [-0.675962, -0.0304782, 0.736306], [0.341569, -0.898297, 0.276392]], [[0.652998, 0.43833, 0.617625], [-0.755626, 0.321919, 0.570436], [0.0512139, -0.839187, 0.541425]]], "btipPosition": [-20.1032, 176.681, 24.2378], "carpPosition": [-58.0645, 98.2084, 39.7943], "dipPosition": [-21.1398, 159.695, 35.1965], "direction": [0.341569, 0.898297, -0.276392], "extended": true, "handId": 106, "id": 1060, "length": 45.0726, "mcpPosition": [-58.0645, 98.2084, 39.7943], "pipPosition": [-31.2117, 133.207, 43.3466], "stabilizedTipPosition": [-20.1833, 173.609, 26.3683], "timeVisible": 7.21544, "tipPosition": [-21.3071, 172.21, 25.5932], "tipVelocity": [-14.7911, 17.618, 9.19604], "tool": false, "touchDistance": -0.108114, "touchZone": "touching", 