{"frames": 76, "data": [{"currentFrameRate": 113.367, "devices": [], "gestures": [], "hands": [{"armBasis": [[0.963154, -0.132858, -0.233843], [0.26765, 0.558847, 0.784891], [0.0264032, -0.818559, 0.573815]], "armWidth": 59.0231, "confidence": 1, "direction": [0.034029, 0.99903, 0.0279353], "elbow": [-182.052, -74.5131, 198.205], "grabAngle": 0.165121, "grabStrength": 0, "id": 118, "palmNormal": [0.349735, 0.0142808, -0.93674], "palmPosition": [-165.826, 187.363, 55.4497], "palmVelocity": [89.741, -2.70074, 4.38333], "palmWidth": 80.6694, "pinchDistance": 37.7587, "pinchStrength": 0, "r": [[0.724938, -0.41429, 0.550299], [0.166455, 0.880595, 0.443673], [-0.668399, -0.230035, 0.707337]], "s": 1.07964, "sphereCenter": [-64.8772, 184.636, -157.004], "sphereRadius": 237.814, "stabilizedPalmPosition": [-169.148, 189.688, 61.3246], "t": [-50.558, 15.0291, -9.32788], "timeVisible": 2.76642, "type": "left", "wrist": [-175.732, 121.43, 60.8475]}], "id": 147924, "interactionBox": {"center": [0, 200, 0], "size": [235.247, 235.247, 147.751]}, "pointables": [{"bases": [[[0.682909, 0.198928, 0.702896], [-0.583786, -0.429789, 0.688821], [0.439124, -0.880743, -0.177375]], [[0.655389, 0.251309, 0.712256], [-0.540074, -0.503306, 0.674539], [0.528001, -0.826757, -0.194135]], [[0.655389, 0.251309, 0.712256], [-0.742216, 0.0395832, 0.668991], [0.13993, -0.967097, 0.212468]], [[0.655389, 0.251309, 0.712256], [-0.726322, 0.468372, 0.503074], [-0.207174, -0.847037, 0.489498]]], "btipPosition": [-124.914, 218.064, 47.5253], "carpPosition": [-148.214, 135.814, 55.1065], "dipPosition": [-120.721, 200.92, 57.4329], "direction": [0.13993, 0.967097, -0.212468], "extended": false, "handId": 118, "id": 1180, "length": 45.0726, "mcpPosition": [-148.214, 135.814, 55.1065], "pipPosition": [-124.847, 172.403, 63.6981], "stabilizedTipPosition": [-129.237, 217.385, 55.5056], "timeVisible": 2.76642, "tipPosition": [-123.131, 214.03, 50.2905], "tipVelocity": [98.0183, -4.23465, 4.38151], "tool": false, "touchDistance": 0.140707, "touchZone": "hovering", "type": 0, "width": 19.1104}, {"bases": [[[0.917226, 0.208794, -0.339266], [0.317571, 0.130933, 0.939151], [0.24051, -0.969155, 0.0537879]], [[0.948227, -0.0399552, -0.315069], [0.316631, 0.196086, 0.92806], [0.0246997, -0.979772, 0.198585]], [[0.948227, -0.0399552, -0.315069], [0.316151, 0.213176, 0.924448], [0.0302286, -0.976197, 0.214771]], [[0.948227, -0.0399552, -0.315069], [0.314349, 0.259494, 0.913152], [0.0452734, -0.964918, 0.258619]]], "btipPosition": [-142.742, 279.623, 49.9176], "carpPosition": [-160.648, 145.342, 69.1155], "dipPosition": [-143.411, 265.365, 53.7391], "direction": [0.0302286, 0.976197, -0.214771], "extended": true, "handId": 118, "id": 1181, "length": 50.8594, "mcpPosition": [-144.961, 208.555, 65.6071], "pipPosition": [-144.043, 244.959, 58.2286], "stabilizedTipPosition": [-148.83, 279.179, 59.3426], "timeVisible": 2.76642, "tipPosition": [-141.598, 276.038, 51.0232], "tipVelocity": [92.2227, -3.74052, 0.0334638], "tool": false, "touchDistance": 0.158985, "touchZone": "hovering", "type": 1, "width": 18.2543}, {"bases": [[[0.87362, 0.0505376, -0.483978], [0.47327, 0.143037, 0.869227], [0.113156, -0.988426, 0.101042]], [[0.877641, 0.00845841, -0.479243], [0.463556, 0.239321, 0.853136], [0.121909, -0.970904, 0.206117]], [[0.877641, 0.00845841, -0.479243], [0.457137, 0.285869, 0.842202], [0.144125, -0.958231, 0.247024]], [[0.877641, 0.00845841, -0.479243], [0.453896, 0.306629, 0.836634], [0.154027, -0.951791, 0.265271]]], "btipPosition": [-152.779, 288.947, 41.6125], "carpPosition": [-170.907, 148.301, 66.8409], "dipPosition": [-155.282, 273.478, 45.9238], "direction": [0.144125, 0.958231, -0.247024], "extended": true, "handId": 118, "id": 1182, "length": 57.9502, "mcpPosition": [-163.908, 209.439, 60.591], "pipPosition": [-158.826, 249.912, 51.9988], "stabilizedTipPosition": [-159.093, 287.713, 49.7332], "timeVisible": 2.76642, "tipPosition": [-153.797, 285.377, 43.3419], "tipVelocity": [97.4146, -4.70292, -2.53922], "tool": false, "touchDistance": 0.136785, "touchZone": "hovering", "type": 2, "width": 17.9281}, {"bases": [[[0.84257, -0.106396, -0.527973], [0.537843, 0.114701, 0.835206], [-0.0283034, -0.987686, 0.153868]], [[0.840278, 0.00726653, -0.542107], [0.529583, 0.20309, 0.823587], [0.116081, -0.979133, 0.166804]], [[0.840278, 0.00726653, -0.542107], [0.521885, 0.260021, 0.812419], [0.146863, -0.965576, 0.214697]], [[0.840278, 0.00726653, -0.542107], [0.518512, 0.2813, 0.807475], [0.158362, -0.959592, 0.232602]]], "btipPosition": [-171.68, 281.006, 38.3231], "carpPosition": [-180.671, 149.681, 62.2158], "dipPosition": [-174.239, 265.5, 42.0816], "direction": [0.146863, 0.965576, -0.214697], "extended": true, "handId": 118, "id": 1183, "length": 55.7206, "mcpPosition": [-182.243, 204.533, 53.6708], "pipPosition": [-177.758, 242.367, 47.2253], "stabilizedTipPosition": [-177.787, 279.48, 45.6152], "timeVisible": 2.76642, "tipPosition": [-172.94, 277.086, 38.3153], "tipVelocity": [97.0603, -3.94578, -0.84174], "tool": false, "touchDistance": 0.333326, "touchZone": "hovering", "type": 3, "width": 17.0597}, {"bases": [[[0.733104, -0.237474, -0.63731], [0.657718, 0.00904271, 0.75321], [-0.173105, -0.971352, 0.16282]], [[0.752439, 0.0389174, -0.657512], [0.652804, 0.0887821, 0.752306], [0.0876531, -0.995291, 0.0413976]], [[0.752439, 0.0389174, -0.657512], [0.645052, 0.158347, 0.747552], [0.133208, -0.986616, 0.0940426]], [[0.752439, 0.0389174, -0.657512], [0.639086, 0.198432, 0.743098], [0.159391, -0.979342, 0.124436]]], "btipPosition": [-189.877, 259.802, 39.1926], "carpPosition": [-188.288, 148.143, 52.2746], "dipPosition": [-192.254, 245.203, 41.0476], "direction": [0.133208, 0.986616, -0.0940426], "extended": true, "handId": 118, "id": 1184, "length": 43.6839, "mcpPosition": [-197.187, 198.078, 43.9043], "pipPosition": [-194.507, 228.514, 42.6384], "stabilizedTipPosition": [-195.086, 258.158, 45.1434], "timeVisible": 2.76642, "tipPosition": [-191.763, 256.199, 38.3292], "tipVelocity": [97.7271, -3.41873, -0.408471], "tool": false, "touchDistance": 0.33333, "touchZone": "hovering", "type": 4, "width": 15.1538}], "r": [[0.724938, -0.41429, 0.550299], [0.166455, 0.880595, 0.443673], [-0.668399, -0.230035, 0.707337]], "s": 1.07964, "t": [50.558, 15.0291, -9.32788], "timestamp": 8078548826}, {"currentFrameRate": 113.315, "devices": [], "gestures": [], "hands": [{"armBasis": [[0.962749, -0.130936, -0.236581], [0.268749, 0.559821, 0.783821], [0.0298121, -0.818203, 0.574156]], "armWidth": 59.0231, "confidence": 1, "direction": [0.032706, 0.999073, 0.0279883], "elbow": [-181.955, -74.4103, 198.351], "grabAngle": 0.165222, "grabStrength": 0, "id": 118, "palmNormal": [0.350601, 0.0147554, -0.936409], "palmPosition": [-164.955, 187.391, 55.5214], "palmVelocity": [97.7988, 3.13999, 8.04373], "palmWidth": 80.6694, "pinchDistance": 37.7709, "pinchStrength": 0, "r": [[0.725116, -0.41435, 0.550019], [0.166825, 0.880625, 0.443474], [-0.668114, -0.229813, 0.707679]], "s": 1.0794, "sphereCenter": [-63.6211, 184.723, -156.969], "sphereRadius": 238.002, "stabilizedPalmPosition": [-169.026, 189.621, 61.1559], "t": [-49.7896, 15.014, -9.2882], "timeVisible": 2.77533, "type": "left", "wrist": [-174.819, 121.447, 60.9128]}], "id": 147925, "interactionBox": {"center": [0, 200, 0], "size": [235.247, 235.247, 147.751]}, "pointables": [{"bases": [[[0.68383, 0.198026, 0.702255], [-0.583692, -0.429047, 0.689364], [0.437812, -0.881308, -0.177808]], [[0.656328, 0.25055, 0.711658], [-0.53974, -0.503155, 0.674919], [0.527175, -0.827079, -0.195003]], [[0.656328, 0.25055, 0.711658], [-0.741447, 0.0396594, 0.669838], [0.139604, -0.967291, 0.211799]], [[0.656328, 0.25055, 0.711658], [-0.725572, 0.468185, 0.504329], [-0.206828, -0.847365, 0.489075]]], "btipPosition": [-124.014, 218.142, 47.6792], "carpPosition": [-147.275, 135.865, 55.1937], "dipPosition": [-119.828, 200.991, 57.5783], "direction": [0.139604, 0.967291, -0.211799], "extended": false, "handId": 118, "id": 1180, "length": 45.0726, "mcpPosition": [-147.275, 135.865, 55.1937], "pipPosition": [-123.944, 172.468, 63.8237], "stabilizedTipPosition": [-129.105, 217.318, 55.388], "timeVisible": 2.77533, "tipPosition": [-122.293, 214.113, 50.401], "tipVelocity": [100.765, 8.5267, 17.0498], "tool": false, "touchDistance": 0.14324, "touchZone": "hovering", "type": 0, "width": 19.1104}, {"bases": [[[0.917175, 0.207611, -0.340128], [0.318628, 0.1305, 0.938854], [0.239303, -0.969468, 0.0535404]], [[0.947877, -0.0412944, -0.31595], [0.31775, 0.196433, 0.927604], [0.0237581, -0.979647, 0.199315]], [[0.947877, -0.0412944, -0.31595], [0.317301, 0.213031, 0.924087], [0.0291476, -0.976172, 0.21503]], [[0.947877, -0.0412944, -0.31595], [0.315535, 0.259668, 0.912694], [0.0443528, -0.964815, 0.259163]]], "btipPosition": [-141.979, 279.672, 49.9689], "carpPosition": [-159.735, 145.376, 69.1912], "dipPosition": [-142.634, 265.415, 53.7984], "direction": [0.0291476, 0.976172, -0.21503], "extended": true, "handId": 118, "id": 1181, "length": 50.8594, "mcpPosition": [-144.126, 208.61, 65.699], "pipPosition": [-143.244, 245.009, 58.2933], "stabilizedTipPosition": [-148.751, 279.147, 59.2437], "timeVisible": 2.77533, "tipPosition": [-140.841, 276.098, 51.1188], "tipVelocity": [85.9987, 5.44104, 5.95697], "tool": false, "touchDistance": 0.15987, "touchZone": "hovering", "type": 1, "width": 18.2543}, {"bases": [[[0.873227, 0.0494144, -0.484802], [0.474276, 0.142404, 0.868782], [0.111968, -0.988574, 0.100915]], [[0.877185, 0.00750565, -0.480094], [0.464507, 0.2399, 0.852456], [0.121573, -0.970769, 0.20695]], [[0.877185, 0.00750565, -0.480094], [0.45826, 0.28539, 0.841754], [0.143332, -0.958382, 0.2469]], [[0.877185, 0.00750565, -0.480094], [0.455135, 0.305544, 0.836359], [0.152967, -0.952148, 0.264602]]], "btipPosition": [-151.991, 288.981, 41.6657], "carpPosition": [-169.996, 148.322, 66.907], "dipPosition": [-154.477, 273.506, 45.966], "direction": [0.143332, 0.958382, -0.2469], "extended": true, "handId": 118, "id": 1182, "length": 57.9502, "mcpPosition": [-163.07, 209.47, 60.665], "pipPosition": [-158.002, 249.937, 52.0381], "stabilizedTipPosition": [-158.95, 287.662, 49.5776], "timeVisible": 2.77533, "tipPosition": [-153.04, 285.421, 43.4244], "tipVelocity": [88.7908, 3.69012, 5.68274], "tool": false, "touchDistance": 0.137629, "touchZone": "hovering", "type": 2, "width": 17.9281}, {"bases": [[[0.841932, -0.107478, -0.528772], [0.53878, 0.113984, 0.8347], [-0.0294399, -0.987652, 0.153874]], [[0.839749, 0.00655718, -0.542935], [0.53055, 0.202773, 0.823043], [0.115489, -0.979204, 0.1668]], [[0.839749, 0.00655718, -0.542935], [0.52294, 0.259349, 0.811955], [0.146134, -0.965761, 0.214359]], [[0.839749, 0.00655718, -0.542935], [0.51956, 0.28077, 0.806986], [0.157731, -0.959753, 0.232369]]], "btipPosition": [-170.88, 281.023, 38.3916], "carpPosition": [-179.757, 149.69, 62.2727], "dipPosition": [-173.428, 265.514, 42.1464], "direction": [0.146134, 0.965761, -0.214359], "extended": true, "handId": 118, "id": 1183, "length": 55.7206, "mcpPosition": [-181.392, 204.539, 53.7273], "pipPosition": [-176.929, 242.377, 47.282], "stabilizedTipPosition": [-177.632, 279.431, 45.4596], "timeVisible": 2.77533, "tipPosition": [-172.167, 277.106, 38.3841], "tipVelocity": [90.0853, 1.78176, 7.59661], "tool": false, "touchDistance": 0.333384, "touchZone": "hovering", "type": 3, "width": 17.0597}, {"bases": [[[0.732193, -0.238411, -0.638008], [0.658441, 0.00817243, 0.752588], [-0.174212, -0.97113, 0.162964]], [[0.751844, 0.038611, -0.658209], [0.653531, 0.0885904, 0.751697], [0.0873348, -0.99532, 0.0413727]], [[0.751844, 0.038611, -0.658209], [0.645832, 0.157913, 0.74697], [0.132781, -0.986698, 0.09379]], [[0.751844, 0.038611, -0.658209], [0.639934, 0.197689, 0.742566], [0.158792, -0.979504, 0.123923]]], "btipPosition": [-189.035, 259.795, 39.2476], "carpPosition": [-187.363, 148.142, 52.3243], "dipPosition": [-191.402, 245.193, 41.0949], "direction": [0.132781, 0.986698, -0.09379], "extended": true, "handId": 118, "id": 1184, "length": 43.6839, "mcpPosition": [-196.318, 198.066, 43.9466], "pipPosition": [-193.648, 228.503, 42.6814], "stabilizedTipPosition": [-194.92, 258.106, 44.9784], "timeVisible": 2.77533, "tipPosition": [-190.96, 256.194, 38.382], "tipVelocity": [94.7945, -0.935361, 5.97027], "tool": false, "touchDistance": 0.333373, "touchZone": "hovering", "type": 4, "width": 15.1538}], "r": [[0.725116, -0.41435, 0.550019], [0.166825, 0.880625, 0.443474], [-0.668114, -0.229813, 0.707679]], "s": 1.0794, "t": [49.7896, 15.014, -9.2882], "timestamp": 8078557740}, {"currentFrameRate": 113.452, "devices": [], "gestures": [], "hands": [{"armBasis": [[0.962421, -0.129785, -0.238541], [0.269724, 0.558888, 0.784151], [0.031547, -0.819024, 0.572892]], "armWidth": 59.0231, "confidence": 1, "direction": [0.0331866, 0.999258, 0.0195584], "elbow": [-181.593, -74.1558, 198.502], "grabAngle": 0.162367, "grabStrength": 0, "id": 118, "palmNormal": [0.349581, 0.00672752, -0.936882], "palmPosition": [-164.134, 187.817, 55.5008], "palmVelocity": [95.62, 49.6734, -2.39146], "palmWidth": 80.6694, "pinchDistance": 37.7823, "pinchStrength": 0, "r": [[0.725177, -0.413406, 0.550649], [0.166944, 0.881408, 0.441871], [-0.668018, -0.228507, 0.708192]], "s": 1.07989, "sphereCenter": [-63.1466, 183.538, -156.954], "sphereRadius": 237.886, "stabilizedPalmPosition": [-168.855, 189.558, 60.9582], "t": [-48.9953, 15.2195, -9.27861], "timeVisible": 2.78391, "type": "left", "wrist": [-174.042, 121.898, 61.3655]}], "id": 147926, "interactionBox": {"center": [0, 200, 0], "size": [235.247, 235.247, 147.751]}, "pointables": [{"bases": [[[0.682971, 0.204233, 0.701313], [-0.584254, -0.423509, 0.692306], [0.438404, -0.88257, -0.16992]], [[0.655527, 0.256654, 0.710221], [-0.539944, -0.498221, 0.678407], [0.527963, -0.828193, -0.188019]], [[0.655527, 0.256654, 0.710221], [-0.742137, 0.0449619, 0.668738], [0.139701, -0.965457, 0.219946]], [[0.655527, 0.256654, 0.710221], [-0.725946, 0.473273, 0.499014], [-0.208054, -0.842699, 0.49656]]], "btipPosition": [-123.205, 218.46, 47.3714], "carpPosition": [-146.478, 136.282, 55.5868], "dipPosition": [-118.993, 201.403, 57.422], "direction": [0.139701, 0.965457, -0.219946], "extended": false, "handId": 118, "id": 1180, "length": 45.0726, "mcpPosition": [-146.478, 136.282, 55.5868], "pipPosition": [-123.113, 172.934, 63.9077], "stabilizedTipPosition": [-128.934, 217.248, 55.2453], "timeVisible": 2.78391, "tipPosition": [-121.467, 214.476, 50.1088], "tipVelocity": [95.0427, 39.584, -31.8182], "tool": false, "touchDistance": 0.138691, "touchZone": "hovering", "type": 0, "width": 19.1104}, {"bases": [[[0.917454, 0.205168, -0.340858], [0.317539, 0.138528, 0.938072], [0.239681, -0.968874, 0.0619444]], [[0.948237, -0.0423726, -0.314723], [0.3166, 0.203265, 0.926525], [0.024713, -0.978206, 0.206159]], [[0.948237, -0.0423726, -0.314723], [0.31608, 0.221591, 0.922492], [0.0306514, -0.974219, 0.223514]], [[0.948237, -0.0423726, -0.314723], [0.314294, 0.267051, 0.91099], [0.0454462, -0.96275, 0.266545]]], "btipPosition": [-141.055, 280.048, 49.2063], "carpPosition": [-158.919, 145.916, 69.5174], "dipPosition": [-141.727, 265.822, 53.1449], "direction": [0.0306514, 0.974219, -0.223514], "extended": true, "handId": 118, "id": 1181, "length": 50.8594, "mcpPosition": [-143.286, 209.111, 65.4771], "pipPosition": [-142.367, 245.457, 57.8171], "stabilizedTipPosition": [-148.646, 279.114, 59.1158], "timeVisible": 2.78391, "tipPosition": [-139.993, 276.475, 50.3257], "tipVelocity": [107.284, 44.6965, -85.9761], "tool": false, "touchDistance": 0.147578, "touchZone": "hovering", "type": 1, "width": 18.2543}, {"bases": [[[0.873735, 0.0457414, -0.484246], [0.47326, 0.149915, 0.868073], [0.112303, -0.98764, 0.109338]], [[0.87775, 0.00331149, -0.479107], [0.463998, 0.243359, 0.851752], [0.119416, -0.969931, 0.212072]], [[0.87775, 0.00331149, -0.479107], [0.457786, 0.289269, 0.840688], [0.141375, -0.957242, 0.25239]], [[0.87775, 0.00331149, -0.479107], [0.45398, 0.313909, 0.833885], [0.153157, -0.949447, 0.27403]]], "btipPosition": [-151.29, 289.342, 40.9557], "carpPosition": [-169.181, 148.847, 67.2198], "dipPosition": [-153.779, 273.911, 45.4093], "direction": [0.141375, 0.957242, -0.25239], "extended": true, "handId": 118, "id": 1182, "length": 57.9502, "mcpPosition": [-162.234, 209.937, 60.4567], "pipPosition": [-157.256, 250.37, 51.6163], "stabilizedTipPosition": [-158.796, 287.622, 49.4127], "timeVisible": 2.78391, "tipPosition": [-152.183, 285.737, 42.5583], "tipVelocity": [81.6223, 43.2366, -78.6609], "tool": false, "touchDistance": 0.126383, "touchZone": "hovering", "type": 2, "width": 17.9281}, {"bases": [[[0.842559, -0.111529, -0.52693], [0.537813, 0.12124, 0.834301], [-0.0291638, -0.986338, 0.162133]], [[0.840435, 0.000982984, -0.541911], [0.529798, 0.208767, 0.822028], [0.113941, -0.977965, 0.174935]], [[0.840435, 0.000982984, -0.541911], [0.522687, 0.262523, 0.811098], [0.143061, -0.964925, 0.22012]], [[0.840435, 0.000982984, -0.541911], [0.51982, 0.281151, 0.806685], [0.153152, -0.959663, 0.235779]]], "btipPosition": [-170.261, 281.371, 37.7376], "carpPosition": [-178.946, 150.181, 62.5849], "dipPosition": [-172.736, 265.864, 41.5475], "direction": [0.143061, 0.964925, -0.22012], "extended": true, "handId": 118, "id": 1183, "length": 55.7206, "mcpPosition": [-180.566, 204.957, 53.5808], "pipPosition": [-176.163, 242.747, 46.8211], "stabilizedTipPosition": [-177.474, 279.393, 45.3005], "timeVisible": 2.78391, "tipPosition": [-171.317, 277.395, 37.6348], "tipVelocity": [74.0957, 40.6797, -74.7657], "tool": false, "touchDistance": 0.332801, "touchZone": "hovering", "type": 3, "width": 17.0597}, {"bases": [[[0.732999, -0.243426, -0.635182], [0.657611, 0.0147968, 0.753212], [-0.173953, -0.969807, 0.170926]], [[0.752603, 0.0318237, -0.657705], [0.652924, 0.0933543, 0.751649], [0.0853198, -0.995124, 0.0494802]], [[0.752603, 0.0318237, -0.657705], [0.645602, 0.160871, 0.746538], [0.129563, -0.986462, 0.100526]], [[0.752603, 0.0318237, -0.657705], [0.640082, 0.19907, 0.742069], [0.154545, -0.979468, 0.129451]]], "btipPosition": [-188.402, 260.127, 38.7278], "carpPosition": [-186.563, 148.553, 52.6581], "dipPosition": [-190.705, 245.526, 40.6575], "direction": [0.129563, 0.986462, -0.100526], "extended": true, "handId": 118, "id": 1184, "length": 43.6839, "mcpPosition": [-195.506, 198.409, 43.8711], "pipPosition": [-192.897, 228.84, 42.358], "stabilizedTipPosition": [-194.744, 258.067, 44.8071], "timeVisible": 2.78391, "tipPosition": [-190.112, 256.489, 37.8305], "tipVelocity": [75.4916, 38.7663, -58.387], "tool": false, "touchDistance": 0.332918, "touchZone": "hovering", "type": 4, "width": 15.1538}], "r": [[0.725177, -0.413406, 0.550649], [0.166944, 0.881408, 0.441871], [-0.668018, -0.228507, 0.708192]], "s": 1.07989, "t": [48.9953, 15.2195, -9.27861], "timestamp": 8078566318}, {"currentFrameRate": 113.605, "devices": [], "gestures": [], "hands": [{"armBasis": [[0.962516, -0.127666, -0.239299], [0.26915, 0.558504, 0.784622], [0.0334796, -0.819619, 0.57193]], "armWidth": 59.0231, "confidence": 1, "direction": [0.0326732, 0.999409, 0.0106463], "elbow": [-181.048, -73.7984, 198.763], "grabAngle": 0.159112, "grabStrength": 0, "id": 118, "palmNormal": [0.346224, -0.00132516, -0.938151], "palmPosition": [-163.143, 188.295, 55.4695], "palmVelocity": [116.143, 56.019, -3.67085], "palmWidth": 80.6694, "pinchDistance": 37.8157, "pinchStrength": 0, "r": [[0.724784, -0.41176, 0.552397], [0.166821, 0.882788, 0.439154], [-0.668475, -0.22614, 0.708521]], "s": 1.08098, "sphereCenter": [-63.0756, 182.662, -156.393], "sphereRadius": 237.057, "stabilizedPalmPosition": [-168.598, 189.501, 60.7117], "t": [-48.1023, 15.5615, -9.28949], "timeVisible": 2.79245, "type": "left", "wrist": [-173.034, 122.398, 61.8571]}], "id": 147927, "interactionBox": {"center": [0, 200, 0], "size": [235.247, 235.247, 147.751]}, "pointables": [{"bases": [[[0.680577, 0.21002, 0.70193], [-0.586974, -0.417077, 0.693908], [0.438494, -0.884273, -0.160577]], [[0.65363, 0.261627, 0.710154], [-0.541476, -0.493908, 0.680337], [0.528746, -0.82922, -0.181168]], [[0.65363, 0.261627, 0.710154], [-0.744057, 0.0505856, 0.666198], [0.138372, -0.963842, 0.22773]], [[0.65363, 0.261627, 0.710154], [-0.726637, 0.479279, 0.49223], [-0.211581, -0.837761, 0.503379]]], "btipPosition": [-122.258, 218.849, 47.0596], "carpPosition": [-145.456, 136.773, 55.9457], "dipPosition": [-117.976, 201.892, 57.2482], "direction": [0.138372, 0.963842, -0.22773], "extended": false, "handId": 118, "id": 1180, "length": 45.0726, "mcpPosition": [-145.456, 136.773, 55.9457], "pipPosition": [-122.056, 173.471, 63.9634], "stabilizedTipPosition": [-128.69, 217.175, 55.0599], "timeVisible": 2.79245, "tipPosition": [-120.518, 214.93, 49.6876], "tipVelocity": [112.717, 48.2164, -32.8006], "tool": false, "touchDistance": 0.137636, "touchZone": "hovering", "type": 0, "width": 19.1104}, {"bases": [[[0.918787, 0.201654, -0.339362], [0.314263, 0.146603, 0.937948], [0.238892, -0.968423, 0.0713249]], [[0.94933, -0.0449441, -0.311052], [0.313403, 0.209365, 0.926253], [0.0234937, -0.976804, 0.212842]], [[0.94933, -0.0449441, -0.311052], [0.312859, 0.229223, 0.921724], [0.0298743, -0.972336, 0.23167]], [[0.94933, -0.0449441, -0.311052], [0.311155, 0.273684, 0.910099], [0.0442265, -0.960769, 0.273801]]], "btipPosition": [-140.12, 280.504, 48.3864], "carpPosition": [-157.852, 146.523, 69.8354], "dipPosition": [-140.773, 266.307, 52.4322], "direction": [0.0298743, 0.972336, -0.23167], "extended": true, "handId": 118, "id": 1181, "length": 50.8594, "mcpPosition": [-142.271, 209.688, 65.1833], "pipPosition": [-141.398, 245.982, 57.275], "stabilizedTipPosition": [-148.505, 279.082, 58.9512], "timeVisible": 2.79245, "tipPosition": [-139.08, 276.919, 49.4272], "tipVelocity": [110.017, 54.2012, -93.1225], "tool": false, "touchDistance": 0.134326, "touchZone": "hovering", "type": 1, "width": 18.2543}, {"bases": [[[0.875488, 0.0409954, -0.481498], [0.47024, 0.157288, 0.86841], [0.111334, -0.986702, 0.118426]], [[0.879458, -0.00136156, -0.475975], [0.461663, 0.245834, 0.85231], [0.115851, -0.969311, 0.216829]], [[0.879458, -0.00136156, -0.475975], [0.455704, 0.291148, 0.84117], [0.137434, -0.956677, 0.256673]], [[0.879458, -0.00136156, -0.475975], [0.450809, 0.323253, 0.832033], [0.152728, -0.946312, 0.284901]]], "btipPosition": [-150.546, 289.773, 40.2424], "carpPosition": [-168.124, 149.427, 67.5489], "dipPosition": [-153.028, 274.394, 44.8726], "direction": [0.137434, 0.956677, -0.256673], "extended": true, "handId": 118, "id": 1182, "length": 57.9502, "mcpPosition": [-161.238, 210.459, 60.2237], "pipPosition": [-156.408, 250.866, 51.185], "stabilizedTipPosition": [-158.619, 287.59, 49.2262], "timeVisible": 2.79245, "tipPosition": [-151.291, 286.107, 41.6168], "tipVelocity": [87.3209, 51.9009, -78.7788], "tool": false, "touchDistance": 0.115172, "touchZone": "hovering", "type": 2, "width": 17.9281}, {"bases": [[[0.844373, -0.116627, -0.522907], [0.534897, 0.128281, 0.835122], [-0.030319, -0.984856, 0.1707]], [[0.842442, -0.0053671, -0.538761], [0.527335, 0.213293, 0.82245], [0.1105, -0.976974, 0.182517]], [[0.842442, -0.0053671, -0.538761], [0.520828, 0.264139, 0.811769], [0.137951, -0.96447, 0.225317]], [[0.842442, -0.0053671, -0.538761], [0.518385, 0.280646, 0.807784], [0.146865, -0.959796, 0.23921]]], "btipPosition": [-169.643, 281.776, 37.1414], "carpPosition": [-177.907, 150.715, 62.9374], "dipPosition": [-172.016, 266.267, 41.0068], "direction": [0.137951, 0.96447, -0.225317], "extended": true, "handId": 118, "id": 1183, "length": 55.7206, "mcpPosition": [-179.591, 205.409, 53.4575], "pipPosition": [-175.321, 243.16, 46.4049], "stabilizedTipPosition": [-177.302, 279.365, 45.1284], "timeVisible": 2.79245, "tipPosition": [-170.436, 277.72, 36.8673], "tipVelocity": [75.1068, 47.3302, -68.3254], "tool": false, "touchDistance": 0.332821, "touchZone": "hovering", "type": 3, "width": 17.0597}, {"bases": [[[0.735124, -0.249411, -0.630386], [0.654922, 0.0210621, 0.755403], [-0.175129, -0.968169, 0.178828]], [[0.754997, 0.0247624, -0.655261], [0.650572, 0.0967806, 0.753252], [0.0820689, -0.994998, 0.0569593]], [[0.754997, 0.0247624, -0.655261], [0.643746, 0.162167, 0.747858], [0.124781, -0.986452, 0.106495]], [[0.754997, 0.0247624, -0.655261], [0.638645, 0.198841, 0.743367], [0.1487, -0.979719, 0.13431]]], "btipPosition": [-187.725, 260.485, 38.314], "carpPosition": [-185.559, 148.995, 53.0527], "dipPosition": [-189.941, 245.88, 40.3162], "direction": [0.124781, 0.986453, -0.106495], "extended": true, "handId": 118, "id": 1184, "length": 43.6839, "mcpPosition": [-194.562, 198.767, 43.8594], "pipPosition": [-192.052, 229.194, 42.1176], "stabilizedTipPosition": [-194.538, 258.037, 44.6166], "timeVisible": 2.79245, "tipPosition": [-189.207, 256.801, 37.3132], "tipVelocity": [81.5997, 41.82, -46.5061], "tool": false, "touchDistance": 0.332982, "touchZone": "hovering", "type": 4, "width": 15.1538}], "r": [[0.724784, -0.41176, 0.552397], [0.166821, 0.882788, 0.439154], [-0.668475, -0.22614, 0.708521]], "s": 1.08098, "t": [48.1023, 15.5615, -9.28949], "timestamp": 8078574857}, {"currentFrameRate": 113.685, "devices": [], "gestures": [], "hands": [{"armBasis": [[0.962457, -0.12586, -0.240491], [0.269094, 0.558529, 0.784623], [0.0355688, -0.819881, 0.571428]], "armWidth": 59.0231, "confidence": 1, "direction": [0.0308913, 0.99951, 0.00514927], "elbow": [-180.365, -73.3389, 198.995], "grabAngle": 0.156974, "grabStrength": 0, "id": 118, "palmNormal": [0.343781, -0.00578737, -0.939032], "palmPosition": [-162.045, 188.815, 55.4946], "palmVelocity": [126.804, 60.0492, 2.89764], "palmWidth": 80.6694, "pinchDistance": 37.8177, "pinchStrength": 0, "r": [[0.724032, -0.410099, 0.554613], [0.166815, 0.884299, 0.436107], [-0.669291, -0.223238, 0.708671]], "s": 1.08245, "sphereCenter": [-62.513, 182.584, -155.917], "sphereRadius": 236.498, "stabilizedPalmPosition": [-168.218, 189.462, 60.4094], "t": [-47.1068, 15.9924, -9.28239], "timeVisible": 2.80111, "type": "left", "wrist": [-171.85, 122.92, 62.2088]}], "id": 147928, "interactionBox": {"center": [0, 200, 0], "size": [235.247, 235.247, 147.751]}, "pointables": [{"bases": [[[0.679126, 0.212598, 0.70256], [-0.589533, -0.412255, 0.69462], [0.437309, -0.885916, -0.154639]], [[0.652816, 0.263263, 0.710299], [-0.543129, -0.49097, 0.681146], [0.528056, -0.830446, -0.177528]], [[0.652816, 0.263263, 0.710299], [-0.745183, 0.0546636, 0.664616], [0.136141, -0.963174, 0.231864]], [[0.652816, 0.263263, 0.710299], [-0.726269, 0.484052, 0.488086], [-0.215327, -0.834498, 0.507196]]], "btipPosition": [-121.238, 219.372, 46.9571], "carpPosition": [-144.264, 137.328, 56.2035], "dipPosition": [-116.88, 202.482, 57.223], "direction": [0.136141, 0.963174, -0.231864], "extended": false, "handId": 118, "id": 1180, "length": 45.0726, "mcpPosition": [-144.264, 137.328, 56.2035], "pipPosition": [-120.894, 174.08, 64.0601], "stabilizedTipPosition": [-128.337, 217.105, 54.8196], "timeVisible": 2.80111, "tipPosition": [-119.491, 215.494, 49.4558], "tipVelocity": [119.844, 62.2319, -9.78076], "tool": false, "touchDistance": 0.143061, "touchZone": "hovering", "type": 0, "width": 19.1104}, {"bases": [[[0.920031, 0.198161, -0.338046], [0.312084, 0.15112, 0.937959], [0.236952, -0.96845, 0.0771918]], [[0.950051, -0.046973, -0.30854], [0.311319, 0.212285, 0.926291], [0.0219876, -0.976078, 0.216305]], [[0.950051, -0.046973, -0.30854], [0.310741, 0.234369, 0.921147], [0.0290431, -0.971012, 0.237259]], [[0.950051, -0.046973, -0.30854], [0.309112, 0.277976, 0.909494], [0.0430451, -0.959439, 0.278612]]], "btipPosition": [-139.126, 281.039, 47.9244], "carpPosition": [-156.641, 147.131, 70.0726], "dipPosition": [-139.762, 266.862, 52.0412], "direction": [0.0290431, 0.971012, -0.237259], "extended": true, "handId": 118, "id": 1181, "length": 50.8594, "mcpPosition": [-141.186, 210.298, 65.0378], "pipPosition": [-140.369, 246.565, 57.0008], "stabilizedTipPosition": [-148.297, 279.053, 58.7238], "timeVisible": 2.80111, "tipPosition": [-138.166, 277.451, 48.9094], "tipVelocity": [115.219, 62.3601, -51.4766], "tool": false, "touchDistance": 0.131124, "touchZone": "hovering", "type": 1, "width": 18.2543}, {"bases": [[[0.876812, 0.0368127, -0.479422], [0.46826, 0.161147, 0.868772], [0.109239, -0.986244, 0.124057]], [[0.880659, -0.00508331, -0.473724], [0.460374, 0.245128, 0.85321], [0.111786, -0.969477, 0.218214]], [[0.880659, -0.00508331, -0.473724], [0.454677, 0.289948, 0.842139], [0.133075, -0.957029, 0.257657]], [[0.880659, -0.00508331, -0.473724], [0.448855, 0.328843, 0.830898], [0.151557, -0.944371, 0.29188]]], "btipPosition": [-149.772, 290.306, 39.947], "carpPosition": [-166.924, 150.005, 67.7972], "dipPosition": [-152.235, 274.958, 44.6907], "direction": [0.133075, 0.957029, -0.257657], "extended": true, "handId": 118, "id": 1182, "length": 57.9502, "mcpPosition": [-160.167, 211.008, 60.1237], "pipPosition": [-155.507, 251.422, 51.0273], "stabilizedTipPosition": [-158.383, 287.567, 48.993], "timeVisible": 2.80111, "tipPosition": [-150.405, 286.576, 41.0807], "tipVelocity": [89.9576, 62.3745, -31.0933], "tool": false, "touchDistance": 0.111789, "touchZone": "hovering", "type": 2, "width": 17.9281}, {"bases": [[[0.84552, -0.120976, -0.520059], [0.532951, 0.131844, 0.835811], [-0.0325465, -0.983861, 0.175951]], [[0.843888, -0.0107129, -0.536412], [0.525862, 0.214795, 0.823002], [0.106402, -0.9766, 0.186897]], [[0.843888, -0.0107129, -0.536412], [0.519852, 0.26359, 0.812572], [0.132688, -0.964575, 0.22801]], [[0.843888, -0.0107129, -0.536412], [0.517687, 0.278823, 0.808862], [0.140899, -0.960283, 0.240842]]], "btipPosition": [-168.962, 282.251, 36.8568], "carpPosition": [-176.722, 151.249, 63.2044], "dipPosition": [-171.239, 266.734, 40.7485], "direction": [0.132688, 0.964575, -0.22801], "extended": true, "handId": 118, "id": 1183, "length": 55.7206, "mcpPosition": [-178.529, 205.888, 53.433], "pipPosition": [-174.418, 243.625, 46.2112], "stabilizedTipPosition": [-177.083, 279.346, 44.9217], "timeVisible": 2.80111, "tipPosition": [-169.547, 278.134, 36.4499], "tipVelocity": [81.2098, 54.6709, -32.1721], "tool": false, "touchDistance": 0.333076, "touchZone": "hovering", "type": 3, "width": 17.0597}, {"bases": [[[0.73631, -0.254144, -0.627103], [0.65299, 0.0239791, 0.756987], [-0.177347, -0.966869, 0.18361]], [[0.75678, 0.0186731, -0.653403], [0.649042, 0.0972636, 0.754509], [0.0776413, -0.995083, 0.0614875]], [[0.75678, 0.0186731, -0.653403], [0.642673, 0.161322, 0.748964], [0.119393, -0.986725, 0.110084]], [[0.75678, 0.0186731, -0.653403], [0.637944, 0.19684, 0.744501], [0.142518, -0.980258, 0.137052]]], "btipPosition": [-186.995, 260.901, 38.1247], "carpPosition": [-184.396, 149.462, 53.3492], "dipPosition": [-189.119, 246.288, 40.1678], "direction": [0.119393, 0.986725, -0.110084], "extended": true, "handId": 118, "id": 1184, "length": 43.6839, "mcpPosition": [-193.513, 199.167, 43.9102], "pipPosition": [-191.139, 229.597, 42.0299], "stabilizedTipPosition": [-194.277, 258.019, 44.3936], "timeVisible": 2.80111, "tipPosition": [-188.269, 257.179, 37.0571], "tipVelocity": [86.7851, 47.7954, -20.7786], "tool": false, "touchDistance": 0.333166, "touchZone": "hovering", "type": 4, "width": 15.1538}], "r": [[0.724032, -0.410099, 0.554613], [0.166815, 0.884299, 0.436107], [-0.669291, -0.223238, 0.708671]], "s": 1.08245, "t": [47.1068, 15.9924, -9.28239], "timestamp": 8078583516}, {"currentFrameRate": 113.637, "devices": [], "gestures": [], "hands": [{"armBasis": [[0.962168, -0.123601, -0.242806], [0.269721, 0.558052, 0.784747], [0.0385029, -0.820549, 0.570278]], "armWidth": 59.0231, "confidence": 1, "direction": [0.028223, 0.999601, 0.000797429], "elbow": [-179.671, -72.8959, 199.036], "grabAngle": 0.154853, "grabStrength": 0, "id": 118, "palmNormal": [0.341798, -0.00890072, -0.939731], "palmPosition": [-160.777, 189.429, 55.5611], "palmVelocity": [142.742, 69.1145, 7.49126], "palmWidth": 80.6694, "pinchDistance": 37.8128, "pinchStrength": 0, "r": [[0.722974, -0.408673, 0.557041], [0.167101, 0.885781, 0.432976], [-0.670363, -0.219949, 0.708686]], "s": 1.08414, "sphereCenter": [-61.6231, 182.969, -155.107], "sphereRadius": 235.736, "stabilizedPalmPosition": [-167.651, 189.459, 60.0398], "t": [-45.9751, 16.5148, -9.24557], "timeVisible": 2.80999, "type": "left", "wrist": [-170.455, 123.523, 62.5261]}], "id": 147929, "interactionBox": {"center": [0, 200, 0], "size": [235.247, 235.247, 147.751]}, "pointables": [{"bases": [[[0.678198, 0.213798, 0.703092], [-0.592112, -0.407693, 0.695119], [0.43526, -0.887737, -0.149904]], [[0.652775, 0.263146, 0.71038], [-0.544644, -0.488755, 0.681529], [0.526543, -0.831789, -0.175726]], [[0.652775, 0.263146, 0.71038], [-0.745725, 0.0581587, 0.663711], [0.133338, -0.963002, 0.234199]], [[0.652775, 0.263146, 0.71038], [-0.7252, 0.488177, 0.485559], [-0.219018, -0.832128, 0.509503]]], "btipPosition": [-120.055, 220.044, 47.0112], "carpPosition": [-142.856, 137.993, 56.4528], "dipPosition": [-115.622, 203.201, 57.3237], "direction": [0.133338, 0.963002, -0.234199], "extended": false, "handId": 118, "id": 1180, "length": 45.0726, "mcpPosition": [-142.856, 137.993, 56.4528], "pipPosition": [-119.554, 174.805, 64.2297], "stabilizedTipPosition": [-127.809, 217.051, 54.5109], "timeVisible": 2.80999, "tipPosition": [-118.317, 216.195, 49.3179], "tipVelocity": [135.115, 76.8384, 7.29097], "tool": false, "touchDistance": 0.154596, "touchZone": "hovering", "type": 0, "width": 19.1104}, {"bases": [[[0.921276, 0.194249, -0.336925], [0.310493, 0.154311, 0.937967], [0.234191, -0.968739, 0.0818501]], [[0.950575, -0.0497254, -0.306486], [0.30988, 0.213947, 0.926391], [0.0195068, -0.975579, 0.218782]], [[0.950575, -0.0497254, -0.306486], [0.309295, 0.238315, 0.920621], [0.0272619, -0.969914, 0.241916]], [[0.950575, -0.0497254, -0.306486], [0.30779, 0.28088, 0.90905], [0.040883, -0.958454, 0.282303]]], "btipPosition": [-138.057, 281.694, 47.6102], "carpPosition": [-155.231, 147.822, 70.3062], "dipPosition": [-138.661, 267.531, 51.7816], "direction": [0.0272619, 0.969914, -0.241916], "extended": true, "handId": 118, "id": 1181, "length": 50.8594, "mcpPosition": [-139.956, 211.008, 64.9675], "pipPosition": [-139.231, 247.256, 56.8385], "stabilizedTipPosition": [-147.98, 279.033, 58.4052], "timeVisible": 2.80999, "tipPosition": [-137.156, 278.101, 48.545], "tipVelocity": [121.191, 74.0348, -33.9635], "tool": false, "touchDistance": 0.133949, "touchZone": "hovering", "type": 1, "width": 18.2543}, {"bases": [[[0.877925, 0.0324116, -0.4777], [0.466842, 0.163624, 0.869072], [0.106331, -0.98599, 0.128518]], [[0.881565, -0.00830029, -0.47199], [0.459581, 0.24349, 0.854106], [0.107835, -0.969868, 0.218466]], [[0.881565, -0.00830029, -0.47199], [0.454246, 0.287019, 0.843375], [0.12847, -0.957889, 0.256796]], [[0.881565, -0.00830029, -0.47199], [0.447488, 0.333091, 0.829943], [0.150327, -0.942858, 0.297355]]], "btipPosition": [-148.851, 290.957, 39.836], "carpPosition": [-165.526, 150.659, 68.0405], "dipPosition": [-151.294, 275.634, 44.6687], "direction": [0.12847, 0.957889, -0.256796], "extended": true, "handId": 118, "id": 1182, "length": 57.9502, "mcpPosition": [-158.949, 211.647, 60.091], "pipPosition": [-154.454, 252.076, 50.9841], "stabilizedTipPosition": [-158.046, 287.562, 48.69], "timeVisible": 2.80999, "tipPosition": [-149.43, 287.163, 40.7081], "tipVelocity": [104.126, 73.9686, -10.195], "tool": false, "touchDistance": 0.116373, "touchZone": "hovering", "type": 2, "width": 17.9281}, {"bases": [[[0.846296, -0.125466, -0.517727], [0.531524, 0.134007, 0.836376], [-0.0355577, -0.983006, 0.180098]], [[0.845039, -0.0160142, -0.534464], [0.524942, 0.214978, 0.823542], [0.10171, -0.976488, 0.190071]], [[0.845039, -0.0160142, -0.534464], [0.519431, 0.261778, 0.813427], [0.126885, -0.964995, 0.229531]], [[0.845039, -0.0160142, -0.534464], [0.517522, 0.275849, 0.809987], [0.13446, -0.961068, 0.241391]]], "btipPosition": [-168.169, 282.83, 36.7174], "carpPosition": [-175.337, 151.858, 63.4633], "dipPosition": [-170.341, 267.301, 40.618], "direction": [0.126885, 0.964995, -0.229531], "extended": true, "handId": 118, "id": 1183, "length": 55.7206, "mcpPosition": [-177.311, 206.449, 53.4616], "pipPosition": [-173.381, 244.181, 46.1171], "stabilizedTipPosition": [-176.784, 279.343, 44.6625], "timeVisible": 2.80999, "tipPosition": [-168.561, 278.654, 36.1733], "tipVelocity": [92.0198, 64.8775, -15.4634], "tool": false, "touchDistance": 0.333207, "touchZone": "hovering", "type": 3, "width": 17.0597}, {"bases": [[[0.736958, -0.2588, -0.624432], [0.65144, 0.0254846, 0.758272], [-0.180328, -0.965595, 0.187374]], [[0.758234, 0.0131401, -0.65185], [0.647915, 0.0963188, 0.755599], [0.072714, -0.995264, 0.0645185]], [[0.758234, 0.0131401, -0.65185], [0.642022, 0.159044, 0.750009], [0.113528, -0.987184, 0.112157]], [[0.758234, 0.0131401, -0.65185], [0.637668, 0.193405, 0.745637], [0.135869, -0.981031, 0.138267]]], "btipPosition": [-186.128, 261.406, 38.0684], "carpPosition": [-183.027, 150.008, 53.6323], "dipPosition": [-188.153, 246.781, 40.1296], "direction": [0.113528, 0.987184, -0.112157], "extended": true, "handId": 118, "id": 1184, "length": 43.6839, "mcpPosition": [-192.297, 199.647, 43.9997], "pipPosition": [-190.074, 230.083, 42.0267], "stabilizedTipPosition": [-193.925, 258.02, 44.1257], "timeVisible": 2.80999, "tipPosition": [-187.215, 257.648, 36.9087], "tipVelocity": [100.137, 56.5293, -5.86874], "tool": false, "touchDistance": 0.333282, "touchZone": "hovering", "type": 4, "width": 15.1538}], "r": [[0.722974, -0.408673, 0.557041], [0.167101, 0.885781, 0.432976], [-0.670363, -0.219949, 0.708686]], "s": 1.08414, "t": [45.9751, 16.5148, -9.24557], "timestamp": 8078592398}, {"currentFrameRate": 113.851, "devices": [], "gestures": [], "hands": [{"armBasis": [[0.961238, -0.121739, -0.247387], [0.272428, 0.557572, 0.784154], [0.0424739, -0.821154, 0.569124]], "armWidth": 59.0231, "confidence": 1, "direction": [0.0249872, 0.999688, 0.000542033], "elbow": [-178.927, -72.6316, 198.859], "grabAngle": 0.153699, "grabStrength": 0, "id": 118, "palmNormal": [0.342957, -0.00806294, -0.939316], "palmPosition": [-159.228, 189.87, 55.6674], "palmVelocity": [184.068, 52.3373, 12.6285], "palmWidth": 80.6694, "pinchDistance": 37.7526, "pinchStrength": 0, "r": [[0.721996, -0.407961, 0.558829], [0.168011, 0.886875, 0.430377], [-0.671188, -0.216842, 0.708862]], "s": 1.08566, "sphereCenter": [-59.2095, 183.813, -154.684], "sphereRadius": 235.843, "stabilizedPalmPosition": [-166.851, 189.498, 59.6246], "t": [-44.6347, 16.9963, -9.17402], "timeVisible": 2.81841, "type": "left", "wrist": [-168.76, 123.932, 62.6251]}], "id": 147930, "interactionBox": {"center": [0, 200, 0], "size": [235.247, 235.247, 147.751]}, "pointables": [{"bases": [[[0.679733, 0.211803, 0.702213], [-0.59259, -0.405576, 0.69595], [0.432204, -0.889184, -0.150171]], [[0.655375, 0.259561, 0.709304], [-0.544531, -0.488419, 0.68186], [0.523422, -0.833112, -0.178758]], [[0.655375, 0.259561, 0.709304], [-0.744078, 0.0605678, 0.665341], [0.129736, -0.963825, 0.232828]], [[0.655375, 0.259561, 0.709304], [-0.721867, 0.491575, 0.487096], [-0.222245, -0.831253, 0.509534]]], "btipPosition": [-118.651, 220.608, 47.3279], "carpPosition": [-141.142, 138.492, 56.5955], "dipPosition": [-114.152, 203.783, 57.6411], "direction": [0.129736, 0.963825, -0.232828], "extended": false, "handId": 118, "id": 1180, "length": 45.0726, "mcpPosition": [-141.142, 138.492, 56.5955], "pipPosition": [-117.978, 175.362, 64.5066], "stabilizedTipPosition": [-127.09, 217.029, 54.172], "timeVisible": 2.81841, "tipPosition": [-116.856, 216.771, 49.4703], "tipVelocity": [168.697, 67.5125, 37.6495], "tool": false, "touchDistance": 0.173365, "touchZone": "hovering", "type": 0, "width": 19.1104}, {"bases": [[[0.921493, 0.19117, -0.338091], [0.312121, 0.153573, 0.937548], [