{"frames": 81, "data": [{"currentFrameRate": 115.354, "devices": [], "gestures": [], "hands": [{"armBasis": [[0.736961, -0.0949919, -0.669227], [0.425466, 0.834522, 0.350074], [0.525231, -0.542724, 0.655426]], "armWidth": 59.0231, "confidence": 1, "direction": [0.196959, 0.942952, -0.26842], "elbow": [-66.9786, -33.5908, 195.852], "grabAngle": 0.13894, "grabStrength": 0, "id": 120, "palmNormal": [0.687773, -0.328003, -0.647597], "palmPosition": [82.841, 155.629, 19.1006], "palmVelocity": [-96.5061, -20.7704, -7.14962], "palmWidth": 80.6694, "pinchDistance": 56.4622, "pinchStrength": 0, "r": [[-0.134211, -0.925466, 0.354261], [0.62101, 0.200039, 0.757846], [-0.772227, 0.32171, 0.547876]], "s": 1.06508, "sphereCenter": [107.917, 167.507, -29.2209], "sphereRadius": 63.6712, "stabilizedPalmPosition": [86.1714, 158.205, 19.7957], "t": [178.304, 22.5905, 10.3501], "timeVisible": 6.85107, "type": "left", "wrist": [58.7485, 96.3239, 38.9594]}], "id": 151510, "interactionBox": {"center": [0, 200, 0], "size": [235.247, 235.247, 147.751]}, "pointables": [{"bases": [[[0.857883, 0.454414, 0.239885], [-0.177858, -0.17539, 0.9683], [0.482083, -0.873353, -0.069643]], [[0.766256, 0.592703, 0.248104], [-0.11203, -0.256978, 0.959902], [0.632694, -0.763325, -0.13051]], [[0.766256, 0.592703, 0.248104], [-0.438621, 0.200341, 0.876056], [0.469536, -0.780107, 0.413485]], [[0.766256, 0.592703, 0.248104], [-0.604794, 0.534921, 0.589986], [0.21697, -0.602132, 0.76835]]], "btipPosition": [135.94, 175.769, 20.2813], "carpPosition": [89.7026, 106.797, 42.2499], "dipPosition": [131.548, 163.581, 35.8331], "direction": [0.469536, 0.780107, -0.413485], "extended": false, "handId": 120, "id": 1200, "length": 45.0726, "mcpPosition": [89.7026, 106.797, 42.2499], "pipPosition": [117.703, 140.578, 48.0257], "stabilizedTipPosition": [135.468, 173.107, 24.0212], "timeVisible": 6.85107, "tipPosition": [135.785, 170.858, 16.6991], "tipVelocity": [-96.9845, -20.5312, -26.4279], "tool": false, "touchDistance": -0.282471, "touchZone": "touching", "type": 0, "width": 19.1104}, {"bases": [[[0.569821, -0.261513, -0.779048], [0.794333, 0.418199, 0.440619], [0.210569, -0.869897, 0.446027]], [[0.55001, -0.187141, -0.813921], [0.798427, 0.40367, 0.446726], [0.244955, -0.895561, 0.371441]], [[0.55001, -0.187141, -0.813921], [0.776896, 0.472271, 0.416404], [0.306465, -0.861359, 0.405143]], [[0.55001, -0.187141, -0.813921], [0.752876, 0.532923, 0.386227], [0.361478, -0.82521, 0.434006]]], "btipPosition": [94.4419, 240.109, -25.8457], "carpPosition": [60.0993, 123.223, 29.9966], "dipPosition": [88.6008, 226.775, -18.8327], "direction": [0.306465, 0.861359, -0.405143], "extended": true, "handId": 120, "id": 1203, "length": 55.7206, "mcpPosition": [71.7933, 171.533, 5.22647], "pipPosition": [81.2586, 206.138, -9.12633], "stabilizedTipPosition": [95.1113, 238.023, -23.4149], "timeVisible": 6.85107, "tipPosition": [96.8476, 231.782, -29.7368], "tipVelocity": [-101.841, -28.3757, -23.1261], "tool": false, "touchDistance": -0.305071, "touchZone": "touching", "type": 3, "width": 17.0597}, {"bases": [[[0.45123, -0.425916, -0.784211], [0.888753, 0.293926, 0.351748], [0.0806848, -0.855689, 0.511162]], [[0.424365, -0.237475, -0.873796], [0.891387, 0.279219, 0.357024], [0.159197, -0.930399, 0.330173]], [[0.424365, -0.237475, -0.873796], [0.872176, 0.366549, 0.32396], [0.243357, -0.899582, 0.36267]], [[0.424365, -0.237475, -0.873796], [0.85745, 0.415535, 0.303495], [0.291021, -0.87803, 0.379961]]], "btipPosition": [74.358, 219.24, -29.4249], "carpPosition": [56.8871, 118.493, 18.7486], "dipPosition": [70.0197, 206.151, -23.7608], "direction": [0.243357, 0.899582, -0.36267], "extended": true, "handId": 120, "id": 1204, "length": 43.6839, "mcpPosition": [61.0349, 162.482, -7.52933], "pipPosition": [65.9032, 190.934, -17.6261], "stabilizedTipPosition": [73.7876, 216.39, -28.0026], "timeVisible": 6.85107, "tipPosition": [74.546, 212.46, -34.0083], "tipVelocity": [-98.6345, -33.2547, -23.886], "tool": false, "touchDistance": -0.303991, "touchZone": "touching", "type": 4, "width": 15.1538}, {"bases": [[[0.655707, 0.102072, -0.748084], [0.633959, 0.463688, 0.618942], [0.410054, -0.880099, 0.239334]], [[0.737645, -0.122123, -0.664053], [0.637257, 0.450932, 0.624951], [0.223122, -0.884164, 0.410451]], [[0.737645, -0.122123, -0.664053], [0.618502, 0.516683, 0.592025], [0.270805, -0.847422, 0.456662]], [[0.737645, -0.122123, -0.664053], [0.596887, 0.577667, 0.5568], [0.315603, -0.807086, 0.499006]]], "btipPosition": [120.012, 240.917, -1.95003], "carpPosition": [74.6522, 121.02, 45.8305], "dipPosition": [115.349, 228.991, 5.42348], "direction": [0.270805, 0.847422, -0.456662], "extended": true, "handId": 120, "id": 1201, "length": 50.8594, "mcpPosition": [101.398, 178.425, 30.22], "pipPosition": [109.688, 211.277, 14.9694], "stabilizedTipPosition": [121.447, 239.315, 0.556222], "timeVisible": 6.85107, "tipPosition": [127.92, 231.079, -3.44617], "tipVelocity": [-100.082, -19.5003, -17.0641], "tool": false, "touchDistance": 0.196526, "touchZone": "hovering", "type": 1, "width": 18.2543}, {"bases": [[[0.587331, -0.0983244, -0.803352], [0.744536, 0.454834, 0.488663], [0.317344, -0.885132, 0.340344]], [[0.607439, -0.157931, -0.778508], [0.750279, 0.436018, 0.496961], [0.260958, -0.885972, 0.383347]], [[0.607439, -0.157931, -0.778508], [0.722599, 0.516929, 0.45895], [0.329951, -0.841333, 0.428124]], [[0.607439, -0.157931, -0.778508], [0.693882, 0.582589, 0.423223], [0.38671, -0.797275, 0.463473]]], "btipPosition": [111.735, 248.612, -16.5324], "carpPosition": [66.8285, 123.282, 38.5609], "dipPosition": [105.45, 235.655, -8.99995], "direction": [0.329951, 0.841333, -0.428124], "extended": true, "handId": 120, "id": 1202, "length": 57.9502, "mcpPosition": [86.4576, 178.031, 17.5091], "pipPosition": [97.3359, 214.964, 1.52894], "stabilizedTipPosition": [112.353, 246.578, -14.0266], "timeVisible": 6.85107, "tipPosition": [117.107, 239.881, -17.9941], "tipVelocity": [-101.541, -23.6141, -20.2301], "tool": false, "touchDistance": -0.303758, "touchZone": "touching", "type": 2, "width": 17.9281}], "r": [[-0.134211, -0.925466, 0.354261], [0.62101, 0.200039, 0.757846], [-0.772227, 0.32171, 0.547876]], "s": 1.06508, "t": [-178.304, 22.5905, 10.3501], "timestamp": 8110150002}, {"currentFrameRate": 115.387, "devices": [], "gestures": [], "hands": [{"armBasis": [[0.73748, -0.0966785, -0.668414], [0.427206, 0.83332, 0.350818], [0.523086, -0.544271, 0.655858]], "armWidth": 59.0231, "confidence": 1, "direction": [0.196522, 0.94274, -0.269483], "elbow": [-67.3052, -34.0721, 195.967], "grabAngle": 0.137387, "grabStrength": 0, "id": 120, "palmNormal": [0.687771, -0.328427, -0.647384], "palmPosition": [81.9518, 155.521, 19.0489], "palmVelocity": [-103.281, -12.596, -6.0044], "palmWidth": 80.6694, "pinchDistance": 56.4593, "pinchStrength": 0, "r": [[-0.134153, -0.924919, 0.355707], [0.621629, 0.200998, 0.757085], [-0.771739, 0.322683, 0.547992]], "s": 1.06532, "sphereCenter": [105.644, 168.289, -28.1486], "sphereRadius": 62.3976, "stabilizedPalmPosition": [85.9535, 158.067, 19.7571], "t": [177.496, 22.44, 10.2815], "timeVisible": 6.85968, "type": "left", "wrist": [57.9085, 96.2129, 38.9704]}], "id": 151511, "interactionBox": {"center": [0, 200, 0], "size": [235.247, 235.247, 147.751]}, "pointables": [{"bases": [[[0.858017, 0.454327, 0.239571], [-0.178129, -0.174268, 0.968453], [0.481744, -0.873623, -0.0685959]], [[0.765744, 0.593553, 0.247652], [-0.113222, -0.254639, 0.960385], [0.633102, -0.763448, -0.127785]], [[0.765744, 0.593553, 0.247652], [-0.439894, 0.202454, 0.874932], [0.469181, -0.778914, 0.416128]], [[0.765744, 0.593553, 0.247652], [-0.605823, 0.536419, 0.587566], [0.215907, -0.599958, 0.770347]]], "btipPosition": [135.061, 175.615, 20.0422], "carpPosition": [88.8379, 106.716, 42.2497], "dipPosition": [130.691, 163.471, 35.6344], "direction": [0.469181, 0.778914, -0.416128], "extended": false, "handId": 120, "id": 1200, "length": 45.0726, "mcpPosition": [88.8379, 106.716, 42.2497], "pipPosition": [116.856, 140.503, 47.9049], "stabilizedTipPosition": [134.646, 172.941, 23.7924], "timeVisible": 6.85968, "tipPosition": [134.88, 170.79, 16.6949], "tipVelocity": [-101.475, -16.7427, -26.6962], "tool": false, "touchDistance": -0.286005, "touchZone": "touching", "type": 0, "width": 19.1104}, {"bases": [[[0.569877, -0.262588, -0.778645], [0.794411, 0.418355, 0.44033], [0.210125, -0.869498, 0.447013]], [[0.55008, -0.188165, -0.813638], [0.79853, 0.403716, 0.446501], [0.244462, -0.895325, 0.372331]], [[0.55008, -0.188165, -0.813638], [0.777283, 0.471607, 0.416435], [0.305359, -0.861499, 0.405679]], [[0.55008, -0.188165, -0.813638], [0.753549, 0.531794, 0.386471], [0.359967, -0.825705, 0.434321]]], "btipPosition": [93.4734, 239.983, -25.9647], "carpPosition": [59.2255, 123.117, 29.9847], "dipPosition": [87.6568, 226.641, -18.9466], "direction": [0.305359, 0.861499, -0.405679], "extended": true, "handId": 120, "id": 1203, "length": 55.7206, "mcpPosition": [70.8948, 171.405, 5.15983], "pipPosition": [80.341, 206.001, -9.22739], "stabilizedTipPosition": [94.4021, 237.759, -23.6379], "timeVisible": 6.85968, "tipPosition": [95.9057, 231.643, -29.8569], "tipVelocity": [-111.833, -14.8137, -13.685], "tool": false, "touchDistance": -0.304665, "touchZone": "touching", "type": 3, "width": 17.0597}, {"bases": [[[0.45122, -0.426948, -0.783655], [0.888799, 0.293948, 0.351613], [0.0802329, -0.855167, 0.512106]], [[0.424461, -0.238651, -0.873429], [0.891458, 0.279057, 0.356974], [0.158544, -0.930147, 0.331196]], [[0.424461, -0.238651, -0.873429], [0.872456, 0.365817, 0.324034], [0.242185, -0.899568, 0.363488]], [[0.424461, -0.238651, -0.873429], [0.858016, 0.414132, 0.303815], [0.289209, -0.878374, 0.380549]]], "btipPosition": [73.3936, 219.091, -29.5334], "carpPosition": [56.0128, 118.373, 18.7426], "dipPosition": [69.0824, 205.997, -23.8605], "direction": [0.242185, 0.899568, -0.363488], "extended": true, "handId": 120, "id": 1204, "length": 43.6839, "mcpPosition": [60.1374, 162.336, -7.58391], "pipPosition": [64.9857, 190.78, -17.712], "stabilizedTipPosition": [72.8437, 216.178, -28.1565], "timeVisible": 6.85968, "tipPosition": [73.6197, 212.301, -34.1049], "tipVelocity": [-111.28, -17.4374, -12.3629], "tool": false, "touchDistance": -0.303522, "touchZone": "touching", "type": 4, "width": 15.1538}, {"bases": [[[0.655903, 0.100995, -0.748058], [0.634019, 0.464102, 0.618571], [0.409648, -0.880005, 0.240373]], [[0.737644, -0.122803, -0.663928], [0.637385, 0.451069, 0.624721], [0.22276, -0.884, 0.411002]], [[0.737644, -0.122803, -0.663928], [0.618869, 0.516142, 0.592113], [0.269968, -0.847653, 0.456728]], [[0.737644, -0.122803, -0.663928], [0.597468, 0.576752, 0.557125], [0.314505, -0.807636, 0.498809]]], "btipPosition": [119.069, 240.835, -2.04923], "carpPosition": [73.7825, 120.938, 45.8181], "dipPosition": [114.422, 228.901, 5.32136], "direction": [0.269968, 0.847653, -0.456728], "extended": true, "handId": 120, "id": 1201, "length": 50.8594, "mcpPosition": [100.502, 178.336, 30.1397], "pipPosition": [108.779, 211.182, 14.8686], "stabilizedTipPosition": [120.968, 239.144, 0.42973], "timeVisible": 6.85968, "tipPosition": [126.96, 230.992, -3.5763], "tipVelocity": [-109.129, -9.74742, -11.5996], "tool": false, "touchDistance": 0.196101, "touchZone": "hovering", "type": 1, "width": 18.2543}, {"bases": [[[0.587458, -0.0994328, -0.803123], [0.744619, 0.455062, 0.488324], [0.316916, -0.884891, 0.34137]], [[0.607454, -0.158758, -0.778329], [0.750411, 0.436065, 0.49672], [0.260544, -0.885801, 0.384023]], [[0.607454, -0.158758, -0.778329], [0.723056, 0.516227, 0.45902], [0.328921, -0.841609, 0.428375]], [[0.607454, -0.158758, -0.778329], [0.694597, 0.581546, 0.423485], [0.385402, -0.797872, 0.463535]]], "btipPosition": [110.773, 248.513, -16.6445], "carpPosition": [65.9563, 123.188, 38.5476], "dipPosition": [104.509, 235.546, -9.11103], "direction": [0.328921, 0.841609, -0.428375], "extended": true, "handId": 120, "id": 1202, "length": 57.9502, "mcpPosition": [85.559, 177.923, 17.4324], "pipPosition": [96.42, 214.848, 1.42402], "stabilizedTipPosition": [111.649, 246.334, -14.2327], "timeVisible": 6.85968, "tipPosition": [116.149, 239.769, -18.1315], "tipVelocity": [-111.219, -11.8008, -12.9918], "tool": false, "touchDistance": -0.303393, "touchZone": "touching", "type": 2, "width": 17.9281}], "r": [[-0.134153, -0.924919, 0.355707], [0.621629, 0.200998, 0.757085], [-0.771739, 0.322683, 0.547992]], "s": 1.06532, "t": [-177.496, 22.44, 10.2815], "timestamp": 8110158612}, {"currentFrameRate": 106.083, "devices": [], "gestures": [], "hands": [{"armBasis": [[0.741007, -0.0964657, -0.664532], [0.430194, 0.828067, 0.359496], [0.515598, -0.552267, 0.655103]], "armWidth": 59.0231, "confidence": 1, "direction": [0.192834, 0.945002, -0.264169], "elbow": [-68.6347, -36.0929, 195.468], "grabAngle": 0.134141, "grabStrength": 0, "id": 120, "palmNormal": [0.686457, -0.322295, -0.651846], "palmPosition": [78.5475, 155.625, 19.0204], "palmVelocity": [-131.622, 4.04612, -1.1009], "palmWidth": 80.6694, "pinchDistance": 56.3869, "pinchStrength": 0, "r": [[-0.134897, -0.924854, 0.355595], [0.621714, 0.200438, 0.757163], [-0.77154, 0.323217, 0.547957]], "s": 1.06562, "sphereCenter": [100.294, 169.85, -26.8942], "sphereRadius": 60.9457, "stabilizedPalmPosition": [84.2495, 157.505, 19.5876], "t": [175.389, 22.4172, 10.2331], "timeVisible": 6.88554, "type": "left", "wrist": [54.7867, 96.106, 38.6528]}], "id": 151512, "interactionBox": {"center": [0, 200, 0], "size": [235.247, 235.247, 147.751]}, "pointables": [{"bases": [[[0.858493, 0.45028, 0.245435], [-0.182021, -0.179885, 0.9667], [0.479436, -0.87458, -0.0724697]], [[0.76577, 0.590778, 0.254121], [-0.119114, -0.258014, 0.95877], [0.631987, -0.764467, -0.127209]], [[0.76577, 0.590778, 0.254121], [-0.444467, 0.200583, 0.873049], [0.464806, -0.781504, 0.416182]], [[0.76577, 0.590778, 0.254121], [-0.607923, 0.53604, 0.585739], [0.209823, -0.603028, 0.769631]]], "btipPosition": [131.579, 175.777, 19.6665], "carpPosition": [85.6568, 106.695, 41.8866], "dipPosition": [127.332, 163.571, 35.2442], "direction": [0.464806, 0.781504, -0.416182], "extended": false, "handId": 120, "id": 1200, "length": 45.0726, "mcpPosition": [85.6568, 106.695, 41.8866], "pipPosition": [113.626, 140.527, 47.5163], "stabilizedTipPosition": [130.746, 172.969, 23.2687], "timeVisible": 6.88554, "tipPosition": [131.407, 171.101, 16.707], "tipVelocity": [-133.557, 5.72819, -14.6563], "tool": false, "touchDistance": -0.291424, "touchZone": "touching", "type": 0, "width": 19.1104}, {"bases": [[[0.571829, -0.259313, -0.778311], [0.79408, 0.413222, 0.44574], [0.206029, -0.872929, 0.442208]], [[0.552473, -0.184971, -0.812748], [0.798155, 0.398446, 0.451873], [0.240253, -0.898347, 0.367766]], [[0.552473, -0.184971, -0.812748], [0.77784, 0.464839, 0.422953], [0.299563, -0.865858, 0.400689]], [[0.552473, -0.184971, -0.812748], [0.755103, 0.523979, 0.394038], [0.352978, -0.831403, 0.429156]]], "btipPosition": [89.56, 240.456, -25.474], "carpPosition": [55.954, 123.087, 29.8291], "dipPosition": [83.8563, 227.022, -18.5394], "direction": [0.299563, 0.865858, -0.400689], "extended": true, "handId": 120, "id": 1203, "length": 55.7206, "mcpPosition": [67.3958, 171.565, 5.27111], "pipPosition": [76.6794, 206.278, -8.93971], "stabilizedTipPosition": [89.6536, 237.456, -23.824], "timeVisible": 6.88554, "tipPosition": [92.0817, 232.134, -29.4099], "tipVelocity": [-150.302, 17.4769, 18.2302], "tool": false, "touchDistance": -0.295459, "touchZone": "touching", "type": 3, "width": 17.0597}, {"bases": [[[0.452713, -0.42329, -0.784778], [0.888416, 0.289103, 0.356563], [0.0759523, -0.85863, 0.506938]], [[0.426924, -0.234947, -0.873233], [0.891112, 0.273544, 0.362067], [0.153801, -0.932724, 0.326147]], [[0.426924, -0.234947, -0.873233], [0.873073, 0.35862, 0.330358], [0.235542, -0.903433, 0.358229]], [[0.426924, -0.234947, -0.873233], [0.859715, 0.404888, 0.311379], [0.280404, -0.883666, 0.374844]]], "btipPosition": [69.488, 219.523, -29.1136], "carpPosition": [52.7158, 118.405, 18.5683], "dipPosition": [65.308, 206.35, -23.5257], "direction": [0.235542, 0.903433, -0.358229], "extended": true, "handId": 120, "id": 1204, "length": 43.6839, "mcpPosition": [56.6204, 162.545, -7.49251], "pipPosition": [61.3237, 191.068, -17.4661], "stabilizedTipPosition": [68.5883, 216.489, -27.833], "timeVisible": 6.88554, "tipPosition": [69.8524, 212.751, -33.689], "tipVelocity": [-149.841, 16.0219, 15.475], "tool": false, "touchDistance": -0.295499, "touchZone": "touching", "type": 4, "width": 15.1538}, {"bases": [[[0.658806, 0.103815, -0.745116], [0.6332, 0.458307, 0.623708], [0.406242, -0.88271, 0.2362]], [[0.739512, -0.120411, -0.662286], [0.636234, 0.446346, 0.629271], [0.219838, -0.886722, 0.406688]], [[0.739512, -0.120411, -0.662286], [0.61809, 0.511161, 0.597226], [0.266622, -0.851008, 0.452435]], [[0.739512, -0.120411, -0.662286], [0.597391, 0.570839, 0.563264], [0.310236, -0.812184, 0.494075]]], "btipPosition": [115.395, 241.161, -1.67757], "carpPosition": [70.5726, 120.849, 45.5975], "dipPosition": [110.811, 229.16, 5.62307], "direction": [0.266622, 0.851008, -0.452435], "extended": true, "handId": 120, "id": 1201, "length": 50.8594, "mcpPosition": [97.0697, 178.424, 30.1914], "pipPosition": [105.238, 211.371, 15.0806], "stabilizedTipPosition": [118.156, 238.829, 0.24805], "timeVisible": 6.88554, "tipPosition": [123.221, 231.398, -3.26818], "tipVelocity": [-141.478, 12.031, 13.7478], "tool": false, "touchDistance": 0.207453, "touchZone": "hovering", "type": 1, "width": 18.2543}, {"bases": [[[0.589971, -0.0960584, -0.80169], [0.744229, 0.44977, 0.493793], [0.313143, -0.887964, 0.33684]], [[0.609727, -0.155665, -0.777175], [0.749905, 0.430805, 0.502045], [0.256661, -0.888918, 0.379408]], [[0.609727, -0.155665, -0.777175], [0.723645, 0.509366, 0.465708], [0.323372, -0.846354, 0.42322]], [[0.609727, -0.155665, -0.777175], [0.695967, 0.574361, 0.430975], [0.379291, -0.803665, 0.458541]]], "btipPosition": [106.9, 248.979, -16.1428], "carpPosition": [62.7145, 123.123, 38.3688], "dipPosition": [100.736, 235.917, -8.69049], "direction": [0.323372, 0.846354, -0.42322], "extended": true, "handId": 120, "id": 1202, "length": 57.9502, "mcpPosition": [82.0838, 178.048, 17.5337], "pipPosition": [92.7829, 215.103, 1.7178], "stabilizedTipPosition": [106.945, 246.06, -14.3822], "timeVisible": 6.88554, "tipPosition": [112.33, 240.241, -17.7236], "tipVelocity": [-148.855, 17.1693, 18.6761], "tool": false, "touchDistance": -0.294142, "touchZone": "touching", "type": 2, "width": 17.9281}], "r": [[-0.134897, -0.924854, 0.355595], [0.621714, 0.200438, 0.757163], [-0.77154, 0.323217, 0.547957]], "s": 1.06562, "t": [-175.389, 22.4172, 10.2331], "timestamp": 8110184476}, {"currentFrameRate": 106.428, "devices": [], "gestures": [], "hands": [{"armBasis": [[0.740851, -0.0981832, -0.664455], [0.432932, 0.826144, 0.360633], [0.513528, -0.554839, 0.654556]], "armWidth": 59.0231, "confidence": 1, "direction": [0.191924, 0.945347, -0.263597], "elbow": [-69.1531, -36.7529, 195.422], "grabAngle": 0.133401, "grabStrength": 0, "id": 120, "palmNormal": [0.687628, -0.32117, -0.651166], "palmPosition": [77.4556, 155.63, 19.155], "palmVelocity": [-124.627, 0.579763, 15.3629], "palmWidth": 80.6694, "pinchDistance": 56.3367, "pinchStrength": 0, "r": [[-0.135647, -0.924793, 0.355469], [0.62201, 0.199774, 0.757096], [-0.77117, 0.323803, 0.548132]], "s": 1.06593, "sphereCenter": [99.2702, 169.798, -26.9087], "sphereRadius": 61.0575, "stabilizedPalmPosition": [83.6159, 157.33, 19.5472], "t": [173.79, 22.4082, 10.2761], "timeVisible": 6.89431, "type": "left", "wrist": [53.7726, 96.0617, 38.7372]}], "id": 151513, "interactionBox": {"center": [0, 200, 0], "size": [235.247, 235.247, 147.751]}, "pointables": [{"bases": [[[0.859356, 0.449084, 0.244603], [-0.18113, -0.180008, 0.966845], [0.478225, -0.875169, -0.0733486]], [[0.765838, 0.590957, 0.253498], [-0.119872, -0.256108, 0.959187], [0.631761, -0.764969, -0.125298]], [[0.765838, 0.590957, 0.253498], [-0.44482, 0.202186, 0.8725], [0.464356, -0.780955, 0.417712]], [[0.765838, 0.590957, 0.253498], [-0.607902, 0.536844, 0.585025], [0.209636, -0.602136, 0.77038]]], "btipPosition": [130.496, 175.771, 19.6465], "carpPosition": [84.6013, 106.701, 42.0114], "dipPosition": [126.253, 163.583, 35.2393], "direction": [0.464356, 0.780955, -0.417712], "extended": false, "handId": 120, "id": 1200, "length": 45.0726, "mcpPosition": [84.6013, 106.701, 42.0114], "pipPosition": [112.56, 140.555, 47.5565], "stabilizedTipPosition": [129.889, 172.968, 23.2436], "timeVisible": 6.89431, "tipPosition": [130.286, 171.202, 17.0052], "tipVelocity": [-123.454, -0.232364, -1.88506], "tool": false, "touchDistance": -0.290863, "touchZone": "touching", "type": 0, "width": 19.1104}, {"bases": [[[0.57059, -0.259761, -0.779071], [0.795129, 0.412034, 0.444969], [0.205418, -0.873357, 0.441647]], [[0.551292, -0.185387, -0.813455], [0.79905, 0.397782, 0.450875], [0.239991, -0.898555, 0.367428]], [[0.551292, -0.185387, -0.813455], [0.779171, 0.462979, 0.422544], [0.298278, -0.866765, 0.399685]], [[0.551292, -0.185387, -0.813455], [0.756693, 0.521776, 0.39391], [0.351415, -0.832695, 0.427932]]], "btipPosition": [88.3975, 240.503, -25.2896], "carpPosition": [54.8915, 123.059, 29.9255], "dipPosition": [82.719, 227.048, -18.3748], "direction": [0.298278, 0.866765, -0.399685], "extended": true, "handId": 120, "id": 1203, "length": 55.7206, "mcpPosition": [66.2994, 171.561, 5.39862], "pipPosition": [75.5729, 206.282, -8.79913], "stabilizedTipPosition": [88.5563, 237.436, -23.7705], "timeVisible": 6.89431, "tipPosition": [90.9442, 232.179, -29.2265], "tipVelocity": [-132.033, 4.7531, 20.5287], "tool": false, "touchDistance": -0.291549, "touchZone": "touching", "type": 3, "width": 17.0597}, {"bases": [[[0.451256, -0.423582, -0.785459], [0.889201, 0.287828, 0.355637], [0.0754354, -0.858914, 0.506534]], [[0.425718, -0.235785, -0.873596], [0.891854, 0.27242, 0.361088], [0.152845, -0.932841, 0.32626]], [[0.425718, -0.235785, -0.873596], [0.874181, 0.356422, 0.329804], [0.233606, -0.904084, 0.357854]], [[0.425718, -0.235785, -0.873596], [0.861375, 0.401286, 0.311454], [0.277125, -0.885085, 0.373934]]], "btipPosition": [68.3072, 219.546, -28.9854], "carpPosition": [51.6725, 118.377, 18.6592], "dipPosition": [64.176, 206.351, -23.4111], "direction": [0.233606, 0.904084, -0.357854], "extended": true, "handId": 120, "id": 1204, "length": 43.6839, "mcpPosition": [55.5505, 162.532, -7.38083], "pipPosition": [60.2245, 191.059, -17.3579], "stabilizedTipPosition": [67.6233, 216.506, -27.7314], "timeVisible": 6.89431, "tipPosition": [68.7428, 212.778, -33.5209], "tipVelocity": [-133.495, 2.00108, 14.2681], "tool": false, "touchDistance": -0.292408, "touchZone": "touching", "type": 4, "width": 15.1538}, {"bases": [[[0.658073, 0.103242, -0.745843], [0.634514, 0.457261, 0.623141], [0.405379, -0.883319, 0.235403]], [[0.738398, -0.120391, -0.663532], [0.637176, 0.446785, 0.628005], [0.22085, -0.886504, 0.406615]], [[0.738398, -0.120391, -0.663532], [0.618658, 0.512522, 0.595469], [0.268386, -0.850192, 0.452926]], [[0.738398, -0.120391, -0.663532], [0.598082, 0.571487, 0.561873], [0.311555, -0.811732, 0.493988]]], "btipPosition": [114.355, 241.154, -1.51933], "carpPosition": [69.4946, 120.834, 45.7101], "dipPosition": [109.752, 229.16, 5.78003], "direction": [0.268386, 0.850192, -0.452926], "extended": true, "handId": 120, "id": 1201, "length": 50.8594, "mcpPosition": [95.9355, 178.449, 30.3559], "pipPosition": [104.141, 211.387, 15.2478], "stabilizedTipPosition": [117.307, 238.753, 0.232578], "timeVisible": 6.89431, "tipPosition": [121.968, 231.54, -3.02111], "tipVelocity": [-119.246, -0.631176, 18.0285], "tool": false, "touchDistance": 0.212288, "touchZone": "hovering", "type": 1, "width": 18.2543}, {"bases": [[[0.588915, -0.0965215, -0.802411], [0.74538, 0.448629, 0.493093], [0.31239, -0.888491, 0.336149]], [[0.608505, -0.155779, -0.778109], [0.750902, 0.430158, 0.501109], [0.256647, -0.889212, 0.378728]], [[0.608505, -0.155779, -0.778109], [0.72507, 0.507617, 0.465401], [0.322482, -0.847383, 0.421839]], [[0.608505, -0.155779, -0.778109], [0.697536, 0.572531, 0.430872], [0.378371, -0.804948, 0.45705]]], "btipPosition": [105.744, 249.047, -15.9093], "carpPosition": [61.6421, 123.101, 38.473], "dipPosition": [99.5942, 235.965, -8.48123], "direction": [0.322482, 0.847383, -0.421839], "extended": true, "handId": 120, "id": 1202, "length": 57.9502, "mcpPosition": [80.9648, 178.058, 17.6807], "pipPosition": [91.6634, 215.125, 1.89307], "stabilizedTipPosition": [105.851, 246.051, -14.3063], "timeVisible": 6.89431, "tipPosition": [111.156, 240.316, -17.5108], "tipVelocity": [-131.603, 7.27623, 26.0154], "tool": false, "touchDistance": -0.289642, "touchZone": "touching", "type": 2, "width": 17.9281}], "r": [[-0.135647, -0.924793, 0.355469], [0.62201, 0.199774, 0.757096], [-0.77117, 0.323803, 0.548132]], "s": 1.06593, "t": [-173.79, 22.4082, 10.2761], "timestamp": 8110193237}, {"currentFrameRate": 106.706, "devices": [], "gestures": [], "hands": [{"armBasis": [[0.739772, -0.10115, -0.665212], [0.437559, 0.823364, 0.361406], [0.511155, -0.558427, 0.65336]], "armWidth": 59.0231, "confidence": 1, "direction": [0.189219, 0.946555, -0.261208], "elbow": [-69.8413, -37.6634, 195.144], "grabAngle": 0.133462, "grabStrength": 0, "id": 120, "palmNormal": [0.690779, -0.317375, -0.64969], "palmPosition": [76.014, 155.706, 19.3355], "palmVelocity": [-162.675, 8.58898, 20.3685], "palmWidth": 80.6694, "pinchDistance": 56.2615, "pinchStrength": 0, "r": [[-0.136716, -0.924778, 0.355097], [0.622852, 0.198493, 0.75674], [-0.770301, 0.324631, 0.548863]], "s": 1.06614, "sphereCenter": [98.8848, 169.279, -27.6683], "sphereRadius": 62.04, "stabilizedPalmPosition": [82.7703, 157.15, 19.5237], "t": [172.27, 22.4419, 10.3879], "timeVisible": 6.90317, "type": "left", "wrist": [52.5164, 96.0102, 38.7455]}], "id": 151514, "interactionBox": {"center": [0, 200, 0], "size": [235.247, 235.247, 147.751]}, "pointables": [{"bases": [[[0.861749, 0.445433, 0.242853], [-0.178869, -0.181194, 0.967044], [0.474757, -0.876789, -0.0764695]], [[0.767805, 0.588891, 0.252356], [-0.119719, -0.255074, 0.959481], [0.629399, -0.766906, -0.125346]], [[0.767805, 0.588891, 0.252356], [-0.443066, 0.203538, 0.873078], [0.462783, -0.782164, 0.417195]], [[0.767805, 0.588891, 0.252356], [-0.605389, 0.537926, 0.586634], [0.209714, -0.603194, 0.76953]]], "btipPosition": [129.017, 175.973, 19.7896], "carpPosition": [83.2717, 106.76, 42.12], "dipPosition": [124.772, 163.764, 35.3652], "direction": [0.462783, 0.782164, -0.417195], "extended": false, "handId": 120, "id": 1200, "length": 45.0726, "mcpPosition": [83.2717, 106.76, 42.12], "pipPosition": [111.126, 140.7, 47.6672], "stabilizedTipPosition": [128.486, 173.117, 23.341], "timeVisible": 6.90317, "tipPosition": [128.781, 171.505, 17.4716], "tipVelocity": [-166.937, 22.22, 15.7049], "tool": false, "touchDistance": -0.288022, "touchZone": "touching", "type": 0, "width": 19.1104}, {"bases": [[[0.567265, -0.260372, -0.781292], [0.797992, 0.408237, 0.443342], [0.203518, -0.874957, 0.439353]], [[0.548116, -0.185783, -0.815508], [0.801634, 0.394882, 0.448832], [0.238644, -0.899751, 0.365371]], [[0.548116, -0.185783, -0.815508], [0.782233, 0.459045, 0.421176], [0.296108, -0.868771, 0.396935]], [[0.548116, -0.185783, -0.815508], [0.760016, 0.517708, 0.392879], [0.349205, -0.835143, 0.424962]]], "btipPosition": [86.7988, 240.698, -24.9191], "carpPosition": [53.5382, 123.031, 29.9753], "dipPosition": [81.1561, 227.203, -18.0522], "direction": [0.296108, 0.868771, -0.396935], "extended": true, "handId": 120, "id": 1203, "length": 55.7206, "mcpPosition": [64.8406, 171.622, 5.5758], "pipPosition": [74.062, 206.389, -8.54247], "stabilizedTipPosition": [87.0219, 237.515, -23.5542], "timeVisible": 6.90317, "tipPosition": [89.3586, 232.406, -28.8489], "tipVelocity": [-179.465, 20.9767, 40.5653], "tool": false, "touchDistance": -0.285335, "touchZone": "touching", "type": 3, "width": 17.0597}, {"bases": [[[0.447306, -0.423738, -0.787632], [0.891332, 0.283855, 0.353488], [0.0737867, -0.860158, 0.504661]], [[0.422286, -0.236184, -0.875152], [0.893834, 0.269089, 0.35868], [0.15078, -0.933707, 0.324742]], [[0.422286, -0.236184, -0.875152], [0.876601, 0.352171, 0.327943], [0.230748, -0.905645, 0.355756]], [[0.422286, -0.236184, -0.875152], [0.86435, 0.395771, 0.310264], [0.273081, -0.887458, 0.371274]]], "btipPosition": [66.7487, 219.68, -28.7364], "carpPosition": [50.3706, 118.359, 18.6903], "dipPosition": [62.6779, 206.45, -23.2018], "direction": [0.230748, 0.905645, -0.355756], "extended": true, "handId": 120, "id": 1204, "length": 43.6839, "mcpPosition": [54.1638, 162.578, -7.2534], "pipPosition": [58.7747, 191.131, -17.1841], "stabilizedTipPosition": [66.1684, 216.611, -27.5161], "timeVisible": 6.90317, "tipPosition": [67.2459, 212.931, -33.2447], "tipVelocity": [-174.291, 14.2354, 27.0685], "tool": false, "touchDistance": -0.287902, "touchZone": "touching", "type": 4, "width": 15.1538}, {"bases": [[[0.656191, 0.102241, -0.747636], [0.638085, 0.453715, 0.622086], [0.402816, -0.885262, 0.232485]], [[0.735729, -0.121036, -0.666373], [0.640181, 0.445434, 0.625905], [0.221068, -0.887096, 0.405204]], [[0.735729, -0.121036, -0.666373], [0.621393, 0.511992, 0.593072], [0.269395, -0.85042, 0.451899]], [[0.735729, -0.121036, -0.666373], [0.600944, 0.570441, 0.559878], [0.312361, -0.812372, 0.492426]]], "btipPosition": [112.836, 241.313, -1.14229], "carpPosition": [68.1016, 120.83, 45.7998], "dipPosition": [108.221, 229.309, 6.13399], "direction": [0.269395, 0.85042, -0.451899], "extended": true, "handId": 120, "id": 1201, "length": 50.8594, "mcpPosition": [94.3753, 178.571, 30.636], "pipPosition": [102.589, 211.532, 15.5803], "stabilizedTipPosition": [116.257, 238.715, 0.289255], "timeVisible": 6.90317, "tipPosition": [120.197, 231.913, -2.51888], "tipVelocity": [-171.728, 17.6861, 41.9469], "tool": false, "touchDistance": 0.226232, "touchZone": "hovering", "type": 1, "width": 18.2543}, {"bases": [[[0.586123, -0.0971566, -0.804376], [0.748524, 0.444922, 0.491686], [0.310114, -0.890284, 0.333503]], [[0.60543, -0.156084, -0.780444], [0.753718, 0.427428, 0.499214], [0.255664, -0.890474, 0.376421]], [[0.60543, -0.156084, -0.780444], [0.728347, 0.503995, 0.46422], [0.320882, -0.849486, 0.418817]], [[0.60543, -0.156084, -0.780444], [0.700892, 0.569163, 0.429888], [0.377101, -0.807274, 0.453986]]], "btipPosition": [104.122, 249.281, -15.455], "carpPosition": [60.2626, 123.081, 38.5434], "dipPosition": [97.9936, 236.161, -8.07675], "direction": [0.320882, 0.849486, -0.418817], "extended": true, "handId": 120, "id": 1202, "length": 57.9502, "mcpPosition": [79.4446, 178.15, 17.9147], "pipPosition": [90.1021, 215.27, 2.22324], "stabilizedTipPosition": [104.304, 246.156, -14.0361], "timeVisible": 6.90317, "tipPosition": [109.483, 240.61, -17.0527], "tipVelocity": [-182.407, 25.4106, 49.9683], "tool": false, "touchDistance": -0.282345, "touchZone": "touching", "type": 2, "width": 17.9281}], "r": [[-0.136716, -0.924778, 0.355097], [0.622852, 0.198493, 0.75674], [-0.770301, 0.324631, 0.548863]], "s": 1.06614, "t": [-172.27, 22.4419, 10.3879], "timestamp": 8110202099}, {"currentFrameRate": 107.11, "devices": [], "gestures": [], "hands": [{"armBasis": [[0.739692, -0.102232, -0.665135], [0.440549, 0.820716, 0.363787], [0.508696, -0.562115, 0.652115]], "armWidth": 59.0231, "confidence": 1, "direction": [0.185428, 0.948584, -0.256526], "elbow": [-70.4783, -38.5505, 194.751], "grabAngle": 0.133766, "grabStrength": 0, "id": 120, "palmNormal": [0.692859, -0.311328, -0.650401], "palmPosition": [74.5471, 155.883, 19.526], "palmVelocity": [-170.632, 20.4835, 22.1584], "palmWidth": 80.6694, "pinchDistance": 56.1578, "pinchStrength": 0, "r": [[-0.138288, -0.924981, 0.353957], [0.623863, 0.196216, 0.756501], [-0.769202, 0.325436, 0.549927]], "s": 1.06617, "sphereCenter": [99.0216, 168.595, -28.959], "sphereRadius": 63.6332, "stabilizedPalmPosition": [81.7367, 156.99, 19.524], "t": [170.776, 22.5467, 10.539], "timeVisible": 6.91176, "type": "left", "wrist": [51.291, 96.006, 38.6505]}], "id": 151515, "interactionBox": {"center": [0, 200, 0], "size": [235.247, 235.247, 147.751]}, "pointables": [{"bases": [[[0.863929, 0.440569, 0.24398], [-0.178577, -0.184988, 0.96638], [0.47089, -0.878452, -0.0811409]], [[0.769969, 0.585214, 0.254306], [-0.121447, -0.256856, 0.958789], [0.626417, -0.769122, -0.126699]], [[0.769969, 0.585214, 0.254306], [-0.442568, 0.202696, 0.873526], [0.459653, -0.785136, 0.415066]], [[0.769969, 0.585214, 0.254306], [-0.603278, 0.537833, 0.58889], [0.207853, -0.606844, 0.767162]]], "btipPosition": [127.474, 176.333, 19.9277], "carpPosition": [81.9903, 106.861, 42.0875], "dipPosition": [123.267, 164.05, 35.4554], "direction": [0.459653, 0.785136, -0.415066], "extended": false, "handId": 120, "id": 1200, "length": 45.0726, "mcpPosition": [81.9903, 106.861, 42.0875], "pipPosition": [109.713, 140.899, 47.6946], "stabilizedTipPosition": [126.872, 173.436, 23.4699], "timeVisible": 6.91176, "tipPosition": [127.237, 171.938, 17.8741], "tipVelocity": [-178.509, 39.9357, 14.7766], "tool": false, "touchDistance": -0.285648, "touchZone": "touching", "type": 0, "width": 19.1104}, {"bases": [[[0.565272, -0.259117, -0.783151], [0.800234, 0.402701, 0.444363], [0.200233, -0.87789, 0.43499]], [[0.546326, -0.183992, -0.817114], [0.803523, 0.39047, 0.449316], [0.236388, -0.902042, 0.361165]], [[0.546326, -0.183992, -0.817114], [0.784678, 0.453627, 0.422495], [0.292929, -0.871992, 0.392202]], [[0.546326, -0.183992, -0.817114], [0.762789, 0.512246, 0.394661], [0.345949, -0.838899, 0.4202]]], "btipPosition": [85.0627, 241.117, -24.3131], "carpPosition": [52.2004, 123.061, 29.9861], "dipPosition": [79.4726, 227.561, -17.5232], "direction": [0.292929, 0.871992, -0.392202], "extended": true, "handId": 120, "id": 1203, "length": 55.7206, "mcpPosition": [63.3204, 171.815, 5.82895], "pipPosition": [72.4547, 206.67, -8.1268], "stabilizedTipPosition": [85.1666, 237.792, -23.0952], "timeVisible": 6.91176, "tipPosition": [87.6017, 232.882, -28.2626], "tipVelocity": [-200.532, 47.1215, 68.4322], "tool": false, "touchDistance": -0.276265, "touchZone": "touching", "type": 3, "width": 17.0597}, {"bases": [[[0.444604, -0.421934, -0.790126], [0.892938, 0.278344, 0.353818], [0.0706392, -0.862842, 0.500514]], [[0.420336, -0.234097, -0.876651], [0.895266, 0.264268, 0.358693], [0.147702, -0.935608, 0.32066]], [[0.420336, -0.234097, -0.876651], [0.87862, 0.346282, 0.328811], [0.226595, -0.908453, 0.351237]], [[0.420336, -0.234097, -0.876651], [0.866995, 0.388608, 0.311934], [0.267651, -0.891169, 0.366306]]], "btipPosition": [65.0365, 220.048, -28.2625], "carpPosition": [49.0655, 118.429, 18.6757], "dipPosition": [61.0466, 206.764, -22.8019], "direction": [0.226595, 0.908453, -0.351237], "extended": true, "handId": 120, "id": 1204, "length": 43.6839, "mcpPosition": [52.697, 162.786, -7.05481], "pipPosition": [57.2137, 191.397, -16.8607], "stabilizedTipPosition": [64.535, 216.915, -27.11], "timeVisible": 6.91176, "tipPosition": [65.5889, 213.321, -32.786], "tipVelocity": [-196.998, 41.3804, 53.1439], "tool": false, "touchDistance": -0.280574, "touchZone": "touching", "type": 4, "width": 15.1538}, {"bases": [[[0.655797, 0.102947, -0.747885], [0.640722, 0.448022, 0.6235], [0.399256, -0.888076, 0.227851]], [[0.73429, -0.12037, -0.668079], [0.642073, 0.442631, 0.625956], [0.220366, -0.888588, 0.402305]], [[0.73429, -0.12037, -0.668079], [0.62296, 0.510491, 0.592722], [0.269703, -0.851416, 0.449834]], [[0.73429, -0.12037, -0.668079], [0.602797, 0.568202, 0.560163], [0.312177, -0.814038, 0.489783]]], "btipPosition": [111.236, 241.615, -0.633443], "carpPosition": [66.7557, 120.848, 45.8165], "dipPosition": [106.623, 229.587, 6.60378], "direction": [0.269703, 0.851416, -0.449834], "extended": true, "handId": 120, "id": 1201, "length": 50.8594, "mcpPosition": [92.7971, 178.773, 30.9549], "pipPosition": [100.985, 211.789, 16.0069], "stabilizedTipPosition": [115.049, 238.741, 0.436604], "timeVisible": 6.91176, "tipPosition": [118.282, 232.493, -1.86738], "tipVelocity": [-186.095, 34.4895, 58.1437], "tool": false, "touchDistance": 0.242476, "touchZone": "hovering", "type": 1, "width": 18.2543}, {"bases": [[[0.584808, -0.0958775, -0.805485], [0.750978, 0.43937, 0.492936], [0.306645, -0.893175, 0.328949]], [[0.603746, -0.154532, -0.782056], [0.75574, 0.423127, 0.499821], [0.25367, -0.892796, 0.372246]], [[0.603746, -0.154532, -0.782056], [0.730942, 0.498828, 0.465719], [0.318143, -0.852813, 0.414119]], [[0.603746, -0.154532, -0.782056], [0.70371, 0.564239, 0.431771], [0.374544, -0.811021, 0.449402]]], "btipPosition": [102.368, 249.718, -14.7907], "carpPosition": [58.9151, 123.1, 38.5619], "dipPosition": [96.2811, 236.537, -7.48693], "direction": [0.318143, 0.852813, -0.414119], "extended": true, "handId": 120, "id": 1202, "length": 57.9502, "mcpPosition": [77.8825, 178.347, 18.2149], "pipPosition": [88.457, 215.564, 2.69753], "stabilizedTipPosition": [102.426, 246.454, -13.5153], "timeVisible": 6.91176, "tipPosition": [107.655, 241.129, -16.406], "tipVelocity": [-202.922, 49.1571, 75.2811], "tool": false, "touchDistance": -0.272674, "touchZone": "touching", "type": 2, "width": 17.9281}], "r": [[-0.138288, -0.924981, 0.353957], [0.623863, 0.196216, 0.756501], [-0.769202, 0.325436, 0.549927]], "s": 1.06617, "t": [-170.776, 22.5467, 10.539], "timestamp": 8110210696}, {"currentFrameRate": 107.458, "devices": [], "gestures": [], "hands": [{"armBasis": [[0.741963, -0.100942, -0.662798], [0.440144, 0.819066, 0.367974], [0.505731, -0.56475, 0.652146]], "armWidth": 59.0231, "confidence": 1, "direction": [0.183846, 0.950012, -0.252344], "elbow": [-71.2416, -39.3047, 194.673], "grabAngle": 0.133596, "grabStrength": 0, "id": 120, "palmNormal": [0.691899, -0.30742, -0.653275], "palmPosition": [72.9593, 155.869, 19.663], "palmVelocity": [-183.074, -1.59069, 15.7934], "palmWidth": 80.6694, "pinchDistance": 56.0407, "pinchStrength": 0, "r": [[-0.139899, -0.925447, 0.352104], [0.624408, 0.193527, 0.756744], [-0.768468, 0.325724, 0.550782]], "s": 1.06605, "sphereCenter": [98.5149, 167.88, -30.1853], "sphereRadius": 64.9864, "stabilizedPalmPosition": [80.4432, 156.825, 19.5445], "t": [169.235, 22.5922, 10.6831], "timeVisible": 6.92044, "type": "left", "wrist": [49.8178, 95.8823, 38.5659]}], "id": 151516, "interactionBox": {"center": [0, 200, 0], "size": [235.247, 235.247, 147.751]}, "pointables": [{"bases": [[[0.863931, 0.438415, 0.247823], [-0.180727, -0.189416, 0.965121], [0.470065, -0.878586, -0.0844089]], [[0.769767, 0.583563, 0.258677], [-0.125369, -0.259136, 0.95767], [0.625893, -0.769612, -0.126314]], [[0.769767, 0.583563, 0.258677], [-0.445364, 0.200687, 0.872568], [0.457285, -0.786879, 0.414381]], [[0.769767, 0.583563, 0.258677], [-0.604384, 0.535925, 0.589495], [0.205377, -0.610114, 0.765233]]], "btipPosition": [125.843, 176.359, 19.8565], "carpPosition": [80.5029, 106.748, 41.9741], "dipPosition": [121.686, 164.01, 35.3452], "direction": [0.457285, 0.786879, -0.414381], "extended": false, "handId": 120, "id": 1200, "length": 45.0726, "mcpPosition": [80.5029, 106.748, 41.9741], "pipPosition": [108.202, 140.807, 47.5642], "stabilizedTipPosition": [125.121, 173.509, 23.4249], "timeVisible": 6.92044, "tipPosition": [125.618, 172.012, 18.0536], "tipVelocity": [-186.667, 1.27893, -9.24066], "tool": false, "touchDistance": -0.286618, "touchZone": "touching", "type": 0, "width": 19.1104}, {"bases": [[[0.566554, -0.256, -0.78325], [0.79979, 0.399659, 0.447893], [0.198372, -0.880191, 0.431175]], [[0.547803, -0.180846, -0.816827], [0.802788, 0.388426, 0.45239], [0.235464, -0.903559, 0.357962]], [[0.547803, -0.180846, -0.816827], [0.78454, 0.450111, 0.426495], [0.290533, -0.874468, 0.388454]], [