{"frames": 103, "data": [{"currentFrameRate": 112.141, "devices": [], "gestures": [], "hands": [{"armBasis": [[0.939378, 0.0865424, -0.331781], [0.25202, 0.481844, 0.839233], [0.232496, -0.871973, 0.430823]], "armWidth": 59.0231, "confidence": 1, "direction": [0.134955, 0.989765, -0.0463907], "elbow": [-157.93, -26.4664, 159.544], "grabAngle": 0.113358, "grabStrength": 0, "id": 116, "palmNormal": [0.335096, -0.0896506, -0.937909], "palmPosition": [-84.6342, 246.774, 48.2558], "palmVelocity": [-0.861491, 0.124847, 5.26472], "palmWidth": 80.6694, "pinchDistance": 40.6559, "pinchStrength": 0, "r": [[0.988564, 0.13521, 0.0667784], [-0.149687, 0.933548, 0.325703], [-0.0183024, -0.331975, 0.943111]], "s": 0.913626, "sphereCenter": [-23.0997, 238.952, -116.652], "sphereRadius": 180.164, "stabilizedPalmPosition": [-84.6864, 247.348, 48.2328], "t": [63.4272, 64.1631, 82.3286], "timeVisible": 9.74989, "type": "left", "wrist": [-102.276, 182.262, 56.4161]}], "id": 146181, "interactionBox": {"center": [0, 200, 0], "size": [235.247, 235.247, 147.751]}, "pointables": [{"bases": [[[0.648608, 0.317999, 0.691508], [-0.547917, -0.435533, 0.714211], [0.528294, -0.842132, -0.108253]], [[0.614355, 0.369963, 0.696919], [-0.465136, -0.543654, 0.698633], [0.637351, -0.753371, -0.161913]], [[0.614355, 0.369963, 0.696919], [-0.735879, -0.0500382, 0.675262], [0.284695, -0.927698, 0.241507]], [[0.614355, 0.369963, 0.696919], [-0.786796, 0.353659, 0.505843], [-0.0593285, -0.8591, 0.508358]]], "btipPosition": [-36.913, 271.9, 41.3492], "carpPosition": [-72.3134, 193.815, 51.5945], "dipPosition": [-35.7121, 254.512, 51.6386], "direction": [0.284695, 0.927698, -0.241507], "extended": true, "handId": 116, "id": 1160, "length": 45.0726, "mcpPosition": [-72.3134, 193.815, 51.5945], "pipPosition": [-44.107, 227.156, 58.7601], "stabilizedTipPosition": [-36.8842, 268.614, 43.2956], "timeVisible": 9.74989, "tipPosition": [-37.718, 268.674, 43.2367], "tipVelocity": [3.29067, 4.70174, 22.11], "tool": false, "touchDistance": 0.133666, "touchZone": "hovering", "type": 0, "width": 19.1104}, {"bases": [[[0.896572, 0.275637, -0.346674], [0.288429, 0.230631, 0.92931], [0.336106, -0.933185, 0.127276]], [[0.954591, 0.00634455, -0.29785], [0.284665, 0.275447, 0.918202], [0.0878675, -0.961295, 0.261133]], [[0.954591, 0.00634455, -0.29785], [0.281696, 0.306188, 0.909339], [0.0969675, -0.95195, 0.290497]], [[0.954591, 0.00634455, -0.29785], [0.274927, 0.366365, 0.888927], [0.114762, -0.93045, 0.347985]]], "btipPosition": [-54.5998, 335.785, 35.7369], "carpPosition": [-83.5099, 205.553, 64.9554], "dipPosition": [-56.2956, 322.037, 40.8788], "direction": [0.0969675, 0.95195, -0.290497], "extended": true, "handId": 116, "id": 1161, "length": 50.8594, "mcpPosition": [-61.5874, 266.42, 56.6539], "pipPosition": [-58.3226, 302.138, 46.9513], "stabilizedTipPosition": [-55.1451, 333.516, 36.6267], "timeVisible": 9.74989, "tipPosition": [-55.2764, 333.079, 39.5027], "tipVelocity": [-2.44802, 3.03201, 16.6363], "tool": false, "touchDistance": 0.10891, "touchZone": "hovering", "type": 1, "width": 18.2543}, {"bases": [[[0.871343, 0.103644, -0.479603], [0.443162, 0.253367, 0.859891], [0.210638, -0.961802, 0.174839]], [[0.888027, 0.00703982, -0.459737], [0.437605, 0.293907, 0.849777], [0.141102, -0.955808, 0.257916]], [[0.888027, 0.00703982, -0.459737], [0.431564, 0.332182, 0.838694], [0.158621, -0.943189, 0.291948]], [[0.888027, 0.00703982, -0.459737], [0.427041, 0.35798, 0.830353], [0.170422, -0.933703, 0.31489]]], "btipPosition": [-67.8704, 347.071, 28.6841], "carpPosition": [-93.4519, 209.365, 62.5477], "dipPosition": [-70.6401, 331.896, 33.8017], "direction": [0.158621, 0.943189, -0.291948], "extended": true, "handId": 116, "id": 1162, "length": 57.9502, "mcpPosition": [-80.423, 268.857, 51.7331], "pipPosition": [-74.5411, 308.701, 40.9816], "stabilizedTipPosition": [-68.516, 343.659, 29.7785], "timeVisible": 9.74989, "tipPosition": [-67.0425, 343.624, 31.6285], "tipVelocity": [-2.09486, 1.55428, 11.7875], "tool": false, "touchDistance": -0.287763, "touchZone": "touching", "type": 2, "width": 17.9281}, {"bases": [[[0.85694, -0.05842, -0.512095], [0.510772, 0.229335, 0.828563], [0.0690366, -0.971593, 0.226366]], [[0.851732, -0.00394466, -0.523963], [0.506154, 0.264787, 0.82079], [0.135501, -0.964299, 0.227524]], [[0.851732, -0.00394466, -0.523963], [0.501097, 0.298405, 0.812315], [0.153149, -0.954431, 0.256138]], [[0.851732, -0.00394466, -0.523963], [0.497159, 0.321899, 0.805738], [0.165485, -0.946766, 0.276133]]], "btipPosition": [-87.6833, 340.774, 25.9474], "carpPosition": [-103.096, 211.39, 57.9089], "dipPosition": [-90.3573, 325.475, 30.4094], "direction": [0.153149, 0.954431, -0.256138], "extended": true, "handId": 116, "id": 1163, "length": 55.7206, "mcpPosition": [-99.2623, 265.348, 45.3376], "pipPosition": [-94.0264, 302.609, 36.5459], "stabilizedTipPosition": [-88.3324, 337.869, 26.9244], "timeVisible": 9.74989, "tipPosition": [-87.1149, 337.082, 27.6011], "tipVelocity": [-2.12534, 0.0465811, 5.84829], "tool": false, "touchDistance": 0.15635, "touchZone": "hovering", "type": 3, "width": 17.0597}, {"bases": [[[0.762917, -0.207563, -0.61227], [0.641919, 0.130712, 0.755549], [-0.0767932, -0.969449, 0.232961]], [[0.762547, -0.00551719, -0.64691], [0.640886, 0.14285, 0.754228], [0.0882496, -0.989729, 0.112465]], [[0.762547, -0.00551719, -0.64691], [0.633262, 0.210855, 0.744661], [0.132296, -0.977502, 0.164281]], [[0.762547, -0.00551719, -0.64691], [0.629993, 0.23367, 0.740613], [0.147077, -0.9723, 0.18166]]], "btipPosition": [-107.799, 321.046, 27.266], "carpPosition": [-110.98, 209.913, 48.1682], "dipPosition": [-109.991, 306.552, 29.9741], "direction": [0.132296, 0.977502, -0.164281], "extended": true, "handId": 116, "id": 1164, "length": 43.6839, "mcpPosition": [-114.928, 259.751, 36.1921], "pipPosition": [-112.229, 290.017, 32.7529], "stabilizedTipPosition": [-108.309, 318.314, 27.9869], "timeVisible": 9.74989, "tipPosition": [-107.336, 317.522, 28.1389], "tipVelocity": [-1.86193, -1.30945, 0.148376], "tool": false, "touchDistance": 0.153861, "touchZone": "hovering", "type": 4, "width": 15.1538}], "r": [[0.988564, 0.13521, 0.0667784], [-0.149687, 0.933548, 0.325703], [-0.0183024, -0.331975, 0.943111]], "s": 0.913626, "t": [-63.4272, 64.1631, 82.3286], "timestamp": 8063167498}, {"currentFrameRate": 113.829, "devices": [], "gestures": [], "hands": [{"armBasis": [[0.939417, 0.0869678, -0.331561], [0.251692, 0.481633, 0.839453], [0.232696, -0.872047, 0.430565]], "armWidth": 59.0231, "confidence": 1, "direction": [0.135752, 0.989559, -0.0484266], "elbow": [-158.036, -26.444, 159.61], "grabAngle": 0.11258, "grabStrength": 0, "id": 116, "palmNormal": [0.334415, -0.0917772, -0.937947], "palmPosition": [-84.6473, 246.789, 48.2665], "palmVelocity": [-2.23513, 2.63166, 1.81808], "palmWidth": 80.6694, "pinchDistance": 40.6929, "pinchStrength": 0, "r": [[0.988576, 0.135318, 0.0663859], [-0.149651, 0.93369, 0.325311], [-0.0179635, -0.33153, 0.943274]], "s": 0.913906, "sphereCenter": [-23.8683, 239.025, -115.411], "sphereRadius": 178.78, "stabilizedPalmPosition": [-84.6835, 247.306, 48.2353], "t": [63.4259, 64.1343, 82.3503], "timeVisible": 9.75576, "type": "left", "wrist": [-102.335, 182.302, 56.5432]}], "id": 146182, "interactionBox": {"center": [0, 200, 0], "size": [235.247, 235.247, 147.751]}, "pointables": [{"bases": [[[0.647895, 0.319903, 0.691299], [-0.548015, -0.434585, 0.714714], [0.529067, -0.841901, -0.106254]], [[0.613758, 0.371612, 0.696567], [-0.464687, -0.543237, 0.699256], [0.638253, -0.75286, -0.160733]], [[0.613758, 0.371612, 0.696567], [-0.735882, -0.0503073, 0.675238], [0.285969, -0.927024, 0.242586]], [[0.613758, 0.371612, 0.696567], [-0.787387, 0.352546, 0.505701], [-0.0576471, -0.858846, 0.50898]]], "btipPosition": [-36.8567, 271.864, 41.3596], "carpPosition": [-72.3687, 193.827, 51.7015], "dipPosition": [-35.6899, 254.481, 51.6616], "direction": [0.285969, 0.927024, -0.242586], "extended": true, "handId": 116, "id": 1160, "length": 45.0726, "mcpPosition": [-72.3687, 193.827, 51.7015], "pipPosition": [-44.1223, 227.145, 58.8148], "stabilizedTipPosition": [-36.8678, 268.572, 43.3196], "timeVisible": 9.75576, "tipPosition": [-37.7095, 268.635, 43.1772], "tipVelocity": [8.26738, -5.90574, 2.26175], "tool": false, "touchDistance": 0.133887, "touchZone": "hovering", "type": 0, "width": 19.1104}, {"bases": [[[0.896565, 0.275704, -0.346638], [0.287635, 0.232702, 0.92904], [0.336804, -0.932651, 0.12933]], [[0.95479, 0.00640856, -0.297213], [0.283923, 0.276679, 0.918061], [0.0881161, -0.960941, 0.262351]], [[0.95479, 0.00640856, -0.297213], [0.280962, 0.307241, 0.90921], [0.0971425, -0.95161, 0.29155]], [[0.95479, 0.00640856, -0.297213], [0.2742, 0.367267, 0.88878], [0.114852, -0.930093, 0.348906]]], "btipPosition": [-54.5769, 335.773, 35.6131], "carpPosition": [-83.5466, 205.6, 65.0465], "dipPosition": [-56.274, 322.029, 40.7686], "direction": [0.0971425, 0.95161, -0.29155], "extended": true, "handId": 116, "id": 1161, "length": 50.8594, "mcpPosition": [-61.5786, 266.432, 56.611], "pipPosition": [-58.3046, 302.137, 46.8631], "stabilizedTipPosition": [-55.1381, 333.48, 36.6335], "timeVisible": 9.75576, "tipPosition": [-55.2219, 333.05, 39.3133], "tipVelocity": [3.86328, -1.99417, -20.575], "tool": false, "touchDistance": 0.106899, "touchZone": "hovering", "type": 1, "width": 18.2543}, {"bases": [[[0.871566, 0.103428, -0.479244], [0.442394, 0.25543, 0.859676], [0.211328, -0.961279, 0.176868]], [[0.888314, 0.00690686, -0.459184], [0.43691, 0.295259, 0.849666], [0.141447, -0.955392, 0.259265]], [[0.888314, 0.00690686, -0.459184], [0.430878, 0.333386, 0.838569], [0.158877, -0.942765, 0.293175]], [[0.888314, 0.00690686, -0.459184], [0.426343, 0.359201, 0.830185], [0.170673, -0.933234, 0.316139]]], "btipPosition": [-67.838, 347.054, 28.5418], "carpPosition": [-93.487, 209.416, 62.6376], "dipPosition": [-70.6118, 331.887, 33.6798], "direction": [0.158877, 0.942765, -0.293175], "extended": true, "handId": 116, "id": 1162, "length": 57.9502, "mcpPosition": [-80.4154, 268.876, 51.6975], "pipPosition": [-74.5191, 308.702, 40.8899], "stabilizedTipPosition": [-68.5081, 343.64, 29.7677], "timeVisible": 9.75576, "tipPosition": [-66.9915, 343.592, 31.4302], "tipVelocity": [5.35688, -2.54414, -23.4621], "tool": false, "touchDistance": -0.289383, "touchZone": "touching", "type": 2, "width": 17.9281}, {"bases": [[[0.857319, -0.0587107, -0.511426], [0.510044, 0.231393, 0.82844], [0.0697021, -0.971087, 0.228323]], [[0.852078, -0.00429523, -0.523398], [0.505502, 0.26612, 0.82076], [0.135761, -0.96393, 0.228926]], [[0.852078, -0.00429523, -0.523398], [0.500424, 0.299801, 0.812216], [0.153426, -0.953992, 0.257603]], [[0.852078, -0.00429523, -0.523398], [0.496447, 0.32347, 0.805548], [0.165844, -0.946229, 0.277754]]], "btipPosition": [-87.6602, 340.762, 25.8154], "carpPosition": [-103.133, 211.44, 58.0011], "dipPosition": [-90.34, 325.472, 30.3036], "direction": [0.153426, 0.953992, -0.257603], "extended": true, "handId": 116, "id": 1163, "length": 55.7206, "mcpPosition": [-99.2618, 265.369, 45.3212], "pipPosition": [-94.0158, 302.617, 36.4752], "stabilizedTipPosition": [-88.3291, 337.832, 26.9199], "timeVisible": 9.75576, "tipPosition": [-87.0699, 337.059, 27.4336], "tipVelocity": [3.70504, -1.63008, -21.4758], "tool": false, "touchDistance": 0.154251, "touchZone": "hovering", "type": 3, "width": 17.0597}, {"bases": [[[0.763487, -0.208129, -0.611368], [0.64132, 0.132736, 0.755704], [-0.0761337, -0.969053, 0.23482]], [[0.762957, -0.00599588, -0.646422], [0.640332, 0.144257, 0.75443], [0.0887276, -0.989522, 0.113901]], [[0.762957, -0.00599588, -0.646422], [0.632694, 0.212113, 0.744786], [0.132649, -0.977227, 0.165627]], [[0.762957, -0.00599588, -0.646422], [0.629404, 0.235003, 0.740692], [0.14747, -0.971976, 0.183071]]], "btipPosition": [-107.782, 321.047, 27.183], "carpPosition": [-111.024, 209.95, 48.2685], "dipPosition": [-109.981, 306.558, 29.9121], "direction": [0.132649, 0.977227, -0.165627], "extended": true, "handId": 116, "id": 1164, "length": 43.6839, "mcpPosition": [-114.938, 259.768, 36.1968], "pipPosition": [-112.224, 290.027, 32.7137], "stabilizedTipPosition": [-108.307, 318.258, 27.9705], "timeVisible": 9.75576, "tipPosition": [-107.306, 317.517, 28.0243], "tipVelocity": [2.56631, 0.393532, -13.334], "tool": false, "touchDistance": 0.152558, "touchZone": "hovering", "type": 4, "width": 15.1538}], "r": [[0.988576, 0.135318, 0.0663859], [-0.149651, 0.93369, 0.325311], [-0.0179635, -0.33153, 0.943274]], "s": 0.913906, "t": [-63.4259, 64.1343, 82.3503], "timestamp": 8063173362}, {"currentFrameRate": 110.023, "devices": [], "gestures": [], "hands": [{"armBasis": [[0.938907, 0.0872481, -0.332929], [0.252487, 0.482763, 0.838564], [0.233889, -0.871394, 0.431241]], "armWidth": 59.0231, "confidence": 1, "direction": [0.13543, 0.989615, -0.0481725], "elbow": [-158.307, -26.3561, 159.773], "grabAngle": 0.11262, "grabStrength": 0, "id": 116, "palmNormal": [0.335567, -0.0915612, -0.937556], "palmPosition": [-84.6363, 246.724, 48.2846], "palmVelocity": [0.695861, -4.18016, 1.15295], "palmWidth": 80.6694, "pinchDistance": 40.7196, "pinchStrength": 0, "r": [[0.988611, 0.135327, 0.0658389], [-0.149473, 0.933809, 0.325051], [-0.0174929, -0.33119, 0.943402]], "s": 0.914278, "sphereCenter": [-23.6063, 238.998, -115.44], "sphereRadius": 178.916, "stabilizedPalmPosition": [-84.6746, 247.196, 48.2447], "t": [63.4307, 64.0871, 82.3702], "timeVisible": 9.77149, "type": "left", "wrist": [-102.319, 182.234, 56.5451]}], "id": 146183, "interactionBox": {"center": [0, 200, 0], "size": [235.247, 235.247, 147.751]}, "pointables": [{"bases": [[[0.64884, 0.31959, 0.690557], [-0.54733, -0.434442, 0.715325], [0.528618, -0.842094, -0.106963]], [[0.614833, 0.371162, 0.695858], [-0.463796, -0.543466, 0.69967], [0.637866, -0.752917, -0.161997]], [[0.614833, 0.371162, 0.695858], [-0.734537, -0.0517196, 0.676595], [0.287116, -0.927127, 0.240833]], [[0.614833, 0.371162, 0.695858], [-0.786727, 0.350344, 0.508252], [-0.0551455, -0.859941, 0.507406]]], "btipPosition": [-36.7622, 271.831, 41.5269], "carpPosition": [-72.3415, 193.766, 51.7293], "dipPosition": [-35.646, 254.425, 51.7971], "direction": [0.287116, 0.927127, -0.240833], "extended": true, "handId": 116, "id": 1160, "length": 45.0726, "mcpPosition": [-72.3415, 193.766, 51.7293], "pipPosition": [-44.1123, 227.086, 58.8986], "stabilizedTipPosition": [-36.8352, 268.505, 43.3708], "timeVisible": 9.77149, "tipPosition": [-37.6921, 268.582, 43.258], "tipVelocity": [5.26192, -2.46554, 10.1634], "tool": false, "touchDistance": 0.136553, "touchZone": "hovering", "type": 0, "width": 19.1104}, {"bases": [[[0.856687, -0.0589909, -0.512452], [0.511119, 0.23112, 0.827853], [0.0696022, -0.971135, 0.228149]], [[0.851446, -0.00452487, -0.524423], [0.506628, 0.265506, 0.820265], [0.135526, -0.964099, 0.228356]], [[0.851446, -0.00452487, -0.524423], [0.50151, 0.299487, 0.811662], [0.153385, -0.95409, 0.257267]], [[0.851446, -0.00452487, -0.524423], [0.497464, 0.323558, 0.804885], [0.166039, -0.946198, 0.277743]]], "btipPosition": [-87.6598, 340.699, 25.8482], "carpPosition": [-103.12, 211.366, 57.9939], "dipPosition": [-90.3428, 325.41, 30.3362], "direction": [0.153385, 0.95409, -0.257267], "extended": true, "handId": 116, "id": 1163, "length": 55.7206, "mcpPosition": [-99.2544, 265.298, 45.3236], "pipPosition": [-94.0176, 302.552, 36.4997], "stabilizedTipPosition": [-88.3214, 337.737, 26.9141], "timeVisible": 9.77149, "tipPosition": [-87.0695, 336.995, 27.4569], "tipVelocity": [-0.0196177, -3.98099, 2.07762], "tool": false, "touchDistance": 0.154796, "touchZone": "hovering", "type": 3, "width": 17.0597}, {"bases": [[[0.896257, 0.275394, -0.34768], [0.288831, 0.232504, 0.928719], [0.3366, -0.932792, 0.128841]], [[0.954396, 0.00660628, -0.29847], [0.28515, 0.275917, 0.91791], [0.0884169, -0.961159, 0.26145]], [[0.954396, 0.00660628, -0.29847], [0.282162, 0.306662, 0.909034], [0.097535, -0.951795, 0.290813]], [[0.954396, 0.00660628, -0.29847], [0.275378, 0.366649, 0.888671], [0.115305, -0.930336, 0.348109]]], "btipPosition": [-54.5573, 335.73, 35.7212], "carpPosition": [-83.5399, 205.533, 65.0621], "dipPosition": [-56.2611, 321.983, 40.865], "direction": [0.097535, 0.951795, -0.290813], "extended": true, "handId": 116, "id": 1161, "length": 50.8594, "mcpPosition": [-61.5852, 266.375, 56.6584], "pipPosition": [-58.3, 302.087, 46.944], "stabilizedTipPosition": [-55.1266, 333.424, 36.6501], "timeVisible": 9.77149, "tipPosition": [-55.2323, 332.995, 39.366], "tipVelocity": [1.14371, -2.73333, 6.69582], "tool": false, "touchDistance": 0.108656, "touchZone": "hovering", "type": 1, "width": 18.2543}, {"bases": [[[0.871034, 0.10314, -0.480272], [0.443516, 0.25518, 0.859172], [0.211171, -0.961377, 0.176526]], [[0.887745, 0.00679819, -0.460284], [0.438077, 0.294679, 0.849266], [0.14141, -0.955572, 0.258622]], [[0.887745, 0.00679819, -0.460284], [0.432009, 0.333025, 0.83813], [0.158984, -0.942894, 0.292704]], [[0.887745, 0.00679819, -0.460284], [0.427423, 0.359105, 0.829671], [0.170931, -0.933273, 0.315888]]], "btipPosition": [-67.8344, 347.001, 28.6096], "carpPosition": [-93.4789, 209.346, 62.6418], "dipPosition": [-70.6123, 331.834, 33.7434], "direction": [0.158984, 0.942894, -0.292704], "extended": true, "handId": 116, "id": 1162, "length": 57.9502, "mcpPosition": [-80.417, 268.811, 51.7228], "pipPosition": [-74.5222, 308.645, 40.9419], "stabilizedTipPosition": [-68.4965, 343.598, 29.7753], "timeVisible": 9.77149, "tipPosition": [-66.9998, 343.534, 31.4759], "tipVelocity": [0.171619, -3.3906, 4.24401], "tool": false, "touchDistance": -0.287776, "touchZone": "touching", "type": 2, "width": 17.9281}, {"bases": [[[0.762678, -0.208364, -0.612296], [0.642271, 0.13242, 0.754952], [-0.076225, -0.969046, 0.23482]], [[0.762202, -0.00644964, -0.647307], [0.641304, 0.143746, 0.753701], [0.0881865, -0.989594, 0.113699]], [[0.762202, -0.00644964, -0.647307], [0.63369, 0.211697, 0.744058], [0.132234, -0.977314, 0.165443]], [[0.762202, -0.00644964, -0.647307], [0.63038, 0.234781, 0.739931], [0.147203, -0.972027, 0.183016]]], "btipPosition": [-107.789, 320.975, 27.1764], "carpPosition": [-110.999, 209.874, 48.2518], "dipPosition": [-109.984, 306.485, 29.9046], "direction": [0.132234, 0.977314, -0.165443], "extended": true, "handId": 116, "id": 1164, "length": 43.6839, "mcpPosition": [-114.917, 259.691, 36.1801], "pipPosition": [-112.221, 289.953, 32.7032], "stabilizedTipPosition": [-108.304, 318.112, 27.9308], "timeVisible": 9.77149, "tipPosition": [-107.299, 317.445, 28.0219], "tipVelocity": [-0.396751, -4.57494, -0.431867], "tool": false, "touchDistance": 0.152445, "touchZone": "hovering", "type": 4, "width": 15.1538}], "r": [[0.988611, 0.135327, 0.0658389], [-0.149473, 0.933809, 0.325051], [-0.0174929, -0.33119, 0.943402]], "s": 0.914278, "t": [-63.4307, 64.0871, 82.3702], "timestamp": 8063189102}, {"currentFrameRate": 113.423, "devices": [], "gestures": [], "hands": [{"armBasis": [[0.93861, 0.0869425, -0.333844], [0.2534, 0.48291, 0.838204], [0.234092, -0.871343, 0.431234]], "armWidth": 59.0231, "confidence": 1, "direction": [0.135475, 0.989608, -0.0481866], "elbow": [-158.359, -26.3782, 159.814], "grabAngle": 0.113333, "grabStrength": 0, "id": 116, "palmNormal": [0.336588, -0.0917117, -0.937175], "palmPosition": [-84.6336, 246.688, 48.335], "palmVelocity": [0.943997, -12.3264, 17.6054], "palmWidth": 80.6694, "pinchDistance": 40.7185, "pinchStrength": 0, "r": [[0.988654, 0.135334, 0.0651816], [-0.149258, 0.933915, 0.324844], [-0.0169115, -0.330887, 0.943519]], "s": 0.914425, "sphereCenter": [-22.8412, 238.589, -116.379], "sphereRadius": 180.105, "stabilizedPalmPosition": [-84.6731, 247.178, 48.2478], "t": [63.4345, 64.0458, 82.4054], "timeVisible": 9.77436, "type": "left", "wrist": [-102.323, 182.2, 56.5878]}], "id": 146184, "interactionBox": {"center": [0, 200, 0], "size": [235.247, 235.247, 147.751]}, "pointables": [{"bases": [[[0.649594, 0.319698, 0.689798], [-0.546554, -0.434321, 0.715992], [0.528495, -0.842115, -0.1074]], [[0.615602, 0.371259, 0.695127], [-0.463118, -0.543256, 0.700282], [0.637618, -0.753021, -0.162493]], [[0.615602, 0.371259, 0.695127], [-0.733788, -0.0516292, 0.677414], [0.287385, -0.927093, 0.240642]], [[0.615602, 0.371259, 0.695127], [-0.786199, 0.349864, 0.509397], [-0.054082, -0.860094, 0.50726]]], "btipPosition": [-36.7444, 271.803, 41.6299], "carpPosition": [-72.3422, 193.731, 51.8018], "dipPosition": [-35.6498, 254.394, 51.8971], "direction": [0.287385, 0.927093, -0.240642], "extended": true, "handId": 116, "id": 1160, "length": 45.0726, "mcpPosition": [-72.3422, 193.731, 51.8018], "pipPosition": [-44.124, 227.056, 58.993], "stabilizedTipPosition": [-36.83, 268.495, 43.3803], "timeVisible": 9.77436, "tipPosition": [-37.6833, 268.546, 43.3563], "tipVelocity": [4.48007, -10.0047, 35.723], "tool": false, "touchDistance": 0.138258, "touchZone": "hovering", "type": 0, "width": 19.1104}, {"bases": [[[0.856128, -0.059081, -0.513375], [0.512022, 0.231251, 0.827258], [0.0698434, -0.971098, 0.228232]], [[0.850869, -0.00456819, -0.525358], [0.507466, 0.266027, 0.819578], [0.136016, -0.963955, 0.228672]], [[0.850869, -0.00456819, -0.525358], [0.502248, 0.30051, 0.810827], [0.154172, -0.953768, 0.257989]], [[0.850869, -0.00456819, -0.525358], [0.498164, 0.324675, 0.804002], [0.166898, -0.945815, 0.278531]]], "btipPosition": [-87.6023, 340.644, 25.8374], "carpPosition": [-103.127, 211.332, 58.03], "dipPosition": [-90.2992, 325.361, 30.3381], "direction": [0.154172, 0.953768, -0.257989], "extended": true, "handId": 116, "id": 1163, "length": 55.7206, "mcpPosition": [-99.2486, 265.262, 45.3551], "pipPosition": [-93.9928, 302.511, 36.519], "stabilizedTipPosition": [-88.3185, 337.719, 26.9129], "timeVisible": 9.77436, "tipPosition": [-87.0488, 336.957, 27.4879], "tipVelocity": [18.9438, -18.8316, -2.74282], "tool": false, "touchDistance": 0.154666, "touchZone": "hovering", "type": 3, "width": 17.0597}, {"bases": [[[0.89588, 0.27533, -0.3487], [0.289843, 0.232654, 0.928366], [0.336734, -0.932773, 0.128627]], [[0.954089, 0.00631848, -0.299458], [0.28615, 0.276194, 0.917516], [0.0885056, -0.961081, 0.261705]], [[0.954089, 0.00631848, -0.299458], [0.283148, 0.307026, 0.908604], [0.0976825, -0.95168, 0.291141]], [[0.954089, 0.00631848, -0.299458], [0.276369, 0.366881, 0.888267], [0.115478, -0.930247, 0.34829]]], "btipPosition": [-54.555, 335.69, 35.7745], "carpPosition": [-83.5552, 205.501, 65.1204], "dipPosition": [-56.2613, 321.944, 40.9209], "direction": [0.0976825, 0.95168, -0.291141], "extended": true, "handId": 116, "id": 1161, "length": 50.8594, "mcpPosition": [-61.5917, 266.341, 56.7307], "pipPosition": [-58.3032, 302.051, 47.0069], "stabilizedTipPosition": [-55.1246, 333.415, 36.6534], "timeVisible": 9.77436, "tipPosition": [-55.2202, 332.958, 39.4311], "tipVelocity": [0.620344, -13.9921, 18.8222], "tool": false, "touchDistance": 0.109554, "touchZone": "hovering", "type": 1, "width": 18.2543}, {"bases": [[[0.870512, 0.103055, -0.481237], [0.444452, 0.255317, 0.858647], [0.211356, -0.96135, 0.176453]], [[0.887223, 0.00688172, -0.46129], [0.438963, 0.295043, 0.848682], [0.141941, -0.955459, 0.258748]], [[0.887223, 0.00688172, -0.46129], [0.432806, 0.333782, 0.837418], [0.159733, -0.942625, 0.29316]], [[0.887223, 0.00688172, -0.46129], [0.428173, 0.359994, 0.828898], [0.171766, -0.932929, 0.316448]]], "btipPosition": [-67.7814, 346.95, 28.6354], "carpPosition": [-93.4915, 209.313, 62.6886], "dipPosition": [-70.573, 331.788, 33.7783], "direction": [0.159733, 0.942625, -0.29316], "extended": true, "handId": 116, "id": 1162, "length": 57.9502, "mcpPosition": [-80.4182, 268.776, 51.7742], "pipPosition": [-74.5013, 308.605, 40.9881], "stabilizedTipPosition": [-68.4911, 343.588, 29.7784], "timeVisible": 9.77436, "tipPosition": [-66.9832, 343.496, 31.5254], "tipVelocity": [17.3955, -17.5687, 9.74276], "tool": false, "touchDistance": -0.286914, "touchZone": "touching", "type": 2, "width": 17.9281}, {"bases": [[[0.762009, -0.20847, -0.613092], [0.643093, 0.132538, 0.754231], [-0.0759764, -0.969007, 0.235061]], [[0.761476, -0.00630494, -0.648163], [0.64208, 0.144353, 0.752925], [0.0888169, -0.989506, 0.113969]], [[0.761476, -0.00630494, -0.648163], [0.634373, 0.212634, 0.743207], [0.133136, -0.977111, 0.165916]], [[0.761476, -0.00630494, -0.648163], [0.631034, 0.235771, 0.739059], [0.148158, -0.971788, 0.183512]]], "btipPosition": [-107.725, 320.928, 27.1681], "carpPosition": [-110.996, 209.839, 48.2795], "dipPosition": [-109.933, 306.441, 29.9037], "direction": [0.133136, 0.977112, -0.165916], "extended": true, "handId": 116, "id": 1164, "length": 43.6839, "mcpPosition": [-114.902, 259.654, 36.1954], "pipPosition": [-112.185, 289.913, 32.7102], "stabilizedTipPosition": [-108.301, 318.087, 27.9243], "timeVisible": 9.77436, "tipPosition": [-107.277, 317.406, 28.0354], "tipVelocity": [21.4029, -16.1827, -2.30532], "tool": false, "touchDistance": 0.152335, "touchZone": "hovering", "type": 4, "width": 15.1538}], "r": [[0.988654, 0.135334, 0.0651816], [-0.149258, 0.933915, 0.324844], [-0.0169115, -0.330887, 0.943519]], "s": 0.914425, "t": [-63.4345, 64.0458, 82.4054], "timestamp": 8063191966}, {"currentFrameRate": 114.075, "devices": [], "gestures": [], "hands": [{"armBasis": [[0.938205, 0.0867412, -0.335034], [0.254378, 0.483556, 0.837535], [0.234656, -0.871005, 0.431609]], "armWidth": 59.0231, "confidence": 1, "direction": [0.135817, 0.989574, -0.0479288], "elbow": [-158.528, -26.4794, 159.928], "grabAngle": 0.114084, "grabStrength": 0, "id": 116, "palmNormal": [0.33801, -0.091757, -0.936659], "palmPosition": [-84.6407, 246.5, 48.3816], "palmVelocity": [-0.931017, -24.5895, 6.09796], "palmWidth": 80.6694, "pinchDistance": 40.706, "pinchStrength": 0, "r": [[0.9887, 0.135393, 0.0643517], [-0.149037, 0.933989, 0.324734], [-0.0161371, -0.330655, 0.943614]], "s": 0.914471, "sphereCenter": [-21.7747, 237.908, -117.742], "sphereRadius": 181.797, "stabilizedPalmPosition": [-84.6702, 247.117, 48.2599], "t": [63.4328, 63.9312, 82.4463], "timeVisible": 9.782, "type": "left", "wrist": [-102.357, 182.018, 56.6119]}], "id": 146185, "interactionBox": {"center": [0, 200, 0], "size": [235.247, 235.247, 147.751]}, "pointables": [{"bases": [[[0.650572, 0.31984, 0.68881], [-0.54533, -0.434504, 0.716813], [0.528556, -0.841967, -0.108258]], [[0.616627, 0.371314, 0.694188], [-0.462069, -0.543217, 0.701004], [0.637388, -0.753021, -0.16339]], [[0.616627, 0.371314, 0.694188], [-0.732573, -0.0522624, 0.678679], [0.288283, -0.927035, 0.239788]], [[0.616627, 0.371314, 0.694188], [-0.78553, 0.348546, 0.51133], [-0.0520921, -0.860605, 0.506601]]], "btipPosition": [-36.7146, 271.62, 41.7711], "carpPosition": [-72.369, 193.54, 51.8648], "dipPosition": [-35.6602, 254.201, 52.025], "direction": [0.288283, 0.927035, -0.239788], "extended": true, "handId": 116, "id": 1160, "length": 45.0726, "mcpPosition": [-72.369, 193.54, 51.8648], "pipPosition": [-44.161, 226.865, 59.0957], "stabilizedTipPosition": [-36.8161, 268.46, 43.4094], "timeVisible": 9.782, "tipPosition": [-37.6747, 268.344, 43.4777], "tipVelocity": [2.68698, -24.2229, 18.0714], "tool": false, "touchDistance": 0.14056, "touchZone": "hovering", "type": 0, "width": 19.1104}, {"bases": [[[0.85535, -0.0588248, -0.514699], [0.513236, 0.231349, 0.826478], [0.070458, -0.971091, 0.228076]], [[0.850045, -0.00421002, -0.526693], [0.508577, 0.26668, 0.818676], [0.137012, -0.963776, 0.228831]], [[0.850045, -0.00421002, -0.526693], [0.50326, 0.301544, 0.809816], [0.155412, -0.953443, 0.258444]], [[0.850045, -0.00421002, -0.526693], [0.499127, 0.325793, 0.802952], [0.168212, -0.945432, 0.27904]]], "btipPosition": [-87.5104, 340.439, 25.8371], "carpPosition": [-103.159, 211.149, 58.0463], "dipPosition": [-90.2285, 325.162, 30.3461], "direction": [0.155412, 0.953443, -0.258444], "extended": true, "handId": 116, "id": 1163, "length": 55.7206, "mcpPosition": [-99.2461, 265.079, 45.3801], "pipPosition": [-93.9518, 302.32, 36.5378], "stabilizedTipPosition": [-88.3036, 337.654, 26.9097], "timeVisible": 9.782, "tipPosition": [-87.0039, 336.771, 27.5326], "tipVelocity": [11.3902, -26.5978, 0.209465], "tool": false, "touchDistance": 0.154692, "touchZone": "hovering", "type": 3, "width": 17.0597}, {"bases": [[[0.895266, 0.275589, -0.35007], [0.291214, 0.232687, 0.927929], [0.337184, -0.932688, 0.128061]], [[0.953604, 0.00684047, -0.300987], [0.287472, 0.27632, 0.917064], [0.0894419, -0.961041, 0.261533]], [[0.953604, 0.00684047, -0.300987], [0.284423, 0.307312, 0.90811], [0.0987087, -0.951584, 0.291108]], [[0.953604, 0.00684047, -0.300987], [0.277611, 0.366876, 0.887882], [0.116498, -0.930245, 0.347956]]], "btipPosition": [-54.4985, 335.492, 35.8696], "carpPosition": [-83.5993, 205.312, 65.1667], "dipPosition": [-56.2199, 321.746, 41.0112], "direction": [0.0987087, 0.951584, -0.291108], "extended": true, "handId": 116, "id": 1161, "length": 50.8594, "mcpPosition": [-61.6065, 266.146, 56.8139], "pipPosition": [-58.2832, 301.855, 47.0964], "stabilizedTipPosition": [-55.1173, 333.38, 36.6661], "timeVisible": 9.782, "tipPosition": [-55.1899, 332.762, 39.5241], "tipVelocity": [6.94016, -25.9163, 12.3009], "tool": false, "touchDistance": 0.111121, "touchZone": "hovering", "type": 1, "width": 18.2543}, {"bases": [[[0.86974, 0.103313, -0.482575], [0.445709, 0.255395, 0.857973], [0.211887, -0.961301, 0.17608]], [[0.886468, 0.0074544, -0.462731], [0.440124, 0.295504, 0.84792], [0.14306, -0.955312, 0.258674]], [[0.886468, 0.0074544, -0.462731], [0.433857, 0.334606, 0.836544], [0.161068, -0.942329, 0.293383]], [[0.886468, 0.0074544, -0.462731], [0.429154, 0.360986, 0.827959], [0.173211, -0.932542, 0.316803]]], "btipPosition": [-67.6849, 346.741, 28.6814], "carpPosition": [-93.5309, 209.126, 62.7197], "dipPosition": [-70.5, 331.585, 33.8302], "direction": [0.161068, 0.942329, -0.293383], "extended": true, "handId": 116, "id": 1162, "length": 57.9502, "mcpPosition": [-80.4247, 268.587, 51.8284], "pipPosition": [-74.4611, 308.41, 41.0454], "stabilizedTipPosition": [-68.4584, 343.519, 29.7964], "timeVisible": 9.782, "tipPosition": [-66.9433, 343.304, 31.5977], "tipVelocity": [11.9167, -27.1495, 6.19877], "tool": false, "touchDistance": -0.285845, "touchZone": "touching", "type": 2, "width": 17.9281}, {"bases": [[[0.761118, -0.208234, -0.614278], [0.644222, 0.132675, 0.753244], [-0.0753517, -0.969039, 0.23513]], [[0.760475, -0.00606074, -0.649339], [0.643148, 0.145094, 0.75187], [0.0896585, -0.989399, 0.114239]], [[0.760475, -0.00606074, -0.649339], [0.63534, 0.213662, 0.742086], [0.134241, -0.976889, 0.166335]], [[0.760475, -0.00606074, -0.649339], [0.631964, 0.236856, 0.737916], [0.149327, -0.971526, 0.183953]]], "btipPosition": [-107.648, 320.738, 27.1467], "carpPosition": [-111.013, 209.658, 48.2836], "dipPosition": [-109.874, 306.255, 29.8889], "direction": [0.134241, 0.976889, -0.166335], "extended": true, "handId": 116, "id": 1164, "length": 43.6839, "mcpPosition": [-114.886, 259.475, 36.196], "pipPosition": [-112.145, 289.731, 32.7025], "stabilizedTipPosition": [-108.283, 318.002, 27.906], "timeVisible": 9.782, "tipPosition": [-107.237, 317.226, 28.0497], "tipVelocity": [9.55324, -24.7571, -2.59836], "tool": false, "touchDistance": 0.152004, "touchZone": "hovering", "type": 4, "width": 15.1538}], "r": [[0.9887, 0.135393, 0.0643517], [-0.149037, 0.933989, 0.324734], [-0.0161371, -0.330655, 0.943614]], "s": 0.914471, "t": [-63.4328, 63.9312, 82.4463], "timestamp": 8063199610}, {"currentFrameRate": 114.046, "devices": [], "gestures": [], "hands": [{"armBasis": [[0.938104, 0.0871936, -0.335198], [0.254268, 0.483765, 0.837448], [0.235177, -0.870844, 0.431651]], "armWidth": 59.0231, "confidence": 1, "direction": [0.135626, 0.989611, -0.047708], "elbow": [-158.632, -26.5554, 159.984], "grabAngle": 0.11457, "grabStrength": 0, "id": 116, "palmNormal": [0.337954, -0.091474, -0.936707], "palmPosition": [-84.6261, 246.389, 48.4379], "palmVelocity": [1.66296, -12.6249, 6.38187], "palmWidth": 80.6694, "pinchDistance": 40.7057, "pinchStrength": 0, "r": [[0.988741, 0.135399, 0.0637096], [-0.14883, 0.934038, 0.324687], [-0.0155448, -0.330513, 0.943673]], "s": 0.914447, "sphereCenter": [-21.3218, 237.594, -118.493], "sphereRadius": 182.703, "stabilizedPalmPosition": [-84.6659, 247.045, 48.2774], "t": [63.4393, 63.8182, 82.4948], "timeVisible": 9.79082, "type": "left", "wrist": [-102.337, 181.903, 56.657]}], "id": 146186, "interactionBox": {"center": [0, 200, 0], "size": [235.247, 235.247, 147.751]}, "pointables": [{"bases": [[[0.650578, 0.319555, 0.688935], [-0.545469, -0.434568, 0.716669], [0.528405, -0.842042, -0.108413]], [[0.616745, 0.370887, 0.694311], [-0.462252, -0.543291, 0.700827], [0.637141, -0.753178, -0.163629]], [[0.616745, 0.370887, 0.694311], [-0.732484, -0.0525961, 0.67875], [0.288258, -0.927187, 0.239231]], [[0.616745, 0.370887, 0.694311], [-0.785472, 0.347751, 0.51196], [-0.051568, -0.861111, 0.505796]]], "btipPosition": [-36.6907, 271.532, 41.8574], "carpPosition": [-72.344, 193.43, 51.9077], "dipPosition": [-35.647, 254.102, 52.0949], "direction": [0.288258, 0.927187, -0.239231], "extended": true, "handId": 116, "id": 1160, "length": 45.0726, "mcpPosition": [-72.344, 193.43, 51.9077], "pipPosition": [-44.1469, 226.762, 59.1492], "stabilizedTipPosition": [-36.801, 268.422, 43.4425], "timeVisible": 9.79082, "tipPosition": [-37.6622, 268.242, 43.5368], "tipVelocity": [2.43313, -10.2635, 9.35676], "tool": false, "touchDistance": 0.141936, "touchZone": "hovering", "type": 0, "width": 19.1104}, {"bases": [[[0.85538, -0.0588665, -0.514646], [0.513215, 0.231059, 0.826572], [0.0702562, -0.971157, 0.227854]], [[0.850082, -0.00421467, -0.526634], [0.508527, 0.266643, 0.81872], [0.136972, -0.963786, 0.228811]], [[0.850082, -0.00421467, -0.526634], [0.503137, 0.301959, 0.809737], [0.155609, -0.953312, 0.25881]], [[0.850082, -0.00421467, -0.526634], [0.498981, 0.326305, 0.802834], [0.16846, -0.945255, 0.279489]]], "btipPosition": [-87.4923, 340.32, 25.8836], "carpPosition": [-103.137, 211.032, 58.0957], "dipPosition": [-90.2144, 325.046, 30.3998], "direction": [0.155609, 0.953312, -0.25881], "extended": true, "handId": 116, "id": 1163, "length": 55.7206, "mcpPosition": [-99.2352, 264.965, 45.4418], "pipPosition": [-93.9424, 302.207, 36.6004], "stabilizedTipPosition": [-88.2864, 337.576, 26.9109], "timeVisible": 9.79082, "tipPosition": [-87.0107, 336.664, 27.6084], "tipVelocity": [1.95165, -13.421, 5.46219], "tool": false, "touchDistance": 0.155495, "touchZone": "hovering", "type": 3, "width": 17.0597}, {"bases": [[[0.895346, 0.275501, -0.349935], [0.291185, 0.232415, 0.928006], [0.336997, -0.932782, 0.12787]], [[0.953633, 0.00667869, -0.300899], [0.287473, 0.275847, 0.917206], [0.0891279, -0.961178, 0.261137]], [[0.953633, 0.00667869, -0.300899], [0.284436, 0.306833, 0.908268], [0.0983917, -0.95174, 0.290706]], [[0.953633, 0.00667869, -0.300899], [0.277653, 0.366338, 0.888091], [0.116162, -0.930458, 0.347497]]], "btipPosition": [-54.5101, 335.394, 35.9586], "carpPosition": [-83.5755, 205.197, 65.2132], "dipPosition": [-56.2266, 321.646, 41.0934], "direction": [0.0983917, 0.95174, -0.290706], "extended": true, "handId": 116, "id": 1161, "length": 50.8594, "mcpPosition": [-61.5949, 266.037, 56.8729], "pipPosition": [-58.2833, 301.751, 47.1702], "stabilizedTipPosition": [-55.1099, 333.34, 36.6827], "timeVisible": 9.79082, "tipPosition": [-55.192, 332.658, 39.5956], "tipVelocity": [-1.19239, -11.1326, 9.91195], "tool": false, "touchDistance": 0.112578, "touchZone": "hovering", "type": 1, "width": 18.2543}, {"bases": [[[0.869797, 0.103261, -0.482483], [0.44569, 0.25511, 0.858067], [0.211692, -0.961382, 0.175871]], [[0.88649, 0.00751632, -0.462688], [0.440099, 0.295288, 0.848008], [0.143, -0.955379, 0.258461]], [[0.88649, 0.00751632, -0.462688], [0.433776, 0.334738, 0.836534], [0.161167, -0.942281, 0.293482]], [[0.88649, 0.00751632, -0.462688], [0.429046, 0.361246, 0.827902], [0.173367, -0.93244, 0.317016]]], "btipPosition": [-67.6717, 346.629, 28.7455], "carpPosition": [-93.508, 209.01, 62.768], "dipPosition": [-70.4893, 331.475, 33.8977], "direction": [0.161167, 0.942281, -0.293482], "extended": true, "handId": 116, "id": 1162, "length": 57.9502, "mcpPosition": [-80.4139, 268.476, 51.8895], "pipPosition": [-74.4529, 308.302, 41.1153], "stabilizedTipPosition": [-68.4262, 343.432, 29.8276], "timeVisible": 9.79082, "tipPosition": [-66.9504, 343.2, 31.6726], "tipVelocity": [1.43227, -12.5878, 7.35818], "tool": false, "touchDistance": -0.28462, "touchZone": "touching", "type": 2, "width": 17.9281}, {"bases": [[[0.761127, -0.208235, -0.614267], [0.644188, 0.132377, 0.753325], [-0.0755536, -0.969079, 0.234898]], [[0.760519, -0.00598671, -0.649288], [0.643083, 0.145154, 0.751914], [0.089745, -0.989391, 0.114242]], [[0.760519, -0.00598671, -0.649288], [0.635221, 0.214072, 0.742069], [0.134552, -0.9768, 0.166609]], [[0.760519, -0.00598671, -0.649288], [0.631822, 0.23737, 0.737873], [0.149704, -0.971401, 0.184307]]], "btipPosition": [-107.623, 320.62, 27.1984], "carpPosition": [-110.991, 209.542, 48.3333], "dipPosition": [-109.855, 306.139, 29.9459], "direction": [0.134552, 0.976799, -0.166609], "extended": true, "handId": 116, "id": 1164, "length": 43.6839, "mcpPosition": [-114.875, 259.36, 36.2577], "pipPosition": [-112.131, 289.616, 32.7641], "stabilizedTipPosition": [-108.263, 317.906, 27.8958], "timeVisible": 9.79082, "tipPosition": [-107.239, 317.116, 28.1237], "tipVelocity": [2.6618, -13.3144, 5.99645], "tool": false, "touchDistance": 0.152885, "touchZone": "hovering", "type": 4, "width": 15.1538}], "r": [[0.988741, 0.135399, 0.0637096], [-0.14883, 0.934038, 0.324687], [-0.0155448, -0.330513, 0.943673]], "s": 0.914447, "t": [-63.4393, 63.8182, 82.4948], "timestamp": 8063208429}, {"currentFrameRate": 114.362, "devices": [], "gestures": [], "hands": [{"armBasis": [[0.938482, 0.0884185, -0.333818], [0.252426, 0.484016, 0.83786], [0.235656, -0.870581, 0.431921]], "armWidth": 59.0231, "confidence": 1, "direction": [0.135454, 0.989672, -0.0469219], "elbow": [-158.717, -26.7802, 160.069], "grabAngle": 0.115798, "grabStrength": 0, "id": 116, "palmNormal": [0.33624, -0.0904649, -0.937421], "palmPosition": [-84.6028, 246.107, 48.4853], "palmVelocity": [2.83291, -34.4384, 5.7821], "palmWidth": 80.6694, "pinchDistance": 40.7019, "pinchStrength": 0, "r": [[0.988752, 0.135374, 0.0635875], [-0.148767, 0.934013, 0.32479], [-0.0154234, -0.330597, 0.943646]], "s": 0.914438, "sphereCenter": [-20.5855, 236.922, -120.318], "sphereRadius": 184.694, "stabilizedPalmPosition": [-84.66, 246.958, 48.2968], "t": [63.4542, 63.6205, 82.5429], "timeVisible": 9.79902, "type": "left", "wrist": [-102.306, 181.615, 56.6774]}], "id": 146187, "interactionBox": {"center": [0, 200, 0], "size": [235.247, 235.247, 147.751]}, "pointables": [{"bases": [[[0.649339, 0.318778, 0.690463], [-0.546821, -0.43527, 0.715211], [0.528531, -0.841974, -0.108323]], [[0.615633, 0.369915, 0.695815], [-0.463468, -0.544157, 0.69935], [0.637333, -0.753031, -0.163557]], [[0.615633, 0.369915, 0.695815], [-0.733437, -0.05397, 0.677612], [0.288212, -0.927497, 0.238084]], [[0.615633, 0.369915, 0.695815], [-0.786349, 0.346058, 0.51176], [-0.0514845, -0.86221, 0.503928]]], "btipPosition": [-36.6478, 271.272, 41.8953], "carpPosition": [-72.3099, 193.145, 51.8772], "dipPosition": [-35.6057, 253.82, 52.095], "direction": [0.288212, 0.927496, -0.238084], "extended": true, "handId": 116, "id": 1160, "length": 45.0726, "mcpPosition": [-72.3099, 193.145, 51.8772], "pipPosition": [-44.1043, 226.471, 59.1155], "stabilizedTipPosition": [-36.7838, 268.371, 43.4776], "timeVisible": 9.79902, "tipPosition": [-37.6452, 267.966, 43.5235], "tipVelocity": [5.19001, -32.3417, 3.56154], "tool": false, "touchDistance": 0.142423, "touchZone": "hovering", "type": 0, "width": 19.1104}, {"bases": [[[0.856319, -0.0584025, -0.513135], 