{"frames": 84, "data": [{"currentFrameRate": 113.446, "devices": [], "gestures": [], "hands": [{"armBasis": [[0.719969, -0.0743429, -0.690013], [0.446999, 0.810227, 0.37911], [0.530883, -0.581383, 0.616569]], "armWidth": 59.0231, "confidence": 1, "direction": [0.157979, 0.970506, -0.1821], "elbow": [-72.79, -41.8594, 195.175], "grabAngle": 0.114569, "grabStrength": 0, "id": 120, "palmNormal": [0.719962, -0.239421, -0.651407], "palmPosition": [76.2085, 158.884, 33.1975], "palmVelocity": [-74.8685, 5.79685, 3.79898], "palmWidth": 80.6694, "pinchDistance": 53.9495, "pinchStrength": 0, "r": [[0.761522, -0.620055, -0.188724], [0.616175, 0.782909, -0.0859192], [0.201028, -0.0508578, 0.978264]], "s": 1.00952, "sphereCenter": [80.0276, 188.197, 6.83376], "sphereRadius": 48.9075, "stabilizedPalmPosition": [68.3362, 161.587, 40.5986], "t": [171.471, 25.6303, 24.3732], "timeVisible": 1.69976, "type": "left", "wrist": [54.2902, 97.3092, 47.5838]}], "id": 150925, "interactionBox": {"center": [0, 200, 0], "size": [235.247, 235.247, 147.751]}, "pointables": [{"bases": [[[0.885064, 0.392176, 0.250717], [-0.160244, -0.24899, 0.955158], [0.437016, -0.885552, -0.157528]], [[0.804885, 0.527187, 0.27246], [-0.11215, -0.315721, 0.942201], [0.582737, -0.78892, -0.194995]], [[0.804885, 0.527187, 0.27246], [-0.414931, 0.17172, 0.893502], [0.424256, -0.832218, 0.35696]], [[0.804885, 0.527187, 0.27246], [-0.562877, 0.532799, 0.631898], [0.187962, -0.661966, 0.725583]]], "btipPosition": [126.919, 181.476, 35.7816], "carpPosition": [84.8154, 108.623, 52.3639], "dipPosition": [123.115, 168.078, 50.4677], "direction": [0.424255, 0.832218, -0.35696], "extended": false, "handId": 120, "id": 1200, "length": 45.0726, "mcpPosition": [84.8154, 108.623, 52.3639], "pipPosition": [110.605, 143.538, 60.9936], "stabilizedTipPosition": [125.166, 181.347, 42.8815], "timeVisible": 1.69976, "tipPosition": [124.49, 178.23, 36.2986], "tipVelocity": [-77.0679, 12.6496, 8.24744], "tool": false, "touchDistance": 0.077784, "touchZone": "hovering", "type": 0, "width": 19.1104}, {"bases": [[[0.535416, -0.220106, -0.815404], [0.825214, 0.341935, 0.449558], [0.179865, -0.913583, 0.364712]], [[0.515269, -0.129744, -0.847151], [0.831877, 0.313432, 0.457976], [0.206105, -0.940705, 0.269433]], [[0.515269, -0.129744, -0.847151], [0.817604, 0.370772, 0.440513], [0.256946, -0.919617, 0.297126]], [[0.515269, -0.129744, -0.847151], [0.799176, 0.429755, 0.420271], [0.30954, -0.893575, 0.325128]]], "btipPosition": [83.8969, 248.208, -2.40831], "carpPosition": [54.7864, 124.651, 40.6293], "dipPosition": [78.8951, 233.769, 2.84535], "direction": [0.256946, 0.919617, -0.297126], "extended": true, "handId": 120, "id": 1203, "length": 55.7206, "mcpPosition": [64.7752, 175.387, 20.375], "pipPosition": [72.7392, 211.737, 9.96387], "stabilizedTipPosition": [74.6297, 247.792, 9.04377], "timeVisible": 1.69976, "tipPosition": [84.48, 242.881, -4.78175], "tipVelocity": [-85.2975, 2.64609, -9.09071], "tool": false, "touchDistance": 0.0173515, "touchZone": "hovering", "type": 3, "width": 17.0597}, {"bases": [[[0.408876, -0.377815, -0.830708], [0.911072, 0.221472, 0.347704], [0.0526112, -0.899003, 0.434772]], [[0.386515, -0.165586, -0.907297], [0.915936, 0.184133, 0.35659], [0.108016, -0.968853, 0.222837]], [[0.386515, -0.165586, -0.907297], [0.902993, 0.268093, 0.335753], [0.187643, -0.949056, 0.253145]], [[0.386515, -0.165586, -0.907297], [0.892824, 0.313828, 0.323075], [0.231238, -0.934929, 0.269139]]], "btipPosition": [64.7385, 226.589, -8.52901], "carpPosition": [52.1095, 120.755, 28.9303], "dipPosition": [61.2914, 212.652, -4.51691], "direction": [0.187643, 0.949056, -0.253145], "extended": true, "handId": 120, "id": 1204, "length": 43.6839, "mcpPosition": [54.8142, 166.971, 6.57951], "pipPosition": [58.1173, 196.598, -0.234877], "stabilizedTipPosition": [64.3366, 225.863, -4.0943], "timeVisible": 1.69976, "tipPosition": [65.7777, 221.579, -11.5383], "tipVelocity": [-79.467, -3.70693, -15.3256], "tool": false, "touchDistance": -0.311228, "touchZone": "touching", "type": 4, "width": 15.1538}, {"bases": [[[0.639675, 0.135154, -0.75667], [0.672063, 0.379396, 0.635916], [0.373024, -0.91531, 0.151858]], [[0.711302, -0.0920112, -0.696838], [0.670518, 0.386214, 0.633439], [0.210846, -0.917808, 0.33641]], [[0.711302, -0.0920112, -0.696838], [0.652427, 0.455281, 0.605853], [0.261512, -0.885581, 0.383873]], [[0.711302, -0.0920112, -0.696838], [0.633834, 0.512486, 0.57932], [0.303816, -0.853752, 0.422852]]], "btipPosition": [111.121, 246.709, 19.985], "carpPosition": [69.0009, 121.779, 56.6621], "dipPosition": [106.632, 234.094, 26.2332], "direction": [0.261512, 0.885581, -0.383873], "extended": true, "handId": 120, "id": 1201, "length": 50.8594, "mcpPosition": [93.3314, 181.48, 46.7572], "pipPosition": [101.166, 215.582, 34.2576], "stabilizedTipPosition": [104.313, 246.487, 33.3402], "timeVisible": 1.69976, "tipPosition": [111.951, 242.24, 20.1616], "tipVelocity": [-91.8742, 16.077, 11.208], "tool": false, "touchDistance": 0.00723358, "touchZone": "hovering", "type": 1, "width": 18.2543}, {"bases": [[[0.560185, -0.0564217, -0.826444], [0.778559, 0.376596, 0.502017], [0.282911, -0.924658, 0.254891]], [[0.574952, -0.107393, -0.811109], [0.785363, 0.350417, 0.510306], [0.229423, -0.930417, 0.285815]], [[0.574952, -0.107393, -0.811109], [0.767202, 0.415245, 0.488849], [0.28431, -0.903349, 0.321138]], [[0.574952, -0.107393, -0.811109], [0.744555, 0.479684, 0.464264], [0.339217, -0.870844, 0.355755]]], "btipPosition": [100.842, 256.638, 8.01092], "carpPosition": [61.2735, 124.289, 49.3711], "dipPosition": [95.3285, 242.485, 13.7927], "direction": [0.28431, 0.903349, -0.321138], "extended": true, "handId": 120, "id": 1202, "length": 57.9502, "mcpPosition": [78.7728, 181.484, 33.6049], "pipPosition": [88.3365, 220.269, 21.6905], "stabilizedTipPosition": [97.9616, 255.951, 15.4833], "timeVisible": 1.69976, "tipPosition": [101.888, 250.791, 6.11021], "tipVelocity": [-89.15, 8.80811, -0.956302], "tool": false, "touchDistance": -0.312746, "touchZone": "touching", "type": 2, "width": 17.9281}], "r": [[0.761522, -0.620055, -0.188724], [0.616175, 0.782909, -0.0859192], [0.201028, -0.0508578, 0.978264]], "s": 1.00952, "t": [-171.471, 25.6303, 24.3732], "timestamp": 8104998689}, {"currentFrameRate": 113.587, "devices": [], "gestures": [], "hands": [{"armBasis": [[0.717478, -0.0764524, -0.692373], [0.451799, 0.80761, 0.379004], [0.530191, -0.584741, 0.613983]], "armWidth": 59.0231, "confidence": 1, "direction": [0.158241, 0.970118, -0.183935], "elbow": [-73.4078, -42.6781, 194.642], "grabAngle": 0.113452, "grabStrength": 0, "id": 120, "palmNormal": [0.722047, -0.240752, -0.648604], "palmPosition": [75.4184, 158.872, 33.2363], "palmVelocity": [-92.2803, -1.36238, 4.53598], "palmWidth": 80.6694, "pinchDistance": 54.2045, "pinchStrength": 0, "r": [[0.76099, -0.620595, -0.189091], [0.616279, 0.782573, -0.0882038], [0.202717, -0.0494108, 0.97799]], "s": 1.01018, "sphereCenter": [78.0646, 188.809, 7.90017], "sphereRadius": 48.5935, "stabilizedPalmPosition": [68.4865, 161.529, 40.4424], "t": [170.812, 25.6359, 24.3868], "timeVisible": 1.70832, "type": "left", "wrist": [53.5069, 97.2943, 47.6699]}], "id": 150926, "interactionBox": {"center": [0, 200, 0], "size": [235.247, 235.247, 147.751]}, "pointables": [{"bases": [[[0.885957, 0.392495, 0.24704], [-0.157367, -0.246651, 0.956242], [0.436252, -0.886065, -0.156756]], [[0.805212, 0.528543, 0.268843], [-0.109956, -0.312427, 0.943557], [0.582704, -0.789324, -0.193453]], [[0.805212, 0.528543, 0.268843], [-0.412958, 0.174448, 0.893887], [0.425558, -0.830789, 0.358733]], [[0.805212, 0.528543, 0.268843], [-0.561688, 0.534474, 0.63154], [0.190106, -0.65953, 0.727241]]], "btipPosition": [126.166, 181.44, 35.8132], "carpPosition": [83.9816, 108.661, 52.5496], "dipPosition": [122.318, 168.09, 50.5329], "direction": [0.425558, 0.830789, -0.358733], "extended": false, "handId": 120, "id": 1200, "length": 45.0726, "mcpPosition": [83.9816, 108.661, 52.5496], "pipPosition": [109.77, 143.593, 61.111], "stabilizedTipPosition": [125.169, 181.246, 42.7556], "timeVisible": 1.70832, "tipPosition": [123.698, 178.242, 36.4633], "tipVelocity": [-89.1705, -2.93246, 4.59049], "tool": false, "touchDistance": 0.0784391, "touchZone": "hovering", "type": 0, "width": 19.1104}, {"bases": [[[0.532825, -0.222227, -0.816525], [0.826706, 0.342749, 0.446185], [0.180708, -0.912764, 0.366341]], [[0.51264, -0.132067, -0.848386], [0.833424, 0.314079, 0.454707], [0.206408, -0.940166, 0.271078]], [[0.51264, -0.132067, -0.848386], [0.819291, 0.370809, 0.437336], [0.256831, -0.919271, 0.298293]], [[0.51264, -0.132067, -0.848386], [0.800944, 0.429548, 0.417106], [0.309336, -0.893335, 0.325982]]], "btipPosition": [83.1471, 248.129, -2.54959], "carpPosition": [53.984, 124.651, 40.6838], "dipPosition": [78.1486, 233.694, 2.71788], "direction": [0.256831, 0.919271, -0.298293], "extended": true, "handId": 120, "id": 1203, "length": 55.7206, "mcpPosition": [64.0196, 175.341, 20.3391], "pipPosition": [71.9954, 211.67, 9.86437], "stabilizedTipPosition": [74.7269, 247.753, 8.90676], "timeVisible": 1.70832, "tipPosition": [83.7763, 242.786, -4.90825], "tipVelocity": [-87.4883, -9.12898, -16.1299], "tool": false, "touchDistance": 0.0150498, "touchZone": "hovering", "type": 3, "width": 17.0597}, {"bases": [[[0.406189, -0.379933, -0.83106], [0.912211, 0.222016, 0.344354], [0.0536768, -0.897976, 0.436759]], [[0.383762, -0.168583, -0.907913], [0.917133, 0.184226, 0.353452], [0.107675, -0.968319, 0.225312]], [[0.383762, -0.168583, -0.907913], [0.904264, 0.267893, 0.332477], [0.187173, -0.948585, 0.255251]], [[0.383762, -0.168583, -0.907913], [0.89417, 0.313389, 0.319762], [0.230624, -0.934541, 0.271009]]], "btipPosition": [64.0007, 226.477, -8.71464], "carpPosition": [51.3446, 120.725, 28.9861], "dipPosition": [60.5628, 212.545, -4.67467], "direction": [0.187173, 0.948585, -0.255251], "extended": true, "handId": 120, "id": 1204, "length": 43.6839, "mcpPosition": [54.104, 166.888, 6.53306], "pipPosition": [57.3967, 196.5, -0.357025], "stabilizedTipPosition": [64.2739, 225.719, -4.29969], "timeVisible": 1.70832, "tipPosition": [65.0993, 221.464, -11.6666], "tipVelocity": [-85.9208, -12.9617, -20.932], "tool": false, "touchDistance": -0.311127, "touchZone": "touching", "type": 4, "width": 15.1538}, {"bases": [[[0.637374, 0.133139, -0.758965], [0.674143, 0.380705, 0.632925], [0.373209, -0.915062, 0.152897]], [[0.708909, -0.0929891, -0.699143], [0.672802, 0.38659, 0.630782], [0.211626, -0.917552, 0.336621]], [[0.708909, -0.0929891, -0.699143], [0.654707, 0.455428, 0.603278], [0.262311, -0.885403, 0.383738]], [[0.708909, -0.0929891, -0.699143], [0.636141, 0.512383, 0.576878], [0.304586, -0.853707, 0.422387]]], "btipPosition": [110.339, 246.722, 20.0244], "carpPosition": [68.1498, 121.822, 56.7674], "dipPosition": [105.839, 234.107, 26.2658], "direction": [0.262311, 0.885403, -0.383738], "extended": true, "handId": 120, "id": 1201, "length": 50.8594, "mcpPosition": [92.4923, 181.506, 46.7947], "pipPosition": [100.355, 215.599, 34.2873], "stabilizedTipPosition": [104.41, 246.436, 33.1098], "timeVisible": 1.70832, "tipPosition": [111.162, 242.219, 20.1208], "tipVelocity": [-91.6449, 1.44916, 4.41795], "tool": false, "touchDistance": 0.00786402, "touchZone": "hovering", "type": 1, "width": 18.2543}, {"bases": [[[0.55761, -0.0585779, -0.828034], [0.780224, 0.37755, 0.498705], [0.283411, -0.924134, 0.25623]], [[0.57232, -0.109194, -0.812728], [0.787145, 0.351008, 0.507145], [0.229897, -0.929984, 0.28684]], [[0.57232, -0.109194, -0.812728], [0.769038, 0.415511, 0.485727], [0.284659, -0.90301, 0.32178]], [[0.57232, -0.109194, -0.812728], [0.746414, 0.47979, 0.461159], [0.339583, -0.870562, 0.356097]]], "btipPosition": [100.077, 256.597, 7.93947], "carpPosition": [60.4441, 124.312, 49.4465], "dipPosition": [94.5585, 242.449, 13.7268], "direction": [0.284659, 0.90301, -0.32178], "extended": true, "handId": 120, "id": 1202, "length": 57.9502, "mcpPosition": [77.9744, 181.474, 33.5975], "pipPosition": [87.5579, 220.241, 21.6404], "stabilizedTipPosition": [98.0059, 255.814, 15.1578], "timeVisible": 1.70832, "tipPosition": [101.145, 250.732, 6.02012], "tipVelocity": [-89.3973, -4.65313, -8.19616], "tool": false, "touchDistance": -0.310857, "touchZone": "touching", "type": 2, "width": 17.9281}], "r": [[0.76099, -0.620595, -0.189091], [0.616279, 0.782573, -0.0882038], [0.202717, -0.0494108, 0.97799]], "s": 1.01018, "t": [-170.812, 25.6359, 24.3868], "timestamp": 8105007251}, {"currentFrameRate": 113.592, "devices": [], "gestures": [], "hands": [{"armBasis": [[0.715156, -0.0782776, -0.694567], [0.456556, 0.804746, 0.379395], [0.529252, -0.588436, 0.611257]], "armWidth": 59.0231, "confidence": 1, "direction": [0.15708, 0.970272, -0.184115], "elbow": [-74.0109, -43.5836, 194.046], "grabAngle": 0.112297, "grabStrength": 0, "id": 120, "palmNormal": [0.724283, -0.239918, -0.646416], "palmPosition": [74.5026, 158.901, 33.3372], "palmVelocity": [-104.124, 3.24284, 11.4699], "palmWidth": 80.6694, "pinchDistance": 54.5042, "pinchStrength": 0, "r": [[0.760242, -0.621316, -0.189731], [0.61658, 0.782076, -0.0904785], [0.2046, -0.0481987, 0.977658]], "s": 1.01098, "sphereCenter": [75.7886, 189.573, 9.15446], "sphereRadius": 48.3311, "stabilizedPalmPosition": [68.652, 161.457, 40.2469], "t": [170.025, 25.653, 24.4441], "timeVisible": 1.71711, "type": "left", "wrist": [52.6789, 97.2732, 47.7266]}], "id": 150927, "interactionBox": {"center": [0, 200, 0], "size": [235.247, 235.247, 147.751]}, "pointables": [{"bases": [[[0.887325, 0.391119, 0.244295], [-0.155104, -0.245766, 0.956839], [0.434278, -0.886919, -0.15741]], [[0.806102, 0.528425, 0.266396], [-0.108534, -0.310512, 0.944353], [0.581739, -0.790158, -0.192953]], [[0.806102, 0.528425, 0.266396], [-0.41102, 0.176077, 0.89446], [0.425749, -0.830521, 0.359129]], [[0.806102, 0.528425, 0.266396], [-0.559995, 0.535607, 0.632085], [0.191326, -0.658705, 0.727669]]], "btipPosition": [125.27, 181.508, 35.928], "carpPosition": [83.0982, 108.716, 52.7069], "dipPosition": [121.398, 168.175, 50.6563], "direction": [0.425749, 0.830521, -0.359129], "extended": false, "handId": 120, "id": 1200, "length": 45.0726, "mcpPosition": [83.0982, 108.716, 52.7069], "pipPosition": [108.843, 143.685, 61.2461], "stabilizedTipPosition": [125.137, 181.131, 42.6146], "timeVisible": 1.71711, "tipPosition": [122.754, 178.357, 36.7112], "tipVelocity": [-102.492, 8.17756, 13.2789], "tool": false, "touchDistance": 0.0808805, "touchZone": "hovering", "type": 0, "width": 19.1104}, {"bases": [[[0.530142, -0.223671, -0.817876], [0.828548, 0.341603, 0.443638], [0.18016, -0.912841, 0.366421]], [[0.510095, -0.133783, -0.84965], [0.835284, 0.31271, 0.452232], [0.205194, -0.94038, 0.271259]], [[0.510095, -0.133783, -0.84965], [0.821399, 0.368814, 0.435062], [0.255159, -0.919825, 0.29802]], [[0.510095, -0.133783, -0.84965], [0.803227, 0.427386, 0.41493], [0.307618, -0.894116, 0.325466]]], "btipPosition": [82.1244, 248.163, -2.48341], "carpPosition": [53.1065, 124.647, 40.7465], "dipPosition": [77.1537, 233.716, 2.77572], "direction": [0.255159, 0.919825, -0.29802], "extended": true, "handId": 120, "id": 1203, "length": 55.7206, "mcpPosition": [63.1117, 175.341, 20.3973], "pipPosition": [71.0406, 211.679, 9.91565], "stabilizedTipPosition": [74.8466, 247.697, 8.71194], "timeVisible": 1.71711, "tipPosition": [82.8165, 242.811, -4.82575], "tipVelocity": [-115.552, 3.61203, 7.30667], "tool": false, "touchDistance": 0.0209988, "touchZone": "hovering", "type": 3, "width": 17.0597}, {"bases": [[[0.403194, -0.381167, -0.831953], [0.913558, 0.220657, 0.341646], [0.0533524, -0.897787, 0.437186]], [[0.381055, -0.170765, -0.908645], [0.918478, 0.182389, 0.350901], [0.105805, -0.968284, 0.226344]], [[0.381055, -0.170765, -0.908645], [0.905834, 0.265715, 0.329939], [0.185098, -0.948807, 0.255937]], [[0.381055, -0.170765, -0.908645], [0.895892, 0.311005, 0.317258], [0.228416, -0.934941, 0.271497]]], "btipPosition": [63.0211, 226.46, -8.72918], "carpPosition": [50.5068, 120.709, 29.0439], "dipPosition": [59.6161, 212.523, -4.68194], "direction": [0.185098, 0.948807, -0.255937], "extended": true, "handId": 120, "id": 1204, "length": 43.6839, "mcpPosition": [53.2496, 166.863, 6.56897], "pipPosition": [56.4851, 196.473, -0.352684], "stabilizedTipPosition": [64.1133, 225.525, -4.57556], "timeVisible": 1.71711, "tipPosition": [64.1924, 221.454, -11.6167], "tipVelocity": [-110.521, -2.06674, -1.46349], "tool": false, "touchDistance": -0.308541, "touchZone": "touching", "type": 4, "width": 15.1538}, {"bases": [[[0.635467, 0.13155, -0.760839], [0.676577, 0.379943, 0.630782], [0.372055, -0.915608, 0.152437]], [[0.706568, -0.0937259, -0.701411], [0.675476, 0.384782, 0.629027], [0.210934, -0.918237, 0.335184]], [[0.706568, -0.0937259, -0.701411], [0.657455, 0.45358, 0.601679], [0.261753, -0.886273, 0.382106]], [[0.706568, -0.0937259, -0.701411], [0.638975, 0.510441, 0.575466], [0.304093, -0.85479, 0.42055]]], "btipPosition": [109.302, 246.848, 20.2733], "carpPosition": [67.2319, 121.853, 56.8716], "dipPosition": [104.808, 234.217, 26.4875], "direction": [0.261753, 0.886273, -0.382106], "extended": true, "handId": 120, "id": 1201, "length": 50.8594, "mcpPosition": [91.4992, 181.573, 46.9289], "pipPosition": [99.3366, 215.691, 34.4749], "stabilizedTipPosition": [104.509, 246.371, 32.8144], "timeVisible": 1.71711, "tipPosition": [110.125, 242.313, 20.2789], "tipVelocity": [-117.804, 13.9474, 27.5846], "tool": false, "touchDistance": 0.0168494, "touchZone": "hovering", "type": 1, "width": 18.2543}, {"bases": [[[0.555177, -0.0600728, -0.82956], [0.782274, 0.376519, 0.496266], [0.282533, -0.924459, 0.256028]], [[0.569778, -0.110467, -0.814341], [0.789304, 0.349457, 0.504855], [0.228807, -0.930417, 0.286305]], [[0.569778, -0.110467, -0.814341], [0.77137, 0.41367, 0.483597], [0.283447, -0.9037, 0.320911]], [[0.569778, -0.110467, -0.814341], [0.748835, 0.477984, 0.459105], [0.338526, -0.871395, 0.355066]]], "btipPosition": [99.0292, 256.679, 8.0934], "carpPosition": [59.5426, 124.325, 49.5275], "dipPosition": [93.5274, 242.517, 13.864], "direction": [0.283447, 0.9037, -0.320911], "extended": true, "handId": 120, "id": 1202, "length": 57.9502, "mcpPosition": [77.0185, 181.507, 33.691], "pipPosition": [86.5566, 220.292, 21.7562], "stabilizedTipPosition": [97.9874, 255.632, 14.7196], "timeVisible": 1.71711, "tipPosition": [100.137, 250.798, 6.14734], "tipVelocity": [-118.744, 8.93835, 17.0634], "tool": false, "touchDistance": -0.305854, "touchZone": "touching", "type": 2, "width": 17.9281}], "r": [[0.760242, -0.621316, -0.189731], [0.61658, 0.782076, -0.0904785], [0.2046, -0.0481987, 0.977658]], "s": 1.01098, "t": [-170.025, 25.653, 24.4441], "timestamp": 8105016046}, {"currentFrameRate": 113.683, "devices": [], "gestures": [], "hands": [{"armBasis": [[0.713954, -0.0782257, -0.69581], [0.460272, 0.801299, 0.382189], [0.527655, -0.593127, 0.608096]], "armWidth": 59.0231, "confidence": 1, "direction": [0.156874, 0.970646, -0.182312], "elbow": [-74.6239, -44.7591, 193.287], "grabAngle": 0.111335, "grabStrength": 0, "id": 120, "palmNormal": [0.725636, -0.238503, -0.645422], "palmPosition": [73.4693, 158.906, 33.4902], "palmVelocity": [-119.614, 0.576396, 17.7129], "palmWidth": 80.6694, "pinchDistance": 54.7197, "pinchStrength": 0, "r": [[0.7595, -0.62192, -0.190721], [0.616871, 0.781635, -0.0922879], [0.20647, -0.0475572, 0.977297]], "s": 1.01187, "sphereCenter": [73.9893, 190.051, 10.039], "sphereRadius": 48.2164, "stabilizedPalmPosition": [68.8173, 161.369, 40.015], "t": [169.115, 25.664, 24.5492], "timeVisible": 1.72575, "type": "left", "wrist": [51.6835, 97.2208, 47.7239]}], "id": 150928, "interactionBox": {"center": [0, 200, 0], "size": [235.247, 235.247, 147.751]}, "pointables": [{"bases": [[[0.888006, 0.390237, 0.243229], [-0.153441, -0.247164, 0.956747], [0.433476, -0.886919, -0.159605]], [[0.806018, 0.528813, 0.26588], [-0.107618, -0.310784, 0.944369], [0.582026, -0.789791, -0.193587]], [[0.806018, 0.528813, 0.26588], [-0.410095, 0.175029, 0.89509], [0.426799, -0.830494, 0.357941]], [[0.806018, 0.528813, 0.26588], [-0.559606, 0.53451, 0.633356], [0.192812, -0.659284, 0.726752]]], "btipPosition": [124.303, 181.482, 36.1009], "carpPosition": [82.0569, 108.696, 52.7981], "dipPosition": [120.4, 168.138, 50.8107], "direction": [0.426799, 0.830494, -0.357941], "extended": false, "handId": 120, "id": 1200, "length": 45.0726, "mcpPosition": [82.0569, 108.696, 52.7981], "pipPosition": [107.815, 143.649, 61.3655], "stabilizedTipPosition": [125.056, 181.003, 42.4678], "timeVisible": 1.72575, "tipPosition": [121.719, 178.384, 37.0093], "tipVelocity": [-112.797, -3.25929, 19.526], "tool": false, "touchDistance": 0.0864733, "touchZone": "hovering", "type": 0, "width": 19.1104}, {"bases": [[[0.528472, -0.222701, -0.81922], [0.829577, 0.340444, 0.442606], [0.18033, -0.913511, 0.364663]], [[0.508464, -0.132944, -0.850759], [0.836317, 0.311497, 0.451157], [0.20503, -0.940902, 0.269568]], [[0.508464, -0.132944, -0.850759], [0.822653, 0.366868, 0.434338], [0.254373, -0.920725, 0.295906]], [[0.508464, -0.132944, -0.850759], [0.804614, 0.425255, 0.414433], [0.306693, -0.895256, 0.323195]]], "btipPosition": [81.066, 248.242, -2.17363], "carpPosition": [52.0788, 124.628, 40.806], "dipPosition": [76.1102, 233.776, 3.04881], "direction": [0.254373, 0.920725, -0.295906], "extended": true, "handId": 120, "id": 1203, "length": 55.7206, "mcpPosition": [62.0934, 175.36, 20.5544], "pipPosition": [70.016, 211.717, 10.1381], "stabilizedTipPosition": [74.9717, 247.629, 8.47334], "timeVisible": 1.72575, "tipPosition": [81.8022, 242.886, -4.51727], "tipVelocity": [-122.115, 8.6253, 34.8815], "tool": false, "touchDistance": 0.0313515, "touchZone": "hovering", "type": 3, "width": 17.0597}, {"bases": [[[0.401408, -0.380102, -0.833303], [0.914326, 0.219609, 0.340265], [0.0536649, -0.898495, 0.43569]], [[0.379385, -0.170515, -0.909391], [0.919275, 0.180882, 0.349592], [0.104882, -0.96861, 0.225374]], [[0.379385, -0.170515, -0.909391], [0.906791, 0.263816, 0.328833], [0.183841, -0.949382, 0.254709]], [[0.379385, -0.170515, -0.909391], [0.897039, 0.308599, 0.316367], [0.226692, -0.935784, 0.270036]]], "btipPosition": [61.9585, 226.527, -8.53158], "carpPosition": [49.5033, 120.707, 29.0924], "dipPosition": [58.5792, 212.577, -4.50611], "direction": [0.183841, 0.949382, -0.254709], "extended": true, "handId": 120, "id": 1204, "length": 43.6839, "mcpPosition": [52.2621, 166.897, 6.69437], "pipPosition": [55.4695, 196.518, -0.197625], "stabilizedTipPosition": [63.8099, 225.297, -4.88917], "timeVisible": 1.72575, "tipPosition": [63.1981, 221.532, -11.3673], "tipVelocity": [-122.318, 7.39578, 22.2931], "tool": false, "touchDistance": -0.303131, "touchZone": "touching", "type": 4, "width": 15.1538}, {"bases": [[[0.634107, 0.132372, -0.761831], [0.677981, 0.378579, 0.630095], [0.37182, -0.916054, 0.150314]], [[0.704969, -0.0920485, -0.70324], [0.67695, 0.383098, 0.62847], [0.21156, -0.91911, 0.332385]], [[0.704969, -0.0920485, -0.70324], [0.658806, 0.452207, 0.601235], [0.262667, -0.887151, 0.379434]], [[0.704969, -0.0920485, -0.70324], [0.640343, 0.508904, 0.575306], [0.304925, -0.855888, 0.417704]]], "btipPosition": [108.284, 246.908, 20.6954], "carpPosition": [66.1754, 121.817, 56.9534], "dipPosition": [103.779, 234.262, 26.8676], "direction": [0.262667, 0.887151, -0.379434], "extended": true, "handId": 120, "id": 1201, "length": 50.8594, "mcpPosition": [90.4273, 181.567, 47.1491], "pipPosition": [98.288, 215.717, 34.7991], "stabilizedTipPosition": [104.593, 246.299, 32.4884], "timeVisible": 1.72575, "tipPosition": [109.06, 242.367, 20.6362], "tipVelocity": [-118.075, 6.56707, 47.7443], "tool": false, "touchDistance": 0.0262598, "touchZone": "hovering", "type": 1, "width": 18.2543}, {"bases": [[[0.553579, -0.0590985, -0.830697], [0.783422, 0.375305, 0.495375], [0.282488, -0.925016, 0.25406]], [[0.568118, -0.109299, -0.815657], [0.790479, 0.348133, 0.503931], [0.228878, -0.931052, 0.284179]], [[0.568118, -0.109299, -0.815657], [0.772692, 0.411898, 0.482997], [0.283177, -0.904651, 0.318461]], [[0.568118, -0.109299, -0.815657], [0.750248, 0.476093, 0.458762], [0.338186, -0.872576, 0.352478]]], "btipPosition": [97.9731, 256.754, 8.47718], "carpPosition": [58.4985, 124.296, 49.5986], "dipPosition": [92.4768, 242.573, 14.2057], "direction": [0.283177, 0.904651, -0.318461], "extended": true, "handId": 120, "id": 1202, "length": 57.9502, "mcpPosition": [75.9717, 181.513, 33.8839], "pipPosition": [85.5126, 220.324, 22.0376], "stabilizedTipPosition": [97.8638, 255.425, 14.2435], "timeVisible": 1.72575, "tipPosition": [99.0971, 250.866, 6.4994], "tipVelocity": [-122.101, 8.15243, 43.3045], "tool": false, "touchDistance": -0.29799, "touchZone": "touching", "type": 2, "width": 17.9281}], "r": [[0.7595, -0.62192, -0.190721], [0.616871, 0.781635, -0.0922879], [0.20647, -0.0475572, 0.977297]], "s": 1.01187, "t": [-169.115, 25.664, 24.5492], "timestamp": 8105024685}, {"currentFrameRate": 113.651, "devices": [], "gestures": [], "hands": [{"armBasis": [[0.713267, -0.0775244, -0.696591], [0.463484, 0.797709, 0.385801], [0.525768, -0.598038, 0.604911]], "armWidth": 59.0231, "confidence": 1, "direction": [0.157197, 0.970954, -0.18038], "elbow": [-75.1426, -45.9948, 192.677], "grabAngle": 0.110652, "grabStrength": 0, "id": 120, "palmNormal": [0.726352, -0.237424, -0.645013], "palmPosition": [72.4895, 158.895, 33.8014], "palmVelocity": [-110.656, -1.29273, 35.1446], "palmWidth": 80.6694, "pinchDistance": 54.9046, "pinchStrength": 0, "r": [[0.758875, -0.622317, -0.19191], [0.617061, 0.781329, -0.0935958], [0.208191, -0.0473928, 0.976939]], "s": 1.01297, "sphereCenter": [72.7218, 190.259, 10.6645], "sphereRadius": 48.1953, "stabilizedPalmPosition": [68.9673, 161.268, 39.7612], "t": [168.17, 25.6638, 24.7574], "timeVisible": 1.73461, "type": "left", "wrist": [50.7133, 97.1608, 47.8763]}], "id": 150929, "interactionBox": {"center": [0, 200, 0], "size": [235.247, 235.247, 147.751]}, "pointables": [{"bases": [[[0.888241, 0.389902, 0.242908], [-0.152308, -0.248908, 0.956476], [0.433394, -0.886578, -0.161705]], [[0.805079, 0.530104, 0.266151], [-0.107094, -0.311421, 0.944218], [0.583419, -0.788674, -0.193948]], [[0.805079, 0.530104, 0.266151], [-0.409903, 0.172872, 0.895597], [0.42875, -0.830123, 0.356467]], [[0.805079, 0.530104, 0.266151], [-0.560216, 0.53205, 0.634886], [0.19495, -0.660236, 0.725316]]], "btipPosition": [123.457, 181.394, 36.4198], "carpPosition": [81.0491, 108.649, 53.0286], "dipPosition": [119.511, 168.03, 51.1006], "direction": [0.42875, 0.830123, -0.356467], "extended": false, "handId": 120, "id": 1200, "length": 45.0726, "mcpPosition": [81.0491, 108.649, 53.0286], "pipPosition": [106.869, 143.552, 61.6118], "stabilizedTipPosition": [124.927, 180.865, 42.3303], "timeVisible": 1.73461, "tipPosition": [120.758, 178.36, 37.4381], "tipVelocity": [-96.6017, -10.4774, 35.2629], "tool": false, "touchDistance": 0.091677, "touchZone": "hovering", "type": 0, "width": 19.1104}, {"bases": [[[0.527553, -0.22116, -0.820229], [0.830048, 0.339743, 0.442262], [0.180857, -0.914146, 0.362806]], [[0.507598, -0.131751, -0.851461], [0.836746, 0.311006, 0.450702], [0.205429, -0.941232, 0.268108]], [[0.507598, -0.131751, -0.851461], [0.823314, 0.365468, 0.434267], [0.253967, -0.921453, 0.293983]], [[0.507598, -0.131751, -0.851461], [0.805407, 0.42359, 0.414598], [0.306047, -0.896222, 0.321126]]], "btipPosition": [80.0983, 248.301, -1.70994], "carpPosition": [51.0866, 124.606, 41.0306], "dipPosition": [75.153, 233.819, 3.47906], "direction": [0.253967, 0.921453, -0.293983], "extended": true, "handId": 120, "id": 1203, "length": 55.7206, "mcpPosition": [61.1305, 175.373, 20.8822], "pipPosition": [69.0685, 211.743, 10.5223], "stabilizedTipPosition": [75.0884, 247.551, 8.21047], "timeVisible": 1.73461, "tipPosition": [80.871, 242.947, -4.03552], "tipVelocity": [-109.022, 6.25849, 51.5019], "tool": false, "touchDistance": 0.0389515, "touchZone": "hovering", "type": 3, "width": 17.0597}, {"bases": [[[0.400491, -0.378551, -0.83445], [0.914692, 0.219103, 0.339606], [0.0542716, -0.899274, 0.434006]], [[0.378558, -0.170203, -0.909794], [0.91967, 0.180053, 0.348983], [0.104413, -0.96882, 0.224691]], [[0.378558, -0.170203, -0.909794], [0.907339, 0.262413, 0.328444], [0.18284, -0.949826, 0.25377]], [[0.378558, -0.170203, -0.909794], [0.897794, 0.30655, 0.316216], [0.225076, -0.936514, 0.268854]]], "btipPosition": [60.9553, 226.591, -8.17599], "carpPosition": [48.5243, 120.707, 29.307], "dipPosition": [57.6, 212.63, -4.16814], "direction": [0.18284, 0.949826, -0.25377], "extended": true, "handId": 120, "id": 1204, "length": 43.6839, "mcpPosition": [51.3143, 166.937, 6.99556], "pipPosition": [54.5072, 196.564, 0.124468], "stabilizedTipPosition": [63.3492, 225.053, -5.18964], "timeVisible": 1.73461, "tipPosition": [62.2641, 221.614, -10.9315], "tipVelocity": [-112.685, 6.96745, 39.7046], "tool": false, "touchDistance": -0.295878, "touchZone": "touching", "type": 4, "width": 15.1538}, {"bases": [[[0.633212, 0.133821, -0.762321], [0.678663, 0.377522, 0.629995], [0.372099, -0.91628, 0.148232]], [[0.703911, -0.089564, -0.704619], [0.677613, 0.382099, 0.628364], [0.212955, -0.919771, 0.329653]], [[0.703911, -0.089564, -0.704619], [0.659118, 0.452074, 0.600993], [0.264713, -0.887472, 0.377253]], [[0.703911, -0.089564, -0.704619], [0.640643, 0.508454, 0.57537], [0.306734, -0.856418, 0.415285]]], "btipPosition": [107.413, 246.909, 21.2498], "carpPosition": [65.1642, 121.764, 57.1892], "dipPosition": [102.88, 234.255, 27.3862], "direction": [0.264713, 0.887473, -0.377253], "extended": true, "handId": 120, "id": 1201, "length": 50.8594, "mcpPosition": [89.4344, 181.528, 47.5207], "pipPosition": [97.3469, 215.703, 35.2722], "stabilizedTipPosition": [104.651, 246.223, 32.1646], "timeVisible": 1.73461, "tipPosition": [108.094, 242.384, 21.148], "tipVelocity": [-99.1309, -0.0889487, 61.6869], "tool": false, "touchDistance": 0.0353627, "touchZone": "hovering", "type": 1, "width": 18.2543}, {"bases": [[[0.552627, -0.0575345, -0.83144], [0.78395, 0.374503, 0.495147], [0.282889, -0.925439, 0.252065]], [[0.56716, -0.107655, -0.816541], [0.791007, 0.347376, 0.503625], [0.229429, -0.931526, 0.282173]], [[0.56716, -0.107655, -0.816541], [0.773334, 0.410687, 0.483002], [0.283346, -0.905399, 0.316178]], [[0.56716, -0.107655, -0.816541], [0.750892, 0.474896, 0.458949], [0.338365, -0.873432, 0.350179]]], "btipPosition": [97.0255, 256.793, 9.00911], "carpPosition": [57.4961, 124.258, 49.8301], "dipPosition": [91.5264, 242.598, 14.7003], "direction": [0.283346, 0.905399, -0.316178], "extended": true, "handId": 120, "id": 1202, "length": 57.9502, "mcpPosition": [74.9941, 181.5, 34.2387], "pipPosition": [84.558, 220.332, 22.4761], "stabilizedTipPosition": [97.6293, 255.213, 13.8058], "timeVisible": 1.73461, "tipPosition": [98.1563, 250.903, 7.01007], "tipVelocity": [-107.094, 4.10787, 59.1078], "tool": false, "touchDistance": -0.288674, "touchZone": "touching", "type": 2, "width": 17.9281}], "r": [[0.758875, -0.622317, -0.19191], [0.617061, 0.781329, -0.0935958], [0.208191, -0.0473928, 0.976939]], "s": 1.01297, "t": [-168.17, 25.6638, 24.7574], "timestamp": 8105033539}, {"currentFrameRate": 113.901, "devices": [], "gestures": [], "hands": [{"armBasis": [[0.712685, -0.0778647, -0.697149], [0.467805, 0.793316, 0.389625], [0.522722, -0.60381, 0.60181]], "armWidth": 59.0231, "confidence": 1, "direction": [0.156825, 0.971366, -0.178476], "elbow": [-75.5513, -47.1719, 191.952], "grabAngle": 0.109674, "grabStrength": 0, "id": 120, "palmNormal": [0.727393, -0.23584, -0.644421], "palmPosition": [71.2891, 159.166, 33.9776], "palmVelocity": [-143.783, 32.5244, 21.1092], "palmWidth": 80.6694, "pinchDistance": 54.9486, "pinchStrength": 0, "r": [[0.758241, -0.622665, -0.193287], [0.617286, 0.781038, -0.0945414], [0.209832, -0.047628, 0.976577]], "s": 1.0141, "sphereCenter": [71.0603, 190.834, 11.3088], "sphereRadius": 48.15, "stabilizedPalmPosition": [69.0818, 161.165, 39.4761], "t": [167.097, 25.7995, 24.9496], "timeVisible": 1.74296, "type": "left", "wrist": [49.5753, 97.3652, 47.8939]}], "id": 150930, "interactionBox": {"center": [0, 200, 0], "size": [235.247, 235.247, 147.751]}, "pointables": [{"bases": [[[0.888824, 0.388914, 0.242358], [-0.151148, -0.250472, 0.956252], [0.432604, -0.886572, -0.163842]], [[0.804797, 0.530524, 0.266169], [-0.106442, -0.312166, 0.944046], [0.583928, -0.788097, -0.19476]], [[0.804797, 0.530524, 0.266169], [-0.409414, 0.1715, 0.896085], [0.429747, -0.830139, 0.355227]], [[0.804797, 0.530524, 0.266169], [-0.560164, 0.530601, 0.636144], [0.19626, -0.661065, 0.724207]]], "btipPosition": [122.341, 181.629, 36.6156], "carpPosition": [79.8542, 108.893, 53.1293], "dipPosition": [118.368, 168.249, 51.2738], "direction": [0.429747, 0.830139, -0.355227], "extended": false, "handId": 120, "id": 1200, "length": 45.0726, "mcpPosition": [79.8542, 108.893, 53.1293], "pipPosition": [105.696, 143.77, 61.7486], "stabilizedTipPosition": [124.724, 180.731, 42.1946], "timeVisible": 1.74296, "tipPosition": [119.558, 178.655, 37.7367], "tipVelocity": [-134.451, 27.7335, 22.8261], "tool": false, "touchDistance": 0.103288, "touchZone": "hovering", "type": 0, "width": 19.1104}, {"bases": [[[0.526279, -0.220071, -0.82134], [0.830874, 0.338446, 0.441705], [0.180773, -0.91489, 0.360968]], [[0.506396, -0.13083, -0.852318], [0.837494, 0.309998, 0.450005], [0.205343, -0.941693, 0.266551]], [[0.506396, -0.13083, -0.852318], [0.824381, 0.363342, 0.434026], [0.2529, -0.922424, 0.291849]], [[0.506396, -0.13083, -0.852318], [0.806674, 0.421137, 0.414633], [0.304697, -0.897512, 0.318799]]], "btipPosition": [78.8545, 248.65, -1.37184], "carpPosition": [49.8982, 124.852, 41.1178], "dipPosition": [73.931, 234.147, 3.77956], "direction": [0.2529, 0.922424, -0.291849], "extended": true, "handId": 120, "id": 1203, "length": 55.7206, "mcpPosition": [59.9374, 175.66, 21.0714], "pipPosition": [67.872, 212.048, 10.7716], "stabilizedTipPosition": [75.1852, 247.469, 7.9017], "timeVisible": 1.74296, "tipPosition": [79.6648, 243.294, -3.69412], "tipVelocity": [-148.379, 41.1853, 39.4596], "tool": false, "touchDistance": 0.0585538, "touchZone": "hovering", "type": 3, "width": 17.0597}, {"bases": [[[0.399097, -0.377356, -0.835658], [0.9153, 0.21793, 0.338723], [0.0542956, -0.900061, 0.432369]], [[0.377364, -0.170025, -0.910323], [0.920251, 0.178824, 0.34808], [0.103605, -0.969079, 0.223947]], [[0.377364, -0.170025, -0.910323], [0.908082, 0.260716, 0.32774], [0.181612, -0.950326, 0.252781]], [[0.377364, -0.170025, -0.910323], [0.898819, 0.303937, 0.315827], [0.222982, -0.937397, 0.267516]]], "btipPosition": [59.71, 226.925, -7.95554], "carpPosition": [47.3544, 120.971, 29.3839], "dipPosition": [56.386, 212.951, -3.96764], "direction": [0.181612, 0.950326, -0.252781], "extended": true, "handId": 120, "id": 1204, "length": 43.6839, "mcpPosition": [50.1457, 167.241, 7.15659], "pipPosition": [53.314, 196.876, 0.308236], "stabilizedTipPosition": [62.6399, 224.837, -5.48741], "timeVisible": 1.74296, "tipPosition": [61.0744, 221.965, -10.6419], "tipVelocity": [-148.29, 39.6591, 25.8538], "tool": false, "touchDistance": -0.291386, "touchZone": "touching", "type": 4, "width": 15.1538}, {"bases": [[[0.632246, 0.134742, -0.762961], [0.679773, 0.375995, 0.629711], [0.371718, -0.916773, 0.146127]], [[0.702699, -0.0879912, -0.706025], [0.678721, 0.380574, 0.628094], [0.213428, -0.920555, 0.32715]], [[0.702699, -0.0879912, -0.706025], [0.660051, 0.451067, 0.600726], [0.265606, -0.888142, 0.375043]], [[0.702699, -0.0879912, -0.706025], [0.641705, 0.506967, 0.5755], [0.307292, -0.857463, 0.41271]]], "btipPosition": [106.223, 247.226, 21.6659], "carpPosition": [63.9553, 121.99, 57.2908], "dipPosition": [101.683, 234.556, 27.7643], "direction": [0.265606, 0.888142, -0.375043], "extended": true, "handId": 120, "id": 1201, "length": 50.8594, "mcpPosition": [88.2006, 181.787, 47.7596], "pipPosition": [96.1306, 215.991, 35.6041], "stabilizedTipPosition": [104.672, 246.148, 31.8089], "timeVisible": 1.74296, "tipPosition": [106.851, 242.706, 21.5247], "tipVelocity": [-142.684, 37.5449, 48.7953], "tool": false, "touchDistance": 0.0535782, "touchZone": "hovering", "type": 1, "width": 18.2543}, {"bases": [[[0.551443, -0.056442, -0.832301], [0.784871, 0.373143, 0.494714], [0.282644, -0.926056, 0.250067]], [[0.565941, -0.106512, -0.817537], [0.791895, 0.346114, 0.503097], [0.229375, -0.932127, 0.280226]], [[0.565941, -0.106512, -0.817537], [0.774454, 0.408731, 0.482866], [0.282722, -0.906418, 0.313806]], [[0.565941, -0.106512, -0.817537], [0.752119, 0.472854, 0.45905], [0.337681, -0.87468, 0.347717]]], "btipPosition": [95.7813, 257.136, 9.4076], "carpPosition": [56.2957, 124.492, 49.9254], "dipPosition": [90.2933, 242.921, 15.0587], "direction": [0.282722, 0.906418, -0.313806], "extended": true, "handId": 120, "id": 1202, "length": 57.9502, "mcpPosition": [73.7786, 181.773, 34.4577], "pipPosition": [83.3403, 220.629, 22.7762], "stabilizedTipPosition": [97.1934, 255.025, 13.3716], "timeVisible": 1.74296, "tipPosition": [96.9301, 251.242, 7.38684], "tipVelocity": [-148.718, 40.4942, 46.6266], "tool": false, "touchDistance": -0.28224, "touchZone": "touching", "type": 2, "width": 17.9281}], "r": [[0.758241, -0.622665, -0.193287], [0.617286, 0.781038, -0.0945414], [0.209832, -0.047628, 0.976577]], "s": 1.0141, "t": [-167.097, 25.7995, 24.9496], "timestamp": 8105041888}, {"currentFrameRate": 113.764, "devices": [], "gestures": [], "hands": [{"armBasis": [[0.713385, -0.0776551, -0.696456], [0.470863, 0.789179, 0.394315], [0.519008, -0.609234, 0.599554]], "armWidth": 59.0231, "confidence": 1, "direction": [0.153908, 0.972728, -0.173528], "elbow": [-75.9038, -48.4365, 191.358], "grabAngle": 0.109442, "grabStrength": 0, "id": 120, "palmNormal": [0.728079, -0.230374, -0.645623], "palmPosition": [69.8415, 159.34, 34.2311], "palmVelocity": [-160.358, 19.2635, 28.0791], "palmWidth": 80.6694, "pinchDistance": 54.9623, "pinchStrength": 0, "r": [[0.757357, -0.623199, -0.195019], [0.617934, 0.78053, -0.0945011], [0.211112, -0.0489379, 0.976236]], "s": 1.01513, "sphereCenter": [69.8773, 190.914, 11.3418], "sphereRadius": 48.2171, "stabilizedPalmPosition": [69.1337, 161.04, 39.1177], "t": [165.837, 25.9543, 25.1724], "timeVisible": 1.75198, "type": "left", "wrist": [48.3338, 97.3989, 47.8396]}], "id": 150931, "interactionBox": {"center": [0, 200, 0], "size": [235.247, 235.247, 147.751]}, "pointables": [{"bases": [[[0.889979, 0.385008, 0.244347], [-0.151924, -0.254885, 0.954962], [0.429949, -0.887019, -0.168351]], [[0.805555, 0.527911, 0.269057], [-0.107967, -0.315707, 0.942694], [0.582602, -0.788441, -0.197322]], [[0.805555, 0.527911, 0.269057], [-0.409804, 0.168423, 0.89649], [0.427951, -0.832433, 0.352014]], [[0.805555, 0.527911, 0.269057], [-0.559677, 0.528847, 0.63803], [0.194533, -0.664553, 0.721475]]], "btipPosition": [120.898, 181.886, 36.876], "carpPosition": [78.5578, 108.996, 53.1264], "dipPosition": [116.96, 168.435, 51.479], "direction": [0.427951, 0.832433, -0.352014], "extended": false, "handId": 120, "id": 1200, "length": 45.0726, "mcpPosition": [78.5578, 108.996, 53.1264], "pipPosition": [104.341, 143.889, 61.859], "stabilizedTipPosition": [124.357, 180.581, 42.0425], "timeVisible": 1.75198, "tipPosition": [118.07, 178.953, 38.1081], "tipVelocity": [-158.965, 26.5999, 27.4474], "tool": false, "touchDistance": 0.120707, "touchZone": "hovering", "type": 0, "width": 19.1104}, {"bases": [[[0.525639, -0.217461, -0.822444], [0.831873, 0.3337, 0.443432], [0.17802, -0.917254, 0.356306]], [[0.506104, -0.128329, -0.852872], [0.83829, 0.305714, 0.451452], [0.202801, -0.943435, 0.2623]], [[0.506104, -0.128329, -0.852872], [0.825589, 0.358174, 0.436021], [0.249523, -0.924793, 0.287221]], [[0.506104, -0.128329, -0.85