{"frames": 83, "data": [{"currentFrameRate": 115.04, "devices": [], "gestures": [], "hands": [{"armBasis": [[0.743004, -0.123708, -0.657755], [0.401215, 0.868936, 0.289788], [0.535698, -0.479215, 0.695256]], "armWidth": 59.0231, "confidence": 1, "direction": [0.226341, 0.909467, -0.348767], "elbow": [-55.1706, -3.80875, 224.728], "grabAngle": 0.191519, "grabStrength": 0, "id": 120, "palmNormal": [0.669809, -0.40529, -0.62217], "palmPosition": [98.9351, 167.537, 33.4194], "palmVelocity": [-91.6666, -36.8622, -5.44395], "palmWidth": 80.6694, "pinchDistance": 52.4801, "pinchStrength": 0, "r": [[-0.235708, 0.435741, 0.868661], [0.881052, 0.473016, 0.00179461], [-0.410109, 0.765758, -0.495404]], "s": 1.10045, "sphereCenter": [220.249, 89.1049, -100.431], "sphereRadius": 199.871, "stabilizedPalmPosition": [102.45, 168.958, 33.9591], "t": [194.407, 34.6063, 24.6307], "timeVisible": 9.92122, "type": "left", "wrist": [73.0621, 110.903, 58.3013]}], "id": 151851, "interactionBox": {"center": [0, 200, 0], "size": [235.247, 235.247, 147.751]}, "pointables": [{"bases": [[[0.839502, 0.502633, 0.206388], [-0.181266, -0.0990091, 0.978438], [0.512229, -0.858812, 0.00799165]], [[0.750311, 0.62925, 0.202677], [-0.14099, -0.147216, 0.979004], [0.645876, -0.763133, -0.0217399]], [[0.750311, 0.62925, 0.202677], [-0.428441, 0.229368, 0.873973], [0.50346, -0.742586, 0.441694]], [[0.750311, 0.62925, 0.202677], [-0.58707, 0.493261, 0.641905], [0.303946, -0.600614, 0.739513]]], "btipPosition": [153.936, 188.453, 33.5482], "carpPosition": [104.355, 120.626, 60.5786], "dipPosition": [147.784, 176.296, 48.5163], "direction": [0.50346, 0.742586, -0.441694], "extended": false, "handId": 120, "id": 1200, "length": 45.0726, "mcpPosition": [104.355, 120.626, 60.5786], "pipPosition": [132.939, 154.399, 61.5407], "stabilizedTipPosition": [156.23, 187.073, 37.8044], "timeVisible": 9.92122, "tipPosition": [148.211, 186.189, 35.1647], "tipVelocity": [-102.54, -37.2004, -9.59954], "tool": false, "touchDistance": 0.280538, "touchZone": "hovering", "type": 0, "width": 19.1104}, {"bases": [[[0.586017, -0.306434, -0.750122], [0.775258, 0.481323, 0.409028], [0.235711, -0.821235, 0.519629]], [[0.565078, -0.239145, -0.789618], [0.764518, 0.511573, 0.39218], [0.310159, -0.82529, 0.471909]], [[0.565078, -0.239145, -0.789618], [0.735969, 0.578658, 0.351432], [0.372876, -0.779721, 0.50299]], [[0.565078, -0.239145, -0.789618], [0.710807, 0.627002, 0.318784], [0.418856, -0.741403, 0.524291]]], "btipPosition": [115.987, 245.136, -20.4345], "carpPosition": [75.2101, 136.978, 47.1806], "dipPosition": [109.218, 233.156, -11.9626], "direction": [0.372876, 0.779721, -0.50299], "extended": true, "handId": 120, "id": 1203, "length": 55.7206, "mcpPosition": [88.3003, 182.586, 18.323], "pipPosition": [100.285, 214.476, 0.0880086], "stabilizedTipPosition": [118.224, 244.599, -16.9551], "timeVisible": 9.92122, "tipPosition": [113.882, 241.7, -19.6187], "tipVelocity": [-93.163, -36.3189, -7.43853], "tool": false, "touchDistance": 0.164675, "touchZone": "hovering", "type": 3, "width": 17.0597}, {"bases": [[[0.473155, -0.474711, -0.742141], [0.874726, 0.353344, 0.331667], [0.104785, -0.8061, 0.582428]], [[0.44745, -0.326007, -0.832771], [0.864267, 0.396961, 0.308973], [0.22985, -0.857987, 0.459377]], [[0.44745, -0.326007, -0.832771], [0.836891, 0.480922, 0.261395], [0.315282, -0.8139, 0.488021]], [[0.44745, -0.326007, -0.832771], [0.818952, 0.523497, 0.23509], [0.359313, -0.787191, 0.501223]]], "btipPosition": [94.8334, 224.609, -23.3196], "carpPosition": [71.7283, 131.429, 36.3967], "dipPosition": [89.4771, 212.874, -15.8478], "direction": [0.315282, 0.8139, -0.488021], "extended": true, "handId": 120, "id": 1204, "length": 43.6839, "mcpPosition": [77.1151, 172.869, 6.45508], "pipPosition": [84.144, 199.106, -7.59277], "stabilizedTipPosition": [97.5755, 224.426, -19.6874], "timeVisible": 9.92122, "tipPosition": [92.9887, 222.372, -20.8085], "tipVelocity": [-91.1173, -37.2678, -6.43391], "tool": false, "touchDistance": 0.159556, "touchZone": "hovering", "type": 4, "width": 15.1538}, {"bases": [[[0.659153, 0.061234, -0.749512], [0.611686, 0.536113, 0.581742], [0.437445, -0.841923, 0.315924]], [[0.733929, -0.110099, -0.670243], [0.601368, 0.564064, 0.565852], [0.315761, -0.818358, 0.480193]], [[0.733929, -0.110099, -0.670243], [0.575894, 0.624062, 0.528103], [0.36013, -0.77358, 0.521422]], [[0.733929, -0.110099, -0.670243], [0.546099, 0.682412, 0.485891], [0.403886, -0.722629, 0.560967]]], "btipPosition": [143.595, 247.786, 5.40698], "carpPosition": [89.834, 135.617, 63.0437], "dipPosition": [137.627, 237.108, 13.696], "direction": [0.36013, 0.77358, -0.521422], "extended": true, "handId": 120, "id": 1201, "length": 50.8594, "mcpPosition": [118.366, 190.531, 42.4376], "pipPosition": [130.099, 220.938, 24.5957], "stabilizedTipPosition": [145.334, 246.559, 7.89635], "timeVisible": 9.92122, "tipPosition": [140.854, 242.782, 3.57989], "tipVelocity": [-100.364, -34.2254, -7.77377], "tool": false, "touchDistance": 0.192393, "touchZone": "hovering", "type": 1, "width": 18.2543}, {"bases": [[[0.598193, -0.145373, -0.788056], [0.723773, 0.520132, 0.453448], [0.343974, -0.841623, 0.416357]], [[0.614716, -0.187466, -0.766146], [0.716769, 0.538168, 0.443415], [0.32919, -0.821724, 0.465191]], [[0.614716, -0.187466, -0.766146], [0.683485, 0.611403, 0.398791], [0.393665, -0.768793, 0.50397]], [[0.614716, -0.187466, -0.766146], [0.650711, 0.669485, 0.358282], [0.445758, -0.718781, 0.533529]]], "btipPosition": [133.946, 254.428, -10.548], "carpPosition": [82.021, 137.527, 55.6626], "dipPosition": [126.701, 242.746, -1.87702], "direction": [0.393665, 0.768793, -0.50397], "extended": true, "handId": 120, "id": 1202, "length": 57.9502, "mcpPosition": [103.297, 189.585, 29.909], "pipPosition": [117.02, 223.839, 10.5171], "stabilizedTipPosition": [136.011, 253.528, -7.42855], "timeVisible": 9.92122, "tipPosition": [131.19, 250.678, -10.8377], "tipVelocity": [-97.1462, -35.4218, -9.10048], "tool": false, "touchDistance": 0.193349, "touchZone": "hovering", "type": 2, "width": 17.9281}], "r": [[-0.235708, 0.435741, 0.868661], [0.881052, 0.473016, 0.00179461], [-0.410109, 0.765758, -0.495404]], "s": 1.10045, "t": [-194.407, 34.6063, 24.6307], "timestamp": 8113220149}, {"currentFrameRate": 115.251, "devices": [], "gestures": [], "hands": [{"armBasis": [[0.741955, -0.124746, -0.658742], [0.402975, 0.868229, 0.289464], [0.53583, -0.480226, 0.694456]], "armWidth": 59.0231, "confidence": 1, "direction": [0.22612, 0.909761, -0.348146], "elbow": [-56.0454, -4.36374, 224.459], "grabAngle": 0.189652, "grabStrength": 0, "id": 120, "palmNormal": [0.671474, -0.404496, -0.620892], "palmPosition": [98.076, 167.257, 33.4011], "palmVelocity": [-103.286, -33.6329, -2.20581], "palmWidth": 80.6694, "pinchDistance": 52.1947, "pinchStrength": 0, "r": [[-0.233972, 0.436697, 0.86865], [0.881366, 0.472434, -0.000109799], [-0.410428, 0.765573, -0.495426]], "s": 1.09982, "sphereCenter": [218.464, 90.1738, -98.993], "sphereRadius": 197.806, "stabilizedPalmPosition": [101.979, 168.775, 33.8991], "t": [193.609, 34.316, 24.598], "timeVisible": 9.92953, "type": "left", "wrist": [72.2189, 110.59, 58.2235]}], "id": 151852, "interactionBox": {"center": [0, 200, 0], "size": [235.247, 235.247, 147.751]}, "pointables": [{"bases": [[[0.840427, 0.501742, 0.204786], [-0.179393, -0.0990039, 0.978783], [0.511371, -0.859333, 0.00680331]], [[0.751702, 0.628031, 0.201298], [-0.139369, -0.147062, 0.979259], [0.644609, -0.764166, -0.0230188]], [[0.751702, 0.628031, 0.201298], [-0.427684, 0.231867, 0.873684], [0.502026, -0.742842, 0.442894]], [[0.751702, 0.628031, 0.201298], [-0.586703, 0.497411, 0.639032], [0.301204, -0.598464, 0.742372]]], "btipPosition": [152.916, 188.183, 33.4956], "carpPosition": [103.489, 120.347, 60.5627], "dipPosition": [146.82, 176.07, 48.5216], "direction": [0.502026, 0.742842, -0.442894], "extended": false, "handId": 120, "id": 1200, "length": 45.0726, "mcpPosition": [103.489, 120.347, 60.5627], "pipPosition": [132.016, 154.166, 61.5814], "stabilizedTipPosition": [155.671, 186.875, 37.7033], "timeVisible": 9.92953, "tipPosition": [147.38, 185.952, 35.2696], "tipVelocity": [-121.103, -31.1883, -4.72543], "tool": false, "touchDistance": 0.281217, "touchZone": "hovering", "type": 0, "width": 19.1104}, {"bases": [[[0.584191, -0.306892, -0.751357], [0.77657, 0.48046, 0.407551], [0.235923, -0.821569, 0.519004]], [[0.56322, -0.239509, -0.790834], [0.765992, 0.510281, 0.390986], [0.309903, -0.825984, 0.470862]], [[0.56322, -0.239509, -0.790834], [0.737759, 0.576799, 0.350734], [0.372149, -0.780986, 0.501564]], [[0.56322, -0.239509, -0.790834], [0.712709, 0.625102, 0.318264], [0.418125, -0.742888, 0.52277]]], "btipPosition": [115.104, 244.93, -20.3723], "carpPosition": [74.3543, 136.672, 47.1088], "dipPosition": [108.347, 232.925, -11.925], "direction": [0.372149, 0.780986, -0.501564], "extended": true, "handId": 120, "id": 1203, "length": 55.7206, "mcpPosition": [87.4564, 182.298, 18.286], "pipPosition": [99.4313, 214.215, 0.0914244], "stabilizedTipPosition": [117.797, 244.376, -17.0899], "timeVisible": 9.92953, "tipPosition": [113.057, 241.449, -19.5878], "tipVelocity": [-105.839, -25.5134, 6.79137], "tool": false, "touchDistance": 0.167068, "touchZone": "hovering", "type": 3, "width": 17.0597}, {"bases": [[[0.471175, -0.475056, -0.74318], [0.875751, 0.352395, 0.329967], [0.10514, -0.806313, 0.58207]], [[0.445236, -0.325358, -0.83421], [0.865494, 0.395196, 0.307799], [0.229531, -0.859047, 0.457551]], [[0.445236, -0.325358, -0.83421], [0.838484, 0.47839, 0.260936], [0.31418, -0.81565, 0.485804]], [[0.445236, -0.325358, -0.83421], [0.820785, 0.520659, 0.235003], [0.357879, -0.789339, 0.498865]]], "btipPosition": [93.9735, 224.406, -23.2524], "carpPosition": [70.8999, 131.121, 36.3169], "dipPosition": [88.6386, 212.639, -15.8158], "direction": [0.31418, 0.81565, -0.485804], "extended": true, "handId": 120, "id": 1204, "length": 43.6839, "mcpPosition": [76.305, 172.572, 6.39375], "pipPosition": [83.3241, 198.842, -7.59825], "stabilizedTipPosition": [97.1656, 224.195, -19.8449], "timeVisible": 9.92953, "tipPosition": [92.1874, 222.093, -20.8342], "tipVelocity": [-102.784, -25.2828, 7.10243], "tool": false, "touchDistance": 0.16151, "touchZone": "hovering", "type": 4, "width": 15.1538}, {"bases": [[[0.657702, 0.0607015, -0.750829], [0.613402, 0.535384, 0.580604], [0.437226, -0.842424, 0.314889]], [[0.732895, -0.111945, -0.671069], [0.603071, 0.563461, 0.564638], [0.314913, -0.818523, 0.480468]], [[0.732895, -0.111945, -0.671069], [0.577868, 0.623019, 0.527178], [0.359074, -0.774155, 0.521296]], [[0.732895, -0.111945, -0.671069], [0.548527, 0.680737, 0.485505], [0.402472, -0.723924, 0.560313]]], "btipPosition": [142.62, 247.562, 5.43401], "carpPosition": [88.9476, 135.322, 63.0012], "dipPosition": [136.672, 236.865, 13.7134], "direction": [0.359074, 0.774155, -0.521296], "extended": true, "handId": 120, "id": 1201, "length": 50.8594, "mcpPosition": [117.466, 190.269, 42.4626], "pipPosition": [129.166, 220.682, 24.6104], "stabilizedTipPosition": [144.764, 246.355, 7.81848], "timeVisible": 9.92953, "tipPosition": [139.987, 242.567, 3.68478], "tipVelocity": [-116.659, -27.5064, 2.98249], "tool": false, "touchDistance": 0.195592, "touchZone": "hovering", "type": 1, "width": 18.2543}, {"bases": [[[0.596454, -0.145837, -0.789287], [0.725214, 0.519314, 0.452082], [0.343958, -0.842048, 0.41551]], [[0.613208, -0.188559, -0.767086], [0.718186, 0.537435, 0.44201], [0.328914, -0.821955, 0.46498]], [[0.613208, -0.188559, -0.767086], [0.685406, 0.609747, 0.39803], [0.392677, -0.76984, 0.503141]], [[0.613208, -0.188559, -0.767086], [0.653084, 0.667296, 0.358046], [0.444361, -0.720529, 0.532336]]], "btipPosition": [133.013, 254.217, -10.505], "carpPosition": [81.1475, 137.226, 55.6046], "dipPosition": [125.791, 242.507, -1.85338], "direction": [0.392677, 0.76984, -0.503141], "extended": true, "handId": 120, "id": 1202, "length": 57.9502, "mcpPosition": [102.423, 189.31, 29.9035], "pipPosition": [116.134, 223.574, 10.5204], "stabilizedTipPosition": [135.535, 253.323, -7.53955], "timeVisible": 9.92953, "tipPosition": [130.341, 250.445, -10.7646], "tipVelocity": [-111.537, -26.1442, 4.63771], "tool": false, "touchDistance": 0.196008, "touchZone": "hovering", "type": 2, "width": 17.9281}], "r": [[-0.233972, 0.436697, 0.86865], [0.881366, 0.472434, -0.000109799], [-0.410428, 0.765573, -0.495426]], "s": 1.09982, "t": [-193.609, 34.316, 24.598], "timestamp": 8113228467}, {"currentFrameRate": 115.27, "devices": [], "gestures": [], "hands": [{"armBasis": [[0.740085, -0.126689, -0.660472], [0.406058, 0.86705, 0.28869], [0.536088, -0.481845, 0.693134]], "armWidth": 59.0231, "confidence": 1, "direction": [0.224918, 0.910326, -0.347445], "elbow": [-57.1122, -5.15838, 224.061], "grabAngle": 0.187895, "grabStrength": 0, "id": 120, "palmNormal": [0.674132, -0.402846, -0.619081], "palmPosition": [96.9992, 166.915, 33.3939], "palmVelocity": [-124.568, -39.5078, -0.831914], "palmWidth": 80.6694, "pinchDistance": 51.8739, "pinchStrength": 0, "r": [[-0.231899, 0.437556, 0.868774], [0.881837, 0.471549, -0.00210907], [-0.410592, 0.765628, -0.495205]], "s": 1.09888, "sphereCenter": [216.788, 91.2724, -97.4109], "sphereRadius": 195.816, "stabilizedPalmPosition": [101.379, 168.551, 33.8382], "t": [192.672, 34.0002, 24.578], "timeVisible": 9.93818, "type": "left", "wrist": [71.214, 110.183, 58.1417]}], "id": 151853, "interactionBox": {"center": [0, 200, 0], "size": [235.247, 235.247, 147.751]}, "pointables": [{"bases": [[[0.842173, 0.49973, 0.202521], [-0.17694, -0.0986691, 0.979263], [0.50935, -0.860543, 0.00532571]], [[0.754166, 0.625706, 0.199313], [-0.137071, -0.146836, 0.979618], [0.642219, -0.766114, -0.0249722]], [[0.754166, 0.625706, 0.199313], [-0.42624, 0.235532, 0.87341], [0.499553, -0.743651, 0.444331]], [[0.754166, 0.625706, 0.199313], [-0.585445, 0.503147, 0.635686], [0.297469, -0.596099, 0.745773]]], "btipPosition": [151.622, 187.915, 33.4744], "carpPosition": [102.449, 120.016, 60.5662], "dipPosition": [145.601, 175.849, 48.5692], "direction": [0.499553, 0.743651, -0.444331], "extended": false, "handId": 120, "id": 1200, "length": 45.0726, "mcpPosition": [102.449, 120.016, 60.5662], "pipPosition": [130.87, 153.921, 61.6713], "stabilizedTipPosition": [154.936, 186.64, 37.6008], "timeVisible": 9.93818, "tipPosition": [146.308, 185.719, 35.4209], "tipVelocity": [-147.745, -29.8292, -0.624888], "tool": false, "touchDistance": 0.283775, "touchZone": "hovering", "type": 0, "width": 19.1104}, {"bases": [[[0.581398, -0.308206, -0.752985], [0.778822, 0.478581, 0.405459], [0.2354, -0.822173, 0.518283]], [[0.560405, -0.240551, -0.792516], [0.768324, 0.508271, 0.389024], [0.309233, -0.826919, 0.469659]], [[0.560405, -0.240551, -0.792516], [0.740429, 0.574261, 0.349269], [0.371094, -0.782534, 0.49993]], [[0.560405, -0.240551, -0.792516], [0.715576, 0.622427, 0.317075], [0.417011, -0.744795, 0.520944]]], "btipPosition": [113.964, 244.668, -20.2922], "carpPosition": [73.3126, 136.273, 47.0339], "dipPosition": [107.225, 232.633, -11.8744], "direction": [0.371094, 0.782534, -0.49993], "extended": true, "handId": 120, "id": 1203, "length": 55.7206, "mcpPosition": [86.3855, 181.933, 18.251], "pipPosition": [98.3345, 213.885, 0.102927], "stabilizedTipPosition": [117.23, 244.116, -17.2232], "timeVisible": 9.93818, "tipPosition": [111.951, 241.15, -19.5433], "tipVelocity": [-131.408, -31.0425, 8.48922], "tool": false, "touchDistance": 0.174028, "touchZone": "hovering", "type": 3, "width": 17.0597}, {"bases": [[[0.468006, -0.476102, -0.744511], [0.877486, 0.350288, 0.327592], [0.104826, -0.806613, 0.58171]], [[0.441845, -0.324788, -0.836233], [0.867378, 0.392592, 0.30582], [0.228972, -0.860456, 0.455179]], [[0.441845, -0.324788, -0.836233], [0.840708, 0.475175, 0.259654], [0.313024, -0.817754, 0.483005]], [[0.441845, -0.324788, -0.836233], [0.82331, 0.517017, 0.23421], [0.356278, -0.791963, 0.495843]]], "btipPosition": [92.8979, 224.133, -23.1539], "carpPosition": [69.901, 130.715, 36.232], "dipPosition": [87.5868, 212.327, -15.7623], "direction": [0.313024, 0.817754, -0.483005], "extended": true, "handId": 120, "id": 1204, "length": 43.6839, "mcpPosition": [75.2899, 172.181, 6.32735], "pipPosition": [82.2919, 198.494, -7.59212], "stabilizedTipPosition": [96.6305, 223.924, -20.0017], "timeVisible": 9.93818, "tipPosition": [91.1342, 221.74, -20.8577], "tipVelocity": [-123.8, -32.6048, 10.1993], "tool": false, "touchDistance": 0.167684, "touchZone": "hovering", "type": 4, "width": 15.1538}, {"bases": [[[0.655781, 0.0592124, -0.752626], [0.61626, 0.533876, 0.578964], [0.436091, -0.843487, 0.313615]], [[0.731364, -0.115283, -0.672173], [0.605896, 0.562248, 0.562821], [0.313044, -0.818893, 0.481058]], [[0.731364, -0.115283, -0.672173], [0.581087, 0.621267, 0.525705], [0.356994, -0.775072, 0.521362]], [[0.731364, -0.115283, -0.672173], [0.552377, 0.678189, 0.484705], [0.399982, -0.725789, 0.559683]]], "btipPosition": [141.313, 247.326, 5.46802], "carpPosition": [87.8653, 134.956, 62.9661], "dipPosition": [135.403, 236.601, 13.7381], "direction": [0.356994, 0.775072, -0.521362], "extended": true, "handId": 120, "id": 1201, "length": 50.8594, "mcpPosition": [116.309, 189.973, 42.5106], "pipPosition": [127.941, 220.399, 24.6365], "stabilizedTipPosition": [144.009, 246.12, 7.74805], "timeVisible": 9.93818, "tipPosition": [138.824, 242.351, 3.83176], "tipVelocity": [-150.112, -28.0308, 3.68687], "tool": false, "touchDistance": 0.203349, "touchZone": "hovering", "type": 1, "width": 18.2543}, {"bases": [[[0.593939, -0.147176, -0.790934], [0.727681, 0.517553, 0.450134], [0.343101, -0.842899, 0.414492]], [[0.610926, -0.190675, -0.768383], [0.720546, 0.536023, 0.439878], [0.327998, -0.822388, 0.464861]], [[0.610926, -0.190675, -0.768383], [0.688345, 0.607385, 0.396567], [0.391089, -0.771185, 0.502317]], [[0.610926, -0.190675, -0.768383], [0.656574, 0.664331, 0.357175], [0.442357, -0.722708, 0.53105]]], "btipPosition": [131.784, 253.973, -10.4522], "carpPosition": [80.0811, 136.842, 55.5483], "dipPosition": [124.594, 242.227, -1.82151], "direction": [0.391089, 0.771185, -0.502317], "extended": true, "handId": 120, "id": 1202, "length": 57.9502, "mcpPosition": [101.303, 188.979, 29.9101], "pipPosition": [114.976, 223.261, 10.532], "stabilizedTipPosition": [134.899, 253.082, -7.64862], "timeVisible": 9.93818, "tipPosition": [129.193, 250.189, -10.6649], "tipVelocity": [-141.344, -29.2148, 5.54904], "tool": false, "touchDistance": 0.202845, "touchZone": "hovering", "type": 2, "width": 17.9281}], "r": [[-0.231899, 0.437556, 0.868774], [0.881837, 0.471549, -0.00210907], [-0.410592, 0.765628, -0.495205]], "s": 1.09888, "t": [-192.672, 34.0002, 24.578], "timestamp": 8113237111}, {"currentFrameRate": 115.29, "devices": [], "gestures": [], "hands": [{"armBasis": [[0.737819, -0.128104, -0.662732], [0.409401, 0.865547, 0.288478], [0.53667, -0.484167, 0.691062]], "armWidth": 59.0231, "confidence": 1, "direction": [0.22486, 0.910796, -0.346248], "elbow": [-58.3759, -6.17634, 223.47], "grabAngle": 0.186408, "grabStrength": 0, "id": 120, "palmNormal": [0.677104, -0.401591, -0.616648], "palmPosition": [95.8675, 166.511, 33.4194], "palmVelocity": [-130.98, -46.8345, 2.95559], "palmWidth": 80.6694, "pinchDistance": 51.7253, "pinchStrength": 0, "r": [[-0.229442, 0.438248, 0.869077], [0.882351, 0.470572, -0.00434797], [-0.410869, 0.765834, -0.494657]], "s": 1.09785, "sphereCenter": [214.651, 92.4913, -95.5647], "sphereRadius": 193.35, "stabilizedPalmPosition": [100.659, 168.284, 33.7835], "t": [191.637, 33.6399, 24.5808], "timeVisible": 9.94682, "type": "left", "wrist": [70.0896, 109.721, 58.0466]}], "id": 151854, "interactionBox": {"center": [0, 200, 0], "size": [235.247, 235.247, 147.751]}, "pointables": [{"bases": [[[0.843699, 0.498375, 0.199485], [-0.173346, -0.0987663, 0.979896], [0.508058, -0.861317, 0.00306253]], [[0.755972, 0.624363, 0.196665], [-0.133937, -0.146546, 0.980095], [0.640755, -0.767265, -0.0271596]], [[0.755972, 0.624363, 0.196665], [-0.424273, 0.238551, 0.873548], [0.498496, -0.743817, 0.445239]], [[0.755972, 0.624363, 0.196665], [-0.584161, 0.507879, 0.6331], [0.295402, -0.59349, 0.748671]]], "btipPosition": [150.32, 187.511, 33.5147], "carpPosition": [101.284, 119.609, 60.5951], "dipPosition": [144.341, 175.499, 48.6681], "direction": [0.498496, 0.743817, -0.445239], "extended": false, "handId": 120, "id": 1200, "length": 45.0726, "mcpPosition": [101.284, 119.609, 60.5951], "pipPosition": [129.641, 153.565, 61.7971], "stabilizedTipPosition": [154.046, 186.359, 37.5116], "timeVisible": 9.94682, "tipPosition": [145.197, 185.379, 35.662], "tipVelocity": [-149.586, -45.293, 6.22489], "tool": false, "touchDistance": 0.287405, "touchZone": "hovering", "type": 0, "width": 19.1104}, {"bases": [[[0.578048, -0.308807, -0.755314], [0.781092, 0.477247, 0.402655], [0.236128, -0.822724, 0.517077]], [[0.557028, -0.24117, -0.794705], [0.770706, 0.506615, 0.386463], [0.309406, -0.827755, 0.46807]], [[0.557028, -0.24117, -0.794705], [0.74304, 0.57215, 0.347183], [0.37096, -0.783888, 0.497903]], [[0.557028, -0.24117, -0.794705], [0.718175, 0.620432, 0.315103], [0.417067, -0.746258, 0.5188]]], "btipPosition": [112.871, 244.342, -20.157], "carpPosition": [72.1756, 135.827, 46.9575], "dipPosition": [106.132, 232.283, -11.7738], "direction": [0.37096, 0.783889, -0.497903], "extended": true, "handId": 120, "id": 1203, "length": 55.7206, "mcpPosition": [85.289, 181.517, 18.2416], "pipPosition": [97.2447, 213.503, 0.154933], "stabilizedTipPosition": [116.554, 243.824, -17.3383], "timeVisible": 9.94682, "tipPosition": [110.91, 240.791, -19.4285], "tipVelocity": [-126.431, -38.4457, 14.7271], "tool": false, "touchDistance": 0.181072, "touchZone": "hovering", "type": 3, "width": 17.0597}, {"bases": [[[0.464434, -0.476534, -0.74647], [0.879263, 0.348833, 0.324365], [0.105822, -0.806989, 0.581008]], [[0.437959, -0.324237, -0.838488], [0.869305, 0.390462, 0.303066], [0.229133, -0.861632, 0.452867]], [[0.437959, -0.324237, -0.838488], [0.842898, 0.472411, 0.257584], [0.312593, -0.819572, 0.480196]], [[0.437959, -0.324237, -0.838488], [0.825675, 0.514008, 0.232503], [0.355603, -0.794145, 0.492828]]], "btipPosition": [91.8494, 223.805, -23.046], "carpPosition": [68.8137, 130.268, 36.1407], "dipPosition": [86.5484, 211.966, -15.6994], "direction": [0.312593, 0.819572, -0.480196], "extended": true, "handId": 120, "id": 1204, "length": 43.6839, "mcpPosition": [74.2538, 171.754, 6.27207], "pipPosition": [81.2608, 198.103, -7.57671], "stabilizedTipPosition": [95.9917, 223.621, -20.1459], "timeVisible": 9.94682, "tipPosition": [90.1298, 221.345, -20.8374], "tipVelocity": [-121.086, -38.8592, 11.2897], "tool": false, "touchDistance": 0.173684, "touchZone": "hovering", "type": 4, "width": 15.1538}, {"bases": [[[0.652989, 0.0584979, -0.755105], [0.619279, 0.532723, 0.576801], [0.436003, -0.844265, 0.311636]], [[0.729123, -0.117601, -0.674203], [0.608899, 0.561216, 0.560606], [0.312446, -0.819272, 0.480803]], [[0.729123, -0.117601, -0.674203], [0.584248, 0.619999, 0.523694], [0.356418, -0.775739, 0.520764]], [[0.729123, -0.117601, -0.674203], [0.555958, 0.676275, 0.483283], [0.399112, -0.727202, 0.558469]]], "btipPosition": [140.065, 246.996, 5.6157], "carpPosition": [86.6693, 134.527, 62.9448], "dipPosition": [134.167, 236.25, 13.8679], "direction": [0.356418, 0.775739, -0.520764], "extended": true, "handId": 120, "id": 1201, "length": 50.8594, "mcpPosition": [115.108, 189.594, 42.6183], "pipPosition": [126.717, 220.035, 24.7537], "stabilizedTipPosition": [143.119, 245.853, 7.70872], "timeVisible": 9.94682, "tipPosition": [137.698, 242.04, 4.07284], "tipVelocity": [-144.199, -38.7369, 16.6157], "tool": false, "touchDistance": 0.211915, "touchZone": "hovering", "type": 1, "width": 18.2543}, {"bases": [[[0.590688, -0.147782, -0.793252], [0.730181, 0.516279, 0.44754], [0.3434, -0.843574, 0.412867]], [[0.607995, -0.192115, -0.770347], [0.722985, 0.534919, 0.437212], [0.328078, -0.822772, 0.464124]], [[0.607995, -0.192115, -0.770347], [0.691165, 0.605534, 0.394487], [0.390684, -0.772283, 0.500944]], [[0.607995, -0.192115, -0.770347], [0.659727, 0.662061, 0.355578], [0.441705, -0.724408, 0.529273]]], "btipPosition": [130.614, 253.646, -10.3088], "carpPosition": [78.9106, 136.403, 55.498], "dipPosition": [123.436, 241.873, -1.70693], "direction": [0.390684, 0.772283, -0.500944], "extended": true, "handId": 120, "id": 1202, "length": 57.9502, "mcpPosition": [100.152, 188.582, 29.9602], "pipPosition": [113.828, 222.88, 10.6128], "stabilizedTipPosition": [134.141, 252.808, -7.73576], "timeVisible": 9.94682, "tipPosition": [128.107, 249.855, -10.4738], "tipVelocity": [-135.035, -38.4925, 15.8356], "tool": false, "touchDistance": 0.210192, "touchZone": "hovering", "type": 2, "width": 17.9281}], "r": [[-0.229442, 0.438248, 0.869077], [0.882351, 0.470572, -0.00434797], [-0.410869, 0.765834, -0.494657]], "s": 1.09785, "t": [-191.637, 33.6399, 24.5808], "timestamp": 8113245751}, {"currentFrameRate": 115.294, "devices": [], "gestures": [], "hands": [{"armBasis": [[0.735814, -0.128303, -0.664919], [0.412036, 0.86404, 0.289243], [0.537406, -0.486799, 0.688638]], "armWidth": 59.0231, "confidence": 1, "direction": [0.225702, 0.911278, -0.344429], "elbow": [-59.8272, -7.28888, 222.744], "grabAngle": 0.184798, "grabStrength": 0, "id": 120, "palmNormal": [0.679527, -0.400606, -0.61462], "palmPosition": [94.6377, 166.079, 33.4327], "palmVelocity": [-141.917, -49.8524, 1.5289], "palmWidth": 80.6694, "pinchDistance": 51.5016, "pinchStrength": 0, "r": [[-0.226803, 0.438629, 0.869578], [0.882796, 0.469709, -0.00667855], [-0.411378, 0.766145, -0.493751]], "s": 1.09671, "sphereCenter": [212.083, 93.8336, -93.6126], "sphereRadius": 190.546, "stabilizedPalmPosition": [99.7956, 167.968, 33.7332], "t": [190.505, 33.2438, 24.5888], "timeVisible": 9.95549, "type": "left", "wrist": [68.8144, 109.239, 57.9009]}], "id": 151855, "interactionBox": {"center": [0, 200, 0], "size": [235.247, 235.247, 147.751]}, "pointables": [{"bases": [[[0.844647, 0.497773, 0.19696], [-0.169825, -0.0997634, 0.980411], [0.507672, -0.86155, 0.000269694]], [[0.757142, 0.62359, 0.194606], [-0.13083, -0.147115, 0.980429], [0.640015, -0.767784, -0.0298028]], [[0.757142, 0.62359, 0.194606], [-0.423024, 0.241035, 0.873472], [0.497782, -0.743665, 0.446291]], [[0.757142, 0.62359, 0.194606], [-0.583751, 0.512158, 0.630023], [0.293207, -0.590618, 0.751798]]], "btipPosition": [148.914, 187.012, 33.5187], "carpPosition": [99.9771, 119.15, 60.5764], "dipPosition": [142.98, 175.058, 48.7354], "direction": [0.497782, 0.743665, -0.446291], "extended": false, "handId": 120, "id": 1200, "length": 45.0726, "mcpPosition": [99.9771, 119.15, 60.5764], "pipPosition": [128.301, 153.129, 61.8954], "stabilizedTipPosition": [152.972, 186.013, 37.4301], "timeVisible": 9.95549, "tipPosition": [144.012, 184.955, 35.8951], "tipVelocity": [-161.012, -56.0373, 2.14076], "tool": false, "touchDistance": 0.290929, "touchZone": "hovering", "type": 0, "width": 19.1104}, {"bases": [[[0.575154, -0.308239, -0.757751], [0.78277, 0.47645, 0.400334], [0.237632, -0.823398, 0.515313]], [[0.554079, -0.240718, -0.796901], [0.77248, 0.505471, 0.384413], [0.310275, -0.828586, 0.466021]], [[0.554079, -0.240718, -0.796901], [0.745042, 0.570435, 0.345712], [0.371361, -0.785276, 0.495411]], [[0.554079, -0.240718, -0.796901], [0.72011, 0.618875, 0.313745], [0.417658, -0.747696, 0.516249]]], "btipPosition": [111.743, 244.01, -19.9855], "carpPosition": [70.9107, 135.37, 46.8508], "dipPosition": [104.994, 231.928, -11.6436], "direction": [0.371361, 0.785276, -0.495411], "extended": true, "handId": 120, "id": 1203, "length": 55.7206, "mcpPosition": [84.1075, 181.097, 18.2329], "pipPosition": [96.0968, 213.115, 0.225427], "stabilizedTipPosition": [115.762, 243.501, -17.429], "timeVisible": 9.95549, "tipPosition": [109.84, 240.427, -19.2736], "tipVelocity": [-130.499, -38.8809, 18.6859], "tool": false, "touchDistance": 0.188988, "touchZone": "hovering", "type": 3, "width": 17.0597}, {"bases": [[[0.461497, -0.475925, -0.748676], [0.880597, 0.348078, 0.321546], [0.107566, -0.807674, 0.579734]], [[0.434543, -0.32252, -0.840924], [0.870804, 0.388827, 0.300856], [0.229942, -0.863015, 0.449813]], [[0.434543, -0.32252, -0.840924], [0.844687, 0.469933, 0.256254], [0.312531, -0.821671, 0.476635]], [[0.434543, -0.32252, -0.840924], [0.82767, 0.511179, 0.231642], [0.355154, -0.796666, 0.489069]]], "btipPosition": [90.7331, 223.508, -22.8958], "carpPosition": [67.5907, 129.821, 36.0157], "dipPosition": [85.4387, 211.632, -15.6052], "direction": [0.312531, 0.821671, -0.476635], "extended": true, "handId": 120, "id": 1204, "length": 43.6839, "mcpPosition": [73.1205, 171.342, 6.21262], "pipPosition": [80.1522, 197.733, -7.54277], "stabilizedTipPosition": [95.2385, 223.291, -20.2707], "timeVisible": 9.95549, "tipPosition": [89.0759, 220.968, -20.7881], "tipVelocity": [-128.639, -35.228, 15.8454], "tool": false, "touchDistance": 0.181076, "touchZone": "hovering", "type": 4, "width": 15.1538}, {"bases": [[[0.650264, 0.0590306, -0.757411], [0.621617, 0.531809, 0.575128], [0.436748, -0.844805, 0.309122]], [[0.727226, -0.118959, -0.676011], [0.611141, 0.560584, 0.558795], [0.312487, -0.819509, 0.480372]], [[0.727226, -0.118959, -0.676011], [0.586526, 0.61929, 0.521984], [0.356552, -0.776098, 0.520137]], [[0.727226, -0.118959, -0.676011], [0.558643, 0.674822, 0.482217], [0.398823, -0.72833, 0.557204]]], "btipPosition": [138.791, 246.595, 5.77198], "carpPosition": [85.3467, 134.058, 62.8893], "dipPosition": [132.898, 235.833, 14.0054], "direction": [0.356552, 0.776098, -0.520137], "extended": true, "handId": 120, "id": 1201, "length": 50.8594, "mcpPosition": [113.834, 189.161, 42.7268], "pipPosition": [125.444, 219.61, 24.8782], "stabilizedTipPosition": [142.098, 245.541, 7.70099], "timeVisible": 9.95549, "tipPosition": [136.549, 241.683, 4.35347], "tipVelocity": [-146.893, -46.6506, 17.5376], "tool": false, "touchDistance": 0.220763, "touchZone": "hovering", "type": 1, "width": 18.2543}, {"bases": [[[0.58773, -0.147179, -0.795557], [0.732041, 0.515456, 0.445446], [0.344514, -0.844182, 0.41069]], [[0.605484, -0.19257, -0.772209], [0.724756, 0.534297, 0.435036], [0.328813, -0.82307, 0.463074]], [[0.605484, -0.19257, -0.772209], [0.693307, 0.604064, 0.392978], [0.390787, -0.77332, 0.499261]], [[0.605484, -0.19257, -0.772209], [0.662145, 0.660197, 0.354546], [0.441535, -0.725986, 0.527248]]], "btipPosition": [129.418, 253.284, -10.1376], "carpPosition": [77.6143, 135.94, 55.4164], "dipPosition": [122.242, 241.485, -1.56872], "direction": [0.390787, 0.77332, -0.499261], "extended": true, "handId": 120, "id": 1202, "length": 57.9502, "mcpPosition": [98.9241, 188.156, 30.0133], "pipPosition": [112.631, 222.466, 10.7096], "stabilizedTipPosition": [133.256, 252.497, -7.79556], "timeVisible": 9.95549, "tipPosition": [127.004, 249.493, -10.2375], "tipVelocity": [-138.049, -42.537, 18.8719], "tool": false, "touchDistance": 0.218121, "touchZone": "hovering", "type": 2, "width": 17.9281}], "r": [[-0.226803, 0.438629, 0.869578], [0.882796, 0.469709, -0.00667855], [-0.411378, 0.766145, -0.493751]], "s": 1.09671, "t": [-190.505, 33.2438, 24.5888], "timestamp": 8113254417}, {"currentFrameRate": 115.193, "devices": [], "gestures": [], "hands": [{"armBasis": [[0.734845, -0.125743, -0.666477], [0.413019, 0.862413, 0.292677], [0.537976, -0.49034, 0.685674]], "armWidth": 59.0231, "confidence": 1, "direction": [0.22685, 0.912565, -0.340241], "elbow": [-61.2348, -8.49571, 221.791], "grabAngle": 0.182614, "grabStrength": 0, "id": 120, "palmNormal": [0.680668, -0.398418, -0.61478], "palmPosition": [93.4316, 165.814, 33.4767], "palmVelocity": [-136.246, -29.9359, 4.97158], "palmWidth": 80.6694, "pinchDistance": 51.3122, "pinchStrength": 0, "r": [[-0.224356, 0.438205, 0.870426], [0.883101, 0.469105, -0.00854186], [-0.412064, 0.766758, -0.492226]], "s": 1.0955, "sphereCenter": [209.077, 95.7886, -91.8461], "sphereRadius": 187.439, "stabilizedPalmPosition": [98.8023, 167.632, 33.6932], "t": [189.336, 32.9132, 24.6148], "timeVisible": 9.96434, "type": "left", "wrist": [67.5432, 108.879, 57.6581]}], "id": 151856, "interactionBox": {"center": [0, 200, 0], "size": [235.247, 235.247, 147.751]}, "pointables": [{"bases": [[[0.844846, 0.497355, 0.197164], [-0.167672, -0.103819, 0.980361], [0.508057, -0.861313, -0.00431904]], [[0.75749, 0.622883, 0.195516], [-0.128899, -0.150892, 0.980111], [0.639996, -0.767625, -0.0340105]], [[0.75749, 0.622883, 0.195516], [-0.423306, 0.240616, 0.873451], [0.497013, -0.744393, 0.445934]], [[0.75749, 0.622883, 0.195516], [-0.584764, 0.514192, 0.627421], [0.290277, -0.589596, 0.753735]]], "btipPosition": [147.546, 186.629, 33.5409], "carpPosition": [98.6916, 118.773, 60.4411], "dipPosition": [141.671, 174.695, 48.7968], "direction": [0.497013, 0.744393, -0.445934], "extended": false, "handId": 120, "id": 1200, "length": 45.0726, "mcpPosition": [98.6916, 118.773, 60.4411], "pipPosition": [127.015, 152.745, 61.9463], "stabilizedTipPosition": [151.738, 185.625, 37.3609], "timeVisible": 9.96434, "tipPosition": [142.867, 184.644, 36.1377], "tipVelocity": [-153.032, -42.7822, 3.52956], "tool": false, "touchDistance": 0.293915, "touchZone": "hovering", "type": 0, "width": 19.1104}, {"bases": [[[0.573661, -0.304899, -0.76023], [0.783416, 0.475178, 0.400581], [0.239108, -0.825374, 0.511454]], [[0.55255, -0.237462, -0.798937], [0.773217, 0.503901, 0.384991], [0.311165, -0.830479, 0.462041]], [[0.55255, -0.237462, -0.798937], [0.746157, 0.568066, 0.347205], [0.371401, -0.78798, 0.491069]], [[0.55255, -0.237462, -0.798937], [0.721377, 0.616399, 0.315701], [0.417497, -0.750775, 0.511891]]], "btipPosition": [110.609, 243.999, -19.5748], "carpPosition": [69.662, 135.061, 46.719], "dipPosition": [103.863, 231.867, -11.3032], "direction": [0.371401, 0.78798, -0.491069], "extended": true, "handId": 120, "id": 1203, "length": 55.7206, "mcpPosition": [82.9409, 180.899, 18.3154], "pipPosition": [94.9646, 212.989, 0.461745], "stabilizedTipPosition": [114.884, 243.201, -17.4608], "timeVisible": 9.96434, "tipPosition": [108.782, 240.373, -18.8877], "tipVelocity": [-128.021, -2.52654, 44.575], "tool": false, "touchDistance": 0.198325, "touchZone": "hovering", "type": 3, "width": 17.0597}, {"bases": [[[0.460098, -0.472671, -0.751593], [0.88113, 0.347172, 0.321063], [0.109175, -0.809971, 0.576218]], [[0.432634, -0.317778, -0.843709], [0.871517, 0.387015, 0.301127], [0.230837, -0.865584, 0.444385]], [[0.432634, -0.317778, -0.843709], [0.845799, 0.467091, 0.257779], [0.312172, -0.825132, 0.470856]], [[0.432634, -0.317778, -0.843709], [0.829162, 0.507698, 0.233953], [0.354004, -0.800787, 0.483136]]], "btipPosition": [89.5921, 223.562, -22.5242], "carpPosition": [66.3629, 129.558, 35.8544], "dipPosition": [84.3149, 211.624, -15.322], "direction": [0.312172, 0.825132, -0.470856], "extended": true, "handId": 120, "id": 1204, "length": 43.6839, "mcpPosition": [71.9754, 171.197, 6.23204], "pipPosition": [79.0345, 197.667, -7.35734], "stabilizedTipPosition": [94.3867, 222.983, -20.3448], "timeVisible": 9.96434, "tipPosition": [88.0146, 220.924, -20.5358], "tipVelocity": [-128.445, 4.48519, 39.6845], "tool": false, "touchDistance": 0.190187, "touchZone": "hovering", "type": 4, "width": 15.1538}, {"bases": [[[0.648607, 0.0624012, -0.758561], [0.622614, 0.529754, 0.575945], [0.43779, -0.845853, 0.30475]], [[0.726504, -0.117841, -0.676983], [0.612106, 0.558695, 0.55963], [0.312279, -0.820959, 0.478025]], [[0.726504, -0.117841, -0.676983], [0.587476, 0.617572, 0.52295], [0.35646, -0.777637, 0.517897]], [[0.726504, -0.117841, -0.676983], [0.560045, 0.672402, 0.483969], [0.398173, -0.730746, 0.554499]]], "btipPosition": [137.556, 246.406, 6.12485], "carpPosition": [84.063, 133.678, 62.783], "dipPosition": [131.672, 235.608, 14.3183], "direction": [0.35646, 0.777637, -0.517897], "extended": true, "handId": 120, "id": 1201, "length": 50.8594, "mcpPosition": [112.618, 188.849, 42.9057], "pipPosition": [124.221, 219.352, 25.1443], "stabilizedTipPosition": [140.99, 245.237, 7.75896], "timeVisible": 9.96434, "tipPosition": [135.447, 241.542, 4.82894], "tipVelocity": [-139.265, -22.3838, 38.8239], "tool": false, "touchDistance": 0.230295, "touchZone": "hovering", "type": 1, "width": 18.2543}, {"bases": [[[0.586083, -0.143681, -0.79741], [0.732766, 0.513978, 0.445961], [0.345775, -0.845685, 0.406518]], [[0.604361, -0.19037, -0.773632], [0.725433, 0.532944, 0.435565], [0.329384, -0.824457, 0.460192]], [[0.604361, -0.19037, -0.773632], [0.69446, 0.60179, 0.394428], [0.390477, -0.775634, 0.495903]], [[0.604361, -0.19037, -0.773632], [0.663685, 0.657498, 0.356678], [0.44076, -0.72901, 0.523712]]], "btipPosition": [128.232, 253.194, -9.73452], "carpPosition": [76.3476, 135.593, 55.3012], "dipPosition": [121.069, 241.346, -1.22307], "direction": [0.390477, 0.775634, -0.495903], "extended": true, "handId": 120, "id": 1202, "length": 57.9502, "mcpPosition": [97.7353, 187.903, 30.1562], "pipPosition": [111.466, 222.271, 10.9727], "stabilizedTipPosition": [132.282, 252.201, -7.79283], "timeVisible": 9.96434, "tipPosition": [125.935, 249.399, -9.7683], "tipVelocity": [-133.571, -11.3704, 44.0469], "tool": false, "touchDistance": 0.227513, "touchZone": "hovering", "type": 2, "width": 17.9281}], "r": [[-0.224356, 0.438205, 0.870426], [0.883101, 0.469105, -0.00854186], [-0.412064, 0.766758, -0.492226]], "s": 1.0955, "t": [-189.336, 32.9132, 24.6148], "timestamp": 8113263269}, {"currentFrameRate": 115.326, "devices": [], "gestures": [], "hands": [{"armBasis": [[0.733539, -0.124129, -0.668216], [0.415016, 0.8604, 0.295759], [0.538221, -0.494271, 0.682653]], "armWidth": 59.0231, "confidence": 1, "direction": [0.227648, 0.913308, -0.337706], "elbow": [-62.5951, -9.65603, 220.88], "grabAngle": 0.180636, "grabStrength": 0, "id": 120, "palmNormal": [0.681672, -0.39713, -0.6145], "palmPosition": [92.1704, 165.663, 33.4818], "palmVelocity": [-149.339, -17.8179, 0.608785], "palmWidth": 80.6694, "pinchDistance": 51.1789, "pinchStrength": 0, "r": [[-0.222107, 0.437448, 0.871383], [0.883318, 0.468664, -0.0101276], [-0.412816, 0.767459, -0.490499]], "s": 1.0943, "sphereCenter": [206.024, 97.5872, -90.1412], "sphereRadius": 184.461, "stabilizedPalmPosition": [97.7379, 167.316, 33.6592], "t": [188.121, 32.6727, 24.6304], "timeVisible": 9.97278, "type": "left", "wrist": [66.2415, 108.66, 57.4702]}], "id": 151857, "interactionBox": {"center": [0, 200, 0], "size": [235.247, 235.247, 147.751]}, "pointables": [{"bases": [[[0.845088, 0.497077, 0.196826], [-0.16591, -0.106145, 0.980412], [0.508232, -0.86119, -0.00723152]], [[0.757911, 0.622333, 0.195634], [-0.127466, -0.152833, 0.979997], [0.639784, -0.767687, -0.036507]], [[0.757911, 0.622333, 0.195634], [-0.423775, 0.241686, 0.872928], [0.49597, -0.744506, 0.446905]], [[0.757911, 0.622333, 0.195634], [-0.585727, 0.517143, 0.624089], [0.28722, -0.587592, 0.756466]]], "btipPosition": [146.125, 186.38, 33.472], "carpPosition": [97.3726, 118.558, 60.3456], "dipPosition": [140.312, 174.487, 48.7832], "direction": [0.49597, 0.744506, -0.446905], "extended": false, "handId": 120, "id": 1200, "length": 45.0726, "mcpPosition": [97.3726, 118.558, 60.3456], "pipPosition": [125.687, 152.533, 61.9613], "stabilizedTipPosition": [150.426, 185.251, 37.2915], "timeVisible": 9.97278, "tipPosition": [141.657, 184.463, 36.2864], "tipVelocity": [-166.585, -28.3734, -6.65725], "tool": false, "touchDistance": 0.295757, "touchZone": "hovering", "type": 0, "width": 19.1104}, {"bases": [[[0.572377, -0.302998, -0.761956], [0.784024, 0.474412, 0.4003], [0.240191, -0.826514, 0.5091]], [[0.55131, -0.235857, -0.800268], [0.773959, 0.502742, 0.385017], [0.311519, -0.831638, 0.459711]], [[0.55131, -0.235857, -0.800268], [0.74729, 0.566106, 0.347969], [0.370965, -0.789871,