{"frames": 74, "data": [{"currentFrameRate": 105.723, "devices": [], "gestures": [], "hands": [{"armBasis": [[0.970162, -0.0914309, -0.224557], [0.226993, 0.667985, 0.70871], [0.0852029, -0.738537, 0.668808]], "armWidth": 59.0231, "confidence": 1, "direction": [0.0565749, 0.989496, -0.13303], "elbow": [-156.475, -67.4702, 217.148], "grabAngle": 0.19675, "grabStrength": 0, "id": 118, "palmNormal": [0.310259, -0.144071, -0.939672], "palmPosition": [-124.348, 173.38, 41.1761], "palmVelocity": [95.2217, 28.9751, 6.40047], "palmWidth": 80.6694, "pinchDistance": 47.0858, "pinchStrength": 0, "r": [[-0.0653942, 0.342661, 0.93718], [0.562428, -0.763138, 0.318271], [0.824257, 0.547909, -0.142817]], "s": 1.12588, "sphereCenter": [-69.3521, 144.513, -146.926], "sphereRadius": 200.411, "stabilizedPalmPosition": [-128.647, 172.971, 42.2177], "t": [-10.0465, 0.556569, -23.6887], "timeVisible": 11.2742, "type": "left", "wrist": [-136.079, 109.317, 57.0522]}], "id": 148889, "interactionBox": {"center": [0, 200, 0], "size": [235.247, 235.247, 147.751]}, "pointables": [{"bases": [[[0.648326, 0.326727, 0.687694], [-0.602892, -0.331302, 0.725783], [0.464967, -0.885149, -0.0178105]], [[0.577758, 0.446054, 0.683544], [-0.610917, -0.319041, 0.724564], [0.541273, -0.836211, 0.088174]], [[0.577758, 0.446054, 0.683544], [-0.800241, 0.144725, 0.581952], [0.160656, -0.883227, 0.440567]], [[0.577758, 0.446054, 0.683544], [-0.791317, 0.511356, 0.33516], [-0.200035, -0.734541, 0.64841]]], "btipPosition": [-83.2311, 199.877, 18.368], "carpPosition": [-107.874, 121.958, 48.3855], "dipPosition": [-79.1823, 185.009, 31.4921], "direction": [0.160656, 0.883227, -0.440567], "extended": false, "handId": 118, "id": 1180, "length": 45.0726, "mcpPosition": [-107.874, 121.958, 48.3855], "pipPosition": [-83.9196, 158.965, 44.4833], "stabilizedTipPosition": [-83.5457, 196.175, 21.2204], "timeVisible": 11.2742, "tipPosition": [-81.2617, 195.234, 19.519], "tipVelocity": [94.9953, 30.3819, 14.2814], "tool": false, "touchDistance": 0.291321, "touchZone": "hovering", "type": 0, "width": 19.1104}, {"bases": [[[0.925996, 0.177858, -0.333013], [0.274917, 0.286879, 0.917671], [0.258749, -0.941311, 0.216753]], [[0.958766, -0.0102897, -0.284012], [0.271688, 0.326423, 0.905336], [0.0833924, -0.945168, 0.315759]], [[0.958766, -0.0102897, -0.284012], [0.263443, 0.407067, 0.874582], [0.106613, -0.913341, 0.392992]], [[0.958766, -0.0102897, -0.284012], [0.255634, 0.467875, 0.846017], [0.124177, -0.883735, 0.451213]]], "btipPosition": [-95.4626, 262.594, 20.4074], "carpPosition": [-119.501, 133.928, 61.1597], "dipPosition": [-97.2974, 249.536, 27.0747], "direction": [0.106613, 0.913341, -0.392992], "extended": true, "handId": 118, "id": 1181, "length": 50.8594, "mcpPosition": [-102.625, 195.325, 47.022], "pipPosition": [-99.526, 230.443, 35.2897], "stabilizedTipPosition": [-100.477, 258.844, 22.9362], "timeVisible": 11.2742, "tipPosition": [-98.6954, 259.952, 23.0585], "tipVelocity": [91.3337, 28.6631, 1.77852], "tool": false, "touchDistance": 0.20265, "touchZone": "hovering", "type": 1, "width": 18.2543}, {"bases": [[[0.891915, -0.00248168, -0.452195], [0.433124, 0.292082, 0.852696], [0.129962, -0.95639, 0.261588]], [[0.895601, -0.0329291, -0.443638], [0.423617, 0.367605, 0.827898], [0.135822, -0.929399, 0.343177]], [[0.895601, -0.0329291, -0.443638], [0.418054, 0.403233, 0.814023], [0.152085, -0.914505, 0.374902]], [[0.895601, -0.0329291, -0.443638], [0.403296, 0.480995, 0.778458], [0.187754, -0.876105, 0.44406]]], "btipPosition": [-109.289, 271.402, 11.9122], "carpPosition": [-129.781, 136.773, 58.8352], "dipPosition": [-112.34, 257.164, 19.1292], "direction": [0.152084, 0.914505, -0.374902], "extended": true, "handId": 118, "id": 1182, "length": 57.9502, "mcpPosition": [-121.743, 195.93, 42.6548], "pipPosition": [-116.081, 234.673, 28.3492], "stabilizedTipPosition": [-114.484, 268.401, 16.1226], "timeVisible": 11.2742, "tipPosition": [-111.333, 268.702, 14.6527], "tipVelocity": [92.1739, 29.9596, 6.1659], "tool": false, "touchDistance": 0.111325, "touchZone": "hovering", "type": 2, "width": 17.9281}, {"bases": [[[0.866113, -0.165207, -0.471756], [0.499663, 0.260522, 0.826114], [-0.0135765, -0.951228, 0.308189]], [[0.861829, -0.0536163, -0.504356], [0.489512, 0.348233, 0.799445], [0.13277, -0.935873, 0.326363]], [[0.861829, -0.0536163, -0.504356], [0.481792, 0.397317, 0.781035], [0.158513, -0.916114, 0.368251]], [[0.861829, -0.0536163, -0.504356], [0.475999, 0.428878, 0.767782], [0.175142, -0.90177, 0.395141]]], "btipPosition": [-128.695, 263.184, 9.49076], "carpPosition": [-139.699, 137.675, 54.4246], "dipPosition": [-131.525, 248.613, 15.8757], "direction": [0.158513, 0.916114, -0.368251], "extended": true, "handId": 118, "id": 1183, "length": 55.7206, "mcpPosition": [-140.453, 190.502, 37.3092], "pipPosition": [-135.323, 226.665, 24.6983], "stabilizedTipPosition": [-134.152, 259.093, 11.5555], "timeVisible": 11.2742, "tipPosition": [-129.276, 260.423, 12.9921], "tipVelocity": [93.0015, 27.9438, 3.05215], "tool": false, "touchDistance": 0.159841, "touchZone": "hovering", "type": 3, "width": 17.0597}, {"bases": [[[0.764177, -0.31495, -0.562886], [0.625117, 0.146586, 0.766643], [-0.158943, -0.93772, 0.308898]], [[0.779856, -0.0764489, -0.621273], [0.619092, 0.240811, 0.747486], [0.0924649, -0.967557, 0.235127]], [[0.779856, -0.0764489, -0.621273], [0.611928, 0.302078, 0.730954], [0.131792, -0.950213, 0.282359]], [[0.779856, -0.0764489, -0.621273], [0.605329, 0.344815, 0.717412], [0.159379, -0.935552, 0.315183]]], "btipPosition": [-148.497, 242.608, 12.6087], "carpPosition": [-147.759, 134.793, 45.1534], "dipPosition": [-150.873, 228.661, 17.3071], "direction": [0.131792, 0.950213, -0.282359], "extended": true, "handId": 118, "id": 1184, "length": 43.6839, "mcpPosition": [-155.93, 183, 29.2735], "pipPosition": [-153.102, 212.588, 22.0833], "stabilizedTipPosition": [-151.627, 238.959, 13.7514], "timeVisible": 11.2742, "tipPosition": [-149.161, 239.669, 15.2602], "tipVelocity": [94.8367, 27.2663, 5.02094], "tool": false, "touchDistance": 0.163252, "touchZone": "hovering", "type": 4, "width": 15.1538}], "r": [[-0.0653942, 0.342661, 0.93718], [0.562428, -0.763138, 0.318271], [0.824257, 0.547909, -0.142817]], "s": 1.12588, "t": [10.0465, 0.556569, -23.6887], "timestamp": 8087056569}, {"currentFrameRate": 106.407, "devices": [], "gestures": [], "hands": [{"armBasis": [[0.9707, -0.0867509, -0.22409], [0.223608, 0.667568, 0.710178], [0.0879869, -0.739478, 0.667406]], "armWidth": 59.0231, "confidence": 1, "direction": [0.0584978, 0.98918, -0.134541], "elbow": [-156.288, -67.4715, 216.906], "grabAngle": 0.195217, "grabStrength": 0, "id": 118, "palmNormal": [0.306801, -0.146063, -0.940499], "palmPosition": [-123.363, 173.566, 41.1759], "palmVelocity": [121.037, 22.882, -0.024311], "palmWidth": 80.6694, "pinchDistance": 46.7871, "pinchStrength": 0, "r": [[-0.0651011, 0.343453, 0.936911], [0.562878, -0.762635, 0.318678], [0.823972, 0.548113, -0.143674]], "s": 1.12542, "sphereCenter": [-68.6097, 144.407, -147.023], "sphereRadius": 200.511, "stabilizedPalmPosition": [-128.393, 172.999, 42.1676], "t": [-8.73793, 0.865591, -23.6414], "timeVisible": 11.2823, "type": "left", "wrist": [-135.226, 109.541, 57.1457]}], "id": 148890, "interactionBox": {"center": [0, 200, 0], "size": [235.247, 235.247, 147.751]}, "pointables": [{"bases": [[[0.645264, 0.329193, 0.689396], [-0.604498, -0.331778, 0.724227], [0.467137, -0.884056, -0.0150877]], [[0.575298, 0.447029, 0.68498], [-0.611361, -0.321333, 0.723175], [0.543387, -0.834811, 0.0884335]], [[0.575298, 0.447029, 0.68498], [-0.801908, 0.143241, 0.580022], [0.161169, -0.882976, 0.440882]], [[0.575298, 0.447029, 0.68498], [-0.793096, 0.509711, 0.333457], [-0.200077, -0.735092, 0.647773]]], "btipPosition": [-82.2373, 199.975, 18.3742], "carpPosition": [-106.988, 122.115, 48.3996], "dipPosition": [-78.1876, 185.097, 31.4855], "direction": [0.161169, 0.882976, -0.440882], "extended": false, "handId": 118, "id": 1180, "length": 45.0726, "mcpPosition": [-106.988, 122.115, 48.3996], "pipPosition": [-82.9401, 159.06, 44.4859], "stabilizedTipPosition": [-82.8271, 196.296, 21.2748], "timeVisible": 11.2823, "tipPosition": [-80.3083, 195.303, 19.3711], "tipVelocity": [122.133, 11.7759, 0.400778], "tool": false, "touchDistance": 0.292327, "touchZone": "hovering", "type": 0, "width": 19.1104}, {"bases": [[[0.926666, 0.17963, -0.330186], [0.271192, 0.288757, 0.918191], [0.260278, -0.9404, 0.218868]], [[0.959743, -0.00863735, -0.280748], [0.268039, 0.326939, 0.906237], [0.0839599, -0.945006, 0.316092]], [[0.959743, -0.00863735, -0.280748], [0.259492, 0.40984, 0.874468], [0.107509, -0.912116, 0.395583]], [[0.959743, -0.00863735, -0.280748], [0.251578, 0.47093, 0.845537], [0.124909, -0.882128, 0.454144]]], "btipPosition": [-94.3552, 262.681, 20.1961], "carpPosition": [-118.544, 134.129, 61.1961], "dipPosition": [-96.2009, 249.646, 26.9067], "direction": [0.107509, 0.912116, -0.395583], "extended": true, "handId": 118, "id": 1181, "length": 50.8594, "mcpPosition": [-101.568, 195.467, 46.9205], "pipPosition": [-98.4482, 230.579, 35.1758], "stabilizedTipPosition": [-100.019, 258.911, 22.84], "timeVisible": 11.2823, "tipPosition": [-97.5593, 260.052, 22.8559], "tipVelocity": [135.751, 11.3123, -24.738], "tool": false, "touchDistance": 0.203846, "touchZone": "hovering", "type": 1, "width": 18.2543}, {"bases": [[[0.893411, -0.000948776, -0.449239], [0.4296, 0.294253, 0.853733], [0.13138, -0.955727, 0.263296]], [[0.897097, -0.0309675, -0.440748], [0.420168, 0.368336, 0.829329], [0.136661, -0.929177, 0.343445]], [[0.897097, -0.0309675, -0.440748], [0.414648, 0.403519, 0.815622], [0.152592, -0.914447, 0.374836]], [[0.897097, -0.0309675, -0.440748], [0.399883, 0.481161, 0.780114], [0.187913, -0.876085, 0.444032]]], "btipPosition": [-108.195, 271.573, 11.8641], "carpPosition": [-128.825, 136.996, 58.9018], "dipPosition": [-111.249, 257.335, 19.0806], "direction": [0.152592, 0.914447, -0.374836], "extended": true, "handId": 118, "id": 1182, "length": 57.9502, "mcpPosition": [-120.699, 196.112, 42.6158], "pipPosition": [-115.002, 234.846, 28.299], "stabilizedTipPosition": [-114.167, 268.395, 15.9751], "timeVisible": 11.2823, "tipPosition": [-110.196, 268.816, 14.4732], "tipVelocity": [134.332, 21.0054, -5.92369], "tool": false, "touchDistance": 0.118506, "touchZone": "hovering", "type": 2, "width": 17.9281}, {"bases": [[[0.868063, -0.163761, -0.468668], [0.496302, 0.262816, 0.827413], [-0.0123243, -0.950847, 0.309416]], [[0.863597, -0.0519756, -0.501496], [0.48613, 0.349624, 0.8009], [0.133708, -0.935447, 0.327201]], [[0.863597, -0.0519756, -0.501496], [0.478462, 0.398126, 0.782668], [0.158979, -0.915857, 0.368689]], [[0.863597, -0.0519756, -0.501496], [0.472792, 0.428971, 0.769709], [0.175121, -0.901822, 0.395032]]], "btipPosition": [-127.635, 263.382, 9.47981], "carpPosition": [-138.755, 137.916, 54.5228], "dipPosition": [-130.464, 248.81, 15.863], "direction": [0.158979, 0.915857, -0.368689], "extended": true, "handId": 118, "id": 1183, "length": 55.7206, "mcpPosition": [-139.44, 190.721, 37.3394], "pipPosition": [-134.273, 226.868, 24.6961], "stabilizedTipPosition": [-133.571, 259.186, 11.4953], "timeVisible": 11.2823, "tipPosition": [-128.177, 260.58, 12.8788], "tipVelocity": [130.3, 24.2763, -1.39534], "tool": false, "touchDistance": 0.165302, "touchZone": "hovering", "type": 3, "width": 17.0597}, {"bases": [[[0.766786, -0.313869, -0.559933], [0.622224, 0.149102, 0.768509], [-0.157724, -0.937686, 0.309626]], [[0.78206, -0.0745983, -0.618722], [0.616076, 0.242263, 0.749506], [0.0939818, -0.967338, 0.235423]], [[0.78206, -0.0745983, -0.618722], [0.608923, 0.302784, 0.733168], [0.132646, -0.950135, 0.28222]], [[0.78206, -0.0745983, -0.618722], [0.602512, 0.344205, 0.720071], [0.159251, -0.935926, 0.314135]]], "btipPosition": [-147.469, 242.851, 12.709], "carpPosition": [-146.852, 135.041, 45.2823], "dipPosition": [-149.843, 228.899, 17.3919], "direction": [0.132646, 0.950135, -0.28222], "extended": true, "handId": 118, "id": 1184, "length": 43.6839, "mcpPosition": [-154.961, 183.246, 29.365], "pipPosition": [-152.087, 212.827, 22.1657], "stabilizedTipPosition": [-150.835, 239.109, 13.759], "timeVisible": 11.2823, "tipPosition": [-148.102, 239.879, 15.2427], "tipVelocity": [126.345, 29.7648, 11.8892], "tool": false, "touchDistance": 0.169794, "touchZone": "hovering", "type": 4, "width": 15.1538}], "r": [[-0.0651011, 0.343453, 0.936911], [0.562878, -0.762635, 0.318678], [0.823972, 0.548113, -0.143674]], "s": 1.12542, "t": [8.73793, 0.865591, -23.6414], "timestamp": 8087064708}, {"currentFrameRate": 106.617, "devices": [], "gestures": [], "hands": [{"armBasis": [[0.971156, -0.0821748, -0.223836], [0.220481, 0.666927, 0.711756], [0.0907939, -0.740578, 0.665808]], "armWidth": 59.0231, "confidence": 1, "direction": [0.0608758, 0.988667, -0.137228], "elbow": [-155.864, -67.4887, 216.684], "grabAngle": 0.182466, "grabStrength": 0, "id": 118, "palmNormal": [0.303549, -0.149309, -0.941045], "palmPosition": [-122.109, 173.756, 41.1811], "palmVelocity": [139.432, 21.0833, 0.580472], "palmWidth": 80.6694, "pinchDistance": 46.4967, "pinchStrength": 0, "r": [[-0.0656257, 0.344524, 0.936481], [0.563477, -0.761752, 0.31973], [0.823521, 0.548668, -0.144141]], "s": 1.12561, "sphereCenter": [-69.6081, 146.32, -141.587], "sphereRadius": 194.64, "stabilizedPalmPosition": [-127.979, 173.049, 42.1026], "t": [-7.45661, 1.11491, -23.6151], "timeVisible": 11.2913, "type": "left", "wrist": [-134.13, 109.787, 57.3058]}], "id": 148891, "interactionBox": {"center": [0, 200, 0], "size": [235.247, 235.247, 147.751]}, "pointables": [{"bases": [[[0.64225, 0.332757, 0.690498], [-0.605745, -0.331649, 0.723244], [0.469667, -0.882769, -0.0114359]], [[0.572874, 0.449023, 0.685707], [-0.610931, -0.3238, 0.722438], [0.546423, -0.832786, 0.0888254]], [[0.572874, 0.449023, 0.685707], [-0.80344, 0.142106, 0.578179], [0.162173, -0.882148, 0.442172]], [[0.572874, 0.449023, 0.685707], [-0.794885, 0.508425, 0.331154], [-0.199935, -0.734767, 0.648185]]], "btipPosition": [-80.9396, 200.017, 18.3971], "carpPosition": [-105.857, 122.277, 48.4861], "dipPosition": [-76.8928, 185.145, 31.5166], "direction": [0.162173, 0.882148, -0.442172], "extended": false, "handId": 118, "id": 1180, "length": 45.0726, "mcpPosition": [-105.857, 122.277, 48.4861], "pipPosition": [-81.6748, 159.132, 44.5551], "stabilizedTipPosition": [-81.8125, 196.404, 21.3251], "timeVisible": 11.2913, "tipPosition": [-79.0723, 195.334, 19.2222], "tipVelocity": [144.212, 4.7704, 2.75033], "tool": false, "touchDistance": 0.294536, "touchZone": "hovering", "type": 0, "width": 19.1104}, {"bases": [[[0.927149, 0.181409, -0.327849], [0.267605, 0.291845, 0.918267], [0.262263, -0.939105, 0.222038]], [[0.960662, -0.00735984, -0.277621], [0.264485, 0.32915, 0.906481], [0.0847075, -0.944249, 0.318149]], [[0.960662, -0.00735984, -0.277621], [0.255766, 0.412982, 0.874088], [0.108219, -0.910709, 0.398619]], [[0.960662, -0.00735984, -0.277621], [0.247863, 0.473615, 0.845135], [0.125266, -0.880701, 0.456809]]], "btipPosition": [-92.9744, 262.744, 19.9008], "carpPosition": [-117.341, 134.356, 61.2868], "dipPosition": [-94.8254, 249.731, 26.6508], "direction": [0.108219, 0.91071, -0.398619], "extended": true, "handId": 118, "id": 1181, "length": 50.8594, "mcpPosition": [-100.235, 195.609, 46.8044], "pipPosition": [-97.0876, 230.694, 34.9834], "stabilizedTipPosition": [-99.3479, 258.996, 22.6994], "timeVisible": 11.2913, "tipPosition": [-96.1064, 260.12, 22.5595], "tipVelocity": [153.385, 7.63836, -31.8289], "tool": false, "touchDistance": 0.20582, "touchZone": "hovering", "type": 1, "width": 18.2543}, {"bases": [[[0.894762, 0.000436064, -0.446543], [0.426191, 0.297624, 0.854272], [0.133274, -0.954683, 0.266117]], [[0.898452, -0.0290581, -0.438109], [0.416804, 0.370173, 0.830209], [0.138052, -0.928508, 0.344694]], [[0.898452, -0.0290581, -0.438109], [0.416804, 0.370173, 0.830209], [0.138052, -0.928508, 0.344694]], [[0.898452, -0.0290581, -0.438109], [0.403514, 0.447998, 0.797793], [0.173089, -0.893562, 0.41423]]], "btipPosition": [-107.414, 272.361, 12.9776], "carpPosition": [-127.62, 137.246, 59.0162], "dipPosition": [-110.227, 257.838, 19.7097], "direction": [0.138052, 0.928508, -0.344694], "extended": true, "handId": 118, "id": 1182, "length": 57.9502, "mcpPosition": [-119.377, 196.298, 42.5557], "pipPosition": [-113.622, 235.003, 28.1868], "stabilizedTipPosition": [-113.798, 268.433, 15.8874], "timeVisible": 11.2913, "tipPosition": [-108.69, 268.912, 14.2278], "tipVelocity": [93.0306, 80.3027, 111.416], "tool": false, "touchDistance": 0.135208, "touchZone": "hovering", "type": 2, "width": 17.9281}, {"bases": [[[0.869931, -0.162496, -0.465634], [0.49306, 0.26631, 0.828234], [-0.0105814, -0.950092, 0.311791]], [[0.865228, -0.0505782, -0.498821], [0.482843, 0.352072, 0.801816], [0.135066, -0.934605, 0.329044]], [[0.865228, -0.0505782, -0.498821], [0.475331, 0.39925, 0.784002], [0.159501, -0.915446, 0.369484]], [[0.865228, -0.0505782, -0.498821], [0.469933, 0.428603, 0.771662], [0.174767, -0.902076, 0.394608]]], "btipPosition": [-126.285, 263.569, 9.40654], "carpPosition": [-137.561, 138.183, 54.6648], "dipPosition": [-129.109, 248.993, 15.7829], "direction": [0.159501, 0.915446, -0.369484], "extended": true, "handId": 118, "id": 1183, "length": 55.7206, "mcpPosition": [-138.149, 190.946, 37.3495], "pipPosition": [-132.93, 227.06, 24.635], "stabilizedTipPosition": [-132.755, 259.312, 11.4189], "timeVisible": 11.2913, "tipPosition": [-126.765, 260.706, 12.6601], "tipVelocity": [150.264, 20.6763, -8.32262], "tool": false, "touchDistance": 0.172764, "touchZone": "hovering", "type": 3, "width": 17.0597}, {"bases": [[[0.769353, -0.31312, -0.556823], [0.619479, 0.152802, 0.769998], [-0.156018, -0.937341, 0.31153]], [[0.784089, -0.0728572, -0.616357], [0.613198, 0.244353, 0.751186], [0.0958792, -0.966946, 0.23627]], [[0.784089, -0.0728572, -0.616357], [0.606152, 0.303277, 0.735257], [0.133358, -0.950113, 0.281959]], [[0.784089, -0.0728572, -0.616357], [0.60011, 0.342358, 0.722951], [0.158343, -0.93674, 0.312162]]], "btipPosition": [-146.167, 243.1, 12.7928], "carpPosition": [-145.694, 135.308, 45.4561], "dipPosition": [-148.527, 229.136, 17.4463], "direction": [0.133358, 0.950113, -0.281959], "extended": true, "handId": 118, "id": 1184, "length": 43.6839, "mcpPosition": [-153.715, 183.495, 29.4409], "pipPosition": [-150.783, 213.064, 22.2157], "stabilizedTipPosition": [-149.794, 239.305, 13.7853], "timeVisible": 11.2913, "tipPosition": [-146.739, 240.07, 15.1387], "tipVelocity": [145.159, 27.3301, 8.5654], "tool": false, "touchDistance": 0.178779, "touchZone": "hovering", "type": 4, "width": 15.1538}], "r": [[-0.0656257, 0.344524, 0.936481], [0.563477, -0.761752, 0.31973], [0.823521, 0.548668, -0.144141]], "s": 1.12561, "t": [7.45661, 1.11491, -23.6151], "timestamp": 8087073702}, {"currentFrameRate": 107.108, "devices": [], "gestures": [], "hands": [{"armBasis": [[0.972165, -0.0760622, -0.221607], [0.2148, 0.667092, 0.713337], [0.0935742, -0.741082, 0.664862]], "armWidth": 59.0231, "confidence": 1, "direction": [0.0626106, 0.98849, -0.137723], "elbow": [-155.458, -67.6054, 216.568], "grabAngle": 0.179409, "grabStrength": 0, "id": 118, "palmNormal": [0.297723, -0.150209, -0.942761], "palmPosition": [-120.92, 173.731, 41.2311], "palmVelocity": [140.92, -2.97321, 5.92983], "palmWidth": 80.6694, "pinchDistance": 46.1128, "pinchStrength": 0, "r": [[-0.0673045, 0.345373, 0.936049], [0.563974, -0.760747, 0.321244], [0.823045, 0.549528, -0.14358]], "s": 1.126, "sphereCenter": [-69.0453, 146.281, -141.64], "sphereRadius": 194.609, "stabilizedPalmPosition": [-127.462, 173.099, 42.0388], "t": [-6.22142, 1.22703, -23.5769], "timeVisible": 11.2997, "type": "left", "wrist": [-133.058, 109.791, 57.4168]}], "id": 148892, "interactionBox": {"center": [0, 200, 0], "size": [235.247, 235.247, 147.751]}, "pointables": [{"bases": [[[0.637397, 0.33449, 0.694148], [-0.609064, -0.333102, 0.719781], [0.471982, -0.881566, -0.00859217]], [[0.568623, 0.449274, 0.689073], [-0.612381, -0.328106, 0.719261], [0.549234, -0.830963, 0.0885585]], [[0.568623, 0.449274, 0.689073], [-0.806423, 0.139151, 0.574734], [0.162328, -0.882491, 0.441429]], [[0.568623, 0.449274, 0.689073], [-0.797679, 0.505776, 0.32848], [-0.200939, -0.73644, 0.645972]]], "btipPosition": [-79.7316, 199.914, 18.4391], "carpPosition": [-104.758, 122.211, 48.4497], "dipPosition": [-75.6645, 185.009, 31.5139], "direction": [0.162328, 0.882491, -0.441429], "extended": false, "handId": 118, "id": 1180, "length": 45.0726, "mcpPosition": [-104.758, 122.211, 48.4497], "pipPosition": [-80.4512, 158.986, 44.5305], "stabilizedTipPosition": [-80.7522, 196.433, 21.3677], "timeVisible": 11.2997, "tipPosition": [-77.9691, 195.216, 19.0594], "tipVelocity": [143.706, -13.0359, 3.76576], "tool": false, "touchDistance": 0.296759, "touchZone": "hovering", "type": 0, "width": 19.1104}, {"bases": [[[0.928561, 0.183737, -0.322513], [0.261547, 0.29265, 0.919755], [0.263377, -0.938401, 0.223687]], [[0.962266, -0.00493714, -0.272065], [0.258415, 0.329776, 0.908003], [0.0852375, -0.944046, 0.318608]], [[0.962266, -0.00493714, -0.272065], [0.249642, 0.413845, 0.875449], [0.108271, -0.910334, 0.399462]], [[0.962266, -0.00493714, -0.272065], [0.241831, 0.473878, 0.846733], [0.124745, -0.880577, 0.45719]]], "btipPosition": [-91.6843, 262.647, 19.7808], "carpPosition": [-116.137, 134.322, 61.3148], "dipPosition": [-93.5276, 249.635, 26.5364], "direction": [0.108271, 0.910334, -0.399462], "extended": true, "handId": 118, "id": 1181, "length": 50.8594, "mcpPosition": [-98.9579, 195.529, 46.7248], "pipPosition": [-95.7909, 230.606, 34.8866], "stabilizedTipPosition": [-98.5667, 259.067, 22.5521], "timeVisible": 11.2997, "tipPosition": [-94.8026, 260.026, 22.4461], "tipVelocity": [153.103, -11.5165, -14.0652], "tool": false, "touchDistance": 0.21069, "touchZone": "hovering", "type": 1, "width": 18.2543}, {"bases": [[[0.897323, 0.00266654, -0.441366], [0.420485, 0.298826, 0.856677], [0.134176, -0.954304, 0.267023]], [[0.900965, -0.0261456, -0.433103], [0.411325, 0.36919, 0.833373], [0.138108, -0.928986, 0.343381]], [[0.900965, -0.0261456, -0.433103], [0.411325, 0.36919, 0.833373], [0.138108, -0.928986, 0.343381]], [[0.900965, -0.0261456, -0.433103], [0.398261, 0.445965, 0.801563], [0.172191, -0.894668, 0.412212]]], "btipPosition": [-106.17, 272.378, 13.1283], "carpPosition": [-126.422, 137.238, 59.1032], "dipPosition": [-108.969, 257.838, 19.8277], "direction": [0.138108, 0.928986, -0.343381], "extended": true, "handId": 118, "id": 1182, "length": 57.9502, "mcpPosition": [-118.122, 196.266, 42.5866], "pipPosition": [-112.365, 234.991, 28.2725], "stabilizedTipPosition": [-113.323, 268.473, 15.8046], "timeVisible": 11.2997, "tipPosition": [-107.405, 268.851, 14.1933], "tipVelocity": [147.8, 1.60583, 16.9695], "tool": false, "touchDistance": 0.146761, "touchZone": "hovering", "type": 2, "width": 17.9281}, {"bases": [[[0.87302, -0.160331, -0.460576], [0.487583, 0.26768, 0.83103], [-0.00995252, -0.950075, 0.311864]], [[0.868208, -0.0482764, -0.493846], [0.477335, 0.35308, 0.804665], [0.135521, -0.934347, 0.32959]], [[0.868208, -0.0482764, -0.493846], [0.469994, 0.399174, 0.787252], [0.159125, -0.915603, 0.369256]], [[0.868208, -0.0482764, -0.493846], [0.464923, 0.426907, 0.775627], [0.173382, -0.903006, 0.393089]]], "btipPosition": [-125.087, 263.593, 9.55567], "carpPosition": [-136.385, 138.199, 54.8092], "dipPosition": [-127.889, 249.002, 15.9075], "direction": [0.159125, 0.915603, -0.369256], "extended": true, "handId": 118, "id": 1183, "length": 55.7206, "mcpPosition": [-136.938, 190.962, 37.4898], "pipPosition": [-131.701, 227.066, 24.7541], "stabilizedTipPosition": [-131.871, 259.429, 11.3682], "timeVisible": 11.2997, "tipPosition": [-125.519, 260.686, 12.7143], "tipVelocity": [142.517, 2.45851, 17.0048], "tool": false, "touchDistance": 0.181723, "touchZone": "hovering", "type": 3, "width": 17.0597}, {"bases": [[[0.773356, -0.311224, -0.552322], [0.614626, 0.154488, 0.773542], [-0.155417, -0.937696, 0.310761]], [[0.787806, -0.070558, -0.611868], [0.608329, 0.244656, 0.755036], [0.0964234, -0.967039, 0.235664]], [[0.787806, -0.070558, -0.611868], [0.601413, 0.302484, 0.739463], [0.132906, -0.950539, 0.280734]], [[0.787806, -0.070558, -0.611868], [0.595744, 0.339491, 0.727897], [0.156365, -0.937959, 0.309487]]], "btipPosition": [-145.04, 243.182, 13.1034], "carpPosition": [-144.578, 135.344, 45.6479], "dipPosition": [-147.371, 229.2, 17.7169], "direction": [0.132906, 0.950539, -0.280734], "extended": true, "handId": 118, "id": 1184, "length": 43.6839, "mcpPosition": [-152.568, 183.549, 29.6723], "pipPosition": [-149.619, 213.121, 22.4656], "stabilizedTipPosition": [-148.772, 239.465, 13.8772], "timeVisible": 11.2997, "tipPosition": [-145.531, 240.103, 15.3108], "tipVelocity": [134.281, 9.27575, 35.7166], "tool": false, "touchDistance": 0.188254, "touchZone": "hovering", "type": 4, "width": 15.1538}], "r": [[-0.0673045, 0.345373, 0.936049], [0.563974, -0.760747, 0.321244], [0.823045, 0.549528, -0.14358]], "s": 1.126, "t": [6.22142, 1.22703, -23.5769], "timestamp": 8087082140}, {"currentFrameRate": 107.234, "devices": [], "gestures": [], "hands": [{"armBasis": [[0.972161, -0.0719568, -0.222992], [0.213211, 0.666366, 0.714491], [0.097182, -0.742145, 0.663157]], "armWidth": 59.0231, "confidence": 1, "direction": [0.0636082, 0.988335, -0.138373], "elbow": [-154.961, -67.6786, 216.248], "grabAngle": 0.176549, "grabStrength": 0, "id": 118, "palmNormal": [0.295999, -0.151099, -0.943162], "palmPosition": [-119.469, 173.897, 41.2896], "palmVelocity": [159.497, 18.2364, 6.43222], "palmWidth": 80.6694, "pinchDistance": 45.6788, "pinchStrength": 0, "r": [[-0.0690385, 0.346137, 0.93564], [0.564451, -0.759766, 0.322722], [0.822574, 0.550404, -0.142924]], "s": 1.1266, "sphereCenter": [-67.5627, 146.438, -141.387], "sphereRadius": 194.466, "stabilizedPalmPosition": [-126.695, 173.176, 41.9669], "t": [-4.87851, 1.36602, -23.5286], "timeVisible": 11.3088, "type": "left", "wrist": [-131.698, 109.972, 57.5046]}], "id": 148893, "interactionBox": {"center": [0, 200, 0], "size": [235.247, 235.247, 147.751]}, "pointables": [{"bases": [[[0.63585, 0.335662, 0.695001], [-0.609824, -0.333458, 0.718972], [0.473085, -0.880986, -0.00733378]], [[0.567506, 0.449514, 0.689837], [-0.611362, -0.33115, 0.718733], [0.55152, -0.829625, 0.0868855]], [[0.567506, 0.449514, 0.689837], [-0.806934, 0.13708, 0.574514], [0.163689, -0.882693, 0.440522]], [[0.567506, 0.449514, 0.689837], [-0.79879, 0.50376, 0.328877], [-0.199678, -0.737674, 0.644954]]], "btipPosition": [-78.1662, 200.036, 18.6212], "carpPosition": [-103.359, 122.361, 48.5104], "dipPosition": [-74.1246, 185.105, 31.6754], "direction": [0.163689, 0.882693, -0.440522], "extended": false, "handId": 118, "id": 1180, "length": 45.0726, "mcpPosition": [-103.359, 122.361, 48.5104], "pipPosition": [-78.9513, 159.077, 44.6653], "stabilizedTipPosition": [-79.3949, 196.498, 21.4665], "timeVisible": 11.3088, "tipPosition": [-76.5389, 195.336, 19.0751], "tipVelocity": [171.48, 12.7376, 19.5017], "tool": false, "touchDistance": 0.302097, "touchZone": "hovering", "type": 0, "width": 19.1104}, {"bases": [[[0.928858, 0.184708, -0.321101], [0.259685, 0.293482, 0.920018], [0.264172, -0.937951, 0.224637]], [[0.96271, -0.00384619, -0.270508], [0.256473, 0.331158, 0.908051], [0.0860883, -0.943568, 0.319795]], [[0.96271, -0.00384619, -0.270508], [0.247555, 0.415813, 0.875109], [0.109115, -0.909442, 0.401259]], [[0.96271, -0.00384619, -0.270508], [0.239783, 0.475142, 0.846607], [0.125274, -0.879901, 0.458346]]], "btipPosition": [-90.1408, 262.742, 19.6926], "carpPosition": [-114.702, 134.493, 61.3873], "dipPosition": [-91.9919, 249.74, 26.4654], "direction": [0.109115, 0.909442, -0.401259], "extended": true, "handId": 118, "id": 1181, "length": 50.8594, "mcpPosition": [-97.4714, 195.671, 46.7354], "pipPosition": [-94.2728, 230.73, 34.8531], "stabilizedTipPosition": [-97.4959, 259.159, 22.3779], "timeVisible": 11.3088, "tipPosition": [-93.266, 260.147, 22.4099], "tipVelocity": [169.518, 10.7284, -9.26278], "tool": false, "touchDistance": 0.217921, "touchZone": "hovering", "type": 1, "width": 18.2543}, {"bases": [[[0.898038, 0.00353297, -0.439904], [0.418718, 0.29982, 0.857195], [0.13492, -0.953989, 0.26777]], [[0.901614, -0.0244947, -0.431847], [0.409706, 0.368471, 0.834488], [0.138683, -0.929317, 0.342254]], [[0.901614, -0.0244947, -0.431847], [0.409706, 0.368471, 0.834488], [0.138683, -0.929317, 0.342254]], [[0.901614, -0.0244947, -0.431847], [0.396824, 0.444116, 0.803301], [0.172114, -0.895634, 0.410141]]], "btipPosition": [-104.653, 272.579, 13.2781], "carpPosition": [-124.987, 137.42, 59.1908], "dipPosition": [-107.45, 258.023, 19.9438], "direction": [0.138683, 0.929317, -0.342254], "extended": true, "handId": 118, "id": 1182, "length": 57.9502, "mcpPosition": [-116.641, 196.429, 42.628], "pipPosition": [-110.86, 235.168, 28.3609], "stabilizedTipPosition": [-112.6, 268.542, 15.7152], "timeVisible": 11.3088, "tipPosition": [-105.874, 268.988, 14.1842], "tipVelocity": [166.883, 21.672, 15.6191], "tool": false, "touchDistance": 0.161573, "touchZone": "hovering", "type": 2, "width": 17.9281}, {"bases": [[[0.873967, -0.159505, -0.459063], [0.485896, 0.268742, 0.831675], [-0.00928635, -0.949914, 0.312375]], [[0.869062, -0.0473832, -0.492428], [0.475638, 0.353705, 0.805395], [0.136012, -0.934156, 0.329929]], [[0.869062, -0.0473832, -0.492428], [0.468472, 0.398649, 0.788424], [0.158948, -0.915879, 0.368648]], [[0.869062, -0.0473832, -0.492428], [0.463736, 0.424674, 0.777561], [0.172278, -0.904106, 0.391041]]], "btipPosition": [-123.624, 263.794, 9.66528], "carpPosition": [-134.956, 138.392, 54.9126], "dipPosition": [-126.408, 249.185, 15.984], "direction": [0.158948, 0.915879, -0.368648], "extended": true, "handId": 118, "id": 1183, "length": 55.7206, "mcpPosition": [-135.472, 191.145, 37.5648], "pipPosition": [-130.216, 227.242, 24.8161], "stabilizedTipPosition": [-130.723, 259.58, 11.3305], "timeVisible": 11.3088, "tipPosition": [-124.009, 260.839, 12.7212], "tipVelocity": [161.283, 21.6055, 11.2158], "tool": false, "touchDistance": 0.192768, "touchZone": "hovering", "type": 3, "width": 17.0597}, {"bases": [[[0.77464, -0.310572, -0.550888], [0.613172, 0.155676, 0.774457], [-0.154764, -0.937715, 0.311027]], [[0.788876, -0.0695959, -0.610599], [0.606918, 0.244353, 0.756269], [0.0965686, -0.967186, 0.235003]], [[0.788876, -0.0695959, -0.610599], [0.60018, 0.300865, 0.741123], [0.132128, -0.951124, 0.279115]], [[0.788876, -0.0695959, -0.610599], [0.594913, 0.335654, 0.730353], [0.15412, -0.939411, 0.306193]]], "btipPosition": [-143.638, 243.417, 13.3047], "carpPosition": [-143.168, 135.541, 45.7663], "dipPosition": [-145.936, 229.413, 17.8692], "direction": [0.132128, 0.951124, -0.279115], "extended": true, "handId": 118, "id": 1184, "length": 43.6839, "mcpPosition": [-151.124, 183.747, 29.777], "pipPosition": [-148.171, 213.324, 22.5905], "stabilizedTipPosition": [-147.526, 239.663, 14.0064], "timeVisible": 11.3088, "tipPosition": [-144.042, 240.284, 15.3621], "tipVelocity": [154.976, 25.2506, 20.8975], "tool": false, "touchDistance": 0.199315, "touchZone": "hovering", "type": 4, "width": 15.1538}], "r": [[-0.0690385, 0.346137, 0.93564], [0.564451, -0.759766, 0.322722], [0.822574, 0.550404, -0.142924]], "s": 1.1266, "t": [4.87851, 1.36602, -23.5286], "timestamp": 8087091235}, {"currentFrameRate": 107.632, "devices": [], "gestures": [], "hands": [{"armBasis": [[0.971653, -0.0697376, -0.22589], [0.214043, 0.6652, 0.715328], [0.100377, -0.743401, 0.661271]], "armWidth": 59.0231, "confidence": 1, "direction": [0.0648095, 0.987999, -0.140209], "elbow": [-154.32, -67.8044, 215.924], "grabAngle": 0.181727, "grabStrength": 0, "id": 118, "palmNormal": [0.296817, -0.153231, -0.94256], "palmPosition": [-117.962, 174.043, 41.3444], "palmVelocity": [175.859, 17.0654, 6.39291], "palmWidth": 80.6694, "pinchDistance": 45.3715, "pinchStrength": 0, "r": [[-0.0703056, 0.347092, 0.935192], [0.565061, -0.758735, 0.32408], [0.822048, 0.551225, -0.142785]], "s": 1.12712, "sphereCenter": [-63.8258, 144.506, -145.503], "sphereRadius": 199.291, "stabilizedPalmPosition": [-125.737, 173.271, 41.8986], "t": [-3.45376, 1.50861, -23.477], "timeVisible": 11.3174, "type": "left", "wrist": [-130.292, 110.147, 57.6326]}], "id": 148894, "interactionBox": {"center": [0, 200, 0], "size": [235.247, 235.247, 147.751]}, "pointables": [{"bases": [[[0.636212, 0.33768, 0.693691], [-0.60872, -0.332723, 0.720247], [0.47402, -0.880493, -0.00613019]], [[0.568145, 0.450843, 0.688441], [-0.608333, -0.333302, 0.720306], [0.554204, -0.82804, 0.084899]], [[0.568145, 0.450843, 0.688441], [-0.805895, 0.135489, 0.576347], [0.166566, -0.88226, 0.44031]], [[0.568145, 0.450843, 0.688441], [-0.799116, 0.502043, 0.330706], [-0.19653, -0.738034, 0.645509]]], "btipPosition": [-76.4549, 200.104, 18.8749], "carpPosition": [-101.915, 122.504, 48.6812], "dipPosition": [-72.477, 185.165, 31.9403], "direction": [0.166566, 0.88226, -0.44031], "extended": false, "handId": 118, "id": 1180, "length": 45.0726, "mcpPosition": [-101.915, 122.504, 48.6812], "pipPosition": [-77.3886, 159.15, 44.9239], "stabilizedTipPosition": [-77.9147, 196.563, 21.6253], "timeVisible": 11.3174, "tipPosition": [-74.9953, 195.414, 19.178], "tipVelocity": [198.039, 7.67539, 29.9126], "tool": false, "touchDistance": 0.308955, "touchZone": "hovering", "type": 0, "width": 19.1104}, {"bases": [[[0.928326, 0.185081, -0.322423], [0.260326, 0.29553, 0.91918], [0.265408, -0.937234, 0.226167]], [[0.962423, -0.0032292, -0.271535], [0.25709, 0.332831, 0.907264], [0.0874455, -0.942981, 0.321154]], [[0.962423, -0.0032292, -0.271535], [0.247979, 0.41797, 0.873961], [0.110671, -0.908455, 0.403065]], [[0.962423, -0.0032292, -0.271535], [0.24012, 0.477115, 0.845401], [0.126824, -0.878835, 0.459962]]], "btipPosition": [-88.5107, 262.817, 19.6163], "carpPosition": [-113.258, 134.673, 61.5229], "dipPosition": [-90.3847, 249.831, 26.4128], "direction": [0.110671, 0.908455, -0.403065], "extended": true, "handId": 118, "id": 1181, "length": 50.8594, "mcpPosition": [-95.9472, 195.804, 46.7711], "pipPosition": [-92.6981, 230.841, 34.8384], "stabilizedTipPosition": [-96.2371, 259.258, 22.2015], "timeVisible": 11.3174, "tipPosition": [-91.6455, 260.229, 22.3251], "tipVelocity": [189.658, 9.1732, -8.27454], "tool": false, "touchDistance": 0.227198, "touchZone": "hovering", "type": 1, "width": 18.2543}, {"bases": [[[0.897576, 0.00364477, -0.440844], [0.419287, 0.301918, 0.85618], [0.136219, -0.953327, 0.269466]], [[0.90108, -0.023412, -0.433019], [0.410544, 0.367661, 0.834433], [0.139668, -0.929665, 0.340903]], [[0.90108, -0.023412, -0.433019], [0.405629, 0.398633, 0.82253], [0.153359, -0.916811, 0.368697]], [[0.90108, -0.023412, -0.433019], [0.391798, 0.471948, 0.789784], [0.185872, -0.881315, 0.434436]]], "btipPosition": [-102.498, 272.199, 12.3036], "carpPosition": [-123.538, 137.607, 59.3101], "dipPosition": [-105.518, 257.876, 19.3641], "direction": [0.153359, 0.916811, -0.368697], "extended": true, "handId": 118, "id": 1182, "length": 57.9502, "mcpPosition": [-115.112, 196.575, 42.6424], "pipPosition": [-109.29, 235.329, 28.4315], "stabilizedTipPosition": [-111.536, 268.583, 15.5131], "timeVisible": 11.3174, "tipPosition": [-104.174, 269.057, 14.0613], "tipVelocity": [245.537, -38.1101, -103.154], "tool": false, "touchDistance": 0.170352, "touchZone": "hovering", "type": 2, "width": 17.9281}, {"bases": [[[0.87366, -0.159455, -0.459665], [0.486472, 0.270863, 0.83065], [-0.0079453, -0.94932, 0.314212]], [[0.868597, -0.0473668, -0.49325], [0.476234, 0.354799, 0.804561], [0.136895, -0.933742, 0.330735]], [[0.868597, -0.0473668, -0.49325], [0.469206, 0.398683, 0.78797], [0.159327, -0.915865, 0.36852]], [[0.868597, -0.0473668, -0.49325], [0.464702, 0.42343, 0.777663], [0.172021, -0.90469, 0.389801]]], "btipPosition": [-122.056, 263.943, 9.66218], "carpPosition": [-133.502, 138.581, 55.0195], "dipPosition": [-124.836, 249.324, 15.9609], "direction": [0.159327, 0.915865, -0.36852], "extended": true, "handId": 118, "id": 1183, "length": 55.7206, "mcpPosition": [-133.943, 191.301, 37.5697], "pipPosition": [-128.653, 227.382, 24.7899], "stabilizedTipPosition": [-129.424, 259.742, 11.295], "timeVisible": 11.3174, "tipPosition": [-122.383, 260.932, 12.5905], "tipVelocity": [183.137, 17.16, -0.899978], "tool": false, "touchDistance": 0.204449, "touchZone": "hovering", "type": 3, "width": 17.0597}, {"bases": [[[0.774399, -0.310805, -0.551095], [0.61381, 0.157823, 0.773518], [-0.153438, -0.937279, 0.312993]], [[0.788305, -0.0696771, -0.611327], [0.607615, 0.244549, 0.755645], [0.0968485, -0.96713, 0.235116]], [[0.788305, -0.0696771, -0.611327], [0.601018, 0.299924, 0.740826], [0.131733, -0.951415, 0.278309]], [[0.788305, -0.0696771, -0.611327], [0.596034, 0.333071, 0.730621], [0.152708, -0.940324, 0.304092]]], "btipPosition": [-142.128, 243.591, 13.3491], "carpPosition": [-141.707, 135.721, 45.8702], "dipPosition": [-144.405, 229.574, 17.8823], "direction": [0.131733, 0.951415, -0.278309], "extended": true, "handId": 118, "id": 1184, "length": 43.6839, "mcpPosition": [-149.595, 183.905, 29.7798], "pipPosition": [-146.633, 213.48, 22.5899], "stabilizedTipPosition": [-146.194, 239.855, 14.1117], "timeVisible": 11.3174, "tipPosition": [-142.439, 240.406, 15.2537], "tipVelocity": [176.818, 20.0203, 4.34084], "tool": false, "touchDistance": 0.210326, "touchZone": "hovering", "type": 4, "width": 15.1538}], "r": [[-0.0703056, 0.347092, 0.935192], [0.565061, -0.758735, 0.32408], [0.822048, 0.551225, -0.142785]], "s": 1.12712, "t": [3.45376, 1.50861, -23.477], "timestamp": 8087099802}, {"currentFrameRate": 107.855, "devices": [], "gestures": [], "hands": [{"armBasis": [[0.97134, -0.0672206, -0.227993], [0.214165, 0.663603, 0.716774], [0.103115, -0.745059, 0.65898]], "armWidth": 59.0231, "confidence": 1, "direction": [0.0666889, 0.98746, -0.143092], "elbow": [-153.498, -67.8452, 215.524], "grabAngle": 0.177488, "grabStrength": 0, "id": 118, "palmNormal": [0.296763, -0.156551, -0.942032], "palmPosition": [-116.351, 174.351, 41.3598], "palmVelocity": [181.64, 34.6711, 1.73517], "palmWidth": 80.6694, "pinchDistance": 45.0466, "pinchStrength": 0, "r": [[-0.0714029, 0.348376, 0.934631], [0.565845, -0.757506, 0.325583], [0.821414, 0.552104, -0.143039]], "s": 1.12801, "sphereCenter": [-62.3116, 145.022, -143.455], "sphereRadius": 197.38, "stabilizedPalmPosition": [-124.467, 173.417, 41.8257], "t": [-1.9359, 1.73366, -23.4436], "timeVisible": 11.3263, "type": "left", "wrist": [-128.815, 110.503, 57.7809]}], "id": 148895, "interactionBox": {"center": [0, 200, 0], "size": [235.247, 235.247, 147.751]}, "pointables": [{"bases": [[[0.635751, 0.340901, 0.692536], [-0.60792, -0.331743, 0.721374], [0.475662, -0.879621, -0.00366566]], [[0.568053, 0.453057, 0.687063], [-0.605073, -0.335973, 0.721809], [0.557856, -0.825749, 0.0832818]], [[0.568053, 0.453057, 0.687063], [-0.805415, 0.134419, 0.577267], [0.16918, -0.881289, 0.441257]], [[0.568053, 0.453057, 0.687063], [-0.799629, 0.501343, 0.330529], [-0.194705, -0.737153, 0.647067]]], "btipPosition": [-74.6664, 200.255, 19.0577], "carpPosition": [-100.402, 122.804, 48.8518], "dipPosition": [-70.7254, 185.335, 32.1546], "direction": [0.16918, 0.881289, -0.441257], "extended": false, "handId": 118, "id": 1180, "length": 45.0726, "mcpPosition": [-100.402, 122.804, 48.8518], "pipPosition": [-75.7141, 159.348, 45.1662], "stabilizedTipPosition": [-76.2021, 196.671, 21.8086], "timeVisible": 11.3263, "tipPosition": [-73.3463, 195.598, 19.1916], "tipVelocity": [200.703, 17.5484, 21.4287], "tool": false, "touchDistance": 0.31425, "touchZone": "hovering", "type": 0, "width": 19.1104}, {"bases": [[[0.927899, 0.185866, -0.323199], [0.260001,