{"frames": 82, "data": [{"currentFrameRate": 112.775, "devices": [], "gestures": [], "hands": [{"armBasis": [[0.680743, -0.0919356, -0.726731], [0.481715, 0.803585, 0.349573], [0.551852, -0.588046, 0.591321]], "armWidth": 59.0231, "confidence": 1, "direction": [0.183543, 0.956126, -0.22833], "elbow": [-80.3994, -52.5464, 179.012], "grabAngle": 0.13628, "grabStrength": 0, "id": 120, "palmNormal": [0.739889, -0.287299, -0.608296], "palmPosition": [75.1204, 148.87, 21.065], "palmVelocity": [-98.3505, 0.928915, -2.25447], "palmWidth": 80.6694, "pinchDistance": 55.2738, "pinchStrength": 0, "r": [[0.764111, -0.619207, -0.180878], [0.59612, 0.784942, -0.16884], [0.246525, 0.0211876, 0.968905]], "s": 1.01818, "sphereCenter": [96.9166, 167.258, -17.8946], "sphereRadius": 56.8332, "stabilizedPalmPosition": [80.6629, 148.333, 21.3679], "t": [170.662, 15.627, 12.2491], "timeVisible": 4.20593, "type": "left", "wrist": [51.7003, 88.2172, 37.4648]}], "id": 151209, "interactionBox": {"center": [0, 200, 0], "size": [235.247, 235.247, 147.751]}, "pointables": [{"bases": [[[0.886396, 0.420485, 0.193636], [-0.118349, -0.198551, 0.972919], [0.447545, -0.885308, -0.126231]], [[0.785622, 0.580507, 0.214034], [-0.0828114, -0.244165, 0.966191], [0.61314, -0.776785, -0.143749]], [[0.785622, 0.580507, 0.214034], [-0.397675, 0.208768, 0.89346], [0.473976, -0.787037, 0.394866]], [[0.785622, 0.580507, 0.214034], [-0.571951, 0.549486, 0.609046], [0.235946, -0.600897, 0.76371]]], "btipPosition": [127.898, 169.352, 22.53], "carpPosition": [82.011, 99.6051, 43.2697], "dipPosition": [123.122, 157.19, 37.9879], "direction": [0.473976, 0.787037, -0.394866], "extended": false, "handId": 120, "id": 1200, "length": 45.0726, "mcpPosition": [82.011, 99.6051, 43.2697], "pipPosition": [109.146, 133.982, 49.6314], "stabilizedTipPosition": [132.078, 166.084, 26.4169], "timeVisible": 4.20593, "tipPosition": [126.245, 166.789, 24.0145], "tipVelocity": [-94.9878, -3.37836, -6.61033], "tool": false, "touchDistance": 0.306598, "touchZone": "hovering", "type": 0, "width": 19.1104}, {"bases": [[[0.507601, -0.255632, -0.822796], [0.835261, 0.380289, 0.397139], [0.211379, -0.888838, 0.406554]], [[0.484746, -0.168359, -0.858299], [0.838613, 0.368255, 0.401393], [0.248495, -0.914354, 0.319698]], [[0.484746, -0.168359, -0.858299], [0.818318, 0.433784, 0.377077], [0.308832, -0.885148, 0.348046]], [[0.484746, -0.168359, -0.858299], [0.798607, 0.485407, 0.355819], [0.356719, -0.857925, 0.369751]]], "btipPosition": [87.2764, 235.233, -19.7485], "carpPosition": [52.7723, 115.471, 29.4961], "dipPosition": [81.5123, 221.37, -13.7738], "direction": [0.308832, 0.885148, -0.348046], "extended": true, "handId": 120, "id": 1203, "length": 55.7206, "mcpPosition": [64.5112, 164.832, 6.91809], "pipPosition": [74.1133, 200.164, -5.43532], "stabilizedTipPosition": [92.0151, 231.326, -18.3753], "timeVisible": 4.20593, "tipPosition": [88.2173, 230.068, -20.8299], "tipVelocity": [-95.2942, 2.66185, 1.8122], "tool": false, "touchDistance": 0.320773, "touchZone": "hovering", "type": 3, "width": 17.0597}, {"bases": [[[0.38362, -0.416084, -0.824445], [0.919415, 0.255869, 0.298677], [0.0866748, -0.872585, 0.48071]], [[0.354684, -0.211309, -0.910795], [0.92167, 0.242838, 0.302579], [0.157238, -0.946773, 0.280888]], [[0.354684, -0.211309, -0.910795], [0.902107, 0.333398, 0.27395], [0.245769, -0.918801, 0.308874]], [[0.354684, -0.211309, -0.910795], [0.891706, 0.369394, 0.261549], [0.281175, -0.904929, 0.319444]]], "btipPosition": [68.0886, 213.822, -25.3588], "carpPosition": [50.4757, 110.98, 17.93], "dipPosition": [63.8971, 200.333, -20.5968], "direction": [0.245769, 0.918801, -0.308874], "extended": true, "handId": 120, "id": 1204, "length": 43.6839, "mcpPosition": [54.9315, 155.838, -6.78244], "pipPosition": [59.7398, 184.791, -15.3721], "stabilizedTipPosition": [73.0089, 210.143, -24.1866], "timeVisible": 4.20593, "tipPosition": [68.577, 209.143, -27.3293], "tipVelocity": [-96.1339, 2.99181, -1.59567], "tool": false, "touchDistance": 0.320196, "touchZone": "hovering", "type": 4, "width": 15.1538}, {"bases": [[[0.607201, 0.104058, -0.787704], [0.688743, 0.425366, 0.587109], [0.396156, -0.899019, 0.186613]], [[0.679574, -0.0966128, -0.727217], [0.68571, 0.43597, 0.582866], [0.260733, -0.89476, 0.362522]], [[0.679574, -0.0966128, -0.727217], [0.680581, 0.453058, 0.575803], [0.273842, -0.886231, 0.373639]], [[0.679574, -0.0966128, -0.727217], [0.64012, 0.562334, 0.523475], [0.358365, -0.821247, 0.443992]]], "btipPosition": [112.845, 235.791, 6.20053], "carpPosition": [66.298, 113.246, 46.2132], "dipPosition": [107.549, 223.656, 12.7611], "direction": [0.273842, 0.886231, -0.373639], "extended": true, "handId": 120, "id": 1201, "length": 50.8594, "mcpPosition": [92.1373, 171.885, 34.0413], "pipPosition": [101.825, 205.131, 20.5715], "stabilizedTipPosition": [117.524, 232.17, 7.23306], "timeVisible": 4.20593, "tipPosition": [114.757, 230.366, 5.46619], "tipVelocity": [-89.9662, -0.516359, 5.9029], "tool": false, "touchDistance": 0.337669, "touchZone": "hovering", "type": 1, "width": 18.2543}, {"bases": [[[0.528771, -0.0924086, -0.843719], [0.790012, 0.416993, 0.449441], [0.310293, -0.9042, 0.293498]], [[0.542077, -0.132622, -0.829798], [0.793996, 0.404196, 0.454088], [0.275178, -0.905007, 0.324407]], [[0.542077, -0.132622, -0.829798], [0.766539, 0.482672, 0.423609], [0.34434, -0.865701, 0.363306]], [[0.542077, -0.132622, -0.829798], [0.740424, 0.542361, 0.397009], [0.397398, -0.829612, 0.392198]]], "btipPosition": [104.499, 243.91, -8.491], "carpPosition": [58.9081, 115.482, 38.4952], "dipPosition": [98.0406, 230.427, -2.11693], "direction": [0.34434, 0.865701, -0.363306], "extended": true, "handId": 120, "id": 1202, "length": 57.9502, "mcpPosition": [78.1012, 171.411, 20.341], "pipPosition": [89.5722, 209.137, 6.81787], "stabilizedTipPosition": [105.521, 240.528, -7.3209], "timeVisible": 4.20593, "tipPosition": [105.488, 238.821, -9.00825], "tipVelocity": [-95.5179, 3.02938, 7.35186], "tool": false, "touchDistance": -0.270468, "touchZone": "touching", "type": 2, "width": 17.9281}], "r": [[0.764111, -0.619207, -0.180878], [0.59612, 0.784942, -0.16884], [0.246525, 0.0211876, 0.968905]], "s": 1.01818, "t": [-170.662, 15.627, 12.2491], "timestamp": 8107504861}, {"currentFrameRate": 112.879, "devices": [], "gestures": [], "hands": [{"armBasis": [[0.682119, -0.0939186, -0.725185], [0.481841, 0.803699, 0.349139], [0.55004, -0.587578, 0.593472]], "armWidth": 59.0231, "confidence": 1, "direction": [0.182711, 0.956636, -0.226859], "elbow": [-80.7827, -52.366, 179.464], "grabAngle": 0.13594, "grabStrength": 0, "id": 120, "palmNormal": [0.740817, -0.285659, -0.607939], "palmPosition": [74.2374, 148.973, 21.0683], "palmVelocity": [-101.745, 11.8702, 0.383622], "palmWidth": 80.6694, "pinchDistance": 55.2621, "pinchStrength": 0, "r": [[0.763364, -0.619811, -0.18196], [0.596801, 0.784495, -0.168512], [0.247193, 0.0200417, 0.968759]], "s": 1.01849, "sphereCenter": [96.3475, 167.24, -18.1074], "sphereRadius": 57.0693, "stabilizedPalmPosition": [80.2352, 148.375, 21.348], "t": [169.817, 15.6846, 12.2407], "timeVisible": 4.21461, "type": "left", "wrist": [50.8832, 88.2855, 37.4013]}], "id": 151210, "interactionBox": {"center": [0, 200, 0], "size": [235.247, 235.247, 147.751]}, "pointables": [{"bases": [[[0.887055, 0.419242, 0.193311], [-0.117594, -0.19973, 0.972769], [0.446435, -0.885632, -0.127871]], [[0.78578, 0.580257, 0.214129], [-0.0828638, -0.244318, 0.966148], [0.61293, -0.776924, -0.143898]], [[0.78578, 0.580257, 0.214129], [-0.39747, 0.208486, 0.893617], [0.473885, -0.787296, 0.394459]], [[0.78578, 0.580257, 0.214129], [-0.57177, 0.549466, 0.609234], [0.235856, -0.601156, 0.763533]]], "btipPosition": [127.034, 169.452, 22.4961], "carpPosition": [81.1605, 99.686, 43.2136], "dipPosition": [122.26, 157.285, 37.9504], "direction": [0.473885, 0.787296, -0.394459], "extended": false, "handId": 120, "id": 1200, "length": 45.0726, "mcpPosition": [81.1605, 99.686, 43.2136], "pipPosition": [108.286, 134.069, 49.5819], "stabilizedTipPosition": [131.618, 166.126, 26.3894], "timeVisible": 4.21461, "tipPosition": [125.344, 166.942, 24.1105], "tipVelocity": [-99.5551, 11.3657, -4.00043], "tool": false, "touchDistance": 0.306023, "touchZone": "hovering", "type": 0, "width": 19.1104}, {"bases": [[[0.506491, -0.255086, -0.823649], [0.83608, 0.378828, 0.396812], [0.2108, -0.889618, 0.405145]], [[0.483733, -0.167864, -0.858967], [0.839252, 0.367412, 0.400829], [0.24831, -0.914784, 0.318609]], [[0.483733, -0.167864, -0.858967], [0.819349, 0.431883, 0.377021], [0.307685, -0.886171, 0.346455]], [[0.483733, -0.167864, -0.858967], [0.799583, 0.483862, 0.355732], [0.355907, -0.858894, 0.368281]]], "btipPosition": [86.3422, 235.4, -19.6304], "carpPosition": [51.918, 115.538, 29.432], "dipPosition": [80.5912, 221.522, -13.6794], "direction": [0.307685, 0.886171, -0.346455], "extended": true, "handId": 120, "id": 1203, "length": 55.7206, "mcpPosition": [63.6248, 164.943, 6.93227], "pipPosition": [73.2197, 200.291, -5.37908], "stabilizedTipPosition": [91.4837, 231.393, -18.3666], "timeVisible": 4.21461, "tipPosition": [87.2839, 230.244, -20.7017], "tipVelocity": [-107.305, 18.8361, 12.9796], "tool": false, "touchDistance": 0.322737, "touchZone": "hovering", "type": 3, "width": 17.0597}, {"bases": [[[0.382331, -0.415399, -0.825389], [0.919997, 0.254447, 0.298098], [0.0861882, -0.873327, 0.479449]], [[0.353593, -0.210796, -0.911338], [0.922269, 0.241238, 0.302035], [0.156181, -0.947296, 0.279711]], [[0.353593, -0.210796, -0.911338], [0.903018, 0.331056, 0.27379], [0.24399, -0.919765, 0.307412]], [[0.353593, -0.210796, -0.911338], [0.892736, 0.366931, 0.261503], [0.279275, -0.90605, 0.31793]]], "btipPosition": [67.1352, 213.99, -25.283], "carpPosition": [49.638, 111.06, 17.8576], "dipPosition": [62.972, 200.483, -20.5436], "direction": [0.24399, 0.919765, -0.307412], "extended": true, "handId": 120, "id": 1204, "length": 43.6839, "mcpPosition": [54.0687, 155.956, -6.78997], "pipPosition": [58.8448, 184.925, -15.3436], "stabilizedTipPosition": [72.4787, 210.2, -24.1871], "timeVisible": 4.21461, "tipPosition": [67.6714, 209.308, -27.2427], "tipVelocity": [-109.12, 18.817, 8.13288], "tool": false, "touchDistance": 0.321497, "touchZone": "hovering", "type": 4, "width": 15.1538}, {"bases": [[[0.606527, 0.104446, -0.788173], [0.689803, 0.423811, 0.586989], [0.395345, -0.899708, 0.185006]], [[0.67852, -0.095612, -0.728333], [0.68648, 0.435422, 0.582369], [0.261451, -0.895135, 0.361078]], [[0.67852, -0.095612, -0.728333], [0.680881, 0.453984, 0.574717], [0.275701, -0.885865, 0.373137]], [[0.67852, -0.095612, -0.728333], [0.641107, 0.561091, 0.523602], [0.358598, -0.822214, 0.442009]]], "btipPosition": [111.992, 235.916, 6.34534], "carpPosition": [65.4294, 113.306, 46.1597], "dipPosition": [106.693, 223.767, 12.8766], "direction": [0.275701, 0.885865, -0.373137], "extended": true, "handId": 120, "id": 1201, "length": 50.8594, "mcpPosition": [91.2157, 171.989, 34.0927], "pipPosition": [100.93, 205.249, 20.6766], "stabilizedTipPosition": [117.023, 232.24, 7.27862], "timeVisible": 4.21461, "tipPosition": [113.775, 230.554, 5.63632], "tipVelocity": [-98.3307, 14.0176, 15.9114], "tool": false, "touchDistance": 0.339307, "touchZone": "hovering", "type": 1, "width": 18.2543}, {"bases": [[[0.527822, -0.0918583, -0.844373], [0.790925, 0.415512, 0.449208], [0.309583, -0.904938, 0.291969]], [[0.541024, -0.131877, -0.830603], [0.794747, 0.403212, 0.45365], [0.275083, -0.905555, 0.322956]], [[0.541024, -0.131877, -0.830603], [0.767546, 0.481109, 0.423565], [0.343752, -0.866685, 0.361513]], [[0.541024, -0.131877, -0.830603], [0.74145, 0.540913, 0.397071], [0.39692, -0.830675, 0.390427]]], "btipPosition": [103.566, 244.081, -8.321], "carpPosition": [58.0448, 115.543, 38.4373], "dipPosition": [97.1149, 230.581, -1.97572], "direction": [0.343752, 0.866685, -0.361513], "extended": true, "handId": 120, "id": 1202, "length": 57.9502, "mcpPosition": [77.1939, 171.518, 20.3777], "pipPosition": [88.661, 209.267, 6.91499], "stabilizedTipPosition": [104.534, 240.657, -7.1891], "timeVisible": 4.21461, "tipPosition": [104.531, 239.001, -8.8498], "tipVelocity": [-107.36, 19.3121, 18.8265], "tool": false, "touchDistance": -0.267861, "touchZone": "touching", "type": 2, "width": 17.9281}], "r": [[0.763364, -0.619811, -0.18196], [0.596801, 0.784495, -0.168512], [0.247193, 0.0200417, 0.968759]], "s": 1.01849, "t": [-169.817, 15.6846, 12.2407], "timestamp": 8107513539}, {"currentFrameRate": 112.882, "devices": [], "gestures": [], "hands": [{"armBasis": [[0.684041, -0.0965069, -0.723032], [0.481722, 0.804082, 0.348419], [0.547752, -0.586633, 0.596514]], "armWidth": 59.0231, "confidence": 1, "direction": [0.182164, 0.956946, -0.22599], "elbow": [-81.1383, -52.0411, 180.169], "grabAngle": 0.135843, "grabStrength": 0, "id": 120, "palmNormal": [0.741526, -0.284635, -0.607554], "palmPosition": [73.2803, 149.089, 21.0674], "palmVelocity": [-108.101, 13.1067, -0.096611], "palmWidth": 80.6694, "pinchDistance": 55.2421, "pinchStrength": 0, "r": [[0.762641, -0.620382, -0.183044], [0.597437, 0.784071, -0.168228], [0.247885, 0.0189407, 0.968604]], "s": 1.01882, "sphereCenter": [96.2793, 166.843, -18.8091], "sphereRadius": 57.7621, "stabilizedPalmPosition": [79.7151, 148.429, 21.327], "t": [168.917, 15.7714, 12.2361], "timeVisible": 4.22346, "type": "left", "wrist": [49.98, 88.3843, 37.3785]}], "id": 151211, "interactionBox": {"center": [0, 200, 0], "size": [235.247, 235.247, 147.751]}, "pointables": [{"bases": [[[0.887531, 0.418419, 0.192909], [-0.11696, -0.200374, 0.972713], [0.445656, -0.885876, -0.1289]], [[0.785604, 0.580525, 0.214047], [-0.0831571, -0.243741, 0.966269], [0.613116, -0.776904, -0.14321]], [[0.785604, 0.580525, 0.214047], [-0.397687, 0.208746, 0.89346], [0.473995, -0.787029, 0.394859]], [[0.785604, 0.580525, 0.214047], [-0.572046, 0.549657, 0.608803], [0.235773, -0.600723, 0.7639]]], "btipPosition": [126.106, 169.539, 22.414], "carpPosition": [80.223, 99.7906, 43.1812], "dipPosition": [121.334, 157.38, 37.8757], "direction": [0.473995, 0.787029, -0.394859], "extended": false, "handId": 120, "id": 1200, "length": 45.0726, "mcpPosition": [80.223, 99.7906, 43.1812], "pipPosition": [107.357, 134.173, 49.5191], "stabilizedTipPosition": [131.075, 166.177, 26.355], "timeVisible": 4.22346, "tipPosition": [124.377, 167.091, 24.1831], "tipVelocity": [-104.729, 10.0702, -9.08166], "tool": false, "touchDistance": 0.304821, "touchZone": "hovering", "type": 0, "width": 19.1104}, {"bases": [[[0.50563, -0.254851, -0.824251], [0.836689, 0.377891, 0.396421], [0.210449, -0.890084, 0.404304]], [[0.48294, -0.167688, -0.859448], [0.839556, 0.367574, 0.400044], [0.248828, -0.914752, 0.318299]], [[0.48294, -0.167688, -0.859448], [0.820047, 0.430796, 0.376746], [0.307071, -0.886733, 0.34556]], [[0.48294, -0.167688, -0.859448], [0.800262, 0.482942, 0.355455], [0.355458, -0.859446, 0.367426]]], "btipPosition": [85.3824, 235.54, -19.5806], "carpPosition": [50.9796, 115.63, 29.3879], "dipPosition": [79.6386, 221.652, -13.6434], "direction": [0.307071, 0.886733, -0.34556], "extended": true, "handId": 120, "id": 1203, "length": 55.7206, "mcpPosition": [62.6669, 165.061, 6.93487], "pipPosition": [72.2818, 200.408, -5.3645], "stabilizedTipPosition": [90.8598, 231.473, -18.3539], "timeVisible": 4.22346, "tipPosition": [86.2923, 230.407, -20.6239], "tipVelocity": [-108.218, 15.5505, 5.26953], "tool": false, "touchDistance": 0.323605, "touchZone": "hovering", "type": 3, "width": 17.0597}, {"bases": [[[0.381347, -0.415067, -0.826011], [0.920431, 0.253521, 0.297545], [0.0859096, -0.873754, 0.47872]], [[0.352732, -0.210583, -0.911721], [0.922629, 0.24071, 0.301354], [0.156001, -0.947477, 0.279196]], [[0.352732, -0.210583, -0.911721], [0.903635, 0.329638, 0.273466], [0.24295, -0.920323, 0.306563]], [[0.352732, -0.210583, -0.911721], [0.893545, 0.365041, 0.261385], [0.277772, -0.906863, 0.316927]]], "btipPosition": [66.1497, 214.138, -25.2498], "carpPosition": [48.7124, 111.16, 17.8083], "dipPosition": [62.0089, 200.62, -20.5253], "direction": [0.24295, 0.920323, -0.306563], "extended": true, "handId": 120, "id": 1204, "length": 43.6839, "mcpPosition": [53.1288, 156.078, -6.80186], "pipPosition": [57.8994, 185.052, -15.3397], "stabilizedTipPosition": [71.8516, 210.271, -24.185], "timeVisible": 4.22346, "tipPosition": [66.7058, 209.457, -27.2002], "tipVelocity": [-110.714, 16.4916, 3.35806], "tool": false, "touchDistance": 0.322128, "touchZone": "hovering", "type": 4, "width": 15.1538}, {"bases": [[[0.605969, 0.104578, -0.788585], [0.6906, 0.422842, 0.58675], [0.394808, -0.900149, 0.184007]], [[0.677621, -0.094734, -0.729284], [0.686864, 0.435859, 0.581588], [0.262769, -0.895015, 0.360417]], [[0.677621, -0.094734, -0.729284], [0.680587, 0.456492, 0.573075], [0.278623, -0.884669, 0.373804]], [[0.677621, -0.094734, -0.729284], [0.641649, 0.560697, 0.523359], [0.359328, -0.822584, 0.440726]]], "btipPosition": [111.128, 236.011, 6.40518], "carpPosition": [64.4792, 113.396, 46.1248], "dipPosition": [105.818, 223.856, 12.9175], "direction": [0.278623, 0.884669, -0.373804], "extended": true, "handId": 120, "id": 1201, "length": 50.8594, "mcpPosition": [90.2305, 172.108, 34.1229], "pipPosition": [99.9939, 205.363, 20.7314], "stabilizedTipPosition": [116.451, 232.319, 7.32883], "timeVisible": 4.22346, "tipPosition": [112.738, 230.738, 5.7519], "tipVelocity": [-97.9068, 10.6084, 6.26524], "tool": false, "touchDistance": 0.339542, "touchZone": "hovering", "type": 1, "width": 18.2543}, {"bases": [[[0.527069, -0.0916236, -0.844869], [0.791605, 0.41457, 0.448881], [0.309129, -0.905393, 0.291036]], [[0.540168, -0.131397, -0.831236], [0.79517, 0.403094, 0.453012], [0.275542, -0.905676, 0.322222]], [[0.540168, -0.131397, -0.831236], [0.768202, 0.480312, 0.423281], [0.343635, -0.8672, 0.360388]], [[0.540168, -0.131397, -0.831236], [0.742085, 0.540211, 0.39684], [0.3969, -0.831208, 0.389312]]], "btipPosition": [102.608, 244.227, -8.22609], "carpPosition": [57.0991, 115.634, 38.3981], "dipPosition": [96.1574, 230.718, -1.89892], "direction": [0.343635, 0.8672, -0.360388], "extended": true, "handId": 120, "id": 1202, "length": 57.9502, "mcpPosition": [76.2202, 171.637, 20.3962], "pipPosition": [87.7064, 209.391, 6.96413], "stabilizedTipPosition": [103.453, 240.803, -7.05646], "timeVisible": 4.22346, "tipPosition": [103.521, 239.169, -8.75175], "tipVelocity": [-108.17, 16.1746, 10.2491], "tool": false, "touchDistance": -0.266499, "touchZone": "touching", "type": 2, "width": 17.9281}], "r": [[0.762641, -0.620382, -0.183044], [0.597437, 0.784071, -0.168228], [0.247885, 0.0189407, 0.968604]], "s": 1.01882, "t": [-168.917, 15.7714, 12.2361], "timestamp": 8107522393}, {"currentFrameRate": 113.088, "devices": [], "gestures": [], "hands": [{"armBasis": [[0.685934, -0.0990052, -0.720897], [0.481727, 0.804302, 0.347904], [0.545375, -0.585914, 0.599392]], "armWidth": 59.0231, "confidence": 1, "direction": [0.181211, 0.957453, -0.224602], "elbow": [-81.3778, -51.6753, 180.947], "grabAngle": 0.135807, "grabStrength": 0, "id": 120, "palmNormal": [0.742374, -0.282966, -0.607298], "palmPosition": [72.394, 149.317, 21.2097], "palmVelocity": [-104.451, 26.8128, 16.7667], "palmWidth": 80.6694, "pinchDistance": 55.2473, "pinchStrength": 0, "r": [[0.761883, -0.620971, -0.184198], [0.598105, 0.783632, -0.1679], [0.248605, 0.0177503, 0.968442]], "s": 1.01924, "sphereCenter": [96.4754, 166.471, -19.5201], "sphereRadius": 58.642, "stabilizedPalmPosition": [79.1498, 148.497, 21.3179], "t": [168.023, 15.9286, 12.305], "timeVisible": 4.23195, "type": "left", "wrist": [49.1714, 88.578, 37.4678]}], "id": 151212, "interactionBox": {"center": [0, 200, 0], "size": [235.247, 235.247, 147.751]}, "pointables": [{"bases": [[[0.888191, 0.417111, 0.192704], [-0.116383, -0.20149, 0.972552], [0.44449, -0.886239, -0.130417]], [[0.785441, 0.580657, 0.214291], [-0.0833463, -0.243844, 0.966226], [0.6133, -0.776774, -0.143129]], [[0.785441, 0.580657, 0.214291], [-0.397596, 0.20801, 0.893672], [0.474342, -0.787127, 0.394246]], [[0.785441, 0.580657, 0.214291], [-0.572076, 0.54892, 0.609439], [0.236247, -0.601269, 0.763324]]], "btipPosition": [125.288, 169.755, 22.5247], "carpPosition": [79.3771, 99.9979, 43.2657], "dipPosition": [120.506, 157.585, 37.9747], "direction": [0.474342, 0.787127, -0.394246], "extended": false, "handId": 120, "id": 1200, "length": 45.0726, "mcpPosition": [79.3771, 99.9979, 43.2657], "pipPosition": [106.519, 134.375, 49.6], "stabilizedTipPosition": [130.503, 166.242, 26.332], "timeVisible": 4.23195, "tipPosition": [123.474, 167.372, 24.4085], "tipVelocity": [-96.6616, 25.0955, 12.7278], "tool": false, "touchDistance": 0.306621, "touchZone": "hovering", "type": 0, "width": 19.1104}, {"bases": [[[0.504635, -0.254389, -0.825003], [0.837472, 0.376381, 0.396205], [0.209725, -0.890856, 0.402979]], [[0.482016, -0.167145, -0.860071], [0.840041, 0.367116, 0.399446], [0.24898, -0.915035, 0.317365]], [[0.482016, -0.167145, -0.860071], [0.820963, 0.429079, 0.376711], [0.306073, -0.887667, 0.344043]], [[0.482016, -0.167145, -0.860071], [0.801119, 0.481567, 0.35539], [0.35478, -0.860323, 0.366026]]], "btipPosition": [84.46, 235.82, -19.3315], "carpPosition": [50.1264, 115.821, 29.4683], "dipPosition": [78.7271, 221.919, -13.417], "direction": [0.306073, 0.887667, -0.344043], "extended": true, "handId": 120, "id": 1203, "length": 55.7206, "mcpPosition": [61.7734, 165.294, 7.08885], "pipPosition": [71.3943, 200.652, -5.17441], "stabilizedTipPosition": [90.1996, 231.572, -18.3211], "timeVisible": 4.23195, "tipPosition": [85.3382, 230.708, -20.3597], "tipVelocity": [-108.415, 32.6817, 28.7393], "tool": false, "touchDistance": 0.327724, "touchZone": "hovering", "type": 3, "width": 17.0597}, {"bases": [[[0.380159, -0.414455, -0.826866], [0.920983, 0.252038, 0.297099], [0.0852678, -0.874473, 0.47752]], [[0.351776, -0.210168, -0.912186], [0.923157, 0.239278, 0.300878], [0.155031, -0.947932, 0.27819]], [[0.351776, -0.210168, -0.912186], [0.90452, 0.327235, 0.273425], [0.241034, -0.921275, 0.305215]], [[0.351776, -0.210168, -0.912186], [0.894542, 0.362551, 0.26144], [0.275767, -0.907957, 0.315541]]], "btipPosition": [65.1865, 214.424, -25.0412], "carpPosition": [47.8741, 111.362, 17.881], "dipPosition": [61.0756, 200.889, -20.3374], "direction": [0.241034, 0.921275, -0.305215], "extended": true, "handId": 120, "id": 1204, "length": 43.6839, "mcpPosition": [52.2576, 156.318, -6.66747], "pipPosition": [56.9985, 185.305, -15.1746], "stabilizedTipPosition": [71.1764, 210.364, -24.165], "timeVisible": 4.23195, "tipPosition": [65.7841, 209.743, -26.9782], "tipVelocity": [-112.707, 33.2369, 24.026], "tool": false, "touchDistance": 0.325643, "touchZone": "hovering", "type": 4, "width": 15.1538}, {"bases": [[[0.605432, 0.104873, -0.788958], [0.691596, 0.42126, 0.586715], [0.393887, -0.900856, 0.182514]], [[0.676628, -0.0936422, -0.730347], [0.687363, 0.435981, 0.580906], [0.26402, -0.895071, 0.359363]], [[0.676628, -0.0936422, -0.730347], [0.680209, 0.459285, 0.57129], [0.28194, -0.883339, 0.374461]], [[0.676628, -0.0936422, -0.730347], [0.642412, 0.559799, 0.523385], [0.359836, -0.82332, 0.438932]]], "btipPosition": [110.326, 236.227, 6.64326], "carpPosition": [63.6145, 113.581, 46.2136], "dipPosition": [105.009, 224.061, 13.1291], "direction": [0.28194, 0.883339, -0.374461], "extended": true, "handId": 120, "id": 1201, "length": 50.8594, "mcpPosition": [89.3058, 172.339, 34.3091], "pipPosition": [99.1157, 205.596, 20.9567], "stabilizedTipPosition": [115.866, 232.407, 7.39303], "timeVisible": 4.23195, "tipPosition": [111.733, 231.063, 6.05952], "tipVelocity": [-94.6488, 25.1581, 27.3407], "tool": false, "touchDistance": 0.342401, "touchZone": "hovering", "type": 1, "width": 18.2543}, {"bases": [[[0.526251, -0.0911613, -0.845429], [0.792475, 0.413045, 0.44875], [0.308292, -0.906136, 0.289608]], [[0.539232, -0.13071, -0.831952], [0.795744, 0.402509, 0.452525], [0.275718, -0.906036, 0.321057]], [[0.539232, -0.13071, -0.831952], [0.769005, 0.479136, 0.423155], [0.343308, -0.867953, 0.358883]], [[0.539232, -0.13071, -0.831952], [0.742897, 0.539116, 0.396809], [0.396652, -0.832027, 0.387813]]], "btipPosition": [101.691, 244.505, -7.94234], "carpPosition": [56.2383, 115.82, 38.4836], "dipPosition": [95.2441, 230.983, -1.63954], "direction": [0.343308, 0.867953, -0.358883], "extended": true, "handId": 120, "id": 1202, "length": 57.9502, "mcpPosition": [75.3076, 171.868, 20.57], "pipPosition": [86.8011, 209.637, 7.18649], "stabilizedTipPosition": [102.402, 240.995, -6.87397], "timeVisible": 4.23195, "tipPosition": [102.543, 239.479, -8.45992], "tipVelocity": [-108.008, 32.4845, 32.7814], "tool": false, "touchDistance": -0.262034, "touchZone": "touching", "type": 2, "width": 17.9281}], "r": [[0.761883, -0.620971, -0.184198], [0.598105, 0.783632, -0.1679], [0.248605, 0.0177503, 0.968442]], "s": 1.01924, "t": [-168.023, 15.9286, 12.305], "timestamp": 8107530878}, {"currentFrameRate": 113.178, "devices": [], "gestures": [], "hands": [{"armBasis": [[0.688558, -0.101634, -0.718024], [0.481457, 0.804498, 0.347825], [0.542298, -0.585195, 0.602876]], "armWidth": 59.0231, "confidence": 1, "direction": [0.182719, 0.957116, -0.224819], "elbow": [-81.7252, -51.3132, 181.769], "grabAngle": 0.134821, "grabStrength": 0, "id": 120, "palmNormal": [0.742413, -0.284231, -0.606659], "palmPosition": [71.3628, 149.469, 21.1556], "palmVelocity": [-118.787, 17.5984, -6.23117], "palmWidth": 80.6694, "pinchDistance": 55.2211, "pinchStrength": 0, "r": [[0.761424, -0.621241, -0.185187], [0.598395, 0.783437, -0.167781], [0.249315, 0.0169378, 0.968274]], "s": 1.01962, "sphereCenter": [96.2336, 166.101, -20.1775], "sphereRadius": 59.2561, "stabilizedPalmPosition": [78.4721, 148.582, 21.3038], "t": [167.061, 16.0836, 12.3124], "timeVisible": 4.24063, "type": "left", "wrist": [48.0875, 88.768, 37.4553]}], "id": 151213, "interactionBox": {"center": [0, 200, 0], "size": [235.247, 235.247, 147.751]}, "pointables": [{"bases": [[[0.887743, 0.418429, 0.191911], [-0.115398, -0.2013, 0.972708], [0.445641, -0.885661, -0.130416]], [[0.784179, 0.582613, 0.213602], [-0.0829581, -0.242704, 0.966547], [0.614965, -0.775665, -0.141991]], [[0.784179, 0.582613, 0.213602], [-0.398173, 0.208411, 0.893321], [0.475943, -0.785574, 0.395413]], [[0.784179, 0.582613, 0.213602], [-0.573363, 0.548643, 0.608478], [0.237316, -0.599627, 0.764283]]], "btipPosition": [124.314, 169.778, 22.3893], "carpPosition": [78.2606, 100.149, 43.2345], "dipPosition": [119.511, 157.641, 37.8588], "direction": [0.475943, 0.785574, -0.395413], "extended": false, "handId": 120, "id": 1200, "length": 45.0726, "mcpPosition": [78.2606, 100.149, 43.2345], "pipPosition": [105.476, 134.477, 49.5184], "stabilizedTipPosition": [129.839, 166.31, 26.297], "timeVisible": 4.24063, "tipPosition": [122.472, 167.45, 24.3974], "tipVelocity": [-112.76, 3.52336, -15.0788], "tool": false, "touchDistance": 0.30478, "touchZone": "hovering", "type": 0, "width": 19.1104}, {"bases": [[[0.504397, -0.25398, -0.825275], [0.837227, 0.377702, 0.395464], [0.211268, -0.890413, 0.40315]], [[0.481612, -0.166717, -0.860381], [0.839521, 0.369503, 0.398336], [0.251504, -0.914151, 0.317919]], [[0.481612, -0.166717, -0.860381], [0.82086, 0.4297, 0.376226], [0.306983, -0.887448, 0.3438]], [[0.481612, -0.166717, -0.860381], [0.800917, 0.482284, 0.354873], [0.355784, -0.860005, 0.3658]]], "btipPosition": [83.597, 235.938, -19.411], "carpPosition": [49.0421, 116.008, 29.4103], "dipPosition": [77.8479, 222.042, -13.5001], "direction": [0.306983, 0.887448, -0.3438], "extended": true, "handId": 120, "id": 1203, "length": 55.7206, "mcpPosition": [60.7749, 165.457, 7.02129], "pipPosition": [70.4933, 200.78, -5.2634], "stabilizedTipPosition": [89.471, 231.679, -18.2964], "timeVisible": 4.24063, "tipPosition": [84.4486, 230.83, -20.4308], "tipVelocity": [-99.8405, 13.7295, -9.25546], "tool": false, "touchDistance": 0.326387, "touchZone": "hovering", "type": 3, "width": 17.0597}, {"bases": [[[0.380144, -0.414221, -0.826989], [0.920841, 0.253441, 0.296343], [0.0868415, -0.874179, 0.477776]], [[0.351425, -0.21007, -0.912344], [0.92302, 0.240783, 0.300097], [0.156635, -0.947573, 0.278516]], [[0.351425, -0.21007, -0.912344], [0.904575, 0.327397, 0.273049], [0.241339, -0.921239, 0.305079]], [[0.351425, -0.21007, -0.912344], [0.894736, 0.362215, 0.261242], [0.275586, -0.908114, 0.315248]]], "btipPosition": [64.2369, 214.586, -25.1157], "carpPosition": [46.792, 111.548, 17.823], "dipPosition": [60.1287, 201.048, -20.4162], "direction": [0.241339, 0.921239, -0.305079], "extended": true, "handId": 120, "id": 1204, "length": 43.6839, "mcpPosition": [51.2564, 156.488, -6.73862], "pipPosition": [56.0463, 185.465, -15.2557], "stabilizedTipPosition": [70.4146, 210.471, -24.1524], "timeVisible": 4.24063, "tipPosition": [64.8684, 209.891, -27.0508], "tipVelocity": [-109.327, 18.5625, -8.69177], "tool": false, "touchDistance": 0.32448, "touchZone": "hovering", "type": 4, "width": 15.1538}, {"bases": [[[0.604715, 0.105437, -0.789432], [0.691426, 0.422446, 0.586063], [0.395285, -0.900235, 0.182557]], [[0.676063, -0.0923606, -0.731032], [0.686672, 0.4388, 0.5796], [0.267245, -0.893826, 0.360078]], [[0.676063, -0.0923606, -0.731032], [0.678662, 0.464446, 0.568952], [0.286976, -0.880772, 0.376677]], [[0.676063, -0.0923606, -0.731032], [0.642308, 0.560042, 0.523254], [0.36108, -0.8233, 0.437948]]], "btipPosition": [109.562, 236.261, 6.53468], "carpPosition": [62.5151, 113.755, 46.1661], "dipPosition": [104.226, 224.095, 13.006], "direction": [0.286976, 0.880772, -0.376677], "extended": true, "handId": 120, "id": 1201, "length": 50.8594, "mcpPosition": [88.2975, 172.473, 34.2589], "pipPosition": [98.2272, 205.684, 20.8799], "stabilizedTipPosition": [115.234, 232.496, 7.44588], "timeVisible": 4.24063, "tipPosition": [110.802, 231.179, 6.02517], "tipVelocity": [-88.5892, 3.86742, -12.8935], "tool": false, "touchDistance": 0.339815, "touchZone": "hovering", "type": 1, "width": 18.2543}, {"bases": [[[0.525768, -0.0907291, -0.845775], [0.792217, 0.414322, 0.448028], [0.309774, -0.905597, 0.289715]], [[0.538768, -0.130106, -0.832347], [0.795196, 0.404797, 0.451445], [0.278196, -0.905103, 0.321551]], [[0.538768, -0.130106, -0.832347], [0.768697, 0.480202, 0.422506], [0.344724, -0.867455, 0.358729]], [[0.538768, -0.130106, -0.832347], [0.742578, 0.53996, 0.396259], [0.397879, -0.831574, 0.387527]]], "btipPosition": [100.85, 244.595, -8.01469], "carpPosition": [55.1476, 116.002, 38.43], "dipPosition": [94.3832, 231.08, -1.71654], "direction": [0.344724, 0.867455, -0.358729], "extended": true, "handId": 120, "id": 1202, "length": 57.9502, "mcpPosition": [74.3085, 172.017, 20.5099], "pipPosition": [85.9054, 209.747, 7.10572], "stabilizedTipPosition": [101.349, 241.165, -6.76735], "timeVisible": 4.24063, "tipPosition": [101.654, 239.583, -8.51993], "tipVelocity": [-97.3987, 10.5513, -8.45797], "tool": false, "touchDistance": -0.263257, "touchZone": "touching", "type": 2, "width": 17.9281}], "r": [[0.761424, -0.621241, -0.185187], [0.598395, 0.783437, -0.167781], [0.249315, 0.0169378, 0.968274]], "s": 1.01962, "t": [-167.061, 16.0836, 12.3124], "timestamp": 8107539559}, {"currentFrameRate": 113.146, "devices": [], "gestures": [], "hands": [{"armBasis": [[0.690995, -0.103659, -0.715388], [0.481077, 0.804612, 0.348087], [0.539528, -0.584683, 0.605851]], "armWidth": 59.0231, "confidence": 1, "direction": [0.184322, 0.957302, -0.222709], "elbow": [-82.1637, -50.9235, 182.41], "grabAngle": 0.13412, "grabStrength": 0, "id": 120, "palmNormal": [0.743369, -0.284016, -0.605589], "palmPosition": [70.3205, 149.731, 21.1892], "palmVelocity": [-117.211, 29.4494, 3.77526], "palmWidth": 80.6694, "pinchDistance": 55.2051, "pinchStrength": 0, "r": [[0.761122, -0.621209, -0.186525], [0.598371, 0.783481, -0.16766], [0.25029, 0.0159985, 0.968039]], "s": 1.02004, "sphereCenter": [96.1749, 165.825, -20.8493], "sphereRadius": 60.0394, "stabilizedPalmPosition": [77.6778, 148.694, 21.2926], "t": [166.058, 16.292, 12.3328], "timeVisible": 4.24952, "type": "left", "wrist": [46.9858, 89.0351, 37.3841]}], "id": 151214, "interactionBox": {"center": [0, 200, 0], "size": [235.247, 235.247, 147.751]}, "pointables": [{"bases": [[[0.887657, 0.41913, 0.190774], [-0.11309, -0.203181, 0.972588], [0.446403, -0.8849, -0.132956]], [[0.783152, 0.584175, 0.213102], [-0.0813268, -0.243534, 0.966477], [0.616489, -0.774229, -0.143215]], [[0.783152, 0.584175, 0.213102], [-0.397548, 0.206848, 0.893963], [0.478151, -0.784827, 0.394231]], [[0.783152, 0.584175, 0.213102], [-0.573866, 0.546998, 0.609484], [0.239479, -0.59961, 0.763621]]], "btipPosition": [123.343, 169.906, 22.4512], "carpPosition": [77.1133, 100.363, 43.194], "dipPosition": [118.496, 157.77, 37.9073], "direction": [0.478151, 0.784827, -0.394231], "extended": false, "handId": 120, "id": 1200, "length": 45.0726, "mcpPosition": [77.1133, 100.363, 43.194], "pipPosition": [104.396, 134.627, 49.5321], "stabilizedTipPosition": [129.083, 166.39, 26.2681], "timeVisible": 4.24952, "tipPosition": [121.451, 167.641, 24.5855], "tipVelocity": [-110.32, 14.4381, 6.61676], "tool": false, "touchDistance": 0.306066, "touchZone": "hovering", "type": 0, "width": 19.1104}, {"bases": [[[0.502936, -0.251903, -0.826801], [0.837623, 0.377978, 0.39436], [0.213172, -0.890886, 0.401099]], [[0.480003, -0.164704, -0.861667], [0.83965, 0.370793, 0.396863], [0.254135, -0.913994, 0.316276]], [[0.480003, -0.164704, -0.861667], [0.821405, 0.429277, 0.37552], [0.308044, -0.888028, 0.341343]], [[0.480003, -0.164704, -0.861667], [0.801259, 0.482227, 0.354176], [0.357185, -0.860424, 0.363441]]], "btipPosition": [82.7532, 236.253, -19.2107], "carpPosition": [47.943, 116.281, 29.3362], "dipPosition": [76.9816, 222.349, -13.3379], "direction": [0.308044, 0.888028, -0.341343], "extended": true, "handId": 120, "id": 1203, "length": 55.7206, "mcpPosition": [59.7815, 165.757, 7.06114], "pipPosition": [69.6015, 201.074, -5.16004], "stabilizedTipPosition": [88.686, 231.813, -18.2538], "timeVisible": 4.24952, "tipPosition": [83.5874, 231.154, -20.2197], "tipVelocity": [-95.4611, 35.1677, 21.5412], "tool": false, "touchDistance": 0.32958, "touchZone": "hovering", "type": 3, "width": 17.0597}, {"bases": [[[0.378869, -0.412288, -0.828539], [0.921172, 0.253994, 0.294838], [0.0888856, -0.874932, 0.476018]], [[0.349824, -0.208549, -0.913307], [0.923363, 0.241378, 0.298558], [0.158189, -0.947757, 0.277006]], [[0.349824, -0.208549, -0.913307], [0.90517, 0.326497, 0.272153], [0.241435, -0.921904, 0.302989]], [[0.349824, -0.208549, -0.913307], [0.895461, 0.3609, 0.260578], [0.275269, -0.908988, 0.312999]]], "btipPosition": [63.3066, 214.951, -24.9971], "carpPosition": [45.7123, 111.845, 17.7361], "dipPosition": [59.2031, 201.401, -20.3312], "direction": [0.241435, 0.921904, -0.302989], "extended": true, "handId": 120, "id": 1204, "length": 43.6839, "mcpPosition": [50.2817, 156.824, -6.7351], "pipPosition": [55.1192, 185.807, -15.206], "stabilizedTipPosition": [69.5703, 210.614, -24.1285], "timeVisible": 4.24952, "tipPosition": [63.9933, 210.254, -26.9104], "tipVelocity": [-104.482, 40.7681, 12.4661], "tool": false, "touchDistance": 0.326408, "touchZone": "hovering", "type": 4, "width": 15.1538}, {"bases": [[[0.602908, 0.107567, -0.790526], [0.692176, 0.422207, 0.585349], [0.39673, -0.900095, 0.180097]], [[0.674437, -0.0896319, -0.732872], [0.686829, 0.440393, 0.578204], [0.270926, -0.89332, 0.358579]], [[0.674437, -0.0896319, -0.732872], [0.677698, 0.469083, 0.566292], [0.29302, -0.878594, 0.377111]], [[0.674437, -0.0896319, -0.732872], [0.642733, 0.559767, 0.523025], [0.363358, -0.823788, 0.435137]]], "btipPosition": [108.815, 236.422, 6.73374], "carpPosition": [61.3775, 113.983, 46.1166], "dipPosition": [103.446, 224.249, 13.1635], "direction": [0.29302, 0.878594, -0.377111], "extended": true, "handId": 120, "id": 1201, "length": 50.8594, "mcpPosition": [87.2542, 172.691, 34.3698], "pipPosition": [97.3207, 205.883, 21.0465], "stabilizedTipPosition": [114.568, 232.594, 7.51256], "timeVisible": 4.24952, "tipPosition": [109.858, 231.45, 6.31432], "tipVelocity": [-84.8131, 17.945, 21.3096], "tool": false, "touchDistance": 0.342009, "touchZone": "hovering", "type": 1, "width": 18.2543}, {"bases": [[[0.524072, -0.0885911, -0.847054], [0.792682, 0.414451, 0.447086], [0.311454, -0.90575, 0.287427]], [[0.537135, -0.127941, -0.833737], [0.795359, 0.405959, 0.450114], [0.280875, -0.904891, 0.319814]], [[0.537135, -0.127941, -0.833737], [0.769054, 0.480286, 0.421761], [0.346471, -0.867731, 0.356372]], [[0.537135, -0.127941, -0.833737], [0.742855, 0.539971, 0.395724], [0.399564, -0.831903, 0.385079]]], "btipPosition": [100.017, 244.858, -7.76413], "carpPosition": [54.0292, 116.252, 38.3689], "dipPosition": [93.5233, 231.338, -1.50576], "direction": [0.346471, 0.867731, -0.356372], "extended": true, "handId": 120, "id": 1202, "length": 57.9502, "mcpPosition": [73.294, 172.276, 20.5902], "pipPosition": [85.0025, 209.998, 7.25852], "stabilizedTipPosition": [100.326, 241.376, -6.607], "timeVisible": 4.24952, "tipPosition": [100.774, 239.868, -8.25419], "tipVelocity": [-94.3219, 29.4167, 27.1459], "tool": false, "touchDistance": -0.259234, "touchZone": "touching", "type": 2, "width": 17.9281}], "r": [[0.761122, -0.621209, -0.186525], [0.598371, 0.783481, -0.16766], [0.25029, 0.0159985, 0.968039]], "s": 1.02004, "t": [-166.058, 16.292, 12.3328], "timestamp": 8107548452}, {"currentFrameRate": 113.413, "devices": [], "gestures": [], "hands": [{"armBasis": [[0.695538, -0.102311, -0.711168], [0.477818, 0.805072, 0.351496], [0.536579, -0.584287, 0.608844]], "armWidth": 59.0231, "confidence": 1, "direction": [0.186733, 0.957775, -0.218629], "elbow": [-82.6115, -50.485, 182.963], "grabAngle": 0.133751, "grabStrength": 0, "id": 120, "palmNormal": [0.741995, -0.283355, -0.60758], "palmPosition": [69.2801, 150.071, 21.219], "palmVelocity": [-124.493, 40.6573, 3.57233], "palmWidth": 80.6694, "pinchDistance": 55.1918, "pinchStrength": 0, "r": [[0.761258, -0.620599, -0.187997], [0.597955, 0.783993, -0.166747], [0.250872, 0.0145232, 0.967911]], "s": 1.02049, "sphereCenter": [96.3031, 165.505, -21.8317], "sphereRadius": 61.1148, "stabilizedPalmPosition": [76.8309, 148.833, 21.2852], "t": [165.037, 16.5661, 12.358], "timeVisible": 4.25788, "type": "left", "wrist": [45.8323, 89.3787, 37.2207]}], "id": 151215, "interactionBox": {"center": [0, 200, 0], "size": [235.247, 235.247, 147.751]}, "pointables": [{"bases": [[[0.886316, 0.420709, 0.193513], [-0.11348, -0.207818, 0.971563], [0.448961, -0.883072, -0.136451]], [[0.780622, 0.586277, 0.216583], [-0.0820807, -0.247364, 0.96544], [0.61959, -0.771421, -0.144976]], [[0.780622, 0.586277, 0.216583], [-0.399975, 0.202332, 0.893914], [0.48026, -0.784437, 0.392441]], [[0.780622, 0.586277, 0.216583], [-0.57716, 0.54323, 0.609744], [0.239825, -0.600983, 0.762433]]], "btipPosition": [122.395, 170.022, 22.4093], "carpPosition": [75.9587, 100.587, 42.9973], "dipPosition": [117.541, 157.858, 37.8413], "direction": [0.48026, 0.784437, -0.392441], "extended": false, "handId": 120, "id": 1200, "length": 45.0726, "mcpPosition": [75.9587, 100.587, 42.9973], "pipPosition": [103.379, 134.727, 49.4133], "stabilizedTipPosition": [128.305, 166.473, 26.2372], "timeVisible": 4.25788, "tipPosition": [120.47, 167.82, 24.6557], "tipVelocity": [-113.645, 13.0963, -5.68423], "tool": false, "touchDistance": 0.305674, "touchZone": "hovering", "type": 0, "width": 19.1104}, {"bases": [[[0.504432, -0.24684, -0.827417], [0.836197, 0.378514, 0.396865], [0.215227, -0.892075, 0.397341]], [[0.481367, -0.159804, -0.861829], [0.837966, 0.372301, 0.399005], [0.257097, -0.914251, 0.313124]], [[0.481367, -0.159804, -0.861829], [0.820079, 0.429234, 0.378457], [0.309447, -0.888944, 0.337671]], [[0.481367, -0.159804, -0.861829], [0.799691, 0.482621, 