{"frames": 75, "data": [{"currentFrameRate": 115.396, "devices": [], "gestures": [], "hands": [{"armBasis": [[0.5791, -0.326072, -0.747209], [0.680881, 0.697521, 0.223306], [0.44838, -0.638077, 0.62595]], "armWidth": 51.6826, "confidence": 1, "direction": [0.405359, 0.094946, -0.909214], "elbow": [-250.358, 2.49708, 210.56], "grabAngle": 2.66688, "grabStrength": 0, "id": 99, "palmNormal": [0.563829, -0.80885, 0.166909], "palmPosition": [-115.838, 158.88, 16.2732], "palmVelocity": [-3.85696, -2.76767, -1.23312], "palmWidth": 76.2329, "pinchDistance": 51.3987, "pinchStrength": 0.558873, "r": [[0.791825, 0.236308, -0.563179], [-0.438427, 0.8619, -0.254774], [0.425199, 0.44865, 0.786078]], "s": 0.972829, "sphereCenter": [-93.7854, 121.586, 5.19166], "sphereRadius": 44.0765, "stabilizedPalmPosition": [-114.855, 157.01, 15.3434], "t": [60.8622, 31.4663, 98.0735], "timeVisible": 8.62883, "type": "left", "wrist": [-148.93, 146.837, 68.9638]}], "id": 129810, "interactionBox": {"center": [0, 200, 0], "size": [235.247, 235.247, 147.751]}, "pointables": [{"bases": [[[0.714759, 0.508473, -0.480182], [-0.168756, 0.791696, 0.587144], [0.678706, -0.338633, 0.65168]], [[0.486373, 0.585, -0.649012], [-0.364882, 0.810907, 0.457482], [0.793916, 0.0143063, 0.607859]], [[0.486373, 0.585, -0.649012], [-0.514372, 0.792139, 0.328537], [0.706303, 0.174042, 0.686182]], [[0.486373, 0.585, -0.649012], [-0.617689, 0.755562, 0.218142], [0.617983, 0.294789, 0.728833]]], "btipPosition": [-53.3899, 148.459, 7.44068], "carpPosition": [-119.687, 160.075, 67.5947], "dipPosition": [-65.8076, 154.382, 22.0858], "direction": [0.706303, -0.174042, -0.686182], "extended": false, "handId": 99, "id": 990, "length": 44.7461, "mcpPosition": [-119.687, 160.075, 67.5947], "pipPosition": [-86.4838, 159.477, 42.1729], "stabilizedTipPosition": [-56.0549, 149.444, 12.5252], "timeVisible": 8.62883, "tipPosition": [-58.9146, 145.781, 9.9174], "tipVelocity": [-1.47923, 1.59885, -2.43349], "tool": false, "touchDistance": -0.101245, "touchZone": "touching", "type": 0, "width": 16.187}, {"bases": [[[0.641294, -0.55612, -0.528652], [0.480392, 0.828238, -0.288521], [0.598302, -0.0689329, 0.7983]], [[0.687506, -0.55987, -0.462473], [0.391364, 0.822121, -0.413463], [0.611694, 0.103263, 0.784326]], [[0.687506, -0.55987, -0.462473], [0.261201, 0.784891, -0.56189], [0.677576, 0.265504, 0.685856]], [[0.687506, -0.55987, -0.462473], [0.159003, 0.737464, -0.656402], [0.708557, 0.377746, 0.596032]]], "btipPosition": [-46.2551, 159.645, -46.9812], "carpPosition": [-130.152, 170.256, 54.132], "dipPosition": [-56.6491, 165.186, -38.2377], "direction": [0.677576, -0.265504, -0.685856], "extended": true, "handId": 99, "id": 991, "length": 50.491, "mcpPosition": [-93.2738, 174.505, 4.92647], "pipPosition": [-70.7104, 170.696, -24.0047], "stabilizedTipPosition": [-45.2489, 159.879, -41.2946], "timeVisible": 8.62883, "tipPosition": [-48.6577, 160.864, -44.5615], "tipVelocity": [-9.86174, -6.09867, -7.94047], "tool": false, "touchDistance": 0.237823, "touchZone": "hovering", "type": 1, "width": 15.4618}, {"bases": [[[0.624877, -0.693312, -0.358954], [0.594913, 0.720582, -0.356146], [0.505576, 0.00900053, 0.862735]], [[0.62857, -0.693227, -0.352613], [-0.114248, 0.366157, -0.923513], [0.769316, 0.620778, 0.150956]], [[0.62857, -0.693227, -0.352613], [-0.774047, -0.51338, -0.370531], [0.0758372, 0.505844, -0.859285]], [[0.62857, -0.693227, -0.352613], [-0.633501, -0.719359, 0.284956], [-0.451195, 0.044266, -0.891327]]], "btipPosition": [-81.1248, 126.515, 26.6155], "carpPosition": [-137.086, 165.796, 47.9314], "dipPosition": [-73.845, 127.229, 12.2344], "direction": [0.0758372, -0.505844, 0.859285], "extended": false, "handId": 99, "id": 992, "length": 57.5304, "mcpPosition": [-107.534, 165.27, -2.49785], "pipPosition": [-75.6966, 139.58, -8.74499], "stabilizedTipPosition": [-78.4193, 129.875, 22.5076], "timeVisible": 8.62883, "tipPosition": [-76.6358, 126.625, 18.6054], "tipVelocity": [-15.6841, -1.0338, 15.9918], "tool": false, "touchDistance": 0.333333, "touchZone": "none", "type": 2, "width": 15.1855}, {"bases": [[[0.645828, -0.736765, -0.200207], [0.653851, 0.669126, -0.353198], [0.394188, 0.0971994, 0.913875]], [[0.621029, -0.741268, -0.254647], [-0.324519, 0.0525548, -0.944418], [0.713449, 0.669149, -0.207917]], [[0.621029, -0.741268, -0.254647], [-0.748358, -0.657367, 0.0884848], [-0.232987, 0.135615, -0.962977]], [[0.621029, -0.741268, -0.254647], [-0.416945, -0.58755, 0.6935], [-0.663687, -0.32451, -0.673954]]], "btipPosition": [-111.72, 130.442, 37.1235], "carpPosition": [-143.588, 159.232, 43.3933], "dipPosition": [-101.073, 125.236, 26.3122], "direction": [-0.232987, -0.135615, 0.962977], "extended": false, "handId": 99, "id": 993, "length": 55.3171, "mcpPosition": [-122.9, 154.131, -4.56762], "pipPosition": [-95.5316, 128.462, 3.40831], "stabilizedTipPosition": [-108.588, 126.906, 32.8356], "timeVisible": 8.62883, "tipPosition": [-106.862, 129.145, 34.4674], "tipVelocity": [-4.90289, -1.86975, -0.505986], "tool": false, "touchDistance": 0.333333, "touchZone": "none", "type": 3, "width": 14.45}, {"bases": [[[0.570138, -0.820927, -0.0319616], [0.778581, 0.552328, -0.297902], [0.262209, 0.144961, 0.954061]], [[0.531316, -0.832794, -0.155428], [-0.210035, 0.0482488, -0.976503], [0.820725, 0.551477, -0.14928]], [[0.531316, -0.832794, -0.155428], [-0.841687, -0.539762, 0.0148555], [-0.0962658, 0.122929, -0.987735]], [[0.531316, -0.832794, -0.155428], [-0.589617, -0.495249, 0.638028], [-0.608321, -0.247351, -0.754164]]], "btipPosition": [-120.98, 126.015, 28.3538], "carpPosition": [-148.016, 148.203, 42.4232], "dipPosition": [-111.978, 122.355, 17.1928], "direction": [-0.0962658, -0.122929, 0.987735], "extended": false, "handId": 99, "id": 994, "length": 43.3675, "mcpPosition": [-135.277, 141.161, -3.92599], "pipPosition": [-110.361, 124.419, 0.605967], "stabilizedTipPosition": [-117.967, 123.37, 23.5744], "timeVisible": 8.62883, "tipPosition": [-117.459, 125.91, 26.0724], "tipVelocity": [-5.24688, -2.02301, 0.131945], "tool": false, "touchDistance": 0.333333, "touchZone": "none", "type": 4, "width": 12.8356}], "r": [[0.791825, 0.236308, -0.563179], [-0.438427, 0.8619, -0.254774], [0.425199, 0.44865, 0.786078]], "s": 0.972829, "t": [-60.8622, 31.4663, 98.0735], "timestamp": 7918410621}, {"currentFrameRate": 115.439, "devices": [], "gestures": [], "hands": [{"armBasis": [[0.578823, -0.326152, -0.747388], [0.680997, 0.697498, 0.223026], [0.448561, -0.638061, 0.625836]], "armWidth": 51.6826, "confidence": 1, "direction": [0.404928, 0.0956686, -0.90933], "elbow": [-250.369, 2.42325, 210.53], "grabAngle": 2.6672, "grabStrength": 0, "id": 99, "palmNormal": [0.564312, -0.808656, 0.166213], "palmPosition": [-115.829, 158.843, 16.2619], "palmVelocity": [0.950843, -4.30925, -1.31637], "palmWidth": 76.2329, "pinchDistance": 51.4098, "pinchStrength": 0.556747, "r": [[0.791982, 0.236177, -0.563014], [-0.438228, 0.861976, -0.25486], [0.425113, 0.448573, 0.786169]], "s": 0.97333, "sphereCenter": [-93.7784, 121.565, 5.14798], "sphereRadius": 44.0788, "stabilizedPalmPosition": [-114.857, 157.013, 15.3452], "t": [60.8565, 31.4304, 98.06], "timeVisible": 8.63742, "type": "left", "wrist": [-148.9, 146.759, 68.9589]}], "id": 129811, "interactionBox": {"center": [0, 200, 0], "size": [235.247, 235.247, 147.751]}, "pointables": [{"bases": [[[0.71522, 0.508381, -0.479593], [-0.168599, 0.791449, 0.587522], [0.678259, -0.339349, 0.651773]], [[0.486907, 0.585127, -0.648496], [-0.364567, 0.81083, 0.457871], [0.793733, 0.0134796, 0.608117]], [[0.486907, 0.585127, -0.648496], [-0.514017, 0.792229, 0.328878], [0.706193, 0.173205, 0.686507]], [[0.486907, 0.585127, -0.648496], [-0.617248, 0.755815, 0.218514], [0.618002, 0.293887, 0.72918]]], "btipPosition": [-53.3713, 148.468, 7.40439], "carpPosition": [-119.658, 160.007, 67.5857], "dipPosition": [-65.7893, 154.373, 22.0565], "direction": [0.706193, -0.173205, -0.686507], "extended": false, "handId": 99, "id": 990, "length": 44.7461, "mcpPosition": [-119.658, 160.007, 67.5857], "pipPosition": [-86.4623, 159.444, 42.1531], "stabilizedTipPosition": [-56.055, 149.444, 12.524], "timeVisible": 8.63742, "tipPosition": [-58.9001, 145.781, 9.87555], "tipVelocity": [2.16362, 0.576637, -4.03864], "tool": false, "touchDistance": -0.101824, "touchZone": "touching", "type": 0, "width": 16.187}, {"bases": [[[0.641233, -0.556147, -0.528698], [0.480936, 0.828157, -0.287849], [0.597931, -0.0696911, 0.798512]], [[0.687508, -0.559962, -0.462358], [0.392014, 0.822147, -0.412794], [0.611275, 0.102549, 0.784746]], [[0.687508, -0.559962, -0.462358], [0.261998, 0.785089, -0.561242], [0.677266, 0.264722, 0.686464]], [[0.687508, -0.559962, -0.462358], [0.160001, 0.737863, -0.655712], [0.708331, 0.37683, 0.596881]]], "btipPosition": [-46.2849, 159.682, -47.0337], "carpPosition": [-130.134, 170.19, 54.1331], "dipPosition": [-56.6756, 165.21, -38.2778], "direction": [0.677266, -0.264722, -0.686464], "extended": true, "handId": 99, "id": 991, "length": 50.491, "mcpPosition": [-93.2783, 174.486, 4.91456], "pipPosition": [-70.7304, 170.703, -24.0321], "stabilizedTipPosition": [-45.2522, 159.88, -41.2982], "timeVisible": 8.63742, "tipPosition": [-48.6762, 160.896, -44.6003], "tipVelocity": [-3.38143, 3.9458, -5.78038], "tool": false, "touchDistance": 0.236996, "touchZone": "hovering", "type": 1, "width": 15.4618}, {"bases": [[[0.624674, -0.693427, -0.359085], [0.595431, 0.72048, -0.355487], [0.505218, 0.0082531, 0.862952]], [[0.629109, -0.693327, -0.351454], [-0.114776, 0.364326, -0.924172], [0.768796, 0.621743, 0.149623]], [[0.629109, -0.693327, -0.351454], [-0.773581, -0.514161, -0.370421], [0.0761189, 0.504913, -0.859807]], [[0.629109, -0.693327, -0.351454], [-0.633346, -0.719335, 0.285358], [-0.450659, 0.0430704, -0.891656]]], "btipPosition": [-81.1338, 126.495, 26.6775], "carpPosition": [-137.068, 165.73, 47.933], "dipPosition": [-73.8626, 127.19, 12.2911], "direction": [0.0761189, -0.504913, 0.859807], "extended": false, "handId": 99, "id": 992, "length": 57.5304, "mcpPosition": [-107.537, 165.248, -2.50901], "pipPosition": [-75.7211, 139.517, -8.70102], "stabilizedTipPosition": [-78.4204, 129.871, 22.5085], "timeVisible": 8.63742, "tipPosition": [-76.6314, 126.607, 18.5951], "tipVelocity": [-1.2761, -2.85229, 7.08155], "tool": false, "touchDistance": 0.333333, "touchZone": "none", "type": 2, "width": 15.1855}, {"bases": [[[0.645537, -0.736981, -0.200354], [0.654341, 0.668993, -0.352543], [0.393853, 0.0964798, 0.914096]], [[0.620758, -0.74144, -0.254806], [-0.324218, 0.0531412, -0.944489], [0.713822, 0.668912, -0.2074]], [[0.620758, -0.74144, -0.254806], [-0.74869, -0.657059, 0.0879656], [-0.232644, 0.136166, -0.962983]], [[0.620758, -0.74144, -0.254806], [-0.417385, -0.587657, 0.693144], [-0.663663, -0.323922, -0.674259]]], "btipPosition": [-111.695, 130.4, 37.0977], "carpPosition": [-143.568, 159.166, 43.3939], "dipPosition": [-101.049, 125.204, 26.2814], "direction": [-0.232644, -0.136166, 0.962983], "extended": false, "handId": 99, "id": 993, "length": 55.3171, "mcpPosition": [-122.898, 154.102, -4.57865], "pipPosition": [-95.5155, 128.442, 3.37743], "stabilizedTipPosition": [-108.589, 126.911, 32.8392], "timeVisible": 8.63742, "tipPosition": [-106.832, 129.102, 34.4356], "tipVelocity": [2.86183, -4.66157, -3.14088], "tool": false, "touchDistance": 0.333333, "touchZone": "none", "type": 3, "width": 14.45}, {"bases": [[[0.569733, -0.821199, -0.0321879], [0.778988, 0.552099, -0.297261], [0.261882, 0.144286, 0.954253]], [[0.530961, -0.832976, -0.155663], [-0.209696, 0.0488273, -0.976547], [0.821041, 0.551151, -0.148746]], [[0.530961, -0.832976, -0.155663], [-0.841952, -0.539363, 0.0143396], [-0.0959034, 0.123447, -0.987706]], [[0.530961, -0.832976, -0.155663], [-0.59001, -0.495252, 0.637663], [-0.60825, -0.246732, -0.754424]]], "btipPosition": [-120.955, 125.972, 28.3278], "carpPosition": [-147.991, 148.135, 42.4194], "dipPosition": [-111.953, 122.32, 17.1629], "direction": [-0.0959034, -0.123447, 0.987706], "extended": false, "handId": 99, "id": 994, "length": 43.3675, "mcpPosition": [-135.269, 141.126, -3.93918], "pipPosition": [-110.343, 124.393, 0.576566], "stabilizedTipPosition": [-117.969, 123.374, 23.5792], "timeVisible": 8.63742, "tipPosition": [-117.431, 125.866, 26.043], "tipVelocity": [2.93382, -4.81151, -3.13622], "tool": false, "touchDistance": 0.333333, "touchZone": "none", "type": 4, "width": 12.8356}], "r": [[0.791982, 0.236177, -0.563014], [-0.438228, 0.861976, -0.25486], [0.425113, 0.448573, 0.786169]], "s": 0.97333, "t": [-60.8565, 31.4304, 98.06], "timestamp": 7918419209}, {"currentFrameRate": 115.293, "devices": [], "gestures": [], "hands": [{"armBasis": [[0.578362, -0.326403, -0.747635], [0.681327, 0.697299, 0.22264], [0.448655, -0.63815, 0.625678]], "armWidth": 51.6826, "confidence": 1, "direction": [0.404292, 0.0966595, -0.909508], "elbow": [-250.367, 2.32733, 210.48], "grabAngle": 2.66784, "grabStrength": 0, "id": 99, "palmNormal": [0.565172, -0.808237, 0.165332], "palmPosition": [-115.839, 158.826, 16.2383], "palmVelocity": [-1.07188, -1.92085, -2.6503], "palmWidth": 76.2329, "pinchDistance": 51.4255, "pinchStrength": 0.553322, "r": [[0.792219, 0.235999, -0.562755], [-0.437876, 0.862153, -0.254866], [0.425033, 0.448327, 0.786352]], "s": 0.973843, "sphereCenter": [-93.7771, 121.577, 5.0852], "sphereRadius": 44.0807, "stabilizedPalmPosition": [-114.859, 157.016, 15.3467], "t": [60.8489, 31.4039, 98.0415], "timeVisible": 8.64634, "type": "left", "wrist": [-148.876, 146.684, 68.9455]}], "id": 129812, "interactionBox": {"center": [0, 200, 0], "size": [235.247, 235.247, 147.751]}, "pointables": [{"bases": [[[0.715985, 0.508029, -0.478823], [-0.168208, 0.791213, 0.587953], [0.677548, -0.340424, 0.651951]], [[0.487758, 0.585122, -0.647861], [-0.36391, 0.810853, 0.458352], [0.793512, 0.012198, 0.608432]], [[0.487758, 0.585122, -0.647861], [-0.513141, 0.792551, 0.329469], [0.706242, 0.171742, 0.686823]], [[0.487758, 0.585122, -0.647861], [-0.616189, 0.756455, 0.219286], [0.618387, 0.292246, 0.729513]]], "btipPosition": [-53.3512, 148.542, 7.35465], "carpPosition": [-119.638, 159.952, 67.5651], "dipPosition": [-65.777, 154.414, 22.0134], "direction": [0.706243, -0.171742, -0.686823], "extended": false, "handId": 99, "id": 990, "length": 44.7461, "mcpPosition": [-119.638, 159.952, 67.5651], "pipPosition": [-86.4514, 159.442, 42.1194], "stabilizedTipPosition": [-56.0551, 149.445, 12.5226], "timeVisible": 8.64634, "tipPosition": [-58.8946, 145.831, 9.81128], "tipVelocity": [2.05142, 7.46787, -5.40236], "tool": false, "touchDistance": -0.102627, "touchZone": "touching", "type": 0, "width": 16.187}, {"bases": [[[0.641027, -0.556395, -0.528686], [0.481887, 0.827897, -0.287005], [0.597386, -0.0707891, 0.798823]], [[0.687379, -0.560304, -0.462137], [0.393099, 0.822043, -0.41197], [0.610724, 0.101514, 0.785309]], [[0.687379, -0.560304, -0.462137], [0.263175, 0.785195, -0.560542], [0.676941, 0.263682, 0.687184]], [[0.687379, -0.560304, -0.462137], [0.16133, 0.738182, -0.655027], [0.708155, 0.375695, 0.597804]]], "btipPosition": [-46.3456, 159.77, -47.1096], "carpPosition": [-130.131, 170.134, 54.1257], "dipPosition": [-56.7338, 165.281, -38.3402], "direction": [0.676941, -0.263682, -0.687184], "extended": true, "handId": 99, "id": 991, "length": 50.491, "mcpPosition": [-93.3094, 174.497, 4.8879], "pipPosition": [-70.7818, 170.753, -24.0796], "stabilizedTipPosition": [-45.2561, 159.882, -41.3024], "timeVisible": 8.64634, "tipPosition": [-48.7242, 160.983, -44.6633], "tipVelocity": [-6.74041, 9.44125, -8.16018], "tool": false, "touchDistance": 0.235782, "touchZone": "hovering", "type": 1, "width": 15.4618}, {"bases": [[[0.624237, -0.693773, -0.359176], [0.596321, 0.720158, -0.354646], [0.504707, 0.00719894, 0.86326]], [[0.629785, -0.69365, -0.349599], [-0.115435, 0.361494, -0.925201], [0.768144, 0.623034, 0.147592]], [[0.629785, -0.69365, -0.349599], [-0.772991, -0.515324, -0.370035], [0.0765185, 0.50328, -0.860729]], [[0.629785, -0.69365, -0.349599], [-0.632927, -0.719161, 0.286723], [-0.450304, 0.040697, -0.891948]]], "btipPosition": [-81.1721, 126.523, 26.7645], "carpPosition": [-137.065, 165.672, 47.9267], "dipPosition": [-73.9067, 127.18, 12.3734], "direction": [0.0765185, -0.50328, 0.860729], "extended": false, "handId": 99, "id": 992, "length": 57.5304, "mcpPosition": [-107.564, 165.251, -2.53332], "pipPosition": [-75.7749, 139.467, -8.64127], "stabilizedTipPosition": [-78.4214, 129.869, 22.5093], "timeVisible": 8.64634, "tipPosition": [-76.6409, 126.626, 18.5802], "tipVelocity": [-4.44668, 2.15245, 9.6232], "tool": false, "touchDistance": 0.333333, "touchZone": "none", "type": 2, "width": 15.1855}, {"bases": [[[0.644964, -0.737453, -0.200462], [0.655181, 0.668613, -0.351702], [0.393395, 0.095496, 0.914396]], [[0.620214, -0.741852, -0.254932], [-0.323694, 0.0539922, -0.94462], [0.714533, 0.668386, -0.206647]], [[0.620214, -0.741852, -0.254932], [-0.749348, -0.65642, 0.0871233], [-0.231975, 0.136998, -0.963026]], [[0.620214, -0.741852, -0.254932], [-0.41826, -0.587684, 0.692594], [-0.663622, -0.322928, -0.674777]]], "btipPosition": [-111.669, 130.374, 37.0555], "carpPosition": [-143.562, 159.104, 43.3871], "dipPosition": [-101.023, 125.194, 26.231], "direction": [-0.231975, -0.136998, 0.963026], "extended": false, "handId": 99, "id": 993, "length": 55.3171, "mcpPosition": [-122.916, 154.093, -4.60123], "pipPosition": [-95.5058, 128.453, 3.32595], "stabilizedTipPosition": [-108.591, 126.915, 32.8423], "timeVisible": 8.64634, "tipPosition": [-106.804, 129.081, 34.3866], "tipVelocity": [2.92155, -2.43389, -4.93816], "tool": false, "touchDistance": 0.333333, "touchZone": "none", "type": 3, "width": 14.45}, {"bases": [[[0.56898, -0.821713, -0.0323978], [0.779685, 0.551566, -0.296424], [0.261445, 0.143399, 0.954507]], [[0.530277, -0.83337, -0.15589], [-0.20916, 0.0495973, -0.976623], [0.82162, 0.550486, -0.148007]], [[0.530277, -0.83337, -0.15589], [-0.842463, -0.538585, 0.0134861], [-0.0951989, 0.12418, -0.987682]], [[0.530277, -0.83337, -0.15589], [-0.590811, -0.4951, 0.637039], [-0.60807, -0.245705, -0.754904]]], "btipPosition": [-120.928, 125.943, 28.2882], "carpPosition": [-147.975, 148.07, 42.4078], "dipPosition": [-111.929, 122.306, 17.1162], "direction": [-0.0951989, -0.12418, 0.987682], "extended": false, "handId": 99, "id": 994, "length": 43.3675, "mcpPosition": [-135.274, 141.104, -3.96306], "pipPosition": [-110.33, 124.392, 0.530259], "stabilizedTipPosition": [-117.971, 123.378, 23.5835], "timeVisible": 8.64634, "tipPosition": [-117.404, 125.841, 25.9981], "tipVelocity": [2.96448, -2.87901, -4.62122], "tool": false, "touchDistance": 0.333333, "touchZone": "none", "type": 4, "width": 12.8356}], "r": [[0.792219, 0.235999, -0.562755], [-0.437876, 0.862153, -0.254866], [0.425033, 0.448327, 0.786352]], "s": 0.973843, "t": [-60.8489, 31.4039, 98.0415], "timestamp": 7918428131}, {"currentFrameRate": 115.427, "devices": [], "gestures": [], "hands": [{"armBasis": [[0.577809, -0.326871, -0.747858], [0.681892, 0.696868, 0.222257], [0.448509, -0.638381, 0.625547]], "armWidth": 51.6826, "confidence": 1, "direction": [0.403916, 0.0967685, -0.909664], "elbow": [-250.306, 2.25119, 210.42], "grabAngle": 2.66869, "grabStrength": 0, "id": 99, "palmNormal": [0.566022, -0.807624, 0.165416], "palmPosition": [-115.833, 158.818, 16.1971], "palmVelocity": [0.692748, -0.948376, -4.87437], "palmWidth": 76.2329, "pinchDistance": 51.453, "pinchStrength": 0.549533, "r": [[0.79249, 0.235663, -0.562514], [-0.437408, 0.862365, -0.254952], [0.42501, 0.448095, 0.786497]], "s": 0.974378, "sphereCenter": [-93.7479, 121.607, 5.05066], "sphereRadius": 44.0741, "stabilizedPalmPosition": [-114.86, 157.018, 15.3477], "t": [60.848, 31.3867, 98.0116], "timeVisible": 8.65478, "type": "left", "wrist": [-148.849, 146.66, 68.9146]}], "id": 129813, "interactionBox": {"center": [0, 200, 0], "size": [235.247, 235.247, 147.751]}, "pointables": [{"bases": [[[0.716635, 0.507167, -0.478765], [-0.167606, 0.791567, 0.587648], [0.67701, -0.340885, 0.652269]], [[0.488463, 0.584447, -0.647939], [-0.363048, 0.811351, 0.458154], [0.793473, 0.0114419, 0.608498]], [[0.488463, 0.584447, -0.647939], [-0.512109, 0.793231, 0.329437], [0.706504, 0.170898, 0.686765]], [[0.488463, 0.584447, -0.647939], [-0.615071, 0.757324, 0.219428], [0.618944, 0.291346, 0.729401]]], "btipPosition": [-53.3134, 148.621, 7.31555], "carpPosition": [-119.617, 159.957, 67.5248], "dipPosition": [-65.7504, 154.475, 21.9721], "direction": [0.706504, -0.170898, -0.686765], "extended": false, "handId": 99, "id": 990, "length": 44.7461, "mcpPosition": [-119.617, 159.957, 67.5248], "pipPosition": [-86.4325, 159.478, 42.0763], "stabilizedTipPosition": [-56.0552, 149.445, 12.5208], "timeVisible": 8.65478, "tipPosition": [-58.871, 145.888, 9.7591], "tipVelocity": [4.17093, 8.88214, -4.69522], "tool": false, "touchDistance": -0.103287, "touchZone": "touching", "type": 0, "width": 16.187}, {"bases": [[[0.640639, -0.557198, -0.528311], [0.482794, 0.827328, -0.287121], [0.59707, -0.0711246, 0.79903]], [[0.687083, -0.561137, -0.461565], [0.394292, 0.821541, -0.411829], [0.610288, 0.100969, 0.785719]], [[0.687083, -0.561137, -0.461565], [0.264445, 0.784818, -0.560473], [0.676747, 0.263033, 0.687624]], [[0.687083, -0.561137, -0.461565], [0.162638, 0.737916, -0.655003], [0.708143, 0.374973, 0.598272]]], "btipPosition": [-46.3791, 159.825, -47.1938], "carpPosition": [-130.125, 170.124, 54.0853], "dipPosition": [-56.7671, 165.325, -38.4175], "direction": [0.676747, -0.263033, -0.687624], "extended": true, "handId": 99, "id": 991, "length": 50.491, "mcpPosition": [-93.3226, 174.508, 4.83482], "pipPosition": [-70.8111, 170.784, -24.1478], "stabilizedTipPosition": [-45.2593, 159.883, -41.306], "timeVisible": 8.65478, "tipPosition": [-48.7394, 161.022, -44.7267], "tipVelocity": [-3.96342, 6.20859, -9.78953], "tool": false, "touchDistance": 0.234406, "touchZone": "hovering", "type": 1, "width": 15.4618}, {"bases": [[[0.623661, -0.694505, -0.358762], [0.597143, 0.719454, -0.354692], [0.504448, 0.00697575, 0.863414]], [[0.63043, -0.694347, -0.347044], [-0.11652, 0.357366, -0.926667], [0.767451, 0.624637, 0.144389]], [[0.63043, -0.694347, -0.347044], [-0.772488, -0.51725, -0.368394], [0.0762849, 0.500334, -0.862465]], [[0.63043, -0.694347, -0.347044], [-0.63199, -0.718711, 0.289903], [-0.450718, 0.0365643, -0.891917]]], "btipPosition": [-81.2195, 126.59, 26.8932], "carpPosition": [-137.056, 165.653, 47.8899], "dipPosition": [-73.9474, 127.179, 12.5026], "direction": [0.0762849, -0.500334, 0.862465], "extended": false, "handId": 99, "id": 992, "length": 57.5304, "mcpPosition": [-107.57, 165.245, -2.57905], "pipPosition": [-75.8099, 139.395, -8.55444], "stabilizedTipPosition": [-78.4221, 129.867, 22.51], "timeVisible": 8.65478, "tipPosition": [-76.6397, 126.658, 18.6011], "tipVelocity": [-5.43485, 6.05475, 15.2715], "tool": false, "touchDistance": 0.333333, "touchZone": "none", "type": 2, "width": 15.1855}, {"bases": [[[0.644295, -0.738155, -0.200027], [0.655951, 0.667852, -0.351713], [0.393208, 0.0953993, 0.914487]], [[0.619558, -0.742547, -0.254504], [-0.323355, 0.054005, -0.944735], [0.715255, 0.667613, -0.206647]], [[0.619558, -0.742547, -0.254504], [-0.75001, -0.655658, 0.0871593], [-0.231587, 0.13688, -0.963136]], [[0.619558, -0.742547, -0.254504], [-0.418961, -0.587003, 0.692748], [-0.663792, -0.32257, -0.67478]]], "btipPosition": [-111.631, 130.38, 37.0208], "carpPosition": [-143.548, 159.077, 43.3544], "dipPosition": [-100.982, 125.205, 26.1962], "direction": [-0.231587, -0.13688, 0.963136], "extended": false, "handId": 99, "id": 993, "length": 55.3171, "mcpPosition": [-122.912, 154.071, -4.63866], "pipPosition": [-95.474, 128.461, 3.28855], "stabilizedTipPosition": [-108.591, 126.919, 32.8449], "timeVisible": 8.65478, "tipPosition": [-106.763, 129.088, 34.3523], "tipVelocity": [4.61547, 0.754515, -4.1175], "tool": false, "touchDistance": 0.333333, "touchZone": "none", "type": 3, "width": 14.45}, {"bases": [[[0.568176, -0.822286, -0.0319596], [0.780322, 0.550699, -0.296359], [0.261292, 0.143446, 0.954542]], [[0.529499, -0.833944, -0.15546], [-0.20881, 0.049492, -0.976703], [0.82221, 0.549625, -0.14793]], [[0.529499, -0.833944, -0.15546], [-0.842997, -0.537751, 0.0134316], [-0.0947999, 0.12394, -0.987751]], [[0.529499, -0.833944, -0.15546], [-0.591443, -0.494289, 0.637082], [-0.608133, -0.245389, -0.754956]]], "btipPosition": [-120.887, 125.934, 28.2583], "carpPosition": [-147.95, 148.039, 42.38], "dipPosition": [-111.887, 122.303, 17.0855], "direction": [-0.0947999, -0.12394, 0.987751], "extended": false, "handId": 99, "id": 994, "length": 43.3675, "mcpPosition": [-135.256, 141.07, -3.99252], "pipPosition": [-110.295, 124.384, 0.498433], "stabilizedTipPosition": [-117.972, 123.381, 23.5873], "timeVisible": 8.65478, "tipPosition": [-117.362, 125.834, 25.968], "tipVelocity": [4.86838, -0.845842, -3.56491], "tool": false, "touchDistance": 0.333333, "touchZone": "none", "type": 4, "width": 12.8356}], "r": [[0.79249, 0.235663, -0.562514], [-0.437408, 0.862365, -0.254952], [0.42501, 0.448095, 0.786497]], "s": 0.974378, "t": [-60.848, 31.3867, 98.0116], "timestamp": 7918436568}, {"currentFrameRate": 115.312, "devices": [], "gestures": [], "hands": [{"armBasis": [[0.577954, -0.326683, -0.747829], [0.681863, 0.696792, 0.222585], [0.448366, -0.638561, 0.625466]], "armWidth": 51.6826, "confidence": 1, "direction": [0.403891, 0.0972486, -0.909623], "elbow": [-250.276, 2.17122, 210.408], "grabAngle": 2.66881, "grabStrength": 0, "id": 99, "palmNormal": [0.566012, -0.807723, 0.164967], "palmPosition": [-115.838, 158.805, 16.2072], "palmVelocity": [-0.556557, -1.50329, 1.14056], "palmWidth": 76.2329, "pinchDistance": 51.48, "pinchStrength": 0.54685, "r": [[0.792709, 0.235458, -0.562292], [-0.437036, 0.86256, -0.254931], [0.424985, 0.447828, 0.786663]], "s": 0.974914, "sphereCenter": [-93.7485, 121.632, 5.04544], "sphereRadius": 44.0618, "stabilizedPalmPosition": [-114.861, 157.021, 15.3488], "t": [60.8451, 31.3714, 98.0018], "timeVisible": 8.66365, "type": "left", "wrist": [-148.851, 146.62, 68.9208]}], "id": 129814, "interactionBox": {"center": [0, 200, 0], "size": [235.247, 235.247, 147.751]}, "pointables": [{"bases": [[[0.71664, 0.507437, -0.478472], [-0.167637, 0.791249, 0.588067], [0.676998, -0.341223, 0.652105]], [[0.488483, 0.584801, -0.647605], [-0.36293, 0.811103, 0.458687], [0.793515, 0.010975, 0.608452]], [[0.488483, 0.584801, -0.647605], [-0.511854, 0.793115, 0.330111], [0.706675, 0.170226, 0.686756]], [[0.488483, 0.584801, -0.647605], [-0.614646, 0.757406, 0.220331], [0.61935, 0.29042, 0.729425]]], "btipPosition": [-53.302, 148.638, 7.32807], "carpPosition": [-119.62, 159.916, 67.5356], "dipPosition": [-65.7471, 154.474, 21.9851], "direction": [0.706675, -0.170226, -0.686756], "extended": false, "handId": 99, "id": 990, "length": 44.7461, "mcpPosition": [-119.62, 159.916, 67.5356], "pipPosition": [-86.4342, 159.457, 42.089], "stabilizedTipPosition": [-56.0554, 149.446, 12.519], "timeVisible": 8.66365, "tipPosition": [-58.871, 145.885, 9.76251], "tipVelocity": [1.08212, 1.4387, 1.42473], "tool": false, "touchDistance": -0.103077, "touchZone": "touching", "type": 0, "width": 16.187}, {"bases": [[[0.640664, -0.556904, -0.528591], [0.482787, 0.82749, -0.286664], [0.597048, -0.071542, 0.799009]], [[0.687159, -0.56088, -0.461763], [0.394587, 0.821808, -0.411014], [0.610011, 0.100227, 0.786029]], [[0.687159, -0.56088, -0.461763], [0.265007, 0.785312, -0.559515], [0.676449, 0.262105, 0.688272]], [[0.687159, -0.56088, -0.461763], [0.163314, 0.738581, -0.654085], [0.707913, 0.374049, 0.599122]]], "btipPosition": [-46.4038, 159.877, -47.2132], "carpPosition": [-130.128, 170.091, 54.1019], "dipPosition": [-56.7885, 165.364, -38.4245], "direction": [0.676449, -0.262105, -0.688272], "extended": true, "handId": 99, "id": 991, "length": 50.491, "mcpPosition": [-93.3276, 174.5, 4.8527], "pipPosition": [-70.8263, 170.803, -24.1413], "stabilizedTipPosition": [-45.2635, 159.884, -41.3106], "timeVisible": 8.66365, "tipPosition": [-48.7462, 161.04, -44.7187], "tipVelocity": [-2.70592, 5.57494, -1.87339], "tool": false, "touchDistance": 0.234129, "touchZone": "hovering", "type": 1, "width": 15.4618}, {"bases": [[[0.623683, -0.694302, -0.359116], [0.59714, 0.719655, -0.35429], [0.504423, 0.00652222, 0.863432]], [[0.631411, -0.694118, -0.345718], [-0.117562, 0.354991, -0.927448], [0.766485, 0.626244, 0.142544]], [[0.631411, -0.694118, -0.345718], [-0.771713, -0.51876, -0.367895], [0.0760178, 0.499088, -0.863211]], [[0.631411, -0.694118, -0.345718], [-0.631187, -0.719031, 0.290855], [-0.450469, 0.0345639, -0.892123]]], "btipPosition": [-81.2674, 126.582, 27.0044], "carpPosition": [-137.06, 165.623, 47.9043], "dipPosition": [-73.9993, 127.14, 12.6105], "direction": [0.0760178, -0.499088, 0.863211], "extended": false, "handId": 99, "id": 992, "length": 57.5304, "mcpPosition": [-107.575, 165.242, -2.56573], "pipPosition": [-75.8552, 139.325, -8.46474], "stabilizedTipPosition": [-78.4228, 129.865, 22.5107], "timeVisible": 8.66365, "tipPosition": [-76.6698, 126.644, 18.6355], "tipVelocity": [-5.49788, -1.65315, 12.4561], "tool": false, "touchDistance": 0.333333, "touchZone": "none", "type": 2, "width": 15.1855}, {"bases": [[[0.644314, -0.738036, -0.200404], [0.655949, 0.668052, -0.351337], [0.39318, 0.0949164, 0.914549]], [[0.619578, -0.7424, -0.254884], [-0.323269, 0.054562, -0.944733], [0.715276, 0.667732, -0.206189]], [[0.619578, -0.7424, -0.254884], [-0.750013, -0.655711, 0.086738], [-0.231524, 0.137425, -0.963074]], [[0.619578, -0.7424, -0.254884], [-0.41901, -0.587401, 0.692381], [-0.663742, -0.322185, -0.675014]]], "btipPosition": [-111.633, 130.354, 37.0133], "carpPosition": [-143.552, 159.05, 43.3654], "dipPosition": [-100.985, 125.185, 26.1849], "direction": [-0.231524, -0.137425, 0.963074], "extended": false, "handId": 99, "id": 993, "length": 55.3171, "mcpPosition": [-122.918, 154.069, -4.63088], "pipPosition": [-95.4788, 128.454, 3.27874], "stabilizedTipPosition": [-108.592, 126.923, 32.8479], "timeVisible": 8.66365, "tipPosition": [-106.769, 129.065, 34.3462], "tipVelocity": [-0.302384, -2.74216, -0.948057], "tool": false, "touchDistance": 0.333333, "touchZone": "none", "type": 3, "width": 14.45}, {"bases": [[[0.568192, -0.822258, -0.0323839], [0.78032, 0.550872, -0.296042], [0.261262, 0.142939, 0.954626]], [[0.529515, -0.833851, -0.155904], [-0.208701, 0.0500813, -0.976696], [0.822228, 0.549712, -0.147507]], [[0.529515, -0.833851, -0.155904], [-0.843, -0.537757, 0.0130108], [-0.0946873, 0.124537, -0.987687]], [[0.529515, -0.833851, -0.155904], [-0.591521, -0.494674, 0.63671], [-0.608043, -0.244927, -0.755178]]], "btipPosition": [-120.889, 125.913, 28.2488], "carpPosition": [-147.955, 148.012, 42.3853], "dipPosition": [-111.891, 122.288, 17.0728], "direction": [-0.0946873, -0.124537, 0.987687], "extended": false, "handId": 99, "id": 994, "length": 43.3675, "mcpPosition": [-135.262, 141.068, -3.99136], "pipPosition": [-110.3, 124.379, 0.486758], "stabilizedTipPosition": [-117.974, 123.384, 23.5914], "timeVisible": 8.66365, "tipPosition": [-117.368, 125.815, 25.9604], "tipVelocity": [-0.268776, -2.26555, -1.15358], "tool": false, "touchDistance": 0.333333, "touchZone": "none", "type": 4, "width": 12.8356}], "r": [[0.792709, 0.235458, -0.562292], [-0.437036, 0.86256, -0.254931], [0.424985, 0.447828, 0.786663]], "s": 0.974914, "t": [-60.8451, 31.3714, 98.0018], "timestamp": 7918445435}, {"currentFrameRate": 115.283, "devices": [], "gestures": [], "hands": [{"armBasis": [[0.578444, -0.326203, -0.747659], [0.681521, 0.696928, 0.223205], [0.448254, -0.638657, 0.625448]], "armWidth": 51.6826, "confidence": 1, "direction": [0.403797, 0.0977182, -0.909615], "elbow": [-250.257, 2.12052, 210.385], "grabAngle": 2.66874, "grabStrength": 0, "id": 99, "palmNormal": [0.565677, -0.808093, 0.164304], "palmPosition": [-115.851, 158.797, 16.1895], "palmVelocity": [-1.44438, -0.890724, -2.03163], "palmWidth": 76.2329, "pinchDistance": 51.4985, "pinchStrength": 0.544859, "r": [[0.79288, 0.235445, -0.562056], [-0.436807, 0.862714, -0.254804], [0.424901, 0.447539, 0.786872]], "s": 0.975428, "sphereCenter": [-93.7656, 121.654, 5.00558], "sphereRadius": 44.0501, "stabilizedPalmPosition": [-114.862, 157.023, 15.3497], "t": [60.8374, 31.3599, 97.988], "timeVisible": 8.67237, "type": "left", "wrist": [-148.858, 146.591, 68.9021]}], "id": 129815, "interactionBox": {"center": [0, 200, 0], "size": [235.247, 235.247, 147.751]}, "pointables": [{"bases": [[[0.716486, 0.508098, -0.478001], [-0.168079, 0.790754, 0.588607], [0.677051, -0.341386, 0.651964]], [[0.48832, 0.585481, -0.647113], [-0.363179, 0.810615, 0.459351], [0.793501, 0.010707, 0.608474]], [[0.48832, 0.585481, -0.647113], [-0.511961, 0.792722, 0.330889], [0.70671, 0.169716, 0.686846]], [[0.48832, 0.585481, -0.647113], [-0.614544, 0.757196, 0.221337], [0.61958, 0.289596, 0.729558]]], "btipPosition": [-53.3012, 148.638, 7.30548], "carpPosition": [-119.625, 159.873, 67.5192], "dipPosition": [-65.751, 154.457, 21.9651], "direction": [0.70671, -0.169716, -0.686846], "extended": false, "handId": 99, "id": 990, "length": 44.7461, "mcpPosition": [-119.625, 159.873, 67.5192], "pipPosition": [-86.4391, 159.425, 42.0717], "stabilizedTipPosition": [-56.0554, 149.446, 12.5176], "timeVisible": 8.67237, "tipPosition": [-58.8843, 145.866, 9.72903], "tipVelocity": [-0.0342727, -0.444955, -2.52], "tool": false, "touchDistance": -0.103443, "touchZone": "touching", "type": 0, "width": 16.187}, {"bases": [[[0.640992, -0.55624, -0.528891], [0.482461, 0.82791, -0.285999], [0.596959, -0.0718464, 0.799048]], [[0.687462, -0.560242, -0.462087], [0.394443, 0.822307, -0.410154], [0.609763, 0.0996987, 0.786288]], [[0.687462, -0.560242, -0.462087], [0.265151, 0.785997, -0.558483], [0.676085, 0.261414, 0.688892]], [[0.687462, -0.560242, -0.462087], [0.163638, 0.739428, -0.653046], [0.707544, 0.37333, 0.600005]]], "btipPosition": [-46.4332, 159.912, -47.2586], "carpPosition": [-130.13, 170.062, 54.0944], "dipPosition": [-56.8125, 165.388, -38.4569], "direction": [0.676085, -0.261414, -0.688892], "extended": true, "handId": 99, "id": 991, "length": 50.491, "mcpPosition": [-93.3349, 174.491, 4.84277], "pipPosition": [-70.8428, 170.813, -24.1608], "stabilizedTipPosition": [-45.2675, 159.886, -41.315], "timeVisible": 8.67237, "tipPosition": [-48.7671, 161.046, -44.746], "tipVelocity": [-3.22838, 3.69494, -4.85272], "tool": false, "touchDistance": 0.233423, "touchZone": "hovering", "type": 1, "width": 15.4618}, {"bases": [[[0.624048, -0.693766, -0.359517], [0.596872, 0.720174, -0.353685], [0.50429, 0.00613042, 0.863513]], [[0.632408, -0.693566, -0.345002], [-0.118255, 0.353714, -0.927848], [0.765556, 0.627576, 0.141674]], [[0.632408, -0.693566, -0.345002], [-0.770898, -0.519791, -0.368149], [0.0760067, 0.498781, -0.863389]], [[0.632408, -0.693566, -0.345002], [-0.630612, -0.719603, 0.29069], [-0.449877, 0.0337277, -0.892453]]], "btipPosition": [-81.3091, 126.55, 27.0357], "carpPosition": [-137.065, 165.602, 47.8946], "dipPosition": [-74.0506, 127.094, 12.6365], "direction": [0.0760067, -0.498781, 0.863389], "extended": false, "handId": 99, "id": 992, "length": 57.5304, "mcpPosition": [-107.588, 165.244, -2.5801], "pipPosition": [-75.9063, 139.272, -8.44314], "stabilizedTipPosition": [-78.4236, 129.863, 22.5115], "timeVisible": 8.67237, "tipPosition": [-76.7117, 126.617, 18.6156], "tipVelocity": [-5.03506, -4.04561, 3.44653], "tool": false, "touchDistance": 0.333333, "touchZone": "none", "type": 2, "width": 15.1855}, {"bases": [[[0.644674, -0.737605, -0.200834], [0.655704, 0.668596, -0.35076], [0.392999, 0.0944384, 0.914677]], [[0.619948, -0.741941, -0.25532], [-0.32314, 0.0551021, -0.944746], [0.715014, 0.668197, -0.20559]], [[0.619948, -0.741941, -0.25532], [-0.749725, -0.656113, 0.0861909], [-0.231467, 0.137986, -0.963007]], [[0.619948, -0.741941, -0.25532], [-0.418834, -0.588073, 0.691916], [-0.663507, -0.322015, -0.675325]]], "btipPosition": [-111.656, 130.33, 36.9737], "carpPosition": [-143.56, 159.035, 43.3521], "dipPosition": [-101.012, 125.164, 26.1403], "direction": [-0.231467, -0.137986, 0.963007], "extended": false, "handId": 99, "id": 993, "length": 55.3171, "mcpPosition": [-122.935, 154.079, -4.65091], "pipPosition": [-95.5068, 128.446, 3.23574], "stabilizedTipPosition": [-108.593, 126.926, 32.8503], "timeVisible": 8.67237, "tipPosition": [-106.792, 129.04, 34.3059], "tipVelocity": [-2.71448, -2.63782, -4.67017], "tool": false, "touchDistance": 0.333333, "touchZone": "none", "type": 3, "width": 14.45}, {"bases": [[[0.568564, -0.821981, -0.032885], [0.780119, 0.551431, -0.29553], [0.261054, 0.142373, 0.954767]], [[0.529909, -0.833504, -0.156424], [-0.208542, 0.050714, -0.976698], [0.822014, 0.550182, -0.146947]], [[0.529909, -0.833504, -0.156424], [-0.842767, -0.538134, 0.0124473], [-0.0945518, 0.125233, -0.987612]], [[0.529909, -0.833504, -0.156424], [-0.591429, -0.495408, 0.636226], [-0.60779, -0.244628, -0.755479]]], "btipPosition": [-120.913, 125.898, 28.2076], "carpPosition": [-147.968, 148, 42.3647], "dipPosition": [-111.918, 122.277, 17.0271], "direction": [-0.0945518, -0.125233, 0.987612], "extended": false, "handId": 99, "id": 994, "length": 43.3675, "mcpPosition": [-135.286, 141.083, -4.0188], "pipPosition": [-110.331, 124.38, 0.44233], "stabilizedTipPosition": [-117.975, 123.387, 23.5946], "timeVisible": 8.67237, "tipPosition": [-117.394, 125.801, 25.9193], "tipVelocity": [-2.85461, -1.605, -4.84441], "tool": false, "touchDistance": 0.333333, "touchZone": "none", "type": 4, "width": 12.8356}], "r": [[0.79288, 0.235445, -0.562056], [-0.436807, 0.862714, -0.254804], [0.424901, 0.447539, 0.786872]], "s": 0.975428, "t": [-60.8374, 31.3599, 97.988], "timestamp": 7918454158}, {"currentFrameRate": 115.405, "devices": [], "gestures": [], "hands": [{"armBasis": [[0.578755, -0.325856, -0.74757], [0.681303, 0.697003, 0.223638], [0.448184, -0.638753, 0.6254]], "armWidth": 51.6826, "confidence": 1, "direction": [0.403761, 0.0976743, -0.909635], "elbow": [-250.264, 2.10657, 210.347], "grabAngle": 2.66865, "grabStrength": 0, "id": 99, "palmNormal": [0.565403, -0.808311, 0.164172], "palmPosition": [-115.875, 158.801, 16.1607], "palmVelocity": [-2.85596, 0.44014, -3.40693], "palmWidth": 76.2329, "pinchDistance": 51.5107, "pinchStrength": 0.543463, "r": [[0.793009, 0.235502, -0.56185], [-0.436681, 0.862811, -0.254691], [0.42479, 0.447321, 0.787056]], "s": 0.975882, "sphereCenter": [-93.7887, 121.682, 4.98003], "sphereRadius": 44.0367, "stabilizedPalmPosition": [-114.863, 157.024, 15.3504], "t": [60.8214, 31.356, 97.9667], "timeVisible": 8.68083, "type": "left", "wrist": [-148.88, 146.599, 68.8748]}], "id": 129816, "interactionBox": {"center": [0, 200, 0], "size": [235.247, 235.247, 147.751]}, "pointables": [{"bases": [[[0.716342, 0.508404, -0.47789], [-0.168405, 0.79063, 0.58868], [0.677121, -0.341217, 0.65198]], [[0.488149, 0.585728, -0.647019], [-0.363457, 0.810435, 0.45945], [0.79348, 0.0108838, 0.6085]], [[0.488149, 0.585728, -0.647019], [-0.512079, 0.792547, 0.331127], [0.706743, 0.169685, 0.686819]], [[0.488149, 0.585728, -0.647019], [-0.6145, 0.757105, 0.221771], [0.619758, 0.289336, 0.729509]]], "btipPosition": [-53.3173, 148.636, 7.27777], "carpPosition": [-119.645, 159.873, 67.4908], "dipPosition": [-65.7707, 154.45, 21.9364], "direction": [0.706743, -0.169685, -0.686819], "extended": false, "handId": 99, "id": 990, "length": 44.7461, "mcpPosition": [-119.645, 159.873, 67.4908], "pipPosition": [-86.4598, 159.418, 42.0423], "stabilizedTipPosition": [-56.0555, 149.446, 12.5165], "timeVisible": 8.68083, "tipPosition": [-58.9101, 145.855, 9.69557], "tipVelocity": [-2.00726, -0.355477, -3.30318], "tool": false, "touchDistance": -0.103909, "touchZone": "touching", "type": 0, "width": 16.187}, {"bases": [[[0.641231, -0.