{"frames": 141, "data": [{"currentFrameRate": 115.204, "devices": [], "gestures": [], "hands": [{"armBasis": [[-0.269105, -0.911751, -0.310311], [0.835696, -0.0608941, -0.545807], [0.478743, -0.406205, 0.778333]], "armWidth": 59.5212, "confidence": 1, "direction": [0.0833178, 0.217363, -0.972528], "elbow": [-281.324, 35.0943, 328.272], "grabAngle": 2.59681, "grabStrength": 0, "id": 48, "palmNormal": [0.976465, 0.177014, 0.123218], "palmPosition": [-142.484, 167.822, 55.7713], "palmVelocity": [-6.91571, -9.52662, -8.33975], "palmWidth": 88.5196, "pinchDistance": 64.1952, "pinchStrength": 0.401871, "r": [[0.908193, -0.265666, -0.323431], [0.116118, 0.902328, -0.415115], [0.402123, 0.339448, 0.850336]], "s": 1.77021, "sphereCenter": [-96.2507, 161.2, 38.2684], "sphereRadius": 52.5014, "stabilizedPalmPosition": [-135.733, 172.395, 64.1354], "t": [42.3387, -11.5793, 35.4847], "timeVisible": 5.19237, "type": "left", "wrist": [-155.573, 141.792, 123.828]}], "id": 60498, "interactionBox": {"center": [0, 200, 0], "size": [235.247, 235.247, 147.751]}, "pointables": [{"bases": [[[0.777068, -0.502175, -0.379455], [0.629306, 0.608534, 0.483384], [-0.0118327, -0.614415, 0.788894]], [[0.747919, -0.305219, -0.589456], [0.552879, 0.777873, 0.298727], [0.367345, -0.549322, 0.750536]], [[0.747919, -0.305219, -0.589456], [0.452108, 0.884429, 0.115692], [0.48602, -0.353026, 0.799473]], [[0.747919, -0.305219, -0.589456], [0.30612, 0.946545, -0.101705], [0.588989, -0.104377, 0.801372]]], "btipPosition": [-96.915, 217.414, 32.5561], "carpPosition": [-145.025, 176.299, 114.889], "dipPosition": [-110.661, 214.978, 51.2589], "direction": [0.48602, 0.353026, -0.799473], "extended": false, "handId": 48, "id": 480, "length": 51.9712, "mcpPosition": [-145.025, 176.299, 114.889], "pipPosition": [-127.186, 202.975, 78.4414], "stabilizedTipPosition": [-99.193, 219.591, 39.8286], "timeVisible": 5.19237, "tipPosition": [-104.554, 220.587, 36.0382], "tipVelocity": [-12.5176, -4.60036, -10.9758], "tool": false, "touchDistance": -0.299925, "touchZone": "touching", "type": 0, "width": 18.5712}, {"bases": [[[-0.2101, -0.909783, -0.357984], [0.958432, -0.119362, -0.259153], [0.193044, -0.397552, 0.897043]], [[-0.158715, -0.977828, -0.136606], [0.970268, -0.128866, -0.204872], [0.182726, -0.165061, 0.969209]], [[-0.158715, -0.977828, -0.136606], [0.970268, -0.128866, -0.204872], [0.182726, -0.165061, 0.969209]], [[-0.158715, -0.977828, -0.136606], [0.938697, -0.10656, -0.327862], [0.306036, -0.180269, 0.934797]]], "btipPosition": [-129.908, 210.238, -44.1432], "carpPosition": [-161.172, 167.662, 100.872], "dipPosition": [-135.122, 207.166, -28.2161], "direction": [0.182726, 0.165061, -0.969209], "extended": true, "handId": 48, "id": 481, "length": 58.6436, "mcpPosition": [-147.355, 196.116, 36.6683], "pipPosition": [-139.527, 203.188, -4.8552], "stabilizedTipPosition": [-129.541, 214.088, -36.8672], "timeVisible": 5.19237, "tipPosition": [-134.993, 208.235, -41.1109], "tipVelocity": [-10.9732, -12.6216, -10.1371], "tool": false, "touchDistance": 0.104907, "touchZone": "hovering", "type": 1, "width": 17.7392}, {"bases": [[[-0.342378, -0.921361, -0.18404], [0.91312, -0.280152, -0.296187], [0.221336, -0.269458, 0.937231]], [[-0.328489, -0.935861, -0.127508], [0.039389, 0.121309, -0.991833], [0.943686, -0.330829, -0.00298596]], [[-0.328489, -0.935861, -0.127508], [-0.921161, 0.347267, -0.175695], [0.208705, 0.0597419, -0.976152]], [[-0.328489, -0.935861, -0.127508], [-0.796889, 0.202144, 0.569303], [-0.507014, 0.28862, -0.812179]]], "btipPosition": [-103.359, 183.999, 75.1172], "carpPosition": [-160.159, 156.911, 95.6862], "dipPosition": [-93.8581, 189.408, 59.8972], "direction": [0.208705, -0.0597419, 0.976152], "extended": false, "handId": 48, "id": 482, "length": 66.8197, "mcpPosition": [-145.136, 175.201, 32.0728], "pipPosition": [-99.7764, 191.102, 32.2163], "stabilizedTipPosition": [-97.3107, 189.426, 76.4847], "timeVisible": 5.19237, "tipPosition": [-100.203, 185.281, 70.3942], "tipVelocity": [-9.24714, -7.4318, -6.90159], "tool": false, "touchDistance": 0.333333, "touchZone": "none", "type": 2, "width": 17.4223}, {"bases": [[[-0.373929, -0.927214, -0.0212574], [0.892916, -0.353711, -0.278551], [0.250757, -0.123139, 0.960186]], [[-0.366778, -0.930292, 0.00557103], [-0.0318694, 0.00657958, -0.99947], [0.929762, -0.366762, -0.0320611]], [[-0.366778, -0.930292, 0.00557103], [-0.9226, 0.362964, -0.130641], [0.119512, -0.053056, -0.991414]], [[-0.366778, -0.930292, 0.00557103], [-0.756294, 0.301654, 0.580538], [-0.54175, 0.208715, -0.814214]]], "btipPosition": [-106.796, 167.345, 77.9634], "carpPosition": [-156.71, 145.923, 92.49], "dipPosition": [-96.7017, 171.234, 62.793], "direction": [0.119512, 0.053056, 0.991414], "extended": false, "handId": 48, "id": 483, "length": 64.249, "mcpPosition": [-141.429, 153.427, 33.9769], "pipPosition": [-100.003, 169.769, 35.4054], "stabilizedTipPosition": [-99.8849, 172.642, 79.6093], "timeVisible": 5.19237, "tipPosition": [-104.016, 168.863, 73.0623], "tipVelocity": [-7.5065, -7.1932, -6.02748], "tool": false, "touchDistance": 0.333333, "touchZone": "none", "type": 3, "width": 16.5784}, {"bases": [[[-0.484754, -0.86396, 0.136335], [0.842508, -0.5031, -0.192534], [0.234932, 0.021532, 0.971773]], [[-0.488546, -0.864197, 0.120363], [-0.0220703, -0.125662, -0.991828], [0.872259, -0.487209, 0.0423186]], [[-0.488546, -0.864197, 0.120363], [-0.856137, 0.448159, -0.257261], [0.168383, -0.228731, -0.958817]], [[-0.488546, -0.864197, 0.120363], [-0.762476, 0.489905, 0.422639], [-0.42421, 0.114705, -0.89827]]], "btipPosition": [-107.498, 154.073, 71.1466], "carpPosition": [-147.499, 135.618, 93.3161], "dipPosition": [-100.206, 156.044, 55.7064], "direction": [0.168383, 0.228731, 0.958817], "extended": false, "handId": 48, "id": 484, "length": 50.37, "mcpPosition": [-134.247, 134.404, 38.4975], "pipPosition": [-103.49, 151.583, 37.0054], "stabilizedTipPosition": [-101.172, 158.939, 72.7043], "timeVisible": 5.19237, "tipPosition": [-105.924, 154.836, 65.2975], "tipVelocity": [-6.96032, -6.32467, -5.92639], "tool": false, "touchDistance": 0.333333, "touchZone": "none", "type": 4, "width": 14.7262}], "r": [[0.908193, -0.265666, -0.323431], [0.116118, 0.902328, -0.415115], [0.402123, 0.339448, 0.850336]], "s": 1.77021, "t": [-42.3387, -11.5793, 35.4847], "timestamp": 7305911891}, {"currentFrameRate": 115.097, "devices": [], "gestures": [], "hands": [{"armBasis": [[-0.268447, -0.912321, -0.309204], [0.836332, -0.0614545, -0.544767], [0.478001, -0.404839, 0.7795]], "armWidth": 59.5212, "confidence": 1, "direction": [0.08292, 0.217284, -0.97258], "elbow": [-281.161, 35.4008, 328.534], "grabAngle": 2.59702, "grabStrength": 0, "id": 48, "palmNormal": [0.976453, 0.177321, 0.122866], "palmPosition": [-142.553, 167.749, 55.7124], "palmVelocity": [-7.72812, -8.14044, -6.63842], "palmWidth": 88.5196, "pinchDistance": 64.1905, "pinchStrength": 0.400257, "r": [[0.908198, -0.266014, -0.323129], [0.11642, 0.90213, -0.41546], [0.402023, 0.339701, 0.850283]], "s": 1.7705, "sphereCenter": [-96.3478, 161.21, 38.2041], "sphereRadius": 52.4774, "stabilizedPalmPosition": [-135.733, 172.395, 64.1354], "t": [42.2791, -11.661, 35.4184], "timeVisible": 5.20124, "type": "left", "wrist": [-155.605, 141.74, 123.783]}], "id": 60499, "interactionBox": {"center": [0, 200, 0], "size": [235.247, 235.247, 147.751]}, "pointables": [{"bases": [[[0.777046, -0.50245, -0.379135], [0.629324, 0.608396, 0.483535], [-0.0122871, -0.614328, 0.788955]], [[0.748019, -0.305472, -0.589198], [0.55319, 0.777461, 0.299226], [0.366673, -0.549765, 0.750539]], [[0.748019, -0.305472, -0.589198], [0.452698, 0.884035, 0.116393], [0.485317, -0.353793, 0.799561]], [[0.748019, -0.305472, -0.589198], [0.306787, 0.946385, -0.101174], [0.588515, -0.105078, 0.801629]]], "btipPosition": [-97.0335, 217.411, 32.4881], "carpPosition": [-145.076, 176.232, 114.83], "dipPosition": [-110.768, 214.959, 51.1968], "direction": [0.485317, 0.353793, -0.799561], "extended": false, "handId": 48, "id": 480, "length": 51.9712, "mcpPosition": [-145.076, 176.232, 114.83], "pipPosition": [-127.27, 202.93, 78.3823], "stabilizedTipPosition": [-99.2003, 219.571, 39.8063], "timeVisible": 5.20124, "tipPosition": [-104.627, 220.509, 35.9642], "tipVelocity": [-13.068, -0.727378, -7.5193], "tool": false, "touchDistance": -0.299266, "touchZone": "touching", "type": 0, "width": 18.5712}, {"bases": [[[-0.210251, -0.909758, -0.357959], [0.958485, -0.119678, -0.258813], [0.192617, -0.397514, 0.897152]], [[-0.159056, -0.977727, -0.136933], [0.970231, -0.129143, -0.204873], [0.182626, -0.165443, 0.969163]], [[-0.159056, -0.977727, -0.136933], [0.970231, -0.129143, -0.204873], [0.182626, -0.165443, 0.969163]], [[-0.159056, -0.977727, -0.136933], [0.939025, -0.106993, -0.326778], [0.304849, -0.18056, 0.935129]]], "btipPosition": [-130.019, 210.192, -44.2059], "carpPosition": [-161.225, 167.589, 100.819], "dipPosition": [-135.213, 207.116, -28.2732], "direction": [0.182626, 0.165443, -0.969163], "extended": true, "handId": 48, "id": 481, "length": 58.6436, "mcpPosition": [-147.439, 196.04, 36.6081], "pipPosition": [-139.614, 203.128, -4.91344], "stabilizedTipPosition": [-129.555, 214.049, -36.8982], "timeVisible": 5.20124, "tipPosition": [-135.098, 208.157, -41.1752], "tipVelocity": [-11.9319, -5.22142, -6.93106], "tool": false, "touchDistance": 0.103883, "touchZone": "hovering", "type": 1, "width": 17.7392}, {"bases": [[[-0.342592, -0.921278, -0.184059], [0.913137, -0.280459, -0.295845], [0.220934, -0.269425, 0.937336]], [[-0.328727, -0.935776, -0.127521], [0.038955, 0.121475, -0.99183], [0.943621, -0.331009, -0.00347902]], [[-0.328727, -0.935776, -0.127521], [-0.921125, 0.347489, -0.175446], [0.20849, 0.059789, -0.976195]], [[-0.328727, -0.935776, -0.127521], [-0.796569, 0.202186, 0.569736], [-0.507362, 0.288867, -0.811874]]], "btipPosition": [-103.454, 183.927, 75.0776], "carpPosition": [-160.21, 156.838, 95.6346], "dipPosition": [-93.9461, 189.34, 59.8634], "direction": [0.20849, -0.0597889, 0.976195], "extended": false, "handId": 48, "id": 482, "length": 66.8197, "mcpPosition": [-145.215, 175.125, 32.014], "pipPosition": [-99.8583, 191.035, 32.1813], "stabilizedTipPosition": [-97.324, 189.412, 76.4683], "timeVisible": 5.20124, "tipPosition": [-100.275, 185.223, 70.3228], "tipVelocity": [-10.4985, -8.09232, -4.31143], "tool": false, "touchDistance": 0.333333, "touchZone": "none", "type": 2, "width": 17.4223}, {"bases": [[[-0.3742, -0.927104, -0.0212865], [0.892904, -0.354009, -0.278208], [0.250392, -0.123112, 0.960285]], [[-0.367074, -0.930176, 0.00549334], [-0.0322141, 0.0068101, -0.999458], [0.929634, -0.367052, -0.0324645]], [[-0.367074, -0.930176, 0.00549334], [-0.9225, 0.363275, -0.130481], [0.119374, -0.0529636, -0.991436]], [[-0.367074, -0.930176, 0.00549334], [-0.756131, 0.30182, 0.580663], [-0.541777, 0.208993, -0.814125]]], "btipPosition": [-106.877, 167.276, 77.9226], "carpPosition": [-156.759, 145.851, 92.4383], "dipPosition": [-96.7829, 171.17, 62.7539], "direction": [0.119374, 0.0529636, 0.991436], "extended": false, "handId": 48, "id": 483, "length": 64.249, "mcpPosition": [-141.501, 153.353, 33.9192], "pipPosition": [-100.081, 169.707, 35.3657], "stabilizedTipPosition": [-99.8992, 172.628, 79.5933], "timeVisible": 5.20124, "tipPosition": [-104.08, 168.802, 72.9938], "tipVelocity": [-9.19756, -7.645, -4.55606], "tool": false, "touchDistance": 0.333333, "touchZone": "none", "type": 3, "width": 16.5784}, {"bases": [[[-0.48506, -0.863799, 0.136262], [0.842423, -0.503374, -0.192193], [0.234606, 0.021565, 0.971851]], [[-0.488793, -0.864035, 0.12052], [-0.0224329, -0.125654, -0.991821], [0.872112, -0.487498, 0.0420357]], [[-0.488793, -0.864035, 0.12052], [-0.856055, 0.448419, -0.257082], [0.168085, -0.228832, -0.958845]], [[-0.488793, -0.864035, 0.12052], [-0.762346, 0.490202, 0.422528], [-0.424159, 0.114651, -0.898301]]], "btipPosition": [-107.572, 154.014, 71.0995], "carpPosition": [-147.545, 135.549, 93.2624], "dipPosition": [-100.281, 155.985, 55.6588], "direction": [0.168085, 0.228832, 0.958845], "extended": false, "handId": 48, "id": 484, "length": 50.37, "mcpPosition": [-134.311, 134.332, 38.4394], "pipPosition": [-103.56, 151.522, 36.9572], "stabilizedTipPosition": [-101.186, 158.927, 72.6898], "timeVisible": 5.20124, "tipPosition": [-105.985, 154.775, 65.2317], "tipVelocity": [-8.42687, -6.61883, -5.32111], "tool": false, "touchDistance": 0.333333, "touchZone": "none", "type": 4, "width": 14.7262}], "r": [[0.908198, -0.266014, -0.323129], [0.11642, 0.90213, -0.41546], [0.402023, 0.339701, 0.850283]], "s": 1.7705, "t": [-42.2791, -11.661, 35.4184], "timestamp": 7305920760}, {"currentFrameRate": 115.202, "devices": [], "gestures": [], "hands": [{"armBasis": [[-0.268538, -0.912858, -0.307536], [0.836737, -0.0628808, -0.543983], [0.477241, -0.403407, 0.780707]], "armWidth": 59.5212, "confidence": 1, "direction": [0.0818939, 0.216874, -0.972758], "elbow": [-280.946, 35.7206, 328.802], "grabAngle": 2.59749, "grabStrength": 0, "id": 48, "palmNormal": [0.976313, 0.178668, 0.122027], "palmPosition": [-142.62, 167.656, 55.6342], "palmVelocity": [-7.845, -11.0323, -9.19997], "palmWidth": 88.5196, "pinchDistance": 64.1712, "pinchStrength": 0.397837, "r": [[0.908182, -0.266566, -0.322721], [0.116962, 0.901897, -0.415814], [0.401903, 0.339889, 0.850265]], "s": 1.7709, "sphereCenter": [-96.4516, 161.281, 38.1117], "sphereRadius": 52.4399, "stabilizedPalmPosition": [-135.733, 172.395, 64.1354], "t": [42.2159, -11.7487, 35.3461], "timeVisible": 5.20974, "type": "left", "wrist": [-155.59, 141.683, 123.734]}], "id": 60500, "interactionBox": {"center": [0, 200, 0], "size": [235.247, 235.247, 147.751]}, "pointables": [{"bases": [[[0.776675, -0.503671, -0.378275], [0.629753, 0.607828, 0.48369], [-0.0136944, -0.61389, 0.789273]], [[0.748061, -0.306753, -0.588478], [0.554281, 0.776438, 0.299861], [0.364933, -0.550497, 0.75085]], [[0.748061, -0.306753, -0.588478], [0.454425, 0.883019, 0.11737], [0.483634, -0.355219, 0.799948]], [[0.748061, -0.306753, -0.588478], [0.30867, 0.945829, -0.100651], [0.587475, -0.106352, 0.802224]]], "btipPosition": [-97.2323, 217.46, 32.365], "carpPosition": [-145.109, 176.166, 114.749], "dipPosition": [-110.943, 214.977, 51.0877], "direction": [0.483634, 0.355219, -0.799948], "extended": false, "handId": 48, "id": 480, "length": 51.9712, "mcpPosition": [-145.109, 176.166, 114.749], "pipPosition": [-127.387, 202.9, 78.2864], "stabilizedTipPosition": [-99.2094, 219.551, 39.7824], "timeVisible": 5.20974, "tipPosition": [-104.748, 220.43, 35.8347], "tipVelocity": [-22.7247, 4.86607, -14.092], "tool": false, "touchDistance": -0.29947, "touchZone": "touching", "type": 0, "width": 18.5712}, {"bases": [[[-0.211172, -0.909672, -0.357635], [0.958524, -0.121073, -0.258018], [0.191412, -0.397288, 0.89751]], [[-0.160419, -0.977455, -0.137283], [0.970062, -0.130433, -0.204858], [0.182333, -0.166036, 0.969116]], [[-0.160419, -0.977455, -0.137283], [0.970062, -0.130433, -0.204858], [0.182333, -0.166036, 0.969116]], [[-0.160419, -0.977455, -0.137283], [0.939454, -0.108532, -0.325033], [0.302805, -0.181113, 0.935685]]], "btipPosition": [-130.191, 210.131, -44.3019], "carpPosition": [-161.257, 167.495, 100.755], "dipPosition": [-135.351, 207.045, -28.3597], "direction": [0.182333, 0.166036, -0.969116], "extended": true, "handId": 48, "id": 481, "length": 58.6436, "mcpPosition": [-147.557, 195.93, 36.5185], "pipPosition": [-139.745, 203.043, -5.00102], "stabilizedTipPosition": [-129.57, 214.012, -36.9283], "timeVisible": 5.20974, "tipPosition": [-135.272, 208.029, -41.2774], "tipVelocity": [-19.3828, -7.46435, -11.0277], "tool": false, "touchDistance": 0.10232, "touchZone": "hovering", "type": 1, "width": 17.7392}, {"bases": [[[-0.34366, -0.920926, -0.183829], [0.912993, -0.281814, -0.294999], [0.219866, -0.269214, 0.937647]], [[-0.329858, -0.935412, -0.127273], [0.0387668, 0.121283, -0.991861], [0.943234, -0.332107, -0.00374323]], [[-0.329858, -0.935412, -0.127273], [-0.92071, 0.348553, -0.175509], [0.208535, 0.0592885, -0.976216]], [[-0.329858, -0.935412, -0.127273], [-0.796042, 0.203138, 0.570134], [-0.507456, 0.289378, -0.811634]]], "btipPosition": [-103.567, 183.874, 75.0063], "carpPosition": [-160.232, 156.743, 95.5756], "dipPosition": [-94.0579, 189.297, 59.7966], "direction": [0.208535, -0.0592885, 0.976216], "extended": false, "handId": 48, "id": 482, "length": 66.8197, "mcpPosition": [-145.309, 175.015, 31.9339], "pipPosition": [-99.9714, 190.978, 32.1138], "stabilizedTipPosition": [-97.3373, 189.398, 76.452], "timeVisible": 5.20974, "tipPosition": [-100.358, 185.192, 70.2085], "tipVelocity": [-13.3018, -5.92189, -8.26689], "tool": false, "touchDistance": 0.333333, "touchZone": "none", "type": 2, "width": 17.4223}, {"bases": [[[-0.3754, -0.926623, -0.021078], [0.892651, -0.355329, -0.277338], [0.249498, -0.122928, 0.960541]], [[-0.368345, -0.929673, 0.00553711], [-0.0324025, 0.00688546, -0.999451], [0.929124, -0.368322, -0.0326599]], [[-0.368345, -0.929673, 0.00553711], [-0.921983, 0.36452, -0.13066], [0.119453, -0.0532331, -0.991412]], [[-0.368345, -0.929673, 0.00553711], [-0.755698, 0.302873, 0.580679], [-0.541519, 0.209706, -0.814114]]], "btipPosition": [-106.957, 167.223, 77.8591], "carpPosition": [-156.769, 145.758, 92.3826], "dipPosition": [-96.8679, 171.13, 62.6906], "direction": [0.119453, 0.0532331, 0.991412], "extended": false, "handId": 48, "id": 483, "length": 64.249, "mcpPosition": [-141.565, 153.249, 33.8479], "pipPosition": [-100.168, 169.66, 35.303], "stabilizedTipPosition": [-99.913, 172.615, 79.5781], "timeVisible": 5.20974, "tipPosition": [-104.136, 168.766, 72.891], "tipVelocity": [-9.55417, -5.90659, -7.46462], "tool": false, "touchDistance": 0.333333, "touchZone": "none", "type": 3, "width": 16.5784}, {"bases": [[[-0.486297, -0.863089, 0.136352], [0.841908, -0.504582, -0.191282], [0.233894, 0.0217757, 0.972018]], [[-0.490058, -0.86333, 0.120433], [-0.0225869, -0.125538, -0.991832], [0.871397, -0.488776, 0.042021]], [[-0.490058, -0.86333, 0.120433], [-0.855344, 0.449627, -0.257336], [0.168016, -0.229122, -0.958788]], [[-0.490058, -0.86333, 0.120433], [-0.761783, 0.491319, 0.422247], [-0.42371, 0.115182, -0.898445]]], "btipPosition": [-107.627, 153.964, 71.0347], "carpPosition": [-147.541, 135.468, 93.2051], "dipPosition": [-100.344, 155.943, 55.5915], "direction": [0.168016, 0.229122, 0.958788], "extended": false, "handId": 48, "id": 484, "length": 50.37, "mcpPosition": [-134.347, 134.24, 38.3727], "pipPosition": [-103.621, 151.475, 36.891], "stabilizedTipPosition": [-101.198, 158.915, 72.6767], "timeVisible": 5.20974, "tipPosition": [-106.027, 154.734, 65.1385], "tipVelocity": [-6.65859, -5.70453, -7.69131], "tool": false, "touchDistance": 0.333333, "touchZone": "none", "type": 4, "width": 14.7262}], "r": [[0.908182, -0.266566, -0.322721], [0.116962, 0.901897, -0.415814], [0.401903, 0.339889, 0.850265]], "s": 1.7709, "t": [-42.2159, -11.7487, 35.3461], "timestamp": 7305929263}, {"currentFrameRate": 115.243, "devices": [], "gestures": [], "hands": [{"armBasis": [[-0.268908, -0.913358, -0.305721], [0.837099, -0.0646273, -0.543221], [0.476398, -0.401995, 0.78195]], "armWidth": 59.5212, "confidence": 1, "direction": [0.0815647, 0.216562, -0.972856], "elbow": [-280.733, 36.0422, 329.08], "grabAngle": 2.59809, "grabStrength": 0, "id": 48, "palmNormal": [0.976044, 0.18019, 0.121943], "palmPosition": [-142.671, 167.575, 55.5654], "palmVelocity": [-5.94483, -9.35656, -7.98542], "palmWidth": 88.5196, "pinchDistance": 64.1574, "pinchStrength": 0.395685, "r": [[0.908088, -0.267308, -0.322369], [0.117667, 0.901637, -0.416178], [0.401908, 0.339994, 0.85022]], "s": 1.77134, "sphereCenter": [-96.5209, 161.352, 38.059], "sphereRadius": 52.4113, "stabilizedPalmPosition": [-135.733, 172.395, 64.1354], "t": [42.1588, -11.8329, 35.2756], "timeVisible": 5.21835, "type": "left", "wrist": [-155.598, 141.634, 123.686]}], "id": 60501, "interactionBox": {"center": [0, 200, 0], "size": [235.247, 235.247, 147.751]}, "pointables": [{"bases": [[[0.775918, -0.505007, -0.378047], [0.630665, 0.607097, 0.483421], [-0.0146197, -0.613515, 0.789547]], [[0.747591, -0.308105, -0.58837], [0.555667, 0.775394, 0.299997], [0.363788, -0.551213, 0.750881]], [[0.747591, -0.308105, -0.58837], [0.456268, 0.882, 0.117875], [0.482624, -0.356576, 0.799954]], [[0.747591, -0.308105, -0.58837], [0.310762, 0.945202, -0.100104], [0.58697, -0.108006, 0.802372]]], "btipPosition": [-97.3978, 217.521, 32.2873], "carpPosition": [-145.173, 176.109, 114.677], "dipPosition": [-111.097, 215.001, 51.0134], "direction": [0.482625, 0.356576, -0.799954], "extended": false, "handId": 48, "id": 480, "length": 51.9712, "mcpPosition": [-145.173, 176.109, 114.677], "pipPosition": [-127.506, 202.877, 78.2123], "stabilizedTipPosition": [-99.2209, 219.528, 39.755], "timeVisible": 5.21835, "tipPosition": [-104.853, 220.377, 35.7472], "tipVelocity": [-18.9134, 6.13168, -8.93482], "tool": false, "touchDistance": -0.29901, "touchZone": "touching", "type": 0, "width": 18.5712}, {"bases": [[[-0.212538, -0.909514, -0.357229], [0.958342, -0.12263, -0.25796], [0.190812, -0.397174, 0.897688]], [[-0.16204, -0.977162, -0.137465], [0.969739, -0.131908, -0.20544], [0.182616, -0.166594, 0.968967]], [[-0.16204, -0.977162, -0.137465], [0.969739, -0.131908, -0.20544], [0.182616, -0.166594, 0.968967]], [[-0.16204, -0.977162, -0.137465], [0.939622, -0.110239, -0.323973], [0.30142, -0.181661, 0.936026]]], "btipPosition": [-130.29, 210.081, -44.3791], "carpPosition": [-161.308, 167.407, 100.687], "dipPosition": [-135.425, 206.986, -28.4311], "direction": [0.182616, 0.166594, -0.968967], "extended": true, "handId": 48, "id": 481, "length": 58.6436, "mcpPosition": [-147.651, 195.833, 36.4372], "pipPosition": [-139.827, 202.971, -5.076], "stabilizedTipPosition": [-129.584, 213.976, -36.9571], "timeVisible": 5.21835, "tipPosition": [-135.368, 207.922, -41.3616], "tipVelocity": [-10.8034, -6.03965, -8.81366], "tool": false, "touchDistance": 0.101055, "touchZone": "hovering", "type": 1, "width": 17.7392}, {"bases": [[[-0.345044, -0.92049, -0.183418], [0.912569, -0.283318, -0.294869], [0.219459, -0.269125, 0.937769]], [[-0.331263, -0.934972, -0.126856], [0.0379589, 0.121132, -0.99191], [0.942775, -0.333399, -0.00463612]], [[-0.331263, -0.934972, -0.126856], [-0.920347, 0.349813, -0.174905], [0.207907, 0.058812, -0.976379]], [[-0.331263, -0.934972, -0.126856], [-0.79502, 0.20418, 0.571186], [-0.508142, 0.290066, -0.810959]]], "btipPosition": [-103.683, 183.842, 74.9692], "carpPosition": [-160.267, 156.653, 95.5118], "dipPosition": [-94.1601, 189.277, 59.7721], "direction": [0.207907, -0.058812, 0.976379], "extended": false, "handId": 48, "id": 482, "length": 66.8197, "mcpPosition": [-145.371, 174.92, 31.8619], "pipPosition": [-100.056, 190.945, 32.0847], "stabilizedTipPosition": [-97.3524, 189.382, 76.434], "timeVisible": 5.21835, "tipPosition": [-100.439, 185.181, 70.1369], "tipVelocity": [-13.0253, -3.42967, -3.97544], "tool": false, "touchDistance": 0.333333, "touchZone": "none", "type": 2, "width": 17.4223}, {"bases": [[[-0.376793, -0.926067, -0.0206649], [0.892116, -0.356794, -0.277176], [0.24931, -0.122873, 0.960597]], [[-0.369816, -0.929087, 0.00567676], [-0.0332257, 0.00711872, -0.999423], [0.928511, -0.369792, -0.0335022]], [[-0.369816, -0.929087, 0.00567676], [-0.921491, 0.365998, -0.129997], [0.118701, -0.0533061, -0.991498]], [[-0.369816, -0.929087, 0.00567676], [-0.754656, 0.303938, 0.581478], [-0.541969, 0.210756, -0.813542]]], "btipPosition": [-107.044, 167.182, 77.8261], "carpPosition": [-156.787, 145.673, 92.3237], "dipPosition": [-96.9456, 171.109, 62.6682], "direction": [0.118701, 0.0533061, 0.991498], "extended": false, "handId": 48, "id": 483, "length": 64.249, "mcpPosition": [-141.595, 153.161, 33.7856], "pipPosition": [-100.225, 169.637, 35.2783], "stabilizedTipPosition": [-99.9284, 172.601, 79.5615], "timeVisible": 5.21835, "tipPosition": [-104.191, 168.749, 72.8272], "tipVelocity": [-9.77806, -4.21401, -3.55191], "tool": false, "touchDistance": 0.333333, "touchZone": "none", "type": 3, "width": 16.5784}, {"bases": [[[-0.487595, -0.862296, 0.136736], [0.841149, -0.505932, -0.191053], [0.233924, 0.021859, 0.972009]], [[-0.491397, -0.86254, 0.12064], [-0.0234761, -0.125349, -0.991835], [0.870619, -0.490217, 0.0413472]], [[-0.491397, -0.86254, 0.12064], [-0.854759, 0.451048, -0.256794], [0.16708, -0.229306, -0.958907]], [[-0.491397, -0.86254, 0.12064], [-0.760685, 0.49251, 0.422838], [-0.424131, 0.116013, -0.898139]]], "btipPosition": [-107.681, 153.928, 71.0017], "carpPosition": [-147.544, 135.397, 93.1508], "dipPosition": [-100.391, 155.922, 55.5638], "direction": [0.16708, 0.229306, 0.958907], "extended": false, "handId": 48, "id": 484, "length": 50.37, "mcpPosition": [-134.348, 134.164, 38.3189], "pipPosition": [-103.649, 151.45, 36.861], "stabilizedTipPosition": [-101.21, 158.903, 72.663], "timeVisible": 5.21835, "tipPosition": [-106.059, 154.712, 65.0817], "tipVelocity": [-6.07015, -3.75969, -3.69133], "tool": false, "touchDistance": 0.333333, "touchZone": "none", "type": 4, "width": 14.7262}], "r": [[0.908088, -0.267308, -0.322369], [0.117667, 0.901637, -0.416178], [0.401908, 0.339994, 0.85022]], "s": 1.77134, "t": [-42.1588, -11.8329, 35.2756], "timestamp": 7305937870}, {"currentFrameRate": 115.251, "devices": [], "gestures": [], "hands": [{"armBasis": [[-0.268808, -0.913782, -0.304542], [0.837623, -0.0656725, -0.542287], [0.475532, -0.400862, 0.783058]], "armWidth": 59.5212, "confidence": 1, "direction": [0.0811327, 0.216366, -0.972935], "elbow": [-280.572, 36.3553, 329.356], "grabAngle": 2.59806, "grabStrength": 0, "id": 48, "palmNormal": [0.975932, 0.181, 0.121634], "palmPosition": [-142.781, 167.567, 55.5332], "palmVelocity": [-12.6801, -0.875708, -3.72325], "palmWidth": 88.5196, "pinchDistance": 64.1581, "pinchStrength": 0.394413, "r": [[0.907988, -0.268064, -0.322025], [0.118397, 0.901388, -0.416511], [0.401921, 0.34006, 0.850187]], "s": 1.77182, "sphereCenter": [-96.6456, 161.431, 38.0189], "sphereRadius": 52.4003, "stabilizedPalmPosition": [-135.733, 172.395, 64.1354], "t": [42.0753, -11.8787, 35.2242], "timeVisible": 5.22701, "type": "left", "wrist": [-155.664, 141.649, 123.67]}], "id": 60502, "interactionBox": {"center": [0, 200, 0], "size": [235.247, 235.247, 147.751]}, "pointables": [{"bases": [[[0.775616, -0.505726, -0.377705], [0.631019, 0.606723, 0.483427], [-0.0153191, -0.613292, 0.789707]], [[0.747477, -0.308768, -0.588167], [0.556437, 0.774652, 0.300486], [0.362845, -0.551885, 0.750844]], [[0.747477, -0.308768, -0.588167], [0.457311, 0.881379, 0.118483], [0.481814, -0.357539, 0.800013]], [[0.747477, -0.308768, -0.588167], [0.312012, 0.944854, -0.0994931], [0.586453, -0.109146, 0.802596]]], "btipPosition": [-97.5841, 217.619, 32.248], "carpPosition": [-145.273, 176.115, 114.643], "dipPosition": [-111.271, 215.072, 50.9793], "direction": [0.481814, 0.357539, -0.800013], "extended": false, "handId": 48, "id": 480, "length": 51.9712, "mcpPosition": [-145.273, 176.115, 114.643], "pipPosition": [-127.653, 202.916, 78.1803], "stabilizedTipPosition": [-99.2364, 219.503, 39.7222], "timeVisible": 5.22701, "tipPosition": [-104.988, 220.377, 35.6953], "tipVelocity": [-21.1851, 10.6243, -4.39753], "tool": false, "touchDistance": -0.298014, "touchZone": "touching", "type": 0, "width": 18.5712}, {"bases": [[[-0.213168, -0.90944, -0.357042], [0.958312, -0.123462, -0.257672], [0.190256, -0.397085, 0.897845]], [[-0.162941, -0.976952, -0.137894], [0.969626, -0.13272, -0.205451], [0.182414, -0.167182, 0.968904]], [[-0.162941, -0.976952, -0.137894], [0.969626, -0.13272, -0.205451], [0.182414, -0.167182, 0.968904]], [[-0.162941, -0.976952, -0.137894], [0.940159, -0.111351, -0.322027], [0.29925, -0.182113, 0.936634]]], "btipPosition": [-130.478, 210.112, -44.4237], "carpPosition": [-161.405, 167.396, 100.659], "dipPosition": [-135.576, 207.009, -28.4653], "direction": [0.182415, 0.167182, -0.968904], "extended": true, "handId": 48, "id": 481, "length": 58.6436, "mcpPosition": [-147.788, 195.817, 36.3987], "pipPosition": [-139.973, 202.979, -5.11176], "stabilizedTipPosition": [-129.601, 213.939, -36.9883], "timeVisible": 5.22701, "tipPosition": [-135.522, 207.899, -41.4042], "tipVelocity": [-20.7076, 3.2981, -4.87283], "tool": false, "touchDistance": 0.100352, "touchZone": "hovering", "type": 1, "width": 17.7392}, {"bases": [[[-0.345728, -0.920264, -0.183264], [0.912422, -0.284124, -0.29455], [0.218994, -0.269049, 0.937899]], [[-0.331974, -0.934741, -0.126695], [0.0379134, 0.120981, -0.991931], [0.942526, -0.334099, -0.00472334]], [[-0.331974, -0.934741, -0.126695], [-0.920097, 0.350478, -0.174891], [0.207882, 0.0585118, -0.976402]], [[-0.331974, -0.934741, -0.126695], [-0.794518, 0.204685, 0.571704], [-0.508463, 0.290452, -0.810619]]], "btipPosition": [-103.823, 183.86, 74.9342], "carpPosition": [-160.357, 156.642, 95.4872], "dipPosition": [-94.2948, 189.303, 59.7434], "direction": [0.207882, -0.0585118, 0.976402], "extended": false, "handId": 48, "id": 482, "length": 66.8197, "mcpPosition": [-145.493, 174.904, 31.8284], "pipPosition": [-100.19, 190.963, 32.0554], "stabilizedTipPosition": [-97.3695, 189.365, 76.414], "timeVisible": 5.22701, "tipPosition": [-100.561, 185.211, 70.091], "tipVelocity": [-16.0789, 2.36845, -3.87135], "tool": false, "touchDistance": 0.333333, "touchZone": "none", "type": 2, "width": 17.4223}, {"bases": [[[-0.377525, -0.925772, -0.020518], [0.891906, -0.357579, -0.276843], [0.248956, -0.122815, 0.960696]], [[-0.370851, -0.92868, 0.00473947], [-0.0329259, 0.00804781, -0.999425], [0.928108, -0.370794, -0.0335621]], [[-0.370851, -0.92868, 0.00473947], [-0.921043, 0.367138, -0.129963], [0.118954, -0.0525622, -0.991508]], [[-0.370851, -0.92868, 0.00473947], [-0.754475, 0.304254, 0.581547], [-0.541513, 0.212091, -0.813499]]], "btipPosition": [-107.15, 167.169, 77.7995], "carpPosition": [-156.87, 145.664, 92.3011], "dipPosition": [-97.0607, 171.121, 62.6425], "direction": [0.118954, 0.0525622, 0.991508], "extended": false, "handId": 48, "id": 483, "length": 64.249, "mcpPosition": [-141.699, 153.148, 33.7569], "pipPosition": [-100.347, 169.669, 35.2523], "stabilizedTipPosition": [-99.9455, 172.585, 79.5431], "timeVisible": 5.22701, "tipPosition": [-104.299, 168.774, 72.7883], "tipVelocity": [-12.529, -0.875069, -3.04497], "tool": false, "touchDistance": 0.333333, "touchZone": "none", "type": 3, "width": 16.5784}, {"bases": [[[-0.488318, -0.861871, 0.136836], [0.840796, -0.506653, -0.190694], [0.233682, 0.0219324, 0.972066]], [[-0.492359, -0.862123, 0.119691], [-0.0231235, -0.12451, -0.991949], [0.870085, -0.491162, 0.041368]], [[-0.492359, -0.862123, 0.119691], [-0.85413, 0.452111, -0.257017], [0.167466, -0.228776, -0.958966]], [[-0.492359, -0.862123, 0.119691], [-0.760419, 0.492971, 0.42278], [-0.423493, 0.117144, -0.898293]]], "btipPosition": [-107.769, 153.926, 70.9792], "carpPosition": [-147.618, 135.396, 93.1284], "dipPosition": [-100.49, 155.94, 55.5387], "direction": [0.167466, 0.228776, 0.958966], "extended": false, "handId": 48, "id": 484, "length": 50.37, "mcpPosition": [-134.436, 134.159, 38.2933], "pipPosition": [-103.756, 151.477, 36.8347], "stabilizedTipPosition": [-101.224, 158.89, 72.6477], "timeVisible": 5.22701, "tipPosition": [-106.156, 154.735, 65.0475], "tipVelocity": [-10.4675, 0.286809, -2.66517], "tool": false, "touchDistance": 0.333333, "touchZone": "none", "type": 4, "width": 14.7262}], "r": [[0.907988, -0.268064, -0.322025], [0.118397, 0.901388, -0.416511], [0.401921, 0.34006, 0.850187]], "s": 1.77182, "t": [-42.0753, -11.8787, 35.2242], "timestamp": 7305946534}, {"currentFrameRate": 115.259, "devices": [], "gestures": [], "hands": [{"armBasis": [[-0.269189, -0.914278, -0.30271], [0.837935, -0.0673947, -0.541593], [0.474765, -0.399442, 0.784247]], "armWidth": 59.5212, "confidence": 1, "direction": [0.0808656, 0.215945, -0.973051], "elbow": [-280.421, 36.7133, 329.644], "grabAngle": 2.59797, "grabStrength": 0, "id": 48, "palmNormal": [0.975669, 0.182454, 0.121574], "palmPosition": [-142.868, 167.514, 55.4879], "palmVelocity": [-10.129, -6.14703, -5.22245], "palmWidth": 88.5196, "pinchDistance": 64.1458, "pinchStrength": 0.393729, "r": [[0.907828, -0.268962, -0.321727], [0.119233, 0.901109, -0.416877], [0.402035, 0.340092, 0.85012]], "s": 1.77223, "sphereCenter": [-96.7477, 161.509, 37.991], "sphereRadius": 52.3693, "stabilizedPalmPosition": [-135.733, 172.395, 64.1354], "t": [41.9896, -11.9283, 35.1759], "timeVisible": 5.23567, "type": "left", "wrist": [-155.715, 141.635, 123.647]}], "id": 60503, "interactionBox": {"center": [0, 200, 0], "size": [235.247, 235.247, 147.751]}, "pointables": [{"bases": [[[0.774881, -0.507036, -0.377457], [0.631901, 0.606093, 0.483066], [-0.0161578, -0.612834, 0.790046]], [[0.746977, -0.310027, -0.58814], [0.557605, 0.773905, 0.300245], [0.36208, -0.552226, 0.750962]], [[0.746977, -0.310027, -0.58814], [0.45864, 0.880719, 0.118249], [0.481326, -0.358074, 0.800068]], [[0.746977, -0.310027, -0.58814], [0.313415, 0.944363, -0.0997459], [0.586342, -0.109824, 0.802585]]], "btipPosition": [-97.7427, 217.646, 32.1907], "carpPosition": [-145.376, 176.091, 114.593], "dipPosition": [-111.427, 215.083, 50.9217], "direction": [0.481326, 0.358074, -0.800068], "extended": false, "handId": 48, "id": 480, "length": 51.9712, "mcpPosition": [-145.376, 176.091, 114.593], "pipPosition": [-127.792, 202.908, 78.1245], "stabilizedTipPosition": [-99.255, 219.475, 39.686], "timeVisible": 5.23567, "tipPosition": [-105.141, 220.36, 35.6242], "tipVelocity": [-18.2478, 2.6281, -6.63311], "tool": false, "touchDistance": -0.297408, "touchZone": "touching", "type": 0, "width": 18.5712}, {"bases": [[[-0.214475, -0.909333, -0.356532], [0.958125, -0.124966, -0.257643], [0.189729, -0.39686, 0.898056]], [[-0.164494, -0.976677, -0.137998], [0.969287, -0.134123, -0.206138], [0.182822, -0.167668, 0.968743]], [[-0.164494, -0.976677, -0.137998], [0.969287, -0.134123, -0.206138], [0.182822, -0.167668, 0.968743]], [[-0.164494, -0.976677, -0.137998], [0.94062, -0.113203, -0.320029], [0.296943, -0.182447, 0.937303]]], "btipPosition": [-130.617, 210.079, -44.4853], "carpPosition": [-161.495, 167.342, 100.614], "dipPosition": [-135.676, 206.97, -28.5156], "direction": [0.182822, 0.167668, -0.968743], "extended": true, "handId": 48, "id": 481, "length": 58.6436, "mcpPosition": [-147.915, 195.746, 36.3377], "pipPosition": [-140.083, 202.929, -5.1659], "stabilizedTipPosition": [-129.619, 213.901, -37.0197], "timeVisible": 5.23567, "tipPosition": [-135.648, 207.809, -41.4688], "tipVelocity": [-15.0185, -3.92773, -6.81635], "tool": false, "touchDistance": 0.0993678, "touchZone": "hovering", "type": 1, "width": 17.7392}, {"bases": [[[-0.347043, -0.919873, -0.182742], [0.912005, -0.285583, -0.29443], [0.21865, -0.268842, 0.938038]], [[-0.333308, -0.934338, -0.126165], [0.0375861, 0.120543, -0.991996], [0.942069, -0.335382, -0.00505962]], [[-0.333308, -0.934338, -0.126165], [-0.91967, 0.351671, -0.17474], [0.207635, 0.0577879, -0.976498]], [[-0.333308, -0.934338, -0.126165], [-0.793774, 0.205884, 0.572307], [-0.508753, 0.290901, -0.810276]]], "btipPosition": [-103.955, 183.864, 74.8972], "carpPosition": [-160.431, 156.586, 95.4472], "dipPosition": [-94.421, 189.315, 59.7129], "direction": [0.207635, -0.0577879, 0.976498], "extended": false, "handId": 48, "id": 482, "length": 66.8197, "mcpPosition": [-145.59, 174.834, 31.779], "pipPosition": [-100.309, 190.954, 32.0222], "stabilizedTipPosition": [-97.3884, 189.347, 76.3925], "timeVisible": 5.23567, "tipPosition": [-100.676, 185.225, 70.0402], "tipVelocity": [-15.0485, 0.639657, -4.09466], "tool": false, "touchDistance": 0.333333, "touchZone": "none", "type": 2, "width": 17.4223}, {"bases": [[[-0.378841, -0.925246, -0.0199916], [0.891385, -0.358999, -0.276682], [0.248821, -0.122639, 0.960754]], [[-0.372329, -0.928089, 0.00467837], [-0.0331335, 0.00825451, -0.999417], [0.927509, -0.372267, -0.0338242]], [[-0.372329, -0.928089, 0.00467837], [-0.920479, 0.368622, -0.129759], [0.118703, -0.0526192, -0.991535]], [[-0.372329, -0.928089, 0.00467837], [-0.753861, 0.305365, 0.58176], [-0.541354, 0.213079, -0.813347]]], "btipPosition": [-107.247, 167.154, 77.7719], "carpPosition": [-156.928, 145.611, 92.2673], "dipPosition": [-97.1606, 171.124, 62.6177], "direction": [0.118703, 0.0526192, 0.991535], "extended": false, "handId": 48, "id": 483, "length": 64.249, "mcpPosition": [-141.765, 153.084, 33.7197], "pipPosition": [-100.44, 169.671, 35.2267], "stabilizedTipPosition": [-99.9641, 172.568, 79.5234], "timeVisible": 5.23567, "tipPosition": [-104.39, 168.784, 72.7469], "tipVelocity": [-11.2793, -1.23468, -3.11619], "tool": false, "touchDistance": 0.333333, "touchZone": "none", "type": 3, "width": 16.5784}, {"bases": [[[-0.489537, -0.8611, 0.137332], [0.840067, -0.507953, -0.190448], [0.233753, 0.0221368, 0.972044]], [[-0.493649, -0.861359, 0.119884], [-0.0235442, -0.124564, -0.991932], [0.869343, -0.492489, 0.0412107]], [[-0.493649, -0.861359, 0.119884], [-0.85347, 0.453355, -0.257019], [0.167035, -0.229194, -0.958942]], [[-0.493649, -0.861359, 0.119884], [-0.759544, 0.494165, 0.422958], [-0.423561, 0.117736, -0.898184]]], "btipPosition": [-107.844, 153.92, 70.9559], "carpPosition": [-147.662, 135.357, 93.1008], "dipPosition": [-100.564, 155.944, 55.5173], "direction": [0.167035, 0.229194, 0.958942], "extended": false, "handId": 48, "id": 484, "length": 50.37, "mcpPosition": [-134.475, 134.108, 38.2669], "pipPosition": [-103.822, 151.473, 36.8138], "stabilizedTipPosition": [-101.24, 158.876, 72.6312], "timeVisible": 5.23567, "tipPosition": [-106.226, 154.739, 65.0136], "tipVelocity": [-8.66207, -0.43664, -2.63621], "tool": false, "touchDistance": 0.333333, "touchZone": "none", "type": 4, "width": 14.7262}], "r": [[0.907828, -0.268962, -0.321727], [0.119233, 0.901109, -0.416877], [0.402035, 0.340092, 0.85012]], "s": 1.77223, "t": [-41.9896, -11.9283, 35.1759], "timestamp": 7305955196}, {"currentFrameRate": 115.256, "devices": [], "gestures": [], "hands": [{"armBasis": [[-0.26879, -0.914889, -0.301213], [0.838441, -0.0683151, -0.540694], [0.474098, -0.397883, 0.785443]], "armWidth": 59.5212, "confidence": 1, "direction": [0.0808103, 0.215468, -0.973162], "elbow": [-280.348, 37.1514, 329.932], "grabAngle": 2.59772, "grabStrength": 0, "id": 48, "palmNormal": [0.975591, 0.182911, 0.121511], "palmPosition": [-142.985, 167.497, 55.4405], "palmVelocity": [-13.4377, -2.04198, -5.46359], "palmWidth": 88.5196, "pinchDistance": 64.1445, "pinchStrength": 0.392296, "r": [[0.907675, -0.269787, -0.321466], [0.119973, 0.900831, -0.417265], [0.40216, 0.340174, 0.850029]], "s": 1.77267, "sphereCenter": [-96.886, 161.576, 37.9533], "sphereRadius": 52.346, "stabilizedPalmPosition": [-135.733, 172.395, 64.1354], "t": [41.8885, -11.9619, 35.1281], "timeVisible": 5.24436, "type": "left", "wrist": [-155.816, 141.663, 123.62]}], "id": 60504, "interactionBox": {"center": [0, 200, 0], "size": [235.247, 235.247, 147.751]}, "pointables": [{"bases": [[[0.774664, -0.507547, -0.377217], [0.632162, 0.60609, 0.482728], [-0.0163793, -0.612414, 0.790368]], [[0.746803, -0.310532, -0.588094], [0.558084, 0.773567, 0.300227], [0.3617, -0.552417, 0.751005]], [[0.746803, -0.310532, -0.588094], [0.459373, 0.880301, 0.118517], [0.480897, -0.358664, 0.800062]], [[0.746803, -0.310532, -0.588094], [0.314298, 0.944106, -0.0994005], [0.586091, -0.110604, 0.802661]]], "btipPosition": [-97.9037, 217.706, 32.135], "carpPosition": [-145.498, 176.103, 114.541], "dipPosition": [-111.582, 215.124, 50.8678], "direction": [0.480897, 0.358664, -0.800062], "extended": false, "handId": 48, "id": 480, "length": 51.9712, "mcpPosition": [-145.498, 176.103, 114.541], "pipPosition": [-127.933, 202.929, 78.0704], "stabilizedTipPosition": [-99.277, 219.446, 39.6461], "timeVisible": 5.24436, "tipPosi