{"frames": 115, "data": [{"currentFrameRate": 111.717, "devices": [], "gestures": [], "hands": [{"armBasis": [[-0.132794, -0.980944, -0.141825], [0.687181, 0.0119949, -0.726387], [0.714246, -0.193919, 0.672493]], "armWidth": 59.3592, "confidence": 1, "direction": [0.328589, 0.234101, -0.915], "elbow": [-83.51, 39.0751, 282.925], "grabAngle": 0.351428, "grabStrength": 0, "id": 54, "palmNormal": [0.927682, 0.10187, 0.359206], "palmPosition": [123.005, 110.32, 57.2774], "palmVelocity": [-36.8712, -27.5109, -23.604], "palmWidth": 83.5833, "pinchDistance": 64.4297, "pinchStrength": 0, "r": [[0.732587, -0.44459, -0.515419], [0.214868, 0.869549, -0.444654], [0.645871, 0.215001, 0.732547]], "s": 0.96057, "sphereCenter": [152.169, 99.5882, 26.3602], "sphereRadius": 51.9262, "stabilizedPalmPosition": [123.65, 110.85, 57.6937], "t": [298.651, -9.82604, 89.4882], "timeVisible": 7.62201, "type": "left", "wrist": [93.6386, 87.1712, 116.132]}], "id": 66562, "interactionBox": {"center": [0, 200, 0], "size": [235.247, 235.247, 147.751]}, "pointables": [{"bases": [[[0.694279, -0.434497, -0.57375], [0.6858, 0.641204, 0.344289], [0.218298, -0.632511, 0.743153]], [[0.604166, -0.23782, -0.760542], [0.660959, 0.682676, 0.311587], [0.445103, -0.690938, 0.569639]], [[0.604166, -0.23782, -0.760542], [0.309061, 0.94965, -0.0514382], [0.734482, -0.203977, 0.647247]], [[0.604166, -0.23782, -0.760542], [-0.0818267, 0.930865, -0.356081], [0.792646, 0.277365, 0.542938]]], "btipPosition": [168.621, 149.24, 52.8423], "carpPosition": [107.793, 117.128, 111.204], "dipPosition": [151.421, 155.258, 64.6232], "direction": [0.734482, 0.203977, -0.647247], "extended": false, "handId": 54, "id": 540, "length": 48.3194, "mcpPosition": [107.793, 117.128, 111.204], "pipPosition": [128.203, 148.81, 85.0837], "stabilizedTipPosition": [165.155, 151.463, 56.1769], "timeVisible": 7.62201, "tipPosition": [161.674, 152.881, 54.9298], "tipVelocity": [-33.1763, -43.6299, -30.3626], "tool": false, "touchDistance": 0.333107, "touchZone": "hovering", "type": 0, "width": 18.9794}, {"bases": [[[-0.306577, -0.951363, 0.0303125], [0.821006, -0.280415, -0.497309], [0.481622, -0.127577, 0.867044]], [[-0.350499, -0.935155, -0.0513372], [0.829978, -0.284747, -0.479642], [0.433922, -0.210723, 0.875961]], [[-0.350499, -0.935155, -0.0513372], [0.706431, -0.227988, -0.670058], [0.614904, -0.27112, 0.740532]], [[-0.350499, -0.935155, -0.0513372], [0.592237, -0.178841, -0.785666], [0.725539, -0.305779, 0.616517]]], "btipPosition": [174.362, 118.183, -28.9987], "carpPosition": [100.313, 89.8525, 86.8776], "dipPosition": [161.794, 112.886, -18.3189], "direction": [0.614904, 0.27112, -0.740532], "extended": true, "handId": 54, "id": 543, "length": 59.7345, "mcpPosition": [128.026, 97.1934, 36.987], "pipPosition": [146.001, 105.922, 0.700745], "stabilizedTipPosition": [171.719, 117.376, -26.4101], "timeVisible": 7.62201, "tipPosition": [170.74, 117.511, -26.5953], "tipVelocity": [-16.3983, -33.8698, -7.42338], "tool": false, "touchDistance": 0.333274, "touchZone": "hovering", "type": 3, "width": 16.9428}, {"bases": [[[-0.380185, -0.900237, 0.21221], [0.802631, -0.435135, -0.407972], [0.459612, 0.0152213, 0.88799]], [[-0.470804, -0.882117, 0.0146043], [0.762471, -0.415162, -0.496264], [0.443826, -0.222508, 0.868049]], [[-0.470804, -0.882117, 0.0146043], [0.589941, -0.327085, -0.738231], [0.655983, -0.338946, 0.67439]], [[-0.470804, -0.882117, 0.0146043], [0.466017, -0.26271, -0.844874], [0.749114, -0.390964, 0.534766]]], "btipPosition": [170.81, 98.3724, -7.22673], "carpPosition": [107.911, 79.4943, 89.3049], "dipPosition": [158.838, 92.1244, 1.31938], "direction": [0.655983, 0.338946, -0.67439], "extended": true, "handId": 54, "id": 544, "length": 46.8308, "mcpPosition": [132.393, 78.6835, 42.006], "pipPosition": [146.943, 85.978, 13.5487], "stabilizedTipPosition": [168.393, 97.3167, -5.14041], "timeVisible": 7.62201, "tipPosition": [165.131, 96.3212, -7.10063], "tipVelocity": [-21.967, -26.2258, -4.39668], "tool": false, "touchDistance": 0.333297, "touchZone": "hovering", "type": 4, "width": 15.0499}, {"bases": [[[-0.229956, -0.913829, -0.334721], [0.873783, -0.0424281, -0.484462], [0.428513, -0.403878, 0.808244]], [[-0.0997881, -0.990632, -0.0932221], [0.931692, -0.0601396, -0.358237], [0.349274, -0.122602, 0.928965]], [[-0.0997881, -0.990632, -0.0932221], [0.841168, -0.033944, -0.539707], [0.531487, -0.132272, 0.836676]], [[-0.0997881, -0.990632, -0.0932221], [0.748633, -0.013034, -0.662856], [0.655431, -0.135934, 0.742921]]], "btipPosition": [160.839, 147.731, -27.7456], "carpPosition": [95.6741, 110.436, 94.3972], "dipPosition": [150.456, 145.578, -15.9771], "direction": [0.531487, 0.132272, -0.836676], "extended": true, "handId": 54, "id": 541, "length": 54.5231, "mcpPosition": [124.633, 137.73, 39.7753], "pipPosition": [138.546, 142.614, 2.77239], "stabilizedTipPosition": [158.98, 147.79, -24.6437], "timeVisible": 7.62201, "tipPosition": [156.167, 148.288, -25.9376], "tipVelocity": [-46.7813, -48.0961, -34.6813], "tool": false, "touchDistance": 0.290315, "touchZone": "hovering", "type": 1, "width": 18.1291}, {"bases": [[[-0.315515, -0.93928, -0.13492], [0.831523, -0.205168, -0.516213], [0.457188, -0.275062, 0.845766]], [[-0.282074, -0.956519, -0.0742024], [0.87712, -0.225776, -0.423894], [0.38871, -0.184654, 0.902667]], [[-0.282074, -0.956519, -0.0742024], [0.794369, -0.189486, -0.577125], [0.53797, -0.221736, 0.813278]], [[-0.282074, -0.956519, -0.0742024], [0.710307, -0.156224, -0.686337], [0.644902, -0.246304, 0.723488]]], "btipPosition": [169.204, 136.38, -39.1333], "carpPosition": [97.1127, 100.363, 89.457], "dipPosition": [157.968, 132.089, -26.528], "direction": [0.53797, 0.221736, -0.813278], "extended": true, "handId": 54, "id": 542, "length": 62.1247, "mcpPosition": [126.413, 117.991, 35.2528], "pipPosition": [143.784, 126.243, -5.08622], "stabilizedTipPosition": [167.004, 135.863, -35.9493], "timeVisible": 7.62201, "tipPosition": [166.094, 135.597, -36.4321], "tipVelocity": [-32.7904, -45.0474, -25.6751], "tool": false, "touchDistance": 0.333141, "touchZone": "hovering", "type": 2, "width": 17.8052}], "r": [[0.732587, -0.44459, -0.515419], [0.214868, 0.869549, -0.444654], [0.645871, 0.215001, 0.732547]], "s": 0.96057, "t": [-298.651, -9.82604, 89.4882], "timestamp": 7359409903}, {"currentFrameRate": 111.338, "devices": [], "gestures": [], "hands": [{"armBasis": [[-0.1335, -0.980646, -0.143214], [0.686111, 0.0128242, -0.727384], [0.715143, -0.195367, 0.67112]], "armWidth": 59.3592, "confidence": 1, "direction": [0.328786, 0.233708, -0.91503], "elbow": [-84.1096, 38.4652, 282.375], "grabAngle": 0.352589, "grabStrength": 0, "id": 54, "palmNormal": [0.92776, 0.101176, 0.359202], "palmPosition": [122.656, 110.06, 57.077], "palmVelocity": [-36.171, -27.0042, -20.7737], "palmWidth": 83.5833, "pinchDistance": 64.4282, "pinchStrength": 0, "r": [[0.733595, -0.444012, -0.514481], [0.21421, 0.869536, -0.444995], [0.644943, 0.21624, 0.733]], "s": 0.959946, "sphereCenter": [152.185, 99.0736, 26.3342], "sphereRadius": 52.0621, "stabilizedPalmPosition": [123.384, 110.638, 57.5285], "t": [298.326, -10.074, 89.2912], "timeVisible": 7.63166, "type": "left", "wrist": [93.2615, 86.9204, 115.922]}], "id": 66563, "interactionBox": {"center": [0, 200, 0], "size": [235.247, 235.247, 147.751]}, "pointables": [{"bases": [[[0.694622, -0.43402, -0.573696], [0.685289, 0.641803, 0.344192], [0.218814, -0.63223, 0.74324]], [[0.604571, -0.23784, -0.760214], [0.660136, 0.683702, 0.311081], [0.445773, -0.689915, 0.570354]], [[0.604571, -0.23784, -0.760214], [0.307268, 0.950151, -0.0529042], [0.734901, -0.201605, 0.647515]], [[0.604571, -0.23784, -0.760214], [-0.0841427, 0.929974, -0.357867], [0.792094, 0.280322, 0.542223]]], "btipPosition": [168.309, 148.813, 52.615], "carpPosition": [107.449, 116.887, 111.003], "dipPosition": [151.121, 154.895, 64.3804], "direction": [0.734901, 0.201605, -0.647515], "extended": false, "handId": 54, "id": 540, "length": 48.3194, "mcpPosition": [107.449, 116.887, 111.003], "pipPosition": [127.89, 148.522, 84.8494], "stabilizedTipPosition": [164.932, 151.113, 55.9375], "timeVisible": 7.63166, "tipPosition": [161.383, 152.57, 54.7285], "tipVelocity": [-32.0567, -42.7036, -23.9269], "tool": false, "touchDistance": 0.33313, "touchZone": "hovering", "type": 0, "width": 18.9794}, {"bases": [[[-0.305812, -0.951605, 0.03045], [0.821226, -0.279825, -0.497278], [0.481733, -0.127067, 0.867057]], [[-0.349501, -0.935562, -0.0507267], [0.82953, -0.283812, -0.480969], [0.435579, -0.210178, 0.875269]], [[-0.349501, -0.935562, -0.0507267], [0.704341, -0.226648, -0.672707], [0.617862, -0.27084, 0.738168]], [[-0.349501, -0.935562, -0.0507267], [0.589217, -0.177375, -0.788265], [0.728473, -0.305388, 0.613242]]], "btipPosition": [174.198, 117.879, -29.0511], "carpPosition": [99.947, 89.6144, 86.6798], "dipPosition": [161.579, 112.589, -18.428], "direction": [0.617862, 0.27084, -0.738168], "extended": true, "handId": 54, "id": 543, "length": 59.7345, "mcpPosition": [127.666, 96.9259, 36.7885], "pipPosition": [145.71, 105.632, 0.530921], "stabilizedTipPosition": [171.524, 117.047, -26.5013], "timeVisible": 7.63166, "tipPosition": [170.41, 117.193, -26.7935], "tipVelocity": [-18.191, -31.3413, -6.78184], "tool": false, "touchDistance": 0.333276, "touchZone": "hovering", "type": 3, "width": 16.9428}, {"bases": [[[-0.37946, -0.900512, 0.212341], [0.802976, -0.434547, -0.407919], [0.459608, 0.0157158, 0.887983]], [[-0.470039, -0.88252, 0.0148729], [0.762322, -0.414398, -0.497131], [0.444892, -0.222333, 0.867548]], [[-0.470039, -0.88252, 0.0148729], [0.587723, -0.32551, -0.740693], [0.658518, -0.339413, 0.671679]], [[-0.470039, -0.88252, 0.0148729], [0.462931, -0.260838, -0.847147], [0.751504, -0.391307, 0.53115]]], "btipPosition": [170.555, 98.1104, -7.29919], "carpPosition": [107.537, 79.2504, 89.1087], "dipPosition": [158.545, 91.857, 1.18912], "direction": [0.658518, 0.339413, -0.671679], "extended": true, "handId": 54, "id": 544, "length": 46.8308, "mcpPosition": [132.018, 78.4133, 41.8102], "pipPosition": [146.603, 85.7021, 13.3692], "stabilizedTipPosition": [168.132, 97.0368, -5.23005], "timeVisible": 7.63166, "tipPosition": [164.802, 96.0244, -7.2789], "tipVelocity": [-27.3542, -27.285, -8.88991], "tool": false, "touchDistance": 0.33326, "touchZone": "hovering", "type": 4, "width": 15.0499}, {"bases": [[[-0.229225, -0.91406, -0.334589], [0.873812, -0.0417947, -0.484465], [0.428846, -0.403419, 0.808297]], [[-0.098213, -0.990936, -0.0916556], [0.932237, -0.0593801, -0.356944], [0.348266, -0.120501, 0.929618]], [[-0.098213, -0.990936, -0.0916556], [0.842535, -0.0337818, -0.537581], [0.529612, -0.130021, 0.838216]], [[-0.098213, -0.990936, -0.0916556], [0.750746, -0.0133193, -0.660456], [0.653249, -0.133676, 0.745249]]], "btipPosition": [160.395, 147.297, -28.0472], "carpPosition": [95.3249, 110.202, 94.1965], "dipPosition": [150.047, 145.179, -16.2419], "direction": [0.529612, 0.130021, -0.838216], "extended": true, "handId": 54, "id": 541, "length": 54.5231, "mcpPosition": [124.307, 137.466, 39.571], "pipPosition": [138.179, 142.266, 2.54211], "stabilizedTipPosition": [158.599, 147.403, -24.9155], "timeVisible": 7.63166, "tipPosition": [155.877, 147.975, -26.1327], "tipVelocity": [-45.1469, -44.156, -30.3911], "tool": false, "touchDistance": 0.285429, "touchZone": "hovering", "type": 1, "width": 18.1291}, {"bases": [[[-0.314761, -0.939552, -0.134785], [0.831682, -0.204573, -0.516193], [0.457417, -0.274575, 0.8458]], [[-0.280802, -0.956973, -0.0731659], [0.877269, -0.224998, -0.423999], [0.389294, -0.183246, 0.902702]], [[-0.280802, -0.956973, -0.0731659], [0.79424, -0.188899, -0.577495], [0.538826, -0.220273, 0.813109]], [[-0.280802, -0.956973, -0.0731659], [0.710781, -0.156124, -0.685868], [0.644934, -0.244598, 0.724039]]], "btipPosition": [168.91, 135.983, -39.3414], "carpPosition": [96.7555, 100.128, 89.2577], "dipPosition": [157.674, 131.721, -26.7266], "direction": [0.538826, 0.220273, -0.813109], "extended": true, "handId": 54, "id": 542, "length": 62.1247, "mcpPosition": [126.071, 117.725, 35.0514], "pipPosition": [143.468, 125.914, -5.28925], "stabilizedTipPosition": [166.708, 135.487, -36.1638], "timeVisible": 7.63166, "tipPosition": [165.769, 135.287, -36.6345], "tipVelocity": [-30.4199, -40.5026, -21.348], "tool": false, "touchDistance": 0.333152, "touchZone": "hovering", "type": 2, "width": 17.8052}], "r": [[0.733595, -0.444012, -0.514481], [0.21421, 0.869536, -0.444995], [0.644943, 0.21624, 0.733]], "s": 0.959946, "t": [-298.326, -10.074, 89.2912], "timestamp": 7359419550}, {"currentFrameRate": 112.086, "devices": [], "gestures": [], "hands": [{"armBasis": [[-0.134014, -0.980424, -0.144252], [0.685177, 0.0134919, -0.728251], [0.715942, -0.196434, 0.669956]], "armWidth": 59.3592, "confidence": 1, "direction": [0.329245, 0.233505, -0.914917], "elbow": [-84.6246, 38.0179, 281.908], "grabAngle": 0.353046, "grabStrength": 0, "id": 54, "palmNormal": [0.927698, 0.100602, 0.35952], "palmPosition": [122.379, 109.875, 56.9172], "palmVelocity": [-36.3832, -24.3026, -20.9957], "palmWidth": 83.5833, "pinchDistance": 64.4445, "pinchStrength": 0, "r": [[0.734421, -0.443458, -0.513781], [0.213546, 0.869552, -0.445283], [0.644224, 0.21731, 0.733316]], "s": 0.959314, "sphereCenter": [151.997, 98.6606, 26.1958], "sphereRadius": 52.1275, "stabilizedPalmPosition": [123.177, 110.481, 57.4024], "t": [298.025, -10.2905, 89.1128], "timeVisible": 7.63927, "type": "left", "wrist": [92.9445, 86.7378, 115.744]}], "id": 66564, "interactionBox": {"center": [0, 200, 0], "size": [235.247, 235.247, 147.751]}, "pointables": [{"bases": [[[0.694693, -0.43359, -0.573935], [0.68501, 0.642227, 0.343957], [0.21946, -0.632095, 0.743164]], [[0.604656, -0.237822, -0.760153], [0.659558, 0.684535, 0.310475], [0.446513, -0.689096, 0.570765]], [[0.604656, -0.237822, -0.760153], [0.305535, 0.950627, -0.0543786], [0.735554, -0.199373, 0.647465]], [[0.604656, -0.237822, -0.760153], [-0.0869593, 0.928965, -0.359808], [0.791725, 0.283662, 0.541024]]], "btipPosition": [168.064, 148.457, 52.4587], "carpPosition": [107.158, 116.711, 110.838], "dipPosition": [150.885, 154.612, 64.1981], "direction": [0.735554, 0.199373, -0.647465], "extended": false, "handId": 54, "id": 540, "length": 48.3194, "mcpPosition": [107.158, 116.711, 110.838], "pipPosition": [127.633, 148.309, 84.6655], "stabilizedTipPosition": [164.747, 150.833, 55.7616], "timeVisible": 7.63927, "tipPosition": [161.158, 152.34, 54.587], "tipVelocity": [-31.9015, -44.6107, -21.3214], "tool": false, "touchDistance": 0.333188, "touchZone": "hovering", "type": 0, "width": 18.9794}, {"bases": [[[-0.305213, -0.951794, 0.0305541], [0.821228, -0.279317, -0.497561], [0.482109, -0.12677, 0.866891]], [[-0.348728, -0.935879, -0.0502019], [0.828933, -0.282997, -0.482475], [0.437331, -0.209867, 0.87447]], [[-0.348728, -0.935879, -0.0502019], [0.702104, -0.225386, -0.675464], [0.620837, -0.2708, 0.735682]], [[-0.348728, -0.935879, -0.0502019], [0.585996, -0.175925, -0.790986], [0.731435, -0.305257, 0.609771]]], "btipPosition": [174.12, 117.675, -29.0521], "carpPosition": [99.6472, 89.4434, 86.5122], "dipPosition": [161.45, 112.387, -18.4892], "direction": [0.620837, 0.2708, -0.735682], "extended": true, "handId": 54, "id": 543, "length": 59.7345, "mcpPosition": [127.388, 96.7379, 36.6304], "pipPosition": [145.505, 105.431, 0.405917], "stabilizedTipPosition": [171.403, 116.822, -26.5476], "timeVisible": 7.63927, "tipPosition": [170.18, 116.971, -26.9328], "tipVelocity": [-11.7711, -26.7708, -1.95376], "tool": false, "touchDistance": 0.333318, "touchZone": "hovering", "type": 3, "width": 16.9428}, {"bases": [[[-0.37883, -0.900747, 0.212471], [0.803104, -0.43405, -0.408196], [0.459904, 0.0159994, 0.887825]], [[-0.469441, -0.882834, 0.0151499], [0.761935, -0.413705, -0.498301], [0.446184, -0.22238, 0.866872]], [[-0.469441, -0.882834, 0.0151499], [0.585387, -0.324029, -0.743187], [0.66102, -0.340014, 0.668912]], [[-0.469441, -0.882834, 0.0151499], [0.459906, -0.259127, -0.849317], [0.753732, -0.391737, 0.527666]]], "btipPosition": [170.387, 97.939, -7.3278], "carpPosition": [107.23, 79.0748, 88.9436], "dipPosition": [158.341, 91.6786, 1.10483], "direction": [0.66102, 0.340014, -0.668912], "extended": true, "handId": 54, "id": 544, "length": 46.8308, "mcpPosition": [131.727, 78.2225, 41.6535], "pipPosition": [146.354, 85.5128, 13.2348], "stabilizedTipPosition": [167.949, 96.8465, -5.28606], "timeVisible": 7.63927, "tipPosition": [164.567, 95.8198, -7.40533], "tipVelocity": [-23.1383, -22.735, -5.44094], "tool": false, "touchDistance": 0.333295, "touchZone": "hovering", "type": 4, "width": 15.0499}, {"bases": [[[-0.228774, -0.914202, -0.334511], [0.873671, -0.0412538, -0.484765], [0.429373, -0.403155, 0.808149]], [[-0.0967527, -0.991229, -0.090019], [0.93284, -0.0587718, -0.355464], [0.347056, -0.118365, 0.930345]], [[-0.0967527, -0.991229, -0.090019], [0.844272, -0.0338361, -0.534845], [0.527109, -0.127748, 0.840141]], [[-0.0967527, -0.991229, -0.090019], [0.753479, -0.0138507, -0.657326], [0.650314, -0.131426, 0.74821]]], "btipPosition": [159.991, 146.939, -28.3254], "carpPosition": [95.0353, 110.034, 94.0273], "dipPosition": [149.689, 144.857, -16.4732], "direction": [0.527109, 0.127748, -0.840141], "extended": true, "handId": 54, "id": 541, "length": 54.5231, "mcpPosition": [124.053, 137.28, 39.4118], "pipPosition": [137.877, 141.994, 2.35394], "stabilizedTipPosition": [158.296, 147.111, -25.1275], "timeVisible": 7.63927, "tipPosition": [155.684, 147.748, -26.2699], "tipVelocity": [-51.7723, -45.907, -35.1331], "tool": false, "touchDistance": 0.280972, "touchZone": "hovering", "type": 1, "width": 18.1291}, {"bases": [[[-0.314226, -0.939747, -0.134677], [0.831631, -0.204058, -0.516479], [0.457877, -0.274293, 0.845643]], [[-0.279681, -0.957383, -0.0720848], [0.877324, -0.224352, -0.424227], [0.389975, -0.18189, 0.902682]], [[-0.279681, -0.957383, -0.0720848], [0.794224, -0.188525, -0.577638], [0.539431, -0.218806, 0.813104]], [[-0.279681, -0.957383, -0.0720848], [0.711536, -0.156282, -0.685049], [0.644589, -0.242886, 0.724922]]], "btipPosition": [168.686, 135.667, -39.5145], "carpPosition": [96.4613, 99.9585, 89.089], "dipPosition": [157.456, 131.435, -26.8842], "direction": [0.539431, 0.218806, -0.813104], "extended": true, "handId": 54, "id": 542, "length": 62.1247, "mcpPosition": [125.806, 117.538, 34.8928], "pipPosition": [143.234, 125.666, -5.447], "stabilizedTipPosition": [166.499, 135.213, -36.3178], "timeVisible": 7.63927, "tipPosition": [165.544, 135.073, -36.7783], "tipVelocity": [-29.2785, -40.6381, -22.2631], "tool": false, "touchDistance": 0.333183, "touchZone": "hovering", "type": 2, "width": 17.8052}], "r": [[0.734421, -0.443458, -0.513781], [0.213546, 0.869552, -0.445283], [0.644224, 0.21731, 0.733316]], "s": 0.959314, "t": [-298.025, -10.2905, 89.1128], "timestamp": 7359427162}, {"currentFrameRate": 112.223, "devices": [], "gestures": [], "hands": [{"armBasis": [[-0.135382, -0.980144, -0.144874], [0.683851, 0.0133693, -0.729499], [0.716951, -0.197834, 0.668463]], "armWidth": 59.3592, "confidence": 1, "direction": [0.329032, 0.232835, -0.915164], "elbow": [-85.1677, 37.4913, 281.333], "grabAngle": 0.354639, "grabStrength": 0, "id": 54, "palmNormal": [0.927758, 0.100996, 0.359255], "palmPosition": [122.086, 109.673, 56.7037], "palmVelocity": [-33.8159, -23.2916, -24.6195], "palmWidth": 83.5833, "pinchDistance": 64.4608, "pinchStrength": 0, "r": [[0.73509, -0.443112, -0.513121], [0.213054, 0.86949, -0.44564], [0.643623, 0.218263, 0.733561]], "s": 0.958639, "sphereCenter": [151.928, 98.2093, 26.0785], "sphereRadius": 52.2288, "stabilizedPalmPosition": [122.946, 110.31, 57.2546], "t": [297.728, -10.4997, 88.9169], "timeVisible": 7.64794, "type": "left", "wrist": [92.6517, 86.5583, 115.54]}], "id": 66565, "interactionBox": {"center": [0, 200, 0], "size": [235.247, 235.247, 147.751]}, "pointables": [{"bases": [[[0.694755, -0.434122, -0.573457], [0.68502, 0.642409, 0.343596], [0.219232, -0.631545, 0.743699]], [[0.604922, -0.238742, -0.759653], [0.659127, 0.685408, 0.309464], [0.44679, -0.687909, 0.571979]], [[0.604922, -0.238742, -0.759653], [0.304194, 0.950926, -0.0566213], [0.735891, -0.19683, 0.64786]], [[0.604922, -0.238742, -0.759653], [-0.0894097, 0.927598, -0.362722], [0.791249, 0.287338, 0.539779]]], "btipPosition": [167.794, 148.08, 52.2018], "carpPosition": [106.875, 116.549, 110.622], "dipPosition": [150.625, 154.315, 63.9142], "direction": [0.735891, 0.19683, -0.64786], "extended": false, "handId": 54, "id": 540, "length": 48.3194, "mcpPosition": [106.875, 116.549, 110.622], "pipPosition": [127.362, 148.093, 84.3941], "stabilizedTipPosition": [164.533, 150.52, 55.5564], "timeVisible": 7.64794, "tipPosition": [160.892, 152.113, 54.3387], "tipVelocity": [-30.884, -41.3061, -30.3368], "tool": false, "touchDistance": 0.328803, "touchZone": "hovering", "type": 0, "width": 18.9794}, {"bases": [[[-0.305337, -0.951732, 0.031232], [0.821294, -0.279805, -0.497178], [0.481919, -0.126156, 0.867087]], [[-0.348627, -0.935972, -0.0491479], [0.828372, -0.283168, -0.483338], [0.438474, -0.209217, 0.874053]], [[-0.348627, -0.935972, -0.0491479], [0.699775, -0.225048, -0.677988], [0.623517, -0.270757, 0.733428]], [[-0.348627, -0.935972, -0.0491479], [0.582416, -0.175255, -0.793774], [0.734337, -0.305355, 0.606224]]], "btipPosition": [173.991, 117.431, -29.1198], "carpPosition": [99.3625, 89.2616, 86.3191], "dipPosition": [161.27, 112.142, -18.6183], "direction": [0.623518, 0.270757, -0.733428], "extended": true, "handId": 54, "id": 543, "length": 59.7345, "mcpPosition": [127.093, 96.5208, 36.4261], "pipPosition": [145.256, 105.187, 0.218886], "stabilizedTipPosition": [171.267, 116.577, -26.6109], "timeVisible": 7.64794, "tipPosition": [169.887, 116.703, -27.1547], "tipVelocity": [-16.2398, -28.1115, -9.43413], "tool": false, "touchDistance": 0.333264, "touchZone": "hovering", "type": 3, "width": 16.9428}, {"bases": [[[-0.378984, -0.900534, 0.213094], [0.803133, -0.434467, -0.407696], [0.459726, 0.0166322, 0.887905]], [[-0.469451, -0.882814, 0.0159967], [0.761261, -0.413859, -0.499203], [0.447323, -0.222174, 0.866338]], [[-0.469451, -0.882814, 0.0159967], [0.582192, -0.32311, -0.746092], [0.663829, -0.340941, 0.665651]], [[-0.469451, -0.882814, 0.0159967], [0.455459, -0.257639, -0.852161], [0.756421, -0.392762, 0.523034]]], "btipPosition": [170.225, 97.7527, -7.36793], "carpPosition": [106.947, 78.8958, 88.7571], "dipPosition": [158.137, 91.476, 0.99069], "direction": [0.663829, 0.340941, -0.665651], "extended": true, "handId": 54, "id": 544, "length": 46.8308, "mcpPosition": [131.435, 78.0099, 41.4627], "pipPosition": [146.099, 85.2934, 13.0615], "stabilizedTipPosition": [167.758, 96.6429, -5.34643], "timeVisible": 7.64794, "tipPosition": [164.307, 95.5833, -7.58624], "tipVelocity": [-19.7224, -21.911, -6.59007], "tool": false, "touchDistance": 0.333284, "touchZone": "hovering", "type": 4, "width": 15.0499}, {"bases": [[[-0.228821, -0.914433, -0.333847], [0.873764, -0.0417389, -0.484556], [0.42916, -0.40258, 0.808549]], [[-0.0959673, -0.991519, -0.0876429], [0.933551, -0.0591067, -0.353537], [0.345359, -0.115747, 0.931306]], [[-0.0959673, -0.991519, -0.0876429], [0.845905, -0.0348316, -0.532195], [0.524628, -0.125211, 0.842073]], [[-0.0959673, -0.991519, -0.0876429], [0.755938, -0.0153162, -0.654464], [0.647571, -0.12906, 0.750996]]], "btipPosition": [159.524, 146.525, -28.6863], "carpPosition": [94.7495, 109.858, 93.8192], "dipPosition": [149.266, 144.481, -16.7899], "direction": [0.524628, 0.125211, -0.842073], "extended": true, "handId": 54, "id": 541, "length": 54.5231, "mcpPosition": [123.753, 137.064, 39.1767], "pipPosition": [137.509, 141.675, 2.08056], "stabilizedTipPosition": [157.934, 146.773, -25.3908], "timeVisible": 7.64794, "tipPosition": [155.396, 147.464, -26.5111], "tipVelocity": [-52.6793, -46.7479, -40.437], "tool": false, "touchDistance": 0.275127, "touchZone": "hovering", "type": 1, "width": 18.1291}, {"bases": [[[-0.314316, -0.939812, -0.13401], [0.83171, -0.204562, -0.516152], [0.457672, -0.273693, 0.845948]], [[-0.279204, -0.95765, -0.0703629], [0.87747, -0.224693, -0.423745], [0.38999, -0.180053, 0.903044]], [[-0.279204, -0.95765, -0.0703629], [0.794212, -0.189125, -0.577458], [0.539696, -0.217112, 0.813382]], [[-0.279204, -0.95765, -0.0703629], [0.712192, -0.157375, -0.684117], [0.644071, -0.24112, 0.72597]]], "btipPosition": [168.386, 135.29, -39.7764], "carpPosition": [96.1758, 99.7783, 88.8884], "dipPosition": [157.165, 131.089, -27.1279], "direction": [0.539696, 0.217112, -0.813382], "extended": true, "handId": 54, "id": 542, "length": 62.1247, "mcpPosition": [125.507, 117.319, 34.6726], "pipPosition": [142.936, 125.365, -5.68331], "stabilizedTipPosition": [166.254, 134.898, -36.512], "timeVisible": 7.64794, "tipPosition": [165.233, 134.8, -37.0191], "tipVelocity": [-34.3593, -42.5665, -29.7193], "tool": false, "touchDistance": 0.333111, "touchZone": "hovering", "type": 2, "width": 17.8052}], "r": [[0.73509, -0.443112, -0.513121], [0.213054, 0.86949, -0.44564], [0.643623, 0.218263, 0.733561]], "s": 0.958639, "t": [-297.728, -10.4997, 88.9169], "timestamp": 7359435834}, {"currentFrameRate": 112.389, "devices": [], "gestures": [], "hands": [{"armBasis": [[-0.137811, -0.979837, -0.144666], [0.682493, 0.0119062, -0.730795], [0.717782, -0.199445, 0.667091]], "armWidth": 59.3592, "confidence": 1, "direction": [0.328873, 0.231787, -0.915487], "elbow": [-85.6663, 36.9519, 280.823], "grabAngle": 0.355625, "grabStrength": 0, "id": 54, "palmNormal": [0.927599, 0.102622, 0.359206], "palmPosition": [121.786, 109.494, 56.5139], "palmVelocity": [-34.8555, -20.6853, -22.0422], "palmWidth": 83.5833, "pinchDistance": 64.4973, "pinchStrength": 0, "r": [[0.735512, -0.443164, -0.512473], [0.212851, 0.869251, -0.446202], [0.643209, 0.219107, 0.733672]], "s": 0.95799, "sphereCenter": [151.566, 97.8395, 25.8377], "sphereRadius": 52.2448, "stabilizedPalmPosition": [122.719, 110.15, 57.1098], "t": [297.429, -10.6934, 88.724], "timeVisible": 7.65655, "type": "left", "wrist": [92.3593, 86.4186, 115.37]}], "id": 66566, "interactionBox": {"center": [0, 200, 0], "size": [235.247, 235.247, 147.751]}, "pointables": [{"bases": [[[0.694188, -0.435813, -0.572862], [0.685799, 0.642155, 0.342514], [0.218594, -0.630637, 0.744657]], [[0.604705, -0.240887, -0.759148], [0.659736, 0.685478, 0.308007], [0.446185, -0.68709, 0.573434]], [[0.604705, -0.240887, -0.759148], [0.304104, 0.950782, -0.0594586], [0.736107, -0.194905, 0.648197]], [[0.604705, -0.240887, -0.759148], [-0.091025, 0.926017, -0.366343], [0.791231, 0.290631, 0.53804]]], "btipPosition": [167.458, 147.799, 51.9599], "carpPosition": [106.561, 116.438, 110.419], "dipPosition": [150.29, 154.105, 63.6346], "direction": [0.736107, 0.194905, -0.648197], "extended": false, "handId": 54, "id": 540, "length": 48.3194, "mcpPosition": [106.561, 116.438, 110.419], "pipPosition": [127.02, 147.944, 84.1251], "stabilizedTipPosition": [164.306, 150.239, 55.3547], "timeVisible": 7.65655, "tipPosition": [160.569, 151.952, 54.0923], "tipVelocity": [-38.9847, -30.7798, -29.1116], "tool": false, "touchDistance": 0.324626, "touchZone": "hovering", "type": 0, "width": 18.9794}, {"bases": [[[-0.306428, -0.95133, 0.0327506], [0.820912, -0.281524, -0.496837], [0.481877, -0.125359, 0.867225]], [[-0.349596, -0.935699, -0.0474331], [0.827544, -0.284658, -0.48388], [0.439264, -0.208416, 0.873848]], [[-0.349596, -0.935699, -0.0474331], [0.697354, -0.226067, -0.68014], [0.625684, -0.270852, 0.731546]], [[-0.349596, -0.935699, -0.0474331], [0.578727, -0.175856, -0.796335], [0.736788, -0.305846, 0.602993]]], "btipPosition": [173.839, 117.205, -29.1756], "carpPosition": [99.0824, 89.1036, 86.1585], "dipPosition": [161.076, 111.907, -18.7301], "direction": [0.625684, 0.270852, -0.731546], "extended": true, "handId": 54, "id": 543, "length": 59.7345, "mcpPosition": [126.81, 96.3169, 36.2574], "pipPosition": [145.006, 104.95, 0.0587275], "stabilizedTipPosition": [171.126, 116.349, -26.6737], "timeVisible": 7.65655, "tipPosition": [169.605, 116.443, -27.3426], "tipVelocity": [-18.7568, -26.4979, -7.983], "tool": false, "touchDistance": 0.333273, "touchZone": "hovering", "type": 3, "width": 16.9428}, {"bases": [[[-0.379994, -0.899765, 0.214541], [0.802584, -0.436025, -0.407113], [0.459851, 0.0174869, 0.887824]], [[-0.470472, -0.882243, 0.0174059], [0.760031, -0.415165, -0.499991], [0.44834, -0.222003, 0.865856]], [[-0.470472, -0.882243, 0.0174059], [0.578644, -0.323344, -0.748745], [0.666204, -0.342192, 0.662629]], [[-0.470472, -0.882243, 0.0174059], [0.450821, -0.257272, -0.854735], [0.758562, -0.394282, 0.518773]]], "btipPosition": [170.074, 97.6031, -7.36854], "carpPosition": [106.679, 78.7503, 88.6135], "dipPosition": [157.952, 91.3021, 0.921975], "direction": [0.666204, 0.342192, -0.662629], "extended": true, "handId": 54, "id": 544, "length": 46.8308, "mcpPosition": [131.173, 77.8189, 41.3234], "pipPosition": [145.871, 85.0968, 12.938], "stabilizedTipPosition": [167.584, 96.4628, -5.3889], "timeVisible": 7.65655, "tipPosition": [164.074, 95.3642, -7.71887], "tipVelocity": [-18.4825, -18.0284, -1.8903], "tool": false, "touchDistance": 0.333317, "touchZone": "hovering", "type": 4, "width": 15.0499}, {"bases": [[[-0.229911, -0.914688, -0.332395], [0.873657, -0.0434983, -0.484593], [0.428793, -0.401813, 0.809125]], [[-0.096155, -0.991788, -0.0843294], [0.934271, -0.0607036, -0.351357], [0.343353, -0.112571, 0.932436]], [[-0.096155, -0.991788, -0.0843294], [0.847812, -0.0372176, -0.528989], [0.521507, -0.12236, 0.844428]], [[-0.096155, -0.991788, -0.0843294], [0.758853, -0.0182182, -0.651007], [0.644124, -0.126591, 0.754373]]], "btipPosition": [158.99, 146.092, -29.0698], "carpPosition": [94.4449, 109.706, 93.6259], "dipPosition": [148.786, 144.087, -17.1199], "direction": [0.521507, 0.12236, -0.844428], "extended": true, "handId": 54, "id": 541, "length": 54.5231, "mcpPosition": [123.423, 136.861, 38.9444], "pipPosition": [137.1, 141.345, 1.80331], "stabilizedTipPosition": [157.549, 146.432, -25.6685], "timeVisible": 7.65655, "tipPosition": [155.091, 147.166, -26.7478], "tipVelocity": [-60.5602, -49.2525, -43.1178], "tool": false, "touchDistance": 0.268941, "touchZone": "hovering", "type": 1, "width": 18.1291}, {"bases": [[[-0.315412, -0.939658, -0.132509], [0.831413, -0.206322, -0.51593], [0.457458, -0.272901, 0.84632]], [[-0.279721, -0.957685, -0.067784], [0.877376, -0.226319, -0.423074], [0.389831, -0.177815, 0.903556]], [[-0.279721, -0.957685, -0.067784], [0.794114, -0.19111, -0.57694], [0.539573, -0.21521, 0.813969]], [[-0.279721, -0.957685, -0.067784], [0.712826, -0.159869, -0.682876], [0.643144, -0.239333, 0.727382]]], "btipPosition": [168.053, 134.901, -40.0406], "carpPosition": [95.8833, 99.6206, 88.711], "dipPosition": [156.848, 130.731, -27.3675], "direction": [0.539573, 0.21521, -0.813969], "extended": true, "handId": 54, "id": 542, "length": 62.1247, "mcpPosition": [125.201, 117.11, 34.4714], "pipPosition": [142.622, 125.057, -5.90744], "stabilizedTipPosition": [165.998, 134.584, -36.7135], "timeVisible": 7.65655, "tipPosition": [164.919, 134.521, -37.2419], "tipVelocity": [-38.2182, -44.443, -30.0307], "tool": false, "touchDistance": 0.333107, "touchZone": "hovering", "type": 2, "width": 17.8052}], "r": [[0.735512, -0.443164, -0.512473], [0.212851, 0.869251, -0.446202], [0.643209, 0.219107, 0.733672]], "s": 0.95799, "t": [-297.429, -10.6934, 88.724], "timestamp": 7359444443}, {"currentFrameRate": 112.45, "devices": [], "gestures": [], "hands": [{"armBasis": [[-0.139987, -0.979538, -0.144601], [0.681314, 0.0106791, -0.731913], [0.718481, -0.200977, 0.665878]], "armWidth": 59.3592, "confidence": 1, "direction": [0.328835, 0.231051, -0.915687], "elbow": [-86.114, 36.4733, 280.375], "grabAngle": 0.357011, "grabStrength": 0, "id": 54, "palmNormal": [0.927408, 0.104035, 0.359294], "palmPosition": [121.51, 109.374, 56.3568], "palmVelocity": [-31.4406, -13.7399, -17.8782], "palmWidth": 83.5833, "pinchDistance": 64.5348, "pinchStrength": 0, "r": [[0.735731, -0.443483, -0.511882], [0.212853, 0.868909, -0.446868], [0.642957, 0.219819, 0.73368]], "s": 0.957352, "sphereCenter": [151.441, 97.5674, 25.7585], "sphereRadius": 52.3005, "stabilizedPalmPosition": [122.494, 110.006, 56.9695], "t": [297.142, -10.8506, 88.5491], "timeVisible": 7.66534, "type": "left", "wrist": [92.0848, 86.3199, 115.222]}], "id": 66567, "interactionBox": {"center": [0, 200, 0], "size": [235.247, 235.247, 147.751]}, "pointables": [{"bases": [[[0.693593, -0.43723, -0.572501], [0.686559, 0.641832, 0.341597], [0.218093, -0.629985, 0.745355]], [[0.604402, -0.242658, -0.758825], [0.660354, 0.685432, 0.306782], [0.44568, -0.686513, 0.574517]], [[0.604402, -0.242658, -0.758825], [0.303963, 0.950671, -0.0619011], [0.736414, -0.193242, 0.648346]], [[0.604402, -0.242658, -0.758825], [-0.0926888, 0.924598, -0.369496], [0.791269, 0.293658, 0.536337]]], "btipPosition": [167.15, 147.581, 51.7736], "carpPosition": [106.265, 116.365, 110.251], "dipPosition": [149.98, 153.953, 63.4114], "direction": [0.736414, 0.193242, -0.648346], "extended": false, "handId": 54, "id": 540, "length": 48.3194, "mcpPosition": [106.265, 116.365, 110.251], "pipPosition": [126.701, 147.844, 83.9066], "stabilizedTipPosition": [164.069, 149.983, 55.1604], "timeVisible": 7.66534, "tipPosition": [160.272, 151.846, 53.8982], "tipVelocity": [-35.1358, -23.0596, -22.1666], "tool": false, "touchDistance": 0.32138, "touchZone": "hovering", "type": 0, "width": 18.9794}, {"bases": [[[-0.307431, -0.950965, 0.033949], [0.820499, -0.282986, -0.496689], [0.481941, -0.124843, 0.867264]], [[-0.350524, -0.935419, -0.0460955], [0.82646, -0.285792, -0.485064], [0.440564, -0.208123, 0.873263]], [[-0.350524, -0.935419, -0.0460955], [0.694515, -0.226602, -0.682863], [0.628317, -0.271374, 0.729091]], [[-0.350524, -0.935419, -0.0460955], [0.57467, -0.175958, -0.799245], [0.739518, -0.306645, 0.599234]]], "btipPosition": [173.751, 117.081, -29.1635], "carpPosition": [98.8211, 88.9939, 86.0204], "dipPosition": [160.94, 111.769, -18.7831], "direction": [0.628317, 0.271374, -0.729091], "extended": true, "handId": 54, "id": 543, "length": 59.7345, "mcpPosition": [126.552, 96.1775, 36.1171], "pipPosition": [144.803, 104.799, -0.0573259], "stabilizedTipPosition": [171.002, 116.16, -26.7131], "timeVisible": 7.66534, "tipPosition": [169.362, 116.268, -27.4863], "tipVelocity": [-11.3488, -14.5081, -0.327373], "tool": false, "touchDistance": 0.333328, "touchZone": "hovering", "type": 3, "width": 16.9428}, {"bases": [[[-0.380902, -0.899105, 0.215695], [0.802028, -0.437361, -0.406777], [0.460072, 0.0180513, 0.887698]], [[-0.471417, -0.881716, 0.0185318], [0.758571, -0.416115, -0.501417], [0.449818, -0.222319, 0.865007]], [[-0.471417, -0.881716, 0.0185318], [0.574599, -0.32302, -0.751993], [0.66903, -0.343854, 0.65891]], [[-0.471417, -0.881716, 0.0185318], [0.445479, -0.25621, -0.857849], [0.761127, -0.396149, 0.513568]]], "btipPosition": [169.976, 97.5447, -7.30746], "carpPosition": [106.428, 78.6516, 88.4894], "dipPosition": [157.812, 91.2138, 0.89987], "direction": [0.66903, 0.343854, -0.65891], "extended": true, "handId": 54, "id": 544, "length": 46.8308, "mcpPosition": [130.934, 77.6901, 41.2061], "pipPosition": [145.68, 84.9784, 12.8484], "stabilizedTipPosition": [167.441, 96.3307, -5.3998], "timeVisible": 7.66534, "tipPosition": [163.879, 95.2258, -7.81185], "tipVelocity": [-12.2719, -7.42722, 4.77433], "tool": false, "touchDistance": 0.333364, "touchZone": "hovering", "type": 4, "width": 15.0499}, {"bases": [[[-0.230959, -0.914837, -0.331257], [0.8735, -0.0450023, -0.484739], [0.42855, -0.401308, 0.809504]], [[-0.0963309, -0.992008, -0.0814922], [0.934918, -0.0620852, -0.349389], [0.341537, -0.109846, 0.933427]], [[-0.0963309, -0.992008, -0.0814922], [0.849636, -0.0393032, -0.525903], [0.518497, -0.119899, 0.846631]], [[-0.0963309, -0.992008, -0.0814922], [0.761706, -0.0207683, -0.64759], [0.640722, -0.124456, 0.757619]]], "btipPosition": [158.495, 145.755, -29.3992], "carpPosition": [94.16, 109.6, 93.4623], "dipPosition": [148.345, 143.783, -17.3979], "direction": [0.518497, 0.119899, -0.846631], "extended": true, "handId": 54, "id": 541, "length": 54.5231, "mcpPosition": [123.122, 136.721, 38.7553], "pipPosition": [136.726, 141.096, 1.57466], "stabilizedTipPosition": [157.153, 146.11, -25.9452], "timeVisible": 7.66534, "tipPosition": [154.818, 146.952, -26.9366], "tipVelocity": [-54.9261, -37.5165, -36.1508], "tool": false, "touchDistance": 0.263647, "touchZone": "hovering", "type": 1, "width": 18.1291}, {"bases": [[[-0.316441, -0.939478, -0.131322], [0.831075, -0.207818, -0.515873], [0.457361, -0.272382, 0.846539]], [[-0.280251, -0.957677, -0.0656882], [0.877082, -0.227654, -0.422966], [0.390111, -0.17615, 0.903761]], [[-0.280251, -0.957677, -0.0656882], [0.793683, -0.192682, -0.57701], [0.539932, -0.213843, 0.814091]], [[-0.280251, -0.957677, -0.0656882], [0.713137, -0.161906, -0.682072], [0.642569, -0.237996, 0.728329]]], "btipPosition": [167.786, 134.624, -40.2348], "carpPosition": [95.6102, 99.5106, 88.5597], "dipPosition": [156.591, 130.477, -27.5452], "direction": [0.539932, 0.213843, -0.814091], "extended": true, "handId": 54, "id": 542, "length": 62.1247, "mcpPosition": [124.922, 116.967, 34.306], "pipPosition": [142.355, 124.839, -6.08194], "stabilizedTipPosition": [165.753, 134.299, -36.9016], "timeVisible": 7.66534, "tipPosition": [164.641, 134.331, -37.4182], "tipVelocity": [-30.17, -30.9145, -21.674], "tool": false, "touchDistance": 0.333163, "touchZone": "hovering", "type": 2, "width": 17.8052}], "r": [[0.735731, -0.443483, -0.511882], [0.212853, 0.868909, -0.446868], [0.642957, 0.219819, 0.73368]], "s": 0.957352, "t": [-297.142, -10.8506, 88.5491], "timestamp": 7359453229}, {"currentFrameRate": 112.632, "devices": [], "gestures": [], "hands": [{"armBasis": [[-0.141188, -0.979317, -0.144928], [0.680563, 0.0103028, -0.732618], [0.718958, -0.202069, 0.665032]], "armWidth": 59.3592, "confidence": 1, "direction": [0.32964, 0.231144, -0.915374], "elbow": [-86.5204, 36.0577, 279.991], "grabAngle": 0.358323, "grabStrength": 0, "id": 54, "palmNormal": [0.926996, 0.104512, 0.360216], "palmPosition": [121.269, 109.247, 56.2123], "palmVelocity": [-28.1798, -14.7828, -16.8802], "palmWidth": 83.5833, "pinchDistance": 64.5965, "pinchStrength": 0, "r": [[0.73576, -0.443816, -0.51155], [0.212849, 0.868608, -0.447455], [0.642924, 0.220336, 0.733553]], "s": 0.956839, "sphereCenter": [151.07, 97.3562, 25.5396], "sphereRadius": 52.2749, "stabilizedPalmPosition": [122.285, 109.876, 56.8404], "t": [296.877, -10.9925, 88.3893], "timeVisible": 7.6739, "type": "left", "wrist": [91.7968, 86.1752, 115.049]}], "id": 66568, "interactionBox": {"center": [0, 200, 0], "size": [235.247, 235.247, 147.751]}, "pointables": [{"bases": [[[0.692807, -0.437609, -0.573164], [0.687213, 0.641523, 0.340861], [0.218534, -0.630037, 0.745182]], [[0.603592, -0.243132, -0.759318], [0.660961, 0.685192, 0.306011], [0.445877, -0.686585, 0.574277]], [[0.603592, -0.243132, -0.759318], [0.303477, 0.950741, -0.0631871], [0.737277, -0.192296, 0.647645]], [[0.603592, -0.243132, -0.759318], [-0.0949778, 0.923661, -0.371253], [0.791616, 0.296204, 0.534423]]], "btipPosition": [166.895, 147.369, 51.688], "carpPosition": [105.966, 116.235, 110.09], "dipPosition": [149.718, 153.796, 63.2842], "direction": [0.737277, 0.192296, -0.647645], "extended": false, "handId": 54, "id": 540, "length": 48.3194, "mcpPosition": [105.966, 116.235, 110.09], "pipPosition": [126.411, 147.717, 83.7572], "stabilizedTipPosition": [163.831, 149.743, 54.9902], "timeVisible": 7.6739, "tipPosition": [160.031, 151.72, 53.7929], "tipVelocity": [-29.9621, -23.2612, -11.12], "tool": false, "touchDistance": 0.319793, "touchZone": "hovering", "type": 0, "widt