{"frames": 136, "data": [{"currentFrameRate": 115.269, "devices": [], "gestures": [], "hands": [{"armBasis": [[-0.0465401, -0.978007, -0.203311], [0.762889, 0.0965906, -0.639273], [0.644852, -0.184856, 0.741616]], "armWidth": 59.3592, "confidence": 1, "direction": [0.446242, 0.306707, -0.840713], "elbow": [-81.5922, 38.6458, 297.454], "grabAngle": 0.428453, "grabStrength": 0, "id": 54, "palmNormal": [0.887108, -0.0278028, 0.460725], "palmPosition": [114.088, 111.176, 59.8094], "palmVelocity": [-3.10411, -2.20966, -1.04025], "palmWidth": 83.5833, "pinchDistance": 52.9272, "pinchStrength": 0, "r": [[0.60508, 0.750488, -0.265794], [-0.782244, 0.498237, -0.37397], [-0.148232, 0.434198, 0.888538]], "s": 0.976751, "sphereCenter": [237.509, 104.614, 107.005], "sphereRadius": 135.201, "stabilizedPalmPosition": [114.298, 111.102, 59.7843], "t": [289.462, -9.19566, 91.8317], "timeVisible": 13.675, "type": "left", "wrist": [78.3451, 84.494, 113.517]}], "id": 67243, "interactionBox": {"center": [0, 200, 0], "size": [235.247, 235.247, 147.751]}, "pointables": [{"bases": [[[0.658921, -0.298124, -0.690613], [0.665791, 0.658416, 0.351013], [0.350065, -0.691094, 0.632332]], [[0.610413, -0.210104, -0.763709], [0.725271, 0.535834, 0.432278], [0.318398, -0.817764, 0.479463]], [[0.610413, -0.210104, -0.763709], [0.417931, 0.904473, 0.0852121], [0.672851, -0.371193, 0.639912]], [[0.610413, -0.210104, -0.763709], [-0.021632, 0.959397, -0.28123], [0.791788, 0.188187, 0.581084]]], "btipPosition": [146.618, 158.234, 57.5329], "carpPosition": [93.5673, 113.085, 112.356], "dipPosition": [129.437, 162.317, 70.1416], "direction": [0.672851, 0.371193, -0.639912], "extended": true, "handId": 54, "id": 540, "length": 48.3194, "mcpPosition": [93.5673, 113.085, 112.356], "pipPosition": [108.167, 150.583, 90.3702], "stabilizedTipPosition": [143.127, 158.956, 60.5714], "timeVisible": 13.675, "tipPosition": [141.945, 162.613, 61.8934], "tipVelocity": [-8.10065, 0.961643, -3.16867], "tool": false, "touchDistance": 0.27561, "touchZone": "hovering", "type": 0, "width": 18.9794}, {"bases": [[[-0.223408, -0.97298, -0.0582986], [0.780501, -0.142744, -0.60864], [0.583873, -0.181477, 0.791302]], [[-0.254403, -0.961846, -0.100658], [0.711965, -0.11583, -0.692596], [0.654511, -0.247863, 0.714268]], [[-0.254403, -0.961846, -0.100658], [0.52251, -0.0491209, -0.851217], [0.813795, -0.269147, 0.515071]], [[-0.254403, -0.961846, -0.100658], [0.381915, -0.00429787, -0.924187], [0.888493, -0.273559, 0.368437]]], "btipPosition": [183.663, 121.995, -10.5545], "carpPosition": [86.6616, 89.6337, 84.1773], "dipPosition": [168.272, 117.256, -4.17215], "direction": [0.813795, 0.269147, -0.515071], "extended": true, "handId": 54, "id": 543, "length": 59.7345, "mcpPosition": [120.258, 100.076, 38.645], "pipPosition": [147.371, 110.344, 9.05681], "stabilizedTipPosition": [180.472, 120.969, -8.87512], "timeVisible": 13.675, "tipPosition": [175.065, 121.142, -14.586], "tipVelocity": [-3.57457, -5.09484, -1.67405], "tool": false, "touchDistance": 0.33332, "touchZone": "hovering", "type": 3, "width": 16.9428}, {"bases": [[[-0.191184, -0.886395, -0.421608], [0.814974, 0.0960425, -0.571483], [0.547052, -0.452858, 0.704027]], [[-0.000603885, -0.986029, -0.166572], [0.835628, 0.0909995, -0.541706], [0.549295, -0.139519, 0.823899]], [[-0.000603885, -0.986029, -0.166572], [0.741067, 0.1114, -0.662125], [0.671431, -0.123841, 0.730647]], [[-0.000603885, -0.986029, -0.166572], [0.637251, 0.12799, -0.759954], [0.770656, -0.106607, 0.628271]]], "btipPosition": [168.998, 150.176, -13.0137], "carpPosition": [82.8934, 109.55, 93.7087], "dipPosition": [156.79, 148.488, -3.06133], "direction": [0.671431, 0.123841, -0.730647], "extended": true, "handId": 54, "id": 541, "length": 54.5231, "mcpPosition": [119.864, 140.155, 46.1299], "pipPosition": [141.743, 145.712, 13.3121], "stabilizedTipPosition": [166.29, 149.83, -10.756], "timeVisible": 13.675, "tipPosition": [164.356, 153.959, -10.9303], "tipVelocity": [-1.49814, -4.60874, -0.448732], "tool": false, "touchDistance": 0.33333, "touchZone": "hovering", "type": 1, "width": 18.1291}, {"bases": [[[-0.251631, -0.942726, -0.218972], [0.782732, -0.0651615, -0.618938], [0.569221, -0.32714, 0.754299]], [[-0.191788, -0.971359, -0.140278], [0.772736, -0.0613367, -0.631757], [0.605059, -0.229562, 0.762368]], [[-0.191788, -0.971359, -0.140278], [0.663532, -0.0230176, -0.747794], [0.723148, -0.236497, 0.648943]], [[-0.191788, -0.971359, -0.140278], [0.571647, 0.00562155, -0.820481], [0.79777, -0.237548, 0.554196]]], "btipPosition": [180.539, 141.626, -21.4597], "carpPosition": [84.0542, 100.028, 87.7166], "dipPosition": [166.64, 137.488, -11.8039], "direction": [0.723148, 0.236497, -0.648943], "extended": true, "handId": 54, "id": 542, "length": 62.1247, "mcpPosition": [120.535, 120.994, 39.3745], "pipPosition": [147.574, 131.252, 5.30521], "stabilizedTipPosition": [177.633, 140.739, -19.0474], "timeVisible": 13.675, "tipPosition": [173.571, 141.92, -22.221], "tipVelocity": [-6.29294, -5.11362, -5.26671], "tool": false, "touchDistance": 0.333293, "touchZone": "hovering", "type": 2, "width": 17.8052}, {"bases": [[[-0.280199, -0.950395, 0.13505], [0.784748, -0.307809, -0.537981], [0.552864, -0.0447619, 0.832068]], [[-0.382005, -0.923714, -0.0287195], [0.710088, -0.273486, -0.64883], [0.591479, -0.26825, 0.760391]], [[-0.382005, -0.923714, -0.0287195], [0.515851, -0.187341, -0.835943], [0.766792, -0.334149, 0.548064]], [[-0.382005, -0.923714, -0.0287195], [0.357282, -0.118953, -0.926391], [0.852304, -0.364147, 0.375467]]], "btipPosition": [169.445, 101.455, 0.854661], "carpPosition": [93.0807, 78.3979, 86.0417], "dipPosition": [155.824, 95.6356, 6.855], "direction": [0.766792, 0.334149, -0.548064], "extended": true, "handId": 54, "id": 544, "length": 46.8308, "mcpPosition": [122.529, 80.7822, 41.7215], "pipPosition": [141.92, 89.5762, 16.7935], "stabilizedTipPosition": [166.786, 100.147, 2.50521], "timeVisible": 13.675, "tipPosition": [161.7, 98.9849, -2.4063], "tipVelocity": [-4.41999, -4.03249, -1.78969], "tool": false, "touchDistance": 0.333319, "touchZone": "hovering", "type": 4, "width": 15.0499}], "r": [[0.60508, 0.750488, -0.265794], [-0.782244, 0.498237, -0.37397], [-0.148232, 0.434198, 0.888538]], "s": 0.976751, "t": [-289.462, -9.19566, 91.8317], "timestamp": 7365462907}, {"currentFrameRate": 115.267, "devices": [], "gestures": [], "hands": [{"armBasis": [[-0.0462217, -0.977953, -0.203645], [0.761975, 0.0973102, -0.640254], [0.645955, -0.184766, 0.740678]], "armWidth": 59.3592, "confidence": 1, "direction": [0.445926, 0.30646, -0.840971], "elbow": [-81.8897, 38.6853, 297.268], "grabAngle": 0.428969, "grabStrength": 0, "id": 54, "palmNormal": [0.887326, -0.028034, 0.46029], "palmPosition": [114.061, 111.178, 59.8457], "palmVelocity": [-3.08409, 0.216075, 4.18085], "palmWidth": 83.5833, "pinchDistance": 52.7184, "pinchStrength": 0, "r": [[0.605043, 0.750536, -0.265741], [-0.782228, 0.498108, -0.374175], [-0.148464, 0.434262, 0.888468]], "s": 0.976902, "sphereCenter": [237.49, 104.667, 106.996], "sphereRadius": 135.192, "stabilizedPalmPosition": [114.278, 111.108, 59.7896], "t": [289.433, -9.19973, 91.8473], "timeVisible": 13.6837, "type": "left", "wrist": [78.3211, 84.5114, 113.563]}], "id": 67244, "interactionBox": {"center": [0, 200, 0], "size": [235.247, 235.247, 147.751]}, "pointables": [{"bases": [[[0.659358, -0.297994, -0.690251], [0.665405, 0.658674, 0.351262], [0.349976, -0.690903, 0.632589]], [[0.611048, -0.210318, -0.763143], [0.725025, 0.535665, 0.4329], [0.317742, -0.81782, 0.479802]], [[0.611048, -0.210318, -0.763143], [0.418206, 0.904306, 0.085636], [0.672104, -0.371479, 0.64053]], [[0.611048, -0.210318, -0.763143], [-0.0212041, 0.959364, -0.281373], [0.79131, 0.188114, 0.581758]]], "btipPosition": [146.553, 158.262, 57.5294], "carpPosition": [93.5671, 113.1, 112.402], "dipPosition": [129.383, 162.343, 70.1526], "direction": [0.672104, 0.371479, -0.64053], "extended": true, "handId": 54, "id": 540, "length": 48.3194, "mcpPosition": [93.5671, 113.1, 112.402], "pipPosition": [108.137, 150.6, 90.4008], "stabilizedTipPosition": [143.046, 158.994, 60.55], "timeVisible": 13.6837, "tipPosition": [141.939, 162.591, 61.9034], "tipVelocity": [-7.12589, 3.19589, -0.0230728], "tool": false, "touchDistance": 0.275607, "touchZone": "hovering", "type": 0, "width": 18.9794}, {"bases": [[[-0.223064, -0.973059, -0.0582906], [0.780848, -0.142565, -0.608237], [0.58354, -0.181192, 0.791612]], [[-0.253958, -0.961974, -0.100551], [0.712418, -0.115729, -0.692147], [0.654191, -0.247411, 0.714718]], [[-0.253958, -0.961974, -0.100551], [0.522689, -0.0490255, -0.851112], [0.813819, -0.268704, 0.515264]], [[-0.253958, -0.961974, -0.100551], [0.38158, -0.00412021, -0.924327], [0.888764, -0.273108, 0.368116]]], "btipPosition": [183.615, 121.954, -10.538], "carpPosition": [86.6399, 89.6474, 84.2298], "dipPosition": [168.219, 117.223, -4.16119], "direction": [0.813819, 0.268704, -0.515264], "extended": true, "handId": 54, "id": 543, "length": 59.7345, "mcpPosition": [120.217, 100.073, 38.6796], "pipPosition": [147.317, 110.322, 9.07275], "stabilizedTipPosition": [180.411, 120.954, -8.90519], "timeVisible": 13.6837, "tipPosition": [175.011, 121.115, -14.5742], "tipVelocity": [-5.74385, -4.47688, 1.75657], "tool": false, "touchDistance": 0.333344, "touchZone": "hovering", "type": 3, "width": 16.9428}, {"bases": [[[-0.190689, -0.886508, -0.421594], [0.815225, 0.0962368, -0.571092], [0.54685, -0.452595, 0.704353]], [[-0.000215921, -0.986046, -0.166471], [0.835666, 0.0912541, -0.541604], [0.549238, -0.139231, 0.823986]], [[-0.000215921, -0.986046, -0.166471], [0.740873, 0.111651, -0.6623], [0.671645, -0.123477, 0.730511]], [[-0.000215921, -0.986046, -0.166471], [0.636979, 0.128193, -0.760147], [0.770881, -0.106202, 0.628063]]], "btipPosition": [168.98, 150.149, -12.9809], "carpPosition": [82.8828, 109.567, 93.7606], "dipPosition": [156.768, 148.466, -3.03185], "direction": [0.671645, 0.123477, -0.730511], "extended": true, "handId": 54, "id": 541, "length": 54.5231, "mcpPosition": [119.84, 140.153, 46.1598], "pipPosition": [141.717, 145.699, 13.3385], "stabilizedTipPosition": [166.275, 149.821, -10.7481], "timeVisible": 13.6837, "tipPosition": [164.313, 153.925, -10.9235], "tipVelocity": [-2.17545, -3.0224, 3.68838], "tool": false, "touchDistance": 0.333357, "touchZone": "hovering", "type": 1, "width": 18.1291}, {"bases": [[[-0.251217, -0.942834, -0.218982], [0.783059, -0.0649833, -0.618543], [0.568954, -0.326864, 0.75462]], [[-0.191366, -0.971453, -0.140205], [0.773205, -0.0612161, -0.631195], [0.604594, -0.229196, 0.762847]], [[-0.191366, -0.971453, -0.140205], [0.664047, -0.0229508, -0.747339], [0.722787, -0.236118, 0.649483]], [[-0.191366, -0.971453, -0.140205], [0.572322, 0.00560619, -0.82001], [0.797387, -0.237164, 0.554912]]], "btipPosition": [180.469, 141.591, -21.4758], "carpPosition": [84.0376, 100.043, 87.7691], "dipPosition": [166.576, 137.459, -11.8077], "direction": [0.722787, 0.236118, -0.649483], "extended": true, "handId": 54, "id": 542, "length": 62.1247, "mcpPosition": [120.501, 120.991, 39.4064], "pipPosition": [147.52, 131.233, 5.31573], "stabilizedTipPosition": [177.577, 140.724, -19.0793], "timeVisible": 13.6837, "tipPosition": [173.519, 141.891, -22.2138], "tipVelocity": [-7.96372, -3.93891, -1.53412], "tool": false, "touchDistance": 0.33332, "touchZone": "hovering", "type": 2, "width": 17.8052}, {"bases": [[[-0.279958, -0.950469, 0.135027], [0.785114, -0.30762, -0.537556], [0.552467, -0.0444818, 0.832347]], [[-0.381666, -0.923853, -0.0287509], [0.710652, -0.273413, -0.648243], [0.591021, -0.267844, 0.76089]], [[-0.381666, -0.923853, -0.0287509], [0.516093, -0.187199, -0.835826], [0.766798, -0.333844, 0.548241]], [[-0.381666, -0.923853, -0.0287509], [0.357128, -0.118705, -0.926482], [0.85252, -0.363874, 0.375239]]], "btipPosition": [169.388, 101.429, 0.874541], "carpPosition": [93.0563, 78.4098, 86.0924], "dipPosition": [155.764, 95.6138, 6.87125], "direction": [0.766798, 0.333844, -0.548241], "extended": true, "handId": 54, "id": 544, "length": 46.8308, "mcpPosition": [122.484, 80.7791, 41.7573], "pipPosition": [141.859, 89.5599, 16.813], "stabilizedTipPosition": [166.716, 100.14, 2.47216], "timeVisible": 13.6837, "tipPosition": [161.641, 98.9644, -2.38959], "tipVelocity": [-6.658, -2.90791, 2.1944], "tool": false, "touchDistance": 0.333347, "touchZone": "hovering", "type": 4, "width": 15.0499}], "r": [[0.605043, 0.750536, -0.265741], [-0.782228, 0.498108, -0.374175], [-0.148464, 0.434262, 0.888468]], "s": 0.976902, "t": [-289.433, -9.19973, 91.8473], "timestamp": 7365471585}, {"currentFrameRate": 115.101, "devices": [], "gestures": [], "hands": [{"armBasis": [[-0.0462295, -0.977946, -0.203679], [0.761205, 0.0975468, -0.641134], [0.646862, -0.184681, 0.739907]], "armWidth": 59.3592, "confidence": 1, "direction": [0.445866, 0.306208, -0.841095], "elbow": [-82.1623, 38.7179, 297.081], "grabAngle": 0.428851, "grabStrength": 0, "id": 54, "palmNormal": [0.887365, -0.0279497, 0.460219], "palmPosition": [114.02, 111.174, 59.8476], "palmVelocity": [-4.53139, -0.364004, 0.219652], "palmWidth": 83.5833, "pinchDistance": 52.5964, "pinchStrength": 0, "r": [[0.605011, 0.750567, -0.265728], [-0.782214, 0.497977, -0.37438], [-0.14867, 0.43436, 0.888385]], "s": 0.977036, "sphereCenter": [237.419, 104.734, 106.958], "sphereRadius": 135.156, "stabilizedPalmPosition": [114.255, 111.114, 59.7948], "t": [289.399, -9.2034, 91.8561], "timeVisible": 13.6927, "type": "left", "wrist": [78.2735, 84.5227, 113.568]}], "id": 67245, "interactionBox": {"center": [0, 200, 0], "size": [235.247, 235.247, 147.751]}, "pointables": [{"bases": [[[0.659433, -0.298153, -0.690111], [0.665342, 0.658802, 0.35114], [0.349953, -0.690713, 0.63281]], [[0.611315, -0.210818, -0.762791], [0.725111, 0.535334, 0.433163], [0.317029, -0.817908, 0.480125]], [[0.611315, -0.210818, -0.762791], [0.418708, 0.904069, 0.0856957], [0.671549, -0.371773, 0.640942]], [[0.611315, -0.210818, -0.762791], [-0.0207336, 0.959268, -0.281737], [0.791116, 0.188045, 0.582044]]], "btipPosition": [146.463, 158.289, 57.4986], "carpPosition": [93.5312, 113.112, 112.405], "dipPosition": [129.297, 162.369, 70.1281], "direction": [0.671549, 0.371773, -0.640942], "extended": true, "handId": 54, "id": 540, "length": 48.3194, "mcpPosition": [93.5312, 113.112, 112.405], "pipPosition": [108.068, 150.617, 90.3893], "stabilizedTipPosition": [142.965, 159.029, 60.5276], "timeVisible": 13.6927, "tipPosition": [141.904, 162.573, 61.8827], "tipVelocity": [-9.96868, 2.9669, -3.27096], "tool": false, "touchDistance": 0.275118, "touchZone": "hovering", "type": 0, "width": 18.9794}, {"bases": [[[-0.223012, -0.973086, -0.0580429], [0.780908, -0.142695, -0.608129], [0.583479, -0.180946, 0.791713]], [[-0.25385, -0.962036, -0.100234], [0.712749, -0.115997, -0.691761], [0.653873, -0.247045, 0.715136]], [[-0.25385, -0.962036, -0.100234], [0.522981, -0.0493409, -0.850915], [0.813665, -0.268425, 0.515652]], [[-0.25385, -0.962036, -0.100234], [0.381642, -0.00440021, -0.9243], [0.888769, -0.272887, 0.368271]]], "btipPosition": [183.555, 121.919, -10.5634], "carpPosition": [86.6003, 89.6521, 84.2401], "dipPosition": [168.159, 117.192, -4.18397], "direction": [0.813665, 0.268425, -0.515652], "extended": true, "handId": 54, "id": 543, "length": 59.7345, "mcpPosition": [120.174, 100.064, 38.684], "pipPosition": [147.261, 110.298, 9.05992], "stabilizedTipPosition": [180.349, 120.935, -8.935], "timeVisible": 13.6927, "tipPosition": [174.972, 121.088, -14.5713], "tipVelocity": [-6.70374, -3.85843, -2.76992], "tool": false, "touchDistance": 0.333313, "touchZone": "hovering", "type": 3, "width": 16.9428}, {"bases": [[[-0.190609, -0.886633, -0.421367], [0.815271, 0.0961187, -0.571046], [0.54681, -0.452375, 0.704525]], [[-4.13134e-05, -0.986119, -0.166043], [0.835676, 0.0911605, -0.541605], [0.549223, -0.13878, 0.824071]], [[-4.13134e-05, -0.986119, -0.166043], [0.74076, 0.111512, -0.66245], [0.67177, -0.123025, 0.730472]], [[-4.13134e-05, -0.986119, -0.166043], [0.636863, 0.127989, -0.760279], [0.770977, -0.105778, 0.628017]]], "btipPosition": [168.943, 150.107, -12.9892], "carpPosition": [82.8451, 109.574, 93.7658], "dipPosition": [156.73, 148.431, -3.04091], "direction": [0.67177, 0.123025, -0.730472], "extended": true, "handId": 54, "id": 541, "length": 54.5231, "mcpPosition": [119.799, 140.146, 46.1533], "pipPosition": [141.676, 145.674, 13.3286], "stabilizedTipPosition": [166.256, 149.808, -10.7417], "timeVisible": 13.6927, "tipPosition": [164.271, 153.895, -10.9374], "tipVelocity": [-4.13547, -4.52006, -0.946571], "tool": false, "touchDistance": 0.333327, "touchZone": "hovering", "type": 1, "width": 18.1291}, {"bases": [[[-0.251153, -0.942907, -0.218745], [0.783117, -0.065116, -0.618456], [0.568903, -0.32663, 0.75476]], [[-0.191216, -0.971536, -0.139835], [0.773533, -0.0614576, -0.630769], [0.604221, -0.22878, 0.763267]], [[-0.191216, -0.971536, -0.139835], [0.664475, -0.0232713, -0.746948], [0.722432, -0.235745, 0.650012]], [[-0.191216, -0.971536, -0.139835], [0.572871, 0.00521933, -0.819629], [0.797029, -0.236834, 0.555567]]], "btipPosition": [180.394, 141.547, -21.5213], "carpPosition": [83.9989, 100.048, 87.7768], "dipPosition": [166.508, 137.421, -11.8417], "direction": [0.722432, 0.235745, -0.650012], "extended": true, "handId": 54, "id": 542, "length": 62.1247, "mcpPosition": [120.459, 120.982, 39.4051], "pipPosition": [147.461, 131.206, 5.29567], "stabilizedTipPosition": [177.52, 140.704, -19.1122], "timeVisible": 13.6927, "tipPosition": [173.483, 141.859, -22.2171], "tipVelocity": [-8.11356, -4.68508, -4.77198], "tool": false, "touchDistance": 0.333297, "touchZone": "hovering", "type": 2, "width": 17.8052}, {"bases": [[[-0.279925, -0.950445, 0.135263], [0.785176, -0.30773, -0.537402], [0.552396, -0.0442268, 0.832408]], [[-0.381664, -0.923858, -0.028609], [0.711055, -0.273695, -0.647682], [0.590536, -0.26754, 0.761374]], [[-0.381664, -0.923858, -0.028609], [0.516419, -0.187469, -0.835564], [0.766579, -0.333679, 0.548648]], [[-0.381664, -0.923858, -0.028609], [0.357321, -0.118929, -0.926379], [0.85244, -0.363788, 0.375505]]], "btipPosition": [169.323, 101.406, 0.856642], "carpPosition": [93.0164, 78.4147, 86.1052], "dipPosition": [155.7, 95.5921, 6.85759], "direction": [0.766579, 0.333679, -0.548648], "extended": true, "handId": 54, "id": 544, "length": 46.8308, "mcpPosition": [122.44, 80.7705, 41.7669], "pipPosition": [141.799, 89.5413, 16.8067], "stabilizedTipPosition": [166.644, 100.13, 2.43995], "timeVisible": 13.6927, "tipPosition": [161.602, 98.9436, -2.38068], "tipVelocity": [-7.19666, -2.52649, -1.8866], "tool": false, "touchDistance": 0.33332, "touchZone": "hovering", "type": 4, "width": 15.0499}], "r": [[0.605011, 0.750567, -0.265728], [-0.782214, 0.497977, -0.37438], [-0.14867, 0.43436, 0.888385]], "s": 0.977036, "t": [-289.399, -9.2034, 91.8561], "timestamp": 7365480555}, {"currentFrameRate": 115.242, "devices": [], "gestures": [], "hands": [{"armBasis": [[-0.0459671, -0.977889, -0.204008], [0.760573, 0.0981396, -0.641793], [0.647623, -0.184665, 0.739245]], "armWidth": 59.3592, "confidence": 1, "direction": [0.446011, 0.306391, -0.840951], "elbow": [-82.4043, 38.7352, 296.922], "grabAngle": 0.428365, "grabStrength": 0, "id": 54, "palmNormal": [0.887312, -0.0282589, 0.460303], "palmPosition": [113.985, 111.197, 59.8696], "palmVelocity": [-4.20954, 2.67426, 2.60576], "palmWidth": 83.5833, "pinchDistance": 52.4699, "pinchStrength": 0, "r": [[0.604952, 0.75063, -0.265684], [-0.782229, 0.497867, -0.374496], [-0.148833, 0.434377, 0.88835]], "s": 0.977191, "sphereCenter": [237.383, 104.782, 106.98], "sphereRadius": 135.167, "stabilizedPalmPosition": [114.233, 111.121, 59.8009], "t": [289.364, -9.19395, 91.8715], "timeVisible": 13.7011, "type": "left", "wrist": [78.2204, 84.536, 113.573]}], "id": 67246, "interactionBox": {"center": [0, 200, 0], "size": [235.247, 235.247, 147.751]}, "pointables": [{"bases": [[[0.659416, -0.297813, -0.690274], [0.665257, 0.658814, 0.351278], [0.350147, -0.690848, 0.632555]], [[0.611453, -0.210766, -0.762695], [0.725212, 0.534843, 0.433602], [0.316534, -0.818243, 0.479881]], [[0.611453, -0.210766, -0.762695], [0.419124, 0.903823, 0.0862461], [0.671164, -0.372399, 0.640982]], [[0.611453, -0.210766, -0.762695], [-0.020425, 0.959348, -0.281484], [0.791017, 0.187692, 0.582291]]], "btipPosition": [146.385, 158.341, 57.5236], "carpPosition": [93.4905, 113.122, 112.425], "dipPosition": [129.221, 162.414, 70.1584], "direction": [0.671164, 0.372399, -0.640982], "extended": true, "handId": 54, "id": 540, "length": 48.3194, "mcpPosition": [93.4905, 113.122, 112.425], "pipPosition": [108.005, 150.642, 90.4209], "stabilizedTipPosition": [142.892, 159.064, 60.5139], "timeVisible": 13.7011, "tipPosition": [141.88, 162.577, 61.9177], "tipVelocity": [-9.14923, 6.02062, 3.10916], "tool": false, "touchDistance": 0.275555, "touchZone": "hovering", "type": 0, "width": 18.9794}, {"bases": [[[-0.222839, -0.973109, -0.0583266], [0.780871, -0.142359, -0.608256], [0.583596, -0.181088, 0.791595]], [[-0.253628, -0.962073, -0.100437], [0.713109, -0.115813, -0.691421], [0.653566, -0.246986, 0.715437]], [[-0.253628, -0.962073, -0.100437], [0.523457, -0.0491947, -0.850631], [0.813428, -0.268318, 0.516081]], [[-0.253628, -0.962073, -0.100437], [0.381978, -0.00422064, -0.924162], [0.888688, -0.272758, 0.368561]]], "btipPosition": [183.499, 121.94, -10.5728], "carpPosition": [86.5583, 89.672, 84.2524], "dipPosition": [168.105, 117.215, -4.18832], "direction": [0.813428, 0.268318, -0.516081], "extended": true, "handId": 54, "id": 543, "length": 59.7345, "mcpPosition": [120.139, 100.092, 38.7032], "pipPosition": [147.213, 110.323, 9.06659], "stabilizedTipPosition": [180.29, 120.922, -8.96048], "timeVisible": 13.7011, "tipPosition": [174.963, 121.122, -14.5216], "tipVelocity": [-6.54381, 2.51192, -0.973994], "tool": false, "touchDistance": 0.333325, "touchZone": "hovering", "type": 3, "width": 16.9428}, {"bases": [[[-0.19049, -0.886535, -0.421627], [0.815194, 0.0964495, -0.571101], [0.546967, -0.452497, 0.704325]], [[0.000167249, -0.986076, -0.166293], [0.835585, 0.0914927, -0.541688], [0.549361, -0.138862, 0.823966]], [[0.000167249, -0.986076, -0.166293], [0.740526, 0.111876, -0.66265], [0.672028, -0.123034, 0.730234]], [[0.000167249, -0.986076, -0.166293], [0.636623, 0.128346, -0.76042], [0.771175, -0.105739, 0.62778]]], "btipPosition": [168.928, 150.135, -12.9442], "carpPosition": [82.8057, 109.592, 93.784], "dipPosition": [156.712, 148.46, -2.99963], "direction": [0.672028, 0.123034, -0.730234], "extended": true, "handId": 54, "id": 541, "length": 54.5231, "mcpPosition": [119.77, 140.172, 46.1851], "pipPosition": [141.653, 145.703, 13.3645], "stabilizedTipPosition": [166.242, 149.802, -10.7331], "timeVisible": 13.7011, "tipPosition": [164.252, 153.927, -10.8965], "tipVelocity": [-1.786, 3.40979, 5.23398], "tool": false, "touchDistance": 0.333366, "touchZone": "hovering", "type": 1, "width": 18.1291}, {"bases": [[[-0.251002, -0.942884, -0.219016], [0.783064, -0.0647761, -0.618559], [0.569042, -0.326763, 0.754597]], [[-0.190975, -0.971557, -0.140022], [0.773814, -0.061245, -0.630445], [0.603937, -0.22875, 0.763501]], [[-0.190975, -0.971557, -0.140022], [0.66493, -0.0231089, -0.746548], [0.722078, -0.235677, 0.65043]], [[-0.190975, -0.971557, -0.140022], [0.573494, 0.00533391, -0.819193], [0.796639, -0.236747, 0.556163]]], "btipPosition": [180.334, 141.57, -21.5274], "carpPosition": [83.9584, 100.068, 87.7921], "dipPosition": [166.454, 137.446, -11.8374], "direction": [0.722078, 0.235677, -0.65043], "extended": true, "handId": 54, "id": 542, "length": 62.1247, "mcpPosition": [120.428, 121.009, 39.4309], "pipPosition": [147.417, 131.232, 5.31098], "stabilizedTipPosition": [177.464, 140.692, -19.1398], "timeVisible": 13.7011, "tipPosition": [173.476, 141.892, -22.1682], "tipVelocity": [-6.97346, 2.78754, -0.440786], "tool": false, "touchDistance": 0.333328, "touchZone": "hovering", "type": 2, "width": 17.8052}, {"bases": [[[-0.279735, -0.95054, 0.134993], [0.785176, -0.307416, -0.537582], [0.552491, -0.0443874, 0.832336]], [[-0.381521, -0.923908, -0.0289016], [0.711503, -0.273562, -0.647246], [0.59009, -0.267501, 0.761733]], [[-0.381521, -0.923908, -0.0289016], [0.516968, -0.187349, -0.835251], [0.766281, -0.333607, 0.549108]], [[-0.381521, -0.923908, -0.0289016], [0.357872, -0.118808, -0.926181], [0.852273, -0.3637, 0.375969]]], "btipPosition": [169.261, 101.429, 0.842378], "carpPosition": [92.9721, 78.4329, 86.1146], "dipPosition": [155.641, 95.6163, 6.85074], "direction": [0.766281, 0.333607, -0.549109], "extended": true, "handId": 54, "id": 544, "length": 46.8308, "mcpPosition": [122.401, 80.7972, 41.7802], "pipPosition": [141.746, 89.5667, 16.8082], "stabilizedTipPosition": [166.577, 100.125, 2.41177], "timeVisible": 13.7011, "tipPosition": [161.585, 98.9806, -2.34302], "tipVelocity": [-7.26747, 2.7329, -1.48824], "tool": false, "touchDistance": 0.333322, "touchZone": "hovering", "type": 4, "width": 15.0499}], "r": [[0.604952, 0.75063, -0.265684], [-0.782229, 0.497867, -0.374496], [-0.148833, 0.434377, 0.88835]], "s": 0.977191, "t": [-289.364, -9.19395, 91.8715], "timestamp": 7365488993}, {"currentFrameRate": 115.161, "devices": [], "gestures": [], "hands": [{"armBasis": [[-0.0459015, -0.977862, -0.204155], [0.760003, 0.0984477, -0.64242], [0.648297, -0.184647, 0.738659]], "armWidth": 59.3592, "confidence": 1, "direction": [0.4459, 0.306312, -0.841039], "elbow": [-82.6633, 38.7387, 296.815], "grabAngle": 0.427828, "grabStrength": 0, "id": 54, "palmNormal": [0.887381, -0.0282837, 0.460169], "palmPosition": [113.894, 111.192, 59.9068], "palmVelocity": [-10.2424, -0.610361, 4.21101], "palmWidth": 83.5833, "pinchDistance": 52.3512, "pinchStrength": 0, "r": [[0.604904, 0.750684, -0.265639], [-0.782235, 0.497765, -0.374619], [-0.148995, 0.4344, 0.888311]], "s": 0.977358, "sphereCenter": [237.263, 104.852, 106.954], "sphereRadius": 135.128, "stabilizedPalmPosition": [114.205, 111.127, 59.8095], "t": [289.301, -9.19192, 91.8978], "timeVisible": 13.7099, "type": "left", "wrist": [78.1283, 84.5351, 113.612]}], "id": 67247, "interactionBox": {"center": [0, 200, 0], "size": [235.247, 235.247, 147.751]}, "pointables": [{"bases": [[[0.65954, -0.297816, -0.690154], [0.665164, 0.658876, 0.351339], [0.350091, -0.690788, 0.632652]], [[0.61178, -0.21111, -0.762337], [0.725297, 0.534336, 0.434085], [0.315704, -0.818485, 0.480013]], [[0.61178, -0.21111, -0.762337], [0.419651, 0.903549, 0.0865576], [0.670536, -0.37287, 0.641366]], [[0.61178, -0.21111, -0.762337], [-0.0200507, 0.959281, -0.28174], [0.790774, 0.187648, 0.582637]]], "btipPosition": [146.24, 158.367, 57.538], "carpPosition": [93.4083, 113.121, 112.466], "dipPosition": [129.081, 162.439, 70.1804], "direction": [0.670536, 0.37287, -0.641366], "extended": true, "handId": 54, "id": 540, "length": 48.3194, "mcpPosition": [93.4083, 113.121, 112.466], "pipPosition": [107.885, 150.652, 90.455], "stabilizedTipPosition": [142.806, 159.099, 60.5041], "timeVisible": 13.7099, "tipPosition": [141.795, 162.555, 61.9407], "tipVelocity": [-16.3402, 2.92902, 1.83404], "tool": false, "touchDistance": 0.275825, "touchZone": "hovering", "type": 0, "width": 18.9794}, {"bases": [[[-0.222771, -0.973126, -0.0583006], [0.780973, -0.14235, -0.608127], [0.583485, -0.181004, 0.791696]], [[-0.25353, -0.962105, -0.100381], [0.713643, -0.115977, -0.690843], [0.653021, -0.246785, 0.716003]], [[-0.25353, -0.962105, -0.100381], [0.524158, -0.0494199, -0.850186], [0.813008, -0.268163, 0.516824]], [[-0.25353, -0.962105, -0.100381], [0.382522, -0.00440211, -0.923936], [0.888482, -0.272643, 0.369143]]], "btipPosition": [183.368, 121.918, -10.5886], "carpPosition": [86.4704, 89.6698, 84.2951], "dipPosition": [167.977, 117.195, -4.19399], "direction": [0.813008, 0.268163, -0.516824], "extended": true, "handId": 54, "id": 543, "length": 59.7345, "mcpPosition": [120.045, 100.085, 38.7401], "pipPosition": [147.096, 110.308, 9.08001], "stabilizedTipPosition": [180.216, 120.908, -8.98551], "timeVisible": 13.7099, "tipPosition": [174.879, 121.107, -14.4764], "tipVelocity": [-14.7806, -2.37324, -1.52249], "tool": false, "touchDistance": 0.333322, "touchZone": "hovering", "type": 3, "width": 16.9428}, {"bases": [[[-0.190372, -0.886572, -0.421602], [0.815276, 0.0964631, -0.570982], [0.546886, -0.45242, 0.704437]], [[0.000328839, -0.986105, -0.166125], [0.835696, 0.0915058, -0.541516], [0.549193, -0.138652, 0.824113]], [[0.000328839, -0.986105, -0.166125], [0.740593, 0.111869, -0.662576], [0.671953, -0.122813, 0.730339]], [[0.000328839, -0.986105, -0.166125], [0.636739, 0.128302, -0.76033], [0.771079, -0.105529, 0.627934]]], "btipPosition": [168.828, 150.112, -12.9204], "carpPosition": [82.7205, 109.59, 93.826], "dipPosition": [156.613, 148.44, -2.9734], "direction": [0.671953, 0.122813, -0.730339], "extended": true, "handId": 54, "id": 541, "length": 54.5231, "mcpPosition": [119.68, 140.165, 46.2195], "pipPosition": [141.555, 145.688, 13.3931], "stabilizedTipPosition": [166.217, 149.793, -10.7218], "timeVisible": 13.7099, "tipPosition": [164.154, 153.912, -10.8695], "tipVelocity": [-11.3639, -2.54116, 2.7618], "tool": false, "touchDistance": 0.333353, "touchZone": "hovering", "type": 1, "width": 18.1291}, {"bases": [[[-0.250912, -0.942913, -0.218996], [0.783163, -0.0647674, -0.618435], [0.568946, -0.326682, 0.754705]], [[-0.190855, -0.971592, -0.139939], [0.774297, -0.0613832, -0.629839], [0.603356, -0.228563, 0.764016]], [[-0.190855, -0.971592, -0.139939], [0.665629, -0.0233179, -0.745919], [0.721466, -0.23551, 0.65117]], [[-0.190855, -0.971592, -0.139939], [0.574311, 0.00509154, -0.818621], [0.796078, -0.236607, 0.557025]]], "btipPosition": [180.189, 141.548, -21.5494], "carpPosition": [83.8717, 100.066, 87.8346], "dipPosition": [166.319, 137.426, -11.8444], "direction": [0.721466, 0.23551, -0.65117], "extended": true, "handId": 54, "id": 542, "length": 62.1247, "mcpPosition": [120.335, 121.002, 39.4664], "pipPosition": [147.298, 131.217, 5.32351], "stabilizedTipPosition": [177.391, 140.678, -19.1675], "timeVisible": 13.7099, "tipPosition": [173.39, 141.872, -22.1306], "tipVelocity": [-16.1561, -2.45992, -2.10079], "tool": false, "touchDistance": 0.333318, "touchZone": "hovering", "type": 2, "width": 17.8052}, {"bases": [[[-0.279699, -0.950548, 0.135008], [0.785277, -0.307402, -0.537442], [0.552366, -0.0443027, 0.832423]], [[-0.381543, -0.923895, -0.0290448], [0.712139, -0.273771, -0.646457], [0.589307, -0.267335, 0.762397]], [[-0.381543, -0.923895, -0.0290448], [0.517814, -0.187603, -0.83467], [0.765698, -0.333502, 0.549984]], [[-0.381543, -0.923895, -0.0290448], [0.358743, -0.119046, -0.925814], [0.851897, -0.363657, 0.376862]]], "btipPosition": [169.124, 101.414, 0.82819], "carpPosition": [92.8838, 78.4304, 86.1571], "dipPosition": [155.51, 95.6019, 6.85083], "direction": [0.765698, 0.333502, -0.549984], "extended": true, "handId": 54, "id": 544, "length": 46.8308, "mcpPosition": [122.306, 80.7902, 41.8179], "pipPosition": [141.625, 89.5543, 16.8242], "stabilizedTipPosition": [166.496, 100.118, 2.38435], "timeVisible": 13.7099, "tipPosition": [161.5, 98.9725, -2.29608], "tipVelocity": [-15.3961, -1.68803, -1.23636], "tool": false, "touchDistance": 0.333324, "touchZone": "hovering", "type": 4, "width": 15.0499}], "r": [[0.604904, 0.750684, -0.265639], [-0.782235, 0.497765, -0.374619], [-0.148995, 0.4344, 0.888311]], "s": 0.977358, "t": [-289.301, -9.19192, 91.8978], "timestamp": 7365497814}, {"currentFrameRate": 115.302, "devices": [], "gestures": [], "hands": [{"armBasis": [[-0.0460865, -0.97792, -0.203837], [0.759606, 0.0982129, -0.642925], [0.648749, -0.184466, 0.738307]], "armWidth": 59.3592, "confidence": 1, "direction": [0.447206, 0.307096, -0.840059], "elbow": [-82.9349, 38.7377, 296.655], "grabAngle": 0.427186, "grabStrength": 0, "id": 54, "palmNormal": [0.886598, -0.0281689, 0.461683], "palmPosition": [113.807, 111.189, 59.9053], "palmVelocity": [-10.3515, -0.290058, -0.169705], "palmWidth": 83.5833, "pinchDistance": 52.3176, "pinchStrength": 0, "r": [[0.604846, 0.750706, -0.26571], [-0.782321, 0.497809, -0.374379], [-0.148776, 0.434313, 0.888391]], "s": 0.977636, "sphereCenter": [236.937, 104.923, 106.991], "sphereRadius": 134.938, "stabilizedPalmPosition": [114.174, 111.132, 59.8172], "t": [289.226, -9.19213, 91.9102], "timeVisible": 13.7184, "type": "left", "wrist": [77.9688, 84.4892, 113.539]}], "id": 67248, "interactionBox": {"center": [0, 200, 0], "size": [235.247, 235.247, 147.751]}, "pointables": [{"bases": [[[0.658202, -0.297666, -0.691495], [0.666088, 0.658318, 0.350634], [0.350852, -0.691384, 0.631578]], [[0.610471, -0.211076, -0.763395], [0.726563, 0.532963, 0.433655], [0.315327, -0.819389, 0.478718]], [[0.610471, -0.211076, -0.763395], [0.420946, 0.902907, 0.0869718], [0.670917, -0.374442, 0.64005]], [[0.610471, -0.211076, -0.763395], [-0.0195783, 0.95952, -0.28096], [0.791796, 0.186464, 0.581627]]], "btipPosition": [146.078, 158.436, 57.6253], "carpPosition": [93.2293, 113.073, 112.43], "dipPosition": [128.897, 162.482, 70.2458], "direction": [0.670917, 0.374442, -0.64005], "extended": true, "handId": 54, "id": 540, "length": 48.3194, "mcpPosition": [93.2293, 113.073, 112.43], "pipPosition": [107.688, 150.645, 90.4787], "stabilizedTipPosition": [142.719, 159.133, 60.5072], "timeVisible": 13.7184, "tipPosition": [141.682, 162.548, 62.0147], "tipVelocity": [-19.825, 7.46923, 9.74918], "tool": false, "touchDistance": 0.277195, "touchZone": "hovering", "type": 0, "width": 18.9794}, {"bases": [[[-0.223341, -0.972979, -0.0585739], [0.779851, -0.142313, -0.609573], [0.584765, -0.181821, 0.790563]], [[-0.254045, -0.961965, -0.100426], [0.712893, -0.116066, -0.691601], [0.653639, -0.247291, 0.715264]], [[-0.254045, -0.961965, -0.100426], [0.523356, -0.0494042, -0.850681], [0.813363, -0.26867, 0.516001]], [[-0.254045, -0.961965, -0.100426], [0.381313, -0.00419223, -0.924437], [0.888854, -0.273142, 0.367874]]], "btipPosition": [183.364, 121.976, -10.5131], "carpPosition": [86.3513, 89.6377, 84.2316], "dipPosition": [167.966, 117.244, -4.1405], "direction": [0.813363, 0.26867, -0.516001], "extended": true, "handId": 54, "id": 543, "length": 59.7345, "mcpPosition": [119.999, 100.1, 38.7418], "pipPosition": [147.076, 110.344, 9.11234], "stabilizedTipPosition": [180.168, 120.905, -8.99311], "timeVisible": 13.7184, "tipPosition": [174.936, 121.183, -14.3435], "tipVelocity": [-0.671259, 6.57912, 8.34728], "tool": false, "touchDistance": 0.333386, "touchZone": "hovering", "type": 3, "width": 16.9428}, {"bases": [[[-0.191528, -0.886195, -0.421872], [0.814334, 0.0964581, -0.572326], [0.547885, -0.45316, 0.703184]], [[-0.000350592, -0.986011, -0.166678], [0.834981, 0.0914308, -0.54263], [0.550278, -0.139363, 0.823269]], [[-0.000350592, -0.986011, -0.166678], [0.739682, 0.111911, -0.663585], [0.672956, -0.123522, 0.729296]], [[-0.000350592, -0.986011, -0.166678], [0.635667, 0.12845, -0.761202], [0.771963, -0.106219, 0.62673]]], "btipPosition": [168.83, 150.177, -12.8161], "carpPosition": [82.5754, 109.55, 93.7696], "dipPosition": [156.601, 148.494, -2.88817], "direction": [0.672956, 0.123522, -0.729296], "extended": true, "handId": 54, "id": 541, "length": 54.5231, "mcpPosition": [119.602, 140.175, 46.2477], "pipPosition": [141.521, 145.726, 13.455], "stabilizedTipPosition": [166.2, 149.793, -10.706], "timeVisible": 13.7184, "tipPosition": [164.171, 153.975, -10.7547], "tipVelocity": [-0.132434, 7.37759, 11.8467], "tool": false, "touchDistance": 0.333409, "touchZone": "hovering", "type": 1, "width": 18.1291}, {"bases": [[[-0.251744, -0.942643, -0.2192], [0.782061, -0.0647248, -0.619831], [0.570092, -0.327467, 0.753499]], [[-0.191456, -0.971447, -0.140124], [0.773758, -0.0615518, -0.630484], [0.603857, -0.229132, 0.763449]], [[-0.191456, -0.971447, -0.140124], [0.665187, -0.0234476, -0.746308], [0.721714, -0.236094, 0.650683]], [[-0.191456, -0.971447, -0.140124], [0.57379, 0.00504845, -0.818987], [0.79631, -0.237201, 0.556441]]], "btipPosition": [180.165, 141.614, -21.4847], "carpPosition": [83.7415, 100.03, 87.7736], "dipPosition": [166.291, 137.481, -11.7899], "direction": [0.721714, 0.236094, -0.650683], "extended": true, "handId": 54, "id": 542, "length": 62.1247, "mcpPosition": [120.278, 121.017, 39.4828], "pipPosition": [147.264, 131.257, 5.3652], "stabilizedTipPosition": [177.338, 140.676, -19.1787], "timeVisible": 13.7184, "tipPosition": [173.451, 141.946, -21.9918], "tipVelocity": [-2.9258, 7.50368, 7.39276], "tool": false, "touchDistance": 0.333379, "touchZone": "hovering", "type": 2, "width": 17.8052}, {"bases": [[[-0.279923, -0.950505, 0.134848], [0.784199, -0.307415, -0.539007], [0.553783, -0.0451323, 0.831437]], [[-0.381994, -0.923712, -0.0289358], [0.711438, -0.273938, -0.647158], [0.589861, -0.267797, 0.761806]], [[-0.381994, -0.923712, -0.0289358], [0.516982, -0.187632, -0.835179], [0.766035, -0.333993, 0.549217]], [[-0.381994, -0.923712, -0.0289358], [0.357689, -0.118905, -0.92624], [0.852138, -0.364168, 0.375822]]], "btipPosition": [169.111, 101.46, 0.870657], "carpPosition": [92.7669, 78.4001, 86.0971], "dipPosition": [155.493, 95.6398, 6.87668], "direction": [0.766035, 0.333993, -0.549217], "extended": true, "handId": 54, "id": 544, "length": 46.8308, "mcpPosition": [122.264, 80.8041, 41.8105], "pipPosition": [141.602, 89.5833, 16.8361], "stabilizedTipPosition": [166.436, 100.119, 2.36912], "timeVisible": 13.7184, "tipPosition": [161.543, 99.0391, -2.20672], "tipVelocity": [-1.67914, 5.23961, 4.58202], "tool": false, "touchDistance": 0.333362, "touchZone": "hovering", "type": 4, "width": 15.0499}], "r": [[0.604846, 0.750706, -0.26571], [-0.782321, 0.497809, -0.374379], [-0.148776, 0.434313, 0.888391]], "s": 0.977636, "t": [-289.226, -9.19213, 91.9102], "timestamp": 7365506248}, {"currentFrameRate": 115.06, "devices": [], "gestures": [], "hands": [{"armBasis": [[-0.0456494, -0.977858, -0.20423], [0.758958, 0.0989826, -0.643573], [0.649538, -0.184381, 0.737634]], "armWidth": 59.3592, "confidence": 1, "direction": [0.449042, 0.308428, -0.83859], "elbow": [-83.3159, 38.7045, 296.406], "grabAngle": 0.425306, "grabStrength": 0, "id": 54, "palmNormal": [0.885597, -0.0289967, 0.463548], "palmPosition": [113.731, 111.207, 59.9343], "palmVelocity": [-8.34223, 1.93584, 3.18499], "palmWidth": 83.5833, "pinchDistance": 52.2736, "pinchStrength": 0, "r": [[0.604673, 0.75082, -0.265784], [-0.78256, 0.497953, -0.373688], [-0.148224, 0.43395, 0.88866]], "s": 0.978073, "sphereCenter": [236.543, 104.956, 107.019], "sphereRadius": 134.685, "stabilizedPalmPosition": [114.137, 111.138, 59.8269], "t": [289.151, -9.18342, 91.9309], "timeVisible": 13.7275, "type": "left", "wrist": [77.7835, 84.4349, 113.456]}], "id": 67249, "interactionBox": {"center": [0, 200, 0], "size": [235.247, 235.247, 147.751]}, "pointables": [{"bases": [[[0.656733, -0.296482, -0.693397], [0.666789, 0.657802, 0.35027], [0.352269, -0.692384, 0.629691]], [[0.609181, -0.210352, -0.764625], [0.727789, 0.531267, 0.433679], [0.314995, -0.820675, 0.476729]], [[0.609181, -0.210352, -0.764625], [0.422125, 0.902247, 0.0880968], [0.671349, -0.376434, 0.638426]], [[0.609181, -0.210352, -0.764625], [-0.0194253, 0.959932, -0.279558], [0.792794, 0.185154, 0.580686]]], "btipPosition": [145.909, 158.52, 57.7757], "carpPosition": [93.0402, 113.007, 112.417], "dipPosition": [128.706, 162.538, 70.3758], "direction": [0.671349, 0.376434, -0.638426], "extended": true, "handId": 54, "id": 540, "length": 48.3194, "mcpPosition": [93.0402, 113.007, 112.417], "pipPosition": [107.484, 150.638, 90.5574], "stabilizedTipPosition": [142.628, 159.17, 60.5269], "timeVisible": 13.7275, "tipPosition": [141.608, 162.535, 62.1754], "tipVelocity": [-19.1098, 8.52001, 16.0118], "tool": false, "touchDistance": 0.279624, "touchZone": "hove