{"frames": 111, "data": [{"currentFrameRate": 115.347, "devices": [], "gestures": [], "hands": [{"armBasis": [[0.00302022, 0.995406, -0.0957007], [-0.0911095, 0.0955771, 0.991244], [0.995836, 0.00572548, 0.0909796]], "armWidth": 61.343, "confidence": 1, "direction": [0.664745, -0.103879, -0.739813], "elbow": [-170.348, 212.554, 172.911], "grabAngle": 0.0355751, "grabStrength": 0, "id": 59, "palmNormal": [-0.745765, -0.0337473, -0.665354], "palmPosition": [138.483, 196.991, 99.4126], "palmVelocity": [-30.8044, 40.9893, 1.6237], "palmWidth": 87.6779, "pinchDistance": 49.7677, "pinchStrength": 0, "r": [[-0.804678, 0.184124, -0.564439], [0.362938, 0.904928, -0.222218], [0.469861, -0.38367, -0.795002]], "s": 0.972704, "sphereCenter": [140.049, 205.037, 50.8021], "sphereRadius": 58.1324, "stabilizedPalmPosition": [139.741, 198.151, 99.9754], "t": [2.31797, -3.88648, 2.92692], "timeVisible": 12.2016, "type": "left", "wrist": [88.7402, 211.065, 149.241]}], "id": 74494, "interactionBox": {"center": [0, 200, 0], "size": [235.247, 235.247, 147.751]}, "pointables": [{"bases": [[[-0.814511, 0.409904, 0.410548], [-0.0385589, -0.744347, 0.666679], [0.578865, 0.527187, 0.622084]], [[-0.875562, 0.346694, 0.336443], [0.00546742, -0.689262, 0.724491], [0.483074, 0.636177, 0.601597]], [[-0.875562, 0.346694, 0.336443], [-0.283753, -0.932687, 0.222663], [0.390992, 0.099489, 0.915001]], [[-0.875562, 0.346694, 0.336443], [-0.446208, -0.847281, -0.288121], [0.185172, -0.402392, 0.896545]]], "btipPosition": [137.083, 157.957, 57.0114], "carpPosition": [96.1562, 182.524, 138.204], "dipPosition": [132.743, 148.526, 78.0241], "direction": [0.390992, -0.099489, -0.915001], "extended": false, "handId": 59, "id": 590, "length": 52.1916, "mcpPosition": [96.1562, 182.524, 138.204], "pipPosition": [119.392, 151.923, 109.267], "stabilizedTipPosition": [136.67, 155.3, 62.0213], "timeVisible": 12.2016, "tipPosition": [136.923, 153.23, 62.5794], "tipVelocity": [-12.8902, 50.3942, -30.1461], "tool": false, "touchDistance": 0.329914, "touchZone": "hovering", "type": 0, "width": 19.4866}, {"bases": [[[0.397922, 0.911156, -0.107016], [-0.718347, 0.382006, 0.581419], [0.570645, -0.154485, 0.806535]], [[0.211512, 0.916114, -0.340584], [-0.698417, 0.38544, 0.603034], [0.683722, 0.110321, 0.721355]], [[0.211512, 0.916114, -0.340584], [-0.698417, 0.38544, 0.603034], [0.683722, 0.110321, 0.721355]], [[0.211512, 0.916114, -0.340584], [-0.698417, 0.38544, 0.603034], [0.683722, 0.110321, 0.721355]]], "btipPosition": [196.242, 224.523, 36.1241], "carpPosition": [114.952, 223.863, 133.313], "dipPosition": [184.44, 226.427, 48.5759], "direction": [0.683722, -0.110321, -0.721355], "extended": true, "handId": 59, "id": 594, "length": 50.5836, "mcpPosition": [146.837, 232.495, 88.2484], "pipPosition": [171.047, 228.588, 62.7051], "stabilizedTipPosition": [194.085, 225.831, 39.627], "timeVisible": 12.2016, "tipPosition": [193.847, 226.446, 39.4006], "tipVelocity": [-3.05927, 76.4086, 46.7301], "tool": false, "touchDistance": 0.333653, "touchZone": "hovering", "type": 4, "width": 15.4521}, {"bases": [[[-0.155135, 0.962464, -0.2227], [-0.833623, -0.0065744, 0.552295], [0.5301, 0.271328, 0.803352]], [[-0.000845288, 0.999943, 0.0106273], [-0.865871, -0.00604834, 0.500231], [0.500267, -0.00877899, 0.865827]], [[-0.000845288, 0.999943, 0.0106273], [-0.88487, -0.0056985, 0.465803], [0.465837, -0.00901, 0.884825]], [[-0.000845288, 0.999943, 0.0106273], [-0.895214, -0.00549256, 0.445603], [0.445636, -0.009137, 0.895168]]], "btipPosition": [195.409, 171.331, 11.3989], "carpPosition": [117.405, 189.814, 142.335], "dipPosition": [187.784, 171.175, 26.7154], "direction": [0.465837, 0.00901, -0.884825], "extended": true, "handId": 59, "id": 591, "length": 58.8924, "mcpPosition": [154.984, 170.579, 85.3845], "pipPosition": [176.508, 170.957, 48.1329], "stabilizedTipPosition": [194.396, 170.989, 15.1786], "timeVisible": 12.2016, "tipPosition": [193.279, 168.921, 14.9357], "tipVelocity": [24.7555, 66.492, 17.627], "tool": false, "touchDistance": 0.333454, "touchZone": "hovering", "type": 1, "width": 18.6136}, {"bases": [[[0.0623108, 0.977197, -0.202985], [-0.836009, 0.162195, 0.524197], [0.545167, 0.137034, 0.827052]], [[0.091371, 0.983126, -0.158473], [-0.856928, 0.158691, 0.4904], [0.507274, 0.0909917, 0.856968]], [[0.091371, 0.983126, -0.158473], [-0.860263, 0.158086, 0.484723], [0.501597, 0.092039, 0.860192]], [[0.091371, 0.983126, -0.158473], [-0.860263, 0.158086, 0.484723], [0.501597, 0.092039, 0.860192]]], "btipPosition": [205.755, 182.988, 2.52021], "carpPosition": [120.894, 200.946, 140.171], "dipPosition": [196.315, 184.72, 18.7083], "direction": [0.501597, -0.092039, -0.860192], "extended": true, "handId": 59, "id": 592, "length": 67.1031, "mcpPosition": [157.545, 191.733, 84.5701], "pipPosition": [182.031, 187.341, 43.2043], "stabilizedTipPosition": [204.009, 184.135, 6.40897], "timeVisible": 12.2016, "tipPosition": [203.48, 183.598, 6.31619], "tipVelocity": [6.8214, 98.4905, 21.1315], "tool": false, "touchDistance": 0.333479, "touchZone": "hovering", "type": 2, "width": 18.281}, {"bases": [[[0.204701, 0.971686, -0.118], [-0.811616, 0.235882, 0.534452], [0.547154, -0.0136325, 0.836921]], [[0.117187, 0.962, -0.246622], [-0.812822, 0.235592, 0.532745], [0.570603, 0.138029, 0.809543]], [[0.117187, 0.962, -0.246622], [-0.812822, 0.235592, 0.532745], [0.570603, 0.138029, 0.809543]], [[0.117187, 0.962, -0.246622], [-0.812822, 0.235592, 0.532745], [0.570603, 0.138029, 0.809543]]], "btipPosition": [206.38, 200.724, 13.237], "carpPosition": [121.316, 212.489, 137.581], "dipPosition": [195.703, 203.307, 28.3843], "direction": [0.570603, -0.138029, -0.809543], "extended": true, "handId": 59, "id": 593, "length": 64.5215, "mcpPosition": [154.342, 213.312, 87.0649], "pipPosition": [179.874, 207.136, 50.8427], "stabilizedTipPosition": [204.234, 202.772, 16.7426], "timeVisible": 12.2016, "tipPosition": [203.962, 202.387, 16.7619], "tipVelocity": [3.60819, 111.951, 30.9334], "tool": false, "touchDistance": 0.333546, "touchZone": "hovering", "type": 3, "width": 17.3955}], "r": [[-0.804678, 0.184124, -0.564439], [0.362938, 0.904928, -0.222218], [0.469861, -0.38367, -0.795002]], "s": 0.972704, "t": [-2.31797, -3.88648, 2.92692], "timestamp": 7429523282}, {"currentFrameRate": 105.977, "devices": [], "gestures": [], "hands": [{"armBasis": [[0.00662564, 0.994612, -0.103457], [-0.092381, 0.103625, 0.990317], [0.995702, 0.00299595, 0.0925698]], "armWidth": 61.343, "confidence": 1, "direction": [0.658765, -0.10798, -0.744559], "elbow": [-171.274, 212.559, 173.117], "grabAngle": 0.0354417, "grabStrength": 0, "id": 59, "palmNormal": [-0.751229, -0.0404533, -0.6588], "palmPosition": [137.168, 197.453, 98.9597], "palmVelocity": [-50.5739, 17.7608, -17.4185], "palmWidth": 87.6779, "pinchDistance": 49.8845, "pinchStrength": 0, "r": [[-0.804287, 0.184054, -0.565019], [0.36353, 0.904543, -0.22282], [0.470073, -0.384613, -0.794421]], "s": 0.972215, "sphereCenter": [141.031, 205.712, 51.9726], "sphereRadius": 56.7719, "stabilizedPalmPosition": [139.61, 198.116, 99.9239], "t": [1.55842, -3.5176, 2.7035], "timeVisible": 12.2276, "type": "left", "wrist": [87.7793, 211.78, 149.033]}], "id": 74495, "interactionBox": {"center": [0, 200, 0], "size": [235.247, 235.247, 147.751]}, "pointables": [{"bases": [[[-0.816972, 0.414825, 0.400596], [-0.045857, -0.739194, 0.67193], [0.574852, 0.530578, 0.622923]], [[-0.877271, 0.351524, 0.326843], [-0.00264629, -0.684461, 0.729045], [0.479988, 0.638705, 0.601388]], [[-0.877271, 0.351524, 0.326843], [-0.288858, -0.930459, 0.225404], [0.383349, 0.103329, 0.917805]], [[-0.877271, 0.351524, 0.326843], [-0.447296, -0.845727, -0.290986], [0.174131, -0.401469, 0.899167]]], "btipPosition": [135.459, 158.344, 56.8732], "carpPosition": [95.201, 183.184, 138.213], "dipPosition": [131.378, 148.934, 77.9473], "direction": [0.383349, -0.103329, -0.917805], "extended": false, "handId": 59, "id": 590, "length": 52.1916, "mcpPosition": [95.201, 183.184, 138.213], "pipPosition": [118.289, 152.462, 109.286], "stabilizedTipPosition": [136.207, 155.489, 61.9565], "timeVisible": 12.2276, "tipPosition": [135.388, 153.451, 62.4612], "tipVelocity": [-60.147, 15.0495, -4.77452], "tool": false, "touchDistance": 0.327845, "touchZone": "hovering", "type": 0, "width": 19.4866}, {"bases": [[[0.400906, 0.909425, -0.110546], [-0.722306, 0.388005, 0.572473], [0.563514, -0.14966, 0.812437]], [[0.21647, 0.913034, -0.3457], [-0.70079, 0.391852, 0.596108], [0.67973, 0.113224, 0.72467]], [[0.21647, 0.913034, -0.3457], [-0.70079, 0.391852, 0.596108], [0.67973, 0.113224, 0.72467]], [[0.21647, 0.913034, -0.3457], [-0.70079, 0.391852, 0.596108], [0.67973, 0.113224, 0.72467]]], "btipPosition": [194.463, 224.708, 35.0943], "carpPosition": [113.86, 224.528, 132.853], "dipPosition": [182.729, 226.663, 47.6034], "direction": [0.67973, -0.113224, -0.72467], "extended": true, "handId": 59, "id": 594, "length": 50.5836, "mcpPosition": [145.346, 232.89, 87.4582], "pipPosition": [169.415, 228.88, 61.7975], "stabilizedTipPosition": [193.89, 225.775, 39.4882], "timeVisible": 12.2276, "tipPosition": [191.958, 226.56, 38.2614], "tipVelocity": [-67.8168, 7.56578, -39.0968], "tool": false, "touchDistance": 0.332502, "touchZone": "hovering", "type": 4, "width": 15.4521}, {"bases": [[[-0.151043, 0.961098, -0.23125], [-0.838231, -0.000525137, 0.545315], [0.52398, 0.276207, 0.805701]], [[0.0039186, 0.999968, 0.00698644], [-0.869426, -4.48011e-05, 0.494062], [0.494047, -0.00801023, 0.869398]], [[0.0039186, 0.999968, 0.00698644], [-0.890798, 0.000316066, 0.454399], [0.454382, -0.00800411, 0.890771]], [[0.0039186, 0.999968, 0.00698644], [-0.901129, 0.000502203, 0.433551], [0.433534, -0.00799459, 0.901102]]], "btipPosition": [193.285, 171.648, 10.6086], "carpPosition": [116.467, 190.553, 142.111], "dipPosition": [185.867, 171.511, 26.0267], "direction": [0.454382, 0.00800411, -0.890771], "extended": true, "handId": 59, "id": 591, "length": 58.8924, "mcpPosition": [153.612, 170.972, 84.9934], "pipPosition": [174.868, 171.317, 47.588], "stabilizedTipPosition": [193.933, 171.092, 15.0104], "timeVisible": 12.2276, "tipPosition": [191.326, 168.939, 14.2381], "tipVelocity": [-79.8591, 12.3484, -29.4963], "tool": false, "touchDistance": 0.3327, "touchZone": "hovering", "type": 1, "width": 18.6136}, {"bases": [[[0.0662632, 0.975491, -0.209823], [-0.839992, 0.168032, 0.515926], [0.538538, 0.142062, 0.830539]], [[0.0954773, 0.981778, -0.164306], [-0.859585, 0.164556, 0.483771], [0.501993, 0.0950457, 0.859633]], [[0.0954773, 0.981778, -0.164306], [-0.862925, 0.163916, 0.478009], [0.496231, 0.0961445, 0.862851]], [[0.0954773, 0.981778, -0.164306], [-0.862925, 0.163916, 0.478009], [0.496231, 0.0961445, 0.862851]]], "btipPosition": [203.818, 182.991, 1.6936], "carpPosition": [119.912, 201.676, 139.834], "dipPosition": [194.479, 184.8, 17.9317], "direction": [0.496231, -0.0961445, -0.862851], "extended": true, "handId": 59, "id": 592, "length": 67.1031, "mcpPosition": [156.117, 192.126, 83.9979], "pipPosition": [180.348, 187.538, 42.5035], "stabilizedTipPosition": [203.62, 184.014, 6.246], "timeVisible": 12.2276, "tipPosition": [201.417, 183.501, 5.42504], "tipVelocity": [-73.584, 0.783828, -31.3487], "tool": false, "touchDistance": 0.332661, "touchZone": "hovering", "type": 2, "width": 18.281}, {"bases": [[[0.207924, 0.970304, -0.123607], [-0.815515, 0.24174, 0.52583], [0.540095, -0.00852923, 0.841561]], [[0.119907, 0.959446, -0.25512], [-0.816145, 0.241578, 0.524926], [0.565269, 0.145273, 0.812014]], [[0.119907, 0.959446, -0.25512], [-0.816145, 0.241578, 0.524926], [0.565269, 0.145273, 0.812014]], [[0.119907, 0.959446, -0.25512], [-0.816145, 0.241578, 0.524926], [0.565269, 0.145273, 0.812014]]], "btipPosition": [204.437, 200.467, 12.3033], "carpPosition": [120.286, 213.201, 137.153], "dipPosition": [193.86, 203.186, 27.4969], "direction": [0.565269, -0.145273, -0.812014], "extended": true, "handId": 59, "id": 593, "length": 64.5215, "mcpPosition": [152.886, 213.716, 86.3566], "pipPosition": [178.178, 207.216, 50.0238], "stabilizedTipPosition": [203.819, 202.459, 16.567], "timeVisible": 12.2276, "tipPosition": [201.941, 202.349, 15.7255], "tipVelocity": [-73.8477, -8.69015, -35.4994], "tool": false, "touchDistance": 0.332575, "touchZone": "hovering", "type": 3, "width": 17.3955}], "r": [[-0.804287, 0.184054, -0.565019], [0.36353, 0.904543, -0.22282], [0.470073, -0.384613, -0.794421]], "s": 0.972215, "t": [-1.55842, -3.5176, 2.7035], "timestamp": 7429549283}, {"currentFrameRate": 106.363, "devices": [], "gestures": [], "hands": [{"armBasis": [[0.00836323, 0.994218, -0.107054], [-0.0940052, 0.107366, 0.989765], [0.995537, 0.00178603, 0.0943596]], "armWidth": 61.343, "confidence": 1, "direction": [0.65582, -0.112688, -0.746459], "elbow": [-171.508, 212.724, 173.594], "grabAngle": 0.0340948, "grabStrength": 0, "id": 59, "palmNormal": [-0.753673, -0.0409845, -0.655971], "palmPosition": [136.685, 197.65, 98.8675], "palmVelocity": [-55.6109, 22.6191, -10.6083], "palmWidth": 87.6779, "pinchDistance": 49.6947, "pinchStrength": 0, "r": [[-0.803673, 0.183115, -0.566196], [0.36367, 0.904256, -0.223754], [0.471013, -0.385733, -0.79332]], "s": 0.971618, "sphereCenter": [143.209, 206.175, 53.5625], "sphereRadius": 55.5378, "stabilizedPalmPosition": [139.554, 198.107, 99.9036], "t": [0.936981, -3.23487, 2.54569], "timeVisible": 12.2363, "type": "left", "wrist": [87.5024, 212.26, 149.044]}], "id": 74496, "interactionBox": {"center": [0, 200, 0], "size": [235.247, 235.247, 147.751]}, "pointables": [{"bases": [[[-0.819512, 0.414163, 0.396068], [-0.0462404, -0.73668, 0.674658], [0.571194, 0.534576, 0.622869]], [[-0.878532, 0.351438, 0.323532], [-0.00250961, -0.68068, 0.732577], [0.477677, 0.64278, 0.598881]], [[-0.878532, 0.351438, 0.323532], [-0.287485, -0.929895, 0.229452], [0.381489, 0.108571, 0.917975]], [[-0.878532, 0.351438, 0.323532], [-0.446414, -0.845059, -0.294263], [0.169988, -0.402949, 0.899298]]], "btipPosition": [134.805, 158.468, 57.0968], "carpPosition": [94.8189, 183.649, 138.325], "dipPosition": [130.821, 149.024, 78.174], "direction": [0.381489, -0.108571, -0.917975], "extended": false, "handId": 59, "id": 590, "length": 52.1916, "mcpPosition": [94.8189, 183.649, 138.325], "pipPosition": [117.795, 152.731, 109.518], "stabilizedTipPosition": [136.024, 155.553, 61.9555], "timeVisible": 12.2363, "tipPosition": [134.647, 153.543, 62.5412], "tipVelocity": [-72.6689, 13.3978, 25.8115], "tool": false, "touchDistance": 0.331583, "touchZone": "hovering", "type": 0, "width": 19.4866}, {"bases": [[[0.398829, 0.910075, -0.112693], [-0.725385, 0.388273, 0.568384], [0.561027, -0.144943, 0.815009]], [[0.215221, 0.912261, -0.348511], [-0.701425, 0.39271, 0.594795], [0.679472, 0.116442, 0.724402]], [[0.215221, 0.912261, -0.348511], [-0.701425, 0.39271, 0.594795], [0.679472, 0.116442, 0.724402]], [[0.215221, 0.912261, -0.348511], [-0.701425, 0.39271, 0.594795], [0.679472, 0.116442, 0.724402]]], "btipPosition": [194.016, 224.605, 34.8536], "carpPosition": [113.571, 224.92, 132.736], "dipPosition": [182.287, 226.615, 47.358], "direction": [0.679472, -0.116442, -0.724402], "extended": true, "handId": 59, "id": 594, "length": 50.5836, "mcpPosition": [144.918, 233.019, 87.1982], "pipPosition": [168.978, 228.895, 61.5469], "stabilizedTipPosition": [193.814, 225.754, 39.436], "timeVisible": 12.2363, "tipPosition": [191.337, 226.348, 37.8595], "tipVelocity": [-51.2975, -10.4539, -27.8168], "tool": false, "touchDistance": 0.33309, "touchZone": "hovering", "type": 4, "width": 15.4521}, {"bases": [[[-0.152825, 0.95977, -0.235553], [-0.840159, -0.000674687, 0.54234], [0.520363, 0.280785, 0.806463]], [[0.00318372, 0.999976, 0.00617602], [-0.870544, -0.0002676, 0.492091], [0.492081, -0.00694318, 0.870522]], [[0.00318372, 0.999976, 0.00617602], [-0.893447, 7.042e-05, 0.449168], [0.449157, -0.00694798, 0.893426]], [[0.00318372, 0.999976, 0.00617602], [-0.903375, 0.000227501, 0.428852], [0.42884, -0.00694461, 0.903354]]], "btipPosition": [192.389, 171.656, 10.4111], "carpPosition": [116.118, 190.975, 142.118], "dipPosition": [185.051, 171.537, 25.8677], "direction": [0.449157, 0.00694798, -0.893426], "extended": true, "handId": 59, "id": 591, "length": 58.8924, "mcpPosition": [153.008, 171.07, 84.947], "pipPosition": [174.179, 171.369, 47.4933], "stabilizedTipPosition": [193.729, 171.126, 14.9446], "timeVisible": 12.2363, "tipPosition": [190.468, 168.714, 14.0652], "tipVelocity": [-101.001, 1.39291, -21.7041], "tool": false, "touchDistance": 0.333144, "touchZone": "hovering", "type": 1, "width": 18.6136}, {"bases": [[[0.0643638, 0.97484, -0.213412], [-0.842272, 0.16776, 0.512283], [0.535196, 0.146779, 0.831878]], [[0.0938173, 0.981457, -0.167153], [-0.860717, 0.164337, 0.48183], [0.500365, 0.0986677, 0.860174]], [[0.0938173, 0.981457, -0.167153], [-0.863828, 0.163717, 0.476443], [0.494974, 0.0996932, 0.86317]], [[0.0938173, 0.981457, -0.167153], [-0.863828, 0.163717, 0.476443], [0.494974, 0.0996932, 0.86317]]], "btipPosition": [203.129, 182.734, 1.51416], "carpPosition": [119.585, 202.08, 139.786], "dipPosition": [193.814, 184.61, 17.7583], "direction": [0.494974, -0.0996931, -0.86317], "extended": true, "handId": 59, "id": 592, "length": 67.1031, "mcpPosition": [155.566, 192.212, 83.8597], "pipPosition": [179.718, 187.449, 42.3391], "stabilizedTipPosition": [203.459, 183.962, 6.18499], "timeVisible": 12.2363, "tipPosition": [200.569, 183.157, 5.16253], "tipVelocity": [-78.6704, -27.7141, -20.4872], "tool": false, "touchDistance": 0.333151, "touchZone": "hovering", "type": 2, "width": 18.281}, {"bases": [[[0.20573, 0.970375, -0.126675], [-0.818031, 0.241573, 0.521984], [0.537122, -0.00376362, 0.843496]], [[0.116846, 0.958397, -0.260428], [-0.818196, 0.241528, 0.521746], [0.562941, 0.152118, 0.812378]], [[0.116846, 0.958397, -0.260428], [-0.818196, 0.241528, 0.521746], [0.562941, 0.152118, 0.812378]], [[0.116846, 0.958397, -0.260428], [-0.818196, 0.241528, 0.521746], [0.562941, 0.152118, 0.812378]]], "btipPosition": [203.74, 199.947, 12.0586], "carpPosition": [119.981, 213.593, 137.058], "dipPosition": [193.207, 202.794, 27.259], "direction": [0.562941, -0.152118, -0.812378], "extended": true, "handId": 59, "id": 593, "length": 64.5215, "mcpPosition": [152.402, 213.82, 86.1451], "pipPosition": [177.59, 207.014, 49.796], "stabilizedTipPosition": [203.644, 202.33, 16.4963], "timeVisible": 12.2363, "tipPosition": [201.177, 202.022, 15.3882], "tipVelocity": [-78.9929, -56.4455, -27.979], "tool": false, "touchDistance": 0.333093, "touchZone": "hovering", "type": 3, "width": 17.3955}], "r": [[-0.803673, 0.183115, -0.566196], [0.36367, 0.904256, -0.223754], [0.471013, -0.385733, -0.79332]], "s": 0.971618, "t": [-0.936981, -3.23487, 2.54569], "timestamp": 7429557974}, {"currentFrameRate": 106.754, "devices": [], "gestures": [], "hands": [{"armBasis": [[0.0101279, 0.99381, -0.11063], [-0.0969221, 0.11109, 0.989073], [0.99524, 0.000705249, 0.0974472]], "armWidth": 61.343, "confidence": 1, "direction": [0.653453, -0.115567, -0.748093], "elbow": [-171.795, 212.924, 174.354], "grabAngle": 0.0423958, "grabStrength": 0, "id": 59, "palmNormal": [-0.75574, -0.0433702, -0.653434], "palmPosition": [136.161, 197.954, 98.725], "palmVelocity": [-60.4767, 35.1308, -16.4739], "palmWidth": 87.6779, "pinchDistance": 49.562, "pinchStrength": 0, "r": [[-0.802827, 0.181919, -0.56778], [0.363905, 0.903864, -0.224951], [0.472273, -0.387214, -0.791848]], "s": 0.969826, "sphereCenter": [140.494, 205.778, 52.1594], "sphereRadius": 56.3335, "stabilizedPalmPosition": [139.481, 198.104, 99.8781], "t": [0.364702, -2.94156, 2.39554], "timeVisible": 12.245, "type": "left", "wrist": [87.1379, 212.74, 149.001]}], "id": 74497, "interactionBox": {"center": [0, 200, 0], "size": [235.247, 235.247, 147.751]}, "pointables": [{"bases": [[[-0.820796, 0.41556, 0.391922], [-0.0482949, -0.734142, 0.677277], [0.569176, 0.536978, 0.62265]], [[-0.8791, 0.353146, 0.32011], [-0.00410847, -0.677191, 0.735796], [0.476619, 0.645523, 0.59677]], [[-0.8791, 0.353146, 0.32011], [-0.288123, -0.928733, 0.233324], [0.379694, 0.112884, 0.918199]], [[-0.8791, 0.353146, 0.32011], [-0.447245, -0.843362, -0.297846], [0.164785, -0.405004, 0.899343]]], "btipPosition": [134.171, 158.694, 57.2313], "carpPosition": [94.419, 184.106, 138.366], "dipPosition": [130.309, 149.202, 78.3095], "direction": [0.379694, -0.112884, -0.918199], "extended": false, "handId": 59, "id": 590, "length": 52.1916, "mcpPosition": [94.419, 184.106, 138.366], "pipPosition": [117.345, 153.056, 109.661], "stabilizedTipPosition": [135.8, 155.631, 61.9656], "timeVisible": 12.245, "tipPosition": [133.999, 153.735, 62.5674], "tipVelocity": [-70.0542, 24.8431, 15.5794], "tool": false, "touchDistance": 0.33378, "touchZone": "hovering", "type": 0, "width": 19.4866}, {"bases": [[[0.399094, 0.909688, -0.114859], [-0.727211, 0.39033, 0.56463], [0.55847, -0.141814, 0.817313]], [[0.21623, 0.910967, -0.351262], [-0.701046, 0.395269, 0.593547], [0.679544, 0.117908, 0.724098]], [[0.21623, 0.910967, -0.351262], [-0.725346, 0.390709, 0.566762], [0.653542, 0.132236, 0.745249]], [[0.21623, 0.910967, -0.351262], [-0.725346, 0.390709, 0.566762], [0.653542, 0.132236, 0.745249]]], "btipPosition": [192.506, 224.23, 33.7948], "carpPosition": [113.157, 225.354, 132.564], "dipPosition": [181.225, 226.512, 46.6591], "direction": [0.653542, -0.132236, -0.745249], "extended": true, "handId": 59, "id": 594, "length": 50.5836, "mcpPosition": [144.361, 233.277, 86.8968], "pipPosition": [168.424, 229.102, 61.2563], "stabilizedTipPosition": [193.675, 225.718, 39.3405], "timeVisible": 12.245, "tipPosition": [190.581, 226.316, 37.3962], "tipVelocity": [-162.604, -36.112, -112.839], "tool": false, "touchDistance": 0.332526, "touchZone": "hovering", "type": 4, "width": 15.4521}, {"bases": [[[-0.152175, 0.958861, -0.239643], [-0.841864, 0.00127424, 0.539688], [0.517791, 0.283874, 0.807036]], [[0.0049084, 0.999974, 0.00529564], [-0.871531, 0.00168122, 0.490337], [0.490316, -0.00702209, 0.871517]], [[0.0049084, 0.999974, 0.00529564], [-0.896175, 0.00204918, 0.443697], [0.443674, -0.00692366, 0.896161]], [[0.0049084, 0.999974, 0.00529564], [-0.905805, 0.00220241, 0.423689], [0.423667, -0.00687646, 0.905792]]], "btipPosition": [191.522, 171.907, 10.1666], "carpPosition": [115.731, 191.444, 142.065], "dipPosition": [184.273, 171.789, 25.665], "direction": [0.443674, 0.00692366, -0.896161], "extended": true, "handId": 59, "id": 591, "length": 58.8924, "mcpPosition": [152.438, 171.32, 84.8533], "pipPosition": [173.533, 171.622, 47.3568], "stabilizedTipPosition": [193.47, 171.176, 14.8635], "timeVisible": 12.245, "tipPosition": [189.678, 168.751, 13.8607], "tipVelocity": [-97.8578, 29.1116, -27.1541], "tool": false, "touchDistance": 0.333128, "touchZone": "hovering", "type": 1, "width": 18.6136}, {"bases": [[[0.0649412, 0.974037, -0.216875], [-0.843899, 0.169595, 0.508992], [0.532557, 0.149966, 0.833002]], [[0.094559, 0.980888, -0.170052], [-0.861481, 0.166231, 0.47981], [0.498908, 0.101126, 0.860735]], [[0.094559, 0.980888, -0.170052], [-0.864394, 0.165634, 0.474751], [0.493844, 0.1021, 0.863535]], [[0.094559, 0.980888, -0.170052], [-0.864394, 0.165634, 0.474751], [0.493844, 0.1021, 0.863535]]], "btipPosition": [202.434, 182.747, 1.28845], "carpPosition": [119.192, 202.54, 139.68], "dipPosition": [193.14, 184.669, 17.5394], "direction": [0.493844, -0.1021, -0.863535], "extended": true, "handId": 59, "id": 592, "length": 67.1031, "mcpPosition": [154.995, 192.458, 83.6784], "pipPosition": [179.077, 187.576, 42.1307], "stabilizedTipPosition": [203.263, 183.914, 6.11315], "timeVisible": 12.245, "tipPosition": [199.755, 183.102, 4.87602], "tipVelocity": [-79.7593, 2.69144, -25.9109], "tool": false, "touchDistance": 0.333137, "touchZone": "hovering", "type": 2, "width": 18.281}, {"bases": [[[0.206034, 0.969914, -0.129677], [-0.819696, 0.243446, 0.518491], [0.534461, -0.000531025, 0.845193]], [[0.116253, 0.957055, -0.265576], [-0.819573, 0.24348, 0.518668], [0.561057, 0.157362, 0.812682]], [[0.116253, 0.957055, -0.265576], [-0.819573, 0.24348, 0.518668], [0.561057, 0.157362, 0.812682]], [[0.116253, 0.957055, -0.265576], [-0.819573, 0.24348, 0.518668], [0.561057, 0.157362, 0.812682]]], "btipPosition": [203.007, 199.723, 11.7781], "carpPosition": [119.58, 214.042, 136.908], "dipPosition": [192.509, 202.668, 26.9842], "direction": [0.561057, -0.157362, -0.812682], "extended": true, "handId": 59, "id": 593, "length": 64.5215, "mcpPosition": [151.84, 214.074, 85.8924], "pipPosition": [176.944, 207.033, 49.5296], "stabilizedTipPosition": [203.429, 202.194, 16.4102], "timeVisible": 12.245, "tipPosition": [200.394, 201.983, 15.0304], "tipVelocity": [-83.864, -23.2989, -32.2735], "tool": false, "touchDistance": 0.333089, "touchZone": "hovering", "type": 3, "width": 17.3955}], "r": [[-0.802827, 0.181919, -0.56778], [0.363905, 0.903864, -0.224951], [0.472273, -0.387214, -0.791848]], "s": 0.969826, "t": [-0.364702, -2.94156, 2.39554], "timestamp": 7429566624}, {"currentFrameRate": 107.12, "devices": [], "gestures": [], "hands": [{"armBasis": [[0.00885927, 0.994874, -0.100735], [-0.0985677, 0.101117, 0.98998], [0.995091, 0.00115874, 0.0989583]], "armWidth": 61.343, "confidence": 1, "direction": [0.657774, -0.108101, -0.745417], "elbow": [-172.577, 213.181, 174.876], "grabAngle": 0.0410734, "grabStrength": 0, "id": 59, "palmNormal": [-0.751965, -0.0372497, -0.65815], "palmPosition": [135.599, 198.579, 98.9278], "palmVelocity": [-64.9246, 72.1936, 23.392], "palmWidth": 87.6779, "pinchDistance": 49.2098, "pinchStrength": 0, "r": [[-0.80279, 0.182111, -0.56777], [0.363889, 0.903965, -0.224571], [0.472348, -0.386889, -0.791963]], "s": 0.969634, "sphereCenter": [136.528, 206.056, 50.1771], "sphereRadius": 58.1668, "stabilizedPalmPosition": [139.377, 198.116, 99.8526], "t": [-0.20282, -2.48202, 2.42184], "timeVisible": 12.2536, "type": "left", "wrist": [86.3175, 212.88, 149.13]}], "id": 74498, "interactionBox": {"center": [0, 200, 0], "size": [235.247, 235.247, 147.751]}, "pointables": [{"bases": [[[-0.818387, 0.411981, 0.400642], [-0.0446711, -0.740669, 0.670383], [0.572929, 0.530736, 0.624558]], [[-0.877712, 0.349579, 0.327744], [0.000532576, -0.683244, 0.73019], [0.479188, 0.641071, 0.599506]], [[-0.877712, 0.349579, 0.327744], [-0.284403, -0.930497, 0.230845], [0.385663, 0.109404, 0.91613]], [[-0.877712, 0.349579, 0.327744], [-0.446226, -0.845551, -0.29313], [0.174652, -0.403532, 0.898142]]], "btipPosition": [133.945, 159.221, 57.0248], "carpPosition": [93.6345, 184.335, 138.192], "dipPosition": [129.852, 149.764, 78.0748], "direction": [0.385663, -0.109404, -0.91613], "extended": false, "handId": 59, "id": 590, "length": 52.1916, "mcpPosition": [93.6345, 184.335, 138.192], "pipPosition": [116.684, 153.499, 109.356], "stabilizedTipPosition": [135.571, 155.747, 61.9575], "timeVisible": 12.2536, "tipPosition": [133.64, 154.781, 62.3172], "tipVelocity": [-32.1912, 61.7636, -24.5758], "tool": false, "touchDistance": 0.330229, "touchZone": "hovering", "type": 0, "width": 19.4866}, {"bases": [[[0.398752, 0.91064, -0.10831], [-0.723822, 0.385047, 0.572557], [0.563097, -0.149911, 0.812679]], [[0.214536, 0.91427, -0.343635], [-0.699515, 0.389367, 0.599227], [0.681655, 0.111822, 0.723078]], [[0.214536, 0.91427, -0.343635], [-0.71974, 0.38582, 0.577163], [0.660264, 0.123506, 0.740809]], [[0.214536, 0.91427, -0.343635], [-0.71974, 0.38582, 0.577163], [0.660264, 0.123506, 0.740809]]], "btipPosition": [192.321, 225.508, 34.5881], "carpPosition": [112.391, 225.643, 132.898], "dipPosition": [180.924, 227.64, 47.3757], "direction": [0.660264, -0.123506, -0.740809], "extended": true, "handId": 59, "id": 594, "length": 50.5836, "mcpPosition": [143.854, 234.019, 87.4903], "pipPosition": [167.991, 230.059, 61.8859], "stabilizedTipPosition": [193.514, 225.73, 39.2673], "timeVisible": 12.2536, "tipPosition": [190.359, 227.551, 38.1903], "tipVelocity": [-24.4438, 143.508, 89.4819], "tool": false, "touchDistance": 0.333879, "touchZone": "hovering", "type": 4, "width": 15.4521}, {"bases": [[[-0.153206, 0.961188, -0.229445], [-0.838754, -0.00371385, 0.544497], [0.522512, 0.275868, 0.80677]], [[0.00140138, 0.999959, 0.00897912], [-0.870421, -0.00320074, 0.492297], [0.492306, -0.00850551, 0.870381]], [[0.00140138, 0.999959, 0.00897912], [-0.891055, -0.00282691, 0.453886], [0.453893, -0.00863696, 0.891014]], [[0.00140138, 0.999959, 0.00897912], [-0.900445, -0.00264381, 0.434961], [0.434967, -0.00869475, 0.900404]]], "btipPosition": [191.574, 172.81, 10.4707], "carpPosition": [114.922, 191.643, 142.085], "dipPosition": [184.132, 172.661, 25.8769], "direction": [0.453893, 0.00863696, -0.891014], "extended": true, "handId": 59, "id": 591, "length": 58.8924, "mcpPosition": [151.964, 172.086, 84.8917], "pipPosition": [173.145, 172.452, 47.4441], "stabilizedTipPosition": [193.215, 171.289, 14.8035], "timeVisible": 12.2536, "tipPosition": [189.621, 170.313, 14.0895], "tipVelocity": [0.904863, 103.354, 32.6359], "tool": false, "touchDistance": 0.333536, "touchZone": "hovering", "type": 1, "width": 18.6136}, {"bases": [[[0.064043, 0.976077, -0.207777], [-0.840905, 0.164897, 0.515449], [0.53738, 0.14171, 0.831349]], [[0.0932799, 0.982357, -0.162089], [-0.85983, 0.161562, 0.484344], [0.501987, 0.0941896, 0.859731]], [[0.0932799, 0.982357, -0.162089], [-0.863144, 0.160933, 0.478627], [0.496268, 0.09526, 0.862927]], [[0.0932799, 0.982357, -0.162089], [-0.863144, 0.160933, 0.478627], [0.496268, 0.09526, 0.862927]]], "btipPosition": [202.223, 184.183, 1.62409], "carpPosition": [118.393, 202.762, 139.827], "dipPosition": [192.883, 185.976, 17.8636], "direction": [0.496268, -0.09526, -0.862927], "extended": true, "handId": 59, "id": 592, "length": 67.1031, "mcpPosition": [154.52, 193.235, 83.9368], "pipPosition": [178.751, 188.689, 42.4376], "stabilizedTipPosition": [203.015, 183.967, 6.05466], "timeVisible": 12.2536, "tipPosition": [199.741, 184.658, 5.30644], "tipVelocity": [-25.6187, 162.27, 38.4179], "tool": false, "touchDistance": 0.333574, "touchZone": "hovering", "type": 2, "width": 18.281}, {"bases": [[[0.205632, 0.971066, -0.121434], [-0.816622, 0.238646, 0.525525], [0.5393, -0.00889905, 0.842067]], [[0.116564, 0.959945, -0.254789], [-0.817465, 0.238426, 0.524313], [0.56406, 0.147165, 0.812514]], [[0.116564, 0.959945, -0.254789], [-0.817465, 0.238426, 0.524313], [0.56406, 0.147165, 0.812514]], [[0.116564, 0.959945, -0.254789], [-0.817465, 0.238426, 0.524313], [0.56406, 0.147165, 0.812514]]], "btipPosition": [202.785, 201.407, 12.2436], "carpPosition": [118.793, 214.291, 137.169], "dipPosition": [192.231, 204.161, 27.4465], "direction": [0.56406, -0.147165, -0.812514], "extended": true, "handId": 59, "id": 593, "length": 64.5215, "mcpPosition": [151.345, 214.828, 86.3424], "pipPosition": [176.583, 208.244, 49.9872], "stabilizedTipPosition": [203.153, 202.18, 16.35], "timeVisible": 12.2536, "tipPosition": [200.309, 203.415, 15.6479], "tipVelocity": [-27.0148, 189.249, 53.6135], "tool": false, "touchDistance": 0.333671, "touchZone": "hovering", "type": 3, "width": 17.3955}], "r": [[-0.80279, 0.182111, -0.56777], [0.363889, 0.903965, -0.224571], [0.472348, -0.386889, -0.791963]], "s": 0.969634, "t": [0.20282, -2.48202, 2.42184], "timestamp": 7429575292}, {"currentFrameRate": 107.448, "devices": [], "gestures": [], "hands": [{"armBasis": [[0.00958119, 0.99463, -0.103051], [-0.0994966, 0.103493, 0.989641], [0.994992, 0.000771272, 0.0999539]], "armWidth": 61.343, "confidence": 1, "direction": [0.655838, -0.109755, -0.74688], "elbow": [-173.228, 213.463, 175.137], "grabAngle": 0.0400257, "grabStrength": 0, "id": 59, "palmNormal": [-0.753675, -0.0388343, -0.656099], "palmPosition": [134.8, 198.857, 98.8487], "palmVelocity": [-91.7403, 31.8936, -9.07628], "palmWidth": 87.6779, "pinchDistance": 49.0953, "pinchStrength": 0, "r": [[-0.802461, 0.182018, -0.568265], [0.36401, 0.903936, -0.224493], [0.472814, -0.387001, -0.79163]], "s": 0.969322, "sphereCenter": [137.729, 206.704, 51.3655], "sphereRadius": 57.1255, "stabilizedPalmPosition": [139.228, 198.14, 99.82], "t": [-0.886019, -2.11339, 2.39548], "timeVisible": 12.2623, "type": "left", "wrist": [85.6404, 213.263, 149.132]}], "id": 74499, "interactionBox": {"center": [0, 200, 0], "size": [235.247, 235.247, 147.751]}, "pointables": [{"bases": [[[-0.819388, 0.412979, 0.397557], [-0.0464933, -0.739121, 0.671967], [0.571351, 0.532118, 0.624827]], [[-0.877619, 0.351512, 0.325919], [-0.000931905, -0.681157, 0.732137], [0.479357, 0.642234, 0.598124]], [[-0.877619, 0.351512, 0.325919], [-0.285828, -0.929552, 0.232883], [0.38482, 0.111226, 0.916265]], [[-0.877619, 0.351512, 0.325919], [-0.447032, -0.845609, -0.291734], [0.173052, -0.401727, 0.89926]]], "btipPosition": [133.192, 159.425, 57.1234], "carpPosition": [92.9396, 184.699, 138.255], "dipPosition": [129.137, 150.01, 78.1996], "direction": [0.38482, -0.111226, -0.916265], "extended": false, "handId": 59, "id": 590, "length": 52.1916, "mcpPosition": [92.9396, 184.699, 138.255], "pipPosition": [115.997, 153.808, 109.485], "stabilizedTipPosition": [135.284, 155.878, 61.9586], "timeVisible": 12.2623, "tipPosition": [132.744, 155, 62.3401], "tipVelocity": [-85.4874, 24.5133, 12.0154], "tool": false, "touchDistance": 0.331973, "touchZone": "hovering", "type": 0, "width": 19.4866}, {"bases": [[[0.399124, 0.910351, -0.109364], [-0.725274, 0.386431, 0.569779], [0.560961, -0.148094, 0.814488]], [[0.215523, 0.913456, -0.345177], [-0.69968, 0.391036, 0.597946], [0.681174, 0.112643, 0.723404]], [[0.215523, 0.913456, -0.345177], [-0.719945, 0.387453, 0.575812], [0.659719, 0.124408, 0.741143]], [[0.215523, 0.913456, -0.345177], [-0.719945, 0.387453, 0.575812], [0.659719, 0.124408, 0.741143]]], "btipPosition": [191.452, 225.698, 34.3822], "carpPosition": [111.678, 225.996, 132.817], "dipPosition": [180.064, 227.846, 47.1756], "direction": [0.659719, -0.124408, -0.741143], "extended": true, "handId": 59, "id": 594, "length": 50.5836, "mcpPosition": [143.021, 234.271, 87.3083], "pipPosition": [167.142, 230.282, 61.6924], "stabilizedTipPosition": [193.295, 225.751, 39.1765], "timeVisible": 12.2623, "tipPosition": [189.393, 227.681, 37.897], "tipVelocity": [-99.587, 22.2075, -23.4921], "tool": false, "touchDistance": 0.33319, "touchZone": "hovering", "type": 4, "width": 15.4521}, {"bases": [[[-0.152511, 0.960672, -0.232055], [-0.840172, -0.0023825, 0.542315], [0.520434, 0.277675, 0.807493]], [[0.00248795, 0.999963, 0.00824744], [-0.871241, -0.00188075, 0.490853], [0.49085, -0.00840672, 0.871204]], [[0.00248795, 0.999963, 0.00824744], [-0.892175, -0.00150564, 0.451687], [0.451683, -0.00848194, 0.892138]], [[0.00248795, 0.999963, 0.00824744], [-0.901663, -0.00132326, 0.432437], [0.432432, -0.0085123, 0.901626]]], "btipPosition": [190.582, 173.046, 10.3265], "carpPosition": [114.237, 192.018, 142.076], "dipPosition": [183.183, 172.9, 25.7536], "direction": [0.451683, 0.00848194, -0.892138], "extended": true, "handId": 59, "id": 591, "length": 58.8924, "mcpPosition": [151.131, 172.333, 84.8311], "pipPosition": [172.249, 172.695, 47.348], "stabilizedTipPosition": [192.877, 171.424, 14.731], "timeVisible": 12.2623, "tipPosition": [188.606, 170.428, 13.9345], "tipVelocity": [-112.818, 27.1735, -16.0062], "tool": false, "touchDistance": 0.333229, "touchZone": "hovering", "type": 1, "width": 18.6136}, {"bases": [[[0.0646819, 0.975591, -0.209855], [-0.842231, 0.166162, 0.512872], [0.535223, 0.143573, 0.83242]], [[0.0940992, 0.982024, -0.16363], [-0.860109, 0.162961, 0.48338], [0.501356, 0.0952544, 0.859982]], [[0.0940992, 0.982024, -0.16363], [-0.86361, 0.162287, 0.477326], [0.495301, 0.0963969, 0.863357]], [[0.0940992, 0.982024, -0.16363], [-0.86361, 0.162287, 0.477326], [0.495301, 0.0963969, 0.863357]]], "btipPosition": [201.309, 184.323, 1.47567], "carpPosition": [117.7, 203.133, 139.783], "dipPosition": [191.988, 186.137, 17.7233], "direction": [0.495301, -0.0963969, -0.863357], "extended": true, "handId": 59, "id": 592, "length": 67.1031, "mcpPosition": [153.682, 193.48, 83.8208], "pipPosition": [177.883, 188.882, 42.3095], "stabilizedTipPosition": [202.695, 184.031, 5.98464], "timeVisible": 12.2623, "tipPosition": [198.704, 184.726, 5.094], "tipVelocity": [-104.447, 16.6247, -16.831], "tool": false, "touchDistance": 0.333224, "touchZone": "hovering", "type": 2, "width": 18.281}, {"bases": [[[0.206045, 0.970765, -0.123131], [-0.817966, 0.239931, 0.522843], [0.5371, -0.00701184, 0.843489]], [[0.117135, 0.959296, -0.256965], [-0.818277, 0.239848, 0.522394], [0.562763, 0.149078, 0.813064]], [[0.117135, 0.959296, -0.256965], [-0.818277, 0.239848, 0.522394], [0.562763, 0.149078, 0.813064]], [[0.117135, 0.959296, -0.256965], [-0.818277, 0.239848, 0.522394], [0.562763, 0.149078, 0.813064]]], "btipPosition": [201.834, 201.483, 12.0359], "carpPosition": [118.092, 214.655, 137.098], "dipPosition": [191.304, 204.273, 27.2492], "direction": [0.562763, -0.149078, -0.813064], "extended": true, "handId": 59, "id": 593, "length": 64.5215, "mcpPosition": [150.511, 215.079, 86.185], "pipPosition": [175.692, 208.408, 49.8052], "stabilizedTipPosition": [202.797, 202.175, 16.2724], "timeVisible": 12.2623, "tipPosition": [199.293, 203.499, 15.3903], "tipVelocity": [-108.65, 9.64242, -23.5744], "tool": false, "touchDistance": 0.33318, "touchZone": "hovering", "type": 3, "width": 17.3955}], "r": [[-0.802461, 0.182018, -0.568265], [0.36401, 0.903936, -0.224493], [0.472814, -0.387001, -0.79163]], "s": 0.969322, "t": [0.886019, -2.11339, 2.39548], "timestamp": 7429584000}, {"currentFrameRate": 107.686, "devices": [], "gestures": [], "hands": [{"armBasis": [[0.0100335, 0.994467, -0.104567], [-0.101156, 0.105045, 0.989309], [0.99482, 0.000651354, 0.10165]], "armWidth": 61.343, "confidence": 1, "direction": [0.654841, -0.110697, -0.747616], "elbow": [-173.996, 213.696, 175.527], "grabAngle": 0.0387556, "grabStrength": 0, "id": 59, "palmNormal": [-0.75457, -0.040103, -0.654993], "palmPosition": [133.921, 199.058, 98.7489], "palmVelocity": [-99.2084, 22.7039, -11.2794], "palmWidth": 87.6779, "pinchDistance": 49.0156, "pinchStrength": 0, "r": [[-0.802028, 0.18182, -0.56894], [0.364229, 0.903818, -0.22461], [0.473379, -0.387368, -0.791112]], "s": 0.968816, "sphereCenter": [139.505, 207.461, 52.8994], "sphereRadius": 55.9182, "stabilizedPalmPosition": [139.019, 198.177, 99.7778], "t": [-1.66686, -1.82855, 2.33235], "timeVisible": 12.2712, "type": "left", "wrist": [84.8283, 213.526, 149.08]}], "id": 74500, "interactionBox": {"center": [0, 200, 0], "size": [235.247, 235.247, 147.751]}, "pointables": [{"bases": [[[-0.8198, 0.413867, 0.39578], [-0.0476698, -0.738061, 0.673048], [0.570663, 0.532898, 0.624791]], [[-0.877112, 0.353322, 0.325328], [-0.00173001, -0.679682, 0.733504], [0.480283, 0.642803, 0.596769]], [[-0.877112, 0.353322, 0.325328], [-0.287245, -0.928771, 0.234254], [0.384922, 0.112018, 0.916126]], [[-0.877112, 0.353322, 0.325328], [-0.448289, -0.845359, -0.290525], [0.17237, -0.400664, 0.899865]]], "btipPosition": [132.405, 159.594, 57.1591], "carpPosition": [92.1204, 184.948, 138.235], "dipPosition": [128.365, 150.204, 78.2496], "direction": [0.384922, -0.112018, -0.916126], "extended": false, "handId": 59, "id": 590, "length": 52.1916, "mcpPosition": [92.1204, 184.948, 138.235], "pipPosition": [115.222, 154.029, 109.531], "stabilizedTipPosition": [134.929, 156.023, 61.9634], "timeVisible": 12.2712, "tipPosition": [131.826, 155.167, 62.3082], "tipVelocity": [-88.4799, 19.7398, 4.40508], "tool": false, "touchDistance": 0.332623, "touchZone": "hovering", "type": 0, "width": 19.4866}, {"bases": [[[0.399579, 0.910048, -0.110225], [-0.725933, 0.387556, 0.568174], [0.559783, -0.147014, 0.815493]], [[0.216305, 0.912848, -0.346296], [-0.698711, 0.392472, 0.598137], [0.68192, 0.112581, 0.72271]], [[0.216305, 0.912848, -0.346296], [-0.719073, 0.388877, 0.575942], [0.660414, 0.124433