{"frames": 126, "data": [{"currentFrameRate": 112.094, "devices": [], "gestures": [], "hands": [{"armBasis": [[0.0868152, 0.972544, -0.215918], [-0.0651857, 0.221818, 0.972907], [0.99409, -0.0703883, 0.0826531]], "armWidth": 61.343, "confidence": 1, "direction": [0.703055, -0.14782, -0.695602], "elbow": [-173.493, 195.656, 160.895], "grabAngle": 0.115714, "grabStrength": 0, "id": 59, "palmNormal": [-0.710997, -0.165387, -0.683469], "palmPosition": [137.77, 197.564, 93.3086], "palmVelocity": [-22.3663, -0.826345, -6.47756], "palmWidth": 87.6779, "pinchDistance": 47.4366, "pinchStrength": 0, "r": [[0.275098, 0.161974, 0.947674], [-0.616419, 0.786156, 0.0445716], [-0.737799, -0.596426, 0.316114]], "s": 0.938752, "sphereCenter": [45.4957, 171.854, -15.6987], "sphereRadius": 148.708, "stabilizedPalmPosition": [135.09, 195.374, 91.9933], "t": [1.5158, -3.04525, -3.12204], "timeVisible": 9.14055, "type": "left", "wrist": [85.1406, 213.969, 139.391]}], "id": 74145, "interactionBox": {"center": [0, 200, 0], "size": [235.247, 235.247, 147.751]}, "pointables": [{"bases": [[[-0.767485, 0.511455, 0.386498], [-0.054868, -0.653092, 0.755288], [0.638715, 0.558466, 0.529301]], [[-0.84483, 0.433553, 0.313518], [-0.0348121, -0.629278, 0.7764], [0.5339, 0.645012, 0.546726]], [[-0.84483, 0.433553, 0.313518], [-0.34249, -0.888412, 0.305654], [0.41105, 0.150849, 0.899045]], [[-0.84483, 0.433553, 0.313518], [-0.513391, -0.821875, -0.246882], [0.150636, -0.36953, 0.916928]]], "btipPosition": [137.958, 157.572, 53.4991], "carpPosition": [94.7112, 185.087, 131.985], "dipPosition": [134.427, 148.911, 74.9895], "direction": [0.41105, -0.150849, -0.899045], "extended": false, "handId": 59, "id": 590, "length": 52.1916, "mcpPosition": [94.7112, 185.087, 131.985], "pipPosition": [120.392, 154.061, 105.687], "stabilizedTipPosition": [135.708, 155.257, 58.1694], "timeVisible": 9.14055, "tipPosition": [138.76, 153.459, 59.5148], "tipVelocity": [-14.2499, 10.45, -14.509], "tool": false, "touchDistance": 0.330622, "touchZone": "hovering", "type": 0, "width": 19.4866}, {"bases": [[[0.449203, 0.862055, -0.234687], [-0.665566, 0.498123, 0.555783], [0.596019, -0.0934592, 0.797513]], [[0.255359, 0.851722, -0.45756], [-0.684914, 0.493382, 0.53616], [0.682411, 0.176476, 0.709346]], [[0.255359, 0.851722, -0.45756], [-0.70445, 0.488047, 0.515326], [0.662225, 0.190735, 0.724623]], [[0.255359, 0.851722, -0.45756], [-0.70445, 0.488047, 0.515326], [0.662225, 0.190735, 0.724623]]], "btipPosition": [192.939, 218.649, 26.3053], "carpPosition": [111.071, 226.705, 122.685], "dipPosition": [181.508, 221.942, 38.8135], "direction": [0.662225, -0.190735, -0.724623], "extended": true, "handId": 59, "id": 594, "length": 50.5836, "mcpPosition": [144.373, 231.927, 78.1248], "pipPosition": [168.537, 225.678, 53.0067], "stabilizedTipPosition": [190.229, 221.825, 30.9704], "timeVisible": 9.14055, "tipPosition": [193.601, 222.1, 32.6447], "tipVelocity": [-18.8058, -0.0503546, -0.585013], "tool": false, "touchDistance": 0.333329, "touchZone": "hovering", "type": 4, "width": 15.4521}, {"bases": [[[-0.10423, 0.936426, -0.335026], [-0.806291, 0.117655, 0.5797], [0.582264, 0.330551, 0.742769]], [[0.0681777, 0.991972, -0.106502], [-0.875818, 0.110633, 0.46979], [0.477802, 0.0612472, 0.87633]], [[0.0681777, 0.991972, -0.106502], [-0.901753, 0.106942, 0.418813], [0.426841, 0.0674848, 0.901805]], [[0.0681777, 0.991972, -0.106502], [-0.901753, 0.106942, 0.418813], [0.426841, 0.0674848, 0.901805]]], "btipPosition": [194.718, 165.4, 8.35167], "carpPosition": [115.248, 194.257, 135.97], "dipPosition": [187.414, 166.555, 23.7818], "direction": [0.426841, -0.0674848, -0.901805], "extended": true, "handId": 59, "id": 591, "length": 58.8924, "mcpPosition": [156.525, 170.824, 83.3138], "pipPosition": [177.082, 168.189, 45.6102], "stabilizedTipPosition": [193.412, 166.931, 11.9995], "timeVisible": 9.14055, "tipPosition": [195.435, 165.565, 13.4205], "tipVelocity": [-22.6277, 9.19821, -6.10686], "tool": false, "touchDistance": 0.333286, "touchZone": "hovering", "type": 1, "width": 18.6136}, {"bases": [[[0.114385, 0.938605, -0.325478], [-0.799325, 0.281504, 0.530881], [0.589911, 0.199438, 0.782451]], [[0.148314, 0.94857, -0.279676], [-0.849856, 0.26687, 0.45445], [0.505715, 0.170283, 0.845728]], [[0.148314, 0.94857, -0.279676], [-0.871301, 0.259112, 0.416768], [0.467801, 0.181869, 0.86492]], [[0.148314, 0.94857, -0.279676], [-0.871301, 0.259112, 0.416768], [0.467801, 0.181869, 0.86492]]], "btipPosition": [204.319, 175.024, -1.7671], "carpPosition": [118.124, 205.254, 132.567], "dipPosition": [195.516, 178.447, 14.5099], "direction": [0.467801, -0.181869, -0.864919], "extended": true, "handId": 59, "id": 592, "length": 67.1031, "mcpPosition": [157.783, 191.846, 79.9639], "pipPosition": [182.194, 183.626, 39.1406], "stabilizedTipPosition": [202.801, 176.786, 2.22354], "timeVisible": 9.14055, "tipPosition": [205.092, 177.099, 3.66955], "tipVelocity": [-12.8194, 4.0414, 0.852185], "tool": false, "touchDistance": 0.333339, "touchZone": "hovering", "type": 2, "width": 18.281}, {"bases": [[[0.259877, 0.933815, -0.245874], [-0.769898, 0.354058, 0.530943], [0.582856, 0.0513183, 0.810953]], [[0.18103, 0.918973, -0.350311], [-0.799294, 0.345015, 0.492031], [0.573025, 0.190929, 0.796987]], [[0.18103, 0.918973, -0.350311], [-0.817057, 0.338789, 0.466519], [0.547399, 0.20177, 0.812184]], [[0.18103, 0.918973, -0.350311], [-0.817057, 0.338789, 0.466519], [0.547399, 0.20177, 0.812184]]], "btipPosition": [204.186, 195.383, 6.23695], "carpPosition": [117.937, 216.397, 128.575], "dipPosition": [193.943, 199.159, 21.4337], "direction": [0.547399, -0.20177, -0.812184], "extended": true, "handId": 59, "id": 593, "length": 64.5215, "mcpPosition": [153.118, 213.299, 79.6257], "pipPosition": [178.757, 204.756, 43.9653], "stabilizedTipPosition": [201.817, 198.729, 10.5615], "timeVisible": 9.14055, "tipPosition": [205.186, 197.321, 12.5222], "tipVelocity": [-10.3027, 5.33467, 3.75176], "tool": false, "touchDistance": 0.333335, "touchZone": "hovering", "type": 3, "width": 17.3955}], "r": [[0.275098, 0.161974, 0.947674], [-0.616419, 0.786156, 0.0445716], [-0.737799, -0.596426, 0.316114]], "s": 0.938752, "t": [-1.5158, -3.04525, -3.12204], "timestamp": 7426462216}, {"currentFrameRate": 112.279, "devices": [], "gestures": [], "hands": [{"armBasis": [[0.0867621, 0.972832, -0.214641], [-0.066726, 0.220645, 0.973069], [0.993992, -0.0701034, 0.0840567]], "armWidth": 61.343, "confidence": 1, "direction": [0.705339, -0.146343, -0.6936], "elbow": [-173.875, 195.597, 161.031], "grabAngle": 0.118007, "grabStrength": 0, "id": 59, "palmNormal": [-0.708729, -0.165132, -0.685882], "palmPosition": [137.499, 197.521, 93.1796], "palmVelocity": [-31.5442, -5.02985, -15.0269], "palmWidth": 87.6779, "pinchDistance": 47.3597, "pinchStrength": 0, "r": [[0.276172, 0.162192, 0.947324], [-0.616044, 0.786428, 0.0449498], [-0.737712, -0.596007, 0.317107]], "s": 0.937269, "sphereCenter": [44.4136, 171.474, -16.7753], "sphereRadius": 149.939, "stabilizedPalmPosition": [135.104, 195.386, 92.0001], "t": [1.32302, -3.06307, -3.21102], "timeVisible": 9.14914, "type": "left", "wrist": [84.7333, 213.836, 139.162]}], "id": 74146, "interactionBox": {"center": [0, 200, 0], "size": [235.247, 235.247, 147.751]}, "pointables": [{"bases": [[[-0.765842, 0.511622, 0.389523], [-0.0530818, -0.653997, 0.754632], [0.640834, 0.557253, 0.528017]], [[-0.843624, 0.433712, 0.316532], [-0.0336135, -0.631021, 0.775037], [0.535881, 0.643201, 0.546923]], [[-0.843624, 0.433712, 0.316532], [-0.342736, -0.888772, 0.304331], [0.413316, 0.148254, 0.898438]], [[-0.843624, 0.433712, 0.316532], [-0.515019, -0.820334, -0.248614], [0.151835, -0.372756, 0.915423]]], "btipPosition": [137.779, 157.694, 53.267], "carpPosition": [94.3312, 184.958, 131.706], "dipPosition": [134.22, 148.958, 74.7221], "direction": [0.413316, -0.148254, -0.898438], "extended": false, "handId": 59, "id": 590, "length": 52.1916, "mcpPosition": [94.3312, 184.958, 131.706], "pipPosition": [120.107, 154.02, 105.399], "stabilizedTipPosition": [135.722, 155.261, 58.1698], "timeVisible": 9.14914, "tipPosition": [138.617, 153.479, 59.3237], "tipVelocity": [-21.6329, 12.2721, -27.9892], "tool": false, "touchDistance": 0.326618, "touchZone": "hovering", "type": 0, "width": 19.4866}, {"bases": [[[0.44921, 0.861967, -0.234997], [-0.66341, 0.49799, 0.558474], [0.598412, -0.0949729, 0.795539]], [[0.254719, 0.852092, -0.457228], [-0.683244, 0.493183, 0.538468], [0.684321, 0.175241, 0.70781]], [[0.254719, 0.852092, -0.457228], [-0.704693, 0.487352, 0.51565], [0.662213, 0.19086, 0.724601]], [[0.254719, 0.852092, -0.457228], [-0.704693, 0.487352, 0.51565], [0.662213, 0.19086, 0.724601]]], "btipPosition": [192.753, 218.67, 26.2953], "carpPosition": [110.684, 226.602, 122.51], "dipPosition": [181.322, 221.964, 38.8032], "direction": [0.662213, -0.19086, -0.724601], "extended": true, "handId": 59, "id": 594, "length": 50.5836, "mcpPosition": [144.12, 231.908, 78.0596], "pipPosition": [168.352, 225.703, 52.9959], "stabilizedTipPosition": [190.227, 221.774, 30.9318], "timeVisible": 9.14914, "tipPosition": [193.467, 222.156, 32.6889], "tipVelocity": [-21.6501, 2.47105, -1.17137], "tool": false, "touchDistance": 0.333325, "touchZone": "hovering", "type": 4, "width": 15.4521}, {"bases": [[[-0.104467, 0.936936, -0.333522], [-0.804386, 0.117612, 0.58235], [0.584851, 0.329117, 0.741371]], [[0.069194, 0.992085, -0.104786], [-0.875134, 0.110788, 0.471027], [0.478908, 0.0591094, 0.875873]], [[0.069194, 0.992085, -0.104786], [-0.901585, 0.107151, 0.419123], [0.427033, 0.0654725, 0.901862]], [[0.069194, 0.992085, -0.104786], [-0.901585, 0.107151, 0.419123], [0.427033, 0.0654725, 0.901862]]], "btipPosition": [194.556, 165.561, 8.26468], "carpPosition": [114.847, 194.141, 135.767], "dipPosition": [187.25, 166.681, 23.6958], "direction": [0.427033, -0.0654725, -0.901863], "extended": true, "handId": 59, "id": 591, "length": 58.8924, "mcpPosition": [156.308, 170.809, 83.2095], "pipPosition": [176.913, 168.266, 45.5256], "stabilizedTipPosition": [193.398, 166.901, 11.9946], "timeVisible": 9.14914, "tipPosition": [195.406, 165.674, 13.4098], "tipVelocity": [-18.8851, 17.7856, -10.1083], "tool": false, "touchDistance": 0.333259, "touchZone": "hovering", "type": 1, "width": 18.6136}, {"bases": [[[0.114178, 0.938917, -0.324651], [-0.797431, 0.281516, 0.533716], [0.592509, 0.197949, 0.780865]], [[0.148354, 0.948818, -0.27881], [-0.848725, 0.266865, 0.456563], [0.5076, 0.1689, 0.844876]], [[0.148354, 0.948818, -0.27881], [-0.870541, 0.259058, 0.418388], [0.469202, 0.180646, 0.864417]], [[0.148354, 0.948818, -0.27881], [-0.870541, 0.259058, 0.418388], [0.469202, 0.180646, 0.864417]]], "btipPosition": [204.252, 175.14, -1.7761], "carpPosition": [117.725, 205.144, 132.386], "dipPosition": [195.422, 178.539, 14.4915], "direction": [0.469202, -0.180646, -0.864417], "extended": true, "handId": 59, "id": 592, "length": 67.1031, "mcpPosition": [157.558, 191.836, 79.89], "pipPosition": [182.06, 183.684, 39.1078], "stabilizedTipPosition": [202.755, 176.717, 2.20292], "timeVisible": 9.14914, "tipPosition": [205.094, 177.216, 3.71055], "tipVelocity": [-8.54387, 12.8174, -1.30261], "tool": false, "touchDistance": 0.333324, "touchZone": "hovering", "type": 2, "width": 18.281}, {"bases": [[[0.259912, 0.933902, -0.245506], [-0.767942, 0.354044, 0.533777], [0.585415, 0.0497987, 0.809203]], [[0.180806, 0.919281, -0.349617], [-0.798002, 0.344905, 0.494199], [0.574893, 0.189641, 0.795949]], [[0.180806, 0.919281, -0.349617], [-0.815991, 0.338659, 0.468474], [0.54906, 0.200582, 0.811357]], [[0.180806, 0.919281, -0.349617], [-0.815991, 0.338659, 0.468474], [0.54906, 0.200582, 0.811357]]], "btipPosition": [204.104, 195.483, 6.2604], "carpPosition": [117.54, 216.292, 128.408], "dipPosition": [193.831, 199.236, 21.4417], "direction": [0.54906, -0.200582, -0.811357], "extended": true, "handId": 59, "id": 593, "length": 64.5215, "mcpPosition": [152.876, 213.286, 79.5643], "pipPosition": [178.599, 204.801, 43.9503], "stabilizedTipPosition": [201.814, 198.647, 10.5336], "timeVisible": 9.14914, "tipPosition": [205.145, 197.43, 12.5849], "tipVelocity": [-10.2824, 11.054, 2.31639], "tool": false, "touchDistance": 0.333348, "touchZone": "hovering", "type": 3, "width": 17.3955}], "r": [[0.276172, 0.162192, 0.947324], [-0.616044, 0.786428, 0.0449498], [-0.737712, -0.596007, 0.317107]], "s": 0.937269, "t": [-1.32302, -3.06307, -3.21102], "timestamp": 7426470799}, {"currentFrameRate": 112.402, "devices": [], "gestures": [], "hands": [{"armBasis": [[0.085094, 0.975423, -0.203244], [-0.068414, 0.209223, 0.975472], [0.994021, -0.069102, 0.0845362]], "armWidth": 61.343, "confidence": 1, "direction": [0.711124, -0.137364, -0.689517], "elbow": [-174.947, 195.139, 160.834], "grabAngle": 0.113031, "grabStrength": 0, "id": 59, "palmNormal": [-0.702936, -0.157818, -0.693523], "palmPosition": [136.785, 197.372, 93.0108], "palmVelocity": [-82.2587, -17.2021, -19.4394], "palmWidth": 87.6779, "pinchDistance": 47.889, "pinchStrength": 0, "r": [[0.278607, 0.160069, 0.946972], [-0.615489, 0.786676, 0.0481082], [-0.737259, -0.596254, 0.317694]], "s": 0.936987, "sphereCenter": [48.421, 173.715, -15.7079], "sphereRadius": 145.755, "stabilizedPalmPosition": [135.121, 195.406, 92.01], "t": [0.869456, -3.14668, -3.33992], "timeVisible": 9.15782, "type": "left", "wrist": [83.6688, 213.117, 138.84]}], "id": 74147, "interactionBox": {"center": [0, 200, 0], "size": [235.247, 235.247, 147.751]}, "pointables": [{"bases": [[[-0.762034, 0.507844, 0.401744], [-0.047744, -0.662795, 0.747277], [0.645774, 0.55027, 0.529319]], [[-0.84124, 0.430047, 0.327682], [-0.0262511, -0.637848, 0.769715], [0.540025, 0.638912, 0.547872]], [[-0.84124, 0.430047, 0.327682], [-0.341091, -0.89238, 0.29549], [0.419491, 0.136809, 0.897391]], [[-0.84124, 0.430047, 0.327682], [-0.517033, -0.817102, -0.254992], [0.158091, -0.383931, 0.909727]]], "btipPosition": [137.325, 157.902, 52.7186], "carpPosition": [93.3207, 184.307, 131.034], "dipPosition": [133.62, 148.904, 74.0402], "direction": [0.419491, -0.136809, -0.897391], "extended": false, "handId": 59, "id": 590, "length": 52.1916, "mcpPosition": [93.3207, 184.307, 131.034], "pipPosition": [119.296, 153.575, 104.681], "stabilizedTipPosition": [135.73, 155.267, 58.164], "timeVisible": 9.15782, "tipPosition": [138.21, 153.758, 58.6361], "tipVelocity": [-56.1286, 16.9948, -66.6861], "tool": false, "touchDistance": 0.316966, "touchZone": "hovering", "type": 0, "width": 19.4866}, {"bases": [[[0.44833, 0.864178, -0.228465], [-0.65825, 0.492105, 0.569683], [0.604737, -0.105019, 0.789471]], [[0.251913, 0.857118, -0.449321], [-0.677311, 0.48778, 0.550746], [0.691224, 0.16559, 0.703413]], [[0.251913, 0.857118, -0.449321], [-0.695358, 0.483229, 0.531946], [0.673065, 0.178435, 0.717735]], [[0.251913, 0.857118, -0.449321], [-0.695358, 0.483229, 0.531946], [0.673065, 0.178435, 0.717735]]], "btipPosition": [192.764, 219.503, 26.996], "carpPosition": [109.697, 226.074, 122.463], "dipPosition": [181.146, 222.583, 39.3853], "direction": [0.673065, -0.178435, -0.717735], "extended": true, "handId": 59, "id": 594, "length": 50.5836, "mcpPosition": [143.486, 231.942, 78.3516], "pipPosition": [167.963, 226.079, 53.4436], "stabilizedTipPosition": [190.224, 221.74, 30.9081], "timeVisible": 9.15782, "tipPosition": [193.157, 222.736, 33.2112], "tipVelocity": [-3.70329, 90.3067, 77.5464], "tool": false, "touchDistance": 0.333838, "touchZone": "hovering", "type": 4, "width": 15.4521}, {"bases": [[[-0.106038, 0.940922, -0.321593], [-0.799487, 0.111629, 0.590219], [0.591249, 0.319696, 0.740418]], [[0.068975, 0.993142, -0.094404], [-0.869425, 0.106248, 0.482505], [0.489226, 0.0487964, 0.870791]], [[0.068975, 0.993142, -0.094404], [-0.895356, 0.103361, 0.43319], [0.439976, 0.054646, 0.896345]], [[0.068975, 0.993142, -0.094404], [-0.895356, 0.103361, 0.43319], [0.439976, 0.054646, 0.896345]]], "btipPosition": [194.933, 166.443, 8.38159], "carpPosition": [113.792, 193.464, 135.369], "dipPosition": [187.405, 167.378, 23.7183], "direction": [0.439976, -0.054646, -0.896345], "extended": true, "handId": 59, "id": 591, "length": 58.8924, "mcpPosition": [155.707, 170.8, 82.8798], "pipPosition": [176.755, 168.701, 45.4146], "stabilizedTipPosition": [193.391, 166.893, 11.9917], "timeVisible": 9.15782, "tipPosition": [195.321, 166.535, 13.3085], "tipVelocity": [37.5491, 96.6709, 10.9625], "tool": false, "touchDistance": 0.333401, "touchZone": "hovering", "type": 1, "width": 18.6136}, {"bases": [[[0.112674, 0.942554, -0.314478], [-0.79273, 0.276088, 0.543465], [0.599069, 0.188062, 0.778299]], [[0.147652, 0.95197, -0.26824], [-0.843645, 0.262777, 0.4682], [0.5162, 0.157169, 0.841924]], [[0.147652, 0.95197, -0.26824], [-0.864408, 0.256005, 0.432737], [0.480623, 0.167975, 0.860689]], [[0.147652, 0.95197, -0.26824], [-0.864408, 0.256005, 0.432737], [0.480623, 0.167975, 0.860689]]], "btipPosition": [204.607, 176.335, -1.5286], "carpPosition": [116.684, 204.51, 132.142], "dipPosition": [195.562, 179.497, 14.6688], "direction": [0.480623, -0.167975, -0.860689], "extended": true, "handId": 59, "id": 592, "length": 67.1031, "mcpPosition": [156.958, 191.867, 79.8187], "pipPosition": [181.875, 184.28, 39.179], "stabilizedTipPosition": [202.734, 176.748, 2.20237], "timeVisible": 9.15782, "tipPosition": [205.075, 178.176, 3.82718], "tipVelocity": [35.1991, 131.379, 26.6432], "tool": false, "touchDistance": 0.333506, "touchZone": "hovering", "type": 2, "width": 18.281}, {"bases": [[[0.25904, 0.936443, -0.236585], [-0.763153, 0.348578, 0.544142], [0.592027, 0.0395958, 0.804945]], [[0.178919, 0.923099, -0.340407], [-0.792968, 0.340107, 0.505499], [0.5824, 0.179488, 0.792839]], [[0.178919, 0.923099, -0.340407], [-0.810617, 0.334387, 0.480714], [0.557574, 0.189931, 0.808108]], [[0.178919, 0.923099, -0.340407], [-0.810617, 0.334387, 0.480714], [0.557574, 0.189931, 0.808108]]], "btipPosition": [204.212, 196.46, 6.69397], "carpPosition": [116.518, 215.704, 128.294], "dipPosition": [193.78, 200.013, 21.8144], "direction": [0.557574, -0.189931, -0.808107], "extended": true, "handId": 59, "id": 593, "length": 64.5215, "mcpPosition": [152.253, 213.314, 79.7078], "pipPosition": [178.311, 205.283, 44.2329], "stabilizedTipPosition": [201.814, 198.594, 10.5196], "timeVisible": 9.15782, "tipPosition": [205.054, 198.298, 12.949], "tipVelocity": [8.21686, 107.148, 48.3173], "tool": false, "touchDistance": 0.333649, "touchZone": "hovering", "type": 3, "width": 17.3955}], "r": [[0.278607, 0.160069, 0.946972], [-0.615489, 0.786676, 0.0481082], [-0.737259, -0.596254, 0.317694]], "s": 0.936987, "t": [-0.869456, -3.14668, -3.33992], "timestamp": 7426479483}, {"currentFrameRate": 112.226, "devices": [], "gestures": [], "hands": [{"armBasis": [[0.0852231, 0.977039, -0.195272], [-0.0683139, 0.201254, 0.977154], [0.994017, -0.0699363, 0.0838969]], "armWidth": 61.343, "confidence": 1, "direction": [0.716149, -0.130103, -0.685714], "elbow": [-176.13, 194.23, 160.327], "grabAngle": 0.106421, "grabStrength": 0, "id": 59, "palmNormal": [-0.697802, -0.153546, -0.69964], "palmPosition": [135.92, 197.154, 92.8439], "palmVelocity": [-93.8258, -23.5677, -18.1142], "palmWidth": 87.6779, "pinchDistance": 48.3927, "pinchStrength": 0, "r": [[0.281926, 0.156676, 0.946557], [-0.614628, 0.787048, 0.0527891], [-0.736716, -0.596663, 0.318187]], "s": 0.938204, "sphereCenter": [57.6804, 177.177, -10.7384], "sphereRadius": 135.308, "stabilizedPalmPosition": [135.134, 195.435, 92.0239], "t": [0.210327, -3.29708, -3.48784], "timeVisible": 9.16704, "type": "left", "wrist": [82.4853, 212.426, 138.5]}], "id": 74148, "interactionBox": {"center": [0, 200, 0], "size": [235.247, 235.247, 147.751]}, "pointables": [{"bases": [[[-0.758137, 0.506112, 0.411192], [-0.0440579, -0.668885, 0.74206], [0.650605, 0.544467, 0.529404]], [[-0.838639, 0.428412, 0.336374], [-0.0207517, -0.642236, 0.766226], [0.544292, 0.635607, 0.547494]], [[-0.838639, 0.428412, 0.336374], [-0.341058, -0.894526, 0.288969], [0.424693, 0.127617, 0.896298]], [[-0.838639, 0.428412, 0.336374], [-0.51984, -0.813917, -0.259431], [0.162637, -0.39243, 0.905289]]], "btipPosition": [136.718, 157.948, 52.3008], "carpPosition": [92.2243, 183.681, 130.457], "dipPosition": [132.906, 148.751, 73.5184], "direction": [0.424693, -0.127617, -0.896298], "extended": false, "handId": 59, "id": 590, "length": 52.1916, "mcpPosition": [92.2243, 183.681, 130.457], "pipPosition": [118.405, 153.108, 104.122], "stabilizedTipPosition": [135.731, 155.274, 58.1521], "timeVisible": 9.16704, "tipPosition": [137.66, 153.851, 58.1098], "tipVelocity": [-68.5192, 0.0358053, -47.9305], "tool": false, "touchDistance": 0.309604, "touchZone": "hovering", "type": 0, "width": 19.4866}, {"bases": [[[0.448644, 0.865088, -0.224368], [-0.653235, 0.488755, 0.578275], [0.60992, -0.112874, 0.784383]], [[0.25063, 0.860271, -0.44398], [-0.671889, 0.48475, 0.559984], [0.696958, 0.157956, 0.6995]], [[0.25063, 0.860271, -0.44398], [-0.687958, 0.480935, 0.543521], [0.681101, 0.169217, 0.712367]], [[0.25063, 0.860271, -0.44398], [-0.687958, 0.480935, 0.543521], [0.681101, 0.169217, 0.712367]]], "btipPosition": [192.423, 220.031, 27.4995], "carpPosition": [108.567, 225.553, 122.346], "dipPosition": [180.667, 222.952, 39.7962], "direction": [0.681101, -0.169217, -0.712367], "extended": true, "handId": 59, "id": 594, "length": 50.5836, "mcpPosition": [142.646, 231.86, 78.5188], "pipPosition": [167.326, 226.267, 53.7493], "stabilizedTipPosition": [190.213, 221.716, 30.8949], "timeVisible": 9.16704, "tipPosition": [192.616, 223.11, 33.6128], "tipVelocity": [-40.4397, 53.2958, 52.324], "tool": false, "touchDistance": 0.333718, "touchZone": "hovering", "type": 4, "width": 15.4521}, {"bases": [[[-0.106182, 0.943789, -0.313031], [-0.795162, 0.108425, 0.596625], [0.597028, 0.312261, 0.738952]], [[0.0701736, 0.993728, -0.0870651], [-0.864372, 0.104141, 0.491952], [0.497933, 0.0407346, 0.866258]], [[0.0701736, 0.993728, -0.0870651], [-0.88945, 0.101846, 0.445539], [0.451612, 0.046175, 0.891019]], [[0.0701736, 0.993728, -0.0870651], [-0.898019, 0.100933, 0.428221], [0.434323, 0.0481364, 0.89947]]], "btipPosition": [194.756, 167.015, 8.39557], "carpPosition": [112.645, 192.845, 135.009], "dipPosition": [187.324, 167.838, 23.7857], "direction": [0.451612, -0.046175, -0.891019], "extended": true, "handId": 59, "id": 591, "length": 58.8924, "mcpPosition": [154.97, 170.709, 82.6233], "pipPosition": [176.393, 168.956, 45.3531], "stabilizedTipPosition": [193.378, 166.904, 11.9896], "timeVisible": 9.16704, "tipPosition": [195.056, 167.108, 13.2842], "tipVelocity": [-16.8657, 59.2614, 2.85028], "tool": false, "touchDistance": 0.333356, "touchZone": "hovering", "type": 1, "width": 18.6136}, {"bases": [[[0.112577, 0.944894, -0.30741], [-0.788366, 0.273252, 0.551192], [0.604819, 0.1803, 0.775684]], [[0.148452, 0.953966, -0.260596], [-0.839085, 0.260964, 0.47732], [0.523353, 0.147804, 0.839199]], [[0.148452, 0.953966, -0.260596], [-0.858678, 0.255059, 0.444541], [0.490545, 0.157776, 0.857014]], [[0.148452, 0.953966, -0.260596], [-0.858678, 0.255059, 0.444541], [0.490545, 0.157776, 0.857014]]], "btipPosition": [204.659, 177.206, -1.29603], "carpPosition": [115.535, 203.924, 131.894], "dipPosition": [195.428, 180.175, 14.8322], "direction": [0.490545, -0.157776, -0.857014], "extended": true, "handId": 59, "id": 592, "length": 67.1031, "mcpPosition": [156.196, 191.802, 79.7459], "pipPosition": [181.458, 184.668, 39.2378], "stabilizedTipPosition": [202.715, 176.86, 2.22307], "timeVisible": 9.16704, "tipPosition": [204.823, 178.83, 3.94932], "tipVelocity": [0.997134, 89.6422, 23.5091], "tool": false, "touchDistance": 0.333504, "touchZone": "hovering", "type": 2, "width": 18.281}, {"bases": [[[0.259462, 0.937823, -0.230582], [-0.758626, 0.34567, 0.552267], [0.597634, 0.0316334, 0.801145]], [[0.178516, 0.925493, -0.334057], [-0.788416, 0.337668, 0.514179], [0.58867, 0.171586, 0.789953]], [[0.178516, 0.925493, -0.334057], [-0.788416, 0.337668, 0.514179], [0.58867, 0.171586, 0.789953]], [[0.178516, 0.925493, -0.334057], [-0.788416, 0.337668, 0.514179], [0.58867, 0.171586, 0.789953]]], "btipPosition": [205.129, 197.591, 7.73929], "carpPosition": [115.371, 215.149, 128.138], "dipPosition": [194.114, 200.802, 22.5201], "direction": [0.58867, -0.171586, -0.789953], "extended": true, "handId": 59, "id": 593, "length": 64.5215, "mcpPosition": [151.444, 213.24, 79.7807], "pipPosition": [177.783, 205.562, 44.4349], "stabilizedTipPosition": [201.851, 198.582, 10.5486], "timeVisible": 9.16704, "tipPosition": [204.56, 198.846, 13.0902], "tipVelocity": [84.9202, 114.227, 104.947], "tool": false, "touchDistance": 0.334073, "touchZone": "hovering", "type": 3, "width": 17.3955}], "r": [[0.281926, 0.156676, 0.946557], [-0.614628, 0.787048, 0.0527891], [-0.736716, -0.596663, 0.318187]], "s": 0.938204, "t": [-0.210327, -3.29708, -3.48784], "timestamp": 7426488699}, {"currentFrameRate": 112.446, "devices": [], "gestures": [], "hands": [{"armBasis": [[0.089528, 0.975699, -0.199992], [-0.0663969, 0.206198, 0.976255], [0.993769, -0.0741233, 0.0832439]], "armWidth": 61.343, "confidence": 1, "direction": [0.715719, -0.132026, -0.685795], "elbow": [-176.778, 193.135, 159.963], "grabAngle": 0.116566, "grabStrength": 0, "id": 59, "palmNormal": [-0.698194, -0.158406, -0.698163], "palmPosition": [135.201, 197.061, 92.6891], "palmVelocity": [-84.5127, -10.976, -18.1901], "palmWidth": 87.6779, "pinchDistance": 48.3232, "pinchStrength": 0, "r": [[0.284448, 0.154779, 0.946115], [-0.613623, 0.787637, 0.0556321], [-0.736584, -0.596382, 0.319017]], "s": 0.937713, "sphereCenter": [47.8955, 173.262, -16.3615], "sphereRadius": 145.386, "stabilizedPalmPosition": [135.135, 195.466, 92.0367], "t": [-0.478839, -3.41899, -3.6392], "timeVisible": 9.17555, "type": "left", "wrist": [81.7721, 212.42, 138.305]}], "id": 74149, "interactionBox": {"center": [0, 200, 0], "size": [235.247, 235.247, 147.751]}, "pointables": [{"bases": [[[-0.757521, 0.509669, 0.407921], [-0.0461682, -0.66513, 0.745299], [0.651176, 0.545747, 0.527381]], [[-0.837899, 0.431997, 0.333624], [-0.0232229, -0.638889, 0.768948], [0.545332, 0.636553, 0.545357]], [[-0.837899, 0.431997, 0.333624], [-0.34409, -0.892534, 0.291522], [0.423707, 0.129469, 0.896499]], [[-0.837899, 0.431997, 0.333624], [-0.522116, -0.812544, -0.259165], [0.159126, -0.391345, 0.906382]]], "btipPosition": [135.998, 157.817, 52.3268], "carpPosition": [91.5706, 183.685, 130.413], "dipPosition": [132.269, 148.645, 73.57], "direction": [0.423707, -0.129469, -0.896499], "extended": false, "handId": 59, "id": 590, "length": 52.1916, "mcpPosition": [91.5706, 183.685, 130.413], "pipPosition": [117.801, 153.066, 104.181], "stabilizedTipPosition": [135.723, 155.281, 58.1384], "timeVisible": 9.17555, "tipPosition": [136.975, 153.611, 58.1576], "tipVelocity": [-82.34, -14.678, 3.74769], "tool": false, "touchDistance": 0.310136, "touchZone": "hovering", "type": 0, "width": 19.4866}, {"bases": [[[0.450629, 0.86306, -0.228167], [-0.652823, 0.492923, 0.575195], [0.608896, -0.110246, 0.785551]], [[0.252924, 0.857583, -0.447862], [-0.672249, 0.488688, 0.556116], [0.69578, 0.16042, 0.700111]], [[0.252924, 0.857583, -0.447862], [-0.6906, 0.484228, 0.537211], [0.67757, 0.17342, 0.714719]], [[0.252924, 0.857583, -0.447862], [-0.6906, 0.484228, 0.537211], [0.67757, 0.17342, 0.714719]]], "btipPosition": [191.447, 219.638, 27.0588], "carpPosition": [107.82, 225.549, 122.079], "dipPosition": [179.751, 222.632, 39.3961], "direction": [0.67757, -0.17342, -0.714719], "extended": true, "handId": 59, "id": 594, "length": 50.5836, "mcpPosition": [141.842, 231.709, 78.1864], "pipPosition": [166.48, 226.029, 53.3953], "stabilizedTipPosition": [190.175, 221.68, 30.8693], "timeVisible": 9.17555, "tipPosition": [191.747, 222.809, 33.2311], "tipVelocity": [-113.05, -44.2118, -50.6874], "tool": false, "touchDistance": 0.332997, "touchZone": "hovering", "type": 4, "width": 15.4521}, {"bases": [[[-0.103946, 0.942449, -0.317783], [-0.795543, 0.112976, 0.595272], [0.596915, 0.314686, 0.738015]], [[0.0728516, 0.993171, -0.0911307], [-0.865226, 0.108384, 0.489528], [0.496061, 0.0431858, 0.867213]], [[0.0728516, 0.993171, -0.0911307], [-0.890742, 0.105895, 0.442002], [0.448634, 0.0489734, 0.892373]], [[0.0728516, 0.993171, -0.0911307], [-0.898639, 0.105, 0.425937], [0.432597, 0.0508634, 0.900151]]], "btipPosition": [193.898, 166.69, 8.26617], "carpPosition": [111.978, 192.913, 134.898], "dipPosition": [186.496, 167.561, 23.668], "direction": [0.448634, -0.0489734, -0.892373], "extended": true, "handId": 59, "id": 591, "length": 58.8924, "mcpPosition": [154.294, 170.604, 82.5795], "pipPosition": [175.637, 168.746, 45.2681], "stabilizedTipPosition": [193.33, 166.904, 11.9822], "timeVisible": 9.17555, "tipPosition": [194.298, 166.745, 13.2049], "tipVelocity": [-100.018, -36.8801, -14.8898], "tool": false, "touchDistance": 0.333229, "touchZone": "hovering", "type": 1, "width": 18.6136}, {"bases": [[[0.114809, 0.943138, -0.311944], [-0.788365, 0.277563, 0.549035], [0.6044, 0.182892, 0.775404]], [[0.150599, 0.952356, -0.265214], [-0.839789, 0.264789, 0.473964], [0.521608, 0.151345, 0.839655]], [[0.150599, 0.952356, -0.265214], [-0.859943, 0.258535, 0.440065], [0.487666, 0.161795, 0.857907]], [[0.150599, 0.952356, -0.265214], [-0.859943, 0.258535, 0.440065], [0.487666, 0.161795, 0.857907]]], "btipPosition": [203.717, 176.728, -1.50923], "carpPosition": [114.841, 203.981, 131.726], "dipPosition": [194.54, 179.773, 14.6358], "direction": [0.487666, -0.161795, -0.857907], "extended": true, "handId": 59, "id": 592, "length": 67.1031, "mcpPosition": [155.474, 191.686, 79.5969], "pipPosition": [180.652, 184.38, 39.0668], "stabilizedTipPosition": [202.606, 176.915, 2.22122], "timeVisible": 9.17555, "tipPosition": [204.021, 178.426, 3.79573], "tipVelocity": [-109.232, -54.0967, -24.5985], "tool": false, "touchDistance": 0.333171, "touchZone": "hovering", "type": 2, "width": 18.281}, {"bases": [[[0.261602, 0.936147, -0.234932], [-0.758479, 0.349925, 0.549784], [0.596887, 0.034367, 0.801589]], [[0.180653, 0.923452, -0.338528], [-0.789171, 0.341516, 0.510467], [0.587004, 0.174939, 0.790457]], [[0.180653, 0.923452, -0.338528], [-0.806879, 0.335965, 0.485875], [0.562415, 0.185376, 0.805807]], [[0.180653, 0.923452, -0.338528], [-0.806879, 0.335965, 0.485875], [0.562415, 0.185376, 0.805807]]], "btipPosition": [203.07, 196.674, 6.73061], "carpPosition": [114.651, 215.187, 127.915], "dipPosition": [192.546, 200.143, 21.808], "direction": [0.562415, -0.185376, -0.805807], "extended": true, "handId": 59, "id": 593, "length": 64.5215, "mcpPosition": [150.679, 213.113, 79.531], "pipPosition": [176.944, 205.286, 44.1627], "stabilizedTipPosition": [201.766, 198.504, 10.5241], "timeVisible": 9.17555, "tipPosition": [203.487, 198.41, 12.6275], "tipVelocity": [-228.707, -100.792, -110.511], "tool": false, "touchDistance": 0.332679, "touchZone": "hovering", "type": 3, "width": 17.3955}], "r": [[0.284448, 0.154779, 0.946115], [-0.613623, 0.787637, 0.0556321], [-0.736584, -0.596382, 0.319017]], "s": 0.937713, "t": [0.478839, -3.41899, -3.6392], "timestamp": 7426497209}, {"currentFrameRate": 112.85, "devices": [], "gestures": [], "hands": [{"armBasis": [[0.0936675, 0.974581, -0.203514], [-0.0660599, 0.210046, 0.975457], [0.99341, -0.0779245, 0.0840552]], "armWidth": 61.343, "confidence": 1, "direction": [0.714482, -0.134396, -0.686625], "elbow": [-177.387, 192.192, 160.026], "grabAngle": 0.11797, "grabStrength": 0, "id": 59, "palmNormal": [-0.69944, -0.16145, -0.696216], "palmPosition": [134.426, 196.992, 92.5116], "palmVelocity": [-95.0122, -8.46203, -21.7443], "palmWidth": 87.6779, "pinchDistance": 48.28, "pinchStrength": 0, "r": [[0.28612, 0.153976, 0.945741], [-0.612766, 0.788202, 0.0570562], [-0.73665, -0.595843, 0.319871]], "s": 0.937042, "sphereCenter": [45.6061, 172.214, -17.0691], "sphereRadius": 146.849, "stabilizedPalmPosition": [135.119, 195.502, 92.0477], "t": [-1.21112, -3.51447, -3.8036], "timeVisible": 9.18371, "type": "left", "wrist": [81.0696, 212.466, 138.157]}], "id": 74150, "interactionBox": {"center": [0, 200, 0], "size": [235.247, 235.247, 147.751]}, "pointables": [{"bases": [[[-0.758061, 0.511599, 0.404488], [-0.0478748, -0.662183, 0.747811], [0.650424, 0.547521, 0.526468]], [[-0.838096, 0.433938, 0.330595], [-0.0251196, -0.63607, 0.771222], [0.544944, 0.638054, 0.543988]], [[-0.838096, 0.433938, 0.330595], [-0.345612, -0.89124, 0.293673], [0.422076, 0.131869, 0.896919]], [[-0.838096, 0.433938, 0.330595], [-0.522688, -0.812258, -0.258907], [0.156179, -0.389788, 0.907565]]], "btipPosition": [135.157, 157.686, 52.3076], "carpPosition": [90.8726, 183.744, 130.37], "dipPosition": [131.496, 148.551, 73.5785], "direction": [0.422076, -0.131869, -0.896918], "extended": false, "handId": 59, "id": 590, "length": 52.1916, "mcpPosition": [90.8726, 183.744, 130.37], "pipPosition": [117.085, 153.053, 104.204], "stabilizedTipPosition": [135.697, 155.286, 58.1213], "timeVisible": 9.18371, "tipPosition": [136.144, 153.42, 58.142], "tipVelocity": [-101.163, -15.0299, -1.56699], "tool": false, "touchDistance": 0.309975, "touchZone": "hovering", "type": 0, "width": 19.4866}, {"bases": [[[0.451447, 0.86196, -0.230695], [-0.653687, 0.495462, 0.572024], [0.607362, -0.107436, 0.787127]], [[0.254178, 0.855714, -0.450718], [-0.673263, 0.491119, 0.552738], [0.694341, 0.162958, 0.700953]], [[0.254178, 0.855714, -0.450718], [-0.69379, 0.486009, 0.53146], [0.673831, 0.177618, 0.717219]], [[0.254178, 0.855714, -0.450718], [-0.69379, 0.486009, 0.53146], [0.673831, 0.177618, 0.717219]]], "btipPosition": [190.44, 219.27, 26.6113], "carpPosition": [107.088, 225.583, 121.841], "dipPosition": [178.809, 222.336, 38.9917], "direction": [0.673831, -0.177618, -0.717219], "extended": true, "handId": 59, "id": 594, "length": 50.5836, "mcpPosition": [141.024, 231.586, 77.8608], "pipPosition": [165.61, 225.815, 53.0399], "stabilizedTipPosition": [190.104, 221.63, 30.8276], "timeVisible": 9.18371, "tipPosition": [190.822, 222.51, 32.8182], "tipVelocity": [-121.588, -43.0295, -53.6245], "tool": false, "touchDistance": 0.332958, "touchZone": "hovering", "type": 4, "width": 15.4521}, {"bases": [[[-0.102921, 0.941242, -0.321669], [-0.796614, 0.11566, 0.59332], [0.595661, 0.317312, 0.737903]], [[0.0740554, 0.992804, -0.0941043], [-0.866384, 0.11078, 0.486936], [0.493857, 0.0454701, 0.868353]], [[0.0740554, 0.992804, -0.0941043], [-0.892057, 0.108132, 0.438796], [0.445814, 0.0514512, 0.893646]], [[0.0740554, 0.992804, -0.0941043], [-0.899171, 0.107283, 0.424242], [0.431285, 0.0531985, 0.900646]]], "btipPosition": [192.93, 166.392, 8.06805], "carpPosition": [111.284, 192.999, 134.781], "dipPosition": [185.55, 167.302, 23.4783], "direction": [0.445814, -0.0514512, -0.893646], "extended": true, "handId": 59, "id": 591, "length": 58.8924, "mcpPosition": [153.511, 170.504, 82.4697], "pipPosition": [174.759, 168.548, 45.1093], "stabilizedTipPosition": [193.231, 166.89, 11.9648], "timeVisible": 9.18371, "tipPosition": [193.373, 166.392, 13.0267], "tipVelocity": [-117.999, -35.4186, -24.0376], "tool": false, "touchDistance": 0.333168, "touchZone": "hovering", "type": 1, "width": 18.6136}, {"bases": [[[0.115822, 0.941857, -0.31542], [-0.789275, 0.280061, 0.546452], [0.603017, 0.185662, 0.775822]], [[0.151638, 0.951266, -0.268511], [-0.840974, 0.266909, 0.470662], [0.519393, 0.154441, 0.840464]], [[0.151638, 0.951266, -0.268511], [-0.861446, 0.260392, 0.436012], [0.484682, 0.165192, 0.85895]], [[0.151638, 0.951266, -0.268511], [-0.861446, 0.260392, 0.436012], [0.484682, 0.165192, 0.85895]]], "btipPosition": [202.671, 176.306, -1.79218], "carpPosition": [114.137, 204.056, 131.56], "dipPosition": [193.55, 179.415, 14.3725], "direction": [0.484682, -0.165192, -0.85895], "extended": true, "handId": 59, "id": 592, "length": 67.1031, "mcpPosition": [154.677, 191.574, 79.4023], "pipPosition": [179.748, 184.119, 38.8332], "stabilizedTipPosition": [202.401, 176.926, 2.19136], "timeVisible": 9.18371, "tipPosition": [203.067, 178.032, 3.55016], "tipVelocity": [-126.558, -49.8375, -34.1184], "tool": false, "touchDistance": 0.333101, "touchZone": "hovering", "type": 2, "width": 18.281}, {"bases": [[[0.262466, 0.935103, -0.238104], [-0.759358, 0.352413, 0.546974], [0.595388, 0.0372442, 0.802575]], [[0.181804, 0.922062, -0.341684], [-0.790411, 0.343739, 0.507044], [0.584977, 0.177888, 0.791301]], [[0.181804, 0.922062, -0.341684], [-0.808154, 0.338063, 0.482286], [0.560209, 0.188452, 0.80663]], [[0.181804, 0.922062, -0.341684], [-0.808154, 0.338063, 0.482286], [0.560209, 0.188452, 0.80663]]], "btipPosition": [202.069, 196.286, 6.38511], "carpPosition": [113.934, 215.247, 127.705], "dipPosition": [191.587, 199.812, 21.4779], "direction": [0.560209, -0.188452, -0.80663], "extended": true, "handId": 59, "id": 593, "length": 64.5215, "mcpPosition": [149.871, 212.999, 79.2615], "pipPosition": [176.046, 205.04, 43.8555], "stabilizedTipPosition": [201.611, 198.4, 10.475], "timeVisible": 9.18371, "tipPosition": [202.546, 198.053, 12.3045], "tipVelocity": [-121.458, -46.0149, -41.9018], "tool": false, "touchDistance": 0.333023, "touchZone": "hovering", "type": 3, "width": 17.3955}], "r": [[0.28612, 0.153976, 0.945741], [-0.612766, 0.788202, 0.0570562], [-0.73665, -0.595843, 0.319871]], "s": 0.937042, "t": [1.21112, -3.51447, -3.8036], "timestamp": 7426505370}, {"currentFrameRate": 112.582, "devices": [], "gestures": [], "hands": [{"armBasis": [[0.0974692, 0.97356, -0.206593], [-0.0673372, 0.213557, 0.974607], [0.992958, -0.0810828, 0.086372]], "armWidth": 61.343, "confidence": 1, "direction": [0.71275, -0.137133, -0.687882], "elbow": [-178.074, 191.461, 160.529], "grabAngle": 0.119562, "grabStrength": 0, "id": 59, "palmNormal": [-0.7012, -0.163733, -0.693909], "palmPosition": [133.506, 196.941, 92.3397], "palmVelocity": [-98.365, -5.48181, -18.3897], "palmWidth": 87.6779, "pinchDistance": 48.1151, "pinchStrength": 0, "r": [[0.286982, 0.154039, 0.94547], [-0.612162, 0.788652, 0.0573223], [-0.736816, -0.595231, 0.320626]], "s": 0.936245, "sphereCenter": [42.7216, 171.076, -17.9384], "sphereRadius": 148.744, "stabilizedPalmPosition": [135.066, 195.549, 92.0573], "t": [-2.03697, -3.58783, -3.97175], "timeVisible": 9.19306, "type": "left", "wrist": [80.2652, 212.556, 138.057]}], "id": 74151, "interactionBox": {"center": [0, 200, 0], "size": [235.247, 235.247, 147.751]}, "pointables": [{"bases": [[[-0.759223, 0.5128, 0.400769], [-0.0494858, -0.659483, 0.750089], [0.648946, 0.549652, 0.526071]], [[-0.83853, 0.435433, 0.327515], [-0.0266223, -0.633129, 0.773588], [0.544205, 0.639957, 0.54249]], [[-0.83853, 0.435433, 0.327515], [-0.346591, -0.890087, 0.296007], [0.420408, 0.134697, 0.897281]], [[-0.83853, 0.435433, 0.327515], [-0.52273, -0.812473, -0.258149], [0.153691, -0.387667, 0.908897]]], "btipPosition": [134.175, 157.55, 52.3186], "carpPosition": [90.0417, 183.845, 130.352], "dipPosition": [130.573, 148.464, 73.6208], "direction": [0.420408, -0.134697, -0.897281], "extended": false, "handId": 59, "id": 590, "length": 52.1916, "mcpPosition": [90.0417, 183.845, 130.352], "pipPosition": [116.218, 153.063, 104.258], "stabilizedTipPosition": [135.633, 155.291, 58.0968], "timeVisible": 9.19306, "tipPosition": [135.116, 153.256, 58.1193], "tipVelocity": [-103.593, -13.3896, 1.95036], "tool": false, "touchDistance": 0.310382, "touchZone": "hovering", "type": 0, "width": 19.4866}, {"bases": [[[0.451722, 0.861274, -0.232713], [-0.655255, 0.497307, 0.568618], [0.605466, -0.10437, 0.788998]], [[0.255, 0.854163, -0.453189], [-0.674831, 0.492876, 0.54925], [0.692515, 0.165767, 0.702099]], [[0.255, 0.854163, -0.453189], [-0.697555, 0.487072, 0.525526], [0.669621, 0.182115, 0.720029]], [[0.255, 0.854163, -0.453189], [-0.697555, 0.487072, 0.525526], [0.669621, 0.182115, 0.720029]]], "btipPosition": [189.277, 218.898, 26.1537]