{"frames": 106, "data": [{"currentFrameRate": 115.11, "devices": [], "gestures": [], "hands": [{"armBasis": [[0.827798, 0.412182, -0.380599], [0.146093, 0.496622, 0.855583], [0.541671, -0.763853, 0.350886]], "armWidth": 58.0344, "confidence": 1, "direction": [0.276718, -0.00166709, -0.96095], "elbow": [-205.588, -100.877, 169.957], "grabAngle": 0.0621398, "grabStrength": 0, "id": 73, "palmNormal": [-0.18402, -0.981584, -0.051288], "palmPosition": [-48.0307, 85.1733, 27.1292], "palmVelocity": [-9.43277, -8.38557, -11.8156], "palmWidth": 80.6112, "pinchDistance": 53.1662, "pinchStrength": 0, "r": [[0.922284, -0.00451901, 0.386486], [0.0113567, 0.999817, -0.0154105], [-0.386346, 0.0186021, 0.922166]], "s": 1.38538, "sphereCenter": [-63.4999, 23.5671, -4.00649], "sphereRadius": 77.8005, "stabilizedPalmPosition": [-47.6622, 85.6295, 27.6168], "t": [37.5386, -43.9017, 57.1586], "timeVisible": 14.5086, "type": "left", "wrist": [-76.0191, 81.8388, 86.024]}], "id": 95661, "interactionBox": {"center": [0, 200, 0], "size": [235.247, 235.247, 147.751]}, "pointables": [{"bases": [[[0.987278, -0.158834, 0.00734801], [0.158996, 0.985718, -0.0555014], [0.00157247, 0.0559637, 0.998432]], [[0.956327, -0.167734, -0.239382], [0.181147, 0.982833, 0.0350101], [0.2294, -0.0768444, 0.970294]], [[0.956327, -0.167734, -0.239382], [0.165207, 0.98578, -0.0307344], [0.241133, -0.0101555, 0.970439]], [[0.956327, -0.167734, -0.239382], [0.144401, 0.983158, -0.112017], [0.25414, 0.0725583, 0.964442]]], "btipPosition": [-62.468, 93.0561, -51.4499], "carpPosition": [-77.4253, 94.4915, 60.2805], "dipPosition": [-66.255, 94.1373, -37.0786], "direction": [0.241133, 0.0101555, -0.970439], "extended": true, "handId": 73, "id": 734, "length": 43.6664, "mcpPosition": [-77.3445, 91.6166, 8.98993], "pipPosition": [-70.3322, 93.9655, -20.6699], "stabilizedTipPosition": [-63.0783, 93.6693, -47.9483], "timeVisible": 14.5086, "tipPosition": [-62.4535, 85.2137, -46.6509], "tipVelocity": [-12.3482, -11.6819, -8.76559], "tool": false, "touchDistance": 0.259543, "touchZone": "hovering", "type": 4, "width": 14.7998}, {"bases": [[[0.160939, 0.954498, -0.251063], [-0.733358, 0.285892, 0.616808], [0.660519, 0.0848502, 0.746]], [[0.205939, 0.958072, -0.199216], [-0.64449, 0.285984, 0.709117], [0.736357, -0.0176419, 0.676363]], [[0.205939, 0.958072, -0.199216], [-0.958629, 0.238402, 0.155548], [0.19652, 0.158941, 0.967532]], [[0.205939, 0.958072, -0.199216], [-0.966461, 0.167212, -0.194917], [-0.153433, 0.232676, 0.960375]]], "btipPosition": [-10.4603, 67.4761, 2.89135], "carpPosition": [-45.713, 76.0884, 80.7518], "dipPosition": [-7.35596, 72.1837, 22.322], "direction": [0.19652, -0.158941, -0.967532], "extended": false, "handId": 73, "id": 730, "length": 45.0545, "mcpPosition": [-45.713, 76.0884, 80.7518], "pipPosition": [-13.1485, 76.8686, 50.8405], "stabilizedTipPosition": [-9.22781, 69.4469, 8.43877], "timeVisible": 14.5086, "tipPosition": [-11.5191, 63.6064, 8.59751], "tipVelocity": [-10.9359, -8.32507, -18.4014], "tool": false, "touchDistance": 0.260033, "touchZone": "hovering", "type": 0, "width": 18.6639}, {"bases": [[[0.883316, 0.188034, -0.429414], [-0.245941, 0.965722, -0.0830306], [0.399082, 0.178953, 0.899283]], [[0.968773, 0.242124, -0.0534259], [-0.247946, 0.945078, -0.212954], [-0.00106974, 0.219551, 0.9756]], [[0.968773, 0.242124, -0.0534259], [-0.247946, 0.945078, -0.212954], [-0.00106974, 0.219551, 0.9756]], [[0.968773, 0.242124, -0.0534259], [-0.247946, 0.945078, -0.212954], [-0.00106974, 0.219551, 0.9756]]], "btipPosition": [-20.7078, 66.793, -59.0559], "carpPosition": [-46.6412, 94.4415, 70.5875], "dipPosition": [-20.692, 70.0359, -44.6459], "direction": [-0.00106974, -0.219551, -0.9756], "extended": true, "handId": 73, "id": 731, "length": 50.8389, "mcpPosition": [-20.6299, 82.7778, 11.9742], "pipPosition": [-20.6696, 74.6234, -24.2605], "stabilizedTipPosition": [-20.5743, 67.6363, -55.4711], "timeVisible": 14.5086, "tipPosition": [-17.6935, 67.3154, -55.1388], "tipVelocity": [-6.31311, 3.42031, -16.5151], "tool": false, "touchDistance": 0.300113, "touchZone": "hovering", "type": 1, "width": 17.8278}, {"bases": [[[0.95801, 0.0430769, -0.283481], [-0.0842434, 0.987303, -0.134669], [0.27408, 0.152896, 0.949475]], [[0.981145, 0.0585963, -0.184176], [-0.0918134, 0.979853, -0.177367], [0.170072, 0.190932, 0.966758]], [[0.981145, 0.0585963, -0.184176], [-0.0918134, 0.979853, -0.177367], [0.170072, 0.190932, 0.966758]], [[0.981145, 0.0585963, -0.184176], [-0.0918134, 0.979853, -0.177367], [0.170072, 0.190932, 0.966758]]], "btipPosition": [-24.6228, 72.6317, -73.0835], "carpPosition": [-55.5943, 97.8337, 65.359], "dipPosition": [-27.3857, 75.7335, -57.3779], "direction": [0.170072, -0.190932, -0.966758], "extended": true, "handId": 73, "id": 732, "length": 57.9269, "mcpPosition": [-38.6534, 88.3832, 6.67204], "pipPosition": [-31.5666, 80.4272, -33.6119], "stabilizedTipPosition": [-24.9615, 73.4161, -69.1832], "timeVisible": 14.5086, "tipPosition": [-25.9139, 66.5199, -67.0928], "tipVelocity": [-14.3466, 4.64835, -14.4477], "tool": false, "touchDistance": 0.276768, "touchZone": "hovering", "type": 2, "width": 17.5093}, {"bases": [[[0.991508, -0.00944329, -0.129704], [-0.00680263, 0.992229, -0.124243], [0.129869, 0.12407, 0.983738]], [[0.975625, -0.0206671, -0.21847], [0.000735566, 0.995858, -0.0909225], [0.219445, 0.0885455, 0.971599]], [[0.975625, -0.0206671, -0.21847], [-0.00997309, 0.990351, -0.138223], [0.219219, 0.137033, 0.966005]], [[0.975625, -0.0206671, -0.21847], [-0.00997309, 0.990351, -0.138223], [0.219219, 0.137033, 0.966005]]], "btipPosition": [-41.2294, 83.1762, -69.3669], "carpPosition": [-65.7034, 98.9766, 61.4913], "dipPosition": [-44.7703, 85.3896, -53.7638], "direction": [0.219219, -0.137033, -0.966005], "extended": true, "handId": 73, "id": 733, "length": 55.6982, "mcpPosition": [-58.4964, 92.0914, 6.89878], "pipPosition": [-50.0202, 88.6713, -30.6296], "stabilizedTipPosition": [-41.7259, 83.9274, -65.5706], "timeVisible": 14.5086, "tipPosition": [-43.2286, 75.0749, -63.5872], "tipVelocity": [-16.7469, -6.27054, -10.7986], "tool": false, "touchDistance": 0.254656, "touchZone": "hovering", "type": 3, "width": 16.6612}], "r": [[0.922284, -0.00451901, 0.386486], [0.0113567, 0.999817, -0.0154105], [-0.386346, 0.0186021, 0.922166]], "s": 1.38538, "t": [-37.5386, -43.9017, 57.1586], "timestamp": 7616389008}, {"currentFrameRate": 115.125, "devices": [], "gestures": [], "hands": [{"armBasis": [[0.829729, 0.410765, -0.377917], [0.148475, 0.490249, 0.858843], [0.538056, -0.768718, 0.345785]], "armWidth": 58.0344, "confidence": 1, "direction": [0.276401, -0.0018878, -0.961041], "elbow": [-204.747, -102.208, 168.631], "grabAngle": 0.0635305, "grabStrength": 0, "id": 73, "palmNormal": [-0.183363, -0.981732, -0.0508076], "palmPosition": [-48.09, 85.0686, 27.045], "palmVelocity": [-6.84906, -12.0796, -9.72367], "palmWidth": 80.6112, "pinchDistance": 53.1352, "pinchStrength": 0, "r": [[0.922063, -0.00466083, 0.387012], [0.0113442, 0.999823, -0.0149868], [-0.386874, 0.0182091, 0.921953]], "s": 1.3849, "sphereCenter": [-63.2346, 20.3547, -3.53345], "sphereRadius": 80.1128, "stabilizedPalmPosition": [-47.7084, 85.569, 27.5551], "t": [37.4718, -43.9975, 57.0686], "timeVisible": 14.5173, "type": "left", "wrist": [-76.0426, 81.6708, 85.9187]}], "id": 95662, "interactionBox": {"center": [0, 200, 0], "size": [235.247, 235.247, 147.751]}, "pointables": [{"bases": [[[0.987166, -0.159509, 0.00774376], [0.159692, 0.985585, -0.0558696], [0.00127957, 0.0563892, 0.998408]], [[0.956122, -0.168503, -0.23966], [0.181174, 0.98294, 0.0316933], [0.230231, -0.0737229, 0.970339]], [[0.956122, -0.168503, -0.23966], [0.16512, 0.985678, -0.0342794], [0.242004, -0.00679731, 0.970251]], [[0.956122, -0.168503, -0.23966], [0.144524, 0.982859, -0.114462], [0.25484, 0.0748029, 0.964086]]], "btipPosition": [-62.4872, 92.7379, -51.5201], "carpPosition": [-77.48, 94.3808, 60.202], "dipPosition": [-66.2846, 93.8526, -37.1541], "direction": [0.242004, 0.00679731, -0.970251], "extended": true, "handId": 73, "id": 734, "length": 43.6664, "mcpPosition": [-77.4142, 91.4841, 8.9127], "pipPosition": [-70.3765, 93.7376, -20.7486], "stabilizedTipPosition": [-63.1449, 93.51, -48.0114], "timeVisible": 14.5173, "tipPosition": [-62.5469, 85.1601, -46.7477], "tipVelocity": [-2.49413, -35.8449, -8.23956], "tool": false, "touchDistance": 0.258353, "touchZone": "hovering", "type": 4, "width": 14.7998}, {"bases": [[[0.161678, 0.95428, -0.251417], [-0.733366, 0.286659, 0.616442], [0.660329, 0.0847155, 0.746183]], [[0.206274, 0.957834, -0.200015], [-0.644888, 0.286812, 0.70842], [0.735915, -0.0171414, 0.676857]], [[0.206274, 0.957834, -0.200015], [-0.958685, 0.238753, 0.154659], [0.195892, 0.159849, 0.96751]], [[0.206274, 0.957834, -0.200015], [-0.966213, 0.167099, -0.19624], [-0.154543, 0.233736, 0.95994]]], "btipPosition": [-10.5561, 67.3257, 2.79786], "carpPosition": [-45.7482, 76.0083, 80.6707], "dipPosition": [-7.42931, 72.0547, 22.2197], "direction": [0.195892, -0.159849, -0.96751], "extended": false, "handId": 73, "id": 730, "length": 45.0545, "mcpPosition": [-45.7482, 76.0083, 80.6707], "pipPosition": [-13.2033, 76.7663, 50.7376], "stabilizedTipPosition": [-9.2865, 69.3474, 8.32566], "timeVisible": 14.5173, "tipPosition": [-11.5618, 63.5414, 8.50466], "tipVelocity": [-10.4668, -16.8023, -11.0288], "tool": false, "touchDistance": 0.258441, "touchZone": "hovering", "type": 0, "width": 18.6639}, {"bases": [[[0.883587, 0.187244, -0.429201], [-0.24525, 0.965855, -0.0835248], [0.398906, 0.179063, 0.899339]], [[0.96892, 0.241326, -0.0543781], [-0.247376, 0.945076, -0.213626], [-0.000161985, 0.220438, 0.975401]], [[0.96892, 0.241326, -0.0543781], [-0.247376, 0.945076, -0.213626], [-0.000161985, 0.220438, 0.975401]], [[0.96892, 0.241326, -0.0543781], [-0.247376, 0.945076, -0.213626], [-0.000161985, 0.220438, 0.975401]]], "btipPosition": [-20.7044, 66.6361, -59.1337], "carpPosition": [-46.6925, 94.3564, 70.4989], "dipPosition": [-20.702, 69.8921, -44.7266], "direction": [-0.000161985, -0.220438, -0.975401], "extended": true, "handId": 73, "id": 731, "length": 50.8389, "mcpPosition": [-20.6926, 82.6855, 11.8819], "pipPosition": [-20.6986, 74.4982, -24.3453], "stabilizedTipPosition": [-20.5999, 67.5867, -55.5399], "timeVisible": 14.5173, "tipPosition": [-17.7838, 67.1975, -55.2287], "tipVelocity": [0.0341072, -17.764, -9.05778], "tool": false, "touchDistance": 0.298805, "touchZone": "hovering", "type": 1, "width": 17.8278}, {"bases": [[[0.958133, 0.0422981, -0.283181], [-0.0835208, 0.987303, -0.135119], [0.27387, 0.153113, 0.949501]], [[0.981164, 0.0577741, -0.184335], [-0.0912494, 0.979673, -0.178647], [0.170267, 0.192103, 0.966491]], [[0.981164, 0.0577741, -0.184335], [-0.0912494, 0.979673, -0.178647], [0.170267, 0.192103, 0.966491]], [[0.981164, 0.0577741, -0.184335], [-0.0912494, 0.979673, -0.178647], [0.170267, 0.192103, 0.966491]]], "btipPosition": [-24.675, 72.4282, -73.1502], "carpPosition": [-55.6496, 97.7402, 65.2719], "dipPosition": [-27.4411, 75.549, -57.4489], "direction": [0.170267, -0.192103, -0.966491], "extended": true, "handId": 73, "id": 732, "length": 57.9269, "mcpPosition": [-38.7217, 88.2763, 6.58334], "pipPosition": [-31.6268, 80.2715, -33.6895], "stabilizedTipPosition": [-25.0336, 73.3604, -69.2565], "timeVisible": 14.5173, "tipPosition": [-25.9881, 66.4249, -67.1886], "tipVelocity": [-6.11579, -22.9893, -7.82081], "tool": false, "touchDistance": 0.275639, "touchZone": "hovering", "type": 2, "width": 17.5093}, {"bases": [[[0.991544, -0.0101793, -0.129371], [-0.00608014, 0.99218, -0.124669], [0.129628, 0.124401, 0.983728]], [[0.975609, -0.0214715, -0.218463], [0.000996507, 0.995628, -0.0934047], [0.219513, 0.0909087, 0.971365]], [[0.975609, -0.0214715, -0.218463], [-0.00976517, 0.989974, -0.140908], [0.219298, 0.139605, 0.965618]], [[0.975609, -0.0214715, -0.218463], [-0.00976517, 0.989974, -0.140908], [0.219298, 0.139605, 0.965618]]], "btipPosition": [-41.2944, 82.8613, -69.4261], "carpPosition": [-65.7608, 98.8745, 61.407], "dipPosition": [-44.8365, 85.1162, -53.8292], "direction": [0.219298, -0.139605, -0.965618], "extended": true, "handId": 73, "id": 733, "length": 55.6982, "mcpPosition": [-58.5671, 91.9709, 6.81509], "pipPosition": [-50.0884, 88.4595, -30.7043], "stabilizedTipPosition": [-41.8229, 83.7887, -65.6386], "timeVisible": 14.5173, "tipPosition": [-43.2977, 75.0286, -63.6928], "tipVelocity": [-7.53414, -35.2519, -6.99802], "tool": false, "touchDistance": 0.253645, "touchZone": "hovering", "type": 3, "width": 16.6612}], "r": [[0.922063, -0.00466083, 0.387012], [0.0113442, 0.999823, -0.0149868], [-0.386874, 0.0182091, 0.921953]], "s": 1.3849, "t": [-37.4718, -43.9975, 57.0686], "timestamp": 7616397669}, {"currentFrameRate": 115.117, "devices": [], "gestures": [], "hands": [{"armBasis": [[0.831867, 0.40922, -0.374882], [0.15024, 0.484216, 0.861953], [0.534253, -0.773352, 0.341322]], "armWidth": 58.0344, "confidence": 1, "direction": [0.275323, -0.00222077, -0.961349], "elbow": [-203.836, -103.481, 167.471], "grabAngle": 0.0641649, "grabStrength": 0, "id": 73, "palmNormal": [-0.182404, -0.981953, -0.0499707], "palmPosition": [-48.1689, 84.9607, 26.9503], "palmVelocity": [-9.06676, -12.4081, -10.8856], "palmWidth": 80.6112, "pinchDistance": 53.113, "pinchStrength": 0, "r": [[0.921797, -0.00491525, 0.387641], [0.0115441, 0.999824, -0.0147737], [-0.3875, 0.0180933, 0.921692]], "s": 1.38432, "sphereCenter": [-63.0621, 18.123, -3.20882], "sphereRadius": 81.7058, "stabilizedPalmPosition": [-47.7563, 85.5056, 27.4921], "t": [37.399, -44.0993, 56.9762], "timeVisible": 14.526, "type": "left", "wrist": [-76.0412, 81.5063, 85.8255]}], "id": 95663, "interactionBox": {"center": [0, 200, 0], "size": [235.247, 235.247, 147.751]}, "pointables": [{"bases": [[[0.986991, -0.160524, 0.00895589], [0.160773, 0.985383, -0.0563234], [0.00021626, 0.0570305, 0.998372]], [[0.956043, -0.169657, -0.239161], [0.181592, 0.982958, 0.028618], [0.23023, -0.0707896, 0.970558]], [[0.956043, -0.169657, -0.239161], [0.165584, 0.985495, -0.0371712], [0.241998, -0.00406396, 0.970268]], [[0.956043, -0.169657, -0.239161], [0.145307, 0.982547, -0.116139], [0.25469, 0.0762824, 0.964009]]], "btipPosition": [-62.5954, 92.4301, -51.5918], "carpPosition": [-77.5312, 94.2639, 60.1344], "dipPosition": [-66.3906, 93.5668, -37.2269], "direction": [0.241998, 0.00406396, -0.970268], "extended": true, "handId": 73, "id": 734, "length": 43.6664, "mcpPosition": [-77.5201, 91.3342, 8.84687], "pipPosition": [-70.4824, 93.498, -20.8211], "stabilizedTipPosition": [-63.2206, 93.3184, -48.0761], "timeVisible": 14.526, "tipPosition": [-62.7161, 85.0638, -46.8402], "tipVelocity": [-12.3813, -34.8055, -8.26912], "tool": false, "touchDistance": 0.257155, "touchZone": "hovering", "type": 4, "width": 14.7998}, {"bases": [[[0.162947, 0.95395, -0.251848], [-0.733761, 0.287813, 0.615433], [0.659578, 0.0845134, 0.74687]], [[0.207189, 0.957482, -0.200751], [-0.645663, 0.287997, 0.707232], [0.734978, -0.016914, 0.67788]], [[0.207189, 0.957482, -0.200751], [-0.958784, 0.239519, 0.152851], [0.194436, 0.160807, 0.967644]], [[0.207189, 0.957482, -0.200751], [-0.965638, 0.167247, -0.198925], [-0.156893, 0.235068, 0.959233]]], "btipPosition": [-10.6973, 67.1894, 2.67137], "carpPosition": [-45.7575, 75.9373, 80.5791], "dipPosition": [-7.52295, 71.9454, 22.0789], "direction": [0.194436, -0.160807, -0.967644], "extended": false, "handId": 73, "id": 730, "length": 45.0545, "mcpPosition": [-45.7575, 75.9373, 80.5791], "pipPosition": [-13.254, 76.6853, 50.6008], "stabilizedTipPosition": [-9.35211, 69.2448, 8.2109], "timeVisible": 14.526, "tipPosition": [-11.6318, 63.4809, 8.37717], "tipVelocity": [-14.9718, -14.9499, -14.9184], "tool": false, "touchDistance": 0.256279, "touchZone": "hovering", "type": 0, "width": 18.6639}, {"bases": [[[0.884262, 0.186055, -0.428328], [-0.244157, 0.966054, -0.084421], [0.398081, 0.179229, 0.899671]], [[0.969193, 0.240181, -0.0545719], [-0.246303, 0.94527, -0.214009], [0.000184208, 0.220857, 0.975306]], [[0.969193, 0.240181, -0.0545719], [-0.246303, 0.94527, -0.214009], [0.000184208, 0.220857, 0.975306]], [[0.969193, 0.240181, -0.0545719], [-0.246303, 0.94527, -0.214009], [0.000184208, 0.220857, 0.975306]]], "btipPosition": [-20.7727, 66.5162, -59.2507], "carpPosition": [-46.7321, 94.2779, 70.3966], "dipPosition": [-20.7754, 69.7784, -44.845], "direction": [0.000184208, -0.220857, -0.975306], "extended": true, "handId": 73, "id": 731, "length": 50.8389, "mcpPosition": [-20.7861, 82.5961, 11.7579], "pipPosition": [-20.7792, 74.3932, -24.4658], "stabilizedTipPosition": [-20.6307, 67.5297, -55.6107], "timeVisible": 14.526, "tipPosition": [-17.9528, 67.069, -55.3493], "tipVelocity": [-7.98297, -13.6185, -13.4922], "tool": false, "touchDistance": 0.296849, "touchZone": "hovering", "type": 1, "width": 17.8278}, {"bases": [[[0.958494, 0.0411256, -0.282131], [-0.0823479, 0.987302, -0.135847], [0.272962, 0.153441, 0.949709]], [[0.981365, 0.0565857, -0.183634], [-0.0900955, 0.979601, -0.179624], [0.169724, 0.192821, 0.966444]], [[0.981365, 0.0565857, -0.183634], [-0.0900955, 0.979601, -0.179624], [0.169724, 0.192821, 0.966444]], [[0.981365, 0.0565857, -0.183634], [-0.0900955, 0.979601, -0.179624], [0.169724, 0.192821, 0.966444]]], "btipPosition": [-24.825, 72.2575, -73.2535], "carpPosition": [-55.6986, 97.649, 65.1775], "dipPosition": [-27.5823, 75.39, -57.553], "direction": [0.169724, -0.192821, -0.966444], "extended": true, "handId": 73, "id": 732, "length": 57.9269, "mcpPosition": [-38.8269, 88.1649, 6.47608], "pipPosition": [-31.7546, 80.1302, -33.7948], "stabilizedTipPosition": [-25.1208, 73.2821, -69.3356], "timeVisible": 14.526, "tipPosition": [-26.152, 66.2951, -67.3016], "tipVelocity": [-17.0036, -19.3136, -11.9], "tool": false, "touchDistance": 0.273914, "touchZone": "hovering", "type": 2, "width": 17.5093}, {"bases": [[[0.991678, -0.0112873, -0.128249], [-0.00491403, 0.992105, -0.125313], [0.128651, 0.1249, 0.983793]], [[0.975753, -0.0226642, -0.217697], [0.00179183, 0.995418, -0.0956009], [0.218866, 0.0928928, 0.971323]], [[0.975753, -0.0226642, -0.217697], [-0.00892222, 0.989679, -0.143026], [0.218691, 0.1415, 0.96548]], [[0.975753, -0.0226642, -0.217697], [-0.00892222, 0.989679, -0.143026], [0.218691, 0.1415, 0.96548]]], "btipPosition": [-41.4524, 82.5769, -69.5063], "carpPosition": [-65.8154, 98.7705, 61.3233], "dipPosition": [-44.9848, 84.8624, -53.9116], "direction": [0.218691, -0.1415, -0.96548], "extended": true, "handId": 73, "id": 733, "length": 55.6982, "mcpPosition": [-58.6759, 91.8391, 6.72775], "pipPosition": [-50.2221, 88.2511, -30.79], "stabilizedTipPosition": [-41.9343, 83.6158, -65.7094], "timeVisible": 14.526, "tipPosition": [-43.4586, 74.9327, -63.8033], "tipVelocity": [-17.9111, -31.887, -9.27669], "tool": false, "touchDistance": 0.252301, "touchZone": "hovering", "type": 3, "width": 16.6612}], "r": [[0.921797, -0.00491525, 0.387641], [0.0115441, 0.999824, -0.0147737], [-0.3875, 0.0180933, 0.921692]], "s": 1.38432, "t": [-37.399, -44.0993, 56.9762], "timestamp": 7616406368}, {"currentFrameRate": 115.227, "devices": [], "gestures": [], "hands": [{"armBasis": [[0.833946, 0.408009, -0.371568], [0.15108, 0.478792, 0.864831], [0.530763, -0.777359, 0.337645]], "armWidth": 58.0344, "confidence": 1, "direction": [0.273583, 4.62815e-05, -0.961849], "elbow": [-202.956, -104.722, 166.495], "grabAngle": 0.0646302, "grabStrength": 0, "id": 73, "palmNormal": [-0.180114, -0.982308, -0.0512779], "palmPosition": [-48.2397, 84.8778, 26.8296], "palmVelocity": [-8.33526, -9.75728, -14.2052], "palmWidth": 80.6112, "pinchDistance": 53.0923, "pinchStrength": 0, "r": [[0.921442, -0.00569529, 0.388475], [0.012194, 0.999824, -0.0142655], [-0.388326, 0.0178819, 0.921349]], "s": 1.38366, "sphereCenter": [-62.8262, 16.0773, -3.07924], "sphereRadius": 83.2387, "stabilizedPalmPosition": [-47.7989, 85.4503, 27.4338], "t": [37.3271, -44.1917, 56.8697], "timeVisible": 14.5345, "type": "left", "wrist": [-75.9962, 81.2237, 85.7293]}], "id": 95664, "interactionBox": {"center": [0, 200, 0], "size": [235.247, 235.247, 147.751]}, "pointables": [{"bases": [[[0.986582, -0.162933, 0.0104749], [0.163263, 0.985082, -0.0543888], [-0.0014569, 0.0553692, 0.998465]], [[0.955888, -0.171587, -0.238403], [0.183349, 0.982652, 0.0278968], [0.229481, -0.0703772, 0.970766]], [[0.955888, -0.171587, -0.238403], [0.167459, 0.985161, -0.037621], [0.241321, -0.00396124, 0.970437]], [[0.955888, -0.171587, -0.238403], [0.147553, 0.982301, -0.115378], [0.253981, 0.0751112, 0.964288]]], "btipPosition": [-62.7593, 92.3092, -51.6619], "carpPosition": [-77.5642, 94.0545, 60.0823], "dipPosition": [-66.5439, 93.4284, -37.2929], "direction": [0.241321, 0.00396124, -0.970437], "extended": true, "handId": 73, "id": 734, "length": 43.6664, "mcpPosition": [-77.639, 91.2101, 8.79004], "pipPosition": [-70.6243, 93.3614, -20.8843], "stabilizedTipPosition": [-63.311, 93.1524, -48.1381], "timeVisible": 14.5345, "tipPosition": [-62.9277, 85.1404, -46.9478], "tipVelocity": [-19.0078, -14.7073, -8.15121], "tool": false, "touchDistance": 0.256001, "touchZone": "hovering", "type": 4, "width": 14.7998}, {"bases": [[[0.165715, 0.95397, -0.249961], [-0.734177, 0.288569, 0.614583], [0.658425, 0.0816704, 0.748202]], [[0.209497, 0.957299, -0.199223], [-0.646593, 0.288466, 0.706191], [0.733505, -0.0191282, 0.679415]], [[0.209497, 0.957299, -0.199223], [-0.958662, 0.241209, 0.150948], [0.192557, 0.159365, 0.968259]], [[0.209497, 0.957299, -0.199223], [-0.964679, 0.16907, -0.202016], [-0.159707, 0.234508, 0.958905]]], "btipPosition": [-10.8264, 67.175, 2.45178], "carpPosition": [-45.7091, 75.7711, 80.4389], "dipPosition": [-7.59511, 71.9197, 21.8527], "direction": [0.192557, -0.159365, -0.968259], "extended": false, "handId": 73, "id": 730, "length": 45.0545, "mcpPosition": [-45.7091, 75.7711, 80.4389], "pipPosition": [-13.2708, 76.617, 50.3926], "stabilizedTipPosition": [-9.40581, 69.1729, 8.11564], "timeVisible": 14.5345, "tipPosition": [-11.6761, 63.5421, 8.14823], "tipVelocity": [-13.6598, -2.00311, -26.0341], "tool": false, "touchDistance": 0.252593, "touchZone": "hovering", "type": 0, "width": 18.6639}, {"bases": [[[0.885486, 0.184621, -0.426415], [-0.241662, 0.966783, -0.0832516], [0.396881, 0.176766, 0.900688]], [[0.969831, 0.237805, -0.0536329], [-0.243778, 0.946368, -0.212038], [0.000332807, 0.218715, 0.975789]], [[0.969831, 0.237805, -0.0536329], [-0.243778, 0.946368, -0.212038], [0.000332807, 0.218715, 0.975789]], [[0.969831, 0.237805, -0.0536329], [-0.243778, 0.946368, -0.212038], [0.000332807, 0.218715, 0.975789]]], "btipPosition": [-20.8546, 66.681, -59.46], "carpPosition": [-46.7467, 94.1262, 70.2888], "dipPosition": [-20.8595, 69.9115, -45.0471], "direction": [0.000332807, -0.218715, -0.975789], "extended": true, "handId": 73, "id": 731, "length": 50.8389, "mcpPosition": [-20.8788, 82.6049, 11.5838], "pipPosition": [-20.8665, 74.4817, -24.6578], "stabilizedTipPosition": [-20.6638, 67.5142, -55.6892], "timeVisible": 14.5345, "tipPosition": [-18.1482, 67.198, -55.5582], "tipVelocity": [-9.70629, 18.5458, -24.4441], "tool": false, "touchDistance": 0.293389, "touchZone": "hovering", "type": 1, "width": 17.8278}, {"bases": [[[0.959101, 0.039269, -0.280326], [-0.0797085, 0.987723, -0.134349], [0.271609, 0.151199, 0.950456]], [[0.981757, 0.0544473, -0.182178], [-0.0874379, 0.980086, -0.178285], [0.168843, 0.190962, 0.966967]], [[0.981757, 0.0544473, -0.182178], [-0.0874379, 0.980086, -0.178285], [0.168843, 0.190962, 0.966967]], [[0.981757, 0.0544473, -0.182178], [-0.0874379, 0.980086, -0.178285], [0.168843, 0.190962, 0.966967]]], "btipPosition": [-25.0134, 72.3847, -73.4289], "carpPosition": [-55.7307, 97.4843, 65.0915], "dipPosition": [-27.7564, 75.487, -57.7199], "direction": [0.168843, -0.190962, -0.966967], "extended": true, "handId": 73, "id": 732, "length": 57.9269, "mcpPosition": [-38.9426, 88.1387, 6.34392], "pipPosition": [-31.9071, 80.1815, -33.9487], "stabilizedTipPosition": [-25.2157, 73.2487, -69.4227], "timeVisible": 14.5345, "tipPosition": [-26.347, 66.4382, -67.4984], "tipVelocity": [-21.7987, 14.1607, -20.4133], "tool": false, "touchDistance": 0.271025, "touchZone": "hovering", "type": 2, "width": 17.5093}, {"bases": [[[0.991878, -0.0134801, -0.126473], [-0.00228243, 0.992321, -0.123667], [0.127169, 0.122951, 0.984231]], [[0.976009, -0.0247139, -0.216321], [0.0040412, 0.995422, -0.0954898], [0.217691, 0.0923248, 0.971641]], [[0.976009, -0.0247139, -0.216321], [-0.00657106, 0.989741, -0.142722], [0.217629, 0.140719, 0.965834]], [[0.976009, -0.0247139, -0.216321], [-0.00657106, 0.989741, -0.142722], [0.217629, 0.140719, 0.965834]]], "btipPosition": [-41.6645, 82.5554, -69.6229], "carpPosition": [-65.8572, 98.5875, 61.2575], "dipPosition": [-45.1797, 84.8283, -54.0224], "direction": [0.217629, -0.140719, -0.965834], "extended": true, "handId": 73, "id": 733, "length": 55.6982, "mcpPosition": [-58.8, 91.7644, 6.63766], "pipPosition": [-50.3916, 88.1983, -30.8924], "stabilizedTipPosition": [-42.0574, 83.4929, -65.7837], "timeVisible": 14.5345, "tipPosition": [-43.6606, 75.0736, -63.9648], "tipVelocity": [-24.506, -2.87343, -13.5717], "tool": false, "touchDistance": 0.250379, "touchZone": "hovering", "type": 3, "width": 16.6612}], "r": [[0.921442, -0.00569529, 0.388475], [0.012194, 0.999824, -0.0142655], [-0.388326, 0.0178819, 0.921349]], "s": 1.38366, "t": [-37.3271, -44.1917, 56.8697], "timestamp": 7616414861}, {"currentFrameRate": 115.251, "devices": [], "gestures": [], "hands": [{"armBasis": [[0.836332, 0.406826, -0.367481], [0.151046, 0.473374, 0.867815], [0.527005, -0.781288, 0.334448]], "armWidth": 58.0344, "confidence": 1, "direction": [0.271105, 0.00174818, -0.962548], "elbow": [-201.977, -105.934, 165.607], "grabAngle": 0.0642111, "grabStrength": 0, "id": 73, "palmNormal": [-0.178527, -0.982556, -0.0520671], "palmPosition": [-48.3231, 84.7692, 26.6614], "palmVelocity": [-9.66026, -12.5838, -19.4784], "palmWidth": 80.6112, "pinchDistance": 53.0804, "pinchStrength": 0, "r": [[0.920953, -0.00674139, 0.389615], [0.0130711, 0.999822, -0.0135972], [-0.389454, 0.0176151, 0.920877]], "s": 1.38305, "sphereCenter": [-62.7771, 15.3433, -3.19231], "sphereRadius": 83.737, "stabilizedPalmPosition": [-47.8387, 85.3986, 27.3752], "t": [37.2495, -44.2922, 56.7324], "timeVisible": 14.5431, "type": "left", "wrist": [-75.9161, 80.9514, 85.6067]}], "id": 95665, "interactionBox": {"center": [0, 200, 0], "size": [235.247, 235.247, 147.751]}, "pointables": [{"bases": [[[0.986265, -0.164675, 0.0128051], [0.165126, 0.984863, -0.0527124], [-0.00393088, 0.0541028, 0.998528]], [[0.956025, -0.172968, -0.236851], [0.184568, 0.982434, 0.0275376], [0.227927, -0.0700416, 0.971156]], [[0.956025, -0.172968, -0.236851], [0.168982, 0.984917, -0.0371854], [0.23971, -0.00447345, 0.970834]], [[0.956025, -0.172968, -0.236851], [0.149489, 0.982184, -0.113871], [0.252327, 0.0734569, 0.96485]]], "btipPosition": [-62.9995, 92.1949, -51.7734], "carpPosition": [-77.5779, 93.8522, 60.0011], "dipPosition": [-66.7594, 93.2895, -37.396], "direction": [0.23971, 0.00447345, -0.970834], "extended": true, "handId": 73, "id": 734, "length": 43.6664, "mcpPosition": [-77.7798, 91.0728, 8.7056], "pipPosition": [-70.8126, 93.2139, -20.9806], "stabilizedTipPosition": [-63.4285, 93.0025, -48.2079], "timeVisible": 14.5431, "tipPosition": [-63.2058, 85.1473, -47.0865], "tipVelocity": [-27.1559, -13.886, -12.6813], "tool": false, "touchDistance": 0.254176, "touchZone": "hovering", "type": 4, "width": 14.7998}, {"bases": [[[0.168027, 0.953994, -0.248317], [-0.735251, 0.289074, 0.61306], [0.656638, 0.0795651, 0.749997]], [[0.211409, 0.957176, -0.197789], [-0.648157, 0.288761, 0.704634], [0.731573, -0.0207675, 0.681447]], [[0.211409, 0.957176, -0.197789], [-0.958758, 0.242419, 0.14838], [0.189974, 0.158263, 0.968949]], [[0.211409, 0.957176, -0.197789], [-0.963644, 0.170293, -0.205888], [-0.163388, 0.234125, 0.958379]]], "btipPosition": [-10.9919, 67.1154, 2.16566], "carpPosition": [-45.6386, 75.5988, 80.2524], "dipPosition": [-7.68615, 71.8523, 21.5559], "direction": [0.189974, -0.158263, -0.968949], "extended": false, "handId": 73, "id": 730, "length": 45.0545, "mcpPosition": [-45.6386, 75.5988, 80.2524], "pipPosition": [-13.2857, 76.5172, 50.1162], "stabilizedTipPosition": [-9.45459, 69.1157, 8.0276], "timeVisible": 14.5431, "tipPosition": [-11.7642, 63.5406, 7.85375], "tipVelocity": [-17.1826, -7.10942, -33.415], "tool": false, "touchDistance": 0.247784, "touchZone": "hovering", "type": 0, "width": 18.6639}, {"bases": [[[0.886903, 0.18361, -0.4239], [-0.239754, 0.96731, -0.0826401], [0.394869, 0.174926, 0.901931]], [[0.970339, 0.236045, -0.0522015], [-0.241749, 0.94735, -0.209964], [-0.00010792, 0.216356, 0.976315]], [[0.970339, 0.236045, -0.0522015], [-0.241749, 0.94735, -0.209964], [-0.00010792, 0.216356, 0.976315]], [[0.970339, 0.236045, -0.0522015], [-0.241749, 0.94735, -0.209964], [-0.00010792, 0.216356, 0.976315]]], "btipPosition": [-21.0055, 66.8115, -59.7397], "carpPosition": [-46.7344, 93.9649, 70.1283], "dipPosition": [-21.0039, 70.0071, -45.3191], "direction": [-0.00010792, -0.216356, -0.976315], "extended": true, "handId": 73, "id": 731, "length": 50.8389, "mcpPosition": [-20.9977, 82.5636, 11.3424], "pipPosition": [-21.0017, 74.528, -24.9188], "stabilizedTipPosition": [-20.705, 67.5181, -55.7778], "timeVisible": 14.5431, "tipPosition": [-18.4372, 67.2496, -55.8316], "tipVelocity": [-17.3028, 14.1776, -32.1842], "tool": false, "touchDistance": 0.288757, "touchZone": "hovering", "type": 1, "width": 17.8278}, {"bases": [[[0.959887, 0.0379437, -0.277808], [-0.0776338, 0.988031, -0.133294], [0.269425, 0.149514, 0.951344]], [[0.982242, 0.052894, -0.18001], [-0.0851821, 0.980577, -0.176672], [0.167168, 0.188869, 0.967669]], [[0.982242, 0.052894, -0.18001], [-0.0851821, 0.980577, -0.176672], [0.167168, 0.188869, 0.967669]], [[0.982242, 0.052894, -0.18001], [-0.0851821, 0.980577, -0.176672], [0.167168, 0.188869, 0.967669]]], "btipPosition": [-25.2935, 72.4911, -73.6747], "carpPosition": [-55.7377, 97.3138, 64.9585], "dipPosition": [-28.0093, 75.5594, -57.9543], "direction": [0.167168, -0.188869, -0.967669], "extended": true, "handId": 73, "id": 732, "length": 57.9269, "mcpPosition": [-39.0845, 88.0723, 6.15603], "pipPosition": [-32.1188, 80.2024, -34.1659], "stabilizedTipPosition": [-25.3316, 73.2402, -69.5277], "timeVisible": 14.5431, "tipPosition": [-26.6383, 66.5139, -67.7551], "tipVelocity": [-31.7079, 11.4085, -28.1578], "tool": false, "touchDistance": 0.266972, "touchZone": "hovering", "type": 2, "width": 17.5093}, {"bases": [[[0.992176, -0.0150583, -0.123938], [-0.000227559, 0.99248, -0.122407], [0.124849, 0.121477, 0.984711]], [[0.976451, -0.0261876, -0.214146], [0.00585961, 0.995459, -0.095015], [0.215662, 0.0915226, 0.97217]], [[0.976451, -0.0261876, -0.214146], [-0.00454345, 0.989889, -0.141769], [0.215693, 0.139404, 0.966459]], [[0.976451, -0.0261876, -0.214146], [-0.00454345, 0.989889, -0.141769], [0.215693, 0.139404, 0.966459]]], "btipPosition": [-41.9679, 82.5376, -69.8005], "carpPosition": [-65.8759, 98.4042, 61.152], "dipPosition": [-45.4519, 84.7893, -54.19], "direction": [0.215693, -0.139404, -0.966459], "extended": true, "handId": 73, "id": 733, "length": 55.6982, "mcpPosition": [-58.9474, 91.6628, 6.50548], "pipPosition": [-50.6174, 88.1277, -31.0449], "stabilizedTipPosition": [-42.2092, 83.3996, -65.8747], "timeVisible": 14.5431, "tipPosition": [-43.9568, 75.1143, -64.1636], "tipVelocity": [-34.3037, -2.62781, -20.3018], "tool": false, "touchDistance": 0.247457, "touchZone": "hovering", "type": 3, "width": 16.6612}], "r": [[0.920953, -0.00674139, 0.389615], [0.0130711, 0.999822, -0.0135972], [-0.389454, 0.0176151, 0.920877]], "s": 1.38305, "t": [-37.2495, -44.2922, 56.7324], "timestamp": 7616423497}, {"currentFrameRate": 115.214, "devices": [], "gestures": [], "hands": [{"armBasis": [[0.838801, 0.405361, -0.363449], [0.151157, 0.467929, 0.870743], [0.523033, -0.785318, 0.331227]], "armWidth": 58.0344, "confidence": 1, "direction": [0.269886, 0.00107815, -0.962892], "elbow": [-201.015, -107.065, 164.711], "grabAngle": 0.0638191, "grabStrength": 0, "id": 73, "palmNormal": [-0.180163, -0.982283, -0.0515971], "palmPosition": [-48.4181, 84.6154, 26.5196], "palmVelocity": [-10.8622, -17.5947, -16.2256], "palmWidth": 80.6112, "pinchDistance": 53.0725, "pinchStrength": 0, "r": [[0.920464, -0.00726492, 0.390759], [0.0134559, 0.999824, -0.0131079], [-0.390595, 0.0173234, 0.9204]], "s": 1.38248, "sphereCenter": [-62.9583, 14.7341, -3.22219], "sphereRadius": 84.1071, "stabilizedPalmPosition": [-47.8814, 85.341, 27.3122], "t": [37.1632, -44.4194, 56.5928], "timeVisible": 14.5519, "type": "left", "wrist": [-75.9046, 80.7851, 85.4809]}], "id": 95666, "interactionBox": {"center": [0, 200, 0], "size": [235.247, 235.247, 147.751]}, "pointables": [{"bases": [[[0.98651, -0.163095, 0.0140969], [0.163618, 0.985113, -0.052747], [-0.00528422, 0.0543419, 0.998508]], [[0.956403, -0.171507, -0.236387], [0.182579, 0.982858, 0.0256018], [0.227944, -0.0676449, 0.971322]], [[0.956403, -0.171507, -0.236387], [0.167225, 0.985178, -0.0382009], [0.239435, -0.00299442, 0.970908]], [[0.956403, -0.171507, -0.236387], [0.148005, 0.9824, -0.113947], [0.25177, 0.0739931, 0.964954]]], "btipPosition": [-63.1195, 91.9775, -51.8873], "carpPosition": [-77.616, 93.7533, 59.8941], "dipPosition": [-66.8712, 93.0801, -37.5083], "direction": [0.239435, 0.00299442, -0.970908], "extended": true, "handId": 73, "id": 734, "length": 43.6664, "mcpPosition": [-77.8874, 90.9617, 8.59957], "pipPosition": [-70.9197, 93.0295, -21.0917], "stabilizedTipPosition": [-63.54, 92.8473, -48.2828], "timeVisible": 14.5519, "tipPosition": [-63.3973, 85.0428, -47.2178], "tipVelocity": [-13.5122, -24.6588, -12.9885], "tool": false, "touchDistance": 0.252283, "touchZone": "hovering", "type": 4, "width": 14.7998}, {"bases": [[[0.166817, 0.954201, -0.248341], [-0.736489, 0.288049, 0.612055], [0.655558, 0.0807991, 0.75081]], [[0.209895, 0.957458, -0.198037], [-0.649728, 0.287947, 0.703519], [0.730614, -0.0189954, 0.682526]], [[0.209895, 0.957458, -0.198037], [-0.959431, 0.240696, 0.146823], [0.188244, 0.159185, 0.969136]], [[0.209895, 0.957458, -0.198037], [-0.963517, 0.168154, -0.20823], [-0.166071, 0.234518, 0.957821]]], "btipPosition": [-11.1812, 66.857, 1.9807], "carpPosition": [-45.6802, 75.4538, 80.1093], "dipPosition": [-7.82116, 71.6018, 21.3597], "direction": [0.188244, -0.159185, -0.969136], "extended": false, "handId": 73, "id": 730, "length": 45.0545, "mcpPosition": [-45.6802, 75.4538, 80.1093], "pipPosition": [-13.3697, 76.2939, 49.9255], "stabilizedTipPosition": [-9.51624, 69.0403, 7.92485], "timeVisible": 14.5519, "tipPosition": [-11.9122, 63.3383, 7.66691], "tipVelocity": [-20.2242, -29.3532, -21.4543], "tool": false, "touchDistance": 0.244658, "touchZone": "hovering", "type": 0, "width": 18.6639}, {"bases": [[[0.887145, 0.184923, -0.42282], [-0.241195, 0.966905, -0.0831839], [0.393444, 0.175778, 0.902388]], [[0.969994, 0.237484, -0.0520884], [-0.243129, 0.947156, -0.209246], [-0.000356758, 0.215631, 0.976475]], [[0.969994, 0.237484, -0.0520884], [-0.243129, 0.947156, -0.209246], [-0.000356758, 0.215631, 0.976475]], [[0.969994, 0.237484, -0.0520884], [-0.243129, 0.947156, -0.209246], [-0.000356758, 0.215631, 0.976475]]], "btipPosition": [-21.1416, 66.663, -59.9273], "carpPosition": [-46.7595, 93.8192, 69.9822], "dipPosition": [-21.1363, 69.8479, -45.5043], "direction": [-0.000356758, -0.215631, -0.976475], "extended": true, "handId": 73, "id": 731, "length": 50.8389, "mcpPosition": [-21.1156, 82.3624, 11.1665], "pipPosition": [-21.1289, 74.3536, -25.1007], "stabilizedTipPosition": [-20.7534, 67.5045, -55.8703], "timeVisible": 14.5519, "tipPosition": [-18.6838, 67.0306, -56.0116], "tipVelocity": [-15.471, -17.269, -21.3985], "tool": false, "touchDistance": 0.285639, "touchZone": "hovering", "type": 1, "width": 17.8278}, {"bases": [[[0.960177, 0.0394099, -0.276599], [-0.0790437, 0.987873, -0.133637], [0.267979, 0.150179, 0.951648]], [[0.982342, 0.0543846, -0.179014], [-0.0864277, 0.980518, -0.176391], [0.165933, 0.188748, 0.967905]], [[0.982342, 0.0543846, -0.179014], [-0.0864277, 0.980518, -0.176391], [0.165933, 0.188748, 0.967905]], [[0.982342, 0.0543846, -0.179014], [-0.0864277, 0.980518, -0.176391], [0.165933, 0.188748, 0.967905]]], "btipPosition": [-25.5111, 72.3274, -73.8485], "carpPosition": [-55.764, 97.1813, 64.8229], "dipPosition": [-28.2068, 75.3937, -58.1243], "direction": [0.165933, -0.188748, -0.967905], "extended": true, "handId": 73, "id": 732, "length": 57.9269, "mcpPosition": [-39.2003, 87.8987, 6.00167], "pipPosition": [-32.286, 80.0338, -34.3301], "stabilizedTipPosition": [-25.4582, 73.2073, -69.6392], "timeVisible": 14.5519, "tipPosition": [-26.8795, 66.3267, -67.9283], "tipVelocity": [-24.3642, -18.7746, -19.7848], "tool": false, "touchDistance": 0.264089, "touchZone": "hovering", "type": 2, "width": 17.5093}, {"bases": [[[0.992355, -0.0135025, -0.122675], [-0.00165859, 0.992448, -0.122653], [0.123405, 0.121919, 0.984839]], [[0.976698, -0.0247153, -0.213192], [0.00426203, 0.995385, -0.0958691], [0.214577, 0.0927265, 0.972295]], [[0.976698, -0.0247153, -0.213192], [-0.00602248, 0.9898, -0.142338], [0.214535, 0.140305, 0.966586]], [[0.976698, -0.0247153, -0.213192], [-0.00602248, 0.9898, -0.142338], [0.214535, 0.140305, 0.966586]]], "btipPosition": [-42.1657, 82.3131, -69.9405], "carpPosition": [-65.9052, 98.2869, 61.029], "dipPosition": [-45.631, 84.5794, -54.328], "direction": [0.214535, -0.140305, -0.966586], "extended": true, "handId": 73, "id": 733, "length": 55.6982, "mcpPosition": [-59.0569, 91.521, 6.37542], "pipPosition": [-50.7687, 87.9394, -31.1799], "stabilizedTipPosition": [-42.3632, 83.2841, -65.9717], "timeVisible": 14.5519, "tipPosition": [-44.179, 74.9537, -64.3143], "tipVelocity": [-22.1339, -25.2918, -15.9632], "tool": false, "touchDistance": 0.245131, "touchZone": "hovering", "type": 3, "width": 16.6612}], "r": [[0.920464, -0.00726492, 0.390759], [0.0134559, 0.999824, -0.0131079], [-0.390595, 0.0173234, 0.9204]], "s": 1.38248, "t": [-37.1632, -44.4194, 56.5928], "timestamp": 7616432239}, {"currentFrameRate": 115.278, "devices": [], "gestures": [], "hands": [{"armBasis": [[0.841305, 0.403773, -0.359406], [0.150866, 0.463071, 0.873387], [0.519081, -0.789007, 0.328668]], "armWidth": 58.0344, "confidence": 1, "direction": [0.268653, 0.000704473, -0.963237], "elbow": [-200.072, -108.036, 163.984], "grabAngle": 0.0634255, "grabStrength": 0, "id": 73, "palmNormal": [-0.182007, -0.981949, -0.0514811], "palmPosition": [-48.5315, 84.5484, 26.3837], "palmVelocity": [-13.2398, -7.81975, -15.8659], "palmWidth": 80.6112, "pinchDistance": 53.0644, "pinchStrength": 0, "r": [[0.919974, -0.0073601, 0.39191], [0.0134046, 0.99983, -0.0126893], [-0.39175, 0.0169272, 0.919916]], "s": 1.38192, "sphereCenter": [-63.1533, 14.1985, -3.26176], "sphereRadius": 84.4949, "stabilizedPalmPosition": [-47.9233, 85.2898, 27.2522], "t": [37.0634, -44.5165, 56.455], "timeVisible": 14.5604, "type": "left", "wrist": [-75.9071, 80.6962, 85.3662]}], "id": 95667, "interactionBox": {"center": [0, 200, 0], "size": [235.247, 235.247, 147.751]}, "pointables": [{"bases": [[[0.986784, -0.161311, 0.0153419], [0.161902, 0.985413, -0.052422], [-0.0066619, 0.0542131, 0.998507]], [[0.956764, -0.16976, -0.236187], [0.180378, 0.983306, 0.0239369], [0.228181, -0.0655049, 0.971413]], [[0.956764, -0.16976, -0.236187], [0.165334, 0.985483, -0.0385674], [0.239306, -0.00214992, 0.970942]], [[0.956764, -0.16976, -0.236187], [0.146374, 0.98271, -0.113379], [0.251351, 0.073905, 0.96507]]], "btipPosition": [-63.2455, 91.8876, -51.9898], "carpPosition": [-77.67, 93.7352, 59.7966], "dipPosition": [-66.9909, 92.9889, -37.6091], "direction": [0.239306, 0.00214992, -0.970942], "extended": true, "handId": 73, "