{"frames": 137, "data": [{"currentFrameRate": 113.733, "devices": [], "gestures": [], "hands": [{"armBasis": [[0.0116578, -0.875546, -0.482993], [0.951886, 0.157645, -0.262795], [0.30623, -0.456691, 0.835258]], "armWidth": 59.5212, "confidence": 1, "direction": [-0.123737, 0.173996, -0.976941], "elbow": [-290.719, -4.17443, 312.49], "grabAngle": 0.0681633, "grabStrength": 0, "id": 47, "palmNormal": [0.985243, -0.0957853, -0.141849], "palmPosition": [-209.775, 138.666, 22.6007], "palmVelocity": [0.43342, 11.2383, 6.04594], "palmWidth": 88.5196, "pinchDistance": 56.8601, "pinchStrength": 0, "r": [[-0.470275, 0.754171, -0.458331], [-0.769962, -0.604421, -0.204532], [-0.431277, 0.256711, 0.864927]], "s": 0.851954, "sphereCenter": [-214.464, 91.2105, -23.4785], "sphereRadius": 70.1978, "stabilizedPalmPosition": [-209.829, 138.593, 21.8983], "t": [-41.8117, 2.98583, -12.3071], "timeVisible": 10.181, "type": "left", "wrist": [-210.282, 115.784, 93.0929]}], "id": 57819, "interactionBox": {"center": [0, 200, 0], "size": [235.247, 235.247, 147.751]}, "pointables": [{"bases": [[[0.95296, -0.274755, -0.127973], [0.297151, 0.763692, 0.573128], [-0.0597381, -0.584196, 0.809411]], [[0.954203, -0.259263, -0.149261], [0.29555, 0.739708, 0.604551], [-0.0463283, -0.620979, 0.782457]], [[0.954203, -0.259263, -0.149261], [0.27587, 0.955575, 0.103784], [0.115722, -0.140208, 0.983336]], [[0.954203, -0.259263, -0.149261], [0.23192, 0.956245, -0.178349], [0.188969, 0.135565, 0.97258]]], "btipPosition": [-188.154, 180.016, -14.6068], "carpPosition": [-194.249, 148.256, 79.5236], "dipPosition": [-192.564, 183.179, 8.09169], "direction": [0.115722, 0.140208, -0.983336], "extended": false, "handId": 47, "id": 470, "length": 51.9712, "mcpPosition": [-194.249, 148.256, 79.5236], "pipPosition": [-196.499, 178.412, 41.5257], "stabilizedTipPosition": [-189.08, 179.975, -9.75703], "timeVisible": 10.181, "tipPosition": [-187.333, 181.556, -8.60191], "tipVelocity": [-0.645886, 20.1025, 5.19878], "tool": false, "touchDistance": 0.333368, "touchZone": "hovering", "type": 0, "width": 18.5712}, {"bases": [[[0.137355, -0.936949, -0.321341], [0.989492, 0.14458, 0.00139117], [0.0451562, -0.318156, 0.946962]], [[0.143788, -0.98499, 0.0954993], [0.982811, 0.153425, 0.102678], [-0.115789, 0.0790939, 0.99012]], [[0.143788, -0.98499, 0.0954993], [0.98557, 0.151242, 0.0760072], [-0.0893098, 0.0831923, 0.992523]], [[0.143788, -0.98499, 0.0954993], [0.98557, 0.151242, 0.0760072], [-0.0893098, 0.0831923, 0.992523]]], "btipPosition": [-220.61, 160.159, -80.229], "carpPosition": [-215.207, 144.199, 70.7999], "dipPosition": [-219.088, 161.577, -63.3184], "direction": [-0.0893098, -0.0831923, -0.992523], "extended": true, "handId": 47, "id": 471, "length": 58.6436, "mcpPosition": [-211.975, 166.97, 3.02381], "pipPosition": [-216.935, 163.582, -39.3956], "stabilizedTipPosition": [-219.708, 160.03, -76.7689], "timeVisible": 10.181, "tipPosition": [-216.545, 161.677, -76.3822], "tipVelocity": [-16.9722, 20.664, 9.32165], "tool": false, "touchDistance": 0.333396, "touchZone": "hovering", "type": 1, "width": 17.7392}, {"bases": [[[-0.0285177, -0.982146, -0.185946], [0.99922, -0.0229237, -0.0321654], [0.0273286, -0.186718, 0.982033]], [[-0.0219961, -0.99934, 0.0289024], [0.999557, -0.0214023, 0.020694], [-0.0200618, 0.0293447, 0.999368]], [[-0.0219961, -0.99934, 0.0289024], [0.999712, -0.0217086, 0.010223], [-0.0095888, 0.0291189, 0.99953]], [[-0.0219961, -0.99934, 0.0289024], [0.999498, -0.0226411, -0.0221838], [0.0228236, 0.0283999, 0.999336]]], "btipPosition": [-217.401, 143.423, -95.3094], "carpPosition": [-218.447, 133.518, 66.4516], "dipPosition": [-217.828, 143.955, -76.5822], "direction": [-0.0095888, -0.0291189, -0.99953], "extended": true, "handId": 47, "id": 472, "length": 66.8197, "mcpPosition": [-216.592, 146.191, -0.202674], "pipPosition": [-217.556, 144.781, -48.2384], "stabilizedTipPosition": [-217.036, 143.271, -91.3286], "timeVisible": 10.181, "tipPosition": [-213.591, 144.078, -90.698], "tipVelocity": [-19.1741, 18.1434, 7.52078], "tool": false, "touchDistance": 0.333384, "touchZone": "hovering", "type": 2, "width": 17.4223}, {"bases": [[[-0.099429, -0.994377, -0.0364479], [0.994991, -0.0989755, -0.0140468], [0.0103603, -0.0376619, 0.999237]], [[-0.0996517, -0.993166, -0.060758], [0.994315, -0.0970932, -0.0437078], [0.0375099, -0.0647682, 0.997195]], [[-0.0996517, -0.993166, -0.060758], [0.991885, -0.0943069, -0.0852673], [0.0789546, -0.068762, 0.994504]], [[-0.0996517, -0.993166, -0.060758], [0.990655, -0.0933144, -0.0994732], [0.0931238, -0.0701029, 0.993184]]], "btipPosition": [-212.742, 130.353, -87.8726], "carpPosition": [-218.961, 121.967, 63.4282], "dipPosition": [-214.478, 129.047, -69.3677], "direction": [0.0789546, 0.068762, -0.994504], "extended": true, "handId": 47, "id": 473, "length": 64.249, "mcpPosition": [-218.33, 124.262, 2.53545], "pipPosition": [-216.659, 127.147, -41.8947], "stabilizedTipPosition": [-212.898, 129.875, -83.8842], "timeVisible": 10.181, "tipPosition": [-210.704, 130.383, -83.2231], "tipVelocity": [-18.2123, 13.5585, 5.3039], "tool": false, "touchDistance": 0.333369, "touchZone": "hovering", "type": 3, "width": 16.5784}, {"bases": [[[-0.260587, -0.961938, 0.0822732], [0.964393, -0.255368, 0.0687911], [-0.0451628, 0.0972698, 0.994233]], [[-0.241691, -0.956597, -0.16281], [0.970353, -0.238119, -0.041403], [0.000837749, -0.16799, 0.985788]], [[-0.241691, -0.956597, -0.16281], [0.965644, -0.220599, -0.137357], [0.0954795, -0.190415, 0.97705]], [[-0.241691, -0.956597, -0.16281], [0.957799, -0.208279, -0.198095], [0.155587, -0.203817, 0.966567]]], "btipPosition": [-210.864, 117.197, -63.7404], "carpPosition": [-212.883, 109.543, 62.7754], "dipPosition": [-213.539, 113.694, -47.1263], "direction": [0.0954795, 0.190415, -0.97705], "extended": true, "handId": 47, "id": 474, "length": 50.37, "mcpPosition": [-215.43, 104.056, 6.68989], "pipPosition": [-215.401, 109.98, -28.0697], "stabilizedTipPosition": [-211.584, 116.293, -60.1989], "timeVisible": 10.181, "tipPosition": [-210.361, 113.488, -59.8386], "tipVelocity": [-10.6582, 9.78001, 3.35524], "tool": false, "touchDistance": 0.333356, "touchZone": "hovering", "type": 4, "width": 14.7262}], "r": [[-0.470275, 0.754171, -0.458331], [-0.769962, -0.604421, -0.204532], [-0.431277, 0.256711, 0.864927]], "s": 0.851954, "t": [41.8117, 2.98583, -12.3071], "timestamp": 7282315211}, {"currentFrameRate": 113.439, "devices": [], "gestures": [], "hands": [{"armBasis": [[0.0120261, -0.876452, -0.48134], [0.951835, 0.157526, -0.263052], [0.306376, -0.454992, 0.836131]], "armWidth": 59.5212, "confidence": 1, "direction": [-0.124497, 0.174358, -0.97678], "elbow": [-290.772, -3.64984, 312.795], "grabAngle": 0.0680764, "grabStrength": 0, "id": 47, "palmNormal": [0.985178, -0.0953583, -0.142589], "palmPosition": [-209.839, 138.75, 22.6784], "palmVelocity": [-6.85926, 9.00005, 8.32984], "palmWidth": 88.5196, "pinchDistance": 56.8821, "pinchStrength": 0, "r": [[-0.470049, 0.754278, -0.458387], [-0.769813, -0.604402, -0.205147], [-0.431788, 0.256443, 0.864752]], "s": 0.852803, "sphereCenter": [-215.658, 91.2502, -23.4361], "sphereRadius": 70.2852, "stabilizedPalmPosition": [-209.829, 138.599, 21.9251], "t": [-41.8431, 3.06974, -12.2409], "timeVisible": 10.1903, "type": "left", "wrist": [-210.297, 115.863, 93.1687]}], "id": 57820, "interactionBox": {"center": [0, 200, 0], "size": [235.247, 235.247, 147.751]}, "pointables": [{"bases": [[[0.952948, -0.275057, -0.127411], [0.297028, 0.763341, 0.573659], [-0.0605312, -0.584512, 0.809124]], [[0.954222, -0.2594, -0.148905], [0.295419, 0.739513, 0.604854], [-0.046782, -0.621154, 0.782291]], [[0.954222, -0.2594, -0.148905], [0.276134, 0.955333, 0.105301], [0.114938, -0.141598, 0.983229]], [[0.954222, -0.2594, -0.148905], [0.232512, 0.956489, -0.176256], [0.188147, 0.133566, 0.973016]]], "btipPosition": [-188.249, 180.184, -14.5346], "carpPosition": [-194.276, 148.322, 79.5942], "dipPosition": [-192.64, 183.301, 8.17401], "direction": [0.114938, 0.141598, -0.983229], "extended": false, "handId": 47, "id": 470, "length": 51.9712, "mcpPosition": [-194.276, 148.322, 79.5942], "pipPosition": [-196.548, 178.487, 41.6044], "stabilizedTipPosition": [-189.096, 180.055, -9.71888], "timeVisible": 10.1903, "tipPosition": [-187.441, 181.658, -8.52512], "tipVelocity": [-9.71262, 16.91, 7.99065], "tool": false, "touchDistance": 0.333391, "touchZone": "hovering", "type": 0, "width": 18.5712}, {"bases": [[[0.137234, -0.936866, -0.321636], [0.989545, 0.14421, 0.00215477], [0.0443644, -0.318568, 0.946861]], [[0.143358, -0.985116, 0.0948435], [0.982674, 0.153065, 0.10451], [-0.117472, 0.0782179, 0.989991]], [[0.143358, -0.985116, 0.0948435], [0.98552, 0.150868, 0.0773931], [-0.09055, 0.0823752, 0.992479]], [[0.143358, -0.985116, 0.0948435], [0.98552, 0.150868, 0.0773931], [-0.09055, 0.0823752, 0.992479]]], "btipPosition": [-220.821, 160.322, -80.1307], "carpPosition": [-215.238, 144.261, 70.8838], "dipPosition": [-219.278, 161.725, -63.2208], "direction": [-0.0905501, -0.0823752, -0.992479], "extended": true, "handId": 47, "id": 471, "length": 58.6436, "mcpPosition": [-212.063, 167.062, 3.11486], "pipPosition": [-217.096, 163.711, -39.299], "stabilizedTipPosition": [-219.796, 160.102, -76.7078], "timeVisible": 10.1903, "tipPosition": [-216.707, 161.794, -76.2898], "tipVelocity": [-22.1738, 17.079, 10.5362], "tool": false, "touchDistance": 0.33341, "touchZone": "hovering", "type": 1, "width": 17.7392}, {"bases": [[[-0.0287518, -0.982057, -0.186377], [0.999234, -0.0232832, -0.0314649], [0.0265609, -0.187139, 0.981974]], [[-0.0223837, -0.999339, 0.0286422], [0.999519, -0.0217546, 0.0220918], [-0.0214541, 0.0291229, 0.999346]], [[-0.0223837, -0.999339, 0.0286422], [0.999691, -0.0220632, 0.0114581], [-0.0108186, 0.0288898, 0.999524]], [[-0.0223837, -0.999339, 0.0286422], [0.999502, -0.0230065, -0.0216027], [0.0222474, 0.0281444, 0.999356]]], "btipPosition": [-217.596, 143.536, -95.2229], "carpPosition": [-218.478, 133.581, 66.5333], "dipPosition": [-218.013, 144.063, -76.4953], "direction": [-0.0108186, -0.0288898, -0.999524], "extended": true, "handId": 47, "id": 472, "length": 66.8197, "mcpPosition": [-216.675, 146.282, -0.117032], "pipPosition": [-217.706, 144.883, -48.1517], "stabilizedTipPosition": [-217.126, 143.324, -91.272], "timeVisible": 10.1903, "tipPosition": [-213.751, 144.206, -90.6164], "tipVelocity": [-20.7122, 11.986, 9.29033], "tool": false, "touchDistance": 0.333401, "touchZone": "hovering", "type": 2, "width": 17.4223}, {"bases": [[[-0.0997739, -0.994324, -0.0369343], [0.994963, -0.099341, -0.0133811], [0.00963607, -0.0380834, 0.999228]], [[-0.0999743, -0.993142, -0.060618], [0.994333, -0.0975083, -0.0423664], [0.0361651, -0.06451, 0.997262]], [[-0.0999743, -0.993142, -0.060618], [0.991943, -0.094719, -0.0841243], [0.0778057, -0.0685399, 0.99461]], [[-0.0999743, -0.993142, -0.060618], [0.990675, -0.0936881, -0.0989219], [0.0925643, -0.0699424, 0.993247]]], "btipPosition": [-212.917, 130.422, -87.802], "carpPosition": [-218.99, 122.03, 63.5054], "dipPosition": [-214.642, 129.118, -69.2958], "direction": [0.0778057, 0.0685399, -0.99461], "extended": true, "handId": 47, "id": 473, "length": 64.249, "mcpPosition": [-218.403, 124.351, 2.61315], "pipPosition": [-216.791, 127.225, -41.8199], "stabilizedTipPosition": [-212.957, 129.91, -83.8359], "timeVisible": 10.1903, "tipPosition": [-210.851, 130.509, -83.15], "tipVelocity": [-18.5077, 7.41771, 7.60733], "tool": false, "touchDistance": 0.333388, "touchZone": "hovering", "type": 3, "width": 16.5784}, {"bases": [[[-0.261004, -0.961875, 0.0816858], [0.964249, -0.255757, 0.0693696], [-0.0458332, 0.0968711, 0.994241]], [[-0.24207, -0.956619, -0.162118], [0.970259, -0.238628, -0.0406762], [0.00022561, -0.167143, 0.985933]], [[-0.24207, -0.956619, -0.162118], [0.965626, -0.221219, -0.136487], [0.0947023, -0.189585, 0.977287]], [[-0.24207, -0.956619, -0.162118], [0.957771, -0.208874, -0.197602], [0.155168, -0.203106, 0.966784]]], "btipPosition": [-210.971, 117.227, -63.6867], "carpPosition": [-212.907, 109.609, 62.8431], "dipPosition": [-213.638, 113.736, -47.0689], "direction": [0.0947023, 0.189585, -0.977287], "extended": true, "handId": 47, "id": 474, "length": 50.37, "mcpPosition": [-215.493, 104.145, 6.75709], "pipPosition": [-215.485, 110.038, -28.0076], "stabilizedTipPosition": [-211.584, 116.308, -60.1591], "timeVisible": 10.1903, "tipPosition": [-210.48, 113.622, -59.7716], "tipVelocity": [-11.2253, 3.53849, 5.85908], "tool": false, "touchDistance": 0.333375, "touchZone": "hovering", "type": 4, "width": 14.7262}], "r": [[-0.470049, 0.754278, -0.458387], [-0.769813, -0.604402, -0.205147], [-0.431788, 0.256443, 0.864752]], "s": 0.852803, "t": [41.8431, 3.06974, -12.2409], "timestamp": 7282324532}, {"currentFrameRate": 113.782, "devices": [], "gestures": [], "hands": [{"armBasis": [[0.0123514, -0.876934, -0.480452], [0.951659, 0.157786, -0.263531], [0.306908, -0.453972, 0.836491]], "armWidth": 59.5212, "confidence": 1, "direction": [-0.125602, 0.174589, -0.976597], "elbow": [-290.859, -3.30008, 312.948], "grabAngle": 0.0681283, "grabStrength": 0, "id": 47, "palmNormal": [0.985016, -0.0953188, -0.143726], "palmPosition": [-209.85, 138.836, 22.7396], "palmVelocity": [-1.33574, 10.4314, 7.47205], "palmWidth": 88.5196, "pinchDistance": 56.8999, "pinchStrength": 0, "r": [[-0.469764, 0.754385, -0.458503], [-0.769648, -0.604377, -0.205842], [-0.432393, 0.256188, 0.864525]], "s": 0.853627, "sphereCenter": [-216.394, 91.2583, -23.3922], "sphereRadius": 70.3769, "stabilizedPalmPosition": [-209.83, 138.605, 21.9487], "t": [-41.8643, 3.15445, -12.1771], "timeVisible": 10.1985, "type": "left", "wrist": [-210.244, 115.944, 93.2279]}], "id": 57821, "interactionBox": {"center": [0, 200, 0], "size": [235.247, 235.247, 147.751]}, "pointables": [{"bases": [[[0.95309, -0.275032, -0.126398], [0.296383, 0.763204, 0.574175], [-0.0614497, -0.584703, 0.808917]], [[0.95441, -0.25901, -0.148377], [0.294791, 0.739754, 0.604866], [-0.046904, -0.62103, 0.782382]], [[0.95441, -0.25901, -0.148377], [0.275753, 0.955362, 0.106034], [0.11429, -0.142115, 0.98323]], [[0.95441, -0.25901, -0.148377], [0.232395, 0.95671, -0.175209], [0.187334, 0.132739, 0.973286]]], "btipPosition": [-188.242, 180.287, -14.4995], "carpPosition": [-194.223, 148.394, 79.6401], "dipPosition": [-192.614, 183.385, 8.21542], "direction": [0.11429, 0.142115, -0.98323], "extended": false, "handId": 47, "id": 470, "length": 51.9712, "mcpPosition": [-194.223, 148.394, 79.6401], "pipPosition": [-196.5, 178.553, 41.6458], "stabilizedTipPosition": [-189.107, 180.124, -9.68627], "timeVisible": 10.1985, "tipPosition": [-187.495, 181.748, -8.48216], "tipVelocity": [1.31583, 12.0181, 4.4603], "tool": false, "touchDistance": 0.333363, "touchZone": "hovering", "type": 0, "width": 18.5712}, {"bases": [[[0.137592, -0.93679, -0.321702], [0.989542, 0.144204, 0.00330832], [0.0432915, -0.318793, 0.946835]], [[0.143247, -0.985149, 0.0946638], [0.982486, 0.153071, 0.106261], [-0.119173, 0.0777842, 0.989822]], [[0.143247, -0.985149, 0.0946638], [0.985414, 0.150853, 0.078753], [-0.0918638, 0.0820019, 0.992389]], [[0.143247, -0.985149, 0.0946638], [0.985414, 0.150853, 0.078753], [-0.0918638, 0.0820019, 0.992389]]], "btipPosition": [-220.981, 160.446, -80.0492], "carpPosition": [-215.195, 144.335, 70.9524], "dipPosition": [-219.416, 161.843, -63.1409], "direction": [-0.0918638, -0.0820019, -0.992389], "extended": true, "handId": 47, "id": 471, "length": 58.6436, "mcpPosition": [-212.096, 167.152, 3.18535], "pipPosition": [-217.202, 163.819, -39.2213], "stabilizedTipPosition": [-219.878, 160.168, -76.6535], "timeVisible": 10.1985, "tipPosition": [-216.839, 161.9, -76.2151], "tipVelocity": [-18.9091, 14.9561, 9.89032], "tool": false, "touchDistance": 0.333398, "touchZone": "hovering", "type": 1, "width": 17.7392}, {"bases": [[[-0.0285463, -0.982013, -0.186642], [0.999268, -0.0232815, -0.0303401], [0.025449, -0.187372, 0.981959]], [[-0.0224143, -0.999339, 0.0286148], [0.999485, -0.0217419, 0.0235975], [-0.0229598, 0.029129, 0.999312]], [[-0.0224143, -0.999339, 0.0286148], [0.999674, -0.0220524, 0.0129016], [-0.0122621, 0.0288946, 0.999507]], [[-0.0224143, -0.999339, 0.0286148], [0.999518, -0.0230147, -0.0208274], [0.0214722, 0.0281342, 0.999374]]], "btipPosition": [-217.761, 143.627, -95.1504], "carpPosition": [-218.439, 133.656, 66.603], "dipPosition": [-218.163, 144.154, -76.4225], "direction": [-0.0122621, -0.0288946, -0.999507], "extended": true, "handId": 47, "id": 472, "length": 66.8197, "mcpPosition": [-216.712, 146.373, -0.0462443], "pipPosition": [-217.815, 144.973, -48.0793], "stabilizedTipPosition": [-217.21, 143.373, -91.2221], "timeVisible": 10.1985, "tipPosition": [-213.898, 144.317, -90.5499], "tipVelocity": [-19.6712, 11.0508, 8.8598], "tool": false, "touchDistance": 0.333391, "touchZone": "hovering", "type": 2, "width": 17.4223}, {"bases": [[[-0.0997375, -0.994315, -0.0372827], [0.994977, -0.0993435, -0.0122791], [0.0085055, -0.0383201, 0.999229]], [[-0.0999074, -0.993164, -0.0603672], [0.994397, -0.0975568, -0.0407137], [0.0345462, -0.0640965, 0.997346]], [[-0.0999074, -0.993164, -0.0603672], [0.992065, -0.0947758, -0.0826082], [0.0763221, -0.0681414, 0.994752]], [[-0.0999074, -0.993164, -0.0603672], [0.990759, -0.0937047, -0.0980664], [0.0917393, -0.0696069, 0.993347]]], "btipPosition": [-213.079, 130.476, -87.744], "carpPosition": [-218.955, 122.106, 63.573], "dipPosition": [-214.789, 129.179, -69.236], "direction": [0.0763221, 0.0681413, -0.994752], "extended": true, "handId": 47, "id": 473, "length": 64.249, "mcpPosition": [-218.436, 124.441, 2.6807], "pipPosition": [-216.897, 127.297, -41.7561], "stabilizedTipPosition": [-213.02, 129.943, -83.7936], "timeVisible": 10.1985, "tipPosition": [-210.992, 130.618, -83.0911], "tipVelocity": [-19.3357, 6.82799, 7.12783], "tool": false, "touchDistance": 0.33338, "touchZone": "hovering", "type": 3, "width": 16.5784}, {"bases": [[[-0.261102, -0.961893, 0.0811626], [0.964169, -0.255779, 0.0703997], [-0.0469573, 0.0966359, 0.994211]], [[-0.24202, -0.956743, -0.16146], [0.970271, -0.23882, -0.0392392], [-0.00101802, -0.166156, 0.986099]], [[-0.24202, -0.956743, -0.16146], [0.965771, -0.221529, -0.134951], [0.0933456, -0.188594, 0.977609]], [[-0.24202, -0.956743, -0.16146], [0.957943, -0.20917, -0.196451], [0.154181, -0.202215, 0.967129]]], "btipPosition": [-211.087, 117.247, -63.6453], "carpPosition": [-212.873, 109.685, 62.9009], "dipPosition": [-213.737, 113.771, -47.0215], "direction": [0.0933456, 0.188594, -0.977609], "extended": true, "handId": 47, "id": 474, "length": 50.37, "mcpPosition": [-215.522, 104.234, 6.81656], "pipPosition": [-215.557, 110.093, -27.954], "stabilizedTipPosition": [-211.596, 116.322, -60.1252], "timeVisible": 10.1985, "tipPosition": [-210.591, 113.742, -59.7161], "tipVelocity": [-13.6794, 2.84756, 5.21571], "tool": false, "touchDistance": 0.333367, "touchZone": "hovering", "type": 4, "width": 14.7262}], "r": [[-0.469764, 0.754385, -0.458503], [-0.769648, -0.604377, -0.205842], [-0.432393, 0.256188, 0.864525]], "s": 0.853627, "t": [41.8643, 3.15445, -12.1771], "timestamp": 7282332730}, {"currentFrameRate": 113.783, "devices": [], "gestures": [], "hands": [{"armBasis": [[0.0122984, -0.87718, -0.480004], [0.951577, 0.157729, -0.263861], [0.307164, -0.453516, 0.836644]], "armWidth": 59.5212, "confidence": 1, "direction": [-0.125747, 0.174769, -0.976547], "elbow": [-290.997, -3.07176, 313.04], "grabAngle": 0.0676885, "grabStrength": 0, "id": 47, "palmNormal": [0.985017, -0.0951112, -0.143859], "palmPosition": [-209.928, 138.952, 22.7932], "palmVelocity": [-8.83791, 13.1769, 6.09195], "palmWidth": 88.5196, "pinchDistance": 56.9216, "pinchStrength": 0, "r": [[-0.469499, 0.754507, -0.458575], [-0.769533, -0.604319, -0.206441], [-0.432887, 0.255964, 0.864344]], "s": 0.854535, "sphereCenter": [-218.368, 91.3641, -23.3608], "sphereRadius": 70.5151, "stabilizedPalmPosition": [-209.833, 138.617, 21.9764], "t": [-41.9138, 3.25469, -12.1185], "timeVisible": 10.2073, "type": "left", "wrist": [-210.314, 116.053, 93.2788]}], "id": 57822, "interactionBox": {"center": [0, 200, 0], "size": [235.247, 235.247, 147.751]}, "pointables": [{"bases": [[[0.953055, -0.275178, -0.126345], [0.296455, 0.763031, 0.574368], [-0.0616487, -0.58486, 0.808788]], [[0.954396, -0.258896, -0.148667], [0.294891, 0.739849, 0.6047], [-0.0465632, -0.620964, 0.782455]], [[0.954396, -0.258896, -0.148667], [0.275762, 0.955282, 0.106729], [0.114387, -0.142858, 0.983111]], [[0.954396, -0.258896, -0.148667], [0.232443, 0.95689, -0.174161], [0.187348, 0.131662, 0.97343]]], "btipPosition": [-188.295, 180.441, -14.4486], "carpPosition": [-194.295, 148.501, 79.6938], "dipPosition": [-192.667, 183.514, 8.26966], "direction": [0.114387, 0.142858, -0.983111], "extended": false, "handId": 47, "id": 470, "length": 51.9712, "mcpPosition": [-194.295, 148.501, 79.6938], "pipPosition": [-196.557, 178.656, 41.696], "stabilizedTipPosition": [-189.122, 180.203, -9.65079], "timeVisible": 10.2073, "tipPosition": [-187.589, 181.872, -8.42461], "tipVelocity": [-5.99641, 16.8707, 5.87789], "tool": false, "touchDistance": 0.333373, "touchZone": "hovering", "type": 0, "width": 18.5712}, {"bases": [[[0.13746, -0.936748, -0.32188], [0.989568, 0.144025, 0.00345257], [0.0431246, -0.318997, 0.946774]], [[0.143064, -0.985223, 0.0941746], [0.982367, 0.15293, 0.107554], [-0.120367, 0.0771269, 0.989729]], [[0.143064, -0.985223, 0.0941746], [0.985385, 0.150681, 0.0794427], [-0.0924591, 0.0814329, 0.992381]], [[0.143064, -0.985223, 0.0941746], [0.985385, 0.150681, 0.0794427], [-0.0924591, 0.0814329, 0.992381]]], "btipPosition": [-221.142, 160.617, -79.9852], "carpPosition": [-215.268, 144.44, 71.0077], "dipPosition": [-219.567, 162.004, -63.077], "direction": [-0.0924591, -0.0814329, -0.992381], "extended": true, "handId": 47, "id": 471, "length": 58.6436, "mcpPosition": [-212.181, 167.271, 3.24501], "pipPosition": [-217.338, 163.967, -39.1576], "stabilizedTipPosition": [-219.973, 160.248, -76.5949], "timeVisible": 10.2073, "tipPosition": [-216.951, 162.03, -76.1557], "tipVelocity": [-18.0195, 19.2076, 7.27938], "tool": false, "touchDistance": 0.333384, "touchZone": "hovering", "type": 1, "width": 17.7392}, {"bases": [[[-0.028702, -0.981969, -0.186849], [0.999268, -0.0234555, -0.0302294], [0.0253017, -0.18758, 0.981923]], [[-0.0225933, -0.999337, 0.0285564], [0.999459, -0.0218948, 0.0245414], [-0.0238999, 0.0290954, 0.999291]], [[-0.0225933, -0.999337, 0.0285564], [0.999657, -0.0222038, 0.0138823], [-0.0132391, 0.0288603, 0.999496]], [[-0.0225933, -0.999337, 0.0285564], [0.99952, -0.0231847, -0.0205509], [0.0211993, 0.0280784, 0.999381]]], "btipPosition": [-217.92, 143.749, -95.0933], "carpPosition": [-218.511, 133.761, 66.6565], "dipPosition": [-218.318, 144.276, -76.3652], "direction": [-0.0132391, -0.0288603, -0.999496], "extended": true, "handId": 47, "id": 472, "length": 66.8197, "mcpPosition": [-216.794, 146.492, 0.0096428], "pipPosition": [-217.942, 145.094, -48.0224], "stabilizedTipPosition": [-217.308, 143.433, -91.1692], "timeVisible": 10.2073, "tipPosition": [-214.008, 144.453, -90.4961], "tipVelocity": [-18.0357, 13.9595, 6.50031], "tool": false, "touchDistance": 0.333379, "touchZone": "hovering", "type": 2, "width": 17.4223}, {"bases": [[[-0.0999126, -0.994289, -0.0375005], [0.994961, -0.0995205, -0.0121847], [0.0083831, -0.0385289, 0.999222]], [[-0.100076, -0.993174, -0.0599119], [0.994412, -0.0978028, -0.0397435], [0.0336127, -0.0635545, 0.997412]], [[-0.100076, -0.993174, -0.0599119], [0.992119, -0.0950434, -0.0816555], [0.075404, -0.0676115, 0.994858]], [[-0.100076, -0.993174, -0.0599119], [0.990766, -0.0939351, -0.0977698], [0.0914746, -0.0691431, 0.993404]]], "btipPosition": [-213.229, 130.547, -87.6994], "carpPosition": [-219.025, 122.211, 63.6241], "dipPosition": [-214.933, 129.259, -69.1903], "direction": [0.075404, 0.0676115, -0.994858], "extended": true, "handId": 47, "id": 473, "length": 64.249, "mcpPosition": [-218.514, 124.559, 2.73223], "pipPosition": [-217.016, 127.391, -41.7076], "stabilizedTipPosition": [-213.095, 129.981, -83.7496], "timeVisible": 10.2073, "tipPosition": [-211.095, 130.753, -83.0415], "tipVelocity": [-16.858, 8.30261, 5.10094], "tool": false, "touchDistance": 0.333369, "touchZone": "hovering", "type": 3, "width": 16.5784}, {"bases": [[[-0.261285, -0.961863, 0.0809329], [0.964114, -0.255968, 0.0704581], [-0.0470548, 0.0964382, 0.994226]], [[-0.242327, -0.95686, -0.1603], [0.970194, -0.239229, -0.038649], [-0.00136671, -0.164888, 0.986311]], [[-0.242327, -0.95686, -0.1603], [0.965777, -0.222158, -0.13387], [0.0924834, -0.187254, 0.977948]], [[-0.242327, -0.95686, -0.1603], [0.957966, -0.209833, -0.195632], [0.153556, -0.200969, 0.967487]]], "btipPosition": [-211.2, 117.273, -63.6186], "carpPosition": [-212.94, 109.792, 62.9487], "dipPosition": [-213.839, 113.818, -46.9886], "direction": [0.0924834, 0.187254, -0.977948], "extended": true, "handId": 47, "id": 474, "length": 50.37, "mcpPosition": [-215.595, 104.352, 6.86356], "pipPosition": [-215.643, 110.166, -27.9144], "stabilizedTipPosition": [-211.618, 116.339, -60.0904], "timeVisible": 10.2073, "tipPosition": [-210.681, 113.894, -59.6686], "tipVelocity": [-12.5905, 3.49399, 3.20255], "tool": false, "touchDistance": 0.333356, "touchZone": "hovering", "type": 4, "width": 14.7262}], "r": [[-0.469499, 0.754507, -0.458575], [-0.769533, -0.604319, -0.206441], [-0.432887, 0.255964, 0.864344]], "s": 0.854535, "t": [41.9138, 3.25469, -12.1185], "timestamp": 7282341517}, {"currentFrameRate": 113.876, "devices": [], "gestures": [], "hands": [{"armBasis": [[0.0134422, -0.87715, -0.480029], [0.951546, 0.158719, -0.263379], [0.307213, -0.453229, 0.836782]], "armWidth": 59.5212, "confidence": 1, "direction": [-0.127442, 0.175571, -0.976183], "elbow": [-290.939, -2.9325, 313.084], "grabAngle": 0.0674417, "grabStrength": 0, "id": 47, "palmNormal": [0.984687, -0.095643, -0.145754], "palmPosition": [-209.958, 139.06, 22.8168], "palmVelocity": [-3.57999, 12.6114, 2.74661], "palmWidth": 88.5196, "pinchDistance": 56.9328, "pinchStrength": 0, "r": [[-0.469214, 0.754611, -0.458695], [-0.769285, -0.604343, -0.207294], [-0.433635, 0.255602, 0.864077]], "s": 0.855502, "sphereCenter": [-219.885, 91.4597, -23.3664], "sphereRadius": 70.6719, "stabilizedPalmPosition": [-209.838, 138.632, 22.0057], "t": [-41.9539, 3.35918, -12.0773], "timeVisible": 10.2159, "type": "left", "wrist": [-210.244, 116.117, 93.2872]}], "id": 57823, "interactionBox": {"center": [0, 200, 0], "size": [235.247, 235.247, 147.751]}, "pointables": [{"bases": [[[0.953466, -0.274468, -0.124781], [0.294895, 0.762799, 0.575478], [-0.0627674, -0.585496, 0.808242]], [[0.954863, -0.257753, -0.147652], [0.29335, 0.740039, 0.605217], [-0.046728, -0.621213, 0.782247]], [[0.954863, -0.257753, -0.147652], [0.274606, 0.955483, 0.107905], [0.113266, -0.143581, 0.983135]], [[0.954863, -0.257753, -0.147652], [0.231652, 0.957288, -0.173026], [0.185943, 0.131012, 0.973787]]], "btipPosition": [-188.293, 180.549, -14.4461], "carpPosition": [-194.215, 148.557, 79.6955], "dipPosition": [-192.633, 183.607, 8.28053], "direction": [0.113266, 0.143581, -0.983135], "extended": false, "handId": 47, "id": 470, "length": 51.9712, "mcpPosition": [-194.215, 148.557, 79.6955], "pipPosition": [-196.484, 178.725, 41.7077], "stabilizedTipPosition": [-189.134, 180.282, -9.61807], "timeVisible": 10.2159, "tipPosition": [-187.658, 181.986, -8.41465], "tipVelocity": [1.08799, 12.1724, 0.517252], "tool": false, "touchDistance": 0.333338, "touchZone": "hovering", "type": 0, "width": 18.5712}, {"bases": [[[0.138664, -0.936421, -0.322315], [0.989466, 0.144663, 0.00539255], [0.0415774, -0.319668, 0.946617]], [[0.143538, -0.985246, 0.093209], [0.982004, 0.153478, 0.11006], [-0.122742, 0.0757338, 0.989545]], [[0.143538, -0.985246, 0.093209], [0.985076, 0.15128, 0.0820956], [-0.094985, 0.0800341, 0.992256]], [[0.143538, -0.985246, 0.093209], [0.985076, 0.15128, 0.0820956], [-0.094985, 0.0800341, 0.992256]]], "btipPosition": [-221.396, 160.859, -79.9234], "carpPosition": [-215.206, 144.517, 71.0452], "dipPosition": [-219.778, 162.222, -63.0174], "direction": [-0.094985, -0.0800342, -0.992256], "extended": true, "handId": 47, "id": 471, "length": 58.6436, "mcpPosition": [-212.23, 167.396, 3.29377], "pipPosition": [-217.489, 164.151, -39.101], "stabilizedTipPosition": [-220.082, 160.344, -76.5367], "timeVisible": 10.2159, "tipPosition": [-217.167, 162.211, -76.1015], "tipVelocity": [-28.3561, 27.4145, 7.10917], "tool": false, "touchDistance": 0.333382, "touchZone": "hovering", "type": 1, "width": 17.7392}, {"bases": [[[-0.0277184, -0.981849, -0.187625], [0.999337, -0.022786, -0.0283948], [0.0236042, -0.188288, 0.98183]], [[-0.0219929, -0.999368, 0.0279356], [0.999414, -0.0212438, 0.026835], [-0.0262246, 0.0285095, 0.999249]], [[-0.0219929, -0.999368, 0.0279356], [0.999635, -0.0215439, 0.0162748], [-0.0156627, 0.0282834, 0.999477]], [[-0.0219929, -0.999368, 0.0279356], [0.999567, -0.0225261, -0.0189155], [0.0195328, 0.0275075, 0.999431]]], "btipPosition": [-218.2, 143.935, -95.0497], "carpPosition": [-218.464, 133.843, 66.6922], "dipPosition": [-218.566, 144.45, -76.3207], "direction": [-0.0156627, -0.0282834, -0.999477], "extended": true, "handId": 47, "id": 472, "length": 66.8197, "mcpPosition": [-216.862, 146.622, 0.0516459], "pipPosition": [-218.122, 145.252, -47.9784], "stabilizedTipPosition": [-217.424, 143.507, -91.1184], "timeVisible": 10.2159, "tipPosition": [-214.255, 144.647, -90.4613], "tipVelocity": [-31.63, 21.1971, 5.0807], "tool": false, "touchDistance": 0.333368, "touchZone": "hovering", "type": 2, "width": 17.4223}, {"bases": [[[-0.0991976, -0.994326, -0.038418], [0.995046, -0.0988671, -0.0104142], [0.00655679, -0.0392608, 0.999207]], [[-0.0993165, -0.993241, -0.060079], [0.99457, -0.0971997, -0.0371915], [0.0311005, -0.0634465, 0.997501]], [[-0.0993165, -0.993241, -0.060079], [0.992366, -0.0944307, -0.0793262], [0.0731167, -0.0674988, 0.995037]], [[-0.0993165, -0.993241, -0.060079], [0.990976, -0.0932672, -0.0962645], [0.0900104, -0.0690975, 0.993541]]], "btipPosition": [-213.508, 130.667, -87.6818], "carpPosition": [-218.991, 122.296, 63.6523], "dipPosition": [-215.186, 129.38, -69.1702], "direction": [0.0731167, 0.0674988, -0.995037], "extended": true, "handId": 47, "id": 473, "length": 64.249, "mcpPosition": [-218.591, 124.688, 2.76126], "pipPosition": [-217.205, 127.515, -41.6825], "stabilizedTipPosition": [-213.193, 130.029, -83.7097], "timeVisible": 10.2159, "tipPosition": [-211.341, 130.937, -83.0236], "tipVelocity": [-31.7224, 13.9794, 2.11105], "tool": false, "touchDistance": 0.333349, "touchZone": "hovering", "type": 3, "width": 16.5784}, {"bases": [[[-0.26081, -0.962091, 0.07974], [0.964148, -0.255395, 0.0720561], [-0.0489593, 0.095674, 0.994208]], [[-0.241581, -0.957115, -0.159905], [0.970374, -0.238901, -0.0360726], [-0.00367586, -0.163882, 0.986473]], [[-0.241581, -0.957115, -0.159905], [0.966185, -0.221942, -0.131257], [0.0901389, -0.186207, 0.978367]], [[-0.241581, -0.957115, -0.159905], [0.958471, -0.209617, -0.193373], [0.151561, -0.19998, 0.968007]]], "btipPosition": [-211.444, 117.324, -63.6326], "carpPosition": [-212.916, 109.873, 62.9564], "dipPosition": [-214.049, 113.887, -46.9938], "direction": [0.0901389, 0.186207, -0.978367], "extended": true, "handId": 47, "id": 474, "length": 50.37, "mcpPosition": [-215.678, 104.476, 6.87229], "pipPosition": [-215.807, 110.255, -27.9114], "stabilizedTipPosition": [-211.661, 116.359, -60.0613], "timeVisible": 10.2159, "tipPosition": [-210.891, 114.084, -59.663], "tipVelocity": [-27.4188, 6.40139, -1.3942], "tool": false, "touchDistance": 0.333324, "touchZone": "hovering", "type": 4, "width": 14.7262}], "r": [[-0.469214, 0.754611, -0.458695], [-0.769285, -0.604343, -0.207294], [-0.433635, 0.255602, 0.864077]], "s": 0.855502, "t": [41.9539, 3.35918, -12.0773], "timestamp": 7282350138}, {"currentFrameRate": 113.902, "devices": [], "gestures": [], "hands": [{"armBasis": [[0.0155501, -0.876587, -0.480991], [0.951736, 0.160447, -0.26164], [0.306524, -0.453708, 0.836775]], "armWidth": 59.5212, "confidence": 1, "direction": [-0.128044, 0.17616, -0.975998], "elbow": [-290.766, -2.96704, 313.027], "grabAngle": 0.0675572, "grabStrength": 0, "id": 47, "palmNormal": [0.984373, -0.0973817, -0.146719], "palmPosition": [-209.998, 139.185, 22.7716], "palmVelocity": [-4.56665, 14.2286, -5.17632], "palmWidth": 88.5196, "pinchDistance": 56.9428, "pinchStrength": 0, "r": [[-0.469174, 0.754557, -0.458824], [-0.768827, -0.604626, -0.208166], [-0.43449, 0.255091, 0.863798]], "s": 0.856438, "sphereCenter": [-220.244, 91.4995, -23.4331], "sphereRadius": 70.7724, "stabilizedPalmPosition": [-209.843, 138.652, 22.0336], "t": [-41.9939, 3.47357, -12.0793], "timeVisible": 10.2247, "type": "left", "wrist": [-210.251, 116.208, 93.2319]}], "id": 57824, "interactionBox": {"center": [0, 200, 0], "size": [235.247, 235.247, 147.751]}, "pointables": [{"bases": [[[0.954081, -0.272686, -0.12398], [0.292963, 0.763124, 0.576034], [-0.0624642, -0.585905, 0.807969]], [[0.955487, -0.255656, -0.147257], [0.291474, 0.740678, 0.605342], [-0.0456891, -0.621319, 0.782225]], [[0.955487, -0.255656, -0.147257], [0.272542, 0.955983, 0.108709], [0.112983, -0.144004, 0.983106]], [[0.955487, -0.255656, -0.147257], [0.229806, 0.957925, -0.171959], [0.185023, 0.130464, 0.974036]]], "btipPosition": [-188.243, 180.656, -14.5065], "carpPosition": [-194.184, 148.632, 79.6388], "dipPosition": [-192.561, 183.701, 8.22596], "direction": [0.112983, 0.144004, -0.983106], "extended": false, "handId": 47, "id": 470, "length": 51.9712, "mcpPosition": [-194.184, 148.632, 79.6388], "pipPosition": [-196.402, 178.805, 41.6521], "stabilizedTipPosition": [-189.142, 180.359, -9.59378], "timeVisible": 10.2247, "tipPosition": [-187.654, 182.079, -8.46798], "tipVelocity": [6.33398, 11.9257, -6.7595], "tool": false, "touchDistance": 0.333284, "touchZone": "hovering", "type": 0, "width": 18.5712}, {"bases": [[[0.140673, -0.93605, -0.322525], [0.989196, 0.146462, 0.00637958], [0.041266, -0.319938, 0.946539]], [[0.145249, -0.985041, 0.0927187], [0.981591, 0.155216, 0.1113], [-0.124027, 0.0748456, 0.989452]], [[0.145249, -0.985041, 0.0927187], [0.984721, 0.153025, 0.0831126], [-0.0960576, 0.0792301, 0.992217]], [[0.145249, -0.985041, 0.0927187], [0.984721, 0.153025, 0.0831126], [-0.0960576, 0.0792301, 0.992217]]], "btipPosition": [-221.502, 161.065, -79.9506], "carpPosition": [-215.19, 144.633, 71.0069], "dipPosition": [-219.866, 162.415, -63.0452], "direction": [-0.0960576, -0.0792301, -0.992217], "extended": true, "handId": 47, "id": 471, "length": 58.6436, "mcpPosition": [-212.237, 167.531, 3.26102], "pipPosition": [-217.55, 164.325, -39.1298], "stabilizedTipPosition": [-220.192, 160.453, -76.4867], "timeVisible": 10.2247, "tipPosition": [-217.264, 162.383, -76.1314], "tipVelocity": [-11.6427, 23.2963, -3.12929], "tool": false, "touchDistance": 0.333313, "touchZone": "hovering", "type": 1, "width": 17.7392}, {"bases": [[[-0.0257539, -0.98183, -0.188009], [0.999403, -0.0209567, -0.0274594], [0.0230204, -0.188604, 0.981783]], [[-0.020194, -0.99941, 0.0277665], [0.999422, -0.0194189, 0.0279068], [-0.0273512, 0.028314, 0.999225]], [[-0.020194, -0.99941, 0.0277665], [0.999656, -0.0197177, 0.0173203], [-0.0167626, 0.0281067, 0.999464]], [[-0.020194, -0.99941, 0.0277665], [0.999616, -0.0207092, -0.0183943], [0.0189585, 0.0273844, 0.999445]]], "btipPosition": [-218.344, 144.096, -95.0843], "carpPosition": [-218.472, 133.966, 66.6531], "dipPosition": [-218.699, 144.61, -76.3551], "direction": [-0.0167626, -0.0281067, -0.999464], "extended": true, "handId": 47, "id": 472, "length": 66.8197, "mcpPosition": [-216.909, 146.768, 0.0157142], "pipPosition": [-218.224, 145.407, -48.0131], "stabilizedTipPosition": [-217.542, 143.591, -91.0779], "timeVisible": 10.2247, "tipPosition": [-214.397, 144.819, -90.5007], "tipVelocity": [-16.1671, 18.4717, -3.96005], "tool": false, "touchDistance": 0.333306, "touchZone": "hovering", "type": 2, "width": 17.4223}, {"bases": [[[-0.0973511, -0.994491, -0.0388736], [0.995234, -0.0970521, -0.0095105], [0.00568534, -0.0396142, 0.999199]], [[-0.0974488, -0.993443, -0.0597875], [0.994789, -0.0954196, -0.0359105], [0.0299701, -0.0629754, 0.997565]], [[-0.0974488, -0.993443, -0.0597875], [0.992624, -0.0926642, -0.0781673], [0.0721146, -0.0669638, 0.995146]], [[-0.0974488, -0.993443, -0.0597875], [0.991188, -0.091461, -0.0958189], [0.0897224, -0.0685981, 0.993602]]], "btipPosition": [-213.677, 130.77, -87.7311], "carpPosition": [-219.022, 122.422, 63.6095], "dipPosition": [-215.349, 129.492, -69.2183], "direction": [0.0721146, 0.0669638, -0.995146], "extended": true, "handId": 47, "id": 473, "length": 64.249, "mcpPosition": [-218.676, 124.836, 2.71898], "pipPosition": [-217.341, 127.642, -41.7276], "stabilizedTipPosition": [-213.297, 130.082, -83.6814], "timeVisible": 10.2247, "tipPosition": [-211.507, 131.1, -83.0722], "tipVelocity": [-19.1342, 11.9548, -5.61481], "tool": false, "touchDistance": 0.333293, "touchZone": "hovering", "type": 3, "width": 16.5784}, {"bases": [[[-0.259133, -0.962594, 0.0791434], [0.964543, -0.253666, 0.0728735], [-0.0500716, 0.0952211, 0.994196]], [[-0.239846, -0.95769, -0.15907], [0.970801, -0.237351, -0.0347894], [-0.00443796, -0.16277, 0.986654]], [[-0.239846, -0.95769, -0.15907], [0.966707, -0.220555, -0.12974], [0.0891675, -0.184892, 0.978705]], [[-0.239846, -0.95769, -0.15907], [0.958999, -0.208243, -0.192239], [0.15098, -0.198656, 0.96837]]], "btipPosition": [-211.618, 117.377, -63.7043], "carpPosition": [-212.971, 109.988, 62.9034], "dipPosition": [-214.213, 113.962, -47.0592], "direction": [0.0891675, 0.184892, -0.978705], "extended": true, "handId": 47, "id": 474, "length": 50.37, "mcpPosition": [-215.796, 104.617, 6.81989], "pipPosition": [-215.952, 110.356, -27.9702], "stabilizedTipPosition": [-211.715, 116.381, -60.0431], "timeVisible": 10.2247, "tipPosition": [-211.062, 114.256, -59.7174], "tipVelocity": [-19.6211, 6.66259, -8.03509], "tool": false, "touchDistance": 0.333274, "touchZone": "hovering", "type": 4, "width": 14.7262}], "r": [[-0.469174, 0.754557, -0.458824], [-0.768827, -0.604626, -0.208166], [-0.43449, 0.255091, 0.863798]], "s": 0.856438, "t": [41.9939, 3.47357, -12.0793], "timestamp": 7282358873}, {"currentFrameRate": 114.12, "devices": [], "gestures": [], "hands": [{"armBasis": [[0.0166922, -0.87578, -0.482423], [0.952007, 0.161401, -0.260064], [0.305622, -0.454928, 0.836442]], "armWidth": 59.5212, "confidence": 1, "direction": [-0.129692, 0.176979, -0.975632], "elbow": [-290.468, -3.27458, 312.993], "grabAngle": 0.067568, "grabStrength": 0, "id": 47, "palmNormal": [0.984029, -0.0980222, -0.148589], "palmPosition": [-210.045, 139.259, 22.8451], "palmVelocity": [-5.59107, 8.9151, 8.7529], "palmWidth": 88.5196, "pinchDistance": 56.9529, "pinchStrength": 0, "r": [[-0.469089, 0.75451, -0.458988], [-0.768291, -0.604938, -0.209233], [-0.435527, 0.254488, 0.863454]], "s": 0.857384, "sphereCenter": [-220.548, 91.4561, -23.3931], "sphereRadius": 70.8949, "stabilizedPalmPosition": [-209.85, 138.672, 22.0593], "t": [-42.0374, 3.56816, -12.0436], "timeVisible": 10.233, "type": "left", "wrist": [-210.19, 116.221, 93.285]}], "id": 57825, "interactionBox": {"center": [0, 200, 0], "size": [235.247, 235.247, 147.751]}, "pointables": [{"bases": [[[0.954514, -0.271868, -0.122439], [0.291328, 0.76292, 0.577131], [-0.0634929, -0.58655, 0.807421]], [[0.955976, -0.254376, -0.1463], [0.289865, 0.740928, 0.605808], [-0.0457053, -0.621545, 0.782044]], [[0.955976, -0.254376, -0.1463], [0.271279, 0.956185, 0.110086], [0.111886, -0.144928, 0.983096]], [[0.955976, -0.254376, -0.1463], [0.228963, 0.958421, -0.170308], [0.183539, 0.129313, 0.97447]]], "btipPosition": [-188.251, 180.746, -14.4561], "ca