{"frames": 82, "data": [{"currentFrameRate": 114.905, "devices": [], "gestures": [], "hands": [{"armBasis": [[0.609797, 0.0643548, -0.789941], [0.505044, 0.736573, 0.449877], [0.610801, -0.673289, 0.416658]], "armWidth": 60.538, "confidence": 1, "direction": [0.266363, 0.537373, -0.800176], "elbow": [-250.671, 44.6323, 192.989], "grabAngle": 2.71587, "grabStrength": 0, "id": 84, "palmNormal": [0.481106, -0.793481, -0.372727], "palmPosition": [-71.0741, 247.453, 40.8469], "palmVelocity": [-1.46047, -15.4181, 3.03816], "palmWidth": 82.711, "pinchDistance": 53.6131, "pinchStrength": 0.638013, "r": [[0.952244, -0.213466, -0.218321], [0.17413, 0.966997, -0.185997], [0.25082, 0.139099, 0.957988]], "s": 1.00893, "sphereCenter": [-64.3469, 223.328, 6.73543], "sphereRadius": 44.0822, "stabilizedPalmPosition": [-70.985, 248.141, 40.8154], "t": [95.2648, 81.0317, 92.315], "timeVisible": 7.28482, "type": "left", "wrist": [-100.76, 209.88, 90.7271]}], "id": 110350, "interactionBox": {"center": [0, 200, 0], "size": [235.247, 235.247, 147.751]}, "pointables": [{"bases": [[[0.778638, -0.191407, -0.597567], [0.416029, 0.8704, 0.263293], [0.469727, -0.453615, 0.757357]], [[0.885996, -0.322782, -0.3329], [0.413284, 0.875242, 0.251292], [0.210256, -0.360226, 0.908862]], [[0.885996, -0.322782, -0.3329], [0.401269, 0.893496, 0.201616], [0.232367, -0.312214, 0.921156]], [[0.885996, -0.322782, -0.3329], [0.382639, 0.914462, 0.131707], [0.261912, -0.244073, 0.933719]]], "btipPosition": [-30.4488, 291.199, -32.6096], "carpPosition": [-78.3707, 237.389, 84.736], "dipPosition": [-34.3116, 287.599, -18.8384], "direction": [0.232367, 0.312214, -0.921156], "extended": true, "handId": 84, "id": 841, "length": 50.764, "mcpPosition": [-46.9574, 267.725, 34.0872], "pipPosition": [-39.1599, 281.085, 0.380985], "stabilizedTipPosition": [-31.3303, 290.417, -29.4484], "timeVisible": 7.28482, "tipPosition": [-32.1809, 290.494, -29.2349], "tipVelocity": [-2.15531, -14.1553, 2.5956], "tool": false, "touchDistance": -0.225254, "touchZone": "touching", "type": 1, "width": 18.7255}, {"bases": [[[0.714427, 0.69961, -0.0118446], [-0.353069, 0.375058, 0.857131], [0.604099, -0.608176, 0.514962]], [[0.566956, 0.814532, -0.122878], [-0.5705, 0.495865, 0.654712], [0.594215, -0.301091, 0.745823]], [[0.566956, 0.814532, -0.122878], [-0.770507, 0.577136, 0.270615], [0.291342, -0.0587482, 0.954813]], [[0.566956, 0.814532, -0.122878], [-0.821451, 0.547916, -0.158134], [-0.0614782, 0.190593, 0.979742]]], "btipPosition": [-31.9912, 231.694, 7.60146], "carpPosition": [-66.2869, 220.153, 89.3392], "dipPosition": [-30.7492, 235.545, 27.3947], "direction": [0.291342, 0.0587482, -0.954813], "extended": false, "handId": 84, "id": 840, "length": 44.9881, "mcpPosition": [-66.2869, 220.153, 89.3392], "pipPosition": [-39.324, 233.816, 55.4969], "stabilizedTipPosition": [-31.7983, 233.35, 11.9155], "timeVisible": 7.28482, "tipPosition": [-29.1904, 235.207, 13.6572], "tipVelocity": [8.27957, -15.5522, 14.5564], "tool": false, "touchDistance": 0.336805, "touchZone": "hovering", "type": 0, "width": 19.6037}, {"bases": [[[0.752533, -0.396491, -0.525822], [0.551889, 0.81534, 0.17504], [0.359322, -0.421919, 0.832389]], [[0.772725, -0.421077, -0.474963], [-0.179508, 0.572762, -0.799826], [0.608829, 0.703305, 0.367001]], [[0.772725, -0.421077, -0.474963], [-0.625593, -0.631809, -0.457658], [-0.107376, 0.650777, -0.751638]], [[0.772725, -0.421077, -0.474963], [-0.395011, -0.904735, 0.15944], [-0.496852, 0.0644126, -0.865442]]], "btipPosition": [-49.9598, 217.335, 42.5504], "carpPosition": [-87.3845, 236.86, 78.1212], "dipPosition": [-41.9001, 218.38, 28.5115], "direction": [-0.107376, -0.650777, 0.751638], "extended": false, "handId": 84, "id": 842, "length": 57.8415, "mcpPosition": [-64.5963, 263.618, 25.3311], "pipPosition": [-39.2643, 234.355, 10.0611], "stabilizedTipPosition": [-48.0328, 218.349, 39.2161], "timeVisible": 7.28482, "tipPosition": [-46.0353, 215.343, 37.1671], "tipVelocity": [3.99683, -15.1132, 10.2533], "tool": false, "touchDistance": 0.333333, "touchZone": "none", "type": 2, "width": 18.3909}, {"bases": [[[0.753449, -0.514586, -0.409287], [0.615417, 0.771063, 0.163471], [0.231467, -0.375049, 0.897642]], [[0.765973, -0.53615, -0.354725], [-0.0766822, 0.471643, -0.878449], [0.638284, 0.700069, 0.320152]], [[0.765973, -0.53615, -0.354725], [-0.642873, -0.638187, -0.423594], [0.000729118, 0.552504, -0.83351]], [[0.765973, -0.53615, -0.354725], [-0.476372, -0.843884, 0.24684], [-0.431689, -0.0200915, -0.901799]]], "btipPosition": [-65.0783, 214.903, 42.8169], "carpPosition": [-95.9307, 233.436, 71.8006], "dipPosition": [-58.1158, 214.579, 28.2723], "direction": [0.000729118, -0.552504, 0.83351], "extended": false, "handId": 84, "id": 843, "length": 55.6162, "mcpPosition": [-82.7509, 254.791, 20.6883], "pipPosition": [-58.1332, 227.791, 8.34055], "stabilizedTipPosition": [-63.4244, 215.559, 39.367], "timeVisible": 7.28482, "tipPosition": [-63.9641, 212.616, 37.8072], "tipVelocity": [5.20684, -18.1752, 8.17044], "tool": false, "touchDistance": 0.333333, "touchZone": "none", "type": 3, "width": 17.5001}, {"bases": [[[0.663063, -0.674817, -0.32399], [0.74313, 0.645456, 0.17648], [0.0900299, -0.357784, 0.929454]], [[0.666315, -0.689544, -0.28382], [0.0436719, 0.416057, -0.908289], [0.74439, 0.592812, 0.307339]], [[0.666315, -0.689544, -0.28382], [-0.731871, -0.531873, -0.425999], [0.142789, 0.491569, -0.859053]], [[0.666315, -0.689544, -0.28382], [-0.634504, -0.724244, 0.269954], [-0.3917, 0.000210892, -0.920093]]], "btipPosition": [-78.2018, 216.277, 35.7164], "carpPosition": [-102.251, 223.816, 65.894], "dipPosition": [-72.3736, 216.281, 22.0262], "direction": [0.142789, -0.491569, 0.859053], "extended": false, "handId": 84, "id": 844, "length": 43.6021, "mcpPosition": [-97.5053, 242.674, 16.9031], "pipPosition": [-74.7844, 224.58, 7.52226], "stabilizedTipPosition": [-76.792, 216.943, 32.4706], "timeVisible": 7.28482, "tipPosition": [-77.1242, 213.438, 30.2228], "tipVelocity": [5.13239, -20.2189, 6.27871], "tool": false, "touchDistance": 0.333333, "touchZone": "none", "type": 4, "width": 15.545}], "r": [[0.952244, -0.213466, -0.218321], [0.17413, 0.966997, -0.185997], [0.25082, 0.139099, 0.957988]], "s": 1.00893, "t": [-95.2648, 81.0317, 92.315], "timestamp": 7746279450}, {"currentFrameRate": 115.193, "devices": [], "gestures": [], "hands": [{"armBasis": [[0.611732, 0.0663798, -0.788275], [0.503576, 0.735814, 0.452757], [0.610078, -0.673922, 0.416694]], "armWidth": 60.538, "confidence": 1, "direction": [0.267613, 0.534642, -0.801587], "elbow": [-250.576, 44.5051, 193.102], "grabAngle": 2.71392, "grabStrength": 0, "id": 84, "palmNormal": [0.478275, -0.795912, -0.371183], "palmPosition": [-71.0914, 247.306, 40.8637], "palmVelocity": [-2.1148, -17.9557, 2.04496], "palmWidth": 82.711, "pinchDistance": 53.6371, "pinchStrength": 0.637767, "r": [[0.952549, -0.212377, -0.21805], [0.172633, 0.966948, -0.187644], [0.250694, 0.141098, 0.957729]], "s": 1.00928, "sphereCenter": [-64.4937, 223.082, 6.77878], "sphereRadius": 44.1111, "stabilizedPalmPosition": [-71.002, 248.007, 40.8231], "t": [95.2474, 80.881, 92.3347], "timeVisible": 7.29301, "type": "left", "wrist": [-100.842, 209.908, 90.8311]}], "id": 110351, "interactionBox": {"center": [0, 200, 0], "size": [235.247, 235.247, 147.751]}, "pointables": [{"bases": [[[0.779636, -0.190246, -0.596636], [0.413016, 0.872364, 0.26153], [0.470729, -0.450319, 0.758701]], [[0.887297, -0.320729, -0.331416], [0.410561, 0.876665, 0.250794], [0.210103, -0.358595, 0.909542]], [[0.887297, -0.320729, -0.331416], [0.398839, 0.894451, 0.202201], [0.231583, -0.311594, 0.921563]], [[0.887297, -0.320729, -0.331416], [0.380283, 0.915361, 0.132284], [0.260937, -0.243407, 0.934165]]], "btipPosition": [-30.4406, 290.874, -32.6952], "carpPosition": [-78.3932, 237.368, 84.7805], "dipPosition": [-34.2891, 287.284, -18.9175], "direction": [0.231583, 0.311594, -0.921563], "extended": true, "handId": 84, "id": 841, "length": 50.764, "mcpPosition": [-46.9129, 267.483, 34.0418], "pipPosition": [-39.121, 280.782, 0.31044], "stabilizedTipPosition": [-31.327, 290.145, -29.5058], "timeVisible": 7.29301, "tipPosition": [-32.0949, 290.056, -29.3438], "tipVelocity": [1.3976, -39.4013, -10.2688], "tool": false, "touchDistance": -0.226656, "touchZone": "touching", "type": 1, "width": 18.7255}, {"bases": [[[0.712144, 0.701912, -0.013024], [-0.354833, 0.37589, 0.856038], [0.605759, -0.605001, 0.51675]], [[0.564407, 0.816071, -0.12439], [-0.572192, 0.495363, 0.653614], [0.595014, -0.29773, 0.746536]], [[0.564407, 0.816071, -0.12439], [-0.772161, 0.575197, 0.270029], [0.291912, -0.0563573, 0.954783]], [[0.564407, 0.816071, -0.12439], [-0.823224, 0.545253, -0.158118], [-0.0612113, 0.191643, 0.979554]]], "btipPosition": [-32.0088, 231.4, 7.65085], "carpPosition": [-66.3629, 220.103, 89.4162], "dipPosition": [-30.7721, 235.272, 27.4403], "direction": [0.291912, 0.0563573, -0.954783], "extended": false, "handId": 84, "id": 840, "length": 44.9881, "mcpPosition": [-66.3629, 220.103, 89.4162], "pipPosition": [-39.3637, 233.613, 55.5416], "stabilizedTipPosition": [-31.7857, 233.17, 11.9642], "timeVisible": 7.29301, "tipPosition": [-29.2793, 234.846, 13.6678], "tipVelocity": [-2.29631, -35.3112, 5.92249], "tool": false, "touchDistance": 0.337186, "touchZone": "hovering", "type": 0, "width": 19.6037}, {"bases": [[[0.754156, -0.395247, -0.524431], [0.549111, 0.817544, 0.17349], [0.360174, -0.41881, 0.83359]], [[0.774397, -0.419649, -0.473502], [-0.180518, 0.57073, -0.80105], [0.606402, 0.705806, 0.366217]], [[0.774397, -0.419649, -0.473502], [-0.623343, -0.63427, -0.457324], [-0.108412, 0.649304, -0.752762]], [[0.774397, -0.419649, -0.473502], [-0.392774, -0.905572, 0.160211], [-0.496023, 0.061912, -0.866099]]], "btipPosition": [-50.0471, 217.104, 42.5965], "carpPosition": [-87.4128, 236.853, 78.1726], "dipPosition": [-42.0008, 218.108, 28.5469], "direction": [-0.108412, -0.649304, 0.752762], "extended": false, "handId": 84, "id": 842, "length": 57.8415, "mcpPosition": [-64.5706, 263.414, 25.3064], "pipPosition": [-39.3396, 234.047, 10.0689], "stabilizedTipPosition": [-48.061, 218.174, 39.2418], "timeVisible": 7.29301, "tipPosition": [-46.1656, 215.112, 37.2486], "tipVelocity": [-11.0349, -29.4279, 5.32939], "tool": false, "touchDistance": 0.333333, "touchZone": "none", "type": 2, "width": 18.3909}, {"bases": [[[0.755384, -0.513068, -0.407622], [0.612791, 0.773449, 0.162064], [0.232125, -0.372207, 0.898654]], [[0.767944, -0.534464, -0.353001], [-0.0772585, 0.469804, -0.879383], [0.63584, 0.70259, 0.319491]], [[0.767944, -0.534464, -0.353001], [-0.640517, -0.640338, -0.423917], [0.000527873, 0.551648, -0.834077]], [[0.767944, -0.534464, -0.353001], [-0.474616, -0.844907, 0.246723], [-0.430118, -0.0219291, -0.902506]]], "btipPosition": [-65.158, 214.7, 42.8744], "carpPosition": [-95.9742, 233.442, 71.8653], "dipPosition": [-58.2208, 214.346, 28.3184], "direction": [0.000527873, -0.551647, 0.834077], "extended": false, "handId": 84, "id": 843, "length": 55.6162, "mcpPosition": [-82.7569, 254.636, 20.6954], "pipPosition": [-58.2335, 227.538, 8.37309], "stabilizedTipPosition": [-63.4488, 215.392, 39.3952], "timeVisible": 7.29301, "tipPosition": [-64.095, 212.447, 37.9071], "tipVelocity": [-10.4402, -25.5941, 6.70176], "tool": false, "touchDistance": 0.333333, "touchZone": "none", "type": 3, "width": 17.5001}, {"bases": [[[0.665469, -0.673395, -0.322009], [0.740905, 0.64829, 0.175444], [0.0906125, -0.355331, 0.930338]], [[0.668803, -0.688333, -0.280892], [0.044026, 0.413834, -0.909287], [0.742135, 0.595768, 0.307078]], [[0.668803, -0.688333, -0.280892], [-0.72945, -0.534627, -0.426703], [0.143542, 0.490277, -0.859665]], [[0.668803, -0.688333, -0.280892], [-0.633346, -0.725391, 0.269595], [-0.389327, -0.00240436, -0.921096]]], "btipPosition": [-78.2705, 216.132, 35.794], "carpPosition": [-102.329, 223.829, 65.985], "dipPosition": [-72.4776, 216.096, 22.0889], "direction": [0.143542, -0.490277, 0.859665], "extended": false, "handId": 84, "id": 844, "length": 43.6021, "mcpPosition": [-97.5532, 242.558, 16.9475], "pipPosition": [-74.9011, 224.374, 7.5746], "stabilizedTipPosition": [-76.8181, 216.797, 32.5012], "timeVisible": 7.29301, "tipPosition": [-77.2583, 213.296, 30.3303], "tipVelocity": [-9.38184, -18.8768, 9.05606], "tool": false, "touchDistance": 0.333333, "touchZone": "none", "type": 4, "width": 15.545}], "r": [[0.952549, -0.212377, -0.21805], [0.172633, 0.966948, -0.187644], [0.250694, 0.141098, 0.957729]], "s": 1.00928, "t": [-95.2474, 80.881, 92.3347], "timestamp": 7746287641}, {"currentFrameRate": 115.234, "devices": [], "gestures": [], "hands": [{"armBasis": [[0.613784, 0.0687215, -0.786477], [0.501506, 0.735442, 0.455649], [0.609721, -0.674094, 0.416939]], "armWidth": 60.538, "confidence": 1, "direction": [0.266678, 0.535048, -0.801628], "elbow": [-250.475, 44.3383, 193.191], "grabAngle": 2.71294, "grabStrength": 0, "id": 84, "palmNormal": [0.476027, -0.796337, -0.373156], "palmPosition": [-71.1345, 247.192, 40.869], "palmVelocity": [-5.01518, -13.2311, 0.627068], "palmWidth": 82.711, "pinchDistance": 53.6344, "pinchStrength": 0.636388, "r": [[0.952967, -0.211126, -0.217437], [0.171187, 0.967005, -0.188671], [0.250097, 0.142575, 0.957666]], "s": 1.00966, "sphereCenter": [-64.6817, 222.979, 6.71824], "sphereRadius": 44.1433, "stabilizedPalmPosition": [-71.0234, 247.875, 40.8305], "t": [95.2172, 80.7487, 92.3472], "timeVisible": 7.30162, "type": "left", "wrist": [-100.829, 209.783, 90.8608]}], "id": 110352, "interactionBox": {"center": [0, 200, 0], "size": [235.247, 235.247, 147.751]}, "pointables": [{"bases": [[[0.781349, -0.188244, -0.595027], [0.410891, 0.872795, 0.263435], [0.469746, -0.450326, 0.759306]], [[0.888614, -0.318816, -0.32973], [0.40855, 0.876935, 0.253124], [0.208452, -0.359641, 0.909509]], [[0.888614, -0.318816, -0.32973], [0.397075, 0.894563, 0.205154], [0.229558, -0.31323, 0.921515]], [[0.888614, -0.318816, -0.32973], [0.37873, 0.915545, 0.135426], [0.258706, -0.24522, 0.934311]]], "btipPosition": [-30.6012, 290.825, -32.7241], "carpPosition": [-78.3516, 237.219, 84.792], "dipPosition": [-34.4167, 287.208, -18.9442], "direction": [0.229558, 0.31323, -0.921515], "extended": true, "handId": 84, "id": 841, "length": 50.764, "mcpPosition": [-46.937, 267.335, 34.0129], "pipPosition": [-39.2063, 280.673, 0.282704], "stabilizedTipPosition": [-31.4438, 290.028, -29.5434], "timeVisible": 7.30162, "tipPosition": [-32.2243, 289.951, -29.3832], "tipVelocity": [-17.7649, -6.38367, -3.29812], "tool": false, "touchDistance": -0.227129, "touchZone": "touching", "type": 1, "width": 18.7255}, {"bases": [[[0.710952, 0.70316, -0.0106073], [-0.357474, 0.374342, 0.855617], [0.605607, -0.604511, 0.517501]], [[0.563324, 0.817155, -0.12216], [-0.57415, 0.493472, 0.653328], [0.594153, -0.297898, 0.747154]], [[0.563324, 0.817155, -0.12216], [-0.773289, 0.573507, 0.270397], [0.291015, -0.0578562, 0.954967]], [[0.563324, 0.817155, -0.12216], [-0.823916, 0.544499, -0.157107], [-0.0618648, 0.189152, 0.979997]]], "btipPosition": [-32.0651, 231.327, 7.57318], "carpPosition": [-66.3405, 219.929, 89.381], "dipPosition": [-30.8152, 235.149, 27.3716], "direction": [0.291015, 0.0578562, -0.954967], "extended": false, "handId": 84, "id": 840, "length": 44.9881, "mcpPosition": [-66.3405, 219.929, 89.381], "pipPosition": [-39.3804, 233.446, 55.4783], "stabilizedTipPosition": [-31.7845, 233.021, 11.9893], "timeVisible": 7.30162, "tipPosition": [-29.4247, 234.671, 13.5522], "tipVelocity": [-6.18597, -9.79782, -8.7823], "tool": false, "touchDistance": 0.335666, "touchZone": "hovering", "type": 0, "width": 19.6037}, {"bases": [[[0.756058, -0.393368, -0.523104], [0.547286, 0.818306, 0.175653], [0.358963, -0.419091, 0.833972]], [[0.776223, -0.41779, -0.472154], [-0.179736, 0.571182, -0.800903], [0.604296, 0.706542, 0.368273]], [[0.776223, -0.41779, -0.472154], [-0.621194, -0.634741, -0.459588], [-0.107684, 0.650043, -0.752229]], [[0.776223, -0.41779, -0.472154], [-0.391648, -0.906416, 0.158181], [-0.494055, 0.0621349, -0.867208]]], "btipPosition": [-50.1363, 216.943, 42.5236], "carpPosition": [-87.3874, 236.726, 78.2046], "dipPosition": [-42.1219, 217.951, 28.4561], "direction": [-0.107684, -0.650043, 0.752229], "extended": false, "handId": 84, "id": 842, "length": 57.8415, "mcpPosition": [-64.622, 263.305, 25.3141], "pipPosition": [-39.4786, 233.908, 9.99112], "stabilizedTipPosition": [-48.1001, 218.006, 39.2496], "timeVisible": 7.30162, "tipPosition": [-46.2744, 214.96, 37.1624], "tipVelocity": [-11.2133, -18.5709, -8.94851], "tool": false, "touchDistance": 0.333333, "touchZone": "none", "type": 2, "width": 18.3909}, {"bases": [[[0.75722, -0.511314, -0.40642], [0.611068, 0.774334, 0.164326], [0.230682, -0.372781, 0.898788]], [[0.76969, -0.532747, -0.351793], [-0.0759657, 0.470698, -0.879018], [0.633883, 0.703295, 0.321821]], [[0.76969, -0.532747, -0.351793], [-0.638415, -0.640433, -0.426934], [0.00214766, 0.553197, -0.833048]], [[0.76969, -0.532747, -0.351793], [-0.474241, -0.846022, 0.243601], [-0.427402, -0.0206619, -0.903825]]], "btipPosition": [-65.2282, 214.543, 42.8218], "carpPosition": [-95.9693, 233.337, 71.9134], "dipPosition": [-58.3349, 214.21, 28.2445], "direction": [0.00214766, -0.553197, 0.833048], "extended": false, "handId": 84, "id": 843, "length": 55.6162, "mcpPosition": [-82.8341, 254.564, 20.7359], "pipPosition": [-58.3862, 227.439, 8.32379], "stabilizedTipPosition": [-63.4825, 215.231, 39.4081], "timeVisible": 7.30162, "tipPosition": [-64.2043, 212.33, 37.8623], "tipVelocity": [-9.32926, -17.6269, -6.6831], "tool": false, "touchDistance": 0.333333, "touchZone": "none", "type": 3, "width": 17.5001}, {"bases": [[[0.667384, -0.671889, -0.32119], [0.739368, 0.649383, 0.177868], [0.0890676, -0.356184, 0.930161]], [[0.670705, -0.687176, -0.279184], [0.0462045, 0.414376, -0.908932], [0.740283, 0.596726, 0.309675]], [[0.670705, -0.687176, -0.279184], [-0.727198, -0.535083, -0.429964], [0.146074, 0.491402, -0.858596]], [[0.670705, -0.687176, -0.279184], [-0.633462, -0.726489, 0.266345], [-0.38585, -0.00178596, -0.92256]]], "btipPosition": [-78.3394, 216.032, 35.7804], "carpPosition": [-102.355, 223.742, 66.0375], "dipPosition": [-72.5983, 216.006, 22.0534], "direction": [0.146074, -0.491402, 0.858596], "extended": false, "handId": 84, "id": 844, "length": 43.6021, "mcpPosition": [-97.6601, 242.516, 17.0094], "pipPosition": [-75.0645, 224.302, 7.55721], "stabilizedTipPosition": [-76.8542, 216.658, 32.5231], "timeVisible": 7.30162, "tipPosition": [-77.3841, 213.211, 30.3188], "tipVelocity": [-9.38562, -11.3037, -2.16932], "tool": false, "touchDistance": 0.333333, "touchZone": "none", "type": 4, "width": 15.545}], "r": [[0.952967, -0.211126, -0.217437], [0.171187, 0.967005, -0.188671], [0.250097, 0.142575, 0.957666]], "s": 1.00966, "t": [-95.2172, 80.7487, 92.3472], "timestamp": 7746296250}, {"currentFrameRate": 115.294, "devices": [], "gestures": [], "hands": [{"armBasis": [[0.616083, 0.0717495, -0.784406], [0.499528, 0.734385, 0.459511], [0.609026, -0.67493, 0.416602]], "armWidth": 60.538, "confidence": 1, "direction": [0.266295, 0.535239, -0.801627], "elbow": [-250.297, 43.9667, 193.149], "grabAngle": 2.71215, "grabStrength": 0, "id": 84, "palmNormal": [0.473472, -0.797043, -0.374895], "palmPosition": [-71.1557, 247.027, 40.8963], "palmVelocity": [-2.47357, -19.2804, 3.17848], "palmWidth": 82.711, "pinchDistance": 53.6301, "pinchStrength": 0.634937, "r": [[0.953482, -0.209649, -0.21661], [0.169667, 0.967163, -0.189234], [0.24917, 0.143679, 0.957743]], "s": 1.01005, "sphereCenter": [-64.8422, 222.825, 6.69275], "sphereRadius": 44.1672, "stabilizedPalmPosition": [-71.0437, 247.745, 40.8406], "t": [95.1914, 80.5999, 92.3671], "timeVisible": 7.31019, "type": "left", "wrist": [-100.821, 209.617, 90.9014]}], "id": 110353, "interactionBox": {"center": [0, 200, 0], "size": [235.247, 235.247, 147.751]}, "pointables": [{"bases": [[[0.782959, -0.185877, -0.593653], [0.408381, 0.873462, 0.26512], [0.469254, -0.450015, 0.759794]], [[0.889972, -0.316434, -0.328358], [0.406104, 0.877514, 0.255045], [0.207434, -0.360331, 0.909468]], [[0.889972, -0.316434, -0.328358], [0.394866, 0.89493, 0.207801], [0.228102, -0.314595, 0.921412]], [[0.889972, -0.316434, -0.328358], [0.376697, 0.915956, 0.138293], [0.257001, -0.246769, 0.934375]]], "btipPosition": [-30.6836, 290.688, -32.7224], "carpPosition": [-78.3079, 237.026, 84.8236], "dipPosition": [-34.474, 287.049, -18.9416], "direction": [0.228102, 0.314595, -0.921412], "extended": true, "handId": 84, "id": 841, "length": 50.764, "mcpPosition": [-46.9262, 267.122, 34.0119], "pipPosition": [-39.2333, 280.485, 0.28317], "stabilizedTipPosition": [-31.532, 289.888, -29.5508], "timeVisible": 7.31019, "tipPosition": [-32.2863, 289.768, -29.3914], "tipVelocity": [-8.94463, -16.5431, 0.222319], "tool": false, "touchDistance": -0.227097, "touchZone": "touching", "type": 1, "width": 18.7255}, {"bases": [[[0.709372, 0.704783, -0.00849162], [-0.360028, 0.372677, 0.855273], [0.605946, -0.60365, 0.518108]], [[0.561735, 0.818538, -0.120207], [-0.576343, 0.491414, 0.652948], [0.593534, -0.297504, 0.747803]], [[0.561735, 0.818538, -0.120207], [-0.774735, 0.571424, 0.270667], [0.29024, -0.0589145, 0.955139]], [[0.561735, 0.818538, -0.120207], [-0.824942, 0.543178, -0.156294], [-0.0626388, 0.18696, 0.980368]]], "btipPosition": [-32.1181, 231.161, 7.52173], "carpPosition": [-66.327, 219.704, 89.3715], "dipPosition": [-30.8526, 234.938, 27.3277], "direction": [0.29024, 0.0589145, -0.955139], "extended": false, "handId": 84, "id": 840, "length": 44.9881, "mcpPosition": [-66.327, 219.704, 89.3715], "pipPosition": [-39.395, 233.204, 55.4394], "stabilizedTipPosition": [-31.7909, 232.871, 12.0026], "timeVisible": 7.31019, "tipPosition": [-29.5414, 234.425, 13.4763], "tipVelocity": [-5.76829, -20.6534, -5.80125], "tool": false, "touchDistance": 0.334687, "touchZone": "hovering", "type": 0, "width": 19.6037}, {"bases": [[[0.757991, -0.391129, -0.521984], [0.545074, 0.819371, 0.177556], [0.358252, -0.419105, 0.83427]], [[0.778109, -0.415556, -0.471019], [-0.179687, 0.571277, -0.800847], [0.601879, 0.707782, 0.369845]], [[0.778109, -0.415556, -0.471019], [-0.618833, -0.635695, -0.461452], [-0.107665, 0.650542, -0.7518]], [[0.778109, -0.415556, -0.471019], [-0.389865, -0.907465, 0.156566], [-0.492495, 0.0618084, -0.868118]]], "btipPosition": [-50.2267, 216.72, 42.4927], "carpPosition": [-87.3579, 236.561, 78.2538], "dipPosition": [-42.2376, 217.723, 28.4104], "direction": [-0.107665, -0.650542, 0.7518], "extended": false, "handId": 84, "id": 842, "length": 57.8415, "mcpPosition": [-64.6376, 263.141, 25.3444], "pipPosition": [-39.5948, 233.691, 9.95595], "stabilizedTipPosition": [-48.1476, 217.832, 39.2503], "timeVisible": 7.31019, "tipPosition": [-46.3786, 214.745, 37.1105], "tipVelocity": [-11.2259, -26.1782, -4.00707], "tool": false, "touchDistance": 0.333333, "touchZone": "none", "type": 2, "width": 18.3909}, {"bases": [[[0.759188, -0.509188, -0.405415], [0.608978, 0.775555, 0.166313], [0.229737, -0.373152, 0.898876]], [[0.771598, -0.530647, -0.350785], [-0.075375, 0.471297, -0.878748], [0.631629, 0.70448, 0.323654]], [[0.771598, -0.530647, -0.350785], [-0.636103, -0.641003, -0.42952], [0.0030691, 0.554552, -0.832143]], [[0.771598, -0.530647, -0.350785], [-0.473214, -0.847359, 0.240939], [-0.425095, -0.0199115, -0.90493]]], "btipPosition": [-65.3004, 214.335, 42.8052], "carpPosition": [-95.96, 233.198, 71.9764], "dipPosition": [-58.4443, 214.013, 28.2101], "direction": [0.0030691, -0.554552, 0.832143], "extended": false, "handId": 84, "id": 843, "length": 55.6162, "mcpPosition": [-82.8786, 254.445, 20.7939], "pipPosition": [-58.5177, 227.274, 8.311], "stabilizedTipPosition": [-63.523, 215.068, 39.4148], "timeVisible": 7.31019, "tipPosition": [-64.3095, 212.156, 37.8445], "tipVelocity": [-9.41823, -24.0448, -2.41569], "tool": false, "touchDistance": 0.333333, "touchZone": "none", "type": 3, "width": 17.5001}, {"bases": [[[0.669548, -0.670052, -0.320525], [0.737535, 0.650882, 0.179987], [0.0880231, -0.356908, 0.929983]], [[0.672844, -0.685508, -0.278137], [0.0473009, 0.415065, -0.908561], [0.738271, 0.598164, 0.311699]], [[0.672844, -0.685508, -0.278137], [-0.72491, -0.535929, -0.432766], [0.147603, 0.492808, -0.857528]], [[0.672844, -0.685508, -0.278137], [-0.632838, -0.728064, 0.263512], [-0.383141, -0.00128707, -0.923689]]], "btipPosition": [-78.414, 215.876, 35.7929], "carpPosition": [-102.379, 223.623, 66.1037], "dipPosition": [-72.7132, 215.857, 22.0492], "direction": [0.147603, -0.492808, 0.857528], "extended": false, "handId": 84, "id": 844, "length": 43.6021, "mcpPosition": [-97.7394, 242.435, 17.085], "pipPosition": [-75.2052, 224.177, 7.571], "stabilizedTipPosition": [-76.8972, 216.522, 32.5419], "timeVisible": 7.31019, "tipPosition": [-77.5028, 213.076, 30.3289], "tipVelocity": [-9.78173, -18.0362, 1.01408], "tool": false, "touchDistance": 0.333333, "touchZone": "none", "type": 4, "width": 15.545}], "r": [[0.953482, -0.209649, -0.21661], [0.169667, 0.967163, -0.189234], [0.24917, 0.143679, 0.957743]], "s": 1.01005, "t": [-95.1914, 80.5999, 92.3671], "timestamp": 7746304821}, {"currentFrameRate": 115.198, "devices": [], "gestures": [], "hands": [{"armBasis": [[0.61792, 0.0741491, -0.782737], [0.498509, 0.732905, 0.462968], [0.608, -0.676278, 0.415912]], "armWidth": 60.538, "confidence": 1, "direction": [0.265508, 0.535606, -0.801643], "elbow": [-249.988, 43.4044, 192.981], "grabAngle": 2.71158, "grabStrength": 0, "id": 84, "palmNormal": [0.471966, -0.797249, -0.376354], "palmPosition": [-71.1533, 246.822, 40.8882], "palmVelocity": [0.279396, -23.1335, -0.914896], "palmWidth": 82.711, "pinchDistance": 53.6222, "pinchStrength": 0.633157, "r": [[0.95401, -0.208224, -0.215657], [0.168306, 0.967355, -0.189468], [0.248069, 0.144458, 0.957911]], "s": 1.01046, "sphereCenter": [-64.935, 222.636, 6.64084], "sphereRadius": 44.1894, "stabilizedPalmPosition": [-71.0604, 247.605, 40.8479], "t": [95.1798, 80.4232, 92.373], "timeVisible": 7.31903, "type": "left", "wrist": [-100.764, 209.386, 90.9024]}], "id": 110354, "interactionBox": {"center": [0, 200, 0], "size": [235.247, 235.247, 147.751]}, "pointables": [{"bases": [[[0.784173, -0.184541, -0.592468], [0.406979, 0.873688, 0.26653], [0.468446, -0.450127, 0.760226]], [[0.890843, -0.315141, -0.327239], [0.404757, 0.87767, 0.256647], [0.206328, -0.361084, 0.909421]], [[0.890843, -0.315141, -0.327239], [0.393743, 0.894893, 0.210078], [0.22664, -0.315995, 0.921293]], [[0.890843, -0.315141, -0.327239], [0.375734, 0.915977, 0.140748], [0.255388, -0.24834, 0.934401]]], "btipPosition": [-30.7664, 290.543, -32.7516], "carpPosition": [-78.2413, 236.794, 84.8195], "dipPosition": [-34.5331, 286.881, -18.9704], "direction": [0.22664, 0.315995, -0.921293], "extended": true, "handId": 84, "id": 841, "length": 50.764, "mcpPosition": [-46.9137, 266.896, 33.9788], "pipPosition": [-39.2618, 280.288, 0.251905], "stabilizedTipPosition": [-31.614, 289.736, -29.5761], "timeVisible": 7.31903, "tipPosition": [-32.3554, 289.579, -29.4313], "tipVelocity": [-8.74629, -16.9881, -3.28974], "tool": false, "touchDistance": -0.227582, "touchZone": "touching", "type": 1, "width": 18.7255}, {"bases": [[[0.70862, 0.705559, -0.00670478], [-0.361891, 0.371586, 0.854961], [0.605717, -0.603416, 0.518649]], [[0.561086, 0.819224, -0.118555], [-0.577689, 0.490119, 0.652732], [0.59284, -0.297751, 0.748255]], [[0.561086, 0.819224, -0.118555], [-0.775344, 0.570295, 0.271304], [0.28987, -0.060304, 0.955164]], [[0.561086, 0.819224, -0.118555], [-0.82539, 0.542887, -0.154939], [-0.0625678, 0.184788, 0.980785]]], "btipPosition": [-32.1036, 231.007, 7.45329], "carpPosition": [-66.2716, 219.455, 89.3328], "dipPosition": [-30.8396, 234.74, 27.2676], "direction": [0.28987, 0.060304, -0.955164], "extended": false, "handId": 84, "id": 840, "length": 44.9881, "mcpPosition": [-66.2716, 219.455, 89.3328], "pipPosition": [-39.371, 232.965, 55.3801], "stabilizedTipPosition": [-31.7941, 232.723, 12.0037], "timeVisible": 7.31903, "tipPosition": [-29.6141, 234.182, 13.3778], "tipVelocity": [1.60196, -18.4982, -7.52092], "tool": false, "touchDistance": 0.333554, "touchZone": "hovering", "type": 0, "width": 19.6037}, {"bases": [[[0.759305, -0.389879, -0.521009], [0.543879, 0.819816, 0.179155], [0.357283, -0.4194, 0.834538]], [[0.779363, -0.414326, -0.470029], [-0.179244, 0.57138, -0.800872], [0.600387, 0.70842, 0.371047]], [[0.779363, -0.414326, -0.470029], [-0.617334, -0.63611, -0.462886], [-0.107205, 0.650921, -0.751538]], [[0.779363, -0.414326, -0.470029], [-0.38901, -0.908032, 0.155398], [-0.491187, 0.0617346, -0.868864]]], "btipPosition": [-50.2628, 216.486, 42.4423], "carpPosition": [-87.303, 236.343, 78.2647], "dipPosition": [-42.2949, 217.488, 28.3479], "direction": [-0.107205, -0.650921, 0.751538], "extended": false, "handId": 84, "id": 842, "length": 57.8415, "mcpPosition": [-64.6441, 262.942, 25.3383], "pipPosition": [-39.6634, 233.466, 9.89993], "stabilizedTipPosition": [-48.1937, 217.65, 39.2422], "timeVisible": 7.31903, "tipPosition": [-46.4205, 214.519, 37.0368], "tipVelocity": [-4.63564, -26.443, -6.00896], "tool": false, "touchDistance": 0.333333, "touchZone": "none", "type": 2, "width": 18.3909}, {"bases": [[[0.760431, -0.508032, -0.404534], [0.607851, 0.776079, 0.167986], [0.228609, -0.373638, 0.898962]], [[0.772771, -0.529522, -0.349901], [-0.0745094, 0.471798, -0.878553], [0.630296, 0.704991, 0.325138]], [[0.772771, -0.529522, -0.349901], [-0.63467, -0.64102, -0.43161], [0.00425351, 0.555608, -0.831434]], [[0.772771, -0.529522, -0.349901], [-0.472993, -0.848082, 0.238819], [-0.423205, -0.0190515, -0.905834]]], "btipPosition": [-65.3167, 214.1, 42.7636], "carpPosition": [-95.9195, 232.995, 71.9993], "dipPosition": [-58.4911, 213.793, 28.1539], "direction": [0.00425351, -0.555608, 0.831434], "extended": false, "handId": 84, "id": 843, "length": 55.6162, "mcpPosition": [-82.9024, 254.27, 20.8119], "pipPosition": [-58.5928, 227.079, 8.27181], "stabilizedTipPosition": [-63.56, 214.896, 39.4129], "timeVisible": 7.31903, "tipPosition": [-64.3493, 211.95, 37.7987], "tipVelocity": [-2.6433, -26.1238, -5.081], "tool": false, "touchDistance": 0.333333, "touchZone": "none", "type": 3, "width": 17.5001}, {"bases": [[[0.670822, -0.669062, -0.319928], [0.736519, 0.651534, 0.181778], [0.0868239, -0.357574, 0.92984]], [[0.674139, -0.684999, -0.276247], [0.0492545, 0.414872, -0.908546], [0.73696, 0.59888, 0.313421]], [[0.674139, -0.684999, -0.276247], [-0.723222, -0.536257, -0.435177], [0.149957, 0.493157, -0.856918]], [[0.674139, -0.684999, -0.276247], [-0.633189, -0.728543, 0.261338], [-0.380274, -0.00126146, -0.924873]]], "btipPosition": [-78.4147, 215.692, 35.7813], "carpPosition": [-102.359, 223.431, 66.1297], "dipPosition": [-72.7565, 215.673, 22.0199], "direction": [0.149957, -0.493157, 0.856918], "extended": false, "handId": 84, "id": 844, "length": 43.6021, "mcpPosition": [-97.7825, 242.279, 17.1185], "pipPosition": [-75.2883, 223.999, 7.55204], "stabilizedTipPosition": [-76.9342, 216.379, 32.5546], "timeVisible": 7.31903, "tipPosition": [-77.5542, 212.894, 30.3096], "tipVelocity": [-1.18709, -20.8371, -1.77393], "tool": false, "touchDistance": 0.333333, "touchZone": "none", "type": 4, "width": 15.545}], "r": [[0.95401, -0.208224, -0.215657], [0.168306, 0.967355, -0.189468], [0.248069, 0.144458, 0.957911]], "s": 1.01046, "t": [-95.1798, 80.4232, 92.373], "timestamp": 7746313664}, {"currentFrameRate": 115.305, "devices": [], "gestures": [], "hands": [{"armBasis": [[0.620541, 0.0778203, -0.780303], [0.496528, 0.731186, 0.467789], [0.60695, -0.677725, 0.415091]], "armWidth": 60.538, "confidence": 1, "direction": [0.265228, 0.536916, -0.800859], "elbow": [-249.697, 42.7463, 192.761], "grabAngle": 2.71124, "grabStrength": 0, "id": 84, "palmNormal": [0.469407, -0.79743, -0.379159], "palmPosition": [-71.1471, 246.589, 40.9082], "palmVelocity": [0.723808, -27.4736, 2.35622], "palmWidth": 82.711, "pinchDistance": 53.5992, "pinchStrength": 0.630887, "r": [[0.954607, -0.206538, -0.214633], [0.166842, 0.967674, -0.189129], [0.246757, 0.144735, 0.958208]], "s": 1.01092, "sphereCenter": [-65.087, 222.435, 6.55481], "sphereRadius": 44.238, "stabilizedPalmPosition": [-71.0726, 247.462, 40.8564], "t": [95.1771, 80.2182, 92.386], "timeVisible": 7.32752, "type": "left", "wrist": [-100.731, 209.083, 90.8843]}], "id": 110355, "interactionBox": {"center": [0, 200, 0], "size": [235.247, 235.247, 147.751]}, "pointables": [{"bases": [[[0.785718, -0.181307, -0.591418], [0.404452, 0.873982, 0.269396], [0.468046, -0.45087, 0.760033]], [[0.892176, -0.312276, -0.326353], [0.402209, 0.878035, 0.259387], [0.205549, -0.362681, 0.908962]], [[0.892176, -0.312276, -0.326353], [0.391377, 0.895144, 0.213404], [0.225492, -0.318121, 0.920843]], [[0.892176, -0.312276, -0.326353], [0.373488, 0.916359, 0.144199], [0.254027, -0.25054, 0.934184]]], "btipPosition": [-30.8, 290.407, -32.6998], "carpPosition": [-78.1752, 236.471, 84.8287], "dipPosition": [-34.5465, 286.711, -18.9218], "direction": [0.225492, 0.318121, -0.920843], "extended": true, "handId": 84, "id": 841, "length": 50.764, "mcpPosition": [-46.8743, 266.624, 34.001], "pipPosition": [-39.2513, 280.074, 0.291077], "stabilizedTipPosition": [-31.6518, 289.594, -29.5403], "timeVisible": 7.32752, "tipPosition": [-32.3831, 289.425, -29.3822], "tipVelocity": [-3.40557, -16.9813, 6.00801], "tool": false, "touchDistance": -0.226732, "touchZone": "touching", "type": 1, "width": 18.7255}, {"bases": [[[0.706997, 0.707207, -0.00366759], [-0.364368, 0.368695, 0.855161], [0.606128, -0.60326, 0.51835]], [[0.559485, 0.820757, -0.115476], [-0.579466, 0.486952, 0.653526], [0.592618, -0.298723, 0.748043]], [[0.559485, 0.820757, -0.115476], [-0.776514, 0.56777, 0.273246], [0.289832, -0.063208, 0.954988]], [[0.559485, 0.820757, -0.115476], [-0.826495, 0.541987, -0.15217], [-0.062308, 0.180577, 0.981585]]], "btipPosition": [-32.075, 230.861, 7.39682], "carpPosition": [-66.237, 219.094, 89.2777], "dipPosition": [-30.8162, 234.509, 27.2273], "direction": [0.289832, 0.063208, -0.954988], "extended": false, "handId": 84, "id": 840, "length": 44.9881, "mcpPosition": [-66.237, 219.094, 89.2777], "pipPosition": [-39.3466, 232.649, 55.3347], "stabilizedTipPosition": [-31.7929, 232.583, 11.9974], "timeVisible": 7.32752, "tipPosition": [-29.7098, 233.898, 13.2758], "tipVelocity": [3.22873, -19.5105, -6.21207], "tool": false, "touchDistance": 0.332675, "touchZone": "hovering", "type": 0, "width": 19.6037}, {"bases": [[[0.76119, -0.386872, -0.5205], [0.541642, 0.820637, 0.182153], [0.356671, -0.420577, 0.834206]], [[0.781207, -0.411396, -0.469541], [-0.179393, 0.572478, -0.800055], [0.597941, 0.709241, 0.373422]], [[0.781207, -0.411396, -0.469541], [-0.614968, -0.636515, -0.465471], [-0.107377, 0.652382, -0.750245]], [[0.781207, -0.411396, -0.469541], [-0.387086, -0.909313, 0.152688], [-0.489775, 0.0624718, -0.869608]]], "btipPosition": [-50.332, 216.193, 42.3702], "carpPosition": [-87.2503, 236.058, 78.2901], "dipPosition": [-42.387, 217.207, 28.2637], "direction": [-0.107377, -0.652382, 0.750245], "extended": false, "handId": 84, "id": 842, "length": 57.8415, "mcpPosition": [-64.6302, 262.731, 25.3847], "pipPosition": [-39.7512, 233.221, 9.84748], "stabilizedTipPosition": [-48.2408, 217.465, 39.2246], "timeVisible": 7.32752, "tipPosition": [-46.4996, 214.242, 36.9358], "tipVelocity": [-8.76533, -34.1842, -8.81731], "tool": false, "touchDistance": 0.333333, "touchZone": "none", "type": 2, "width": 18.3909}, {"bases": [[[0.762369, -0.505302, -0.404307], [0.605735, 0.777074, 0.171], [0.22777, -0.375268, 0.898496]], [[0.774655, -0.526895, -0.349702], [-0.0741419, 0.473504, -0.877666], [0.628023, 0.705815, 0.327737]], [[0.774655, -0.526895, -0.349702], [-0.632366, -0.64118, -0.434743], [0.00484258, 0.557916, -0.829884]], [[0.774655, -0.526895, -0.349702], [-0.471699, -0.849752, 0.23542], [-0.421201, -0.017415, -0.9068]]], "btipPosition": [-65.3726, 213.829, 42.7021], "carpPosition": [-95.8863, 232.744, 72.033], "dipPosition": [-58.5793, 213.548, 28.0769], "direction": [0.00484258, -0.557916, 0.829884], "extended": false, "handId": 84, "id": 843, "length": 55.6162, "mcpPosition": [-82.917, 254.112, 20.8721], "pipPosition": [-58.6951, 226.889, 8.23184], "stabilizedTipPosition": [-63.5981, 214.724, 39.4016], "timeVisible": 7.32752, "tipPosition": [-64.4287, 211.712, 37.7246], "tipVelocity": [-7.45151, -31.2431, -7.65939], "tool": false, "touchDistance": 0.333333, "touchZone": "none", "type": 3, "width": 17.5001}, {"bases": [[[0.672972, -0.666742, -0.320257], [0.734665, 0.652794, 0.184737], [0.0858901, -0.359605, 0.929143]], [[0.676286, -0.683036, -0.27586], [0.0504099, 0.416519, -0.907728], [0.734912, 0.599978, 0.316118]], [[0.676286, -0.683036, -0.27586], [-0.720916, -0.53673, -0.438408], [0.151386, 0.495361, -0.855395]], [[0.676286, -0.683036, -0.27586], [-0.632438, -0.730385, 0.257994], [-0.377703, -1.36962e-05, -0.925927]]], "btipPosition": [-78.4641, 215.488, 35.7487], "carpPosition": [-102.359, 223.209, 66.1528], "dipPosition": [-72.8441, 215.487, 21.9717], "direction": [0.151386, -0.495361, 0.855395], "extended": false, "handId": 84, "id": 844, "length": 43.6021, "mcpPosition": [-97.8317, 242.164, 17.1783], "pipPosition": [-75.4001, 223.851, 7.52951], "stabilizedTipPosition": [-76.9716, 216.239, 32.5586], "timeVisible": 7.32752, "tipPosition": [-77.6457, 212.705, 30.2642], "tipVelocity": [-6.85075, -23.5216, -4.26056], "tool": false, "touchDistance": 0.333333, "touchZone": "none", "type": 4, "width": 15.545}], "r": [[0.954607, -0.206538, -0.214633], [0.166842, 0.967674, -0.189129], [0.246757, 0.144735, 0.958208]], "s": 1.01092, "t": [-95.1771, 80.2182, 92.386], "timestamp": 7746322156}, {"currentFrameRate": 114.991, "devices": [], "gestures": [], "hands": [{"armBasis": [[0.622138, 0.0802671, -0.778782], [0.495296, 0.730016, 0.470913], [0.606322, -0.6787, 0.414415]], "armWidth": 60.538, "confidence": 1, "direction": [0.26468, 0.537716, -0.800504], "elbow": [-249.472, 42.153, 192.574], "grabAngle": 2.71085, "grabStrength": 0, "id": 84, "palmNormal": [0.467851, -0.797473, -0.380988], "palmPosition": [-71.1144, 246.281, 40.9011], "palmVelocity": [3.54613, -33.3762, -0.774056], "palmWidth": 82.711, "pinchDistance": 53.5719, "pinchStrength": 0.628275, "r": [[0.955197, -0.204894, -0.213582], [0.165488, 0.968022, -0.188537], [0.245382, 0.144745, 0.95856]], "s": 1.01143, "sphereCenter": [-65.1694, 222.133, 6.46739], "sphereRadius": 44.2894, "stabilizedPalmPosition": [-71.0787, 247.289, 40.8629], "t": [95.1921, 79.9617, 92.3889], "timeVisible": 7.33675, "type": "left", "wrist": [-100.661, 208.729, 90.8629]}], "id": 110356, "interactionBox": {"center": [0, 200, 0], "size": [235.247, 235.247, 147.751]}, "pointables": [{"bases": [[[0.786832, -0.179508, -0.590485], [0.402968, 0.874099, 0.271235], [0.467453, -0.451362, 0.760105]], [[0.89302, -0.310661, -0.325584], [0.400698, 0.878228, 0.261069], [0.204833, -0.363601, 0.908756]], [[0.89302, -0.310661, -0.325584], [0.390075, 0.895138, 0.215799], [0.224402, -0.319716, 0.920557]], [[0.89302, -0.310661, -0.325584], [0.372299, 0.916444, 0.146713], [0.252801, -0.252232, 0.934061]]], "btipPosition": [-30.8204, 290.171, -32.7001], "carpPosition": [-78.0886, 236.11, 84.8179], "dipPosition": [-34.5489, 286.451, -18.9239], "direction": [0.224402, 0.319716, -0.920557], "extended": true, "handId": 84, "id": 841, "length": 50.764, "mcpPosition": [-46.8274, 266.295, 33.9853], "pipPosition": [-39.2309, 279.78, 0.283051], "stabilizedTipPosition": [-31.6737, 289.36, -29.5329], "timeVisible": 7.33675, "tipPosition": [-32.4029, 289.168, -29.3877], "tipVelocity": [-1.76387, -26.1802, -0.0719744], "tool": false, "touchDistance": -0.226743, "touchZone": "touching", "type": 1, "width": 18.7255}, {"bases": [[[0.70613, 0.70808, -0.