{"frames": 133, "data": [{"currentFrameRate": 113.682, "devices": [], "gestures": [], "hands": [{"armBasis": [[-0.0872087, 0.985683, -0.144302], [-0.165192, 0.12854, 0.977849], [0.982398, 0.109115, 0.151618]], "armWidth": 61.343, "confidence": 1, "direction": [0.566356, -0.0747906, -0.82076], "elbow": [-142.897, 229.662, 185.245], "grabAngle": 0.248374, "grabStrength": 0, "id": 59, "palmNormal": [-0.822845, -0.107555, -0.557994], "palmPosition": [156.621, 187.569, 90.6554], "palmVelocity": [-45.1532, -18.1752, -33.7937], "palmWidth": 87.6779, "pinchDistance": 43.5754, "pinchStrength": 0, "r": [[-0.996455, -0.00549723, -0.0839427], [0.0460951, 0.799041, -0.599507], [0.0703693, -0.601252, -0.795955]], "s": 0.923694, "sphereCenter": [15.9182, 161.298, -8.17667], "sphereRadius": 175.296, "stabilizedPalmPosition": [158.76, 187.857, 93.3393], "t": [20.5789, -12.8757, -5.53061], "timeVisible": 14.7686, "type": "left", "wrist": [112.695, 201.273, 145.798]}], "id": 74784, "interactionBox": {"center": [0, 200, 0], "size": [235.247, 235.247, 147.751]}, "pointables": [{"bases": [[[-0.82776, 0.480535, 0.289652], [-0.184418, -0.72057, 0.668408], [0.529908, 0.499864, 0.685078]], [[-0.902462, 0.393517, 0.175233], [-0.185654, -0.722381, 0.666106], [0.388709, 0.568603, 0.72498]], [[-0.902462, 0.393517, 0.175233], [-0.381747, -0.919067, 0.0979047], [0.199578, 0.0214607, 0.979647]], [[-0.902462, 0.393517, 0.175233], [-0.428373, -0.77698, -0.461302], [-0.045378, -0.491372, 0.869767]]], "btipPosition": [145.53, 154.518, 46.3429], "carpPosition": [121.082, 171.084, 135.05], "dipPosition": [146.594, 143.001, 66.7279], "direction": [0.199578, -0.0214607, -0.979647], "extended": false, "handId": 59, "id": 590, "length": 52.1916, "mcpPosition": [121.082, 171.084, 135.05], "pipPosition": [139.779, 143.734, 100.178], "stabilizedTipPosition": [146.704, 151.915, 51.7342], "timeVisible": 14.7686, "tipPosition": [151.069, 147.185, 53.327], "tipVelocity": [-61.6838, -7.35901, -36.5311], "tool": false, "touchDistance": 0.281333, "touchZone": "hovering", "type": 0, "width": 19.4866}, {"bases": [[[-0.0492089, 0.964751, -0.258524], [-0.897722, 0.070736, 0.434847], [0.437806, 0.253481, 0.862597]], [[0.0695403, 0.997404, -0.0186837], [-0.970153, 0.0719781, 0.231566], [0.23231, 0.00202288, 0.97264]], [[0.0695403, 0.997404, -0.0186837], [-0.987766, 0.0714647, 0.138601], [0.139577, 0.0088168, 0.990172]], [[0.0695403, 0.997404, -0.0186837], [-0.989803, 0.07132, 0.123299], [0.124311, 0.00991897, 0.992194]]], "btipPosition": [188.601, 161.605, -7.79351], "carpPosition": [142.064, 180.044, 136.149], "dipPosition": [186.474, 161.774, 9.18318], "direction": [0.139577, -0.0088168, -0.990172], "extended": true, "handId": 59, "id": 591, "length": 58.8924, "mcpPosition": [173.1, 162.075, 74.9978], "pipPosition": [183.095, 161.988, 33.1506], "stabilizedTipPosition": [189.042, 161.806, -3.21452], "timeVisible": 14.7686, "tipPosition": [191.603, 160.678, -2.93656], "tipVelocity": [-67.3952, -12.309, -41.7176], "tool": false, "touchDistance": 0.33303, "touchZone": "hovering", "type": 1, "width": 18.6136}, {"bases": [[[0.164158, 0.963838, -0.209925], [-0.883287, 0.238368, 0.403713], [0.439153, 0.119151, 0.890476]], [[0.18603, 0.96861, -0.164889], [-0.938849, 0.224725, 0.260884], [0.28975, 0.106274, 0.951184]], [[0.18603, 0.96861, -0.164889], [-0.956098, 0.217129, 0.196803], [0.226428, 0.121039, 0.966478]], [[0.18603, 0.96861, -0.164889], [-0.961742, 0.213859, 0.171222], [0.201111, 0.126728, 0.971336]]], "btipPosition": [198.105, 172.368, -18.2435], "carpPosition": [144.362, 191.34, 133.338], "dipPosition": [194.32, 174.753, 0.0362164], "direction": [0.226428, -0.121039, -0.966478], "extended": true, "handId": 59, "id": 592, "length": 67.1031, "mcpPosition": [173.886, 183.33, 73.4727], "pipPosition": [187.872, 178.2, 27.559], "stabilizedTipPosition": [199.205, 172.922, -11.7142], "timeVisible": 14.7686, "tipPosition": [201.16, 174.39, -12.9472], "tipVelocity": [47, -6.37493, -37.8652], "tool": false, "touchDistance": 0.333059, "touchZone": "hovering", "type": 2, "width": 18.281}, {"bases": [[[0.29311, 0.950137, -0.106428], [-0.854852, 0.310298, 0.415864], [0.428152, -0.0309132, 0.903178]], [[0.232907, 0.945671, -0.22685], [-0.903638, 0.296659, 0.30892], [0.359434, 0.133041, 0.923638]], [[0.232907, 0.945671, -0.22685], [-0.918989, 0.290329, 0.266773], [0.318141, 0.14634, 0.936681]], [[0.232907, 0.945671, -0.22685], [-0.934794, 0.282024, 0.215923], [0.268169, 0.161768, 0.949693]]], "btipPosition": [199.311, 191.633, -9.08673], "carpPosition": [143.542, 202.807, 130.511], "dipPosition": [194.294, 194.66, 8.68294], "direction": [0.318141, -0.14634, -0.936681], "extended": true, "handId": 59, "id": 593, "length": 64.5215, "mcpPosition": [169.385, 204.673, 75.9957], "pipPosition": [185.468, 198.72, 34.6683], "stabilizedTipPosition": [199.654, 192.359, -3.10717], "timeVisible": 14.7686, "tipPosition": [202.223, 195.333, -3.6606], "tipVelocity": [-42.2914, -6.49907, -34.4756], "tool": false, "touchDistance": 0.333085, "touchZone": "hovering", "type": 3, "width": 17.3955}, {"bases": [[[0.477884, 0.875754, -0.06842], [-0.757649, 0.450343, 0.472397], [0.444516, -0.173912, 0.878726]], [[0.332328, 0.889139, -0.314628], [-0.812686, 0.439243, 0.382895], [0.478644, 0.128447, 0.868563]], [[0.332328, 0.889139, -0.314628], [-0.832168, 0.433428, 0.345884], [0.443908, 0.146876, 0.883953]], [[0.332328, 0.889139, -0.314628], [-0.85508, 0.424798, 0.297296], [0.397991, 0.170232, 0.901457]]], "btipPosition": [193.157, 212.907, 14.2115], "carpPosition": [135.806, 213.553, 126.941], "dipPosition": [186.287, 215.845, 29.7722], "direction": [0.443908, -0.146876, -0.883953], "extended": true, "handId": 59, "id": 594, "length": 50.5836, "mcpPosition": [160.643, 223.27, 77.8422], "pipPosition": [177.592, 218.722, 47.0862], "stabilizedTipPosition": [192.181, 213.785, 18.331], "timeVisible": 14.7686, "tipPosition": [194.855, 216.404, 19.402], "tipVelocity": [-43.4697, -11.6514, -31.6076], "tool": false, "touchDistance": 0.333106, "touchZone": "hovering", "type": 4, "width": 15.4521}], "r": [[-0.996455, -0.00549723, -0.0839427], [0.0460951, 0.799041, -0.599507], [0.0703693, -0.601252, -0.795955]], "s": 0.923694, "t": [-20.5789, -12.8757, -5.53061], "timestamp": 7432090240}, {"currentFrameRate": 113.41, "devices": [], "gestures": [], "hands": [{"armBasis": [[-0.087792, 0.985567, -0.144745], [-0.166318, 0.128764, 0.977629], [0.982156, 0.109902, 0.152613]], "armWidth": 61.343, "confidence": 1, "direction": [0.564357, -0.0760739, -0.822018], "elbow": [-143.115, 229.803, 185.322], "grabAngle": 0.247633, "grabStrength": 0, "id": 59, "palmNormal": [-0.824286, -0.106598, -0.556049], "palmPosition": [156.201, 187.419, 90.3906], "palmVelocity": [-45.2458, -16.1846, -28.5085], "palmWidth": 87.6779, "pinchDistance": 43.6648, "pinchStrength": 0, "r": [[-0.996372, -0.00664982, -0.0848445], [0.0456538, 0.799592, -0.598805], [0.0718229, -0.600506, -0.796388]], "s": 0.924348, "sphereCenter": [16.0074, 161.468, -7.90621], "sphereRadius": 174.57, "stabilizedPalmPosition": [158.705, 187.847, 93.2756], "t": [20.2052, -13.0293, -5.8098], "timeVisible": 14.7779, "type": "left", "wrist": [112.415, 201.21, 145.616]}], "id": 74785, "interactionBox": {"center": [0, 200, 0], "size": [235.247, 235.247, 147.751]}, "pointables": [{"bases": [[[-0.829149, 0.479431, 0.287502], [-0.18486, -0.720502, 0.668359], [0.527578, 0.501022, 0.686032]], [[-0.903512, 0.392158, 0.172852], [-0.186012, -0.722203, 0.666199], [0.386089, 0.569767, 0.725466]], [[-0.903512, 0.392158, 0.172852], [-0.380632, -0.919642, 0.0968428], [0.196939, 0.0217059, 0.980175]], [[-0.903512, 0.392158, 0.172852], [-0.425916, -0.77691, -0.463687], [-0.0475484, -0.492567, 0.868974]]], "btipPosition": [144.92, 154.408, 46.1453], "carpPosition": [120.739, 171.011, 134.875], "dipPosition": [146.034, 142.864, 66.5118], "direction": [0.196939, -0.0217059, -0.980175], "extended": false, "handId": 59, "id": 590, "length": 52.1916, "mcpPosition": [120.739, 171.011, 134.875], "pipPosition": [139.31, 143.605, 99.9797], "stabilizedTipPosition": [146.135, 151.855, 51.3976], "timeVisible": 14.7779, "tipPosition": [150.482, 147.04, 53.088], "tipVelocity": [-64.4345, -12.5144, -21.7346], "tool": false, "touchDistance": 0.277969, "touchZone": "hovering", "type": 0, "width": 19.4866}, {"bases": [[[-0.0500756, 0.964541, -0.25914], [-0.898823, 0.0696016, 0.432749], [0.435441, 0.254591, 0.863467]], [[0.0681702, 0.997496, -0.018843], [-0.970592, 0.0706787, 0.230122], [0.230878, 0.00260132, 0.972979]], [[0.0681702, 0.997496, -0.018843], [-0.988262, 0.0701033, 0.135735], [0.136716, 0.00936872, 0.990566]], [[0.0681702, 0.997496, -0.018843], [-0.990369, 0.0699404, 0.119492], [0.120511, 0.0105157, 0.992656]]], "btipPosition": [187.91, 161.373, -8.11477], "carpPosition": [141.737, 179.94, 135.921], "dipPosition": [185.848, 161.553, 8.86984], "direction": [0.136716, -0.00936871, -0.990566], "extended": true, "handId": 59, "id": 591, "length": 58.8924, "mcpPosition": [172.606, 161.891, 74.7086], "pipPosition": [182.539, 161.779, 32.8468], "stabilizedTipPosition": [188.469, 161.667, -3.56876], "timeVisible": 14.7779, "tipPosition": [190.923, 160.427, -3.26838], "tipVelocity": [-72.7645, -24.7086, -34.3999], "tool": false, "touchDistance": 0.333052, "touchZone": "hovering", "type": 1, "width": 18.6136}, {"bases": [[[0.163181, 0.963977, -0.210051], [-0.884571, 0.237239, 0.401561], [0.436927, 0.120278, 0.891419]], [[0.185086, 0.968829, -0.164664], [-0.939223, 0.223692, 0.260427], [0.289143, 0.106455, 0.951348]], [[0.185086, 0.968829, -0.164664], [-0.956464, 0.216069, 0.196192], [0.225655, 0.121183, 0.966641]], [[0.185086, 0.968829, -0.164664], [-0.962037, 0.212826, 0.170849], [0.200569, 0.126791, 0.97144]]], "btipPosition": [197.577, 172.169, -18.5601], "carpPosition": [144.046, 191.231, 133.099], "dipPosition": [193.803, 174.555, -0.278429], "direction": [0.225655, -0.121183, -0.966641], "extended": true, "handId": 59, "id": 592, "length": 67.1031, "mcpPosition": [173.42, 183.145, 73.1706], "pipPosition": [187.377, 178.006, 27.249], "stabilizedTipPosition": [199.063, 172.91, -11.8644], "timeVisible": 14.7779, "tipPosition": [200.439, 174.103, -13.319], "tipVelocity": [-56.5593, -21.4426, -34.0458], "tool": false, "touchDistance": 0.333056, "touchZone": "hovering", "type": 2, "width": 18.281}, {"bases": [[[0.291915, 0.950524, -0.106251], [-0.856273, 0.309218, 0.413739], [0.426124, -0.0297964, 0.904174]], [[0.232105, 0.945928, -0.226599], [-0.904027, 0.29576, 0.308645], [0.358975, 0.133214, 0.923792]], [[0.232105, 0.945928, -0.226599], [-0.919395, 0.289406, 0.266378], [0.317553, 0.146507, 0.936854]], [[0.232105, 0.945928, -0.226599], [-0.935247, 0.281045, 0.215238], [0.267284, 0.161968, 0.949908]]], "btipPosition": [198.83, 191.44, -9.40533], "carpPosition": [143.236, 202.697, 130.269], "dipPosition": [193.829, 194.47, 8.36837], "direction": [0.317553, -0.146507, -0.936854], "extended": true, "handId": 59, "id": 593, "length": 64.5215, "mcpPosition": [168.957, 204.495, 75.6928], "pipPosition": [185.019, 198.535, 34.3586], "stabilizedTipPosition": [199.522, 192.344, -3.25489], "timeVisible": 14.7779, "tipPosition": [201.553, 195.031, -4.04863], "tipVelocity": [-51.4235, -20.7279, -34.2099], "tool": false, "touchDistance": 0.333056, "touchZone": "hovering", "type": 3, "width": 17.3955}, {"bases": [[[0.476714, 0.876442, -0.0677804], [-0.759412, 0.44944, 0.470422], [0.442761, -0.172783, 0.879835]], [[0.331558, 0.889456, -0.314543], [-0.813201, 0.438465, 0.382691], [0.478303, 0.128902, 0.868683]], [[0.331558, 0.889456, -0.314543], [-0.833157, 0.43247, 0.344702], [0.442628, 0.147775, 0.884445]], [[0.331558, 0.889456, -0.314543], [-0.856122, 0.423739, 0.295806], [0.39639, 0.17121, 0.901977]]], "btipPosition": [192.696, 212.693, 13.8961], "carpPosition": [135.509, 213.453, 126.71], "dipPosition": [185.854, 215.648, 29.4657], "direction": [0.442628, -0.147775, -0.884445], "extended": true, "handId": 59, "id": 594, "length": 50.5836, "mcpPosition": [160.248, 223.107, 77.5497], "pipPosition": [177.184, 218.543, 46.7894], "stabilizedTipPosition": [191.822, 213.645, 18.0413], "timeVisible": 14.7779, "tipPosition": [194.292, 216.139, 19.0235], "tipVelocity": [-48.8862, -22.5931, -33.7454], "tool": false, "touchDistance": 0.333061, "touchZone": "hovering", "type": 4, "width": 15.4521}], "r": [[-0.996372, -0.00664982, -0.0848445], [0.0456538, 0.799592, -0.598805], [0.0718229, -0.600506, -0.796388]], "s": 0.924348, "t": [-20.2052, -13.0293, -5.8098], "timestamp": 7432099526}, {"currentFrameRate": 113.832, "devices": [], "gestures": [], "hands": [{"armBasis": [[-0.0888851, 0.985432, -0.144995], [-0.168069, 0.128645, 0.977345], [0.98176, 0.111241, 0.154186]], "armWidth": 61.343, "confidence": 1, "direction": [0.562822, -0.0767998, -0.823002], "elbow": [-143.396, 230.076, 185.516], "grabAngle": 0.24534, "grabStrength": 0, "id": 59, "palmNormal": [-0.825386, -0.105678, -0.554591], "palmPosition": [155.703, 187.286, 90.1012], "palmVelocity": [-61.7195, -16.5495, -35.9144], "palmWidth": 87.6779, "pinchDistance": 43.8148, "pinchStrength": 0, "r": [[-0.996272, -0.00780565, -0.0859166], [0.045323, 0.800034, -0.598241], [0.0734058, -0.599904, -0.796697]], "s": 0.925252, "sphereCenter": [16.4409, 161.862, -7.69235], "sphereRadius": 173.513, "stabilizedPalmPosition": [158.643, 187.835, 93.21], "t": [19.7696, -13.1728, -6.09411], "timeVisible": 14.7859, "type": "left", "wrist": [112.03, 201.134, 145.401]}], "id": 74786, "interactionBox": {"center": [0, 200, 0], "size": [235.247, 235.247, 147.751]}, "pointables": [{"bases": [[[-0.830213, 0.478484, 0.286005], [-0.185192, -0.720664, 0.668092], [0.525785, 0.501693, 0.686916]], [[-0.904397, 0.390929, 0.170997], [-0.18632, -0.722342, 0.665963], [0.383863, 0.570435, 0.726122]], [[-0.904397, 0.390929, 0.170997], [-0.379592, -0.92016, 0.0959981], [0.194873, 0.0219113, 0.980584]], [[-0.904397, 0.390929, 0.170997], [-0.423851, -0.776913, -0.465572], [-0.049156, -0.493539, 0.868333]]], "btipPosition": [144.266, 154.303, 45.889], "carpPosition": [120.301, 170.923, 134.649], "dipPosition": [145.418, 142.736, 66.2404], "direction": [0.194873, -0.0219113, -0.980584], "extended": false, "handId": 59, "id": 590, "length": 52.1916, "mcpPosition": [120.301, 170.923, 134.649], "pipPosition": [138.765, 143.484, 99.7223], "stabilizedTipPosition": [145.564, 151.779, 51.103], "timeVisible": 14.7859, "tipPosition": [149.858, 146.923, 52.8061], "tipVelocity": [-80.0348, -13.6406, -32.2351], "tool": false, "touchDistance": 0.27364, "touchZone": "hovering", "type": 0, "width": 19.4866}, {"bases": [[[-0.0507481, 0.964461, -0.259307], [-0.899663, 0.0685849, 0.431164], [0.433625, 0.25517, 0.864209]], [[0.0671683, 0.99757, -0.0185299], [-0.970743, 0.0696306, 0.229804], [0.230536, 0.00255223, 0.973061]], [[0.0671683, 0.99757, -0.0185299], [-0.988499, 0.0690566, 0.134543], [0.135495, 0.00927976, 0.990735]], [[0.0671683, 0.99757, -0.0185299], [-0.99069, 0.0688862, 0.117424], [0.118415, 0.0104702, 0.992909]]], "btipPosition": [187.275, 161.224, -8.4428], "carpPosition": [141.31, 179.827, 135.658], "dipPosition": [185.249, 161.403, 8.54613], "direction": [0.135495, -0.00927976, -0.990735], "extended": true, "handId": 59, "id": 591, "length": 58.8924, "mcpPosition": [172.051, 161.738, 74.3925], "pipPosition": [181.969, 161.628, 32.5271], "stabilizedTipPosition": [187.948, 161.54, -3.87245], "timeVisible": 14.7859, "tipPosition": [190.213, 160.251, -3.62102], "tipVelocity": [-77.7656, -18.4806, -40.5808], "tool": false, "touchDistance": 0.333047, "touchZone": "hovering", "type": 1, "width": 18.6136}, {"bases": [[[0.162422, 0.96415, -0.209843], [-0.885552, 0.236237, 0.399986], [0.435219, 0.12086, 0.892175]], [[0.184449, 0.969066, -0.16398], [-0.939122, 0.222982, 0.261398], [0.289876, 0.105783, 0.9512]], [[0.184449, 0.969066, -0.16398], [-0.956305, 0.215461, 0.197628], [0.226846, 0.120363, 0.966465]], [[0.184449, 0.969066, -0.16398], [-0.961854, 0.212275, 0.172559], [0.20203, 0.125897, 0.971254]]], "btipPosition": [197.141, 172.087, -18.8637], "carpPosition": [143.628, 191.115, 132.831], "dipPosition": [193.339, 174.456, -0.585568], "direction": [0.226846, -0.120363, -0.966465], "extended": true, "handId": 59, "id": 592, "length": 67.1031, "mcpPosition": [172.887, 182.99, 72.8513], "pipPosition": [186.879, 177.883, 26.9369], "stabilizedTipPosition": [198.922, 172.896, -12.0051], "timeVisible": 14.7859, "tipPosition": [199.68, 173.886, -13.7028], "tipVelocity": [-54.8729, -10.6912, -37.7759], "tool": false, "touchDistance": 0.333066, "touchZone": "hovering", "type": 2, "width": 18.281}, {"bases": [[[0.290989, 0.950857, -0.105816], [-0.85736, 0.30825, 0.412209], [0.424569, -0.0292255, 0.904924]], [[0.231575, 0.946219, -0.225925], [-0.903834, 0.295166, 0.309776], [0.359801, 0.132462, 0.923578]], [[0.231575, 0.946219, -0.225925], [-0.919101, 0.28891, 0.267925], [0.318788, 0.145603, 0.936576]], [[0.231575, 0.946219, -0.225925], [-0.935052, 0.28058, 0.216686], [0.268423, 0.161072, 0.94974]]], "btipPosition": [198.419, 191.366, -9.69814], "carpPosition": [142.827, 202.582, 130.001], "dipPosition": [193.397, 194.38, 8.0724], "direction": [0.318788, -0.145603, -0.936576], "extended": true, "handId": 59, "id": 593, "length": 64.5215, "mcpPosition": [168.454, 204.346, 75.3795], "pipPosition": [184.553, 198.419, 34.0549], "stabilizedTipPosition": [199.39, 192.328, -3.3926], "timeVisible": 14.7859, "tipPosition": [200.832, 194.786, -4.43985], "tipVelocity": [-51.5795, -9.6605, -36.4237], "tool": false, "touchDistance": 0.333075, "touchZone": "hovering", "type": 3, "width": 17.3955}, {"bases": [[[0.475807, 0.876993, -0.0670147], [-0.760763, 0.448589, 0.46905], [0.441416, -0.172195, 0.880625]], [[0.330864, 0.889787, -0.314336], [-0.812933, 0.437907, 0.383899], [0.479238, 0.128516, 0.868225]], [[0.330864, 0.889787, -0.314336], [-0.833137, 0.431859, 0.345514], [0.443183, 0.147567, 0.884202]], [[0.330864, 0.889787, -0.314336], [-0.856107, 0.423151, 0.296687], [0.397, 0.170943, 0.901759]]], "btipPosition": [192.273, 212.576, 13.6214], "carpPosition": [135.105, 213.347, 126.455], "dipPosition": [185.42, 215.527, 29.1873], "direction": [0.443183, -0.147567, -0.884202], "extended": true, "handId": 59, "id": 594, "length": 50.5836, "mcpPosition": [159.769, 222.968, 77.2502], "pipPosition": [176.739, 218.417, 46.5062], "stabilizedTipPosition": [191.476, 213.525, 17.7828], "timeVisible": 14.7859, "tipPosition": [193.664, 215.92, 18.646], "tipVelocity": [-52.88, -14.6239, -34.1959], "tool": false, "touchDistance": 0.33309, "touchZone": "hovering", "type": 4, "width": 15.4521}], "r": [[-0.996272, -0.00780565, -0.0859166], [0.045323, 0.800034, -0.598241], [0.0734058, -0.599904, -0.796697]], "s": 0.925252, "t": [-19.7696, -13.1728, -6.09411], "timestamp": 7432107585}, {"currentFrameRate": 113.757, "devices": [], "gestures": [], "hands": [{"armBasis": [[-0.0900646, 0.985074, -0.146689], [-0.170434, 0.12987, 0.976773], [0.981244, 0.112973, 0.156193]], "armWidth": 61.343, "confidence": 1, "direction": [0.561332, -0.0788642, -0.823824], "elbow": [-143.686, 230.562, 185.857], "grabAngle": 0.243674, "grabStrength": 0, "id": 59, "palmNormal": [-0.826466, -0.105286, -0.553054], "palmPosition": [155.164, 187.173, 89.8629], "palmVelocity": [-60.4918, -12.5885, -26.7198], "palmWidth": 87.6779, "pinchDistance": 43.8394, "pinchStrength": 0, "r": [[-0.996158, -0.00905034, -0.0871049], [0.0450206, 0.800221, -0.598013], [0.0751154, -0.599637, -0.796739]], "s": 0.926213, "sphereCenter": [16.5717, 161.991, -7.45829], "sphereRadius": 172.714, "stabilizedPalmPosition": [158.552, 187.818, 93.1227], "t": [19.2821, -13.3007, -6.35543], "timeVisible": 14.7948, "type": "left", "wrist": [111.607, 201.169, 145.22]}], "id": 74787, "interactionBox": {"center": [0, 200, 0], "size": [235.247, 235.247, 147.751]}, "pointables": [{"bases": [[[-0.831396, 0.477682, 0.283902], [-0.185243, -0.719937, 0.668862], [0.523894, 0.503498, 0.68704]], [[-0.905164, 0.389988, 0.169081], [-0.186132, -0.72127, 0.667177], [0.382143, 0.572433, 0.725456]], [[-0.905164, 0.389988, 0.169081], [-0.378528, -0.920518, 0.0967636], [0.193378, 0.0235851, 0.980841]], [[-0.905164, 0.389988, 0.169081], [-0.422067, -0.777473, -0.466257], [-0.0503787, -0.493402, 0.868341]]], "btipPosition": [143.615, 154.154, 45.7572], "carpPosition": [119.811, 170.929, 134.494], "dipPosition": [144.796, 142.59, 66.1088], "direction": [0.193378, -0.0235851, -0.980841], "extended": false, "handId": 59, "id": 590, "length": 52.1916, "mcpPosition": [119.811, 170.929, 134.494], "pipPosition": [138.193, 143.395, 99.5995], "stabilizedTipPosition": [144.845, 151.657, 50.818], "timeVisible": 14.7948, "tipPosition": [149.184, 146.776, 52.6327], "tipVelocity": [-72.3162, -16.6939, -14.7696], "tool": false, "touchDistance": 0.271444, "touchZone": "hovering", "type": 0, "width": 19.4866}, {"bases": [[[-0.05174, 0.963996, -0.260836], [-0.900483, 0.0678981, 0.429559], [0.431803, 0.257104, 0.864548]], [[0.0659448, 0.997634, -0.0194507], [-0.97108, 0.068648, 0.228674], [0.229468, 0.0038083, 0.973309]], [[0.0659448, 0.997634, -0.0194507], [-0.98883, 0.0679493, 0.132661], [0.133669, 0.0104851, 0.990971]], [[0.0659448, 0.997634, -0.0194507], [-0.991079, 0.0677493, 0.114773], [0.115819, 0.0117085, 0.993201]]], "btipPosition": [186.537, 160.96, -8.69146], "carpPosition": [140.836, 179.804, 135.454], "dipPosition": [184.555, 161.16, 8.30247], "direction": [0.133669, -0.0104851, -0.990971], "extended": true, "handId": 59, "id": 591, "length": 58.8924, "mcpPosition": [171.447, 161.578, 74.1652], "pipPosition": [181.32, 161.414, 32.2892], "stabilizedTipPosition": [187.29, 161.352, -4.19351], "timeVisible": 14.7948, "tipPosition": [189.467, 159.95, -3.87866], "tipVelocity": [-81.6141, -29.0903, -27.7506], "tool": false, "touchDistance": 0.333113, "touchZone": "hovering", "type": 1, "width": 18.6136}, {"bases": [[[0.161347, 0.964074, -0.211016], [-0.886568, 0.235524, 0.398154], [0.433549, 0.122839, 0.892718]], [[0.183584, 0.969142, -0.164499], [-0.939243, 0.222313, 0.261535], [0.290034, 0.106491, 0.951073]], [[0.183584, 0.969142, -0.164499], [-0.956322, 0.214808, 0.198258], [0.227476, 0.120917, 0.966247]], [[0.183584, 0.969142, -0.164499], [-0.961835, 0.21164, 0.173441], [0.202904, 0.12638, 0.971009]]], "btipPosition": [196.609, 171.864, -19.1073], "carpPosition": [143.165, 191.084, 132.607], "dipPosition": [192.79, 174.242, -0.833745], "direction": [0.227476, -0.120917, -0.966247], "extended": true, "handId": 59, "id": 592, "length": 67.1031, "mcpPosition": [172.312, 182.826, 72.5908], "pipPosition": [186.312, 177.686, 26.6825], "stabilizedTipPosition": [198.726, 172.866, -12.1834], "timeVisible": 14.7948, "tipPosition": [198.898, 173.536, -14.008], "tipVelocity": [-60.152, -24.7173, -27.4277], "tool": false, "touchDistance": 0.333116, "touchZone": "hovering", "type": 2, "width": 18.281}, {"bases": [[[0.28976, 0.951127, -0.106756], [-0.858502, 0.307596, 0.410315], [0.423099, -0.0272429, 0.905674]], [[0.230751, 0.946265, -0.226577], [-0.903904, 0.294661, 0.310053], [0.360156, 0.133259, 0.923325]], [[0.230751, 0.946265, -0.226577], [-0.919093, 0.288413, 0.26849], [0.31941, 0.146291, 0.936257]], [[0.230751, 0.946265, -0.226577], [-0.935118, 0.280021, 0.217122], [0.268901, 0.161775, 0.949485]]], "btipPosition": [197.922, 191.145, -9.95832], "carpPosition": [142.377, 202.548, 129.761], "dipPosition": [192.891, 194.172, 7.80745], "direction": [0.31941, -0.146291, -0.936257], "extended": true, "handId": 59, "id": 593, "length": 64.5215, "mcpPosition": [167.915, 204.193, 75.0944], "pipPosition": [184.03, 198.23, 33.7811], "stabilizedTipPosition": [199.208, 192.294, -3.56467], "timeVisible": 14.7948, "tipPosition": [200.096, 194.427, -4.78075], "tipVelocity": [-55.9388, -24.4513, -29.2942], "tool": false, "touchDistance": 0.333103, "touchZone": "hovering", "type": 3, "width": 17.3955}, {"bases": [[[0.474621, 0.877595, -0.0675349], [-0.762208, 0.448163, 0.467107], [0.440198, -0.170223, 0.881618]], [[0.329909, 0.889779, -0.315361], [-0.813051, 0.437571, 0.384031], [0.479696, 0.129709, 0.867795]], [[0.329909, 0.889779, -0.315361], [-0.833497, 0.431397, 0.345224], [0.443219, 0.14896, 0.88395]], [[0.329909, 0.889779, -0.315361], [-0.856422, 0.422634, 0.296515], [0.397115, 0.172259, 0.901458]]], "btipPosition": [191.783, 212.346, 13.3482], "carpPosition": [134.665, 213.319, 126.212], "dipPosition": [184.929, 215.32, 28.9089], "direction": [0.443219, -0.14896, -0.88395], "extended": true, "handId": 59, "id": 594, "length": 50.5836, "mcpPosition": [159.261, 222.83, 76.9517], "pipPosition": [176.247, 218.237, 46.2229], "stabilizedTipPosition": [191.029, 213.351, 17.4815], "timeVisible": 14.7948, "tipPosition": [193.018, 215.618, 18.2877], "tipVelocity": [-54.9187, -25.1848, -30.7622], "tool": false, "touchDistance": 0.333093, "touchZone": "hovering", "type": 4, "width": 15.4521}], "r": [[-0.996158, -0.00905034, -0.0871049], [0.0450206, 0.800221, -0.598013], [0.0751154, -0.599637, -0.796739]], "s": 0.926213, "t": [-19.2821, -13.3007, -6.35543], "timestamp": 7432116504}, {"currentFrameRate": 113.65, "devices": [], "gestures": [], "hands": [{"armBasis": [[-0.0921112, 0.984793, -0.147303], [-0.173398, 0.129808, 0.97626], [0.980535, 0.115467, 0.158805]], "armWidth": 61.343, "confidence": 1, "direction": [0.560383, -0.0791229, -0.824445], "elbow": [-144.078, 231.188, 186.303], "grabAngle": 0.241375, "grabStrength": 0, "id": 59, "palmNormal": [-0.827128, -0.104875, -0.552142], "palmPosition": [154.507, 187.108, 89.5683], "palmVelocity": [-73.0892, -7.26395, -32.7937], "palmWidth": 87.6779, "pinchDistance": 43.9573, "pinchStrength": 0, "r": [[-0.996044, -0.0101423, -0.0882759], [0.0448327, 0.800376, -0.597819], [0.0767172, -0.599412, -0.796756]], "s": 0.927238, "sphereCenter": [16.7122, 162.286, -7.42149], "sphereRadius": 171.885, "stabilizedPalmPosition": [158.433, 187.797, 93.0179], "t": [18.71, -13.3973, -6.63339], "timeVisible": 14.8038, "type": "left", "wrist": [111.029, 201.147, 144.987]}], "id": 74788, "interactionBox": {"center": [0, 200, 0], "size": [235.247, 235.247, 147.751]}, "pointables": [{"bases": [[[-0.831942, 0.477273, 0.282991], [-0.185631, -0.720038, 0.668645], [0.52289, 0.503741, 0.687627]], [[-0.905535, 0.389552, 0.168096], [-0.186336, -0.721099, 0.667305], [0.381164, 0.572945, 0.725567]], [[-0.905535, 0.389552, 0.168096], [-0.378174, -0.920698, 0.096435], [0.192332, 0.0237556, 0.981042]], [[-0.905535, 0.389552, 0.168096], [-0.421128, -0.777124, -0.467685], [-0.0515559, -0.494295, 0.867764]]], "btipPosition": [142.889, 154.095, 45.5027], "carpPosition": [119.196, 170.88, 134.238], "dipPosition": [144.097, 142.51, 65.8408], "direction": [0.192332, -0.0237556, -0.981042], "extended": false, "handId": 59, "id": 590, "length": 52.1916, "mcpPosition": [119.196, 170.88, 134.238], "pipPosition": [137.53, 143.322, 99.3383], "stabilizedTipPosition": [144.076, 151.553, 50.5258], "timeVisible": 14.8038, "tipPosition": [148.457, 146.722, 52.3404], "tipVelocity": [-80.0618, -7.03377, -28.6801], "tool": false, "touchDistance": 0.26715, "touchZone": "hovering", "type": 0, "width": 19.4866}, {"bases": [[[-0.0519204, 0.963975, -0.260877], [-0.90099, 0.067453, 0.428565], [0.430722, 0.257299, 0.865029]], [[0.0657554, 0.997659, -0.018784], [-0.971003, 0.068312, 0.229101], [0.229848, 0.00317465, 0.973221]], [[0.0657554, 0.997659, -0.018784], [-0.988885, 0.0676698, 0.132388], [0.13335, 0.00986994, 0.99102]], [[0.0657554, 0.997659, -0.018784], [-0.991212, 0.0674727, 0.113778], [0.114779, 0.0111374, 0.993329]]], "btipPosition": [185.842, 160.939, -9.0041], "carpPosition": [140.226, 179.745, 135.175], "dipPosition": [183.878, 161.129, 7.99201], "direction": [0.13335, -0.00986994, -0.99102], "extended": true, "handId": 59, "id": 591, "length": 58.8924, "mcpPosition": [170.761, 161.505, 73.8522], "pipPosition": [180.65, 161.368, 31.9799], "stabilizedTipPosition": [186.623, 161.222, -4.50997], "timeVisible": 14.8038, "tipPosition": [188.672, 159.877, -4.21746], "tipVelocity": [-76.9712, -2.58504, -34.7437], "tool": false, "touchDistance": 0.333062, "touchZone": "hovering", "type": 1, "width": 18.6136}, {"bases": [[[0.161112, 0.964156, -0.210822], [-0.887121, 0.235086, 0.397178], [0.432503, 0.123035, 0.893199]], [[0.183583, 0.969284, -0.163665], [-0.938854, 0.222228, 0.262998], [0.291291, 0.105376, 0.950813]], [[0.183583, 0.969284, -0.163665], [-0.955913, 0.21485, 0.200173], [0.229188, 0.119702, 0.965994]], [[0.183583, 0.969284, -0.163665], [-0.961423, 0.211743, 0.175587], [0.204849, 0.125117, 0.970764]]], "btipPosition": [196.077, 171.903, -19.3965], "carpPosition": [142.558, 191.024, 132.325], "dipPosition": [192.222, 174.258, -1.12762], "direction": [0.229188, -0.119702, -0.965994], "extended": true, "handId": 59, "id": 592, "length": 67.1031, "mcpPosition": [171.634, 182.753, 72.2771], "pipPosition": [185.695, 177.666, 26.3814], "stabilizedTipPosition": [198.497, 172.839, -12.3781], "timeVisible": 14.8038, "tipPosition": [198.068, 173.433, -14.366], "tipVelocity": [-60.1356, 3.72247, -32.3159], "tool": false, "touchDistance": 0.333081, "touchZone": "hovering", "type": 2, "width": 18.281}, {"bases": [[[0.289416, 0.951269, -0.10642], [-0.859104, 0.307172, 0.409371], [0.422112, -0.0270529, 0.90614]], [[0.230701, 0.946416, -0.225996], [-0.903416, 0.294608, 0.311522], [0.36141, 0.1323, 0.922973]], [[0.230701, 0.946416, -0.225996], [-0.918542, 0.288456, 0.27032], [0.321025, 0.145224, 0.93587]], [[0.230701, 0.946416, -0.225996], [-0.934666, 0.280117, 0.218938], [0.270512, 0.160722, 0.949206]]], "btipPosition": [197.389, 191.166, -10.235], "carpPosition": [141.772, 202.489, 129.48], "dipPosition": [192.327, 194.173, 7.52552], "direction": [0.321025, -0.145224, -0.93587], "extended": true, "handId": 59, "id": 593, "length": 64.5215, "mcpPosition": [167.25, 204.121, 74.786], "pipPosition": [183.421, 198.202, 33.4884], "stabilizedTipPosition": [198.99, 192.262, -3.75403], "timeVisible": 14.8038, "tipPosition": [199.288, 194.301, -5.14158], "tipVelocity": [-60.1685, 1.82892, -30.9343], "tool": false, "touchDistance": 0.33309, "touchZone": "hovering", "type": 3, "width": 17.3955}, {"bases": [[[0.474269, 0.877827, -0.0669959], [-0.762941, 0.447785, 0.466272], [0.439306, -0.170025, 0.882101]], [[0.329655, 0.889919, -0.315234], [-0.812476, 0.437472, 0.385357], [0.480843, 0.129085, 0.867253]], [[0.329655, 0.889919, -0.315234], [-0.833094, 0.431286, 0.346333], [0.444164, 0.148449, 0.883561]], [[0.329655, 0.889919, -0.315234], [-0.855881, 0.422633, 0.298075], [0.398491, 0.171541, 0.900988]]], "btipPosition": [191.213, 212.324, 13.0846], "carpPosition": [134.061, 213.263, 125.94], "dipPosition": [184.334, 215.285, 28.6371], "direction": [0.444164, -0.148449, -0.883561], "extended": true, "handId": 59, "id": 594, "length": 50.5836, "mcpPosition": [158.607, 222.763, 76.6531], "pipPosition": [175.634, 218.192, 45.9435], "stabilizedTipPosition": [190.503, 213.221, 17.1733], "timeVisible": 14.8038, "tipPosition": [192.266, 215.507, 17.9371], "tipVelocity": [-64.1326, -2.82532, -29.5525], "tool": false, "touchDistance": 0.3331, "touchZone": "hovering", "type": 4, "width": 15.4521}], "r": [[-0.996044, -0.0101423, -0.0882759], [0.0448327, 0.800376, -0.597819], [0.0767172, -0.599412, -0.796756]], "s": 0.927238, "t": [-18.71, -13.3973, -6.63339], "timestamp": 7432125488}, {"currentFrameRate": 114.046, "devices": [], "gestures": [], "hands": [{"armBasis": [[-0.0939349, 0.984692, -0.146829], [-0.176187, 0.128711, 0.975905], [0.979864, 0.117541, 0.1614]], "armWidth": 61.343, "confidence": 1, "direction": [0.559794, -0.079593, -0.824801], "elbow": [-144.547, 231.785, 186.745], "grabAngle": 0.238113, "grabStrength": 0, "id": 59, "palmNormal": [-0.827625, -0.10276, -0.551794], "palmPosition": [153.795, 187.12, 89.283], "palmVelocity": [-87.9894, 1.54628, -35.2693], "palmWidth": 87.6779, "pinchDistance": 43.998, "pinchStrength": 0, "r": [[-0.995938, -0.0114039, -0.0893181], [0.0444207, 0.800614, -0.597531], [0.0783235, -0.599072, -0.796856]], "s": 0.928513, "sphereCenter": [17.2799, 163.094, -7.35698], "sphereRadius": 170.616, "stabilizedPalmPosition": [158.294, 187.777, 92.9061], "t": [18.0681, -13.4393, -6.915], "timeVisible": 14.8119, "type": "left", "wrist": [110.386, 201.204, 144.753]}], "id": 74789, "interactionBox": {"center": [0, 200, 0], "size": [235.247, 235.247, 147.751]}, "pointables": [{"bases": [[[-0.833051, 0.475364, 0.28294], [-0.184524, -0.720948, 0.66797], [0.521514, 0.504244, 0.688303]], [[-0.906362, 0.387655, 0.168022], [-0.184931, -0.721563, 0.667193], [0.379879, 0.573647, 0.725687]], [[-0.906362, 0.387655, 0.168022], [-0.376221, -0.921484, 0.0965672], [0.192264, 0.0243116, 0.981042]], [[-0.906362, 0.387655, 0.168022], [-0.419435, -0.777744, -0.468177], [-0.0508129, -0.494812, 0.867513]]], "btipPosition": [142.121, 154.103, 45.2229], "carpPosition": [118.475, 170.929, 133.959], "dipPosition": [143.312, 142.506, 65.5552], "direction": [0.192264, -0.0243116, -0.981042], "extended": false, "handId": 59, "id": 590, "length": 52.1916, "mcpPosition": [118.475, 170.929, 133.959], "pipPosition": [136.747, 143.336, 99.0526], "stabilizedTipPosition": [143.328, 151.501, 50.2469], "timeVisible": 14.8119, "tipPosition": [147.618, 146.8, 52.0153], "tipVelocity": [-95.4346, 0.571121, -34.7543], "tool": false, "touchDistance": 0.262465, "touchZone": "hovering", "type": 0, "width": 19.4866}, {"bases": [[[-0.0537324, 0.964077, -0.260131], [-0.901347, 0.0652888, 0.428149], [0.429752, 0.257474, 0.86546]], [[0.0638911, 0.997801, -0.0176508], [-0.970918, 0.0662395, 0.230068], [0.230731, 0.00243824, 0.973015]], [[0.0638911, 0.997801, -0.0176508], [-0.988948, 0.0656756, 0.132921], [0.133788, 0.00896328, 0.990969]], [[0.0638911, 0.997801, -0.0176508], [-0.991367, 0.0654885, 0.11359], [0.114496, 0.010241, 0.993371]]], "btipPosition": [185.114, 161, -9.30895], "carpPosition": [139.523, 179.75, 134.892], "dipPosition": [183.155, 161.175, 7.68788], "direction": [0.133788, -0.00896328, -0.990969], "extended": true, "handId": 59, "id": 591, "length": 58.8924, "mcpPosition": [169.989, 161.497, 73.538], "pipPosition": [179.916, 161.392, 31.6746], "stabilizedTipPosition": [185.993, 161.164, -4.796], "timeVisible": 14.8119, "tipPosition": [187.836, 159.903, -4.54767], "tipVelocity": [-89.8512, 7.14459, -37.6715], "tool": false, "touchDistance": 0.333066, "touchZone": "hovering", "type": 1, "width": 18.6136}, {"bases": [[[0.159273, 0.964649, -0.209965], [-0.887801, 0.232974, 0.396904], [0.431789, 0.123191, 0.893522]], [[0.181977, 0.969829, -0.16222], [-0.938485, 0.220542, 0.265719], [0.293478, 0.103886, 0.950304]], [[0.181977, 0.969829, -0.16222], [-0.955468, 0.213378, 0.203839], [0.232303, 0.117902, 0.965471]], [[0.181977, 0.969829, -0.16222], [-0.961033, 0.210331, 0.179377], [0.208085, 0.123256, 0.970314]]], "btipPosition": [195.603, 172.053, -19.6463], "carpPosition": [141.877, 191.027, 132.05], "dipPosition": [191.687, 174.372, -1.38584], "direction": [0.232303, -0.117902, -0.965471], "extended": true, "handId": 59, "id": 592, "length": 67.1031, "mcpPosition": [170.905, 182.745, 71.9795], "pipPosition": [185.071, 177.73, 26.1083], "stabilizedTipPosition": [198.266, 172.824, -12.5652], "timeVisible": 14.8119, "tipPosition": [197.218, 173.422, -14.7017], "tipVelocity": [-60.3726, 17.5432, -31.1191], "tool": false, "touchDistance": 0.333111, "touchZone": "hovering", "type": 2, "width": 18.281}, {"bases": [[[0.287548, 0.951937, -0.105506], [-0.859936, 0.305107, 0.409169], [0.421694, -0.0269274, 0.906338]], [[0.22908, 0.947099, -0.22478], [-0.902865, 0.293042, 0.314582], [0.36381, 0.130881, 0.922232]], [[0.22908, 0.947099, -0.22478], [-0.917836, 0.287071, 0.274168], [0.324192, 0.143504, 0.935043]], [[0.22908, 0.947099, -0.22478], [-0.934173, 0.278804, 0.222687], [0.273576, 0.15897, 0.948623]]], "btipPosition": [196.956, 191.308, -10.4463], "carpPosition": [141.112, 202.495, 129.214], "dipPosition": [191.837, 194.283, 7.30335], "direction": [0.324192, -0.143504, -0.935043], "extended": true, "handId": 59, "id": 593, "length": 64.5215, "mcpPosition": [166.565, 204.12, 74.5077], "pipPosition": [182.844, 198.264, 33.2433], "stabilizedTipPosition": [198.767, 192.243, -3.93514], "timeVisible": 14.8119, "tipPosition": [198.479, 194.247, -5.46497], "tipVelocity": [-55.0947, 16.6951, -26.4302], "tool": false, "touchDistance": 0.333143, "touchZone": "hovering", "type": 3, "width": 17.3955}, {"bases": [[[0.472529, 0.878837, -0.0660449], [-0.764087, 0.445868, 0.466233], [0.43919, -0.169845, 0.882193]], [[0.327776, 0.890797, -0.314711], [-0.81181, 0.435955, 0.388469], [0.483247, 0.128155, 0.866054]], [[0.327776, 0.890797, -0.314711], [-0.83245, 0.42984, 0.349663], [0.446755, 0.14737, 0.882435]], [[0.327776, 0.890797, -0.314711], [-0.855217, 0.421316, 0.301822], [0.401455, 0.170216, 0.899922]]], "btipPosition": [190.753, 212.415, 12.9087], "carpPosition": [133.422, 213.288, 125.686], "dipPosition": [183.824, 215.353, 28.4429], "direction": [0.446755, -0.14737, -0.882435], "extended": true, "handId": 59, "id": 594, "length": 50.5836, "mcpPosition": [157.961, 222.778, 76.3943], "pipPosition": [175.073, 218.24, 45.7271], "stabilizedTipPosition": [190.009, 213.173, 16.919], "timeVisible": 14.8119, "tipPosition": [191.533, 215.459, 17.6348], "tipVelocity": [-58.2424, 10.6534, -22.2706], "tool": false, "touchDistance": 0.333172, "touchZone": "hovering", "type": 4, "width": 15.4521}], "r": [[-0.995938, -0.0114039, -0.0893181], [0.0444207, 0.800614, -0.597531], [0.0783235, -0.599072, -0.796856]], "s": 0.928513, "t": [-18.0681, -13.4393, -6.915], "timestamp": 7432133576}, {"currentFrameRate": 114.054, "devices": [], "gestures": [], "hands": [{"armBasis": [[-0.0954583, 0.98416, -0.149388], [-0.180022, 0.130531, 0.974963], [0.97902, 0.119962, 0.164711]], "armWidth": 61.343, "confidence": 1, "direction": [0.557903, -0.0821272, -0.825832], "elbow": [-145.088, 232.586, 187.377], "grabAngle": 0.235076, "grabStrength": 0, "id": 59, "palmNormal": [-0.828957, -0.102728, -0.549798], "palmPosition": [152.886, 187.107, 88.9772], "palmVelocity": [-103.908, -1.58114, -34.9306], "palmWidth": 87.6779, "pinchDistance": 44.168, "pinchStrength": 0, "r": [[-0.995808, -0.0127364, -0.0905754], [0.0441181, 0.800566, -0.597618], [0.080123, -0.599109, -0.796648]], "s": 0.929646, "sphereCenter": [16.9458, 163.418, -7.22125], "sphereRadius": 169.915, "stabilizedPalmPosition": [158.091, 187.752, 92.7583], "t": [17.2924, -13.4673, -7.2087], "timeVisible": 14.8207, "type": "left", "wrist": [109.626, 201.376, 144.524]}], "id": 74790, "interactionBox": {"center": [0, 200, 0], "size": [235.247, 235.247, 147.751]}, "pointables": [{"bases": [[[-0.834338, 0.474759, 0.28015], [-0.184928, -0.71981, 0.669085], [0.519309, 0.506436, 0.688361]], [[-0.907137, 0.386915, 0.165525], [-0.185112, -0.720091, 0.668732], [0.377936, 0.575991, 0.724844]], [[-0.907137, 0.386915, 0.165525], [-0.375214, -0.92172, 0.0982154], [0.190569, 0.0269875, 0.981303]], [[-0.907137, 0.386915, 0.165525], [-0.417606, -0.778987, -0.467745], [-0.0520357, -0.493433, 0.868226]]], "btipPosition": [141.105, 153.997, 45.0418], "carpPosition": [117.638, 171.059, 133.763], "dipPosition": [142.324, 142.432, 65.3907], "direction": [0.190569, -0.0269875, -0.981303], "extended": false, "handId": 59, "id": 590, "length": 52.1916, "mcpPosition": [117.638, 171.059, 133.763], "pipPosition": [135.817, 143.354, 98.8971], "stabilizedTipPosition": [142.336, 151.417, 49.9789], "timeVisible": 14.8207, "tipPosition": [146.554, 146.732, 51.8008], "tipVelocity": [-115.372, -11.2344, -20.2526], "tool": false, "touchDistance": 0.260554, "touchZone": "hovering", "type": 0, "width": 19.4866}, {"bases": [[[-0.0545532, 0.963451, -0.262271], [-0.902359, 0.0648918, 0.426073], [0.427519, 0.259906, 0.865838]], [[0.0631419, 0.997838, -0.0182475], [-0.970946, 0.0656484, 0.23012], [0.23082