{"frames": 103, "data": [{"currentFrameRate": 113.285, "devices": [], "gestures": [], "hands": [{"armBasis": [[-0.14082, -0.947218, -0.288007], [0.877551, 0.0152532, -0.47924], [0.458338, -0.320227, 0.829084]], "armWidth": 59.3592, "confidence": 1, "direction": [-0.0607788, 0.0742943, -0.995382], "elbow": [-302.954, 22.0467, 290.53], "grabAngle": 2.57512, "grabStrength": 0, "id": 50, "palmNormal": [0.99786, 0.0286096, -0.0587947], "palmPosition": [-184.367, 116.35, 16.8536], "palmVelocity": [15.44, -0.299462, 5.54912], "palmWidth": 83.5833, "pinchDistance": 61.4453, "pinchStrength": 0.758463, "r": [[-0.158126, -0.011028, 0.987357], [0.536768, 0.838327, 0.0953273], [-0.82878, 0.545056, -0.126642]], "s": 1.02149, "sphereCenter": [-149.596, 103.643, -3.84995], "sphereRadius": 44.7311, "stabilizedPalmPosition": [-184.87, 116.391, 16.2537], "t": [-295.406, -0.464543, -11.5525], "timeVisible": 13.5093, "type": "left", "wrist": [-189.276, 101.47, 84.899]}], "id": 61438, "interactionBox": {"center": [0, 200, 0], "size": [235.247, 235.247, 147.751]}, "pointables": [{"bases": [[[-0.0135622, -0.9702, -0.241924], [0.996309, 0.00739893, -0.0855253], [0.0847667, -0.242191, 0.966519]], [[0.0122232, -0.998355, 0.056022], [0.999467, 0.0105027, -0.0309027], [0.0302635, 0.0563699, 0.997951]], [[0.0122232, -0.998355, 0.056022], [0.999467, 0.0105027, -0.0309027], [0.0302635, 0.0563699, 0.997951]], [[0.0122232, -0.998355, 0.056022], [0.999467, 0.0105027, -0.0309027], [0.0302635, 0.0563699, 0.997951]]], "btipPosition": [-185.934, 136.523, -82.0676], "carpPosition": [-194.026, 124.557, 61.1733], "dipPosition": [-186.414, 137.416, -66.2592], "direction": [0.0302635, -0.0563699, -0.997951], "extended": true, "handId": 50, "id": 501, "length": 54.5231, "mcpPosition": [-188.297, 140.925, -4.14491], "pipPosition": [-187.092, 138.679, -43.8957], "stabilizedTipPosition": [-186.598, 136.807, -78.5056], "timeVisible": 13.5093, "tipPosition": [-188.199, 135.904, -78.2815], "tipVelocity": [51.2118, -1.28903, 6.33637], "tool": false, "touchDistance": 0.333378, "touchZone": "hovering", "type": 1, "width": 18.1291}, {"bases": [[[0.894671, -0.412212, -0.172175], [0.44194, 0.76045, 0.475819], [-0.0652076, -0.501793, 0.862526]], [[0.876397, -0.252873, -0.409857], [0.338346, 0.928933, 0.150354], [0.342709, -0.270443, 0.899673]], [[0.876397, -0.252873, -0.409857], [0.161034, 0.955939, -0.245455], [0.453867, 0.149115, 0.878504]], [[0.876397, -0.252873, -0.409857], [-0.0441252, 0.805309, -0.591211], [0.479563, 0.536221, 0.694613]]], "btipPosition": [-135.216, 127.778, -13.6333], "carpPosition": [-175.684, 131.726, 70.4635], "dipPosition": [-145.622, 139.413, 1.43878], "direction": [0.453867, -0.149115, -0.878504], "extended": false, "handId": 50, "id": 500, "length": 48.3194, "mcpPosition": [-175.684, 131.726, 70.4635], "pipPosition": [-159.969, 144.127, 29.2097], "stabilizedTipPosition": [-137.888, 129.634, -10.2261], "timeVisible": 13.5093, "tipPosition": [-139.547, 133.536, -11.6747], "tipVelocity": [11.0555, 27.0292, -2.61649], "tool": false, "touchDistance": 0.291156, "touchZone": "hovering", "type": 0, "width": 18.9794}, {"bases": [[[-0.171632, -0.980952, -0.0909709], [0.981292, -0.162051, -0.103954], [0.0872317, -0.107111, 0.990413]], [[-0.166092, -0.98561, -0.031418], [0.257099, -0.0125229, -0.966304], [0.952005, -0.168573, 0.255479]], [[-0.166092, -0.98561, -0.031418], [-0.923201, 0.166615, -0.346322], [0.346573, -0.028516, -0.93759]], [[-0.166092, -0.98561, -0.031418], [-0.930392, 0.14607, 0.336205], [-0.326778, 0.0850721, -0.941265]]], "btipPosition": [-143.808, 127.512, 24.037], "carpPosition": [-195.386, 113.844, 57.8096], "dipPosition": [-138.114, 128.994, 7.63743], "direction": [0.346573, 0.028516, 0.93759], "extended": false, "handId": 50, "id": 502, "length": 62.1247, "mcpPosition": [-189.796, 120.709, -5.66475], "pipPosition": [-147.252, 128.242, -17.0818], "stabilizedTipPosition": [-142.706, 127.332, 20.065], "timeVisible": 13.5093, "tipPosition": [-141.6, 127.981, 18.4092], "tipVelocity": [11.8603, 13.6164, 1.19662], "tool": false, "touchDistance": 0.333333, "touchZone": "none", "type": 2, "width": 17.8052}, {"bases": [[[-0.230406, -0.970996, 0.0638652], [0.968802, -0.235053, -0.0785623], [0.0912954, 0.0437715, 0.994861]], [[-0.224517, -0.966625, 0.123406], [0.0973467, -0.148254, -0.984147], [0.969596, -0.208945, 0.127383]], [[-0.224517, -0.966625, 0.123406], [-0.952861, 0.19125, -0.23554], [0.204078, -0.170472, -0.963998]], [[-0.224517, -0.966625, 0.123406], [-0.874116, 0.255748, 0.412934], [-0.430713, -0.0151603, -0.902361]]], "btipPosition": [-151.006, 113.553, 33.8241], "carpPosition": [-194.205, 102.775, 55.9557], "dipPosition": [-143.545, 113.29, 18.1927], "direction": [0.204078, 0.170472, 0.963998], "extended": false, "handId": 50, "id": 503, "length": 59.7345, "mcpPosition": [-188.951, 100.256, -1.28965], "pipPosition": [-148.786, 108.912, -6.56643], "stabilizedTipPosition": [-149.872, 112.947, 29.9829], "timeVisible": 13.5093, "tipPosition": [-150.061, 112.122, 26.0963], "tipVelocity": [21.6566, 12.5267, 1.51278], "tool": false, "touchDistance": 0.333333, "touchZone": "none", "type": 3, "width": 16.9428}, {"bases": [[[-0.375177, -0.90713, 0.190677], [0.925406, -0.37842, 0.0205319], [0.0535311, 0.184157, 0.981438]], [[-0.376011, -0.910052, 0.174417], [0.128873, -0.237761, -0.962736], [0.91761, -0.339522, 0.206682]], [[-0.376011, -0.910052, 0.174417], [-0.888501, 0.30067, -0.346647], [0.263025, -0.285313, -0.921637]], [[-0.376011, -0.910052, 0.174417], [-0.856042, 0.413215, 0.310556], [-0.354694, -0.0325352, -0.934416]]], "btipPosition": [-154.925, 98.9454, 29.4565], "carpPosition": [-186.96, 91.9302, 56.8629], "dipPosition": [-149.257, 98.4254, 14.5236], "direction": [0.263025, 0.285313, 0.921637], "extended": false, "handId": 50, "id": 504, "length": 46.8308, "mcpPosition": [-184.108, 82.121, 4.58646], "pipPosition": [-154.026, 93.2516, -2.18921], "stabilizedTipPosition": [-154.045, 98.124, 25.8733], "timeVisible": 13.5093, "tipPosition": [-153.994, 97.366, 23.8869], "tipVelocity": [21.3171, 20.1356, -0.391031], "tool": false, "touchDistance": 0.333333, "touchZone": "none", "type": 4, "width": 15.0499}], "r": [[-0.158126, -0.011028, 0.987357], [0.536768, 0.838327, 0.0953273], [-0.82878, 0.545056, -0.126642]], "s": 1.02149, "t": [295.406, -0.464543, -11.5525], "timestamp": 7314228822}, {"currentFrameRate": 113.617, "devices": [], "gestures": [], "hands": [{"armBasis": [[-0.143725, -0.946615, -0.288553], [0.877044, 0.0132242, -0.480228], [0.458407, -0.322094, 0.828323]], "armWidth": 59.3592, "confidence": 1, "direction": [-0.0598618, 0.0727756, -0.99555], "elbow": [-302.822, 21.6681, 290.397], "grabAngle": 2.57558, "grabStrength": 0, "id": 50, "palmNormal": [0.997875, 0.0300582, -0.0578043], "palmPosition": [-184.172, 116.37, 16.8981], "palmVelocity": [23.644, 2.37864, 5.41001], "palmWidth": 83.5833, "pinchDistance": 61.2847, "pinchStrength": 0.758529, "r": [[-0.158011, -0.00943215, 0.987392], [0.53867, 0.837234, 0.0942004], [-0.827567, 0.546763, -0.127212]], "s": 1.02037, "sphereCenter": [-149.131, 103.421, -3.70526], "sphereRadius": 44.8383, "stabilizedPalmPosition": [-184.846, 116.39, 16.2763], "t": [-295.251, -0.456618, -11.5026], "timeVisible": 13.5175, "type": "left", "wrist": [-189.127, 101.554, 84.9548]}], "id": 61439, "interactionBox": {"center": [0, 200, 0], "size": [235.247, 235.247, 147.751]}, "pointables": [{"bases": [[[-0.0153017, -0.970524, -0.240519], [0.99623, 0.00574603, -0.0865655], [0.0853959, -0.240936, 0.966777]], [[0.0108065, -0.998252, 0.0581041], [0.999199, 0.00854081, -0.0391021], [0.0385375, 0.0584801, 0.997544]], [[0.0108065, -0.998252, 0.0581041], [0.999199, 0.00854081, -0.0391021], [0.0385375, 0.0584801, 0.997544]], [[0.0108065, -0.998252, 0.0581041], [0.999199, 0.00854081, -0.0391021], [0.0385375, 0.0584801, 0.997544]]], "btipPosition": [-185.11, 136.342, -82.0306], "carpPosition": [-193.89, 124.626, 61.196], "dipPosition": [-185.72, 137.268, -66.2287], "direction": [0.0385375, -0.0584801, -0.997544], "extended": true, "handId": 50, "id": 501, "length": 54.5231, "mcpPosition": [-188.119, 140.908, -4.13965], "pipPosition": [-186.584, 138.579, -43.8742], "stabilizedTipPosition": [-186.186, 136.73, -78.4722], "timeVisible": 13.5175, "tipPosition": [-187.843, 135.808, -78.2732], "tipVelocity": [96.5521, -21.1035, 4.31897], "tool": false, "touchDistance": 0.333362, "touchZone": "hovering", "type": 1, "width": 18.1291}, {"bases": [[[0.893859, -0.413832, -0.172509], [0.443599, 0.760451, 0.474272], [-0.0650842, -0.500457, 0.863312]], [[0.875398, -0.254228, -0.411153], [0.339688, 0.928657, 0.149024], [0.343934, -0.270119, 0.899303]], [[0.875398, -0.254228, -0.411153], [0.162412, 0.955775, -0.245186], [0.455303, 0.147859, 0.877973]], [[0.875398, -0.254228, -0.411153], [-0.0431176, 0.806084, -0.590228], [0.481476, 0.534413, 0.694683]]], "btipPosition": [-134.957, 127.952, -13.5697], "carpPosition": [-175.568, 131.836, 70.4948], "dipPosition": [-145.405, 139.548, 1.50388], "direction": [0.455303, -0.147859, -0.877973], "extended": false, "handId": 50, "id": 500, "length": 48.3194, "mcpPosition": [-175.568, 131.836, 70.4948], "pipPosition": [-159.798, 144.222, 29.258], "stabilizedTipPosition": [-137.815, 129.771, -10.2088], "timeVisible": 13.5175, "tipPosition": [-139.333, 133.56, -11.5963], "tipVelocity": [30.248, 20.0113, 7.7697], "tool": false, "touchDistance": 0.292222, "touchZone": "hovering", "type": 0, "width": 18.9794}, {"bases": [[[-0.173231, -0.980816, -0.0893872], [0.980934, -0.163706, -0.104735], [0.088093, -0.105826, 0.990475]], [[-0.167637, -0.985397, -0.0298335], [0.256606, -0.0143953, -0.966409], [0.951867, -0.169661, 0.255272]], [[-0.167637, -0.985397, -0.0298335], [-0.923126, 0.167521, -0.346085], [0.346029, -0.0304765, -0.937729]], [[-0.167637, -0.985397, -0.0298335], [-0.92996, 0.148016, 0.336549], [-0.327219, 0.084162, -0.941193]]], "btipPosition": [-143.625, 127.607, 24.0814], "carpPosition": [-195.23, 113.905, 57.8463], "dipPosition": [-137.924, 129.073, 7.68308], "direction": [0.346029, 0.0304765, 0.937729], "extended": false, "handId": 50, "id": 502, "length": 62.1247, "mcpPosition": [-189.584, 120.688, -5.63205], "pipPosition": [-147.047, 128.27, -17.0398], "stabilizedTipPosition": [-142.654, 127.413, 20.0974], "timeVisible": 13.5175, "tipPosition": [-141.427, 128.068, 18.4848], "tipVelocity": [22.4605, 11.1208, 5.43029], "tool": false, "touchDistance": 0.333333, "touchZone": "none", "type": 2, "width": 17.8052}, {"bases": [[[-0.23183, -0.970549, 0.065495], [0.968359, -0.236653, -0.0792265], [0.0923928, 0.0450556, 0.994703]], [[-0.225872, -0.966101, 0.125024], [0.0965078, -0.149901, -0.98398], [0.969365, -0.210188, 0.127095]], [[-0.225872, -0.966101, 0.125024], [-0.952762, 0.192335, -0.235056], [0.203041, -0.17221, -0.963908]], [[-0.225872, -0.966101, 0.125024], [-0.874542, 0.257635, 0.410854], [-0.429136, -0.0165378, -0.903088]]], "btipPosition": [-150.777, 113.659, 33.9092], "carpPosition": [-194.03, 102.836, 56.0094], "dipPosition": [-143.343, 113.373, 18.2652], "direction": [0.203041, 0.17221, 0.963908], "extended": false, "handId": 50, "id": 503, "length": 59.7345, "mcpPosition": [-188.713, 100.243, -1.22677], "pipPosition": [-148.558, 108.95, -6.4916], "stabilizedTipPosition": [-149.77, 113.029, 30.0244], "timeVisible": 13.5175, "tipPosition": [-149.867, 112.211, 26.193], "tipVelocity": [27.0884, 12.2889, 9.99044], "tool": false, "touchDistance": 0.333333, "touchZone": "none", "type": 3, "width": 16.9428}, {"bases": [[[-0.376371, -0.906278, 0.192365], [0.924845, -0.379811, 0.0201178], [0.0548301, 0.18548, 0.981117]], [[-0.377063, -0.908653, 0.179369], [0.126538, -0.242387, -0.961892], [0.917503, -0.339997, 0.206374]], [[-0.377063, -0.908653, 0.179369], [-0.888673, 0.300382, -0.346455], [0.260928, -0.290035, -0.920758]], [[-0.377063, -0.908653, 0.179369], [-0.855371, 0.415911, 0.308803], [-0.355196, -0.0369883, -0.93406]]], "btipPosition": [-154.715, 99.1203, 29.5388], "carpPosition": [-186.769, 92.0031, 56.9397], "dipPosition": [-149.038, 98.5291, 14.6116], "direction": [0.260928, 0.290035, 0.920758], "extended": false, "handId": 50, "id": 504, "length": 46.8308, "mcpPosition": [-183.849, 82.1235, 4.68033], "pipPosition": [-153.77, 93.2697, -2.08527], "stabilizedTipPosition": [-153.936, 98.2713, 25.9131], "timeVisible": 13.5175, "tipPosition": [-153.775, 97.4506, 24.0013], "tipVelocity": [25.7731, 19.2617, 10.1624], "tool": false, "touchDistance": 0.333333, "touchZone": "none", "type": 4, "width": 15.0499}], "r": [[-0.158011, -0.00943215, 0.987392], [0.53867, 0.837234, 0.0942004], [-0.827567, 0.546763, -0.127212]], "s": 1.02037, "t": [295.251, -0.456618, -11.5026], "timestamp": 7314237051}, {"currentFrameRate": 112.913, "devices": [], "gestures": [], "hands": [{"armBasis": [[-0.148398, -0.945994, -0.288225], [0.875808, 0.00963929, -0.482564], [0.459281, -0.324041, 0.827078]], "armWidth": 59.3592, "confidence": 1, "direction": [-0.0588376, 0.0712072, -0.995725], "elbow": [-302.828, 21.2613, 290.15], "grabAngle": 2.57595, "grabStrength": 0, "id": 50, "palmNormal": [0.997839, 0.0334329, -0.0565716], "palmPosition": [-183.915, 116.387, 16.9521], "palmVelocity": [25.5438, 1.67667, 5.36397], "palmWidth": 83.5833, "pinchDistance": 61.1241, "pinchStrength": 0.759448, "r": [[-0.15767, -0.0077761, 0.987461], [0.540792, 0.836007, 0.0929327], [-0.826247, 0.548663, -0.127608]], "s": 1.019, "sphereCenter": [-148.586, 103.354, -3.54141], "sphereRadius": 44.9096, "stabilizedPalmPosition": [-184.801, 116.39, 16.309], "t": [-295.044, -0.444212, -11.4506], "timeVisible": 13.5276, "type": "left", "wrist": [-188.917, 101.631, 85.0167]}], "id": 61440, "interactionBox": {"center": [0, 200, 0], "size": [235.247, 235.247, 147.751]}, "pointables": [{"bases": [[[-0.0189673, -0.970793, -0.239168], [0.996132, 0.00217939, -0.087845], [0.0858005, -0.239909, 0.966996]], [[0.00744416, -0.998192, 0.0596496], [0.998836, 0.00457959, -0.048017], [0.0476569, 0.0599376, 0.997064]], [[0.00744416, -0.998192, 0.0596496], [0.998836, 0.00457959, -0.048017], [0.0476569, 0.0599376, 0.997064]], [[0.00744416, -0.998192, 0.0596496], [0.998836, 0.00457959, -0.048017], [0.0476569, 0.0599376, 0.997064]]], "btipPosition": [-184.198, 136.202, -81.9777], "carpPosition": [-193.718, 124.669, 61.2263], "dipPosition": [-184.953, 137.152, -66.1834], "direction": [0.0476569, -0.0599376, -0.997064], "extended": true, "handId": 50, "id": 501, "length": 54.5231, "mcpPosition": [-187.919, 140.883, -4.12427], "pipPosition": [-186.021, 138.495, -43.8397], "stabilizedTipPosition": [-185.544, 136.621, -78.4272], "timeVisible": 13.5276, "tipPosition": [-187.416, 135.709, -78.2538], "tipVelocity": [87.1931, -13.3235, 5.07886], "tool": false, "touchDistance": 0.333373, "touchZone": "hovering", "type": 1, "width": 18.1291}, {"bases": [[[0.8922, -0.417159, -0.173082], [0.446835, 0.759559, 0.472662], [-0.065709, -0.499048, 0.864079]], [[0.873759, -0.257111, -0.412843], [0.342818, 0.927702, 0.1478], [0.344994, -0.270672, 0.89873]], [[0.873759, -0.257111, -0.412843], [0.165339, 0.955315, -0.245021], [0.457393, 0.14583, 0.877226]], [[0.873759, -0.257111, -0.412843], [-0.0411603, 0.806708, -0.589516], [0.484614, 0.532087, 0.694285]]], "btipPosition": [-134.64, 128.212, -13.4675], "carpPosition": [-175.433, 131.956, 70.5386], "dipPosition": [-145.155, 139.757, 1.59747], "direction": [0.457393, -0.14583, -0.877226], "extended": false, "handId": 50, "id": 500, "length": 48.3194, "mcpPosition": [-175.433, 131.956, 70.5386], "pipPosition": [-159.614, 144.367, 29.328], "stabilizedTipPosition": [-137.692, 129.95, -10.1753], "timeVisible": 13.5276, "tipPosition": [-139.083, 133.67, -11.4964], "tipVelocity": [30.0022, 24.6358, 9.95094], "tool": false, "touchDistance": 0.293892, "touchZone": "hovering", "type": 0, "width": 18.9794}, {"bases": [[[-0.176737, -0.980332, -0.087821], [0.980226, -0.167244, -0.105763], [0.0889953, -0.104777, 0.990506]], [[-0.171083, -0.984851, -0.0282683], [0.256216, -0.0167676, -0.966474], [0.951359, -0.17259, 0.255203]], [[-0.171083, -0.984851, -0.0282683], [-0.922677, 0.170213, -0.345968], [0.345539, -0.0331067, -0.93782]], [[-0.171083, -0.984851, -0.0282683], [-0.929352, 0.151782, 0.336552], [-0.327163, 0.0838494, -0.941241]]], "btipPosition": [-143.388, 127.78, 24.1289], "carpPosition": [-195.017, 113.94, 57.8895], "dipPosition": [-137.688, 129.241, 7.7298], "direction": [0.345539, 0.0331067, 0.93782], "extended": false, "handId": 50, "id": 502, "length": 62.1247, "mcpPosition": [-189.313, 120.655, -5.59082], "pipPosition": [-146.798, 128.368, -16.9955], "stabilizedTipPosition": [-142.565, 127.522, 20.1374], "timeVisible": 13.5276, "tipPosition": [-141.215, 128.235, 18.5833], "tipVelocity": [23.4651, 17.0527, 4.70171], "tool": false, "touchDistance": 0.333333, "touchZone": "none", "type": 2, "width": 17.8052}, {"bases": [[[-0.235102, -0.96965, 0.0671217], [0.967432, -0.240112, -0.080138], [0.0938226, 0.0460951, 0.994521]], [[-0.229053, -0.965141, 0.126636], [0.0951483, -0.151671, -0.983841], [0.968753, -0.213302, 0.126572]], [[-0.229053, -0.965141, 0.126636], [-0.952335, 0.195262, -0.234374], [0.201476, -0.174284, -0.963863]], [[-0.229053, -0.965141, 0.126636], [-0.87435, 0.261174, 0.409024], [-0.42784, -0.0170364, -0.903694]]], "btipPosition": [-150.484, 113.827, 34.0105], "carpPosition": [-193.776, 102.872, 56.0694], "dipPosition": [-143.072, 113.532, 18.3561], "direction": [0.201476, 0.174284, 0.963863], "extended": false, "handId": 50, "id": 503, "length": 59.7345, "mcpPosition": [-188.377, 100.219, -1.1564], "pipPosition": [-148.247, 109.055, -6.39959], "stabilizedTipPosition": [-149.626, 113.135, 30.0803], "timeVisible": 13.5276, "tipPosition": [-149.605, 112.363, 26.3074], "tipVelocity": [28.6013, 16.425, 9.82434], "tool": false, "touchDistance": 0.333333, "touchZone": "none", "type": 3, "width": 16.9428}, {"bases": [[[-0.379257, -0.904706, 0.194088], [0.923551, -0.382983, 0.019458], [0.0567285, 0.18663, 0.980791]], [[-0.3797, -0.906175, 0.186211], [0.122898, -0.248911, -0.960697], [0.91691, -0.341892, 0.205879]], [[-0.3797, -0.906175, 0.186211], [-0.888541, 0.301193, -0.346091], [0.257533, -0.296867, -0.919536]], [[-0.3797, -0.906175, 0.186211], [-0.853685, 0.420768, 0.306881], [-0.35644, -0.0424428, -0.933354]]], "btipPosition": [-154.424, 99.395, 29.6231], "carpPosition": [-186.479, 92.0659, 57.0237], "dipPosition": [-148.728, 98.7167, 14.7071], "direction": [0.257533, 0.296867, 0.919536], "extended": false, "handId": 50, "id": 504, "length": 46.8308, "mcpPosition": [-183.457, 82.1251, 4.78175], "pipPosition": [-153.398, 93.3334, -1.96759], "stabilizedTipPosition": [-153.775, 98.461, 25.9678], "timeVisible": 13.5276, "tipPosition": [-153.459, 97.596, 24.1369], "tipVelocity": [29.3003, 25.284, 8.62052], "tool": false, "touchDistance": 0.333333, "touchZone": "none", "type": 4, "width": 15.0499}], "r": [[-0.15767, -0.0077761, 0.987461], [0.540792, 0.836007, 0.0929327], [-0.826247, 0.548663, -0.127608]], "s": 1.019, "t": [295.044, -0.444212, -11.4506], "timestamp": 7314247123}, {"currentFrameRate": 113.855, "devices": [], "gestures": [], "hands": [{"armBasis": [[-0.150186, -0.945567, -0.2887], [0.87493, 0.00885948, -0.484169], [0.460371, -0.325308, 0.825974]], "armWidth": 59.3592, "confidence": 1, "direction": [-0.0588042, 0.0696548, -0.995836], "elbow": [-302.831, 21.0785, 289.929], "grabAngle": 2.57696, "grabStrength": 0, "id": 50, "palmNormal": [0.997835, 0.0335383, -0.0565763], "palmPosition": [-183.634, 116.441, 16.9911], "palmVelocity": [39.2682, 7.55825, 5.43526], "palmWidth": 83.5833, "pinchDistance": 60.9625, "pinchStrength": 0.758323, "r": [[-0.157384, -0.00614004, 0.987518], [0.54252, 0.835028, 0.0916552], [-0.825168, 0.550173, -0.128089]], "s": 1.01764, "sphereCenter": [-148.021, 102.944, -3.42527], "sphereRadius": 45.0982, "stabilizedPalmPosition": [-184.757, 116.392, 16.3348], "t": [-294.8, -0.410958, -11.4052], "timeVisible": 13.5348, "type": "left", "wrist": [-188.649, 101.762, 85.0693]}], "id": 61441, "interactionBox": {"center": [0, 200, 0], "size": [235.247, 235.247, 147.751]}, "pointables": [{"bases": [[[-0.0191663, -0.971158, -0.237664], [0.996128, 0.00185084, -0.0878951], [0.0858, -0.238429, 0.967362]], [[0.00739448, -0.998, 0.0627875], [0.99844, 0.0038931, -0.0557058], [0.05535, 0.0631014, 0.996471]], [[0.00739448, -0.998, 0.0627875], [0.99844, 0.0038931, -0.0557058], [0.05535, 0.0631014, 0.996471]], [[0.00739448, -0.998, 0.0627875], [0.99844, 0.0038931, -0.0557058], [0.05535, 0.0631014, 0.996471]]], "btipPosition": [-183.32, 135.976, -81.9306], "carpPosition": [-193.44, 124.79, 61.2518], "dipPosition": [-184.197, 136.976, -66.1456], "direction": [0.05535, -0.0631014, -0.996471], "extended": true, "handId": 50, "id": 501, "length": 54.5231, "mcpPosition": [-187.642, 140.903, -4.12343], "pipPosition": [-185.437, 138.39, -43.8152], "stabilizedTipPosition": [-185.005, 136.51, -78.3932], "timeVisible": 13.5348, "tipPosition": [187, 135.637, -78.2469], "tipVelocity": [118.749, -30.0131, 6.28097], "tool": false, "touchDistance": 0.333369, "touchZone": "hovering", "type": 1, "width": 18.1291}, {"bases": [[[0.892111, -0.417599, -0.172478], [0.447004, 0.760203, 0.471465], [-0.0657645, -0.497698, 0.864854]], [[0.873435, -0.257129, -0.413517], [0.342783, 0.927826, 0.147098], [0.345849, -0.270227, 0.898535]], [[0.873435, -0.257129, -0.413517], [0.16568, 0.955474, -0.244171], [0.457888, 0.144756, 0.877145]], [[0.873435, -0.257129, -0.413517], [-0.0407949, 0.807588, -0.588334], [0.485229, 0.530741, 0.694886]]], "btipPosition": [-134.296, 128.393, -13.4539], "carpPosition": [-175.158, 132.094, 70.5537], "dipPosition": [-144.825, 139.909, 1.62409], "direction": [0.457888, -0.144756, -0.877145], "extended": false, "handId": 50, "id": 500, "length": 48.3194, "mcpPosition": [-175.158, 132.094, 70.5537], "pipPosition": [-159.299, 144.485, 29.352], "stabilizedTipPosition": [-137.577, 130.078, -10.153], "timeVisible": 13.5348, "tipPosition": [-138.781, 133.66, -11.4658], "tipVelocity": [47.589, 24.4107, 2.31642], "tool": false, "touchDistance": 0.294168, "touchZone": "hovering", "type": 0, "width": 18.9794}, {"bases": [[[-0.176931, -0.980433, -0.0862954], [0.980189, -0.167597, -0.10555], [0.089022, -0.103261, 0.990663]], [[-0.171275, -0.984861, -0.0267361], [0.255699, -0.0182281, -0.966585], [0.951464, -0.172388, 0.25495]], [[-0.171275, -0.984861, -0.0267361], [-0.92254, 0.169843, -0.346515], [0.34581, -0.0346841, -0.937663]], [[-0.171275, -0.984861, -0.0267361], [-0.929501, 0.152531, 0.3358], [-0.326638, 0.0823652, -0.941554]]], "btipPosition": [-143.086, 127.856, 24.1736], "carpPosition": [-194.737, 114.055, 57.9316], "dipPosition": [-137.395, 129.291, 7.76903], "direction": [0.34581, 0.0346841, 0.937663], "extended": false, "handId": 50, "id": 502, "length": 62.1247, "mcpPosition": [-189.032, 120.673, -5.55874], "pipPosition": [-146.512, 128.377, -16.9521], "stabilizedTipPosition": [-142.478, 127.595, 20.1663], "timeVisible": 13.5348, "tipPosition": [-140.938, 128.299, 18.6094], "tipVelocity": [41.937, 9.86715, 6.06806], "tool": false, "touchDistance": 0.333333, "touchZone": "none", "type": 2, "width": 17.8052}, {"bases": [[[-0.235286, -0.9695, 0.0686333], [0.967382, -0.240422, -0.0798119], [0.0938786, 0.0476159, 0.994444]], [[-0.229234, -0.9649, 0.128141], [0.0950502, -0.153207, -0.983612], [0.968719, -0.213297, 0.126834]], [[-0.229234, -0.9649, 0.128141], [-0.952307, 0.195081, -0.234638], [0.201405, -0.175816, -0.9636]], [[-0.229234, -0.9649, 0.128141], [-0.875042, 0.261942, 0.407047], [-0.426325, -0.0188197, -0.904374]]], "btipPosition": [-150.176, 113.922, 34.0685], "carpPosition": [-193.494, 102.985, 56.1287], "dipPosition": [-142.791, 113.596, 18.4022], "direction": [0.201405, 0.175816, 0.9636], "extended": false, "handId": 50, "id": 503, "length": 59.7345, "mcpPosition": [-188.092, 100.245, -1.09266], "pipPosition": [-147.963, 109.08, -6.34669], "stabilizedTipPosition": [-149.507, 113.209, 30.1202], "timeVisible": 13.5348, "tipPosition": [-149.323, 112.441, 26.3609], "tipVelocity": [42.1992, 12.3146, 7.71244], "tool": false, "touchDistance": 0.333333, "touchZone": "none", "type": 3, "width": 16.9428}, {"bases": [[[-0.379423, -0.904332, 0.195506], [0.923478, -0.383131, 0.0200072], [0.056811, 0.188136, 0.980498]], [[-0.379813, -0.905632, 0.188606], [0.122321, -0.251262, -0.960159], [0.91694, -0.34161, 0.206211]], [[-0.379813, -0.905632, 0.188606], [-0.888594, 0.300492, -0.346562], [0.257183, -0.299223, -0.91887]], [[-0.379813, -0.905632, 0.188606], [-0.8539, 0.42165, 0.305067], [-0.355805, -0.0451823, -0.933467]]], "btipPosition": [-154.131, 99.5076, 29.6939], "carpPosition": [-186.195, 92.1816, 57.1001], "dipPosition": [-148.445, 98.7856, 14.7761], "direction": [0.257183, 0.299223, 0.91887], "extended": false, "handId": 50, "id": 504, "length": 46.8308, "mcpPosition": [-183.169, 82.1605, 4.87371], "pipPosition": [-153.109, 93.3595, -1.88651], "stabilizedTipPosition": [-153.643, 98.5834, 26.0088], "timeVisible": 13.5348, "tipPosition": [-153.174, 97.6704, 24.2103], "tipVelocity": [40.6181, 14.3334, 9.83458], "tool": false, "touchDistance": 0.333333, "touchZone": "none", "type": 4, "width": 15.0499}], "r": [[-0.157384, -0.00614004, 0.987518], [0.54252, 0.835028, 0.0916552], [-0.825168, 0.550173, -0.128089]], "s": 1.01764, "t": [294.8, -0.410958, -11.4052], "timestamp": 7314254281}, {"currentFrameRate": 113.403, "devices": [], "gestures": [], "hands": [{"armBasis": [[-0.151885, -0.945134, -0.289227], [0.874047, 0.00819306, -0.485772], [0.461489, -0.32658, 0.824848]], "armWidth": 59.3592, "confidence": 1, "direction": [-0.0561832, 0.0667293, -0.996188], "elbow": [-302.886, 20.9787, 289.729], "grabAngle": 2.57823, "grabStrength": 0, "id": 50, "palmNormal": [0.998009, 0.0324112, -0.0541148], "palmPosition": [-183.236, 116.492, 17.0471], "palmVelocity": [41.4547, 5.33452, 5.83702], "palmWidth": 83.5833, "pinchDistance": 60.7277, "pinchStrength": 0.756005, "r": [[-0.156645, -0.00427154, 0.987646], [0.543787, 0.834399, 0.0898557], [-0.824475, 0.551144, -0.128382]], "s": 1.01623, "sphereCenter": [-147.27, 102.47, -3.1742], "sphereRadius": 45.2976, "stabilizedPalmPosition": [-184.673, 116.397, 16.3742], "t": [-294.479, -0.368736, -11.3544], "timeVisible": 13.5444, "type": "left", "wrist": [-188.427, 101.978, 85.1492]}], "id": 61442, "interactionBox": {"center": [0, 200, 0], "size": [235.247, 235.247, 147.751]}, "pointables": [{"bases": [[[-0.0188363, -0.971883, -0.234708], [0.995897, 0.00254349, -0.0904569], [0.0885106, -0.235449, 0.967848]], [[0.0085971, -0.997743, 0.0665961], [0.997729, 0.00410963, -0.0672296], [0.0668042, 0.0670228, 0.995513]], [[0.0085971, -0.997743, 0.0665961], [0.997729, 0.00410963, -0.0672296], [0.0668042, 0.0670228, 0.995513]], [[0.0085971, -0.997743, 0.0665961], [0.997729, 0.00410963, -0.0672296], [0.0668042, 0.0670228, 0.995513]]], "btipPosition": [-181.95, 135.662, -81.883], "carpPosition": [-193.148, 124.983, 61.2574], "dipPosition": [-183.008, 136.723, -66.1133], "direction": [0.0668042, -0.0670228, -0.995512], "extended": true, "handId": 50, "id": 501, "length": 54.5231, "mcpPosition": [-187.166, 140.895, -4.15073], "pipPosition": [-184.505, 138.225, -43.8044], "stabilizedTipPosition": [-184.035, 136.302, -78.3459], "timeVisible": 13.5444, "tipPosition": [-186.162, 135.428, -78.2562], "tipVelocity": [138.418, -31.2846, 4.59186], "tool": false, "touchDistance": 0.333368, "touchZone": "hovering", "type": 1, "width": 18.1291}, {"bases": [[[0.89207, -0.417257, -0.173518], [0.447476, 0.76204, 0.46804], [-0.0630654, -0.495169, 0.866505]], [[0.87244, -0.256983, -0.415702], [0.34249, 0.928274, 0.144939], [0.348639, -0.268824, 0.897878]], [[0.87244, -0.256983, -0.415702], [0.165035, 0.955541, -0.244345], [0.460013, 0.144571, 0.876064]], [[0.87244, -0.256983, -0.415702], [-0.0419389, 0.808087, -0.587569], [0.486918, 0.530053, 0.69423]]], "btipPosition": [-133.789, 128.553, -13.3448], "carpPosition": [-174.882, 132.298, 70.5842], "dipPosition": [-144.354, 140.054, 1.71896], "direction": [0.460013, -0.144571, -0.876064], "extended": false, "handId": 50, "id": 500, "length": 48.3194, "mcpPosition": [-174.882, 132.298, 70.5842], "pipPosition": [-158.896, 144.624, 29.4127], "stabilizedTipPosition": [-137.371, 130.248, -10.1116], "timeVisible": 13.5444, "tipPosition": [-138.262, 133.546, -11.3235], "tipVelocity": [51.9876, 16.294, 11.0297], "tool": false, "touchDistance": 0.295932, "touchZone": "hovering", "type": 0, "width": 18.9794}, {"bases": [[[-0.176203, -0.980856, -0.0829076], [0.980077, -0.166971, -0.107564], [0.0916616, -0.100209, 0.990735]], [[-0.17039, -0.9851, -0.02335], [0.252445, -0.0207346, -0.967389], [0.952491, -0.170728, 0.252217]], [[-0.17039, -0.9851, -0.02335], [-0.923665, 0.167928, -0.344447], [0.343236, -0.0371227, -0.938515]], [[-0.17039, -0.9851, -0.02335], [-0.928743, 0.152634, 0.337845], [-0.329247, 0.0792515, -0.940912]]], "btipPosition": [-142.694, 127.89, 24.3367], "carpPosition": [-194.447, 114.24, 57.966], "dipPosition": [-136.957, 129.27, 7.94332], "direction": [0.343236, 0.0371227, 0.938515], "extended": false, "handId": 50, "id": 502, "length": 62.1247, "mcpPosition": [-188.572, 120.662, -5.52907], "pipPosition": [-146.007, 128.292, -16.8003], "stabilizedTipPosition": [-142.331, 127.677, 20.2199], "timeVisible": 13.5444, "tipPosition": [-140.535, 128.314, 18.7441], "tipVelocity": [41.9721, 2.1596, 17.2654], "tool": false, "touchDistance": 0.333333, "touchZone": "none", "type": 2, "width": 17.8052}, {"bases": [[[-0.234172, -0.969515, 0.072137], [0.967406, -0.239732, -0.0815752], [0.096382, 0.0506832, 0.994053]], [[-0.227971, -0.964732, 0.131615], [0.0930723, -0.156147, -0.983339], [0.969209, -0.211923, 0.125387]], [[-0.227971, -0.964732, 0.131615], [-0.953068, 0.193441, -0.232898], [0.199224, -0.178532, -0.963554]], [[-0.227971, -0.964732, 0.131615], [-0.875146, 0.262274, 0.40661], [-0.426788, -0.0224868, -0.904072]]], "btipPosition": [-149.791, 114, 34.2152], "carpPosition": [-193.209, 103.162, 56.1993], "dipPosition": [-142.398, 113.61, 18.5541], "direction": [0.199224, 0.178532, 0.963554], "extended": false, "handId": 50, "id": 503, "length": 59.7345, "mcpPosition": [-187.664, 100.246, -0.999498], "pipPosition": [-147.515, 109.025, -6.19357], "stabilizedTipPosition": [-149.326, 113.299, 30.1833], "timeVisible": 13.5444, "tipPosition": [-148.951, 112.49, 26.5243], "tipVelocity": [40.29, 6.57959, 15.4132], "tool": false, "touchDistance": 0.333333, "touchZone": "none", "type": 3, "width": 16.9428}, {"bases": [[[-0.378046, -0.904106, 0.199183], [0.923896, -0.382183, 0.0187827], [0.0591429, 0.191125, 0.979782]], [[-0.37844, -0.905388, 0.192498], [0.120395, -0.254345, -0.95959], [0.917763, -0.339972, 0.205258]], [[-0.37844, -0.905388, 0.192498], [-0.889675, 0.298392, -0.345602], [0.255464, -0.30205, -0.918425]], [[-0.37844, -0.905388, 0.192498], [-0.854194, 0.42171, 0.304159], [-0.35656, -0.0493246, -0.93297]]], "btipPosition": [-153.752, 99.586, 29.8689], "carpPosition": [-185.924, 92.3554, 57.2218], "dipPosition": [-148.054, 98.7978, 14.9591], "direction": [0.255464, 0.30205, 0.918425], "extended": false, "handId": 50, "id": 504, "length": 46.8308, "mcpPosition": [-182.773, 82.1751, 5.03356], "pipPosition": [-152.686, 93.3204, -1.69545], "stabilizedTipPosition": [-153.443, 98.7199, 26.0804], "timeVisible": 13.5444, "tipPosition": [-152.812, 97.7174, 24.4046], "tipVelocity": [39.8289, 6.58057, 18.431], "tool": false, "touchDistance": 0.333333, "touchZone": "none", "type": 4, "width": 15.0499}], "r": [[-0.156645, -0.00427154, 0.987646], [0.543787, 0.834399, 0.0898557], [-0.824475, 0.551144, -0.128382]], "s": 1.01623, "t": [294.479, -0.368736, -11.3544], "timestamp": 7314263877}, {"currentFrameRate": 113.876, "devices": [], "gestures": [], "hands": [{"armBasis": [[-0.155078, -0.944809, -0.288595], [0.872947, 0.00571205, -0.487782], [0.462509, -0.327572, 0.823882]], "armWidth": 59.3592, "confidence": 1, "direction": [-0.0523956, 0.0612395, -0.996747], "elbow": [-302.916, 21.0884, 289.573], "grabAngle": 2.57977, "grabStrength": 0, "id": 50, "palmNormal": [0.998218, 0.0317574, -0.0505218], "palmPosition": [-182.772, 116.53, 17.0789], "palmVelocity": [58.2269, 4.68555, 3.99658], "palmWidth": 83.5833, "pinchDistance": 60.4868, "pinchStrength": 0.750754, "r": [[-0.155304, -0.0016971, 0.987865], [0.544805, 0.834029, 0.0870824], [-0.824056, 0.551718, -0.128603]], "s": 1.01493, "sphereCenter": [-146.35, 101.687, -2.84375], "sphereRadius": 45.6188, "stabilizedPalmPosition": [-184.578, 116.404, 16.4093], "t": [-294.087, -0.328957, -11.3131], "timeVisible": 13.5523, "type": "left", "wrist": [-188.203, 102.333, 85.2325]}], "id": 61443, "interactionBox": {"center": [0, 200, 0], "size": [235.247, 235.247, 147.751]}, "pointables": [{"bases": [[[-0.0193574, -0.973173, -0.229259], [0.995547, 0.00239661, -0.094232], [0.0922535, -0.230062, 0.968793]], [[0.0094603, -0.99717, 0.0745857], [0.996742, 0.00342869, -0.0805852], [0.0801014, 0.075105, 0.993953]], [[0.0094603, -0.99717, 0.0745857], [0.996742, 0.00342869, -0.0805852], [0.0801014, 0.075105, 0.993953]], [[0.0094603, -0.99717, 0.0745857], [0.996742, 0.00342869, -0.0805852], [0.0801014, 0.075105, 0.993953]]], "btipPosition": [-180.359, 134.952, -81.8787], "carpPosition": [-192.848, 125.268, 61.2038], "dipPosition": [-181.628, 136.141, -66.1336], "direction": [0.0801013, -0.075105, -0.993953], "extended": true, "handId": 50, "id": 501, "length": 54.5231, "mcpPosition": [-186.613, 140.816, -4.26816], "pipPosition": [-183.423, 137.824, -43.8597], "stabilizedTipPosition": [-182.968, 135.962, -78.318], "timeVisible": 13.5523, "tipPosition": [-185.112, 134.952, -78.3342], "tipVelocity": [193.654, -85.4038, -0.171372], "tool": false, "touchDistance": 0.333334, "touchZone": "hovering", "type": 1, "width": 18.1291}, {"bases": [[[0.891565, -0.417894, -0.174578], [0.448954, 0.764775, 0.462126], [-0.0596066, -0.490392, 0.869461]], [[0.870725, -0.258273, -0.41849], [0.342741, 0.92897, 0.139801], [0.352657, -0.265162, 0.897397]], [[0.870725, -0.258273, -0.41849], [0.164703, 0.954995, -0.246693], [0.46337, 0.145875, 0.874076]], [[0.870725, -0.258273, -0.41849], [-0.0423377, 0.808456, -0.587031], [0.489945, 0.528861, 0.693008]]], "btipPosition": [-133.165, 128.7, -13.2586], "carpPosition": [-174.615, 132.628, 70.5591], "dipPosition": [-143.796, 140.175, 1.77866], "direction": [0.46337, -0.145875, -0.874076], "extended": false, "handId": 50, "id": 500, "length": 48.3194, "mcpPosition": [-174.615, 132.628, 70.5591], "pipPosition": [-158.444, 144.787, 29.4096], "stabilizedTipPosition": [-137.146, 130.387, -10.0718], "timeVisible": 13.5523, "tipPosition": [-137.647, 133.373, -11.1899], "tipVelocity": [76.3833, 17.6881, 10.0531], "tool": false, "touchDistance": 0.297267, "touchZone": "hovering", "type": 0, "width": 18.9794}, {"bases": [[[-0.176147, -0.981362, -0.0768174], [0.979726, -0.167216, -0.110342], [0.0954401, -0.0946964, 0.990921]], [[-0.170107, -0.985274, -0.0172596], [0.24637, -0.0255639, -0.968839], [0.954131, -0.169058, 0.247091]], [[-0.170107, -0.985274, -0.0172596], [-0.925417, 0.165742, -0.340783], [0.338625, -0.0419971, -0.939984]], [[-0.170107, -0.985274, -0.0172596], [-0.927456, 0.154157, 0.340677], [-0.333, 0.073959, -0.940022]]], "btipPosition": [-142.257, 127.95, 24.5781], "carpPosition": [-194.138, 114.507, 57.967], "dipPosition": [-136.455, 129.239, 8.20023], "direction": [0.338625, 0.0419971, 0.939984], "extended": false, "handId": 50, "id": 502, "length": 62.1247, "mcpPosition": [-188.021, 120.576, -5.53993], "pipPosition": [-145.382, 128.131, -16.5821], "stabilizedTipPosition": [-142.184, 127.736, 20.2814], "timeVisible": 13.5523, "tipPosition": [-140.08, 128.345, 18.8873], "tipVelocity": [56.753, 4.9225, 30.7437], "tool": false, "touchDistance": 0.333333, "touchZone": "none", "type": 2, "width": 17.8052}, {"bases": [[[-0.233533, -0.969185, 0.0783801], [0.967181, -0.239836, -0.0839034], [0.100116, 0.0562135, 0.993387]], [[-0.22711, -0.96407, 0.137806], [0.0893424, -0.161533, -0.982815], [0.969762, -0.210895, 0.122818]], [[-0.22711, -0.96407, 0.137806], [-0.953961, 0.191763, -0.230618], [0.195906, -0.183838, -0.963237]], [[-0.22711, -0.96407, 0.137806], [-0.874455, 0.264159, 0.406877], [-0.42866, -0.0280999, -0.903029]]], "btipPosition": [-149.36, 114.13, 34.4007], "carpPosition": [-192.898, 103.42, 56.2663], "dipPosition": [-141.934, 113.643, 18.7577], "direction": [0.195906, 0.183838, 0.963237], "extended": false, "handId": 50, "id": 503, "length": 59.7345, "mcpPosition": [-187.137, 100.185, -0.894162], "pipPosition": [-146.966, 108.922, -5.98183], "stabilizedTipPosition": [-149.154, 113.372, 30.2467], "timeVisible": 13.5523, "tipPosition": [-148.523, 112.57, 26.7159], "tipVelocity": [55.0623, 13.5441, 23.805], "tool": false, "touchDistance": 0.333333, "touchZone": "none", "type": 3, "width": 16.9428}, {"bases": [[[-0.376951, -0.903125, 0.205606], [0.924104, -0.381745, 0.0174042], [0.0627708, 0.196561, 0.97848]], [[-0.377497, -0.904845, 0.196853], [0.11744, -0.257647, -0.959076], [0.918534, -0.338929, 0.203526]], [[-0.377497, -0.904845, 0.196853], [-0.890747, 0.296715, -0.344283], [0.253113, -0.305312, -0.917997]], [[-0.377497, -0.904845, 0.196853], [-0.854127, 0.422355, 0.303454], [-0.357721, -0.0535849, -0.93229]]], "btipPosition": [-153.291, 99.6503, 30.1307], "carpPosition": [-185.62, 92.6162, 57.376], "dipPosition": [-147.575, 98.794, 15.2317], "direction": [0.253113, 0.305312, 0.917997], "extended": false, "handId": 50, "id": 504, "length": 46.8308, "mcpPosition": [-182.277, 82.1464, 5.25715], "pipPosition": [-152.164, 93.2575, -1.41507], "stabilizedTipPosition": [-153.255, 98.8142, 26.1606], "timeVisible": 13.5523, "tipPosition": [-152.382, 97.7912, 24.6628], "tipVelocity": [58.3314, 6.10893, 33.1644], "tool": false, "touchDistance": 0.333333, "touchZone": "none", "type": 4, "width": 15.0499}], "r": [[-0.155304, -0.0016971, 0.987865], [0.544805, 0.834029, 0.0870824], [-0.824056, 0.551718, -0.128603]], "s": 1.01493, "t": [294.087, -0.328957, -11.3131], "timestamp": 7314271845}, {"currentFrameRate": 113.733, "devices": [], "gestures": [], "hands": [{"armBasis": [[-0.158595, -0.944501, -0.28769], [0.871478, 0.00304764, -0.490425], [0.464083, -0.328494, 0.822629]], "armWidth": 59.3592, "confidence": 1, "direction": [-0.0498125, 0.0570542, -0.997128], "elbow": [-303.004, 21.2038, 289.332], "grabAngle": 2.58182, "grabStrength": 0, "id": 50, "palmNormal": [0.998324, 0.0323021, -0.048024], "palmPosition": [-182.303, 116.637, 17.1134], "palmVelocity": [51.9075, 11.908, 3.8215], "palmWidth": 83.5833, "pinchDistance": 60.2146, "pinchStrength": 0.747316, "r": [[-0.153707, 0.0012068, 0.988116], [0.545787, 0.833715, 0.0838821], [-0.823706, 0.552194, -0.128807]], "s": 1.01353, "sphereCenter": [-145.36, 100.969, -2.54088], "sphereRadius": 45.9812, "stabilizedPalmPosition": [-184.441, 116.418, 16.4519], "t": [-293.656, -0.255256, -11.2752], "timeVisible": 13.5614, "type": "left", "wrist": [-187.901, 102.678, 85.3025]}], "id": 61444, "interactionBox": {"center": [0, 200, 0], "size": [235.247, 235.247, 147.751]}, "pointables": [{"bases": [[[-0.0206874, -0.974103, -0.225156], [0.995297, 0.00125164, -0.0968631], [0.0946365, -0.226101, 0.969496]], [[0.0091717, -0.996642, 0.0813635], [0.995421, 0.00135798, -0.0955745], [0.0951431, 0.0818675, 0.992091]], [[0.0091717, -0.996642, 0.0813635], [0.995421, 0.00135798, -0.0955745], [0.0951431, 0.0818675, 0.992091]], [[0.0091717, -0.996642, 0.0813635], [0.995421, 0.00135798, -0.0955745], [0.0951431, 0.0818675, 0.992091]]], "btipPosition": [-178.677, 134.439, -81.8097], "carpPosition": [-192.501, 125.552, 61.1749], "dipPosition": [-180.184, 135.736, -66.0941], "direction": [0.0951431, -0.0818675, -0.992091], "extended": true, "handId": 50, "id": 501, "length": 54.5231, "mcpPosition": [-186.106, 140.832, -4.34453], "pipPosition": [-182