{"frames": 100, "data": [{"currentFrameRate": 113.205, "devices": [], "gestures": [], "hands": [{"armBasis": [[0.652074, 0.191248, -0.733637], [0.100855, 0.93718, 0.33395], [0.751417, -0.291751, 0.591822]], "armWidth": 56.1785, "confidence": 1, "direction": [0.284122, 0.0548023, -0.957221], "elbow": [-249.155, 43.4077, 253.118], "grabAngle": 2.68117, "grabStrength": 0, "id": 76, "palmNormal": [0.0172604, -0.998496, -0.0520421], "palmPosition": [-39.4943, 115.277, 52.4818], "palmVelocity": [0.305312, -3.5049, 0.32877], "palmWidth": 80.3549, "pinchDistance": 51.1668, "pinchStrength": 0.660269, "r": [[0.240738, 0.216472, 0.946142], [-0.0235709, 0.975828, -0.217266], [-0.970304, 0.0300028, 0.240021]], "s": 0.927247, "sphereCenter": [-61.1611, 74.6563, 30.8973], "sphereRadius": 47.7521, "stabilizedPalmPosition": [-39.6156, 115.452, 52.4507], "t": [-17.2478, -40.1829, -42.3276], "timeVisible": 6.84652, "type": "left", "wrist": [-69.9853, 112.973, 112.003]}], "id": 98426, "interactionBox": {"center": [0, 200, 0], "size": [235.247, 235.247, 147.751]}, "pointables": [{"bases": [[[0.897319, 0.00749036, -0.441319], [-0.0483554, 0.995506, -0.0814229], [0.438726, 0.0944025, 0.893648]], [[0.998139, 0.0451292, -0.0410084], [-0.0542326, 0.964446, -0.258655], [0.0278774, 0.260398, 0.965099]], [[0.998139, 0.0451292, -0.0410084], [-0.0580697, 0.908694, -0.413404], [0.0186075, 0.415016, 0.909624]], [[0.998139, 0.0451292, -0.0410084], [-0.0607034, 0.799149, -0.598061], [0.00578179, 0.599437, 0.800401]]], "btipPosition": [-10.5096, 90.5138, -30.6967], "carpPosition": [-40.5634, 124.563, 95.8006], "dipPosition": [-10.5973, 99.6018, -18.5618], "direction": [0.0186075, -0.415016, -0.909624], "extended": true, "handId": 76, "id": 761, "length": 52.183, "mcpPosition": [-12.0591, 118.43, 37.7398], "pipPosition": [-10.9964, 108.503, 0.947479], "stabilizedTipPosition": [-10.5915, 92.6035, -27.9097], "timeVisible": 6.84652, "tipPosition": [-10.253, 94.8878, -27.6936], "tipVelocity": [2.18464, -5.43155, 0.409274], "tool": false, "touchDistance": 0.333333, "touchZone": "hovering", "type": 1, "width": 17.041}, {"bases": [[[0.345748, 0.903077, -0.254776], [-0.6529, 0.426551, 0.625921], [0.673929, -0.0500677, 0.737098]], [[0.160617, 0.885532, -0.43593], [-0.901045, 0.311834, 0.30146], [0.40289, 0.344372, 0.84799]], [[0.160617, 0.885532, -0.43593], [-0.98696, 0.139373, -0.0805263], [-0.0105519, 0.443179, 0.896371]], [[0.160617, 0.885532, -0.43593], [-0.900907, -0.0488899, -0.431251], [-0.403199, 0.461998, 0.789929]]], "btipPosition": [-27.0542, 68.6322, 25.0686], "carpPosition": [-36.1223, 106.816, 105.975], "dipPosition": [-18.6809, 78.2267, 41.4733], "direction": [-0.0105519, -0.443179, -0.896371], "extended": false, "handId": 76, "id": 760, "length": 46.2456, "mcpPosition": [-36.1223, 106.816, 105.975], "pipPosition": [-18.3616, 91.635, 68.5928], "stabilizedTipPosition": [-25.3027, 71.2891, 28.6024], "timeVisible": 6.84652, "tipPosition": [-18.1511, 72.8043, 28.4754], "tipVelocity": [-1.02598, -7.86667, 6.92865], "tool": false, "touchDistance": 0.340457, "touchZone": "hovering", "type": 0, "width": 17.8402}, {"bases": [[[0.94335, -0.149644, -0.296136], [0.113687, 0.984272, -0.135221], [0.311714, 0.0938942, 0.945525]], [[0.960344, -0.143745, -0.238906], [-0.216068, 0.157874, -0.96353], [0.17622, 0.976941, 0.120555]], [[0.960344, -0.143745, -0.238906], [-0.225869, -0.903456, -0.36435], [-0.163468, 0.403863, -0.900096]], [[0.960344, -0.143745, -0.238906], [-0.0692824, -0.953011, 0.294908], [-0.270072, -0.266662, -0.925177]]], "btipPosition": [-31.8005, 72.7777, 65.1925], "carpPosition": [-49.915, 126.091, 90.466], "dipPosition": [-27.2971, 68.3311, 49.765], "direction": [-0.163468, -0.403863, 0.900096], "extended": false, "handId": 76, "id": 762, "length": 59.4584, "mcpPosition": [-30.7093, 120.306, 32.209], "pipPosition": [-23.1723, 78.5218, 27.0528], "stabilizedTipPosition": [-31.041, 71.9772, 61.5862], "timeVisible": 6.84652, "tipPosition": [-32.7392, 71.6256, 60.6993], "tipVelocity": [4.49514, -4.42868, 4.94251], "tool": false, "touchDistance": 0.333333, "touchZone": "none", "type": 2, "width": 16.7365}, {"bases": [[[0.967667, -0.207966, -0.142725], [0.190673, 0.973556, -0.125823], [0.165118, 0.0945411, 0.981732]], [[0.956025, -0.213261, -0.201337], [-0.186272, 0.0887364, -0.978483], [0.226538, 0.972957, 0.0451096]], [[0.956025, -0.213261, -0.201337], [-0.249291, -0.952524, -0.174791], [-0.154502, 0.217296, -0.963801]], [[0.956025, -0.213261, -0.201337], [-0.113209, -0.901618, 0.417455], [-0.270556, -0.376304, -0.886112]]], "btipPosition": [-50.1319, 82.2836, 68.7627], "carpPosition": [-59.964, 125.19, 86.4764], "dipPosition": [-45.6463, 76.0447, 54.0716], "direction": [-0.154502, -0.217296, 0.963801], "extended": false, "handId": 76, "id": 763, "length": 57.1708, "mcpPosition": [-50.8299, 119.961, 32.1685], "pipPosition": [-41.8484, 81.3862, 30.38], "stabilizedTipPosition": [-49.3735, 81.0844, 65.2684], "timeVisible": 6.84652, "tipPosition": [-49.0332, 81.0682, 65.5091], "tipVelocity": [3.22384, -3.66845, 5.28705], "tool": false, "touchDistance": 0.333333, "touchZone": "none", "type": 3, "width": 15.9259}, {"bases": [[[0.935378, -0.353608, -0.00537621], [0.352694, 0.933861, -0.0592591], [0.0259751, 0.0535335, 0.998228]], [[0.923371, -0.357596, -0.139682], [-0.0801124, 0.176353, -0.981061], [0.375457, 0.917074, 0.134191]], [[0.923371, -0.357596, -0.139682], [-0.383666, -0.872459, -0.302681], [-0.0136291, 0.333079, -0.942801]], [[0.923371, -0.357596, -0.139682], [-0.301985, -0.901204, 0.310864], [-0.237045, -0.24486, -0.940134]]], "btipPosition": [-61.2492, 84.9172, 60.5382], "carpPosition": [-70.4975, 118.468, 85.1233], "dipPosition": [-57.6236, 81.1721, 46.1588], "direction": [-0.0136291, -0.333079, 0.942801], "extended": false, "handId": 76, "id": 764, "length": 44.8208, "mcpPosition": [-69.1674, 115.727, 34.0063], "pipPosition": [-57.387, 86.9528, 29.7959], "stabilizedTipPosition": [-60.6788, 84.3329, 57.107], "timeVisible": 6.84652, "tipPosition": [-60.4769, 84.8404, 57.6103], "tipVelocity": [3.15079, -5.51955, 5.11203], "tool": false, "touchDistance": 0.333333, "touchZone": "none", "type": 4, "width": 14.1466}], "r": [[0.240738, 0.216472, 0.946142], [-0.0235709, 0.975828, -0.217266], [-0.970304, 0.0300028, 0.240021]], "s": 0.927247, "t": [17.2478, -40.1829, -42.3276], "timestamp": 7640830876}, {"currentFrameRate": 115.471, "devices": [], "gestures": [], "hands": [{"armBasis": [[0.652336, 0.193355, -0.732852], [0.0991889, 0.936818, 0.335461], [0.751412, -0.291524, 0.591941]], "armWidth": 56.1785, "confidence": 1, "direction": [0.284466, 0.056216, -0.957036], "elbow": [-249.148, 43.4003, 253.184], "grabAngle": 2.68087, "grabStrength": 0, "id": 76, "palmNormal": [0.0155143, -0.998419, -0.0540354], "palmPosition": [-39.4781, 115.279, 52.525], "palmVelocity": [3.38879, 0.476291, 9.05413], "palmWidth": 80.3549, "pinchDistance": 51.1422, "pinchStrength": 0.659084, "r": [[0.240914, 0.216238, 0.946151], [-0.0231147, 0.975866, -0.217144], [-0.970271, 0.0304429, 0.240098]], "s": 0.92749, "sphereCenter": [-61.2582, 74.7355, 30.8378], "sphereRadius": 47.7938, "stabilizedPalmPosition": [-39.6073, 115.441, 52.4552], "t": [-17.2338, -40.1967, -42.2991], "timeVisible": 6.8513, "type": "left", "wrist": [-69.9798, 112.912, 112.04]}], "id": 98427, "interactionBox": {"center": [0, 200, 0], "size": [235.247, 235.247, 147.751]}, "pointables": [{"bases": [[[0.89719, 0.00995481, -0.441533], [-0.0501307, 0.99558, -0.0794186], [0.43879, 0.0933879, 0.893723]], [[0.998048, 0.0469719, -0.0411555], [-0.0559932, 0.96489, -0.256618], [0.0276567, 0.258421, 0.965636]], [[0.998048, 0.0469719, -0.0411555], [-0.0597204, 0.910587, -0.40898], [0.018265, 0.41064, 0.911615]], [[0.998048, 0.0469719, -0.0411555], [-0.0622426, 0.801958, -0.594129], [0.00509759, 0.595531, 0.803316]]], "btipPosition": [-10.5102, 90.7256, -30.7474], "carpPosition": [-40.5421, 124.481, 95.8621], "dipPosition": [-10.5875, 99.7544, -18.5684], "direction": [0.018265, -0.41064, -0.911615], "extended": true, "handId": 76, "id": 761, "length": 52.183, "mcpPosition": [-12.0336, 118.413, 37.7964], "pipPosition": [-10.9792, 108.562, 0.983617], "stabilizedTipPosition": [-10.5787, 92.6436, -27.9171], "timeVisible": 6.8513, "tipPosition": [-10.2538, 94.9848, -27.6852], "tipVelocity": [0.372933, 41.4604, -8.49049], "tool": false, "touchDistance": 0.333333, "touchZone": "hovering", "type": 1, "width": 17.041}, {"bases": [[[0.34409, 0.904193, -0.253057], [-0.653488, 0.424146, 0.626939], [0.674207, -0.0503541, 0.736824]], [[0.15924, 0.886758, -0.433939], [-0.901453, 0.309819, 0.302317], [0.402524, 0.343035, 0.848706]], [[0.15924, 0.886758, -0.433939], [-0.987185, 0.138404, -0.0794327], [-0.0103788, 0.441027, 0.897434]], [[0.15924, 0.886758, -0.433939], [-0.901257, -0.048835, -0.430524], [-0.402962, 0.459647, 0.79142]]], "btipPosition": [-27.0727, 68.6945, 25.0011], "carpPosition": [-36.1348, 106.705, 106.002], "dipPosition": [-18.7043, 78.2401, 41.4367], "direction": [-0.0103788, -0.441027, -0.897434], "extended": false, "handId": 76, "id": 760, "length": 46.2456, "mcpPosition": [-36.1348, 106.705, 106.002], "pipPosition": [-18.3903, 91.5833, 68.5884], "stabilizedTipPosition": [-25.2957, 71.271, 28.6105], "timeVisible": 6.8513, "tipPosition": [-18.226, 72.8109, 28.4403], "tipVelocity": [-4.11148, 10.6749, -12.6406], "tool": false, "touchDistance": 0.338839, "touchZone": "hovering", "type": 0, "width": 17.8402}, {"bases": [[[0.943536, -0.147389, -0.296676], [0.111917, 0.984739, -0.133281], [0.311793, 0.092552, 0.945632]], [[0.960534, -0.141574, -0.239438], [-0.216676, 0.158968, -0.963214], [0.174429, 0.97708, 0.122018]], [[0.960534, -0.141574, -0.239438], [-0.224314, -0.903264, -0.365784], [-0.164491, 0.405057, -0.899373]], [[0.960534, -0.141574, -0.239438], [-0.0671962, -0.953394, 0.294151], [-0.269923, -0.266453, -0.925281]]], "btipPosition": [-31.8702, 72.7654, 65.169], "carpPosition": [-49.8896, 126.036, 90.5282], "dipPosition": [-27.3692, 68.3223, 49.7398], "direction": [-0.164491, -0.405057, 0.899373], "extended": false, "handId": 76, "id": 762, "length": 59.4584, "mcpPosition": [-30.679, 120.334, 32.2647], "pipPosition": [-23.2186, 78.5432, 27.0459], "stabilizedTipPosition": [-31.0253, 71.9594, 61.5888], "timeVisible": 6.8513, "tipPosition": [-32.7985, 71.6, 60.6588], "tipVelocity": [-14.686, -2.39983, -4.99115], "tool": false, "touchDistance": 0.333333, "touchZone": "none", "type": 2, "width": 16.7365}, {"bases": [[[0.967995, -0.205974, -0.143388], [0.188925, 0.974141, -0.123924], [0.165205, 0.0928681, 0.981877]], [[0.956347, -0.211172, -0.202007], [-0.186798, 0.0898599, -0.97828], [0.224738, 0.97331, 0.0464907]], [[0.956347, -0.211172, -0.202007], [-0.247651, -0.952619, -0.176597], [-0.155144, 0.218915, -0.963331]], [[0.956347, -0.211172, -0.202007], [-0.11138, -0.902465, 0.416114], [-0.270176, -0.37545, -0.88659]]], "btipPosition": [-50.1831, 82.2785, 68.7542], "carpPosition": [-59.939, 125.161, 86.5342], "dipPosition": [-45.7037, 76.0539, 54.0551], "direction": [-0.155144, -0.218915, 0.963331], "extended": false, "handId": 76, "id": 763, "length": 57.1708, "mcpPosition": [-50.8002, 120.023, 32.2183], "pipPosition": [-41.8901, 81.4351, 30.3751], "stabilizedTipPosition": [-49.3608, 81.0707, 65.2744], "timeVisible": 6.8513, "tipPosition": [-49.0807, 81.061, 65.4813], "tipVelocity": [-10.994, -0.375887, -2.17212], "tool": false, "touchDistance": 0.333333, "touchZone": "none", "type": 3, "width": 15.9259}, {"bases": [[[0.935999, -0.351947, -0.00632258], [0.351032, 0.934598, -0.0574806], [0.0261392, 0.0515823, 0.998327]], [[0.92397, -0.355687, -0.140593], [-0.0807655, 0.177854, -0.980737], [0.373841, 0.917526, 0.135604]], [[0.92397, -0.355687, -0.140593], [-0.382198, -0.872419, -0.304646], [-0.0142976, 0.335218, -0.942032]], [[0.92397, -0.355687, -0.140593], [-0.300336, -0.902362, 0.309097], [-0.236808, -0.243371, -0.940581]]], "btipPosition": [-61.2861, 84.9347, 60.524], "carpPosition": [-70.4841, 118.46, 85.165], "dipPosition": [-57.6641, 81.2123, 46.1377], "direction": [-0.0142976, -0.335218, 0.942032], "extended": false, "handId": 76, "id": 764, "length": 44.8208, "mcpPosition": [-69.1456, 115.819, 34.043], "pipPosition": [-57.4159, 87.0302, 29.7882], "stabilizedTipPosition": [-60.6644, 84.3168, 57.1139], "timeVisible": 6.8513, "tipPosition": [-60.5156, 84.8689, 57.5871], "tipVelocity": [-7.88241, 4.74173, -3.29655], "tool": false, "touchDistance": 0.333333, "touchZone": "none", "type": 4, "width": 14.1466}], "r": [[0.240914, 0.216238, 0.946151], [-0.0231147, 0.975866, -0.217144], [-0.970271, 0.0304429, 0.240098]], "s": 0.92749, "t": [17.2338, -40.1967, -42.2991], "timestamp": 7640835657}, {"currentFrameRate": 111.769, "devices": [], "gestures": [], "hands": [{"armBasis": [[0.652621, 0.191128, -0.733182], [0.100763, 0.937173, 0.333997], [0.750955, -0.291851, 0.59236]], "armWidth": 56.1785, "confidence": 1, "direction": [0.283906, 0.0540829, -0.957326], "elbow": [-249.058, 43.458, 253.34], "grabAngle": 2.68034, "grabStrength": 0, "id": 76, "palmNormal": [0.0170255, -0.998535, -0.0513618], "palmPosition": [-39.526, 115.31, 52.565], "palmVelocity": [-3.12673, 2.01715, 2.60564], "palmWidth": 80.3549, "pinchDistance": 51.1906, "pinchStrength": 0.660241, "r": [[0.241027, 0.216485, 0.946066], [-0.0224278, 0.975787, -0.217572], [-0.970259, 0.0312226, 0.240046]], "s": 0.927716, "sphereCenter": [-61.234, 74.6936, 30.9964], "sphereRadius": 47.7802, "stabilizedPalmPosition": [-39.5946, 115.421, 52.4723], "t": [-17.2508, -40.1882, -42.2649], "timeVisible": 6.86663, "type": "left", "wrist": [-69.9992, 113.047, 112.097]}], "id": 98428, "interactionBox": {"center": [0, 200, 0], "size": [235.247, 235.247, 147.751]}, "pointables": [{"bases": [[[0.897423, 0.007388, -0.44111], [-0.0485578, 0.995439, -0.0821168], [0.438492, 0.0951128, 0.893688]], [[0.998142, 0.0453312, -0.0407119], [-0.0543561, 0.964387, -0.258849], [0.0275281, 0.260581, 0.965059]], [[0.998142, 0.0453312, -0.0407119], [-0.0580391, 0.91074, -0.408881], [0.0185429, 0.410485, 0.911679]], [[0.998142, 0.0453312, -0.0407119], [-0.0606699, 0.801041, -0.595527], [0.00561592, 0.596891, 0.802303]]], "btipPosition": [-10.5614, 90.6595, -30.6936], "carpPosition": [-40.5827, 124.627, 95.8777], "dipPosition": [-10.6465, 99.709, -18.5299], "direction": [0.0185429, -0.410485, -0.911679], "extended": true, "handId": 76, "id": 761, "length": 52.183, "mcpPosition": [-12.0936, 118.447, 37.8143], "pipPosition": [-11.0442, 108.513, 1.02349], "stabilizedTipPosition": [-10.5796, 92.6855, -27.908], "timeVisible": 6.86663, "tipPosition": [-10.3117, 94.8332, -27.6067], "tipVelocity": [-3.4556, -4.00224, 3.28444], "tool": false, "touchDistance": 0.333333, "touchZone": "hovering", "type": 1, "width": 17.041}, {"bases": [[[0.345607, 0.902979, -0.255312], [-0.653144, 0.426834, 0.625472], [0.673764, -0.0494122, 0.737292]], [[0.160414, 0.885242, -0.436594], [-0.901309, 0.311688, 0.300821], [0.40238, 0.34525, 0.847875]], [[0.160414, 0.885242, -0.436594], [-0.986989, 0.138965, -0.0808756], [-0.0109233, 0.443888, 0.896016]], [[0.160414, 0.885242, -0.436594], [-0.900689, -0.049657, -0.431617], [-0.403765, 0.462473, 0.789362]]], "btipPosition": [-27.1205, 68.6313, 25.1844], "carpPosition": [-36.1431, 106.885, 106.063], "dipPosition": [-18.7354, 78.2356, 41.5773], "direction": [-0.0109233, -0.443888, -0.896016], "extended": false, "handId": 76, "id": 760, "length": 46.2456, "mcpPosition": [-36.1431, 106.885, 106.063], "pipPosition": [-18.4049, 91.6654, 68.6861], "stabilizedTipPosition": [-25.2874, 71.2365, 28.6381], "timeVisible": 6.86663, "tipPosition": [-18.2524, 72.801, 28.5855], "tipVelocity": [-2.86735, -3.24182, 11.3245], "tool": false, "touchDistance": 0.340891, "touchZone": "hovering", "type": 0, "width": 17.8402}, {"bases": [[[0.943454, -0.149637, -0.295809], [0.1135, 0.984204, -0.135869], [0.311467, 0.0946118, 0.945535]], [[0.960433, -0.143694, -0.238578], [-0.215943, 0.15678, -0.963737], [0.175888, 0.977124, 0.119547]], [[0.960433, -0.143694, -0.238578], [-0.225703, -0.903455, -0.364455], [-0.163175, 0.403883, -0.900141]], [[0.960433, -0.143694, -0.238578], [-0.0689399, -0.952625, 0.296232], [-0.269843, -0.268064, -0.924839]]], "btipPosition": [-31.839, 72.8101, 65.3088], "carpPosition": [-49.9353, 126.153, 90.5443], "dipPosition": [-27.3393, 68.3401, 49.8869], "direction": [-0.163175, -0.403883, 0.900141], "extended": false, "handId": 76, "id": 762, "length": 59.4584, "mcpPosition": [-30.7447, 120.324, 32.2867], "pipPosition": [-23.2219, 78.5313, 27.1736], "stabilizedTipPosition": [-30.9969, 71.9366, 61.611], "timeVisible": 6.86663, "tipPosition": [-32.7707, 71.6635, 60.8147], "tipVelocity": [2.01862, 2.50982, 9.23105], "tool": false, "touchDistance": 0.333333, "touchZone": "none", "type": 2, "width": 16.7365}, {"bases": [[[0.967748, -0.207848, -0.142352], [0.190487, 0.973512, -0.126445], [0.164862, 0.0952508, 0.981707]], [[0.95612, -0.213186, -0.200963], [-0.186199, 0.0874187, -0.978615], [0.226194, 0.973093, 0.0438878]], [[0.95612, -0.213186, -0.200963], [-0.249063, -0.952662, -0.174362], [-0.154278, 0.216763, -0.963956]], [[0.95612, -0.213186, -0.200963], [-0.113065, -0.901297, 0.418187], [-0.270278, -0.377115, -0.885852]]], "btipPosition": [-50.171, 82.3266, 68.8934], "carpPosition": [-59.9853, 125.252, 86.5577], "dipPosition": [-45.6899, 76.0742, 54.2066], "direction": [-0.154278, -0.216763, 0.963956], "extended": false, "handId": 76, "id": 763, "length": 57.1708, "mcpPosition": [-50.8654, 119.982, 32.2512], "pipPosition": [-41.8976, 81.4026, 30.5112], "stabilizedTipPosition": [-49.3395, 81.0531, 65.2978], "timeVisible": 6.86663, "tipPosition": [-49.0695, 81.112, 65.6178], "tipVelocity": [0.814775, 2.71844, 9.27098], "tool": false, "touchDistance": 0.333333, "touchZone": "none", "type": 3, "width": 15.9259}, {"bases": [[[0.935458, -0.353403, -0.00491076], [0.3525, 0.933898, -0.059815], [0.025725, 0.0542234, 0.998197]], [[0.923495, -0.357485, -0.139148], [-0.080072, 0.175107, -0.981288], [0.375161, 0.917356, 0.133086]], [[0.923495, -0.357485, -0.139148], [-0.383382, -0.87262, -0.302577], [-0.0132565, 0.332775, -0.942913]], [[0.923495, -0.357485, -0.139148], [-0.301964, -0.901143, 0.31106], [-0.236591, -0.245245, -0.940149]]], "btipPosition": [-61.2811, 84.9467, 60.6651], "carpPosition": [-70.5207, 118.531, 85.2118], "dipPosition": [-57.6624, 81.1956, 46.2854], "direction": [-0.0132565, -0.332775, 0.942913], "extended": false, "handId": 76, "id": 764, "length": 44.8208, "mcpPosition": [-69.2034, 115.754, 34.0963], "pipPosition": [-57.4323, 86.9711, 29.9206], "stabilizedTipPosition": [-60.643, 84.2937, 57.1381], "timeVisible": 6.86663, "tipPosition": [-60.5141, 84.8807, 57.7189], "tipVelocity": [0.275549, 0.353723, 9.30404], "tool": false, "touchDistance": 0.333333, "touchZone": "none", "type": 4, "width": 14.1466}], "r": [[0.241027, 0.216485, 0.946066], [-0.0224278, 0.975787, -0.217572], [-0.970259, 0.0312226, 0.240046]], "s": 0.927716, "t": [17.2508, -40.1882, -42.2649], "timestamp": 7640850979}, {"currentFrameRate": 115.74, "devices": [], "gestures": [], "hands": [{"armBasis": [[0.652726, 0.193429, -0.732485], [0.099134, 0.936736, 0.335706], [0.75108, -0.291738, 0.592256]], "armWidth": 56.1785, "confidence": 1, "direction": [0.283987, 0.0546293, -0.957271], "elbow": [-249.061, 43.4726, 253.377], "grabAngle": 2.67962, "grabStrength": 0, "id": 76, "palmNormal": [0.0150966, -0.998507, -0.052504], "palmPosition": [-39.501, 115.314, 52.6268], "palmVelocity": [13.8178, 1.94113, 34.1391], "palmWidth": 80.3549, "pinchDistance": 51.1551, "pinchStrength": 0.65868, "r": [[0.241029, 0.216559, 0.946048], [-0.0222538, 0.975764, -0.217691], [-0.970263, 0.0314168, 0.240007]], "s": 0.928163, "sphereCenter": [-61.3853, 74.7463, 30.9802], "sphereRadius": 47.863, "stabilizedPalmPosition": [-39.5929, 115.419, 52.4751], "t": [-17.2468, -40.1822, -42.2169], "timeVisible": 6.86844, "type": "left", "wrist": [-69.9725, 113.035, 112.158]}], "id": 98429, "interactionBox": {"center": [0, 200, 0], "size": [235.247, 235.247, 147.751]}, "pointables": [{"bases": [[[0.897417, 0.00962475, -0.441078], [-0.0504774, 0.995437, -0.0809798], [0.438286, 0.0949372, 0.893808]], [[0.998057, 0.0473109, -0.0405572], [-0.0561862, 0.964688, -0.257334], [0.0269504, 0.259113, 0.965471]], [[0.998057, 0.0473109, -0.0405572], [-0.0597029, 0.912446, -0.404818], [0.017854, 0.406452, 0.913498]], [[0.998057, 0.0473109, -0.0405572], [-0.0621418, 0.804169, -0.591143], [0.00464741, 0.592514, 0.805546]]], "btipPosition": [-10.5822, 90.8358, -30.7328], "carpPosition": [-40.5387, 124.583, 95.9502], "dipPosition": [-10.6526, 99.8188, -18.5199], "direction": [0.017854, -0.406452, -0.913498], "extended": true, "handId": 76, "id": 761, "length": 52.183, "mcpPosition": [-12.063, 118.414, 37.8789], "pipPosition": [-11.0356, 108.536, 1.07248], "stabilizedTipPosition": [-10.5809, 92.6994, -27.909], "timeVisible": 6.86844, "tipPosition": [-10.3306, 94.8546, -27.5722], "tipVelocity": [-9.63665, 88.922, -15.404], "tool": false, "touchDistance": 0.333333, "touchZone": "hovering", "type": 1, "width": 17.041}, {"bases": [[[0.34387, 0.903936, -0.254271], [-0.653982, 0.424857, 0.625943], [0.673841, -0.0489545, 0.737253]], [[0.159182, 0.886165, -0.435169], [-0.901675, 0.310006, 0.30146], [0.402049, 0.344394, 0.848381]], [[0.159182, 0.886165, -0.435169], [-0.987196, 0.138289, -0.0795025], [-0.0102732, 0.442252, 0.896832]], [[0.159182, 0.886165, -0.435169], [-0.901381, -0.0493452, -0.430205], [-0.402706, 0.460734, 0.790918]]], "btipPosition": [-27.0834, 68.6905, 25.1572], "carpPosition": [-36.1331, 106.821, 106.115], "dipPosition": [-18.7203, 78.2587, 41.5824], "direction": [-0.0102732, -0.442252, -0.896832], "extended": false, "handId": 76, "id": 760, "length": 46.2456, "mcpPosition": [-36.1331, 106.821, 106.115], "pipPosition": [-18.4095, 91.639, 68.7159], "stabilizedTipPosition": [-25.2861, 71.233, 28.6411], "timeVisible": 6.86844, "tipPosition": [-18.3588, 72.7774, 28.6005], "tipVelocity": [17.6727, 28.0979, -10.9503], "tool": false, "touchDistance": 0.339838, "touchZone": "hovering", "type": 0, "width": 17.8402}, {"bases": [[[0.943748, -0.147477, -0.295955], [0.111603, 0.984576, -0.13474], [0.311261, 0.0941316, 0.945651]], [[0.960715, -0.141567, -0.238718], [-0.216262, 0.157241, -0.96359], [0.173949, 0.977361, 0.120448]], [[0.960715, -0.141567, -0.238718], [-0.223853, -0.90371, -0.364963], [-0.164065, 0.404062, -0.899898]], [[0.960715, -0.141567, -0.238718], [-0.0667881, -0.952776, 0.296239], [-0.269382, -0.268658, -0.924801]]], "btipPosition": [-31.9025, 72.8151, 65.3308], "carpPosition": [-49.8884, 126.133, 90.6187], "dipPosition": [-27.4105, 68.3352, 49.9096], "direction": [-0.164065, -0.404062, 0.899898], "extended": false, "handId": 76, "id": 762, "length": 59.4584, "mcpPosition": [-30.7106, 120.333, 32.354], "pipPosition": [-23.2706, 78.5309, 27.2024], "stabilizedTipPosition": [-30.9949, 71.9342, 61.6138], "timeVisible": 6.86844, "tipPosition": [-32.826, 71.6449, 60.8283], "tipVelocity": [-36.0714, 1.49592, 12.2465], "tool": false, "touchDistance": 0.333333, "touchZone": "none", "type": 2, "width": 16.7365}, {"bases": [[[0.96815, -0.205816, -0.142564], [0.18861, 0.974022, -0.125327], [0.164655, 0.0944463, 0.981819]], [[0.956535, -0.211109, -0.201181], [-0.186412, 0.0878832, -0.978533], [0.224258, 0.973504, 0.04471]], [[0.956535, -0.211109, -0.201181], [-0.24722, -0.95294, -0.175464], [-0.154672, 0.217574, -0.963711]], [[0.956535, -0.211109, -0.201181], [-0.111225, -0.901838, 0.417514], [-0.269574, -0.37699, -0.88612]]], "btipPosition": [-50.2122, 82.3369, 68.9267], "carpPosition": [-59.9403, 125.256, 86.6314], "dipPosition": [-45.7428, 76.0867, 54.2354], "direction": [-0.154672, -0.217574, 0.963711], "extended": false, "handId": 76, "id": 763, "length": 57.1708, "mcpPosition": [-50.8318, 120.031, 32.3186], "pipPosition": [-41.9408, 81.4349, 30.546], "stabilizedTipPosition": [-49.3377, 81.0513, 65.3007], "timeVisible": 6.86844, "tipPosition": [-49.1103, 81.1189, 65.6407], "tipVelocity": [-24.2462, 5.97867, 17.803], "tool": false, "touchDistance": 0.333333, "touchZone": "none", "type": 3, "width": 15.9259}, {"bases": [[[0.936139, -0.351591, -0.00529047], [0.350698, 0.934645, -0.058738], [0.0255964, 0.0531316, 0.998259]], [[0.924189, -0.355542, -0.139517], [-0.0804215, 0.175947, -0.981109], [0.373373, 0.91795, 0.134015]], [[0.924189, -0.355542, -0.139517], [-0.38169, -0.87287, -0.303991], [-0.0136982, 0.334198, -0.942403]], [[0.924189, -0.355542, -0.139517], [-0.300271, -0.902115, 0.30988], [-0.236035, -0.244495, -0.940484]]], "btipPosition": [-61.3109, 84.9738, 60.6953], "carpPosition": [-70.4887, 118.557, 85.278], "dipPosition": [-57.7007, 81.2342, 46.3105], "direction": [-0.0136982, -0.334198, 0.942403], "extended": false, "handId": 76, "id": 764, "length": 44.8208, "mcpPosition": [-69.1779, 115.836, 34.1594], "pipPosition": [-57.4629, 87.0344, 29.9545], "stabilizedTipPosition": [-60.641, 84.2915, 57.1411], "timeVisible": 6.86844, "tipPosition": [-60.5476, 84.9184, 57.7462], "tipVelocity": [-17.5384, 16.437, 16.0425], "tool": false, "touchDistance": 0.333333, "touchZone": "none", "type": 4, "width": 14.1466}], "r": [[0.241029, 0.216559, 0.946048], [-0.0222538, 0.975764, -0.217691], [-0.970263, 0.0314168, 0.240007]], "s": 0.928163, "t": [17.2468, -40.1822, -42.2169], "timestamp": 7640852789}, {"currentFrameRate": 113.707, "devices": [], "gestures": [], "hands": [{"armBasis": [[0.653156, 0.193431, -0.732101], [0.0987618, 0.936803, 0.335628], [0.750755, -0.291521, 0.592775]], "armWidth": 56.1785, "confidence": 1, "direction": [0.284502, 0.0550387, -0.957094], "elbow": [-249.048, 43.5405, 253.542], "grabAngle": 2.67934, "grabStrength": 0, "id": 76, "palmNormal": [0.0147143, -0.998484, -0.0530449], "palmPosition": [-39.543, 115.347, 52.6778], "palmVelocity": [-3.428, 2.72206, 4.15919], "palmWidth": 80.3549, "pinchDistance": 51.1529, "pinchStrength": 0.658624, "r": [[0.24111, 0.216534, 0.946033], [-0.0222171, 0.975768, -0.217677], [-0.970243, 0.0314662, 0.240078]], "s": 0.928551, "sphereCenter": [-61.4299, 74.8043, 30.9964], "sphereRadius": 47.8647, "stabilizedPalmPosition": [-39.588, 115.412, 52.4949], "t": [-17.2658, -40.1625, -42.1674], "timeVisible": 6.8807, "type": "left", "wrist": [-70.0362, 113.051, 112.199]}], "id": 98430, "interactionBox": {"center": [0, 200, 0], "size": [235.247, 235.247, 147.751]}, "pointables": [{"bases": [[[0.897186, 0.0102352, -0.441535], [-0.0509271, 0.99546, -0.0804068], [0.438707, 0.0946259, 0.893634]], [[0.998013, 0.0477353, -0.0411323], [-0.0567431, 0.964679, -0.257246], [0.0273997, 0.259069, 0.96547]], [[0.998013, 0.0477353, -0.0411323], [-0.0602836, 0.913323, -0.40275], [0.0183416, 0.404429, 0.914385]], [[0.998013, 0.0477353, -0.0411323], [-0.0628153, 0.805238, -0.589615], [0.00497582, 0.591027, 0.806637]]], "btipPosition": [-10.5828, 90.9336, -30.7015], "carpPosition": [-40.5992, 124.593, 96.0057], "dipPosition": [-10.6582, 99.8941, -18.4721], "direction": [0.0183416, -0.404429, -0.914385], "extended": true, "handId": 76, "id": 761, "length": 52.183, "mcpPosition": [-12.0962, 118.445, 37.9458], "pipPosition": [-11.0516, 108.568, 1.13934], "stabilizedTipPosition": [-10.5873, 92.7988, -27.9022], "timeVisible": 6.8807, "tipPosition": [-10.3403, 94.9158, -27.5182], "tipVelocity": [-0.143438, 7.55752, 2.86145], "tool": false, "touchDistance": 0.333333, "touchZone": "hovering", "type": 1, "width": 17.041}, {"bases": [[[0.343368, 0.904216, -0.253951], [-0.653834, 0.424245, 0.626513], [0.67424, -0.0490831, 0.736879]], [[0.158427, 0.886427, -0.434911], [-0.901607, 0.309434, 0.30225], [0.402499, 0.344234, 0.848232]], [[0.158427, 0.886427, -0.434911], [-0.987319, 0.137722, -0.0789529], [-0.0100892, 0.441904, 0.897006]], [[0.158427, 0.886427, -0.434911], [-0.90148, -0.0498273, -0.429944], [-0.402784, 0.460178, 0.791202]]], "btipPosition": [-27.1327, 68.7223, 25.2006], "carpPosition": [-36.2061, 106.824, 106.163], "dipPosition": [-18.768, 78.2789, 41.6317], "direction": [-0.0100892, -0.441904, -0.897006], "extended": false, "handId": 76, "id": 760, "length": 46.2456, "mcpPosition": [-36.2061, 106.824, 106.163], "pipPosition": [-18.4627, 91.6486, 68.7705], "stabilizedTipPosition": [-25.2812, 71.2134, 28.6623], "timeVisible": 6.8807, "tipPosition": [-18.4131, 72.8133, 28.6394], "tipVelocity": [-3.98658, 2.37397, 3.65302], "tool": false, "touchDistance": 0.339859, "touchZone": "hovering", "type": 0, "width": 17.8402}, {"bases": [[[0.943656, -0.146927, -0.296522], [0.11113, 0.984695, -0.134257], [0.31171, 0.0937398, 0.945542]], [[0.96065, -0.141042, -0.23929], [-0.216884, 0.157333, -0.963435], [0.173533, 0.977422, 0.120552]], [[0.96065, -0.141042, -0.23929], [-0.223682, -0.903571, -0.365411], [-0.164677, 0.404557, -0.899564]], [[0.96065, -0.141042, -0.23929], [-0.0661091, -0.95283, 0.296216], [-0.269781, -0.26874, -0.92466]]], "btipPosition": [-31.9719, 72.8423, 65.3738], "carpPosition": [-49.9456, 126.15, 90.6703], "dipPosition": [-27.4733, 68.361, 49.955], "direction": [-0.164677, -0.404557, 0.899564], "extended": false, "handId": 76, "id": 762, "length": 59.4584, "mcpPosition": [-30.7401, 120.374, 32.4123], "pipPosition": [-23.318, 78.5692, 27.2562], "stabilizedTipPosition": [-30.9891, 71.9218, 61.6354], "timeVisible": 6.8807, "tipPosition": [-32.8885, 71.6712, 60.8595], "tipVelocity": [-5.53796, 2.19273, 3.55602], "tool": false, "touchDistance": 0.333333, "touchZone": "none", "type": 2, "width": 16.7365}, {"bases": [[[0.968161, -0.205341, -0.143175], [0.188146, 0.974168, -0.124889], [0.165122, 0.0939744, 0.981786]], [[0.956518, -0.210607, -0.201789], [-0.187022, 0.0880392, -0.978403], [0.223823, 0.973598, 0.044823]], [[0.956518, -0.210607, -0.201789], [-0.246921, -0.952943, -0.175867], [-0.155255, 0.218046, -0.96351]], [[0.956518, -0.210607, -0.201789], [-0.11064, -0.902112, 0.417077], [-0.269876, -0.376616, -0.886187]]], "btipPosition": [-50.2784, 82.3645, 68.9661], "carpPosition": [-59.9957, 125.279, 86.6773], "dipPosition": [-45.804, 76.1205, 54.2738], "direction": [-0.155255, -0.218046, 0.96351], "extended": false, "handId": 76, "id": 763, "length": 57.1708, "mcpPosition": [-50.8615, 120.08, 32.3664], "pipPosition": [-41.9876, 81.4804, 30.5893], "stabilizedTipPosition": [-49.3306, 81.0414, 65.3237], "timeVisible": 6.8807, "tipPosition": [-49.1731, 81.1489, 65.6679], "tipVelocity": [-5.30702, 2.36785, 3.19813], "tool": false, "touchDistance": 0.333333, "touchZone": "none", "type": 3, "width": 15.9259}, {"bases": [[[0.93628, -0.351204, -0.00596538], [0.350284, 0.934821, -0.0584048], [0.0260885, 0.0525937, 0.998275]], [[0.924268, -0.355086, -0.140154], [-0.0810739, 0.176179, -0.981014], [0.373037, 0.918082, 0.134049]], [[0.924268, -0.355086, -0.140154], [-0.381481, -0.872783, -0.304504], [-0.0141988, 0.334909, -0.942144]], [[0.924268, -0.355086, -0.140154], [-0.299827, -0.902486, 0.309229], [-0.23629, -0.243788, -0.940603]]], "btipPosition": [-61.3663, 85.0022, 60.7276], "carpPosition": [-70.5462, 118.585, 85.3148], "dipPosition": [-57.7522, 81.2734, 46.3409], "direction": [-0.0141988, -0.334909, 0.942143], "extended": false, "handId": 76, "id": 764, "length": 44.8208, "mcpPosition": [-69.2102, 115.892, 34.1954], "pipPosition": [-57.5058, 87.086, 29.9895], "stabilizedTipPosition": [-60.632, 84.2789, 57.1648], "timeVisible": 6.8807, "tipPosition": [-60.6047, 84.9569, 57.7694], "tipVelocity": [-4.44881, 2.51975, 2.59821], "tool": false, "touchDistance": 0.333333, "touchZone": "none", "type": 4, "width": 14.1466}], "r": [[0.24111, 0.216534, 0.946033], [-0.0222171, 0.975768, -0.217677], [-0.970243, 0.0314662, 0.240078]], "s": 0.928551, "t": [17.2658, -40.1625, -42.1674], "timestamp": 7640865052}, {"currentFrameRate": 114.697, "devices": [], "gestures": [], "hands": [{"armBasis": [[0.653249, 0.19458, -0.731713], [0.0979257, 0.936583, 0.336485], [0.750784, -0.291462, 0.592768]], "armWidth": 56.1785, "confidence": 1, "direction": [0.285209, 0.0558034, -0.956839], "elbow": [-249.061, 43.5447, 253.633], "grabAngle": 2.67927, "grabStrength": 0, "id": 76, "palmNormal": [0.0136587, -0.998439, -0.0541582], "palmPosition": [-39.5161, 115.371, 52.7881], "palmVelocity": [3.84119, 3.4237, 15.7091], "palmWidth": 80.3549, "pinchDistance": 51.1244, "pinchStrength": 0.657911, "r": [[0.241256, 0.216354, 0.946037], [-0.0224305, 0.975815, -0.217444], [-0.970202, 0.0312395, 0.240274]], "s": 0.928922, "sphereCenter": [-61.4634, 74.866, 31.0382], "sphereRadius": 47.8928, "stabilizedPalmPosition": [-39.5849, 115.41, 52.5076], "t": [-17.2618, -40.1406, -42.0875], "timeVisible": 6.88772, "type": "left", "wrist": [-70.0433, 113.041, 112.292]}], "id": 98431, "interactionBox": {"center": [0, 200, 0], "size": [235.247, 235.247, 147.751]}, "pointables": [{"bases": [[[0.896876, 0.011713, -0.442128], [-0.0520696, 0.995494, -0.0792525], [0.439207, 0.094101, 0.893444]], [[0.997929, 0.0488659, -0.0418407], [-0.0580011, 0.964776, -0.2566], [0.0278279, 0.258495, 0.965612]], [[0.997929, 0.0488659, -0.0418407], [-0.0615669, 0.914062, -0.400874], [0.0186559, 0.40262, 0.915177]], [[0.997929, 0.0488659, -0.0418407], [-0.0641351, 0.806468, -0.58779], [0.00502024, 0.589256, 0.807931]]], "btipPosition": [-10.5188, 91.0317, -30.6112], "carpPosition": [-40.5914, 124.569, 96.1257], "dipPosition": [-10.5949, 99.9654, -18.3622], "direction": [0.0186559, -0.40262, -0.915177], "extended": true, "handId": 76, "id": 761, "length": 52.183, "mcpPosition": [-12.0559, 118.455, 38.0781], "pipPosition": [-10.995, 108.601, 1.26627], "stabilizedTipPosition": [-10.578, 92.8516, -27.8823], "timeVisible": 6.88772, "tipPosition": [-10.2817, 94.9961, -27.4115], "tipVelocity": [9.09622, 13.0889, 13.5062], "tool": false, "touchDistance": 0.333333, "touchZone": "hovering", "type": 1, "width": 17.041}, {"bases": [[[0.342208, 0.904876, -0.253165], [-0.653873, 0.422825, 0.627431], [0.674791, -0.0491739, 0.736368]], [[0.157258, 0.887112, -0.433938], [-0.901572, 0.308291, 0.303521], [0.403036, 0.343495, 0.848276]], [[0.157258, 0.887112, -0.433938], [-0.987514, 0.137122, -0.0775501], [-0.00929321, 0.440715, 0.897599]], [[0.157258, 0.887112, -0.433938], [-0.902064, -0.049803, -0.42872], [-0.401934, 0.458859, 0.7924]]], "btipPosition": [-27.0858, 68.7785, 25.2588], "carpPosition": [-36.2246, 106.784, 106.266], "dipPosition": [-18.7387, 78.3077, 41.7147], "direction": [-0.00929321, -0.440715, -0.897599], "extended": false, "handId": 76, "id": 760, "length": 46.2456, "mcpPosition": [-36.2246, 106.784, 106.266], "pipPosition": [-18.4575, 91.6415, 68.8714], "stabilizedTipPosition": [-25.2774, 71.2052, 28.6752], "timeVisible": 6.88772, "tipPosition": [-18.4392, 72.835, 28.7173], "tipVelocity": [6.10669, 7.10682, 9.09577], "tool": false, "touchDistance": 0.340165, "touchZone": "hovering", "type": 0, "width": 17.8402}, {"bases": [[[0.943616, -0.145562, -0.297323], [0.109963, 0.984967, -0.133224], [0.312246, 0.0930176, 0.945437]], [[0.960641, -0.139722, -0.240096], [-0.217759, 0.157882, -0.963148], [0.17248, 0.977523, 0.121243]], [[0.960641, -0.139722, -0.240096], [-0.22292, -0.903456, -0.36616], [-0.165756, 0.405271, -0.899044]], [[0.960641, -0.139722, -0.240096], [-0.0646754, -0.953044, 0.295845], [-0.270158, -0.268672, -0.92457]]], "btipPosition": [-32.0043, 72.856, 65.4516], "carpPosition": [-49.9325, 126.143, 90.7857], "dipPosition": [-27.4994, 68.3758, 50.0343], "direction": [-0.165756, -0.405271, 0.899044], "extended": false, "handId": 76, "id": 762, "length": 59.4584, "mcpPosition": [-30.6939, 120.411, 32.5342], "pipPosition": [-23.3169, 78.6021, 27.3486], "stabilizedTipPosition": [-30.9881, 71.9173, 61.6478], "timeVisible": 6.88772, "tipPosition": [-32.9129, 71.679, 60.9262], "tipVelocity": [-4.40654, 1.98954, 11.1232], "tool": false, "touchDistance": 0.333333, "touchZone": "none", "type": 2, "width": 16.7365}, {"bases": [[[0.968288, -0.204121, -0.144059], [0.186997, 0.974513, -0.12392], [0.165682, 0.0930512, 0.981779]], [[0.956611, -0.209333, -0.202671], [-0.187857, 0.0885946, -0.978193], [0.222724, 0.973823, 0.0454259]], [[0.956611, -0.209333, -0.202671], [-0.245994, -0.953019, -0.176751], [-0.15615, 0.218938, -0.963163]], [[0.956611, -0.209333, -0.202671], [-0.109298, -0.902598, 0.416378], [-0.270093, -0.37616, -0.886314]]], "btipPosition": [-50.3017, 82.3854, 69.0438], "carpPosition": [-59.9809, 125.287, 86.785], "dipPosition": [-45.8237, 76.1489, 54.3494], "direction": [-0.15615, -0.218938, 0.963163], "extended": false, "handId": 76, "id": 763, "length": 57.1708, "mcpPosition": [-50.8156, 120.139, 32.4744], "pipPosition": [-41.9854, 81.5307, 30.6734], "stabilizedTipPosition": [-49.3284, 81.0381, 65.3362], "timeVisible": 6.88772, "tipPosition": [-49.1923, 81.1688, 65.7331], "tipVelocity": [-3.20124, 3.22082, 10.9956], "tool": false, "touchDistance": 0.333333, "touchZone": "none", "type": 3, "width": 15.9259}, {"bases": [[[0.936659, -0.350172, -0.0069921], [0.349222, 0.935268, -0.0575894], [0.0267057, 0.0514999, 0.998316]], [[0.924564, -0.353917, -0.141152], [-0.0819843, 0.176993, -0.980791], [0.372102, 0.918377, 0.134626]], [[0.924564, -0.353917, -0.141152], [-0.380729, -0.872755, -0.305523], [-0.0150616, 0.336216, -0.941665]], [[0.924564, -0.353917, -0.141152], [-0.298676, -0.903198, 0.308263], [-0.236588, -0.24285, -0.940771]]], "btipPosition": [-61.3751, 85.0332, 60.7946], "carpPosition": [-70.5377, 118.606, 85.4079], "dipPosition": [-57.7565, 81.3188, 46.4054], "direction": [-0.0150616, -0.336216, 0.941665], "extended": false, "handId": 76, "id": 764, "length": 44.8208, "mcpPosition": [-69.1702, 115.969, 34.2863], "pipPosition": [-57.4951, 87.154, 30.0623], "stabilizedTipPosition": [-60.6284, 84.2749, 57.1776], "timeVisible": 6.88772, "tipPosition": [-60.6143, 84.9978, 57.831], "tipVelocity": [-1.10049, 4.88313, 9.46514], "tool": false, "touchDistance": 0.333333, "touchZone": "none", "type": 4, "width": 14.1466}], "r": [[0.241256, 0.216354, 0.946037], [-0.0224305, 0.975815, -0.217444], [-0.970202, 0.0312395, 0.240274]], "s": 0.928922, "t": [17.2618, -40.1406, -42.0875], "timestamp": 7640872074}, {"currentFrameRate": 109.732, "devices": [], "gestures": [], "hands": [{"armBasis": [[0.653877, 0.196346, -0.73068], [0.0970407, 0.936, 0.338359], [0.750352, -0.292151, 0.592975]], "armWidth": 56.1785, "confidence": 1, "direction": [0.285718, 0.0575992, -0.956581], "elbow": [-249.007, 43.378, 253.745], "grabAngle": 2.6799, "grabStrength": 0, "id": 76, "palmNormal": [0.012616, -0.998332, -0.0563449], "palmPosition": [-39.5466, 115.468, 52.8616], "palmVelocity": [-1.72168, 5.43495, 4.13575], "palmWidth": 80.3549, "pinchDistance": 51.1086, "pinchStrength": 0.657661, "r": [[0.241414, 0.215846, 0.946113], [-0.0228304, 0.975943, -0.216826], [-0.970154, 0.0307447, 0.240534]], "s": 0.929186, "sphereCenter": [-61.5054, 75.0341, 31.0212], "sphereRadius": 47.8801, "stabilizedPalmPosition": [-39.5812, 115.416, 52.5416], "t": [-17.2751, -40.0814, -42.0108], "timeVisible": 6.90549, "type": "left", "wrist": [-70.0915, 113.039, 112.355]}], "id": 98432, "interactionBox": {"center": [0, 200, 0], "size": [235.247, 235.247, 147.751]}, "pointables": [{"bases": [[[0.896655, 0.0136443, -0.44252], [-0.0531718, 0.995609, -0.0770412], [0.439526, 0.0926089, 0.893443]], [[0.997846, 0.0500061, -0.0424545], [-0.0592396, 0.964907, -0.255824], [0.0281719, 0.257788, 0.965791]], [[0.997846, 0.0500061, -0.0424545], [-0.0628202, 0.914792, -0.39901], [0.0188842, 0.400817, 0.915963]], [[0.997846, 0.0500061, -0.0424545], [-0.0654115, 0.807184, -0.586665], [0.00493181, 0.588178, 0.808716]]], "btipPosition": [-10.5225, 91.2131, -30.5536], "carpPosition": [-40.6325, 124.572, 96.2188], "dipPosition": [-10.5973, 100.13, -18.2927], "direction": [0.0188842, -0.400817, -0.915963], "extended": true, "handId": 76, "id": 761, "length": 52.183, "mcpPosition": [-12.0763, 118.555, 38.1712], "pipPosition": [-11.0023, 108.727, 1.35257], "stabilizedTipPosition": [-10.5636, 93.006, -