{"frames": 89, "data": [{"currentFrameRate": 111.239, "devices": [], "gestures": [], "hands": [{"armBasis": [[0.676522, 0.205312, -0.707223], [0.379947, 0.72535, 0.574028], [0.630839, -0.65705, 0.412708]], "armWidth": 57.8468, "confidence": 1, "direction": [0.314333, 0.480905, -0.818489], "elbow": [-219.703, 98.1843, 172.714], "grabAngle": 0.38458, "grabStrength": 0, "id": 80, "palmNormal": [0.313567, -0.866396, -0.38863], "palmPosition": [-45.0949, 279.005, 30.4635], "palmVelocity": [-1.0121, -32.3677, -10.5252], "palmWidth": 77.077, "pinchDistance": 39.0501, "pinchStrength": 0, "r": [[0.992516, 0.0604047, -0.106131], [-0.0585545, 0.998074, 0.0204667], [0.107163, -0.014099, 0.994141]], "s": 0.880453, "sphereCenter": [36.9515, 140.485, -18.8292], "sphereRadius": 169.718, "stabilizedPalmPosition": [-44.6201, 279.655, 31.0222], "t": [133.135, 137.406, 98.562], "timeVisible": 4.54429, "type": "left", "wrist": [-75.3973, 248.485, 78.3061]}], "id": 103227, "interactionBox": {"center": [0, 200, 0], "size": [235.247, 235.247, 147.751]}, "pointables": [{"bases": [[[0.579687, 0.814649, 0.0176202], [-0.458215, 0.308023, 0.833763], [0.673797, -0.491395, 0.551841]], [[0.597735, 0.801032, 0.0325696], [-0.357569, 0.230019, 0.905116], [0.717536, -0.552665, 0.423915]], [[0.597735, 0.801032, 0.0325696], [-0.723919, 0.521845, 0.451242], [0.344463, -0.293301, 0.891807]], [[0.597735, 0.801032, 0.0325696], [-0.801187, 0.598308, -0.0112627], [-0.0285085, -0.0193622, 0.999406]]], "btipPosition": [-3.37574, 285.182, 13.5674], "carpPosition": [-42.8106, 253.232, 75.6361], "dipPosition": [-2.82829, 284.81, 32.759], "direction": [0.344463, 0.293301, -0.891807], "extended": false, "handId": 80, "id": 800, "length": 42.7622, "mcpPosition": [-42.8106, 253.232, 75.6361], "pipPosition": [-12.465, 276.605, 57.7081], "stabilizedTipPosition": [-2.79393, 285.815, 18.4392], "timeVisible": 4.54429, "tipPosition": [-2.99923, 282.274, 15.3074], "tipVelocity": [-2.13269, -35.1027, -7.77812], "tool": false, "touchDistance": 0.280395, "touchZone": "hovering", "type": 0, "width": 18.9223}, {"bases": [[[0.830533, -0.0518379, -0.554552], [0.241814, 0.930485, 0.275178], [0.501738, -0.362643, 0.785334]], [[0.933325, -0.14548, -0.328238], [0.191229, 0.975188, 0.11153], [0.303869, -0.166862, 0.937988]], [[0.933325, -0.14548, -0.328238], [0.16261, 0.986369, 0.0251981], [0.320098, -0.076893, 0.944259]], [[0.933325, -0.14548, -0.328238], [0.141442, 0.989281, -0.0362833], [0.329998, -0.0125626, 0.943898]]], "btipPosition": [1.68127, 301.212, -42.2117], "carpPosition": [-51.2734, 271.029, 71.7549], "dipPosition": [-2.94496, 301.036, -28.9792], "direction": [0.320098, 0.076893, -0.944259], "extended": true, "handId": 80, "id": 801, "length": 48.2524, "mcpPosition": [-20.0049, 293.629, 22.8127], "pipPosition": [-9.29319, 299.511, -10.2526], "stabilizedTipPosition": [0.811382, 301.565, -38.9437], "timeVisible": 4.54429, "tipPosition": [0.631346, 301.276, -43.1809], "tipVelocity": [0.594052, -26.4715, -9.39402], "tool": false, "touchDistance": 0.304633, "touchZone": "hovering", "type": 1, "width": 18.0746}, {"bases": [[[0.83721, -0.258216, -0.482083], [0.389702, 0.900138, 0.194638], [0.383683, -0.350821, 0.854232]], [[0.865496, -0.285742, -0.411422], [0.336407, 0.940124, 0.0547536], [0.371142, -0.185794, 0.909799]], [[0.865496, -0.285742, -0.411422], [0.291626, 0.955228, -0.0499412], [0.407272, -0.0767575, 0.910076]], [[0.865496, -0.285742, -0.411422], [0.265593, 0.958158, -0.106741], [0.424707, -0.0168873, 0.905173]]], "btipPosition": [-6.53888, 302.15, -55.6214], "carpPosition": [-59.9441, 272.017, 66.0367], "dipPosition": [-13.0875, 301.889, -41.6645], "direction": [0.407272, 0.0767575, -0.910076], "extended": true, "handId": 80, "id": 802, "length": 54.9797, "mcpPosition": [-37.2685, 292.75, 15.5516], "pipPosition": [-22.5901, 300.098, -20.4301], "stabilizedTipPosition": [-7.83596, 302.571, -52.1815], "timeVisible": 4.54429, "tipPosition": [-6.75497, 300.226, -56.8016], "tipVelocity": [-1.00791, -29.149, -11.3843], "tool": false, "touchDistance": 0.30662, "touchZone": "hovering", "type": 2, "width": 17.7516}, {"bases": [[[0.852771, -0.374145, -0.364413], [0.460553, 0.867747, 0.18683], [0.246317, -0.327155, 0.912303]], [[0.830782, -0.347283, -0.434966], [0.397743, 0.917085, 0.0274716], [0.389361, -0.195828, 0.900028]], [[0.830782, -0.347283, -0.434966], [0.337748, 0.935696, -0.101978], [0.442411, -0.0621879, 0.894653]], [[0.830782, -0.347283, -0.434966], [0.30581, 0.937753, -0.164622], [0.465061, 0.00374769, 0.885271]]], "btipPosition": [-24.1177, 296.167, -54.7121], "carpPosition": [-68.6474, 270.272, 60.5987], "dipPosition": [-31.2473, 296.224, -41.1404], "direction": [0.442411, 0.0621879, -0.894653], "extended": true, "handId": 80, "id": 803, "length": 52.8645, "mcpPosition": [-55.5773, 287.632, 12.1901], "pipPosition": [-41.3032, 294.811, -20.8051], "stabilizedTipPosition": [-25.5081, 296.699, -51.3191], "timeVisible": 4.54429, "tipPosition": [-24.5325, 293.054, -55.1935], "tipVelocity": [-1.91271, -29.0097, -12.5977], "tool": false, "touchDistance": 0.303147, "touchZone": "hovering", "type": 3, "width": 16.8918}, {"bases": [[[0.787651, -0.547694, -0.282202], [0.607524, 0.766655, 0.207737], [0.102575, -0.335068, 0.936594]], [[0.745391, -0.459914, -0.482568], [0.55205, 0.831641, 0.0601149], [0.373676, -0.311211, 0.873793]], [[0.745391, -0.459914, -0.482568], [0.465507, 0.87727, -0.117048], [0.477174, -0.137392, 0.868002]], [[0.745391, -0.459914, -0.482568], [0.412751, 0.886854, -0.20767], [0.523478, -0.0443849, 0.850883]]], "btipPosition": [-45.3663, 290.799, -41.8192], "carpPosition": [-76.3074, 262.479, 55.5003], "dipPosition": [-52.7698, 290.171, -29.7852], "direction": [0.477174, 0.137392, -0.868002], "extended": true, "handId": 80, "id": 804, "length": 41.4448, "mcpPosition": [-71.269, 278.937, 9.49587], "pipPosition": [-60.4276, 287.966, -15.8552], "stabilizedTipPosition": [-46.6893, 291.357, -38.6504], "timeVisible": 4.54429, "tipPosition": [-46.5084, 288.531, -42.0319], "tipVelocity": [-2.21941, -32.4848, -12.8567], "tool": false, "touchDistance": 0.296702, "touchZone": "hovering", "type": 4, "width": 15.0046}], "r": [[0.992516, 0.0604047, -0.106131], [-0.0585545, 0.998074, 0.0204667], [0.107163, -0.014099, 0.994141]], "s": 0.880453, "t": [-133.135, 137.406, 98.562], "timestamp": 7683354573}, {"currentFrameRate": 111.494, "devices": [], "gestures": [], "hands": [{"armBasis": [[0.676368, 0.204511, -0.707603], [0.3797, 0.726386, 0.572879], [0.631153, -0.656154, 0.413651]], "armWidth": 57.8473, "confidence": 1, "direction": [0.314672, 0.480369, -0.818674], "elbow": [-219.807, 98.1585, 172.806], "grabAngle": 0.380751, "grabStrength": 0, "id": 80, "palmNormal": [0.313447, -0.866692, -0.388066], "palmPosition": [-45.1355, 278.705, 30.3474], "palmVelocity": [-4.76141, -35.1536, -13.6225], "palmWidth": 77.066, "pinchDistance": 38.7887, "pinchStrength": 0, "r": [[0.99249, 0.0604309, -0.106357], [-0.0586184, 0.998078, 0.0200887], [0.107367, -0.0137033, 0.994125]], "s": 0.880829, "sphereCenter": [37.504, 139.161, -19.0546], "sphereRadius": 170.908, "stabilizedPalmPosition": [-44.6636, 279.574, 30.9652], "t": [133.101, 137.139, 98.4622], "timeVisible": 4.55281, "type": "left", "wrist": [-75.4529, 248.231, 78.1973]}], "id": 103228, "interactionBox": {"center": [0, 200, 0], "size": [235.247, 235.247, 147.751]}, "pointables": [{"bases": [[[0.579482, 0.814807, 0.0170145], [-0.458075, 0.308369, 0.833712], [0.674068, -0.490915, 0.551937]], [[0.597732, 0.801052, 0.0321297], [-0.357002, 0.230077, 0.905326], [0.71782, -0.552613, 0.423501]], [[0.597732, 0.801052, 0.0321297], [-0.723745, 0.521942, 0.451408], [0.344831, -0.293075, 0.891739]], [[0.597732, 0.801052, 0.0321297], [-0.801187, 0.5983, -0.0116356], [-0.0285439, -0.018787, 0.999416]]], "btipPosition": [-3.41979, 284.887, 13.4883], "carpPosition": [-42.8701, 252.961, 75.5278], "dipPosition": [-2.87175, 284.526, 32.677], "direction": [0.344831, 0.293075, -0.891739], "extended": false, "handId": 80, "id": 800, "length": 42.7553, "mcpPosition": [-42.8701, 252.961, 75.5278], "pipPosition": [-12.5172, 276.328, 57.6201], "stabilizedTipPosition": [-2.85233, 285.697, 18.3764], "timeVisible": 4.55281, "tipPosition": [-3.03564, 281.963, 15.2075], "tipVelocity": [-5.15386, -34.392, -9.36174], "tool": false, "touchDistance": 0.279066, "touchZone": "hovering", "type": 0, "width": 18.9237}, {"bases": [[[0.8304, -0.0519333, -0.554742], [0.241648, 0.9307, 0.274597], [0.502037, -0.362078, 0.785403]], [[0.933259, -0.145403, -0.328459], [0.191434, 0.975062, 0.112285], [0.303941, -0.167669, 0.93782]], [[0.933259, -0.145403, -0.328459], [0.163193, 0.986222, 0.0271], [0.319993, -0.0788933, 0.944129]], [[0.933259, -0.145403, -0.328459], [0.142155, 0.98926, -0.0340191], [0.329877, -0.0149434, 0.943906]]], "btipPosition": [1.63774, 301, -42.3092], "carpPosition": [-51.3264, 270.755, 71.6358], "dipPosition": [-2.98605, 300.791, -29.0788], "direction": [0.319993, 0.0788933, -0.944129], "extended": true, "handId": 80, "id": 801, "length": 48.2445, "mcpPosition": [-20.0437, 293.317, 22.6963], "pipPosition": [-9.33116, 299.226, -10.3577], "stabilizedTipPosition": [0.779759, 301.483, -38.9867], "timeVisible": 4.55281, "tipPosition": [0.615511, 300.924, -43.2616], "tipVelocity": [-5.04288, -25.8138, -11.4948], "tool": false, "touchDistance": 0.303, "touchZone": "hovering", "type": 1, "width": 18.0759}, {"bases": [[[0.837149, -0.258269, -0.48216], [0.389522, 0.900346, 0.194035], [0.383998, -0.350248, 0.854325]], [[0.865447, -0.285733, -0.411532], [0.336739, 0.939959, 0.0555298], [0.370956, -0.186637, 0.909702]], [[0.865447, -0.285733, -0.411532], [0.292505, 0.95506, -0.0479801], [0.406747, -0.0788507, 0.910132]], [[0.865447, -0.285733, -0.411532], [0.266793, 0.958108, -0.104168], [0.424056, -0.0196415, 0.905423]]], "btipPosition": [-6.60786, 301.961, -55.7305], "carpPosition": [-59.9938, 271.742, 65.9157], "dipPosition": [-13.1454, 301.658, -41.7719], "direction": [0.406747, 0.0788507, -0.910132], "extended": true, "handId": 80, "id": 802, "length": 54.9708, "mcpPosition": [-37.3028, 292.438, 15.4323], "pipPosition": [-22.6342, 299.819, -20.5398], "stabilizedTipPosition": [-7.87656, 302.471, -52.2313], "timeVisible": 4.55281, "tipPosition": [-6.78179, 299.89, -56.8713], "tipVelocity": [-7.79511, -23.3173, -12.7579], "tool": false, "touchDistance": 0.304808, "touchZone": "hovering", "type": 2, "width": 17.7529}, {"bases": [[[0.852771, -0.374129, -0.36443], [0.460379, 0.867969, 0.186226], [0.246641, -0.326584, 0.91242]], [[0.830721, -0.347272, -0.435093], [0.398215, 0.916849, 0.0285224], [0.389009, -0.196955, 0.899934]], [[0.830721, -0.347272, -0.435093], [0.338894, 0.935532, -0.0996525], [0.44165, -0.0646667, 0.894854]], [[0.830721, -0.347272, -0.435093], [0.307512, 0.937765, -0.161351], [0.464047, 0.0002416, 0.885811]]], "btipPosition": [-24.2004, 296.009, -54.8314], "carpPosition": [-68.6946, 269.997, 60.4772], "dipPosition": [-31.3133, 296.012, -41.2537], "direction": [0.44165, 0.0646667, -0.894854], "extended": true, "handId": 80, "id": 803, "length": 52.8559, "mcpPosition": [-55.6092, 287.323, 12.0694], "pipPosition": [-41.3503, 294.543, -20.917], "stabilizedTipPosition": [-25.5532, 296.604, -51.3726], "timeVisible": 4.55281, "tipPosition": [-24.563, 292.743, -55.2668], "tipVelocity": [-9.26027, -20.0391, -13.8351], "tool": false, "touchDistance": 0.301182, "touchZone": "hovering", "type": 3, "width": 16.893}, {"bases": [[[0.787717, -0.547649, -0.282105], [0.607382, 0.766927, 0.207151], [0.102908, -0.334521, 0.936753]], [[0.745288, -0.459838, -0.482798], [0.552474, 0.831289, 0.0610894], [0.373253, -0.312263, 0.873598]], [[0.745288, -0.459838, -0.482798], [0.466728, 0.876926, -0.114742], [0.476141, -0.13982, 0.868182]], [[0.745288, -0.459838, -0.482798], [0.41468, 0.886712, -0.204409], [0.522098, -0.0478632, 0.851541]]], "btipPosition": [-45.4497, 290.611, -41.9371], "carpPosition": [-76.3539, 262.203, 55.3819], "dipPosition": [-52.8326, 289.934, -29.8956], "direction": [0.476141, 0.13982, -0.868182], "extended": true, "handId": 80, "id": 804, "length": 41.438, "mcpPosition": [-71.2999, 278.632, 9.37625], "pipPosition": [-60.4726, 287.69, -15.9651], "stabilizedTipPosition": [-46.7358, 291.266, -38.7028], "timeVisible": 4.55281, "tipPosition": [-46.5336, 288.214, -42.1239], "tipVelocity": [-9.23707, -23.3591, -13.6305], "tool": false, "touchDistance": 0.294766, "touchZone": "hovering", "type": 4, "width": 15.0057}], "r": [[0.99249, 0.0604309, -0.106357], [-0.0586184, 0.998078, 0.0200887], [0.107367, -0.0137033, 0.994125]], "s": 0.880829, "t": [-133.101, 137.139, 98.4622], "timestamp": 7683363094}, {"currentFrameRate": 111.656, "devices": [], "gestures": [], "hands": [{"armBasis": [[0.676079, 0.203509, -0.708168], [0.379704, 0.727436, 0.571544], [0.631461, -0.655303, 0.414531]], "armWidth": 57.8483, "confidence": 1, "direction": [0.314617, 0.479386, -0.819271], "elbow": [-219.882, 98.1785, 172.923], "grabAngle": 0.377818, "grabStrength": 0, "id": 80, "palmNormal": [0.313601, -0.867131, -0.386961], "palmPosition": [-45.1649, 278.445, 30.2459], "palmVelocity": [-3.39117, -29.9809, -11.7038], "palmWidth": 77.0518, "pinchDistance": 38.5802, "pinchStrength": 0, "r": [[0.992471, 0.0603921, -0.10656], [-0.0586366, 0.998088, 0.0195342], [0.107536, -0.0131389, 0.994114]], "s": 0.881272, "sphereCenter": [37.9662, 138.022, -19.1756], "sphereRadius": 171.898, "stabilizedPalmPosition": [-44.706, 279.479, 30.9044], "t": [133.069, 136.875, 98.3616], "timeVisible": 4.56148, "type": "left", "wrist": [-75.4783, 248.035, 78.1273]}], "id": 103229, "interactionBox": {"center": [0, 200, 0], "size": [235.247, 235.247, 147.751]}, "pointables": [{"bases": [[[0.579617, 0.814733, 0.0159674], [-0.457999, 0.309498, 0.833335], [0.674003, -0.490328, 0.552537]], [[0.597793, 0.801049, 0.0310391], [-0.356525, 0.230984, 0.905282], [0.718006, -0.552238, 0.423675]], [[0.597793, 0.801049, 0.0310391], [-0.723591, 0.522514, 0.450993], [0.345049, -0.29206, 0.891987]], [[0.597793, 0.801049, 0.0310391], [-0.801138, 0.598347, -0.0125937], [-0.0286603, -0.0173381, 0.999439]]], "btipPosition": [-3.44072, 284.611, 13.4079], "carpPosition": [-42.8969, 252.762, 75.4524], "dipPosition": [-2.89054, 284.278, 32.5939], "direction": [0.345049, 0.29206, -0.891988], "extended": false, "handId": 80, "id": 800, "length": 42.7483, "mcpPosition": [-42.8969, 252.762, 75.4524], "pipPosition": [-12.5405, 276.11, 57.5399], "stabilizedTipPosition": [-2.90667, 285.56, 18.311], "timeVisible": 4.56148, "tipPosition": [-3.06562, 281.696, 15.1083], "tipVelocity": [-2.35611, -31.0379, -9.3375], "tool": false, "touchDistance": 0.277716, "touchZone": "hovering", "type": 0, "width": 18.9252}, {"bases": [[[0.830375, -0.0527715, -0.5547], [0.24181, 0.931007, 0.273413], [0.502001, -0.361167, 0.785846]], [[0.933206, -0.145947, -0.32837], [0.192074, 0.974904, 0.112557], [0.303702, -0.16811, 0.937819]], [[0.933206, -0.145947, -0.32837], [0.164125, 0.986037, 0.0281798], [0.319672, -0.0801912, 0.944129]], [[0.933206, -0.145947, -0.32837], [0.143167, 0.989156, -0.0327677], [0.329592, -0.0164328, 0.943981]]], "btipPosition": [1.58024, 300.793, -42.4177], "carpPosition": [-51.3535, 270.548, 71.5363], "dipPosition": [-3.03879, 300.563, -29.1884], "direction": [0.319672, 0.0801912, -0.944129], "extended": true, "handId": 80, "id": 801, "length": 48.2367, "mcpPosition": [-20.0789, 293.049, 22.5781], "pipPosition": [-9.37651, 298.973, -10.4704], "stabilizedTipPosition": [0.746675, 301.389, -39.0357], "timeVisible": 4.56148, "tipPosition": [0.584009, 300.58, -43.3546], "tipVelocity": [-6.50363, -24.3947, -12.5407], "tool": false, "touchDistance": 0.301187, "touchZone": "hovering", "type": 1, "width": 18.0774}, {"bases": [[[0.837092, -0.259017, -0.481858], [0.389676, 0.900527, 0.192885], [0.383965, -0.349231, 0.854756]], [[0.865342, -0.286349, -0.411323], [0.33742, 0.939706, 0.055674], [0.370581, -0.186966, 0.909788]], [[0.865342, -0.286349, -0.411323], [0.293643, 0.954764, -0.0469068], [0.406148, -0.0801918, 0.910282]], [[0.865342, -0.286349, -0.411323], [0.268137, 0.957887, -0.102742], [0.423421, -0.0213841, 0.905681]]], "btipPosition": [-6.68383, 301.751, -55.8462], "carpPosition": [-60.0201, 271.526, 65.8154], "dipPosition": [-13.2105, 301.421, -41.886], "direction": [0.406148, 0.0801918, -0.910282], "extended": true, "handId": 80, "id": 802, "length": 54.9618, "mcpPosition": [-37.3352, 292.159, 15.3158], "pipPosition": [-22.6838, 299.551, -20.6538], "stabilizedTipPosition": [-7.91948, 302.36, -52.2876], "timeVisible": 4.56148, "tipPosition": [-6.82567, 299.548, -56.9554], "tipVelocity": [-8.47084, -24.9209, -13.2978], "tool": false, "touchDistance": 0.302886, "touchZone": "hovering", "type": 2, "width": 17.7544}, {"bases": [[[0.852699, -0.37473, -0.363981], [0.460528, 0.868128, 0.185115], [0.246614, -0.325471, 0.912825]], [[0.830603, -0.347905, -0.434811], [0.398942, 0.916525, 0.0287454], [0.388515, -0.19734, 0.900063]], [[0.830603, -0.347905, -0.434811], [0.340142, 0.935199, -0.09852], [0.44091, -0.0660664, 0.895116]], [[0.830603, -0.347905, -0.434811], [0.309111, 0.937528, -0.15966], [0.463194, -0.00179107, 0.886255]]], "btipPosition": [-24.2823, 295.798, -54.948], "carpPosition": [-68.7195, 269.773, 60.3797], "dipPosition": [-31.381, 295.771, -41.3657], "direction": [0.44091, 0.0660663, -0.895116], "extended": true, "handId": 80, "id": 803, "length": 52.8472, "mcpPosition": [-55.638, 287.037, 11.9593], "pipPosition": [-41.3996, 294.27, -21.0265], "stabilizedTipPosition": [-25.6005, 296.498, -51.4316], "timeVisible": 4.56148, "tipPosition": [-24.6055, 292.412, -55.3498], "tipVelocity": [-9.06754, -25.0876, -13.3278], "tool": false, "touchDistance": 0.299256, "touchZone": "hovering", "type": 3, "width": 16.8944}, {"bases": [[[0.787618, -0.548135, -0.281435], [0.607514, 0.767088, 0.206163], [0.10288, -0.333353, 0.937172]], [[0.74512, -0.460445, -0.48248], [0.553064, 0.830889, 0.0611849], [0.372715, -0.312432, 0.873768]], [[0.74512, -0.460445, -0.48248], [0.467883, 0.87643, -0.113826], [0.47527, -0.14093, 0.86848]], [[0.74512, -0.460445, -0.48248], [0.416264, 0.886301, -0.202963], [0.521076, -0.0496072, 0.852068]]], "btipPosition": [-45.523, 290.365, -42.045], "carpPosition": [-76.3767, 261.973, 55.2948], "dipPosition": [-52.8902, 289.664, -29.9981], "direction": [0.47527, 0.14093, -0.86848], "extended": true, "handId": 80, "id": 804, "length": 41.4313, "mcpPosition": [-71.325, 278.342, 9.27709], "pipPosition": [-60.515, 287.403, -16.065], "stabilizedTipPosition": [-46.7841, 291.159, -38.7602], "timeVisible": 4.56148, "tipPosition": [-46.5671, 287.878, -42.2167], "tipVelocity": [-8.03714, -28.9473, -12.2959], "tool": false, "touchDistance": 0.292989, "touchZone": "hovering", "type": 4, "width": 15.007}], "r": [[0.992471, 0.0603921, -0.10656], [-0.0586366, 0.998088, 0.0195342], [0.107536, -0.0131389, 0.994114]], "s": 0.881272, "t": [-133.069, 136.875, 98.3616], "timestamp": 7683371767}, {"currentFrameRate": 111.364, "devices": [], "gestures": [], "hands": [{"armBasis": [[0.675659, 0.201845, -0.709044], [0.380494, 0.728306, 0.569907], [0.631434, -0.65485, 0.415286]], "armWidth": 57.8469, "confidence": 1, "direction": [0.314604, 0.47828, -0.819922], "elbow": [-219.906, 98.0656, 173.05], "grabAngle": 0.372685, "grabStrength": 0, "id": 80, "palmNormal": [0.314501, -0.867514, -0.385368], "palmPosition": [-45.2264, 278.138, 30.1901], "palmVelocity": [-6.48219, -32.3237, -5.87874], "palmWidth": 77.0371, "pinchDistance": 38.3321, "pinchStrength": 0, "r": [[0.992455, 0.0601608, -0.106834], [-0.0584839, 0.998112, 0.0187634], [0.107761, -0.0123737, 0.9941]], "s": 0.881857, "sphereCenter": [38.8606, 136.352, -19.2441], "sphereRadius": 173.522, "stabilizedPalmPosition": [-44.755, 279.352, 30.8371], "t": [133.023, 136.589, 98.2834], "timeVisible": 4.57098, "type": "left", "wrist": [-75.5347, 247.791, 78.0989]}], "id": 103230, "interactionBox": {"center": [0, 200, 0], "size": [235.247, 235.247, 147.751]}, "pointables": [{"bases": [[[0.580299, 0.814277, 0.014338], [-0.457352, 0.311266, 0.833032], [0.673856, -0.489966, 0.553039]], [[0.5985, 0.800582, 0.0294476], [-0.355295, 0.232308, 0.905427], [0.718027, -0.552361, 0.423479]], [[0.5985, 0.800582, 0.0294476], [-0.72278, 0.523753, 0.450857], [0.345525, -0.291122, 0.89211]], [[0.5985, 0.800582, 0.0294476], [-0.800621, 0.599021, -0.0133793], [-0.028351, -0.0155689, 0.999477]]], "btipPosition": [-3.4897, 284.325, 13.4031], "carpPosition": [-42.9588, 252.537, 75.4321], "dipPosition": [-2.94556, 284.027, 32.5863], "direction": [0.345525, 0.291122, -0.89211], "extended": false, "handId": 80, "id": 800, "length": 42.7405, "mcpPosition": [-42.9588, 252.537, 75.4321], "pipPosition": [-12.607, 275.886, 57.5312], "stabilizedTipPosition": [-2.96631, 285.39, 18.2464], "timeVisible": 4.57098, "tipPosition": [-3.12348, 281.407, 15.075], "tipVelocity": [-5.30674, -29.2726, -0.58123], "tool": false, "touchDistance": 0.277624, "touchZone": "hovering", "type": 0, "width": 18.926}, {"bases": [[[0.830071, -0.0543848, -0.554999], [0.242709, 0.93126, 0.271747], [0.50207, -0.360273, 0.786212]], [[0.932929, -0.147266, -0.328567], [0.193466, 0.974637, 0.112485], [0.303668, -0.168507, 0.937758]], [[0.932929, -0.147266, -0.328567], [0.165983, 0.985687, 0.0294952], [0.319521, -0.0820533, 0.94402]], [[0.932929, -0.147266, -0.328567], [0.145201, 0.988918, -0.030959], [0.329485, -0.0188258, 0.943973]]], "btipPosition": [1.49596, 300.575, -42.4685], "carpPosition": [-51.4265, 270.307, 71.4827], "dipPosition": [-3.12074, 300.311, -29.2417], "direction": [0.319521, 0.0820533, -0.94402], "extended": true, "handId": 80, "id": 801, "length": 48.2279, "mcpPosition": [-20.1536, 292.747, 22.5112], "pipPosition": [-9.45431, 298.685, -10.5292], "stabilizedTipPosition": [0.704313, 301.271, -39.0887], "timeVisible": 4.57098, "tipPosition": [0.537517, 300.192, -43.3825], "tipVelocity": [-8.82295, -23.8278, -5.41155], "tool": false, "touchDistance": 0.300331, "touchZone": "hovering", "type": 1, "width": 18.0781}, {"bases": [[[0.836651, -0.260514, -0.481817], [0.390513, 0.900523, 0.191201], [0.384077, -0.348124, 0.855158]], [[0.864883, -0.287722, -0.411332], [0.338887, 0.939182, 0.0556096], [0.370315, -0.187491, 0.909788]], [[0.864883, -0.287722, -0.411332], [0.29591, 0.954145, -0.0452228], [0.405482, -0.0826046, 0.910363]], [[0.864883, -0.287722, -0.411332], [0.270842, 0.957394, -0.100204], [0.422638, -0.0247414, 0.905961]]], "btipPosition": [-6.79485, 301.55, -55.9117], "carpPosition": [-60.0897, 271.268, 65.7572], "dipPosition": [-13.3082, 301.169, -41.9497], "direction": [0.405482, 0.0826046, -0.910363], "extended": true, "handId": 80, "id": 802, "length": 54.9518, "mcpPosition": [-37.4025, 291.831, 15.2436], "pipPosition": [-22.7643, 299.242, -20.7195], "stabilizedTipPosition": [-7.97461, 302.227, -52.3485], "timeVisible": 4.57098, "tipPosition": [-6.88376, 299.16, -56.9679], "tipVelocity": [-11.3753, -22.4003, -6.85969], "tool": false, "touchDistance": 0.301801, "touchZone": "hovering", "type": 2, "width": 17.7551}, {"bases": [[[0.852217, -0.376043, -0.363755], [0.461334, 0.868053, 0.183452], [0.246773, -0.324154, 0.913251]], [[0.830051, -0.349251, -0.434787], [0.400585, 0.915796, 0.029126], [0.388004, -0.198345, 0.900062]], [[0.830051, -0.349251, -0.434787], [0.342806, 0.93447, -0.0961806], [0.439887, -0.0692128, 0.895382]], [[0.830051, -0.349251, -0.434787], [0.312516, 0.937008, -0.156045], [0.461898, -0.00635288, 0.88691]]], "btipPosition": [-24.408, 295.627, -55.0235], "carpPosition": [-68.7836, 269.499, 60.3215], "dipPosition": [-31.4855, 295.53, -41.4337], "direction": [0.439887, 0.0692128, -0.895382], "extended": true, "handId": 80, "id": 803, "length": 52.8376, "mcpPosition": [-55.6961, 286.69, 11.8877], "pipPosition": [-41.479, 293.958, -21.0921], "stabilizedTipPosition": [-25.6604, 296.375, -51.4958], "timeVisible": 4.57098, "tipPosition": [-24.6617, 292.04, -55.3604], "tipVelocity": [-12.7246, -19.7043, -7.77282], "tool": false, "touchDistance": 0.298026, "touchZone": "hovering", "type": 3, "width": 16.8951}, {"bases": [[[0.787032, -0.549256, -0.280889], [0.608246, 0.766926, 0.2046], [0.103044, -0.331876, 0.937678]], [[0.744341, -0.46159, -0.482588], [0.554512, 0.829901, 0.0614847], [0.37212, -0.313366, 0.873687]], [[0.744341, -0.46159, -0.482588], [0.470542, 0.875309, -0.111462], [0.473864, -0.144112, 0.868726]], [[0.744341, -0.46159, -0.482588], [0.419891, 0.885429, -0.199266], [0.519277, -0.0543124, 0.852879]]], "btipPosition": [-45.6398, 290.144, -42.1127], "carpPosition": [-76.4305, 261.685, 55.247], "dipPosition": [-52.9802, 289.377, -30.0565], "direction": [0.473864, 0.144112, -0.868726], "extended": true, "handId": 80, "id": 804, "length": 41.4237, "mcpPosition": [-71.3717, 277.978, 9.21312], "pipPosition": [-60.581, 287.065, -16.122], "stabilizedTipPosition": [-46.8437, 291.029, -38.8236], "timeVisible": 4.57098, "tipPosition": [-46.612, 287.483, -42.2496], "tipVelocity": [-11.6473, -24.8887, -6.90933], "tool": false, "touchDistance": 0.291896, "touchZone": "hovering", "type": 4, "width": 15.0075}], "r": [[0.992455, 0.0601608, -0.106834], [-0.0584839, 0.998112, 0.0187634], [0.107761, -0.0123737, 0.9941]], "s": 0.881857, "t": [-133.023, 136.589, 98.2834], "timestamp": 7683381259}, {"currentFrameRate": 111.973, "devices": [], "gestures": [], "hands": [{"armBasis": [[0.67573, 0.200727, -0.709294], [0.380901, 0.728723, 0.569102], [0.631113, -0.65473, 0.415963]], "armWidth": 57.8442, "confidence": 1, "direction": [0.314265, 0.478089, -0.820163], "elbow": [-219.886, 97.8113, 173.143], "grabAngle": 0.370462, "grabStrength": 0, "id": 80, "palmNormal": [0.315146, -0.867481, -0.384916], "palmPosition": [-45.3332, 277.816, 30.1373], "palmVelocity": [-13.5806, -41.0016, -6.70626], "palmWidth": 77.0254, "pinchDistance": 38.2454, "pinchStrength": 0, "r": [[0.992451, 0.0598184, -0.107063], [-0.0582149, 0.998141, 0.018044], [0.107943, -0.0116751, 0.994088]], "s": 0.882398, "sphereCenter": [39.1954, 135.502, -19.3455], "sphereRadius": 174.201, "stabilizedPalmPosition": [-44.8014, 279.229, 30.7809], "t": [132.946, 136.286, 98.2179], "timeVisible": 4.57884, "type": "left", "wrist": [-75.6152, 247.48, 78.055]}], "id": 103231, "interactionBox": {"center": [0, 200, 0], "size": [235.247, 235.247, 147.751]}, "pointables": [{"bases": [[[0.580899, 0.813857, 0.0139091], [-0.457109, 0.312032, 0.832879], [0.673504, -0.490177, 0.55328]], [[0.598969, 0.800249, 0.0289245], [-0.354583, 0.232665, 0.905615], [0.717988, -0.552692, 0.423114]], [[0.598969, 0.800249, 0.0289245], [-0.72232, 0.524343, 0.450908], [0.345673, -0.290973, 0.892101]], [[0.598969, 0.800249, 0.0289245], [-0.800271, 0.599481, -0.0137189], [-0.0283183, -0.0149302, 0.999487]]], "btipPosition": [-3.5836, 284.024, 13.3839], "carpPosition": [-43.0479, 252.245, 75.3839], "dipPosition": [-3.0402, 283.738, 32.5629], "direction": [0.345673, 0.290973, -0.892101], "extended": false, "handId": 80, "id": 800, "length": 42.7307, "mcpPosition": [-43.0479, 252.245, 75.3839], "pipPosition": [-12.7036, 275.603, 57.5019], "stabilizedTipPosition": [-3.02056, 285.232, 18.1967], "timeVisible": 4.57884, "tipPosition": [-3.23302, 281.115, 15.0284], "tipVelocity": [-11.9633, -37.9637, -2.55905], "tool": false, "touchDistance": 0.277289, "touchZone": "hovering", "type": 0, "width": 18.9262}, {"bases": [[[0.830022, -0.0552819, -0.554985], [0.243399, 0.931221, 0.271264], [0.501818, -0.360238, 0.786389]], [[0.932812, -0.148119, -0.328515], [0.194448, 0.974406, 0.112794], [0.3034, -0.169095, 0.93774]], [[0.932812, -0.148119, -0.328515], [0.167244, 0.985441, 0.0305753], [0.319203, -0.0834632, 0.944004]], [[0.932812, -0.148119, -0.328515], [0.146572, 0.988757, -0.0296189], [0.329208, -0.0205221, 0.944034]]], "btipPosition": [1.34919, 300.335, -42.5119], "carpPosition": [-51.5282, 270.002, 71.4279], "dipPosition": [-3.26258, 300.047, -29.2872], "direction": [0.319203, 0.0834632, -0.944004], "extended": true, "handId": 80, "id": 801, "length": 48.2169, "mcpPosition": [-20.2758, 292.437, 22.4528], "pipPosition": [-9.58841, 298.393, -10.5794], "stabilizedTipPosition": [0.657318, 301.157, -39.1318], "timeVisible": 4.57884, "tipPosition": [0.414983, 299.868, -43.4235], "tipVelocity": [-18.5217, -31.2257, -5.58306], "tool": false, "touchDistance": 0.2996, "touchZone": "hovering", "type": 1, "width": 18.0783}, {"bases": [[[0.836451, -0.261378, -0.481696], [0.391179, 0.900334, 0.190731], [0.383834, -0.347966, 0.855331]], [[0.864642, -0.288548, -0.411258], [0.339917, 0.938788, 0.0559757], [0.369933, -0.188193, 0.909798]], [[0.864642, -0.288548, -0.411258], [0.297341, 0.953755, -0.0440391], [0.404947, -0.0842057, 0.910454]], [[0.864642, -0.288548, -0.411258], [0.272457, 0.957093, -0.0986961], [0.422091, -0.0267134, 0.90616]]], "btipPosition": [-6.95596, 301.316, -55.9579], "carpPosition": [-60.19, 270.953, 65.7029], "dipPosition": [-13.4594, 300.905, -41.996], "direction": [0.404947, 0.0842057, -0.910454], "extended": true, "handId": 80, "id": 802, "length": 54.9393, "mcpPosition": [-37.5206, 291.504, 15.1867], "pipPosition": [-22.9009, 298.941, -20.7685], "stabilizedTipPosition": [-8.03339, 302.104, -52.3976], "timeVisible": 4.57884, "tipPosition": [-7.01467, 298.837, -57.001], "tipVelocity": [-20.1994, -30.6109, -5.87309], "tool": false, "touchDistance": 0.301031, "touchZone": "hovering", "type": 2, "width": 17.7553}, {"bases": [[[0.851934, -0.376858, -0.363575], [0.461976, 0.867808, 0.182997], [0.246549, -0.323865, 0.913414]], [[0.829758, -0.350054, -0.4347], [0.401641, 0.91532, 0.0295677], [0.387539, -0.199127, 0.90009]], [[0.829758, -0.350054, -0.4347], [0.344258, 0.934052, -0.095049], [0.439304, -0.0707811, 0.895546]], [[0.829758, -0.350054, -0.4347], [0.314263, 0.936691, -0.15443], [0.461238, -0.00847064, 0.887236]]], "btipPosition": [-24.5663, 295.381, -55.0718], "carpPosition": [-68.8805, 269.175, 60.2689], "dipPosition": [-31.6321, 295.251, -41.48], "direction": [0.439304, 0.0707811, -0.895546], "extended": true, "handId": 80, "id": 803, "length": 52.8256, "mcpPosition": [-55.8069, 286.349, 11.8339], "pipPosition": [-41.6101, 293.643, -21.1394], "stabilizedTipPosition": [-25.7217, 296.257, -51.5477], "timeVisible": 4.57884, "tipPosition": [-24.7871, 291.714, -55.3959], "tipVelocity": [-19.7922, -32.2991, -6.07961], "tool": false, "touchDistance": 0.297229, "touchZone": "hovering", "type": 3, "width": 16.8953}, {"bases": [[[0.786622, -0.54998, -0.280619], [0.608814, 0.766583, 0.204195], [0.102815, -0.331469, 0.937847]], [[0.743917, -0.462263, -0.482597], [0.55546, 0.829234, 0.0619389], [0.371554, -0.314141, 0.87365]], [[0.743917, -0.462263, -0.482597], [0.471952, 0.874693, -0.110331], [0.473126, -0.145686, 0.868865]], [[0.743917, -0.462263, -0.482597], [0.421678, 0.884943, -0.197646], [0.518435, -0.0564681, 0.85325]]], "btipPosition": [-45.7871, 289.867, -42.1564], "carpPosition": [-76.5198, 261.355, 55.1992], "dipPosition": [-53.114, 289.069, -30.0978], "direction": [0.473126, 0.145686, -0.868865], "extended": true, "handId": 80, "id": 804, "length": 41.4143, "mcpPosition": [-71.4731, 277.626, 9.16405], "pipPosition": [-60.7012, 286.733, -16.1642], "stabilizedTipPosition": [-46.9021, 290.904, -38.8756], "timeVisible": 4.57884, "tipPosition": [-46.7286, 287.136, -42.2911], "tipVelocity": [-18.343, -36.1213, -5.49113], "tool": false, "touchDistance": 0.291176, "touchZone": "hovering", "type": 4, "width": 15.0077}], "r": [[0.992451, 0.0598184, -0.107063], [-0.0582149, 0.998141, 0.018044], [0.107943, -0.0116751, 0.994088]], "s": 0.882398, "t": [-132.946, 136.286, 98.2179], "timestamp": 7683389122}, {"currentFrameRate": 112.11, "devices": [], "gestures": [], "hands": [{"armBasis": [[0.675059, 0.197682, -0.710787], [0.382784, 0.729762, 0.566502], [0.630692, -0.6545, 0.416963]], "armWidth": 57.8428, "confidence": 1, "direction": [0.313274, 0.479096, -0.819955], "elbow": [-219.766, 97.3892, 173.247], "grabAngle": 0.366073, "grabStrength": 0, "id": 80, "palmNormal": [0.318121, -0.866474, -0.384735], "palmPosition": [-45.3899, 277.387, 30.0433], "palmVelocity": [-6.52197, -49.3544, -10.8324], "palmWidth": 77.0171, "pinchDistance": 38.329, "pinchStrength": 0, "r": [[0.992472, 0.0589193, -0.107371], [-0.0573683, 0.9982, 0.0174799], [0.108208, -0.0111887, 0.994065]], "s": 0.883056, "sphereCenter": [40.3466, 134.225, -19.6203], "sphereRadius": 175.573, "stabilizedPalmPosition": [-44.8537, 279.065, 30.7153], "t": [132.879, 135.919, 98.1381], "timeVisible": 4.58752, "type": "left", "wrist": [-75.6135, 246.983, 77.9457]}], "id": 103232, "interactionBox": {"center": [0, 200, 0], "size": [235.247, 235.247, 147.751]}, "pointables": [{"bases": [[[0.58347, 0.812022, 0.0135599], [-0.455598, 0.313452, 0.833174], [0.672305, -0.49231, 0.552845]], [[0.60171, 0.798197, 0.0287353], [-0.35255, 0.233139, 0.906286], [0.716696, -0.555453, 0.421687]], [[0.60171, 0.798197, 0.0287353], [-0.719879, 0.526384, 0.452431], [0.346003, -0.292918, 0.891336]], [[0.60171, 0.798197, 0.0287353], [-0.798265, 0.602189, -0.0118858], [-0.0267913, -0.0157866, 0.999516]]], "btipPosition": [-3.61043, 283.789, 13.3736], "carpPosition": [-43.0528, 251.827, 75.2839], "dipPosition": [-3.0964, 283.486, 32.5506], "direction": [0.346003, 0.292918, -0.891336], "extended": false, "handId": 80, "id": 800, "length": 42.725, "mcpPosition": [-43.0528, 251.827, 75.2839], "pipPosition": [-12.7677, 275.298, 57.4649], "stabilizedTipPosition": [-3.07766, 285.049, 18.1468], "timeVisible": 4.58752, "tipPosition": [-3.29189, 280.837, 14.9774], "tipVelocity": [-3.86865, -27.5598, -1.23818], "tool": false, "touchDistance": 0.27711, "touchZone": "hovering", "type": 0, "width": 18.9267}, {"bases": [[[0.829493, -0.0578848, -0.555509], [0.246504, 0.930443, 0.27113], [0.501175, -0.361836, 0.786065]], [[0.932152, -0.151074, -0.329043], [0.197968, 0.973577, 0.113828], [0.303152, -0.171245, 0.937429]], [[0.932152, -0.151074, -0.329043], [0.171183, 0.984692, 0.0328431], [0.319044, -0.0869413, 0.943744]], [[0.932152, -0.151074, -0.329043], [0.150684, 0.988217, -0.0268468], [0.329222, -0.0245562, 0.943933]]], "btipPosition": [1.23283, 300.183, -42.5625], "carpPosition": [-51.5867, 269.553, 71.3258], "dipPosition": [-3.37851, 299.839, -29.341], "direction": [0.319044, 0.0869413, -0.943744], "extended": true, "handId": 80, "id": 801, "length": 48.2104, "mcpPosition": [-20.3776, 292.085, 22.376], "pipPosition": [-9.70035, 298.117, -10.6408], "stabilizedTipPosition": [0.598784, 301.03, -39.1788], "timeVisible": 4.58752, "tipPosition": [0.333677, 299.589, -43.4558], "tipVelocity": [-13.3924, -18.95, -5.91252], "tool": false, "touchDistance": 0.298744, "touchZone": "hovering", "type": 1, "width": 18.0787}, {"bases": [[[0.835319, -0.264002, -0.482229], [0.394134, 0.899092, 0.190503], [0.383275, -0.349194, 0.855081]], [[0.863498, -0.291292, -0.411729], [0.3435, 0.937409, 0.057202], [0.369296, -0.190823, 0.909509]], [[0.863498, -0.291292, -0.411729], [0.301641, 0.952527, -0.0412836], [0.404209, -0.088546, 0.910371]], [[0.863498, -0.291292, -0.411729], [0.277161, 0.9561, -0.0951525], [0.421372, -0.0319511, 0.906325]]], "btipPosition": [-7.10505, 301.195, -56.0241], "carpPosition": [-60.2461, 270.477, 65.5962], "dipPosition": [-13.5966, 300.703, -42.0615], "direction": [0.404209, 0.088546, -0.910371], "extended": true, "handId": 80, "id": 802, "length": 54.9319, "mcpPosition": [-37.6122, 291.099, 15.1002], "pipPosition": [-23.0196, 298.639, -20.8388], "stabilizedTipPosition": [-8.10674, 301.971, -52.4515], "timeVisible": 4.58752, "tipPosition": [-7.10113, 298.563, -57.0189], "tipVelocity": [-16.8578, -16.0912, -7.60953], "tool": false, "touchDistance": 0.29993, "touchZone": "hovering", "type": 2, "width": 17.7557}, {"bases": [[[0.850513, -0.379532, -0.36412], [0.464824, 0.866343, 0.182724], [0.246103, -0.324661, 0.913252]], [[0.828342, -0.352618, -0.435328], [0.405314, 0.913646, 0.0311715], [0.386744, -0.202265, 0.899732]], [[0.828342, -0.352618, -0.435328], [0.348802, 0.932691, -0.0917841], [0.438391, -0.0758148, 0.895581]], [[0.828342, -0.352618, -0.435328], [0.31945, 0.93565, -0.150034], [0.460219, -0.0147861, 0.887682]]], "btipPosition": [-24.7063, 295.243, -55.155], "carpPosition": [-68.9258, 268.673, 60.1574], "dipPosition": [-31.7555, 295.017, -41.5583], "direction": [0.438391, 0.0758148, -0.895581], "extended": true, "handId": 80, "id": 803, "length": 52.8185, "mcpPosition": [-55.8772, 285.886, 11.7362], "pipPosition": [-41.7114, 293.295, -21.2195], "stabilizedTipPosition": [-25.7949, 296.128, -51.6057], "timeVisible": 4.58752, "tipPosition": [-24.8553, 291.408, -55.4269], "tipVelocity": [-15.683, -18.4122, -9.46003], "tool": false, "touchDistance": 0.295861, "touchZone": "hovering", "type": 3, "width": 16.8957}, {"bases": [[[0.784708, -0.55245, -0.281126], [0.611356, 0.764656, 0.203827], [0.102361, -0.331813, 0.937775]], [[0.74202, -0.464379, -0.483486], [0.558768, 0.826902, 0.0633327], [0.370386, -0.317151, 0.873058]], [[0.74202, -0.464379, -0.483486], [0.476327, 0.87271, -0.107189], [0.47172, -0.150762, 0.868764]], [[0.74202, -0.464379, -0.483486], [0.426932, 0.883392, -0.193256], [0.516852, -0.0630159, 0.853752]]], "btipPosition": [-45.908, 289.617, -42.2452], "carpPosition": [-76.5357, 260.83, 55.0834], "dipPosition": [-53.2115, 288.726, -30.1811], "direction": [0.47172, 0.150762, -0.868764], "extended": true, "handId": 80, "id": 804, "length": 41.4087, "mcpPosition": [-71.5117, 277.115, 9.05673], "pipPosition": [-60.7752, 286.309, -16.251], "stabilizedTipPosition": [-46.971, 290.754, -38.9354], "timeVisible": 4.58752, "tipPosition": [-46.7783, 286.736, -42.3523], "tipVelocity": [-13.3063, -31.3351, -10.0825], "tool": false, "touchDistance": 0.289718, "touchZone": "hovering", "type": 4, "width": 15.0081}], "r": [[0.992472, 0.0589193, -0.107371], [-0.0573683, 0.9982, 0.0174799], [0.108208, -0.0111887, 0.994065]], "s": 0.883056, "t": [-132.879, 135.919, 98.1381], "timestamp": 7683397803}, {"currentFrameRate": 112.295, "devices": [], "gestures": [], "hands": [{"armBasis": [[0.675265, 0.195807, -0.711109], [0.383344, 0.730501, 0.565168], [0.63013, -0.654238, 0.41822]], "armWidth": 57.845, "confidence": 1, "direction": [0.313658, 0.47839, -0.82022], "elbow": [-219.67, 97.0028, 173.416], "grabAngle": 0.363529, "grabStrength": 0, "id": 80, "palmNormal": [0.318717, -0.866739, -0.383643], "palmPosition": [-45.4267, 276.883, 29.9222], "palmVelocity": [-4.29054, -58.7974, -14.1071], "palmWidth": 77.0112, "pinchDistance": 38.5877, "pinchStrength": 0, "r": [[0.992477, 0.0581025, -0.107766], [-0.0566126, 0.998254, 0.0168355], [0.108556, -0.0106079, 0.994034]], "s": 0.88371, "sphereCenter": [40.8683, 133.335, -19.5613], "sphereRadius": 176.137, "stabilizedPalmPosition": [-44.9045, 278.872, 30.6451], "t": [132.828, 135.484, 98.0377], "timeVisible": 4.5961, "type": "left", "wrist": [-75.6615, 246.521, 77.837]}], "id": 103233, "interactionBox": {"center": [0, 200, 0], "size": [235.247, 235.247, 147.751]}, "pointables": [{"bases": [[[0.583788, 0.811812, 0.0123394], [-0.454902, 0.314464, 0.833172], [0.672499, -0.49201, 0.552876]], [[0.602768, 0.797421, 0.0281336], [-0.350756, 0.233136, 0.906983], [0.716688, -0.556568, 0.420227]], [[0.602768, 0.797421, 0.0281336], [-0.718447, 0.527057, 0.453922], [0.347139, -0.293822, 0.890597]], [[0.602768, 0.797421, 0.0281336], [-0.797524, 0.603202, -0.0100954], [-0.0250205, -0.0163521, 0.999553]]], "btipPosition": [-3.60823, 283.413, 13.3649], "carpPosition": [-43.1114, 251.371, 75.1853], "dipPosition": [-3.12825, 283.099, 32.5399], "direction": [0.347139, 0.293822, -0.890597], "extended": false, "handId": 80, "id": 800, "length": 42.7189, "mcpPosition": [-43.1114, 251.371, 75.1853], "pipPosition": [-12.8299, 274.887, 57.4299], "stabilizedTipPosition": [-3.12808, 284.844, 18.1022], "timeVisible": 4.5961, "tipPosition": [-3.32144, 280.363, 14.9113], "tipVelocity": [-0.656254, -44.096, -1.06828], "tool": fa