{"frames": 87, "data": [{"currentFrameRate": 112.908, "devices": [], "gestures": [], "hands": [{"armBasis": [[0.630914, 0.149023, -0.761406], [0.475044, 0.701716, 0.53097], [0.613418, -0.696697, 0.37193]], "armWidth": 61.8789, "confidence": 1, "direction": [0.304716, 0.451304, -0.838733], "elbow": [-228.478, 76.8929, 170.053], "grabAngle": 0.386739, "grabStrength": 0, "id": 80, "palmNormal": [0.407249, -0.857789, -0.313602], "palmPosition": [-45.0836, 281.16, 26.3015], "palmVelocity": [8.03953, -19.0618, 5.25847], "palmWidth": 83.0971, "pinchDistance": 35.2025, "pinchStrength": 0, "r": [[0.988237, -0.0456991, -0.145943], [0.0385598, 0.997935, -0.0513794], [0.14799, 0.0451475, 0.987958]], "s": 0.913625, "sphereCenter": [46.3346, 141.703, -15.7936], "sphereRadius": 173.341, "stabilizedPalmPosition": [-45.3838, 282.023, 26.5798], "t": [133.034, 139.493, 94.2726], "timeVisible": 6.55688, "type": "left", "wrist": [-77.2219, 248.684, 78.3431]}], "id": 103454, "interactionBox": {"center": [0, 200, 0], "size": [235.247, 235.247, 147.751]}, "pointables": [{"bases": [[[0.651253, 0.756299, -0.0623068], [-0.391869, 0.405477, 0.825849], [0.649853, -0.51342, 0.560438]], [[0.659626, 0.749577, -0.0550333], [-0.324453, 0.350035, 0.878752], [0.677956, -0.561792, 0.474094]], [[0.659626, 0.749577, -0.0550333], [-0.682288, 0.627904, 0.374459], [0.315242, -0.209455, 0.925609]], [[0.659626, 0.749577, -0.0550333], [-0.750556, 0.653101, -0.100623], [-0.0394821, 0.107679, 0.993401]]], "btipPosition": [-2.81123, 286.725, 7.8127], "carpPosition": [-42.231, 257.109, 76.9206], "dipPosition": [-2.0105, 288.909, 27.9597], "direction": [0.315242, 0.209455, -0.925609], "extended": false, "handId": 80, "id": 800, "length": 45.1624, "mcpPosition": [-42.231, 257.109, 76.9206], "pipPosition": [-11.3247, 282.72, 55.3078], "stabilizedTipPosition": [-2.81148, 288.68, 13.2265], "timeVisible": 6.55688, "tipPosition": [-1.5616, 288.329, 12.6356], "tipVelocity": [5.35958, -30.2094, -0.38499], "tool": false, "touchDistance": 0.305009, "touchZone": "hovering", "type": 0, "width": 20.1792}, {"bases": [[[0.797601, -0.166746, -0.57968], [0.336739, 0.920422, 0.198569], [0.50044, -0.353579, 0.790279]], [[0.918877, -0.275176, -0.282742], [0.302536, 0.951417, 0.0572465], [0.253253, -0.138142, 0.957486]], [[0.918877, -0.275176, -0.282742], [0.280283, 0.95964, -0.0230744], [0.27768, -0.0580452, 0.958918]], [[0.918877, -0.275176, -0.282742], [0.263872, 0.96139, -0.0781113], [0.293319, -0.00283299, 0.95601]]], "btipPosition": [0.343599, 305.182, -51.9382], "carpPosition": [-52.8673, 275.025, 71.0453], "dipPosition": [-3.99924, 305.14, -37.7837], "direction": [0.27768, 0.0580452, -0.958918], "extended": true, "handId": 80, "id": 801, "length": 50.9607, "mcpPosition": [-19.2439, 298.782, 17.9482], "pipPosition": [-9.81532, 303.925, -17.6989], "stabilizedTipPosition": [-1.32955, 306.149, -48.8151], "timeVisible": 6.55688, "tipPosition": [0.623125, 305.739, -50.0426], "tipVelocity": [9.23053, -34.6873, 2.21448], "tool": false, "touchDistance": 0.298085, "touchZone": "hovering", "type": 1, "width": 19.2752}, {"bases": [[[0.788708, -0.367433, -0.492881], [0.47764, 0.870995, 0.115011], [0.387039, -0.32613, 0.862462]], [[0.832067, -0.406454, -0.37744], [0.432822, 0.901329, -0.0164567], [0.346886, -0.149671, 0.925888]], [[0.832067, -0.406454, -0.37744], [0.387829, 0.912801, -0.127997], [0.396552, -0.03988, 0.917146]], [[0.832067, -0.406454, -0.37744], [0.362096, 0.913501, -0.18548], [0.42018, 0.0176624, 0.907269]]], "btipPosition": [-6.23039, 302.518, -66.5204], "carpPosition": [-61.9943, 274.792, 64.4804], "dipPosition": [-13.0728, 302.806, -51.7459], "direction": [0.396552, 0.03988, -0.917146], "extended": true, "handId": 80, "id": 802, "length": 58.0656, "mcpPosition": [-37.3337, 295.571, 9.52777], "pipPosition": [-22.8447, 301.823, -29.1455], "stabilizedTipPosition": [-8.43704, 303.657, -63.2926], "timeVisible": 6.55688, "tipPosition": [-4.92427, 300.233, -63.7464], "tipVelocity": [7.78048, -33.258, 3.41583], "tool": false, "touchDistance": 0.298576, "touchZone": "hovering", "type": 2, "width": 18.9308}, {"bases": [[[0.798802, -0.476028, -0.367849], [0.544864, 0.831678, 0.106937], [0.255027, -0.285849, 0.923716]], [[0.784773, -0.460847, -0.41443], [0.476969, 0.87605, -0.0709719], [0.395768, -0.141973, 0.90731]], [[0.784773, -0.460847, -0.41443], [0.4105, 0.887461, -0.209529], [0.464351, -0.00569102, 0.885633]], [[0.784773, -0.460847, -0.41443], [0.377973, 0.885794, -0.269269], [0.491191, 0.0546715, 0.869335]]], "btipPosition": [-21.8901, 292.751, -64.881], "carpPosition": [-70.9025, 271.65, 58.4261], "dipPosition": [-29.843, 293.636, -50.8056], "direction": [0.464351, 0.00569102, -0.885633], "extended": true, "handId": 80, "id": 803, "length": 55.8316, "mcpPosition": [-56.3133, 288.002, 5.58368], "pipPosition": [-40.99, 293.499, -29.5454], "stabilizedTipPosition": [-24.309, 294.033, -61.8163], "timeVisible": 6.55688, "tipPosition": [-21.695, 291.118, -62.1729], "tipVelocity": [5.27744, -27.9427, 4.76624], "tool": false, "touchDistance": 0.299232, "touchZone": "hovering", "type": 3, "width": 18.0138}, {"bases": [[[0.721868, -0.636742, -0.271045], [0.68285, 0.71897, 0.129607], [0.112347, -0.278642, 0.953801]], [[0.682026, -0.563791, -0.465811], [0.619856, 0.783648, -0.040909], [0.388096, -0.260835, 0.883938]], [[0.682026, -0.563791, -0.465811], [0.521408, 0.821487, -0.230853], [0.512811, -0.0854298, 0.854241]], [[0.682026, -0.563791, -0.465811], [0.466678, 0.825916, -0.316347], [0.563074, -0.00162722, 0.826405]]], "btipPosition": [-43.1745, 286.381, -51.17], "carpPosition": [-78.1178, 262.161, 53.2461], "dipPosition": [-51.585, 286.356, -38.8261], "direction": [0.512811, 0.0854298, -0.854241], "extended": true, "handId": 80, "id": 804, "length": 43.771, "mcpPosition": [-72.1684, 276.916, 2.73726], "pipPosition": [-60.2767, 284.908, -24.3476], "stabilizedTipPosition": [-45.675, 287.409, -48.3949], "timeVisible": 6.55688, "tipPosition": [-44.0545, 285.901, -48.8748], "tipVelocity": [4.29333, -21.675, 5.73052], "tool": false, "touchDistance": 0.297962, "touchZone": "hovering", "type": 4, "width": 16.0013}], "r": [[0.988237, -0.0456991, -0.145943], [0.0385598, 0.997935, -0.0513794], [0.14799, 0.0451475, 0.987958]], "s": 0.913625, "t": [-133.034, 139.493, 94.2726], "timestamp": 7685367161}, {"currentFrameRate": 113.514, "devices": [], "gestures": [], "hands": [{"armBasis": [[0.632388, 0.150791, -0.759834], [0.473187, 0.701418, 0.533017], [0.613335, -0.696617, 0.372216]], "armWidth": 61.8789, "confidence": 1, "direction": [0.303737, 0.45314, -0.838098], "elbow": [-228.301, 76.6286, 170.132], "grabAngle": 0.389548, "grabStrength": 0, "id": 80, "palmNormal": [0.405754, -0.85742, -0.316536], "palmPosition": [-44.9867, 280.97, 26.329], "palmVelocity": [12.4795, -24.5291, 3.54784], "palmWidth": 83.0971, "pinchDistance": 35.1444, "pinchStrength": 0, "r": [[0.988359, -0.0444503, -0.145499], [0.0374233, 0.998013, -0.0506828], [0.147462, 0.0446478, 0.988059]], "s": 0.913335, "sphereCenter": [45.8432, 142.261, -16.1158], "sphereRadius": 172.491, "stabilizedPalmPosition": [-45.3681, 281.981, 26.5699], "t": [133.125, 139.314, 94.3083], "timeVisible": 6.56464, "type": "left", "wrist": [-77.0655, 248.4, 78.3512]}], "id": 103455, "interactionBox": {"center": [0, 200, 0], "size": [235.247, 235.247, 147.751]}, "pointables": [{"bases": [[[0.65053, 0.75717, -0.0592039], [-0.393765, 0.402909, 0.826204], [0.649431, -0.514158, 0.560251]], [[0.659202, 0.750189, -0.0516662], [-0.326623, 0.347542, 0.878938], [0.677326, -0.562522, 0.474129]], [[0.659202, 0.750189, -0.0516662], [-0.683547, 0.626443, 0.374609], [0.313394, -0.211627, 0.925742]], [[0.659202, 0.750189, -0.0516662], [-0.750806, 0.652815, -0.100617], [-0.0417531, 0.105118, 0.993583]]], "btipPosition": [-2.78123, 286.55, 7.76354], "carpPosition": [-42.0716, 256.785, 76.8807], "dipPosition": [-1.93444, 288.682, 27.9142], "direction": [0.313394, 0.211627, -0.925742], "extended": false, "handId": 80, "id": 800, "length": 45.1624, "mcpPosition": [-42.0716, 256.785, 76.8807], "pipPosition": [-11.194, 282.429, 55.2663], "stabilizedTipPosition": [-2.80343, 288.621, 13.1969], "timeVisible": 6.56464, "tipPosition": [-1.48421, 288.123, 12.6045], "tipVelocity": [5.2289, -24.0912, -6.22284], "tool": false, "touchDistance": 0.304204, "touchZone": "hovering", "type": 0, "width": 20.1792}, {"bases": [[[0.798801, -0.164372, -0.578705], [0.335377, 0.920273, 0.201541], [0.499439, -0.355076, 0.790242]], [[0.919669, -0.273429, -0.281861], [0.300965, 0.95183, 0.0586453], [0.252248, -0.138764, 0.957661]], [[0.919669, -0.273429, -0.281861], [0.278597, 0.960147, -0.0224052], [0.276754, -0.0579203, 0.959194]], [[0.919669, -0.273429, -0.281861], [0.262154, 0.961889, -0.0777473], [0.292377, -0.00238915, 0.9563]]], "btipPosition": [0.37438, 304.999, -51.9271], "carpPosition": [-52.6986, 274.728, 71.0705], "dipPosition": [-3.95451, 304.964, -37.7683], "direction": [0.276754, 0.0579203, -0.959194], "extended": true, "handId": 80, "id": 801, "length": 50.9607, "mcpPosition": [-19.1424, 298.584, 17.9758], "pipPosition": [-9.7512, 303.751, -17.6777], "stabilizedTipPosition": [-1.28001, 306.068, -48.805], "timeVisible": 6.56464, "tipPosition": [0.601124, 305.69, -50.0187], "tipVelocity": [4.37832, -23.3998, 1.55876], "tool": false, "touchDistance": 0.298286, "touchZone": "hovering", "type": 1, "width": 19.2752}, {"bases": [[[0.789977, -0.365292, -0.492441], [0.47648, 0.871217, 0.118104], [0.385881, -0.327938, 0.862295]], [[0.833229, -0.404618, -0.376847], [0.431433, 0.902027, -0.0145772], [0.345825, -0.150438, 0.926161]], [[0.833229, -0.404618, -0.376847], [0.386137, 0.913631, -0.127188], [0.395762, -0.0395377, 0.917502]], [[0.833229, -0.404618, -0.376847], [0.360172, 0.914295, -0.185312], [0.41953, 0.0186775, 0.907549]]], "btipPosition": [-6.22154, 302.369, -66.4938], "carpPosition": [-61.8373, 274.521, 64.521], "dipPosition": [-13.0534, 302.674, -51.7148], "direction": [0.395762, 0.0395377, -0.917502], "extended": true, "handId": 80, "id": 802, "length": 58.0656, "mcpPosition": [-37.2505, 295.416, 9.57903], "pipPosition": [-22.8058, 301.699, -29.1057], "stabilizedTipPosition": [-8.38629, 303.561, -63.277], "timeVisible": 6.56464, "tipPosition": [-4.99324, 300.254, -63.7333], "tipVelocity": [1.4537, -18.6342, 3.55379], "tool": false, "touchDistance": 0.299036, "touchZone": "hovering", "type": 2, "width": 18.9308}, {"bases": [[[0.79997, -0.474199, -0.367673], [0.543761, 0.831994, 0.110047], [0.253717, -0.28796, 0.923421]], [[0.786082, -0.458994, -0.414006], [0.475735, 0.876887, -0.0688866], [0.394655, -0.142806, 0.907664]], [[0.786082, -0.458994, -0.414006], [0.408904, 0.888423, -0.20857], [0.463545, -0.00533497, 0.886057]], [[0.786082, -0.458994, -0.414006], [0.376223, 0.886706, -0.268718], [0.490441, 0.0554758, 0.869707]]], "btipPosition": [-21.8967, 292.637, -64.8458], "carpPosition": [-70.7596, 271.405, 58.4743], "dipPosition": [-29.8374, 293.535, -50.7644], "direction": [0.463545, 0.00533497, -0.886057], "extended": true, "handId": 80, "id": 803, "length": 55.8316, "mcpPosition": [-56.2453, 287.878, 5.64879], "pipPosition": [-40.9651, 293.407, -29.4941], "stabilizedTipPosition": [-24.2669, 293.947, -61.8013], "timeVisible": 6.56464, "tipPosition": [-21.76, 291.146, -62.1555], "tipVelocity": [-0.489432, -14.278, 4.70967], "tool": false, "touchDistance": 0.299841, "touchZone": "hovering", "type": 3, "width": 18.0138}, {"bases": [[[0.723043, -0.635248, -0.271421], [0.68183, 0.719379, 0.132668], [0.110977, -0.280987, 0.953273]], [[0.683617, -0.562078, -0.46555], [0.618841, 0.784571, -0.0385346], [0.386917, -0.261759, 0.884182]], [[0.683617, -0.562078, -0.46555], [0.520037, 0.822693, -0.229646], [0.512084, -0.0851136, 0.854708]], [[0.683617, -0.562078, -0.46555], [0.464997, 0.827084, -0.315768], [0.562535, -0.000615231, 0.826773]]], "btipPosition": [-43.1801, 286.289, -51.1266], "carpPosition": [-77.9944, 261.937, 53.2825], "dipPosition": [-51.5826, 286.28, -38.7772], "direction": [0.512084, 0.0851136, -0.854708], "extended": true, "handId": 80, "id": 804, "length": 43.771, "mcpPosition": [-72.1175, 276.816, 2.8016], "pipPosition": [-60.262, 284.837, -24.2907], "stabilizedTipPosition": [-45.6449, 287.349, -48.3891], "timeVisible": 6.56464, "tipPosition": [-44.091, 285.906, -48.833], "tipVelocity": [-0.489306, -11.3939, 5.75977], "tool": false, "touchDistance": 0.298707, "touchZone": "hovering", "type": 4, "width": 16.0013}], "r": [[0.988359, -0.0444503, -0.145499], [0.0374233, 0.998013, -0.0506828], [0.147462, 0.0446478, 0.988059]], "s": 0.913335, "t": [-133.125, 139.314, 94.3083], "timestamp": 7685374924}, {"currentFrameRate": 113.495, "devices": [], "gestures": [], "hands": [{"armBasis": [[0.634753, 0.153782, -0.757258], [0.47034, 0.700649, 0.536536], [0.613082, -0.696737, 0.372409]], "armWidth": 61.8789, "confidence": 1, "direction": [0.302728, 0.454282, -0.837845], "elbow": [-228.107, 76.3037, 170.23], "grabAngle": 0.392591, "grabStrength": 0, "id": 80, "palmNormal": [0.402881, -0.857686, -0.319472], "palmPosition": [-44.9183, 280.72, 26.3709], "palmVelocity": [7.73793, -28.1924, 4.73761], "palmWidth": 83.0971, "pinchDistance": 35.0652, "pinchStrength": 0, "r": [[0.98855, -0.0429087, -0.144665], [0.0360565, 0.998115, -0.049661], [0.146523, 0.0438763, 0.988234]], "s": 0.912926, "sphereCenter": [45.1168, 142.813, -16.3472], "sphereRadius": 171.465, "stabilizedPalmPosition": [-45.348, 281.925, 26.561], "t": [133.204, 139.1, 94.3471], "timeVisible": 6.57348, "type": "left", "wrist": [-76.9342, 248.104, 78.4022]}], "id": 103456, "interactionBox": {"center": [0, 200, 0], "size": [235.247, 235.247, 147.751]}, "pointables": [{"bases": [[[0.648841, 0.75887, -0.0558745], [-0.396813, 0.400104, 0.826109], [0.649265, -0.513842, 0.560733]], [[0.658067, 0.751438, -0.0478435], [-0.329681, 0.344676, 0.878925], [0.676948, -0.562618, 0.474555]], [[0.658067, 0.751438, -0.0478435], [-0.685631, 0.624276, 0.374418], [0.311219, -0.213589, 0.926025]], [[0.658067, 0.751438, -0.0478435], [-0.751637, 0.65182, -0.100856], [-0.0446018, 0.102331, 0.99375]]], "btipPosition": [-2.78368, 286.299, 7.71264], "carpPosition": [-41.9348, 256.415, 76.8609], "dipPosition": [-1.87912, 288.375, 27.8667], "direction": [0.311219, 0.213589, -0.926025], "extended": false, "handId": 80, "id": 800, "length": 45.1624, "mcpPosition": [-41.9348, 256.415, 76.8609], "pipPosition": [-11.0744, 282.064, 55.2271], "stabilizedTipPosition": [-2.79403, 288.545, 13.1619], "timeVisible": 6.57348, "tipPosition": [-1.43833, 287.795, 12.5521], "tipVelocity": [1.2259, -29.8116, -5.66785], "tool": false, "touchDistance": 0.303368, "touchZone": "hovering", "type": 0, "width": 20.1792}, {"bases": [[[0.800647, -0.161145, -0.577059], [0.332641, 0.920627, 0.204441], [0.498311, -0.355638, 0.790701]], [[0.921055, -0.270605, -0.280055], [0.297849, 0.952792, 0.0589336], [0.250886, -0.137695, 0.958173]], [[0.921055, -0.270605, -0.280055], [0.275441, 0.961049, -0.0227384], [0.2753, -0.0561954, 0.959715]], [[0.921055, -0.270605, -0.280055], [0.25908, 0.96269, -0.0781352], [0.29075, -0.000589742, 0.956799]]], "btipPosition": [0.359069, 304.603, -51.9482], "carpPosition": [-52.5329, 274.397, 71.1176], "dipPosition": [-3.94572, 304.595, -37.782], "direction": [0.2753, 0.0561954, -0.959715], "extended": true, "handId": 80, "id": 801, "length": 50.9607, "mcpPosition": [-19.0524, 298.291, 17.9921], "pipPosition": [-9.71195, 303.418, -17.6805], "stabilizedTipPosition": [-1.22914, 305.953, -48.796], "timeVisible": 6.57348, "tipPosition": [0.52148, 305.489, -50.0175], "tipVelocity": [-1.10457, -44.0513, -2.19159], "tool": false, "touchDistance": 0.297963, "touchZone": "hovering", "type": 1, "width": 19.2752}, {"bases": [[[0.792093, -0.362279, -0.491267], [0.474071, 0.872098, 0.121249], [0.384507, -0.328936, 0.862528]], [[0.835231, -0.40184, -0.375384], [0.42862, 0.903386, -0.0133726], [0.34449, -0.149728, 0.926773]], [[0.835231, -0.40184, -0.375384], [0.383178, 0.914925, -0.126834], [0.394415, -0.0379035, 0.91815]], [[0.835231, -0.40184, -0.375384], [0.357118, 0.915474, -0.185404], [0.418157, 0.0207992, 0.908137]]], "btipPosition": [-6.27156, 302.034, -66.4901], "carpPosition": [-61.6885, 274.227, 64.5907], "dipPosition": [-13.081, 302.373, -51.7016], "direction": [0.394415, 0.0379035, -0.91815], "extended": true, "handId": 80, "id": 802, "length": 58.0656, "mcpPosition": [-37.1892, 295.185, 9.63384], "pipPosition": [-22.8002, 301.439, -29.0764], "stabilizedTipPosition": [-8.33822, 303.434, -63.2605], "timeVisible": 6.57348, "tipPosition": [-5.14001, 300.136, -63.7399], "tipVelocity": [-5.07373, -36.9878, 0.664056], "tool": false, "touchDistance": 0.299133, "touchZone": "hovering", "type": 2, "width": 18.9308}, {"bases": [[[0.802036, -0.47144, -0.366717], [0.541467, 0.833056, 0.113274], [0.252094, -0.289415, 0.923411]], [[0.78833, -0.456275, -0.412733], [0.473143, 0.878407, -0.0673594], [0.393282, -0.14218, 0.908358]], [[0.78833, -0.456275, -0.412733], [0.406175, 0.889831, -0.207901], [0.462122, -0.00374719, 0.886808]], [[0.78833, -0.456275, -0.412733], [0.37357, 0.887998, -0.268152], [0.488857, 0.0572076, 0.870486]]], "btipPosition": [-21.9764, 292.371, -64.8175], "carpPosition": [-70.6334, 271.146, 58.5595], "dipPosition": [-29.8914, 293.297, -50.7235], "direction": [0.462122, 0.00374719, -0.886808], "extended": true, "handId": 80, "id": 803, "length": 55.8316, "mcpPosition": [-56.212, 287.702, 5.73457], "pipPosition": [-40.985, 293.207, -29.4351], "stabilizedTipPosition": [-24.2295, 293.839, -61.7833], "timeVisible": 6.57348, "tipPosition": [-21.9099, 291.056, -62.1426], "tipVelocity": [-8.33913, -29.3734, 3.52526], "tool": false, "touchDistance": 0.300361, "touchZone": "hovering", "type": 3, "width": 18.0138}, {"bases": [[[0.725258, -0.63289, -0.271019], [0.679751, 0.720725, 0.13599], [0.109263, -0.282854, 0.952919]], [[0.68629, -0.559614, -0.464583], [0.616589, 0.78644, -0.0364725], [0.385777, -0.261426, 0.884778]], [[0.68629, -0.559614, -0.464583], [0.517565, 0.824532, -0.228635], [0.511011, -0.0835417, 0.855505]], [[0.68629, -0.559614, -0.464583], [0.46236, 0.828752, -0.315267], [0.561452, 0.00156029, 0.827508]]], "btipPosition": [-43.2499, 286.088, -51.0683], "carpPosition": [-77.9041, 261.707, 53.3647], "dipPosition": [-51.6363, 286.112, -38.7079], "direction": [0.511011, 0.0835417, -0.855505], "extended": true, "handId": 80, "id": 804, "length": 43.771, "mcpPosition": [-72.118, 276.685, 2.90263], "pipPosition": [-60.2974, 284.696, -24.208], "stabilizedTipPosition": [-45.6176, 287.275, -48.3795], "timeVisible": 6.57348, "tipPosition": [-44.207, 285.825, -48.7775], "tipVelocity": [-7.47233, -21.8137, 6.87454], "tool": false, "touchDistance": 0.299721, "touchZone": "hovering", "type": 4, "width": 16.0013}], "r": [[0.98855, -0.0429087, -0.144665], [0.0360565, 0.998115, -0.049661], [0.146523, 0.0438763, 0.988234]], "s": 0.912926, "t": [-133.204, 139.1, 94.3471], "timestamp": 7685383768}, {"currentFrameRate": 113.608, "devices": [], "gestures": [], "hands": [{"armBasis": [[0.635859, 0.155217, -0.756037], [0.468949, 0.700319, 0.538183], [0.613001, -0.696751, 0.372515]], "armWidth": 61.8789, "confidence": 1, "direction": [0.301868, 0.454938, -0.837799], "elbow": [-227.952, 76.0138, 170.347], "grabAngle": 0.394493, "grabStrength": 0, "id": 80, "palmNormal": [0.401636, -0.857689, -0.321025], "palmPosition": [-44.8337, 280.465, 26.4492], "palmVelocity": [9.82578, -29.7094, 9.09305], "palmWidth": 83.0971, "pinchDistance": 34.9977, "pinchStrength": 0, "r": [[0.988751, -0.0414685, -0.143707], [0.0347997, 0.998211, -0.0486133], [0.145466, 0.0430655, 0.988425]], "s": 0.912409, "sphereCenter": [44.7286, 143.017, -16.4306], "sphereRadius": 170.863, "stabilizedPalmPosition": [-45.3261, 281.862, 26.5562], "t": [133.287, 138.865, 94.4057], "timeVisible": 6.58209, "type": "left", "wrist": [-76.7987, 247.818, 78.4922]}], "id": 103457, "interactionBox": {"center": [0, 200, 0], "size": [235.247, 235.247, 147.751]}, "pointables": [{"bases": [[[0.64825, 0.759506, -0.0540583], [-0.398413, 0.398839, 0.82595], [0.648875, -0.513885, 0.561145]], [[0.657597, 0.75197, -0.0459105], [-0.332023, 0.343978, 0.878317], [0.67626, -0.562335, 0.47587]], [[0.657597, 0.75197, -0.0459105], [-0.687074, 0.623611, 0.37288], [0.309025, -0.213661, 0.926743]], [[0.657597, 0.75197, -0.0459105], [-0.751886, 0.651258, -0.102619], [-0.0472671, 0.102002, 0.993661]]], "btipPosition": [-2.79484, 285.981, 7.68014], "carpPosition": [-41.7957, 256.101, 76.9078], "dipPosition": [-1.83623, 288.05, 27.8324], "direction": [0.309025, 0.213661, -0.926743], "extended": false, "handId": 80, "id": 800, "length": 45.1624, "mcpPosition": [-41.7957, 256.101, 76.9078], "pipPosition": [-10.9667, 281.737, 55.214], "stabilizedTipPosition": [-2.785, 288.459, 13.1271], "timeVisible": 6.58209, "tipPosition": [-1.37604, 287.509, 12.571], "tipVelocity": [0.147081, -37.1523, -3.82439], "tool": false, "touchDistance": 0.30282, "touchZone": "hovering", "type": 0, "width": 20.1792}, {"bases": [[[0.801659, -0.159797, -0.576027], [0.331514, 0.920695, 0.205958], [0.497434, -0.356069, 0.791059]], [[0.921712, -0.269472, -0.278984], [0.296513, 0.95321, 0.0589129], [0.250055, -0.137023, 0.958487]], [[0.921712, -0.269472, -0.278984], [0.274119, 0.961421, -0.0230019], [0.274419, -0.0552737, 0.96002]], [[0.921712, -0.269472, -0.278984], [0.257758, 0.963008, -0.0785883], [0.289841, 0.000525357, 0.957075]]], "btipPosition": [0.383734, 304.273, -51.9117], "carpPosition": [-52.3864, 274.098, 71.2003], "dipPosition": [-3.9076, 304.281, -37.7414], "direction": [0.274419, 0.0552737, -0.96002], "extended": true, "handId": 80, "id": 801, "length": 50.9607, "mcpPosition": [-18.9649, 298.022, 18.0508], "pipPosition": [-9.65539, 303.123, -17.6335], "stabilizedTipPosition": [-1.18232, 305.828, -48.7852], "timeVisible": 6.58209, "tipPosition": [0.503999, 305.269, -49.9698], "tipVelocity": [3.22523, -37.9296, 4.34751], "tool": false, "touchDistance": 0.298587, "touchZone": "hovering", "type": 1, "width": 19.2752}, {"bases": [[[0.793154, -0.361033, -0.490471], [0.473112, 0.872384, 0.122926], [0.383499, -0.329547, 0.862744]], [[0.83619, -0.400721, -0.374444], [0.427411, 0.903965, -0.0129281], [0.343665, -0.149231, 0.927159]], [[0.83619, -0.400721, -0.374444], [0.381854, 0.91546, -0.126966], [0.393666, -0.0368152, 0.918516]], [[0.83619, -0.400721, -0.374444], [0.355683, 0.915929, -0.185913], [0.417464, 0.0222755, 0.908421]]], "btipPosition": [-6.26358, 301.719, -66.4373], "carpPosition": [-61.552, 273.944, 64.687], "dipPosition": [-13.0618, 302.081, -51.6441], "direction": [0.393667, 0.0368152, -0.918516], "extended": true, "handId": 80, "id": 802, "length": 58.0656, "mcpPosition": [-37.117, 294.941, 9.71644], "pipPosition": [-22.7625, 301.174, -29.01], "stabilizedTipPosition": [-8.29587, 303.299, -63.2418], "timeVisible": 6.58209, "tipPosition": [-5.19648, 299.96, -63.6944], "tipVelocity": [1.22862, -36.0361, 6.26087], "tool": false, "touchDistance": 0.300032, "touchZone": "hovering", "type": 2, "width": 18.9308}, {"bases": [[[0.803007, -0.470323, -0.366027], [0.540555, 0.833411, 0.11501], [0.250959, -0.290211, 0.92347]], [[0.789429, -0.455196, -0.411824], [0.47207, 0.879035, -0.0666984], [0.392368, -0.141756, 0.908819]], [[0.789429, -0.455196, -0.411824], [0.405078, 0.890386, -0.207662], [0.461209, -0.00288658, 0.887287]], [[0.789429, -0.455196, -0.411824], [0.372498, 0.888489, -0.268017], [0.487901, 0.058177, 0.870958]]], "btipPosition": [-21.9895, 292.095, -64.7515], "carpPosition": [-70.5088, 270.877, 58.6659], "dipPosition": [-29.889, 293.037, -50.6498], "direction": [0.461209, 0.00288658, -0.887287], "extended": true, "handId": 80, "id": 803, "length": 55.8316, "mcpPosition": [-56.1523, 287.479, 5.83761], "pipPosition": [-40.9607, 292.968, -29.35], "stabilizedTipPosition": [-24.1979, 293.725, -61.7628], "timeVisible": 6.58209, "tipPosition": [-21.9618, 290.887, -62.0837], "tipVelocity": [-1.10574, -31.6114, 7.87935], "tool": false, "touchDistance": 0.301491, "touchZone": "hovering", "type": 3, "width": 18.0138}, {"bases": [[[0.726228, -0.631946, -0.270623], [0.678905, 0.721177, 0.137811], [0.108078, -0.283809, 0.95277]], [[0.687594, -0.558662, -0.4638], [0.6156, 0.787253, -0.0356311], [0.385034, -0.261015, 0.885223]], [[0.687594, -0.558662, -0.4638], [0.516529, 0.825273, -0.228301], [0.510305, -0.0825876, 0.856019]], [[0.687594, -0.558662, -0.4638], [0.461235, 0.82939, -0.315237], [0.560782, 0.00283426, 0.827959]]], "btipPosition": [-43.249, 285.835, -50.9825], "carpPosition": [-77.7957, 261.451, 53.4718], "dipPosition": [-51.6254, 285.877, -38.6154], "direction": [0.510305, 0.0825876, -0.856019], "extended": true, "handId": 80, "id": 804, "length": 43.771, "mcpPosition": [-72.0724, 276.48, 3.01751], "pipPosition": [-60.2745, 284.478, -24.1067], "stabilizedTipPosition": [-45.5934, 287.197, -48.3663], "timeVisible": 6.58209, "tipPosition": [-44.2362, 285.653, -48.6916], "tipVelocity": [0.370787, -28.9355, 10.1502], "tool": false, "touchDistance": 0.301177, "touchZone": "hovering", "type": 4, "width": 16.0013}], "r": [[0.988751, -0.0414685, -0.143707], [0.0347997, 0.998211, -0.0486133], [0.145466, 0.0430655, 0.988425]], "s": 0.912409, "t": [-133.287, 138.865, 94.4057], "timestamp": 7685392375}, {"currentFrameRate": 113.559, "devices": [], "gestures": [], "hands": [{"armBasis": [[0.637087, 0.156833, -0.754668], [0.467184, 0.700174, 0.539903], [0.613073, -0.696534, 0.372802]], "armWidth": 61.8789, "confidence": 1, "direction": [0.301726, 0.456186, -0.837172], "elbow": [-227.854, 75.6803, 170.462], "grabAngle": 0.39679, "grabStrength": 0, "id": 80, "palmNormal": [0.399902, -0.857673, -0.323228], "palmPosition": [-44.7287, 280.131, 26.5195], "palmVelocity": [11.8079, -37.4868, 7.90581], "palmWidth": 83.0971, "pinchDistance": 34.9211, "pinchStrength": 0, "r": [[0.988953, -0.0399358, -0.142748], [0.0334787, 0.998317, -0.0473546], [0.144399, 0.0420524, 0.988626]], "s": 0.911748, "sphereCenter": [44.1587, 143.195, -16.6094], "sphereRadius": 170.127, "stabilizedPalmPosition": [-45.3, 281.787, 26.5546], "t": [133.38, 138.581, 94.4701], "timeVisible": 6.59098, "type": "left", "wrist": [-76.6832, 247.431, 78.5372]}], "id": 103458, "interactionBox": {"center": [0, 200, 0], "size": [235.247, 235.247, 147.751]}, "pointables": [{"bases": [[[0.64707, 0.760669, -0.0517977], [-0.399932, 0.396475, 0.826355], [0.649119, -0.513993, 0.560763]], [[0.656309, 0.753222, -0.0437528], [-0.334554, 0.342506, 0.877931], [0.676263, -0.561557, 0.476783]], [[0.656309, 0.753222, -0.0437528], [-0.689076, 0.622016, 0.371848], [0.307299, -0.213898, 0.927262]], [[0.656309, 0.753222, -0.0437528], [-0.752852, 0.64996, -0.103762], [-0.0497181, 0.101039, 0.993639]]], "btipPosition": [-2.77694, 285.529, 7.63999], "carpPosition": [-41.6773, 255.658, 76.9242], "dipPosition": [-1.76862, 287.578, 27.7918], "direction": [0.307299, 0.213898, -0.927262], "extended": false, "handId": 80, "id": 800, "length": 45.1624, "mcpPosition": [-41.6773, 255.658, 76.9242], "pipPosition": [-10.8481, 281.258, 55.1888], "stabilizedTipPosition": [-2.77443, 288.351, 13.0895], "timeVisible": 6.59098, "tipPosition": [-1.28558, 287.124, 12.607], "tipVelocity": [3.29891, -51.3241, -4.52685], "tool": false, "touchDistance": 0.302149, "touchZone": "hovering", "type": 0, "width": 20.1792}, {"bases": [[[0.802524, -0.157297, -0.57551], [0.329798, 0.920803, 0.208218], [0.49718, -0.356902, 0.790843]], [[0.922433, -0.26738, -0.278613], [0.294388, 0.953846, 0.0592702], [0.249906, -0.136693, 0.958573]], [[0.922433, -0.26738, -0.278613], [0.271932, 0.962043, -0.0229455], [0.274173, -0.054598, 0.960129]], [[0.922433, -0.26738, -0.278613], [0.255562, 0.96359, -0.0786252], [0.289492, 0.00132341, 0.95718]]], "btipPosition": [0.492534, 303.877, -51.8393], "carpPosition": [-52.2447, 273.684, 71.2652], "dipPosition": [-3.79363, 303.897, -37.6675], "direction": [0.274173, 0.054598, -0.960129], "extended": true, "handId": 80, "id": 801, "length": 50.9607, "mcpPosition": [-18.8402, 297.664, 18.1302], "pipPosition": [-9.53626, 302.753, -17.5573], "stabilizedTipPosition": [-1.1303, 305.681, -48.7697], "timeVisible": 6.59098, "tipPosition": [0.558197, 305.009, -49.8826], "tipVelocity": [12.3709, -44.2571, 8.18013], "tool": false, "touchDistance": 0.299799, "touchZone": "hovering", "type": 1, "width": 19.2752}, {"bases": [[[0.794257, -0.358724, -0.490381], [0.471562, 0.872895, 0.125235], [0.383126, -0.330714, 0.862463]], [[0.837262, -0.398611, -0.374301], [0.425401, 0.904924, -0.0121297], [0.343549, -0.149072, 0.927228]], [[0.837262, -0.398611, -0.374301], [0.379613, 0.916416, -0.126791], [0.393556, -0.0359317, 0.918598]], [[0.837262, -0.398611, -0.374301], [0.353325, 0.916819, -0.186022], [0.417316, 0.0234993, 0.908457]]], "btipPosition": [-6.16265, 301.359, -66.3506], "carpPosition": [-61.4174, 273.558, 64.7614], "dipPosition": [-12.9585, 301.742, -51.5568], "direction": [0.393556, 0.0359317, -0.918598], "extended": true, "handId": 80, "id": 802, "length": 58.0656, "mcpPosition": [-37.0061, 294.63, 9.80865], "pipPosition": [-22.6565, 300.856, -28.9206], "stabilizedTipPosition": [-8.24882, 303.146, -63.2176], "timeVisible": 6.59098, "tipPosition": [-5.18154, 299.767, -63.6183], "tipVelocity": [11.4133, -39.9166, 9.7688], "tool": false, "touchDistance": 0.301479, "touchZone": "hovering", "type": 2, "width": 18.9308}, {"bases": [[[0.804156, -0.468257, -0.366153], [0.539076, 0.834048, 0.11731], [0.250458, -0.29172, 0.923131]], [[0.790678, -0.45314, -0.411695], [0.470225, 0.880104, -0.0656161], [0.392068, -0.141708, 0.908956]], [[0.790678, -0.45314, -0.411695], [0.403028, 0.891437, -0.207143], [0.460865, -0.00214083, 0.887468]], [[0.790678, -0.45314, -0.411695], [0.370443, 0.889481, -0.267573], [0.487443, 0.0590546, 0.871156]]], "btipPosition": [-21.9221, 291.789, -64.6675], "carpPosition": [-70.3854, 270.519, 58.7434], "dipPosition": [-29.8142, 292.745, -50.5627], "direction": [0.460865, 0.00214083, -0.887468], "extended": true, "handId": 80, "id": 803, "length": 55.8316, "mcpPosition": [-56.0576, 287.207, 5.93447], "pipPosition": [-40.8776, 292.694, -29.2584], "stabilizedTipPosition": [-24.1638, 293.598, -61.7377], "timeVisible": 6.59098, "tipPosition": [-21.948, 290.711, -62.0108], "tipVelocity": [7.77052, -34.0608, 9.52992], "tool": false, "touchDistance": 0.302904, "touchZone": "hovering", "type": 3, "width": 18.0138}, {"bases": [[[0.72754, -0.630202, -0.271166], [0.677585, 0.721992, 0.140024], [0.107536, -0.285611, 0.952293]], [[0.689106, -0.556764, -0.46384], [0.613966, 0.788581, -0.0344217], [0.38494, -0.261062, 0.88525]], [[0.689106, -0.556764, -0.46384], [0.514601, 0.826636, -0.227722], [0.510214, -0.0817678, 0.856152]], [[0.689106, -0.556764, -0.46384], [0.45916, 0.830661, -0.31492], [0.56063, 0.00403702, 0.828057]]], "btipPosition": [-43.1819, 285.564, -50.8962], "carpPosition": [-77.6931, 261.115, 53.5373], "dipPosition": [-51.5559, 285.624, -38.5276], "direction": [0.510214, 0.0817678, -0.856152], "extended": true, "handId": 80, "id": 804, "length": 43.771, "mcpPosition": [-71.9985, 276.239, 3.10838], "pipPosition": [-60.2035, 284.239, -24.0167], "stabilizedTipPosition": [-45.5669, 287.108, -48.3491], "timeVisible": 6.59098, "tipPosition": [-44.2076, 285.475, -48.6075], "tipVelocity": [7.61497, -29.9943, 9.74561], "tool": false, "touchDistance": 0.302621, "touchZone": "hovering", "type": 4, "width": 16.0013}], "r": [[0.988953, -0.0399358, -0.142748], [0.0334787, 0.998317, -0.0473546], [0.144399, 0.0420524, 0.988626]], "s": 0.911748, "t": [-133.38, 138.581, 94.4701], "timestamp": 7685401266}, {"currentFrameRate": 113.806, "devices": [], "gestures": [], "hands": [{"armBasis": [[0.637901, 0.158366, -0.753659], [0.465487, 0.70034, 0.541152], [0.613518, -0.69602, 0.373031]], "armWidth": 61.8789, "confidence": 1, "direction": [0.301091, 0.457577, -0.836641], "elbow": [-227.803, 75.3376, 170.548], "grabAngle": 0.398285, "grabStrength": 0, "id": 80, "palmNormal": [0.398532, -0.85744, -0.325528], "palmPosition": [-44.602, 279.726, 26.5657], "palmVelocity": [15.1511, -48.4668, 5.5338], "palmWidth": 83.0971, "pinchDistance": 34.8311, "pinchStrength": 0, "r": [[0.989159, -0.0384372, -0.141728], [0.0322164, 0.998425, -0.0459297], [0.143271, 0.0408658, 0.988839]], "s": 0.911062, "sphereCenter": [43.9069, 143.25, -16.7943], "sphereRadius": 169.593, "stabilizedPalmPosition": [-45.2707, 281.7, 26.5551], "t": [133.49, 138.237, 94.5254], "timeVisible": 6.59935, "type": "left", "wrist": [-76.5226, 246.961, 78.5663]}], "id": 103459, "interactionBox": {"center": [0, 200, 0], "size": [235.247, 235.247, 147.751]}, "pointables": [{"bases": [[[0.646311, 0.761476, -0.0493613], [-0.401478, 0.394343, 0.826625], [0.64892, -0.51444, 0.560584]], [[0.655916, 0.75372, -0.0409963], [-0.336679, 0.340737, 0.877807], [0.67559, -0.561965, 0.477256]], [[0.655916, 0.75372, -0.0409963], [-0.690235, 0.620881, 0.371593], [0.305531, -0.215437, 0.92749]], [[0.655916, 0.75372, -0.0409963], [-0.753066, 0.6497, -0.103829], [-0.0516227, 0.0989761, 0.99375]]], "btipPosition": [-2.73039, 285.123, 7.60121], "carpPosition": [-41.5091, 255.146, 76.9159], "dipPosition": [-1.68344, 287.13, 27.7553], "direction": [0.305531, 0.215437, -0.92749], "extended": false, "handId": 80, "id": 800, "length": 45.1624, "mcpPosition": [-41.5091, 255.146, 76.9159], "pipPosition": [-10.7107, 280.765, 55.159], "stabilizedTipPosition": [-2.76229, 288.233, 13.0532], "timeVisible": 6.59935, "tipPosition": [-1.17632, 286.695, 12.6072], "tipVelocity": [6.62975, -49.7203, -4.57523], "tool": false, "touchDistance": 0.301511, "touchZone": "hovering", "type": 0, "width": 20.1792}, {"bases": [[[0.803471, -0.155244, -0.574746], [0.328515, 0.920731, 0.210553], [0.4965, -0.357986, 0.790781]], [[0.923077, -0.265776, -0.278015], [0.292673, 0.954366, 0.0593922], [0.249543, -0.136191, 0.958739]], [[0.923077, -0.265776, -0.278015], [0.270273, 0.962514, -0.0227718], [0.273646, -0.0541197, 0.960307]], [[0.923077, -0.265776, -0.278015], [0.253983, 0.964033, -0.0783105], [0.288829, 0.00167562, 0.957379]]], "btipPosition": [0.59254, 303.427, -51.8049], "carpPosition": [-52.0646, 273.195, 71.3083], "dipPosition": [-3.68381, 303.452, -37.6301], "direction": [0.273646, 0.0541197, -0.960307], "extended": true, "handId": 80, "id": 801, "length": 50.9607, "mcpPosition": [-18.7058, 297.248, 18.1775], "pipPosition": [-9.41539, 302.318, -17.5162], "stabilizedTipPosition": [-1.07789, 305.522, -48.7538], "timeVisible": 6.59935, "tipPosition": [0.598316, 304.699, -49.8327], "tipVelocity": [12.2296, -53.6841, 4.19784], "tool": false, "touchDistance": 0.300384, "touchZone": "hovering", "type": 1, "width": 19.2752}, {"bases": [[[0.795308, -0.356854, -0.490041], [0.470443, 0.873147, 0.127664], [0.38232, -0.332069, 0.8623]], [[0.838209, -0.396942, -0.373956], [0.42387, 0.905654, -0.0112338], [0.343133, -0.149092, 0.927379]], [[0.838209, -0.396942, -0.373956], [0.378114, 0.917145, -0.125991], [0.392983, -0.035791, 0.918849]], [[0.838209, -0.396942, -0.373956], [0.351867, 0.917538, -0.18524], [0.416648, 0.0236871, 0.908759]]], "btipPosition": [-6.08509, 300.974, -66.3023], "carpPosition": [-61.2462, 273.092, 64.8166], "dipPosition": [-12.87, 301.36, -51.5036], "direction": [0.392983, 0.035791, -0.918849], "extended": true, "handId": 80, "id": 802, "length": 58.0656, "mcpPosition": [-36.8862, 294.251, 9.87429], "pipPosition": [-22.5539, 300.478, -28.8613], "stabilizedTipPosition": [-8.20266, 302.987, -63.1931], "timeVisible": 6.59935, "tipPosition": [-5.17711, 299.518, -63.5789], "tipVelocity": [9.5748, -45.9654, 5.90714], "tool": false, "touchDistance": 0.302302, "touchZone": "hovering", "type": 2, "width": 18.9308}, {"bases": [[[0.805159, -0.466631, -0.366026], [0.53801, 0.834389, 0.11975], [0.249529, -0.293343, 0.922868]], [[0.791784, -0.451499, -0.411372], [0.468906, 0.880904, -0.0643098], [0.391415, -0.141975, 0.909196]], [[0.791784, -0.451499, -0.411372], [0.401832, 0.892269, -0.205882], [0.46001, -0.00228839, 0.887911]], [[0.791784, -0.451499, -0.411372], [0.369476, 0.890341, -0.266044], [0.48638, 0.0586576, 0.871776]]], "btipPosition": [-21.8785, 291.458, -64.6213], "carpPosition": [-70.2256, 270.075, 58.8045], "dipPosition": [-29.7534, 292.408, -50.5064], "direction": [0.46001, 0.00228839, -0.887911], "extended": true, "handId": 80, "id": 803, "length": 55.8316, "mcpPosition": [-55.951, 286.856, 6.01064], "pipPosition": [-40.7962, 292.353, -29.1915], "stabilizedTipPosition": [-24.1314, 293.466, -61.7128], "timeVisible": 6.59935, "tipPosition": [-21.9397, 290.47, -61.9698], "tipVelocity": [5.69019, -39.69, 5.80372], "tool": false, "touchDistance": 0.303712, "touchZone": "hovering", "type": 3, "width": 18.0138}, {"bases": [[[0.728591, -0.628854, -0.271475], [0.67661, 0.722437, 0.142421], [0.106561, -0.287449, 0.95185]], [[0.690407, -0.555175, -0.463809], [0.612795, 0.789556, -0.0329103], [0.384474, -0.261499, 0.885324]], [[0.690407, -0.555175, -0.463809], [0.513416, 0.827706, -0.226507], [0.509649, -0.081745, 0.85649]], [[0.690407, -0.555175, -0.463809], [0.458068, 0.831723, -0.313704], [0.559921, 0.00412687, 0.828536]]], "btipPosition": [-43.1254, 285.248, -50.8361], "carpPosition": [-77.5506, 260.69, 53.5891], "dipPosition": [-51.4888, 285.31, -38.4604], "direction": [0.509649, 0.081745, -0.85649], "extended": true, "handId": 80, "id": 804, "length": 43.771, "mcpPosition": [-71.9076, 275.912, 3.18361], "pipPosition": [-60.1269, 283.924, -23.9437], "stabilizedTipPosition": [-45.5405, 287.014, -48.3307], "timeVisible": 6.59935, "tipPosition": [-44.1805, 285.224, -48.5481], "tipVelocity": [7.04441, -37.7458, 7.38227], "tool": false, "touchDistance": 0.30365, "touchZone": "hovering", "type": 4, "width": 16.0013}], "r": [[0.989159, -0.0384372, -0.141728], [0.0322164, 0.998425, -0.0459297], [0.143271, 0.0408658, 0.988839]], "s": 0.911062, "t": [-133.49, 138.237, 94.5254], "timestamp": 7685409628}, {"currentFrameRate": 113.79, "devices": [], "gestures": [], "hands": [{"armBasis": [[0.637783, 0.158221, -0.75379], [0.464587, 0.701559, 0.540346], [0.614322, -0.694825, 0.373935]], "armWidth": 61.8789, "confidence": 1, "direction": [0.301425, 0.457663, -0.836473], "elbow": [-227.913, 75.1672, 170.793], "grabAngle": 0.39849, "grabStrength": 0, "id": 80, "palmNormal": [0.397797, -0.857641, -0.325898], "palmPosition": [-44.4888, 279.245, 26.5899], "palmVelocity": [12.8465, -54.6234, 2.74412], "palmWidth": 83.0971, "pinchDistance": 34.7784, "pinchStrength": 0, "r": [[0.98933, -0.0370626, -0.140902], [0.0310392, 0.998518, -0.0447097], [0.14235, 0.0398591, 0.989013]], "s": 0.910448, "sphereCenter": [43.9713, 142.86, -16.7058], "sphereRadius": 169.466, "stabilizedPalmPosition": [-45.235, 281.588, 26.5567], "t": [133.602, 137.824, 94.5652], "timeVisible": 6.60816, "type": "left", "wrist": [-76.4345, 246.496, 78.5888]}], "id": 103460, "interactionBox": {"center": [0, 200, 0], "size": [235.247, 235.247, 147.751]}, "pointables": [{"bases": [[[0.645678, 0.762035, -0.0490165], [-0.401854, 0.393674, 0.826761], [0.649317, -0.514124, 0.560413]], [[0.655571, 0.754052, -0.0404064], [-0.337183, 0.340186, 0.877828], [0.675673, -0.561854, 0.477269]], [[0.655571, 0.754052, -0.0404064], [-0.690759, 0.620443, 0.371352], [0.305089, -0.215537, 0.927612]], [[0.655571, 0.754052, -0.0404064], [-0.753311, 0.649336, -0.104335], [-0.052437, 0.0988379, 0.993721]]], "btipPosition": [-2.66056, 284.619, 7.61167], "carpPosition": [-41.4135, 254.642, 76.93], "dipPosition": [-1.59709, 286.624, 27.7651], "direction": [0.305089, 0.215537, -0.927612], "extended": false, "handId": 80, "id": 800, "length": 45.1624, "mcpPosition": [-41.4135, 254.642, 76.93], "pipPosition": [-10.6113, 280.255, 55.1725], "stabilizedTipPosition": [-2.74614, 288.086, 13.0156], "timeVisible": 6.60816, "tipPosition": [-1.06225, 286.179, 12.6305], "tipVelocity": [8.35285, -57.2178, 1.17108], "tool": false, "touchDistance": 0.301683, "touchZone"