{"frames": 112, "data": [{"currentFrameRate": 112.356, "devices": [], "gestures": [], "hands": [{"armBasis": [[-0.228295, -0.961553, -0.152635], [0.677842, -0.044444, -0.733863], [0.698864, -0.271, 0.661928]], "armWidth": 59.3592, "confidence": 1, "direction": [0.467758, 0.225062, -0.854722], "elbow": [-66.1497, 56.814, 272.581], "grabAngle": 2.52769, "grabStrength": 0, "id": 55, "palmNormal": [0.857814, 0.117418, 0.500368], "palmPosition": [144.01, 147.41, 53.7393], "palmVelocity": [-1.44019, 14.9605, 13.0181], "palmWidth": 83.5833, "pinchDistance": 58.8143, "pinchStrength": 1, "r": [[0.930946, 0.0017732, -0.365153], [-0.0700683, 0.982273, -0.173867], [0.358372, 0.187446, 0.914567]], "s": 1.2729, "sphereCenter": [187.785, 142.538, 54.3772], "sphereRadius": 45.3534, "stabilizedPalmPosition": [144.037, 146.724, 53.1869], "t": [244.906, 16.7034, 96.6034], "timeVisible": 9.19242, "type": "left", "wrist": [107.184, 124.028, 108.408]}], "id": 69792, "interactionBox": {"center": [0, 200, 0], "size": [235.247, 235.247, 147.751]}, "pointables": [{"bases": [[[-0.288488, -0.915724, -0.279687], [0.785225, -0.0591163, -0.616382], [0.547901, -0.397436, 0.736104]], [[-0.150177, -0.983894, -0.0969501], [0.816649, -0.0681782, -0.573093], [0.557253, -0.165239, 0.813735]], [[-0.150177, -0.983894, -0.0969501], [0.81329, -0.0671853, -0.577967], [0.562144, -0.165646, 0.810281]], [[-0.150177, -0.983894, -0.0969501], [0.778896, -0.0573477, -0.624526], [0.608908, -0.169303, 0.774963]]], "btipPosition": [192.592, 187.566, -26.5533], "carpPosition": [111.125, 147.731, 86.0403], "dipPosition": [182.946, 184.884, -14.2773], "direction": [0.562144, 0.165646, -0.810281], "extended": true, "handId": 55, "id": 551, "length": 54.5231, "mcpPosition": [148.152, 174.59, 36.2937], "pipPosition": [170.349, 181.172, 3.8807], "stabilizedTipPosition": [190.271, 186.432, -24.1647], "timeVisible": 9.19242, "tipPosition": [188.962, 188.588, -24.1099], "tipVelocity": [4.28371, 19.0564, 18.1717], "tool": false, "touchDistance": 0.333456, "touchZone": "hovering", "type": 1, "width": 18.1291}, {"bases": [[[0.590277, -0.450321, -0.669913], [0.737576, 0.638087, 0.220969], [0.327956, -0.624545, 0.708794]], [[0.48795, -0.27743, -0.827609], [0.545475, 0.837124, 0.040987], [0.681441, -0.47144, 0.559806]], [[0.48795, -0.27743, -0.827609], [0.217506, 0.956883, -0.192526], [0.845338, -0.0860669, 0.527254]], [[0.48795, -0.27743, -0.827609], [-0.136867, 0.912099, -0.386448], [0.862074, 0.30184, 0.407088]]], "btipPosition": [197.032, 172.583, 53.2826], "carpPosition": [120.357, 154.794, 104.453], "dipPosition": [178.326, 179.133, 62.1158], "direction": [0.845338, 0.0860669, -0.527254], "extended": false, "handId": 55, "id": 550, "length": 48.3194, "mcpPosition": [120.357, 154.794, 104.453], "pipPosition": [151.604, 176.412, 78.7831], "stabilizedTipPosition": [191.924, 174.415, 53.1404], "timeVisible": 9.19242, "tipPosition": [192.773, 174.223, 55.2825], "tipVelocity": [13.4024, -14.4085, 25.6285], "tool": false, "touchDistance": 0.333505, "touchZone": "hovering", "type": 0, "width": 18.9794}, {"bases": [[[-0.341419, -0.937415, -0.0684614], [0.736987, -0.221791, -0.638482], [0.583338, -0.268445, 0.766586]], [[-0.353995, -0.931369, -0.0850784], [0.029498, 0.0798049, -0.996374], [0.934782, -0.355221, -0.000777039]], [[-0.353995, -0.931369, -0.0850784], [-0.934758, 0.355285, -1.64e-05], [0.0302423, 0.079522, -0.996374]], [[-0.353995, -0.931369, -0.0850784], [-0.757275, 0.23206, 0.610478], [-0.548837, 0.280534, -0.78745]]], "btipPosition": [183.816, 163.702, 72.4425], "carpPosition": [113.421, 137.608, 81.5486], "dipPosition": [193.378, 168.59, 58.7228], "direction": [0.0302423, -0.079522, 0.996374], "extended": false, "handId": 55, "id": 552, "length": 62.1247, "mcpPosition": [150.807, 154.812, 32.419], "pipPosition": [192.581, 170.686, 32.4538], "stabilizedTipPosition": [186.362, 165.277, 69.3782], "timeVisible": 9.19242, "tipPosition": [188.454, 165.889, 69.2444], "tipVelocity": [40.1929, 12.3677, -23.7944], "tool": false, "touchDistance": 0.333333, "touchZone": "none", "type": 2, "width": 17.8052}, {"bases": [[[-0.306433, -0.947297, 0.0934218], [0.728931, -0.296642, -0.616979], [0.612175, -0.120965, 0.781415]], [[-0.342591, -0.938338, 0.0463969], [-0.396781, 0.0997477, -0.912478], [0.851585, -0.331016, -0.406487]], [[-0.342591, -0.938338, 0.0463969], [-0.887418, 0.339422, 0.3119], [-0.308416, 0.0656806, -0.948981]], [[-0.342591, -0.938338, 0.0463969], [-0.466403, 0.21274, 0.858609], [-0.815536, 0.272512, -0.510527]]], "btipPosition": [165.538, 141.365, 84.7663], "carpPosition": [117.085, 127.1, 79.6741], "dipPosition": [179.666, 146.085, 75.9226], "direction": [-0.308416, -0.0656806, 0.948981], "extended": false, "handId": 55, "id": 553, "length": 59.7345, "mcpPosition": [152.311, 134.06, 34.7106], "pipPosition": [187.587, 147.772, 51.5491], "stabilizedTipPosition": [169.217, 142.496, 82.1483], "timeVisible": 9.19242, "tipPosition": [170.966, 144.392, 81.6001], "tipVelocity": [-4.20044, -1.88115, 8.55351], "tool": false, "touchDistance": 0.333333, "touchZone": "none", "type": 3, "width": 16.9428}, {"bases": [[[-0.349721, -0.892807, 0.283884], [0.723597, -0.449884, -0.523461], [0.595065, 0.0223522, 0.803367]], [[-0.413341, -0.889809, 0.193364], [-0.359447, -0.0356648, -0.932484], [0.836628, -0.454938, -0.305098]], [[-0.413341, -0.889809, 0.193364], [-0.87363, 0.447401, 0.191319], [-0.256749, -0.0898488, -0.962293]], [[-0.413341, -0.889809, 0.193364], [-0.495554, 0.39797, 0.77204], [-0.763921, 0.223293, -0.605446]]], "btipPosition": [166.554, 128.648, 77.7747], "carpPosition": [124.295, 116.863, 83.4384], "dipPosition": [178.762, 132.216, 68.0991], "direction": [-0.256749, 0.0898488, 0.962293], "extended": false, "handId": 55, "id": 554, "length": 46.8308, "mcpPosition": [155.991, 115.673, 40.6469], "pipPosition": [183.418, 130.587, 50.649], "stabilizedTipPosition": [169.782, 129.424, 75.2635], "timeVisible": 9.19242, "tipPosition": [170.836, 130.899, 74.7737], "tipVelocity": [-7.44909, -1.54519, 5.77209], "tool": false, "touchDistance": 0.333333, "touchZone": "none", "type": 4, "width": 15.0499}], "r": [[0.930946, 0.0017732, -0.365153], [-0.0700683, 0.982273, -0.173867], [0.358372, 0.187446, 0.914567]], "s": 1.2729, "t": [-244.906, 16.7034, 96.6034], "timestamp": 7387966889}, {"currentFrameRate": 112.421, "devices": [], "gestures": [], "hands": [{"armBasis": [[-0.227197, -0.961525, -0.154439], [0.679106, -0.0427638, -0.732794], [0.697995, -0.271369, 0.662693]], "armWidth": 59.3592, "confidence": 1, "direction": [0.467716, 0.225322, -0.854676], "elbow": [-65.9452, 56.8324, 272.87], "grabAngle": 2.5264, "grabStrength": 0, "id": 55, "palmNormal": [0.858242, 0.115425, 0.500098], "palmPosition": [-144, 147.532, 53.843], "palmVelocity": [-1.16056, 13.9037, 11.8033], "palmWidth": 83.5833, "pinchDistance": 58.8903, "pinchStrength": 1, "r": [[0.931115, 0.00448365, -0.364698], [-0.0720475, 0.982482, -0.171867], [0.357538, 0.186303, 0.915127]], "s": 1.27208, "sphereCenter": [187.711, 142.756, 54.4268], "sphereRadius": 45.2841, "stabilizedPalmPosition": [144.033, 146.799, 53.2479], "t": [244.892, 16.827, 96.7139], "timeVisible": 9.2012, "type": "left", "wrist": [107.173, 124.138, 108.508]}], "id": 69793, "interactionBox": {"center": [0, 200, 0], "size": [235.247, 235.247, 147.751]}, "pointables": [{"bases": [[[-0.286864, -0.915857, -0.280917], [0.785614, -0.0571028, -0.616076], [0.548196, -0.397423, 0.735891]], [[-0.148621, -0.983995, -0.0983159], [0.816703, -0.0660762, -0.573262], [0.557591, -0.165494, 0.813452]], [[-0.148621, -0.983995, -0.0983159], [0.813245, -0.0650531, -0.578274], [0.562623, -0.165899, 0.809897]], [[-0.148621, -0.983995, -0.0983159], [0.779295, -0.0553357, -0.624209], [0.608778, -0.169388, 0.775046]]], "btipPosition": [192.64, 187.72, -26.4006], "carpPosition": [111.13, 147.868, 86.16], "dipPosition": [182.996, 185.036, -14.1233], "direction": [0.562623, 0.165899, -0.809897], "extended": true, "handId": 55, "id": 551, "length": 54.5231, "mcpPosition": [148.178, 174.727, 36.4278], "pipPosition": [170.388, 181.319, 4.0261], "stabilizedTipPosition": [190.311, 186.61, -24.0086], "timeVisible": 9.2012, "tipPosition": [188.986, 188.725, -23.9774], "tipVelocity": [5.4998, 17.4211, 17.4212], "tool": false, "touchDistance": 0.333454, "touchZone": "hovering", "type": 1, "width": 18.1291}, {"bases": [[[0.591328, -0.44856, -0.670168], [0.736431, 0.639021, 0.222083], [0.328634, -0.624856, 0.708205]], [[0.488223, -0.274769, -0.828336], [0.544234, 0.837839, 0.0428514], [0.682237, -0.471729, 0.558591]], [[0.488223, -0.274769, -0.828336], [0.213268, 0.957931, -0.192057], [0.846259, -0.082891, 0.526283]], [[0.488223, -0.274769, -0.828336], [-0.14211, 0.911445, -0.386098], [0.861071, 0.306217, 0.405941]]], "btipPosition": [197.102, 172.501, 53.5176], "carpPosition": [120.383, 154.894, 104.576], "dipPosition": [178.418, 179.145, 62.326], "direction": [0.846259, 0.082891, -0.526284], "extended": false, "handId": 55, "id": 550, "length": 48.3194, "mcpPosition": [120.383, 154.894, 104.576], "pipPosition": [151.666, 176.525, 78.9626], "stabilizedTipPosition": [191.939, 174.408, 53.1826], "timeVisible": 9.2012, "tipPosition": [192.807, 174.261, 55.3964], "tipVelocity": [8.5317, -6.86284, 26.1135], "tool": false, "touchDistance": 0.333513, "touchZone": "hovering", "type": 0, "width": 18.9794}, {"bases": [[[-0.33986, -0.937886, -0.0697436], [0.737651, -0.219829, -0.638393], [0.583409, -0.268411, 0.766544]], [[-0.352971, -0.931574, -0.0870671], [0.0374047, 0.0789326, -0.996178], [0.934886, -0.354879, 0.00698432]], [[-0.352971, -0.931574, -0.0870671], [-0.934856, 0.354942, -0.0077776], [0.0381492, 0.0786499, -0.996172]], [[-0.352971, -0.931574, -0.0870671], [-0.762206, 0.232328, 0.604206], [-0.542635, 0.279631, -0.792057]]], "btipPosition": [184.129, 163.862, 72.2799], "carpPosition": [113.408, 137.746, 81.6552], "dipPosition": [193.583, 168.734, 58.4799], "direction": [0.0381492, -0.0786499, 0.996172], "extended": false, "handId": 55, "id": 552, "length": 62.1247, "mcpPosition": [150.798, 154.948, 32.5283], "pipPosition": [192.577, 170.808, 32.2162], "stabilizedTipPosition": [186.351, 165.222, 69.3274], "timeVisible": 9.2012, "tipPosition": [188.424, 165.896, 69.3425], "tipVelocity": [32.7951, 17.7996, -20.6242], "tool": false, "touchDistance": 0.333333, "touchZone": "none", "type": 2, "width": 17.8052}, {"bases": [[[-0.304936, -0.947905, 0.0921444], [0.729707, -0.294719, -0.616984], [0.611998, -0.120902, 0.781563]], [[-0.341085, -0.938949, 0.045113], [-0.397144, 0.100438, -0.912244], [0.85202, -0.329069, -0.407156]], [[-0.341085, -0.938949, 0.045113], [-0.88782, 0.337541, 0.312797], [-0.308928, 0.0666384, -0.948748]], [[-0.341085, -0.938949, 0.045113], [-0.466065, 0.210591, 0.859322], [-0.81636, 0.272077, -0.509441]]], "btipPosition": [165.488, 141.398, 84.853], "carpPosition": [117.055, 127.235, 79.7663], "dipPosition": [179.63, 146.111, 76.028], "direction": [-0.308928, -0.0666384, 0.948748], "extended": false, "handId": 55, "id": 553, "length": 59.7345, "mcpPosition": [152.27, 134.191, 34.7944], "pipPosition": [187.564, 147.823, 51.6606], "stabilizedTipPosition": [169.201, 142.495, 82.17], "timeVisible": 9.2012, "tipPosition": [170.958, 144.431, 81.6907], "tipVelocity": [-5.36692, 3.6365, 10.3614], "tool": false, "touchDistance": 0.333333, "touchZone": "none", "type": 3, "width": 16.9428}, {"bases": [[[-0.348403, -0.893713, 0.282651], [0.724577, -0.448081, -0.523652], [0.594645, 0.0223605, 0.803677]], [[-0.41229, -0.890668, 0.191645], [-0.359289, -0.0343512, -0.932594], [0.837215, -0.453355, -0.305844]], [[-0.41229, -0.890668, 0.191645], [-0.874144, 0.446004, 0.192231], [-0.256688, -0.0882703, -0.962455]], [[-0.41229, -0.890668, 0.191645], [-0.495611, 0.395773, 0.773132], [-0.764452, 0.223774, -0.604598]]], "btipPosition": [166.498, 128.678, 77.8486], "carpPosition": [124.249, 116.982, 83.515], "dipPosition": [178.715, 132.254, 68.1865], "direction": [-0.256688, 0.0882703, 0.962455], "extended": false, "handId": 55, "id": 554, "length": 46.8308, "mcpPosition": [155.923, 115.791, 40.707], "pipPosition": [183.369, 130.654, 50.7335], "stabilizedTipPosition": [169.748, 129.429, 75.2889], "timeVisible": 9.2012, "tipPosition": [170.805, 130.949, 74.8466], "tipVelocity": [-6.18327, 3.63252, 8.7728], "tool": false, "touchDistance": 0.333333, "touchZone": "none", "type": 4, "width": 15.0499}], "r": [[0.931115, 0.00448365, -0.364698], [-0.0720475, 0.982482, -0.171867], [0.357538, 0.186303, 0.915127]], "s": 1.27208, "t": [-244.892, 16.827, 96.7139], "timestamp": 7387975671}, {"currentFrameRate": 112.632, "devices": [], "gestures": [], "hands": [{"armBasis": [[-0.225575, -0.961559, -0.156591], [0.680459, -0.0404777, -0.731667], [0.697202, -0.2716, 0.663432]], "armWidth": 59.3592, "confidence": 1, "direction": [0.468338, 0.226468, -0.854033], "elbow": [-65.8122, 56.8358, 273.104], "grabAngle": 2.52525, "grabStrength": 0, "id": 55, "palmNormal": [0.858296, 0.112834, 0.500596], "palmPosition": [143.975, 147.653, 53.9435], "palmVelocity": [-2.9185, 14.1537, 11.8113], "palmWidth": 83.5833, "pinchDistance": 58.9581, "pinchStrength": 1, "r": [[0.931224, 0.00713281, -0.364378], [-0.0739746, 0.982695, -0.169817], [0.356862, 0.185092, 0.915637]], "s": 1.2713, "sphereCenter": [187.633, 142.947, 54.5048], "sphereRadius": 45.2249, "stabilizedPalmPosition": [144.028, 146.871, 53.3064], "t": [244.873, 16.9491, 96.8194], "timeVisible": 9.20971, "type": "left", "wrist": [107.109, 124.198, 108.558]}], "id": 69794, "interactionBox": {"center": [0, 200, 0], "size": [235.247, 235.247, 147.751]}, "pointables": [{"bases": [[[-0.285391, -0.915702, -0.282916], [0.785536, -0.0543722, -0.616422], [0.549076, -0.398162, 0.734835]], [[-0.147033, -0.984005, -0.100576], [0.816276, -0.0632824, -0.574186], [0.558637, -0.166522, 0.812524]], [[-0.147033, -0.984005, -0.100576], [0.812713, -0.062224, -0.579332], [0.563807, -0.16692, 0.808863]], [[-0.147033, -0.984005, -0.100576], [0.779223, -0.0525995, -0.624536], [0.609256, -0.170198, 0.774493]]], "btipPosition": [192.742, 187.949, -26.1683], "carpPosition": [111.097, 147.971, 86.2521], "dipPosition": [183.091, 185.253, -13.8996], "direction": [0.563807, 0.16692, -0.808863], "extended": true, "handId": 55, "id": 551, "length": 54.5231, "mcpPosition": [148.204, 174.879, 36.5913], "pipPosition": [170.456, 181.512, 4.22654], "stabilizedTipPosition": [190.363, 186.788, -23.8453], "timeVisible": 9.20971, "tipPosition": [189.057, 188.941, -23.7694], "tipVelocity": [11.7686, 26.6126, 27.0639], "tool": false, "touchDistance": 0.333512, "touchZone": "hovering", "type": 1, "width": 18.1291}, {"bases": [[[0.591899, -0.446034, -0.671349], [0.735409, 0.639763, 0.223329], [0.329892, -0.625904, 0.706693]], [[0.487918, -0.271239, -0.829678], [0.542969, 0.838537, 0.0451754], [0.683462, -0.472531, 0.556411]], [[0.487918, -0.271239, -0.829678], [0.209002, 0.95915, -0.190655], [0.847499, -0.0803807, 0.524676]], [[0.487918, -0.271239, -0.829678], [-0.147528, 0.911198, -0.384647], [0.860332, 0.310077, 0.404575]]], "btipPosition": [197.155, 172.42, 53.8086], "carpPosition": [120.356, 154.94, 104.687], "dipPosition": [178.487, 179.148, 62.5873], "direction": [0.847499, 0.0803807, -0.524676], "extended": false, "handId": 55, "id": 550, "length": 48.3194, "mcpPosition": [120.356, 154.94, 104.687], "pipPosition": [151.696, 176.607, 79.1731], "stabilizedTipPosition": [191.951, 174.403, 53.2159], "timeVisible": 9.20971, "tipPosition": [192.827, 174.292, 55.5737], "tipVelocity": [6.62468, -7.25134, 33.3813], "tool": false, "touchDistance": 0.333555, "touchZone": "hovering", "type": 0, "width": 18.9794}, {"bases": [[[-0.33829, -0.938301, -0.0717784], [0.737843, -0.217128, -0.639095], [0.584078, -0.269161, 0.765771]], [[-0.351915, -0.93172, -0.0897451], [0.0442806, 0.0791996, -0.995875], [0.934984, -0.354438, 0.0133855]], [[-0.351915, -0.93172, -0.0897451], [-0.934948, 0.3545, -0.0141786], [0.0450251, 0.0789174, -0.995864]], [[-0.351915, -0.93172, -0.0897451], [-0.766216, 0.231672, 0.599367], [-0.537651, 0.279691, -0.795427]]], "btipPosition": [184.395, 163.992, 72.1637], "carpPosition": [113.359, 137.856, 81.725], "dipPosition": [193.762, 168.865, 58.3051], "direction": [0.0450251, -0.0789174, 0.995864], "extended": false, "handId": 55, "id": 552, "length": 62.1247, "mcpPosition": [150.792, 155.106, 32.6476], "pipPosition": [192.575, 170.945, 32.0494], "stabilizedTipPosition": [186.387, 165.202, 69.2646], "timeVisible": 9.20971, "tipPosition": [188.378, 165.886, 69.4838], "tipVelocity": [28.9277, 15.2385, -15.2317], "tool": false, "touchDistance": 0.333333, "touchZone": "none", "type": 2, "width": 17.8052}, {"bases": [[[-0.303303, -0.948627, 0.0900767], [0.730031, -0.29208, -0.617854], [0.612422, -0.121638, 0.781116]], [[-0.339481, -0.939626, 0.0430758], [-0.398133, 0.10205, -0.911634], [0.852199, -0.326632, -0.40874]], [[-0.339481, -0.939626, 0.0430758], [-0.888033, 0.335265, 0.314634], [-0.31008, 0.0685595, -0.948235]], [[-0.339481, -0.939626, 0.0430758], [-0.465212, 0.207528, 0.860529], [-0.817515, 0.272094, -0.507577]]], "btipPosition": [165.404, 141.398, 84.9458], "carpPosition": [116.988, 127.342, 79.8132], "dipPosition": [179.565, 146.111, 76.1531], "direction": [-0.31008, -0.0685595, 0.948235], "extended": false, "handId": 55, "id": 553, "length": 59.7345, "mcpPosition": [152.227, 134.341, 34.867], "pipPosition": [187.529, 147.872, 51.7988], "stabilizedTipPosition": [169.186, 142.495, 82.1912], "timeVisible": 9.20971, "tipPosition": [170.913, 144.437, 81.7946], "tipVelocity": [-9.35887, -0.0926246, 11.7716], "tool": false, "touchDistance": 0.333333, "touchZone": "none", "type": 3, "width": 16.9428}, {"bases": [[[-0.346809, -0.894942, 0.280718], [0.725188, -0.445662, -0.524869], [0.594832, 0.0215444, 0.803561]], [[-0.411127, -0.891741, 0.189135], [-0.359724, -0.031935, -0.932512], [0.8376, -0.451417, -0.307652]], [[-0.411127, -0.891741, 0.189135], [-0.874547, 0.444379, 0.194154], [-0.257183, -0.085585, -0.962566]], [[-0.411127, -0.891741, 0.189135], [-0.495217, 0.39268, 0.77496], [-0.765333, 0.224944, -0.603046]]], "btipPosition": [166.412, 128.677, 77.9169], "carpPosition": [124.164, 117.069, 83.5406], "dipPosition": [178.643, 132.272, 68.2796], "direction": [-0.257183, 0.085585, 0.962565], "extended": false, "handId": 55, "id": 554, "length": 46.8308, "mcpPosition": [155.848, 115.921, 40.7388], "pipPosition": [183.307, 130.72, 50.8246], "stabilizedTipPosition": [169.715, 129.434, 75.3149], "timeVisible": 9.20971, "tipPosition": [170.743, 130.973, 74.9186], "tipVelocity": [-9.65137, 0.418863, 8.69157], "tool": false, "touchDistance": 0.333333, "touchZone": "none", "type": 4, "width": 15.0499}], "r": [[0.931224, 0.00713281, -0.364378], [-0.0739746, 0.982695, -0.169817], [0.356862, 0.185092, 0.915637]], "s": 1.2713, "t": [-244.873, 16.9491, 96.8194], "timestamp": 7387984183}, {"currentFrameRate": 112.695, "devices": [], "gestures": [], "hands": [{"armBasis": [[-0.224192, -0.961517, -0.158815], [0.681559, -0.0382144, -0.730765], [0.696574, -0.272073, 0.663898]], "armWidth": 59.3592, "confidence": 1, "direction": [0.467856, 0.226509, -0.854286], "elbow": [-65.6953, 56.8331, 273.328], "grabAngle": 2.52432, "grabStrength": 0, "id": 55, "palmNormal": [0.859097, 0.110405, 0.499764], "palmPosition": [143.919, 147.767, 54.0392], "palmVelocity": [-6.33056, 13.0236, 10.9136], "palmWidth": 83.5833, "pinchDistance": 59.0037, "pinchStrength": 1, "r": [[0.931385, 0.00973541, -0.363906], [-0.0758965, 0.982869, -0.167956], [0.356037, 0.184051, 0.916168]], "s": 1.2706, "sphereCenter": [187.559, 143.033, 54.5316], "sphereRadius": 45.2031, "stabilizedPalmPosition": [144.019, 146.945, 53.3665], "t": [244.836, 17.0672, 96.92], "timeVisible": 9.21847, "type": "left", "wrist": [107.07, 124.313, 108.667]}], "id": 69795, "interactionBox": {"center": [0, 200, 0], "size": [235.247, 235.247, 147.751]}, "pointables": [{"bases": [[[-0.283126, -0.915962, -0.284346], [0.786344, -0.0519574, -0.615601], [0.549093, -0.397887, 0.734972]], [[-0.144745, -0.984216, -0.101822], [0.816606, -0.0607125, -0.573993], [0.558751, -0.166231, 0.812505]], [[-0.144745, -0.984216, -0.101822], [0.81297, -0.0596344, -0.579244], [0.564029, -0.166621, 0.80877]], [[-0.144745, -0.984216, -0.101822], [0.779903, -0.0501527, -0.623888], [0.608934, -0.169716, 0.774852]]], "btipPosition": [192.729, 188.049, -26.0472], "carpPosition": [111.079, 148.116, 86.3852], "dipPosition": [183.083, 185.361, -13.7729], "direction": [0.564029, 0.166621, -0.80877], "extended": true, "handId": 55, "id": 551, "length": 54.5231, "mcpPosition": [148.187, 175.006, 36.7152], "pipPosition": [170.443, 181.627, 4.35116], "stabilizedTipPosition": [190.397, 186.934, -23.7042], "timeVisible": 9.21847, "tipPosition": [189.007, 189.048, -23.6728], "tipVelocity": [-1.32299, 11.6358, 13.9575], "tool": false, "touchDistance": 0.333433, "touchZone": "hovering", "type": 1, "width": 18.1291}, {"bases": [[[0.5936, -0.443963, -0.671219], [0.733797, 0.641051, 0.224933], [0.330424, -0.626059, 0.706307]], [[0.488995, -0.268537, -0.829923], [0.541381, 0.839442, 0.0473675], [0.683952, -0.472467, 0.555864]], [[0.488995, -0.268537, -0.829923], [0.205253, 0.960141, -0.189736], [0.847794, -0.0775639, 0.524622]], [[0.488995, -0.268537, -0.829923], [-0.151994, 0.910647, -0.384213], [0.858942, 0.314022, 0.404486]]], "btipPosition": [197.173, 172.345, 53.9684], "carpPosition": [120.373, 155.042, 104.818], "dipPosition": [178.536, 179.159, 62.7451], "direction": [0.847794, 0.0775639, -0.524622], "extended": false, "handId": 55, "id": 550, "length": 48.3194, "mcpPosition": [120.373, 155.042, 104.818], "pipPosition": [151.736, 176.707, 79.3293], "stabilizedTipPosition": [191.96, 174.398, 53.2439], "timeVisible": 9.21847, "tipPosition": [192.83, 174.297, 55.649], "tipVelocity": [2.94247, -6.29634, 18.1834], "tool": false, "touchDistance": 0.333463, "touchZone": "hovering", "type": 0, "width": 18.9794}, {"bases": [[[-0.336215, -0.938929, -0.0732955], [0.739022, -0.214787, -0.638525], [0.583786, -0.268849, 0.766103]], [[-0.350109, -0.932216, -0.0916342], [0.0516563, 0.0784621, -0.995578], [0.935284, -0.353294, 0.0206846]], [[-0.350109, -0.932216, -0.0916342], [-0.935242, 0.353357, -0.0214774], [0.0524011, 0.0781807, -0.995561]], [[-0.350109, -0.932216, -0.0916342], [-0.770565, 0.231008, 0.594024], [-0.532591, 0.278583, -0.799211]]], "btipPosition": [184.627, 164.105, 71.9925], "carpPosition": [113.314, 138.001, 81.8433], "dipPosition": [193.907, 168.958, 58.0679], "direction": [0.0524011, -0.0781807, 0.995561], "extended": false, "handId": 55, "id": 552, "length": 62.1247, "mcpPosition": [150.728, 155.231, 32.7446], "pipPosition": [192.525, 171.02, 31.8203], "stabilizedTipPosition": [186.449, 165.205, 69.186], "timeVisible": 9.21847, "tipPosition": [188.342, 165.872, 69.5341], "tipVelocity": [24.2002, 12.3981, -21.2693], "tool": false, "touchDistance": 0.333333, "touchZone": "none", "type": 2, "width": 17.8052}, {"bases": [[[-0.301389, -0.949377, 0.0885864], [0.731345, -0.289781, -0.617382], [0.611799, -0.121285, 0.781659]], [[-0.337533, -0.940396, 0.0415556], [-0.397904, 0.102532, -0.911679], [0.853079, -0.324257, -0.408796]], [[-0.337533, -0.940396, 0.0415556], [-0.888838, 0.332939, 0.314832], [-0.309902, 0.06933, -0.948237]], [[-0.337533, -0.940396, 0.0415556], [-0.465753, 0.205209, 0.860792], [-0.818013, 0.271191, -0.507257]]], "btipPosition": [165.331, 141.415, 85.0128], "carpPosition": [116.919, 127.482, 79.9147], "dipPosition": [179.501, 146.113, 76.2257], "direction": [-0.309902, -0.06933, 0.948237], "extended": false, "handId": 55, "id": 553, "length": 59.7345, "mcpPosition": [152.122, 134.461, 34.9372], "pipPosition": [187.461, 147.893, 51.8714], "stabilizedTipPosition": [169.169, 142.495, 82.2143], "timeVisible": 9.21847, "tipPosition": [170.876, 144.455, 81.859], "tipVelocity": [-8.08733, 1.5579, 7.7955], "tool": false, "touchDistance": 0.333333, "touchZone": "none", "type": 3, "width": 16.9428}, {"bases": [[[-0.345223, -0.896016, 0.279243], [0.726724, -0.443485, -0.524589], [0.59388, 0.0218325, 0.804257]], [[-0.409968, -0.892766, 0.186804], [-0.358792, -0.0304448, -0.932921], [0.838567, -0.449491, -0.307836]], [[-0.409968, -0.892766, 0.186804], [-0.875401, 0.442643, 0.194268], [-0.256123, -0.0838846, -0.962998]], [[-0.409968, -0.892766, 0.186804], [-0.496287, 0.390175, 0.77554], [-0.765262, 0.225238, -0.603027]]], "btipPosition": [166.327, 128.684, 77.9743], "carpPosition": [124.077, 117.189, 83.6216], "dipPosition": [178.556, 132.283, 68.3373], "direction": [-0.256123, 0.0838846, 0.962998], "extended": false, "handId": 55, "id": 554, "length": 46.8308, "mcpPosition": [155.71, 116.026, 40.7827], "pipPosition": [183.201, 130.762, 50.8745], "stabilizedTipPosition": [169.678, 129.439, 75.3438], "timeVisible": 9.21847, "tipPosition": [170.672, 131.001, 74.9656], "tipVelocity": [-9.80861, 0.850746, 6.56126], "tool": false, "touchDistance": 0.333333, "touchZone": "none", "type": 4, "width": 15.0499}], "r": [[0.931385, 0.00973541, -0.363906], [-0.0758965, 0.982869, -0.167956], [0.356037, 0.184051, 0.916168]], "s": 1.2706, "t": [-244.836, 17.0672, 96.92], "timestamp": 7387992947}, {"currentFrameRate": 112.878, "devices": [], "gestures": [], "hands": [{"armBasis": [[-0.224269, -0.961371, -0.159589], [0.682169, -0.0379207, -0.730211], [0.695952, -0.27263, 0.664322]], "armWidth": 59.3592, "confidence": 1, "direction": [0.468194, 0.226127, -0.854202], "elbow": [-65.6444, 56.8177, 273.504], "grabAngle": 2.52345, "grabStrength": 0, "id": 55, "palmNormal": [0.859095, 0.109715, 0.499919], "palmPosition": [143.834, 147.87, 54.1126], "palmVelocity": [-9.96025, 12.1285, 8.5976], "palmWidth": 83.5833, "pinchDistance": 59.0266, "pinchStrength": 1, "r": [[0.931494, 0.0119668, -0.363559], [-0.0775993, 0.982989, -0.166466], [0.355382, 0.183274, 0.916577]], "s": 1.26999, "sphereCenter": [187.485, 143.1, 54.6029], "sphereRadius": 45.2103, "stabilizedPalmPosition": [144.004, 147.019, 53.4268], "t": [244.774, 17.1781, 97.007], "timeVisible": 9.22701, "type": "left", "wrist": [106.967, 124.436, 108.738]}], "id": 69796, "interactionBox": {"center": [0, 200, 0], "size": [235.247, 235.247, 147.751]}, "pointables": [{"bases": [[[-0.282439, -0.916192, -0.28429], [0.786273, -0.0513264, -0.615743], [0.549547, -0.39744, 0.734874]], [[-0.143779, -0.984387, -0.101543], [0.816241, -0.0599483, -0.574593], [0.559534, -0.165497, 0.812116]], [[-0.143779, -0.984387, -0.101543], [0.812727, -0.0589123, -0.579659], [0.564627, -0.165869, 0.808507]], [[-0.143779, -0.984387, -0.101543], [0.780146, -0.0496181, -0.623627], [0.608852, -0.168882, 0.775099]]], "btipPosition": [192.712, 188.09, -25.9557], "carpPosition": [110.988, 148.246, 86.4527], "dipPosition": [183.068, 185.415, -13.6775], "direction": [0.564627, 0.165869, -0.808507], "extended": true, "handId": 55, "id": 551, "length": 54.5231, "mcpPosition": [148.127, 175.106, 36.7892], "pipPosition": [170.415, 181.698, 4.44073], "stabilizedTipPosition": [190.414, 187.031, -23.601], "timeVisible": 9.22701, "tipPosition": [188.973, 189.111, -23.5904], "tipVelocity": [-1.92149, 5.12758, 10.8212], "tool": false, "touchDistance": 0.333407, "touchZone": "hovering", "type": 1, "width": 18.1291}, {"bases": [[[0.593836, -0.443487, -0.671325], [0.733321, 0.641644, 0.224796], [0.331057, -0.625789, 0.70625]], [[0.488795, -0.267743, -0.830297], [0.541019, 0.839655, 0.0477368], [0.684382, -0.47254, 0.555272]], [[0.488795, -0.267743, -0.830297], [0.203584, 0.96047, -0.18987], [0.848312, -0.0762279, 0.523981]], [[0.488795, -0.267743, -0.830297], [-0.154375, 0.910176, -0.384381], [0.858632, 0.31606, 0.403556]]], "btipPosition": [197.114, 172.385, 54.1051], "carpPosition": [120.285, 155.165, 104.887], "dipPosition": [178.483, 179.243, 62.8617], "direction": [0.848312, 0.0762279, -0.523981], "extended": false, "handId": 55, "id": 550, "length": 48.3194, "mcpPosition": [120.285, 155.165, 104.887], "pipPosition": [151.667, 176.833, 79.4255], "stabilizedTipPosition": [191.968, 174.394, 53.2693], "timeVisible": 9.22701, "tipPosition": [192.767, 174.36, 55.7325], "tipVelocity": [-6.7361, 5.84126, 15.4584], "tool": false, "touchDistance": 0.333438, "touchZone": "hovering", "type": 0, "width": 18.9794}, {"bases": [[[-0.335471, -0.9392, -0.0732297], [0.739079, -0.214194, -0.638658], [0.584142, -0.268374, 0.765998]], [[-0.349607, -0.932381, -0.0918751], [0.0561415, 0.0770385, -0.995446], [0.935213, -0.353173, 0.0254121]], [[-0.349607, -0.932381, -0.0918751], [-0.935168, 0.353234, -0.0262047], [0.0568862, 0.0767572, -0.995426]], [[-0.349607, -0.932381, -0.0918751], [-0.772464, 0.231368, 0.591412], [-0.530164, 0.277732, -0.801118]]], "btipPosition": [184.71, 164.25, 71.8855], "carpPosition": [113.216, 138.129, 81.9112], "dipPosition": [193.947, 169.088, 57.9277], "direction": [0.0568862, -0.0767572, 0.995426], "extended": false, "handId": 55, "id": 552, "length": 62.1247, "mcpPosition": [150.653, 155.329, 32.8193], "pipPosition": [192.447, 171.112, 31.6836], "stabilizedTipPosition": [186.506, 165.229, 69.1099], "timeVisible": 9.22701, "tipPosition": [188.245, 165.93, 69.5998], "tipVelocity": [8.48158, 16.5678, -13.4168], "tool": false, "touchDistance": 0.333333, "touchZone": "none", "type": 2, "width": 17.8052}, {"bases": [[[-0.300607, -0.949619, 0.0886459], [0.731467, -0.289194, -0.617514], [0.612039, -0.120788, 0.781549]], [[-0.336767, -0.940668, 0.0416216], [-0.398273, 0.102252, -0.91155], [0.853209, -0.323556, -0.409078]], [[-0.336767, -0.940668, 0.0416216], [-0.888996, 0.332212, 0.315152], [-0.31028, 0.0691313, -0.948128]], [[-0.336767, -0.940668, 0.0416216], [-0.46558, 0.204777, 0.860989], [-0.818427, 0.270574, -0.506918]]], "btipPosition": [165.227, 141.498, 85.0908], "carpPosition": [116.813, 127.608, 79.9834], "dipPosition": [179.404, 146.186, 76.3096], "direction": [-0.31028, -0.0691313, 0.948128], "extended": false, "handId": 55, "id": 553, "length": 59.7345, "mcpPosition": [152.03, 134.558, 35.0122], "pipPosition": [187.374, 147.961, 51.9581], "stabilizedTipPosition": [169.147, 142.497, 82.2418], "timeVisible": 9.22701, "tipPosition": [170.782, 144.536, 81.9379], "tipVelocity": [-11.9617, 9.50688, 9.2922], "tool": false, "touchDistance": 0.333333, "touchZone": "none", "type": 3, "width": 16.9428}, {"bases": [[[-0.34445, -0.896292, 0.27931], [0.726986, -0.442902, -0.524719], [0.594008, 0.0223155, 0.804149]], [[-0.409744, -0.893019, 0.186084], [-0.358752, -0.0298001, -0.932957], [0.838694, -0.449031, -0.308162]], [[-0.409744, -0.893019, 0.186084], [-0.875577, 0.442245, 0.194381], [-0.25588, -0.0832847, -0.963114]], [[-0.409744, -0.893019, 0.186084], [-0.496408, 0.389433, 0.775836], [-0.765303, 0.22552, -0.602869]]], "btipPosition": [166.226, 128.747, 78.0604], "carpPosition": [123.962, 117.309, 83.6916], "dipPosition": [178.457, 132.351, 68.4259], "direction": [-0.25588, 0.0832847, 0.963114], "extended": false, "handId": 55, "id": 554, "length": 46.8308, "mcpPosition": [155.602, 116.12, 40.8584], "pipPosition": [183.097, 130.841, 50.9609], "stabilizedTipPosition": [169.638, 129.448, 75.3749], "timeVisible": 9.22701, "tipPosition": [170.568, 131.081, 75.0451], "tipVelocity": [-11.7335, 7.56404, 10.1386], "tool": false, "touchDistance": 0.333333, "touchZone": "none", "type": 4, "width": 15.0499}], "r": [[0.931494, 0.0119668, -0.363559], [-0.0775993, 0.982989, -0.166466], [0.355382, 0.183274, 0.916577]], "s": 1.26999, "t": [-244.774, 17.1781, 97.007], "timestamp": 7388001489}, {"currentFrameRate": 112.891, "devices": [], "gestures": [], "hands": [{"armBasis": [[-0.225068, -0.961109, -0.160046], [0.682323, -0.0382138, -0.730051], [0.695542, -0.273514, 0.664388]], "armWidth": 59.3592, "confidence": 1, "direction": [0.468644, 0.227118, -0.853692], "elbow": [-65.6847, 56.6738, 273.565], "grabAngle": 2.52083, "grabStrength": 0, "id": 55, "palmNormal": [0.858633, 0.110057, 0.500636], "palmPosition": [143.706, 148.013, 54.1943], "palmVelocity": [-14.5061, 16.1159, 9.25003], "palmWidth": 83.5833, "pinchDistance": 59.0718, "pinchStrength": 1, "r": [[0.931528, 0.0136517, -0.363414], [-0.0788266, 0.983118, -0.165122], [0.355025, 0.182463, 0.916878]], "s": 1.26965, "sphereCenter": [187.252, 143.47, 54.6434], "sphereRadius": 45.1264, "stabilizedPalmPosition": [143.978, 147.106, 53.4936], "t": [244.68, 17.3047, 97.0914], "timeVisible": 9.23585, "type": "left", "wrist": [106.825, 124.511, 108.782]}], "id": 69797, "interactionBox": {"center": [0, 200, 0], "size": [235.247, 235.247, 147.751]}, "pointables": [{"bases": [[[-0.283397, -0.915758, -0.284733], [0.785774, -0.0515269, -0.616364], [0.549769, -0.398411, 0.734181]], [[-0.144764, -0.984166, -0.102279], [0.815298, -0.0600731, -0.575917], [0.560654, -0.16676, 0.811085]], [[-0.144764, -0.984166, -0.102279], [0.815298, -0.0600731, -0.575917], [0.560654, -0.16676, 0.811085]], [[-0.144764, -0.984166, -0.102279], [0.783522, -0.050893, -0.619276], [0.604265, -0.169787, 0.778483]]], "btipPosition": [192.458, 188.333, -25.9217], "carpPosition": [110.836, 148.339, 86.5103], "dipPosition": [182.886, 185.643, -13.5898], "direction": [0.560654, 0.16676, -0.811085], "extended": true, "handId": 55, "id": 551, "length": 54.5231, "mcpPosition": [147.99, 175.264, 36.8936], "pipPosition": [170.322, 181.906, 4.58614], "stabilizedTipPosition": [190.377, 187.19, -23.4808], "timeVisible": 9.23585, "tipPosition": [188.884, 189.327, -23.4417], "tipVelocity": [-26.9221, 27.1113, 5.25012], "tool": false, "touchDistance": 0.333371, "touchZone": "hovering", "type": 1, "width": 18.1291}, {"bases": [[[0.592976, -0.443491, -0.672082], [0.73401, 0.640886, 0.224709], [0.331072, -0.626562, 0.705557]], [[0.487522, -0.266881, -0.831323], [0.541896, 0.839049, 0.0484282], [0.684596, -0.4741, 0.553676]], [[0.487522, -0.266881, -0.831323], [0.202302, 0.960756, -0.189795], [0.849351, -0.0756487, 0.52238]], [[0.487522, -0.266881, -0.831323], [-0.15668, 0.909941, -0.384004], [0.858938, 0.317462, 0.401801]]], "btipPosition": [196.992, 172.495, 54.3364], "carpPosition": [120.113, 155.252, 104.956], "dipPosition": [178.354, 179.383, 63.0548], "direction": [0.849351, 0.0756487, -0.52238], "extended": false, "handId": 55, "id": 550, "length": 48.3194, "mcpPosition": [120.113, 155.252, 104.956], "pipPosition": [151.505, 176.992, 79.5681], "stabilizedTipPosition": [191.975, 174.391, 53.298], "timeVisible": 9.23585, "tipPosition": [192.616, 174.538, 55.8729], "tipVelocity": [-14.0383, 13.2159, 25.1881], "tool": false, "touchDistance": 0.333505, "touchZone": "hovering", "type": 0, "width": 18.9794}, {"bases": [[[-0.33629, -0.938874, -0.0736501], [0.738429, -0.21434, -0.63936], [0.584492, -0.269396, 0.765372]], [[-0.350607, -0.931942, -0.0925092], [0.0617161, 0.075573, -0.995229], [0.934487, -0.354644, 0.0310194]], [[-0.350607, -0.931942, -0.0925092], [-0.934437, 0.354704, -0.0318119], [0.0624603, 0.0752906, -0.995204]], [[-0.350607, -0.931942, -0.0925092], [-0.774894, 0.233206, 0.587498], [-0.52594, 0.277666, -0.803921]]], "btipPosition": [184.779, 164.518, 71.77], "carpPosition": [113.075, 138.227, 81.9632], "dipPosition": [193.943, 169.356, 57.7634], "direction": [0.0624603, -0.0752906, 0.995203], "extended": false, "handId": 55, "id": 552, "length": 62.1247, "mcpPosition": [150.535, 155.492, 32.9114], "pipPosition": [192.296, 171.341, 31.5252], "stabilizedTipPosition": [186.564, 165.29, 69.0242], "timeVisible": 9.23585, "tipPosition": [188.064, 166.087, 69.7012], "tipVelocity": [5.97317, 30.3821, -14.3466], "tool": false, "touchDistance": 0.333333, "touchZone": "none", "type": 2, "width": 17.8052}, {"bases": [[[-0.301315, -0.949437, 0.0881922], [0.730772, -0.289349, -0.618264], [0.612521, -0.121844, 0.781007]], [[-0.337502, -0.940423, 0.0412012], [-0.399316, 0.103397, -0.910964], [0.852432, -0.323904, -0.410422]], [[-0.337502, -0.940423, 0.0412012], [-0.888289, 0.332665, 0.316665], [-0.311505, 0.0702765, -0.947642]], [[-0.337502, -0.940423, 0.0412012], [-0.464124, 0.204326, 0.861881], [-0.818951, 0.271764, -0.505434]]], "btipPosition": [165.051, 141.625, 85.1866], "carpPosition": [116.682, 127.71, 80.0305], "dipPosition": [179.238, 146.333, 76.4311], "direction": [-0.311505, -0.0702765, 0.947642], "extended": false, "handId": 55, "id": 553, "length": 59.7345, "mcpPosition": [151.927, 134.721, 35.0906], "pipPosition": [187.238, 148.138, 52.0921], "stabilizedTipPosition": [169.115, 142.506, 82.2779], "timeVisible": 9.23585, "tipPosition": [170.631, 144.676, 82.0396], "tipVelocity": [-19.6726, 14.9205, 11.5145], "tool": false, "touchDistance": 0.333333, "touchZone": "none", "type": 3, "width": 16.9428}, {"bases": [[[-0.344972, -0.896211, 0.278927], [0.726235, -0.443119, -0.525575], [0.594623, 0.0212581, 0.803723]], [[-0.410866, -0.892739, 0.184948], [-0.359535, -0.0277612, -0.932719], [0.837809, -0.449718, -0.309564]], [[-0.410866, -0.892739, 0.184948], [-0.874774, 0.443176, 0.195869], [-0.256824, -0.0813116, -0.963032]], [[-0.410866, -0.892739, 0.184948], [-0.494947, 0.38878, 0.777096], [-0.765648, 0.227743, -0.601595]]], "btipPosition": [166.082, 128.86, 78.1523], "carpPosition": [123.837, 117.414, 83.7367], "dipPosition": [178.318, 132.5, 68.5382], "direction": [-0.256824, 0.0813116, 0.963032], "extended": false, "handId": 55, "id": 554, "length": 46.8308, "mcpPosition": [155.509, 116.282, 40.9263], "pipPosition": [182.975, 131.025, 51.0747], "stabilizedTipPosition": [169.589, 129.464, 75.4128], "timeVisible": 9.23585, "tipPosition": [170.434, 131.228, 75.1364], "tipVelocity": [-16.1661, 13.6742, 10.9382], "tool": false, "touchDistance": 0.333333, "touchZone": "none", "type": 4, "width": 15.0499}], "r": [[0.931528, 0.0136517, -0.363414], [-0.0788266, 0.983118, -0.165122], [0.355025, 0.182463, 0.916878]], "s": 1.26965, "t": [-244.68, 17.3047, 97.0914], "timestamp": 7388010323}, {"currentFrameRate": 112.993, "devices": [], "gestures": [], "hands": [{"armBasis": [[-0.22334, -0.960969, -0.16327], [0.683481, -0.0349689, -0.72913], [0.694962, -0.274436, 0.664615]], "armWidth": 59.3592, "confidence": 1, "direction": [0.468666, 0.229409, -0.853067], "elbow": [-65.7324, 56.4708, 273.653], "grabAngle": 2.51963, "grabStrength": 0, "id": 55, "palmNormal": [0.858975, 0.107055, 0.500701], "palmPosition": [143.52, 148.17, 54.2869], "palmVelocity": [-21.3919, 18.1738, 10.674], "palmWidth": 83.5833, "pinchDistance": 59.1022, "pinchStrength": 1, "r": [[0.931574, 0.0155255, -0.363219], [-0.0800844, 0.983309, -0.163368], [0.35462, 0.181277, 0.917269]], "s": 1.26925, "sphereCenter": [187.064, 143.607, 54.6928], "sphereRadius": 45.1168, "stabilizedPalmPosition": [143.938, 147.201, 53.5644], "t": [244.54, 17.4468, 97.1799], "timeVisible": 9.24452, "type": "left", "wrist": [106.633, 124.537, 108.814]}], "id": 69798, "interactionBox": {"center": [0, 200, 0], "size": [235.247, 235.247, 147.751]}, "pointables": [{"bases": [[[-0.281953, -0.915173, -0.28803], [0.786072, -0.0482273, -0.616251], [0.550085, -0.400166, 0.732989]], [[-0.143246, -0.984025, -0.105711], [0.815003, -0.0566904, -0.576676], [0.561471, -0.168761, 0.810105]], [[-0.143246, -0.984025, -0.105711], [0.815003, -0.0566904, -0.576676], [0.561471, -0.168761, 0.810105]], [[-0.143246, -0.984025, -0.105711], [0.783818, -0.0475862, -0.619165], [0.604244, -0.171551, 0.778113]]], "btipPosition": [192.356, 188.697, -25.6686], "carpPosition": [110.662, 148.432, 86.6159], "dipPosition": [182.785, 185.979, -13.3427], "direction": [0.561471, 0.168761, -0.810105], "extended": true, "handId": 55, "id": 551, "length": 54.5231, "mcpPosition": [147.838, 175.475, 37.0798], "pipPosition": [170.202, 182.197, 4.81135], "stabilizedTipPosition": [190.324, 187.401, -23.3261], "timeVisible": 9.24452, "tipPosition": [188.737, 189.683, -23.2195], "tipVelocity": [-11.6829, 41.2286, 29.0162], "tool": false, "touchDistance": 0.333524, "touchZone": "hovering", "type": 1, "width": 18.1291}, {"bases": [[[0.593868, -0.440277, -0.673407], [0.73299, 0.641