{"frames": 37, "data": [{"currentFrameRate": 53.7351, "devices": [], "gestures": [], "hands": [{"armBasis": [[0.96324, 0.0340508, -0.266477], [0.101995, 0.871308, 0.48002], [0.248528, -0.489554, 0.835806]], "armWidth": 59, "confidence": 1, "direction": [-0.168826, 0.0198368, -0.985446], "elbow": [-167.833, 108.583, 317.712], "grabAngle": 2.73691, "grabStrength": 0, "id": 16, "palmNormal": [0.195869, -0.979182, -0.0532669], "palmPosition": [-105.698, 234.855, 38.8917], "palmVelocity": [304.187, 6.35211, 9.69963], "palmWidth": 84.25, "pinchDistance": 57.963, "pinchStrength": 0.648117, "r": [[0.649532, -0.673011, 0.353786], [0.463078, 0.71921, 0.517973], [-0.603048, -0.172609, 0.778807]], "s": 1.23614, "sphereCenter": [-105.699, 196.637, 22.5647], "sphereRadius": 40.6171, "stabilizedPalmPosition": [-110.779, 234.661, 38.6501], "t": [35.5264, 75.6921, 32.9495], "timeVisible": 14.4286, "type": "left", "wrist": [-105.701, 230.972, 108.76]}], "id": 16398, "interactionBox": {"center": [0, 200, 0], "size": [235.247, 235.247, 147.751]}, "pointables": [{"bases": [[[0.980621, -0.195812, -0.00632358], [0.19433, 0.976281, -0.0954494], [0.0248638, 0.0923708, 0.995414]], [[0.966539, -0.17396, 0.188521], [0.22623, 0.924504, -0.306779], [-0.120921, 0.339163, 0.932924]], [[0.966539, -0.17396, 0.188521], [0.242647, 0.858419, -0.451928], [-0.0832126, 0.48255, 0.871907]], [[0.966539, -0.17396, 0.188521], [0.24812, 0.82052, -0.514959], [-0.0651029, 0.544504, 0.836228]]], "btipPosition": [-95.3077, 209.05, -57.4104], "carpPosition": [-89.299, 248.248, 80.2513], "dipPosition": [-94.2778, 217.664, -44.1813], "direction": [-0.0832126, -0.48255, -0.871907], "extended": true, "handId": 16, "id": 161, "length": 54.4514, "mcpPosition": [-87.6053, 241.956, 12.4437], "pipPosition": [-92.4155, 228.464, -24.668], "stabilizedTipPosition": [-96.5027, 211.221, -54.501], "timeVisible": 14.4286, "tipPosition": [-93.6809, 213.297, -55.4698], "tipVelocity": [357.241, -98.3339, 51.7002], "tool": false, "touchDistance": 0.368199, "touchZone": "hovering", "type": 1, "width": 17.91}, {"bases": [[[0.596845, 0.798389, -0.0796917], [-0.755713, 0.592739, 0.278491], [0.269581, -0.105992, 0.957127]], [[0.479867, 0.790558, -0.380453], [-0.875892, 0.456602, -0.155976], [0.0504072, 0.408084, 0.911552]], [[0.479867, 0.790558, -0.380453], [-0.806464, 0.226719, -0.546089], [-0.34546, 0.568873, 0.746352]], [[0.479867, 0.790558, -0.380453], [-0.530603, -0.0838391, -0.843464], [-0.698705, 0.60662, 0.379241]]], "btipPosition": [-100.583, 181.866, 13.9327], "carpPosition": [-76.8662, 231.832, 87.8451], "dipPosition": [-85.4425, 195.011, 22.1508], "direction": [-0.34546, -0.568873, -0.746352], "extended": false, "handId": 16, "id": 160, "length": 48.2559, "mcpPosition": [-76.8662, 231.832, 87.8451], "pipPosition": [-74.5364, 212.97, 45.7131], "stabilizedTipPosition": [-103.421, 185.771, 14.1476], "timeVisible": 14.4286, "tipPosition": [-96.509, 187.942, 12.7493], "tipVelocity": [243.302, -59.1832, 86.8341], "tool": false, "touchDistance": 0.400844, "touchZone": "hovering", "type": 0, "width": 18.75}, {"bases": [[[0.927371, -0.345076, 0.144584], [0.357817, 0.930913, -0.073267], [-0.109312, 0.11968, 0.986776]], [[0.919148, -0.337279, 0.203495], [0.236327, 0.0588602, -0.969889], [0.315145, 0.939563, 0.133809]], [[0.919148, -0.337279, 0.203495], [-0.274527, -0.918955, -0.28312], [0.282493, 0.204365, -0.937248]], [[0.919148, -0.337279, 0.203495], [-0.392053, -0.83342, 0.389494], [0.0382284, -0.437783, -0.898267]]], "btipPosition": [-85.5451, 200.1, 50.0766], "carpPosition": [-100.652, 247.528, 79.4866], "dipPosition": [-86.2103, 192.483, 34.4467], "direction": [0.282493, -0.204365, 0.937248], "extended": false, "handId": 16, "id": 162, "length": 62.043, "mcpPosition": [-107.713, 239.796, 15.7409], "pipPosition": [-93.6484, 197.864, 9.76897], "stabilizedTipPosition": [-92.7691, 199.173, 45.4822], "timeVisible": 14.4286, "tipPosition": [-85.5835, 198.023, 46.6318], "tipVelocity": [231.263, -42.6859, 28.9975], "tool": false, "touchDistance": 0.333333, "touchZone": "none", "type": 2, "width": 17.59}, {"bases": [[[0.871547, -0.392891, 0.293329], [0.419492, 0.907221, -0.0312563], [-0.253834, 0.150291, 0.9555]], [[0.864369, -0.388686, 0.319045], [0.346834, 0.0014213, -0.937925], [0.364105, 0.921369, 0.136038]], [[0.864369, -0.388686, 0.319045], [-0.313686, -0.912659, -0.262021], [0.393023, 0.126403, -0.910799]], [[0.864369, -0.388686, 0.319045], [-0.492524, -0.782353, 0.381241], [0.101423, -0.48667, -0.867679]]], "btipPosition": [-99.3539, 202.65, 57.6385], "carpPosition": [-111.53, 244.307, 80.3126], "dipPosition": [-101.109, 194.231, 42.6276], "direction": [0.393023, -0.126403, 0.910799], "extended": false, "handId": 16, "id": 163, "length": 59.656, "mcpPosition": [-126.253, 235.59, 24.8935], "pipPosition": [-111.19, 197.473, 19.2656], "stabilizedTipPosition": [-107.805, 201.358, 53.1433], "timeVisible": 14.4286, "tipPosition": [-98.8183, 200.508, 54.3298], "tipVelocity": [193.306, -34.5504, 26.2981], "tool": false, "touchDistance": 0.333333, "touchZone": "none", "type": 3, "width": 16.738}, {"bases": [[[0.754938, -0.517318, 0.403052], [0.525858, 0.844758, 0.0992874], [-0.391844, 0.136992, 0.909775]], [[0.79808, -0.530405, 0.285901], [0.37899, 0.0729915, -0.922518], [0.468439, 0.844597, 0.259271]], [[0.79808, -0.530405, 0.285901], [-0.407763, -0.824746, -0.39182], [0.443619, 0.196124, -0.874493]], [[0.79808, -0.530405, 0.285901], [-0.595135, -0.768092, 0.236325], [0.0942507, -0.358756, -0.928661]]], "btipPosition": [-116.601, 202.431, 57.1789], "carpPosition": [-120.438, 235.265, 83.8548], "dipPosition": [-118.106, 196.706, 42.3575], "direction": [0.443619, -0.196124, 0.874493], "extended": false, "handId": 16, "id": 164, "length": 46.7692, "mcpPosition": [-141.476, 227.91, 35.009], "pipPosition": [-126.139, 200.258, 26.5204], "stabilizedTipPosition": [-124.954, 201.923, 52.701], "timeVisible": 14.4286, "tipPosition": [-114.244, 202.869, 53.4898], "tipVelocity": [199.9, -4.43674, 4.27257], "tool": false, "touchDistance": 0.333333, "touchZone": "none", "type": 4, "width": 14.868}], "r": [[0.649532, -0.673011, 0.353786], [0.463078, 0.71921, 0.517973], [-0.603048, -0.172609, 0.778807]], "s": 1.23614, "t": [-35.5264, 75.6921, 32.9495], "timestamp": 838474786106}, {"currentFrameRate": 54.0544, "devices": [], "gestures": [], "hands": [{"armBasis": [[0.960284, 0.0409386, -0.276003], [0.104011, 0.865362, 0.490236], [0.258912, -0.499473, 0.826735]], "armWidth": 59, "confidence": 1, "direction": [-0.162194, 0.0256344, -0.986426], "elbow": [-164.977, 105.928, 314.99], "grabAngle": 2.73597, "grabStrength": 0, "id": 16, "palmNormal": [0.196604, -0.97878, -0.0577625], "palmPosition": [-99.7236, 235.154, 38.4834], "palmVelocity": [343.979, 17.1875, -23.5053], "palmWidth": 84.25, "pinchDistance": 58.3898, "pinchStrength": 0.650759, "r": [[0.655986, -0.670057, 0.347428], [0.465187, 0.72141, 0.513], [-0.594377, -0.174902, 0.784936]], "s": 1.23333, "sphereCenter": [-100.258, 196.868, 22.0758], "sphereRadius": 40.7098, "stabilizedPalmPosition": [-102.474, 235.031, 38.5249], "t": [40.7265, 75.9656, 32.7326], "timeVisible": 14.4459, "type": "left", "wrist": [-100.249, 230.796, 108.306]}], "id": 16399, "interactionBox": {"center": [0, 200, 0], "size": [235.247, 235.247, 147.751]}, "pointables": [{"bases": [[[0.98048, -0.196114, -0.0140923], [0.194063, 0.976763, -0.0909546], [0.0316023, 0.0864444, 0.995755]], [[0.966557, -0.174539, 0.187894], [0.225407, 0.927621, -0.297843], [-0.122309, 0.330234, 0.935941]], [[0.966557, -0.174539, 0.187894], [0.241879, 0.863912, -0.441759], [-0.0852195, 0.472432, 0.877237]], [[0.966557, -0.174539, 0.187894], [0.247932, 0.82326, -0.510659], [-0.0655553, 0.540166, 0.839001]]], "btipPosition": [-89.2655, 210.162, -57.9367], "carpPosition": [-83.6085, 248.306, 80.0314], "dipPosition": [-88.2284, 218.708, -44.6637], "direction": [-0.0852195, -0.472432, -0.877237], "extended": true, "handId": 16, "id": 161, "length": 54.4514, "mcpPosition": [-81.4558, 242.418, 12.2006], "pipPosition": [-86.3212, 229.281, -25.0311], "stabilizedTipPosition": [-89.5706, 212.062, -54.8561], "timeVisible": 14.4459, "tipPosition": [-87.1411, 214.08, -55.88], "tipVelocity": [347.969, 63.1206, -29.7222], "tool": false, "touchDistance": 0.356969, "touchZone": "hovering", "type": 1, "width": 17.91}, {"bases": [[[0.596605, 0.798641, -0.0789658], [-0.75359, 0.591338, 0.287092], [0.275979, -0.111773, 0.954643]], [[0.477385, 0.792567, -0.379397], [-0.877079, 0.455967, -0.151084], [0.0532484, 0.404886, 0.912815]], [[0.477385, 0.792567, -0.379397], [-0.80504, 0.221457, -0.550334], [-0.352156, 0.568151, 0.743768]], [[0.477385, 0.792567, -0.379397], [-0.51748, -0.0953715, -0.850364], [-0.710154, 0.602281, 0.364608]]], "btipPosition": [-95.2662, 182.148, 14.0389], "carpPosition": [-71.2207, 231.85, 87.6111], "dipPosition": [-79.8772, 195.199, 21.94], "direction": [-0.352156, -0.568151, -0.743768], "extended": false, "handId": 16, "id": 160, "length": 48.2559, "mcpPosition": [-71.2207, 231.85, 87.6111], "pipPosition": [-68.7596, 213.136, 45.4208], "stabilizedTipPosition": [-96.2008, 185.388, 15.2025], "timeVisible": 14.4459, "tipPosition": [-90.4319, 188.185, 12.3719], "tipVelocity": [309.42, 15.0096, 1.92059], "tool": false, "touchDistance": 0.394594, "touchZone": "hovering", "type": 0, "width": 18.75}, {"bases": [[[0.92819, -0.346253, 0.136281], [0.357678, 0.931207, -0.070144], [-0.102618, 0.113852, 0.988184]], [[0.920366, -0.338803, 0.195291], [0.228557, 0.0608204, -0.971629], [0.317313, 0.938889, 0.133413]], [[0.920366, -0.338803, 0.195291], [-0.277096, -0.917396, -0.28566], [0.275942, 0.208797, -0.938222]], [[0.920366, -0.338803, 0.195291], [-0.389859, -0.834012, 0.390428], [0.030597, -0.435472, -0.899682]]], "btipPosition": [-79.6251, 200.409, 49.753], "carpPosition": [-94.9556, 247.587, 79.186], "dipPosition": [-80.1575, 192.832, 34.0985], "direction": [0.275942, -0.208797, 0.938222], "extended": false, "handId": 16, "id": 162, "length": 62.043, "mcpPosition": [-101.585, 240.232, 15.3493], "pipPosition": [-87.423, 198.329, 9.39511], "stabilizedTipPosition": [-84.8473, 198.864, 45.8899], "timeVisible": 14.4459, "tipPosition": [-79.6483, 198.287, 46.1401], "tipVelocity": [342.6, 18.2924, -18.9568], "tool": false, "touchDistance": 0.333333, "touchZone": "none", "type": 2, "width": 17.59}, {"bases": [[[0.87335, -0.394932, 0.285112], [0.419625, 0.907244, -0.0286912], [-0.247335, 0.144698, 0.958065]], [[0.870637, -0.393351, 0.295407], [0.327657, 0.0157857, -0.944665], [0.366922, 0.919253, 0.142628]], [[0.870637, -0.393351, 0.295407], [-0.318386, -0.908352, -0.27116], [0.374995, 0.142028, -0.916082]], [[0.870637, -0.393351, 0.295407], [-0.48468, -0.788611, 0.37839], [0.0841212, -0.472618, -0.877243]]], "btipPosition": [-93.9301, 202.468, 57.125], "carpPosition": [-105.838, 244.357, 79.9195], "dipPosition": [-95.3854, 194.292, 41.9487], "direction": [0.374995, -0.142028, 0.916082], "extended": false, "handId": 16, "id": 163, "length": 59.656, "mcpPosition": [-120.184, 235.965, 24.3517], "pipPosition": [-105.004, 197.935, 18.4512], "stabilizedTipPosition": [-100.965, 200.969, 53.3915], "timeVisible": 14.4459, "tipPosition": [-92.9791, 200.714, 53.7589], "tipVelocity": [316.235, -7.24691, -31.7514], "tool": false, "touchDistance": 0.333333, "touchZone": "none", "type": 3, "width": 16.738}, {"bases": [[[0.757434, -0.519968, 0.394877], [0.526843, 0.843969, 0.10076], [-0.385655, 0.131719, 0.913192]], [[0.801653, -0.532792, 0.271082], [0.368592, 0.0835353, -0.92583], [0.47063, 0.842113, 0.263349]], [[0.801653, -0.532792, 0.271082], [-0.410374, -0.820227, -0.398524], [0.434679, 0.208232, -0.876181]], [[0.801653, -0.532792, 0.271082], [-0.591763, -0.771516, 0.233622], [0.0846726, -0.3477, -0.933775]]], "btipPosition": [-110.84, 202.426, 56.4672], "carpPosition": [-114.766, 235.291, 83.3479], "dipPosition": [-112.191, 196.877, 41.5642], "direction": [0.434679, -0.208232, 0.876181], "extended": false, "handId": 16, "id": 164, "length": 46.7692, "mcpPosition": [-135.472, 228.219, 34.3186], "pipPosition": [-120.064, 200.648, 25.6965], "stabilizedTipPosition": [-118.085, 201.538, 52.8695], "timeVisible": 14.4459, "tipPosition": [-108.392, 203.053, 52.8361], "tipVelocity": [333.718, 2.03754, -42.0564], "tool": false, "touchDistance": 0.333333, "touchZone": "none", "type": 4, "width": 14.868}], "r": [[0.655986, -0.670057, 0.347428], [0.465187, 0.72141, 0.513], [-0.594377, -0.174902, 0.784936]], "s": 1.23333, "t": [-40.7265, 75.9656, 32.7326], "timestamp": 838474803475}, {"currentFrameRate": 54.2787, "devices": [], "gestures": [], "hands": [{"armBasis": [[0.957574, 0.0390067, -0.285535], [0.116432, 0.85397, 0.507128], [0.26362, -0.518858, 0.813198]], "armWidth": 59, "confidence": 1, "direction": [-0.13304, -0.00425516, -0.991102], "elbow": [-161.145, 102.327, 311.499], "grabAngle": 2.72709, "grabStrength": 0, "id": 16, "palmNormal": [0.208566, -0.977719, -0.0237991], "palmPosition": [-92.8308, 234.871, 38.4383], "palmVelocity": [390.905, -16.0142, -2.55705], "palmWidth": 84.25, "pinchDistance": 58.556, "pinchStrength": 0.681928, "r": [[0.661622, -0.667173, 0.342252], [0.471407, 0.725046, 0.502079], [-0.583122, -0.170847, 0.794217]], "s": 1.22814, "sphereCenter": [-93.7526, 195.488, 23.4149], "sphereRadius": 40.8474, "stabilizedPalmPosition": [-93.7058, 234.886, 38.4462], "t": [46.7731, 75.9612, 32.6016], "timeVisible": 14.4636, "type": "left", "wrist": [-95.2403, 232.041, 108.2]}], "id": 16400, "interactionBox": {"center": [0, 200, 0], "size": [235.247, 235.247, 147.751]}, "pointables": [{"bases": [[[0.9775, -0.207611, -0.0373037], [0.201581, 0.971507, -0.124659], [0.0621215, 0.114335, 0.991498]], [[0.968047, -0.178227, 0.176407], [0.229909, 0.911682, -0.340554], [-0.100131, 0.37023, 0.923528]], [[0.968047, -0.178227, 0.176407], [0.242192, 0.846887, -0.47342], [-0.0650207, 0.501017, 0.862991]], [[0.968047, -0.178227, 0.176407], [0.246784, 0.801989, -0.543978], [-0.0445249, 0.570131, 0.820346]]], "btipPosition": [-80.0097, 206.633, -56.5229], "carpPosition": [-78.0987, 249.382, 80.0475], "dipPosition": [-79.3053, 215.653, -43.545], "direction": [-0.0650207, -0.501017, -0.862991], "extended": true, "handId": 16, "id": 161, "length": 54.4514, "mcpPosition": [-73.8669, 241.593, 12.5067], "pipPosition": [-77.8502, 226.866, -24.2312], "stabilizedTipPosition": [-79.9474, 208.742, -53.5515], "timeVisible": 14.4636, "tipPosition": [-77.3929, 211.106, -54.7839], "tipVelocity": [520.574, -193.945, 76.3326], "tool": false, "touchDistance": 0.374795, "touchZone": "hovering", "type": 1, "width": 17.91}, {"bases": [[[0.602397, 0.789214, -0.11941], [-0.738426, 0.607817, 0.292037], [0.303059, -0.0877464, 0.948924]], [[0.468785, 0.774012, -0.425614], [-0.87876, 0.457518, -0.135862], [0.0895668, 0.437702, 0.894648]], [[0.468785, 0.774012, -0.425614], [-0.822202, 0.206254, -0.530512], [-0.322838, 0.598636, 0.733083]], [[0.468785, 0.774012, -0.425614], [-0.539087, -0.131, -0.832], [-0.699733, 0.619472, 0.355849]]], "btipPosition": [-86.9841, 180.736, 16.253], "carpPosition": [-65.7686, 233.29, 88.4583], "dipPosition": [-71.8209, 194.16, 23.9643], "direction": [-0.322838, -0.598636, -0.733083], "extended": false, "handId": 16, "id": 160, "length": 48.2559, "mcpPosition": [-65.7686, 233.29, 88.4583], "pipPosition": [-61.6289, 213.059, 47.1077], "stabilizedTipPosition": [-85.2175, 184.036, 17.6441], "timeVisible": 14.4636, "tipPosition": [-82.3295, 187.122, 14.1667], "tipVelocity": [466.75, -75.1873, 123.089], "tool": false, "touchDistance": 0.421024, "touchZone": "hovering", "type": 0, "width": 18.75}, {"bases": [[[0.928123, -0.352811, 0.118796], [0.365252, 0.924696, -0.107373], [-0.0719677, 0.143046, 0.987096]], [[0.922137, -0.343599, 0.177772], [0.206427, 0.0483784, -0.977265], [0.327187, 0.93787, 0.115539]], [[0.922137, -0.343599, 0.177772], [-0.291658, -0.919355, -0.264049], [0.254163, 0.19164, -0.947985]], [[0.922137, -0.343599, 0.177772], [-0.386842, -0.823799, 0.414377], [0.0040691, -0.450883, -0.892574]]], "btipPosition": [-72.6911, 200.211, 50.4578], "carpPosition": [-89.4073, 248.509, 78.8895], "dipPosition": [-72.7619, 192.366, 34.927], "direction": [0.254163, -0.19164, 0.947985], "extended": false, "handId": 16, "id": 162, "length": 62.043, "mcpPosition": [-94.0564, 239.269, 15.1231], "pipPosition": [-79.454, 197.411, 9.96659], "stabilizedTipPosition": [-74.9754, 198.492, 46.6997], "timeVisible": 14.4636, "tipPosition": [-72.61, 198.465, 47.6869], "tipVelocity": [399.257, -14.7208, 41.5877], "tool": false, "touchDistance": 0.333333, "touchZone": "none", "type": 2, "width": 17.59}, {"bases": [[[0.877223, -0.396612, 0.270514], [0.428148, 0.901215, -0.06709], [-0.217183, 0.174673, 0.960375]], [[0.875636, -0.395344, 0.277427], [0.302083, 0.000123041, -0.953282], [0.37684, 0.918533, 0.119534]], [[0.875636, -0.395344, 0.277427], [-0.331465, -0.909698, -0.25016], [0.351274, 0.127092, -0.927607]], [[0.875636, -0.395344, 0.277427], [-0.47967, -0.778917, 0.403986], [0.0563794, -0.486818, -0.871682]]], "btipPosition": [-87.2933, 202.209, 57.6212], "carpPosition": [-100.272, 245.178, 79.3949], "dipPosition": [-88.2687, 193.787, 42.5411], "direction": [0.351274, -0.127092, 0.927607], "extended": false, "handId": 16, "id": 163, "length": 59.656, "mcpPosition": [-112.869, 235.047, 23.6931], "pipPosition": [-97.2789, 197.047, 18.748], "stabilizedTipPosition": [-91.2313, 200.465, 53.9425], "timeVisible": 14.4636, "tipPosition": [-86.2481, 200.924, 54.8516], "tipVelocity": [382.643, -17.9048, 29.3916], "tool": false, "touchDistance": 0.333333, "touchZone": "none", "type": 3, "width": 16.738}, {"bases": [[[0.763309, -0.517149, 0.387191], [0.538496, 0.840424, 0.0609139], [-0.356906, 0.162005, 0.919985]], [[0.804135, -0.534151, 0.260864], [0.347498, 0.0663502, -0.93533], [0.482299, 0.842781, 0.238971]], [[0.804135, -0.534151, 0.260864], [-0.423866, -0.822899, -0.378386], [0.41678, 0.193702, -0.88813]], [[0.804135, -0.534151, 0.260864], [-0.591375, -0.763393, 0.259821], [0.0603582, -0.363199, -0.929754]]], "btipPosition": [-104.062, 202.109, 56.5231], "carpPosition": [-109.202, 236.111, 82.8181], "dipPosition": [-105.026, 196.313, 41.6842], "direction": [0.41678, -0.193702, 0.88813], "extended": false, "handId": 16, "id": 164, "length": 46.7692, "mcpPosition": [-128.364, 227.413, 33.4241], "pipPosition": [-112.574, 199.821, 25.6002], "stabilizedTipPosition": [-108.073, 200.985, 53.0441], "timeVisible": 14.4636, "tipPosition": [-101.695, 202.998, 53.4322], "tipVelocity": [389.436, -21.1913, 4.00684], "tool": false, "touchDistance": 0.333333, "touchZone": "none", "type": 4, "width": 14.868}], "r": [[0.661622, -0.667173, 0.342252], [0.471407, 0.725046, 0.502079], [-0.583122, -0.170847, 0.794217]], "s": 1.22814, "t": [-46.7731, 75.9612, 32.6016], "timestamp": 838474821108}, {"currentFrameRate": 54.5742, "devices": [], "gestures": [], "hands": [{"armBasis": [[0.95178, 0.0315879, -0.305151], [0.136942, 0.846341, 0.514737], [0.274521, -0.531704, 0.801204]], "armWidth": 59, "confidence": 1, "direction": [-0.11828, -0.0213391, -0.992751], "elbow": [-157.366, 100.22, 308.439], "grabAngle": 2.72056, "grabStrength": 0, "id": 16, "palmNormal": [0.230182, -0.973126, -0.00650751], "palmPosition": [-85.242, 235.258, 38.4581], "palmVelocity": [438.989, 22.3861, 1.14164], "palmWidth": 84.25, "pinchDistance": 58.4763, "pinchStrength": 0.712816, "r": [[0.664139, -0.666809, 0.338061], [0.480876, 0.727251, 0.489759], [-0.572431, -0.162703, 0.803648]], "s": 1.22128, "sphereCenter": [-86.3284, 194.935, 24.2655], "sphereRadius": 41.1011, "stabilizedPalmPosition": [-85.2964, 235.256, 38.458], "t": [53.5907, 76.1525, 32.546], "timeVisible": 14.4808, "type": "left", "wrist": [-88.7359, 233.146, 108.138]}], "id": 16401, "interactionBox": {"center": [0, 200, 0], "size": [235.247, 235.247, 147.751]}, "pointables": [{"bases": [[[0.972079, -0.229611, -0.0483752], [0.220874, 0.96495, -0.141728], [0.0792221, 0.127086, 0.988723]], [[0.964908, -0.195041, 0.175819], [0.247413, 0.8996, -0.359871], [-0.0879774, 0.390742, 0.916286]], [[0.964908, -0.195041, 0.175819], [0.257573, 0.833254, -0.489227], [-0.0510828, 0.517346, 0.854251]], [[0.964908, -0.195041, 0.175819], [0.261417, 0.776694, -0.573068], [-0.024786, 0.59892, 0.800425]]], "btipPosition": [-71.084, 205.429, -55.5232], "carpPosition": [-71.4455, 250.683, 80.0593], "dipPosition": [-70.6918, 214.904, -42.8605], "direction": [-0.0510828, -0.517346, -0.854251], "extended": true, "handId": 16, "id": 161, "length": 54.4514, "mcpPosition": [-66.0489, 242.026, 12.7075], "pipPosition": [-69.5486, 226.482, -23.7424], "stabilizedTipPosition": [-71.0675, 207.617, -52.6185], "timeVisible": 14.4808, "tipPosition": [-68.086, 210.349, -54.0881], "tipVelocity": [512.173, -63.6261, 53.6336], "tool": false, "touchDistance": 0.384556, "touchZone": "hovering", "type": 1, "width": 17.91}, {"bases": [[[0.61765, 0.773963, -0.139604], [-0.720597, 0.628049, 0.29376], [0.315038, -0.0808424, 0.94563]], [[0.477074, 0.75656, -0.447232], [-0.870778, 0.475772, -0.124042], [0.118936, 0.448617, 0.885775]], [[0.477074, 0.75656, -0.447232], [-0.827957, 0.216222, -0.517432], [-0.294767, 0.617143, 0.729553]], [[0.477074, 0.75656, -0.447232], [-0.55273, -0.137353, -0.821964], [-0.683294, 0.639336, 0.352646]]], "btipPosition": [-77.5082, 180.915, 17.2669], "carpPosition": [-58.8926, 234.988, 88.8812], "dipPosition": [-62.7012, 194.77, 24.9088], "direction": [-0.294767, -0.617143, -0.729553], "extended": false, "handId": 16, "id": 160, "length": 48.2559, "mcpPosition": [-58.8926, 234.988, 88.8812], "pipPosition": [-53.3954, 214.253, 47.9407], "stabilizedTipPosition": [-74.6002, 184.099, 18.9627], "timeVisible": 14.4808, "tipPosition": [-73.3644, 187.323, 15.146], "tipVelocity": [543.411, 16.0801, 57.7274], "tool": false, "touchDistance": 0.427224, "touchZone": "hovering", "type": 0, "width": 18.75}, {"bases": [[[0.921853, -0.371444, 0.110524], [0.383722, 0.914795, -0.126125], [-0.0542589, 0.158679, 0.985838]], [[0.916941, -0.361261, 0.16944], [0.199573, 0.0475018, -0.978731], [0.345528, 0.931254, 0.115654]], [[0.916941, -0.361261, 0.16944], [-0.310555, -0.91274, -0.265445], [0.25055, 0.190777, -0.94912]], [[0.916941, -0.361261, 0.16944], [-0.398769, -0.814482, 0.42143], [-0.01424, -0.453994, -0.890891]]], "btipPosition": [-64.4491, 200.609, 50.3961], "carpPosition": [-82.7141, 249.545, 78.751], "dipPosition": [-64.2013, 192.709, 34.8946], "direction": [0.25055, -0.190777, 0.94912], "extended": false, "handId": 16, "id": 162, "length": 62.043, "mcpPosition": [-86.2192, 239.294, 15.0659], "pipPosition": [-70.7983, 197.732, 9.90422], "stabilizedTipPosition": [-64.7261, 198.782, 46.8266], "timeVisible": 14.4808, "tipPosition": [-64.3716, 199.398, 48.4137], "tipVelocity": [481.018, 22.2805, -3.18349], "tool": false, "touchDistance": 0.333333, "touchZone": "none", "type": 2, "width": 17.59}, {"bases": [[[0.872254, -0.411942, 0.263585], [0.446678, 0.890512, -0.0864151], [-0.199128, 0.193114, 0.960758]], [[0.871083, -0.410813, 0.269161], [0.293065, -0.00500476, -0.95608], [0.394117, 0.911706, 0.116035]], [[0.871083, -0.410813, 0.269161], [-0.350001, -0.903708, -0.2466], [0.344549, 0.120602, -0.930989]], [[0.871083, -0.410813, 0.269161], [-0.489447, -0.771535, 0.406418], [0.0407054, -0.485764, -0.873142]]], "btipPosition": [-79.2127, 202.375, 57.609], "carpPosition": [-93.5099, 245.982, 79.1481], "dipPosition": [-79.9169, 193.971, 42.5036], "direction": [0.344549, -0.120602, 0.930989], "extended": false, "handId": 16, "id": 163, "length": 59.656, "mcpPosition": [-105.059, 234.782, 23.4241], "pipPosition": [-88.7546, 197.064, 18.6237], "stabilizedTipPosition": [-80.2357, 200.444, 54.1208], "timeVisible": 14.4808, "tipPosition": [-78.2279, 201.634, 55.3876], "tipVelocity": [471.044, 9.81633, -1.04263], "tool": false, "touchDistance": 0.333333, "touchZone": "none", "type": 3, "width": 16.738}, {"bases": [[[0.75747, -0.52826, 0.383641], [0.557549, 0.829138, 0.0408564], [-0.339675, 0.182951, 0.922578]], [[0.796399, -0.548126, 0.255553], [0.340125, 0.0565431, -0.938679], [0.500064, 0.834482, 0.231462]], [[0.796399, -0.548126, 0.255553], [-0.441515, -0.815728, -0.373701], [0.413297, 0.184784, -0.89165]], [[0.796399, -0.548126, 0.255553], [-0.603001, -0.752005, 0.266229], [0.0462499, -0.366123, -0.929416]]], "btipPosition": [-95.9312, 202.124, 56.4441], "carpPosition": [-102.289, 236.771, 82.5741], "dipPosition": [-96.6693, 196.281, 41.6106], "direction": [0.413297, -0.184784, 0.89165], "extended": false, "handId": 16, "id": 164, "length": 46.7692, "mcpPosition": [-120.526, 226.948, 33.0409], "pipPosition": [-104.154, 199.627, 25.4628], "stabilizedTipPosition": [-96.9546, 200.795, 53.0332], "timeVisible": 14.4808, "tipPosition": [-93.7183, 203.32, 53.759], "tipVelocity": [473.363, 0.238256, -4.50131], "tool": false, "touchDistance": 0.333333, "touchZone": "none", "type": 4, "width": 14.868}], "r": [[0.664139, -0.666809, 0.338061], [0.480876, 0.727251, 0.489759], [-0.572431, -0.162703, 0.803648]], "s": 1.22128, "t": [-53.5907, 76.1525, 32.546], "timestamp": 838474838395}, {"currentFrameRate": 54.9076, "devices": [], "gestures": [], "hands": [{"armBasis": [[0.945419, 0.0371646, -0.323731], [0.146858, 0.838264, 0.525115], [0.290888, -0.543996, 0.787053]], "armWidth": 59, "confidence": 1, "direction": [-0.0960121, -0.0527553, -0.993981], "elbow": [-154.587, 99.3242, 305.439], "grabAngle": 2.70912, "grabStrength": 0, "id": 16, "palmNormal": [0.239704, -0.970432, 0.0283516], "palmPosition": [-76.7902, 235.755, 39.1693], "palmVelocity": [495.731, 29.1106, 41.7175], "palmWidth": 84.25, "pinchDistance": 57.8381, "pinchStrength": 0.734133, "r": [[0.666252, -0.66583, 0.335826], [0.491888, 0.730856, 0.473176], [-0.560495, -0.150065, 0.814448]], "s": 1.21399, "sphereCenter": [-78.1497, 194.319, 26.4015], "sphereRadius": 41.4181, "stabilizedPalmPosition": [-76.8138, 235.753, 39.1674], "t": [61.2254, 76.4963, 32.8738], "timeVisible": 14.4979, "type": "left", "wrist": [-81.8651, 235.323, 108.676]}], "id": 16402, "interactionBox": {"center": [0, 200, 0], "size": [235.247, 235.247, 147.751]}, "pointables": [{"bases": [[[0.968492, -0.241053, -0.0625747], [0.227031, 0.957847, -0.176028], [0.102369, 0.156275, 0.982394]], [[0.965603, -0.197865, 0.168703], [0.250008, 0.884806, -0.393211], [-0.0714664, 0.421863, 0.903839]], [[0.965603, -0.197865, 0.168703], [0.257334, 0.82024, -0.510867], [-0.0372939, 0.536708, 0.842944]], [[0.965603, -0.197865, 0.168703], [0.259951, 0.749766, -0.608504], [-0.00608584, 0.631427, 0.775411]]], "btipPosition": [-60.871, 203.152, -53.4372], "carpPosition": [-64.0705, 252.58, 80.5703], "dipPosition": [-60.7747, 213.141, -41.1702], "direction": [-0.0372939, -0.536708, -0.842944], "extended": true, "handId": 16, "id": 161, "length": 54.4514, "mcpPosition": [-57.0971, 241.934, 13.6496], "pipPosition": [-59.9401, 225.153, -22.3051], "stabilizedTipPosition": [-60.9403, 205.469, -50.6337], "timeVisible": 14.4979, "tipPosition": [-57.4793, 208.114, -52.1126], "tipVelocity": [595.046, -126.611, 117.016], "tool": false, "touchDistance": 0.409359, "touchZone": "hovering", "type": 1, "width": 17.91}, {"bases": [[[0.621884, 0.762906, -0.176735], [-0.707772, 0.64414, 0.290074], [0.335141, -0.0553041, 0.940543]], [[0.477017, 0.738636, -0.476311], [-0.866572, 0.485701, -0.114659], [0.146654, 0.467452, 0.871769]], [[0.477017, 0.738636, -0.476311], [-0.839454, 0.222377, -0.495849], [-0.260331, 0.636369, 0.726128]], [[0.477017, 0.738636, -0.476311], [-0.584301, -0.138318, -0.799663], [-0.656541, 0.659762, 0.365606]]], "btipPosition": [-67.2323, 181.299, 19.0019], "carpPosition": [-51.5648, 237.292, 90.1416], "dipPosition": [-53.0051, 195.596, 26.9245], "direction": [-0.260331, -0.636369, -0.726128], "extended": false, "handId": 16, "id": 160, "length": 48.2559, "mcpPosition": [-51.5648, 237.292, 90.1416], "pipPosition": [-44.7864, 215.686, 49.8484], "stabilizedTipPosition": [-64.3499, 184.569, 20.7559], "timeVisible": 14.4979, "tipPosition": [-63.9355, 187.065, 17.8352], "tipVelocity": [594.905, 28.4739, 105.55], "tool": false, "touchDistance": 0.444828, "touchZone": "hovering", "type": 0, "width": 18.75}, {"bases": [[[0.92043, -0.377458, 0.101657], [0.38969, 0.906503, -0.162462], [-0.0308301, 0.189149, 0.981464]], [[0.916925, -0.365436, 0.160327], [0.184393, 0.0316865, -0.982342], [0.353903, 0.930297, 0.0964382]], [[0.916925, -0.365436, 0.160327], [-0.318869, -0.912503, -0.256246], [0.23994, 0.183835, -0.953223]], [[0.916925, -0.365436, 0.160327], [-0.397813, -0.805312, 0.439565], [-0.03152, -0.466828, -0.883786]]], "btipPosition": [-55.7235, 200.83, 51.8208], "carpPosition": [-75.2957, 251.286, 79.0512], "dipPosition": [-55.175, 192.707, 36.443], "direction": [0.23994, -0.183835, 0.953223], "extended": false, "handId": 16, "id": 162, "length": 62.043, "mcpPosition": [-77.2873, 239.067, 15.6487], "pipPosition": [-61.4926, 197.547, 11.3446], "stabilizedTipPosition": [-55.8352, 198.957, 48.246], "timeVisible": 14.4979, "tipPosition": [-55.784, 200.324, 50.4972], "tipVelocity": [515.851, 9.96815, 85.2383], "tool": false, "touchDistance": 0.333333, "touchZone": "none", "type": 2, "width": 17.59}, {"bases": [[[0.873848, -0.412764, 0.256936], [0.453273, 0.882787, -0.123414], [-0.175879, 0.224307, 0.958516]], [[0.871601, -0.409952, 0.268796], [0.284089, -0.0244527, -0.958486], [0.399506, 0.911779, 0.0951499]], [[0.871601, -0.409952, 0.268796], [-0.355098, -0.906006, -0.230343], [0.33796, 0.105318, -0.935249]], [[0.871601, -0.409952, 0.268796], [-0.489144, -0.763542, 0.421595], [0.0324033, -0.498942, -0.866029]]], "btipPosition": [-70.5067, 202.825, 58.7621], "carpPosition": [-86.0626, 247.625, 79.3209], "dipPosition": [-71.0673, 194.194, 43.7798], "direction": [0.33796, -0.105318, 0.935249], "extended": false, "handId": 16, "id": 163, "length": 59.656, "mcpPosition": [-96.2635, 234.615, 23.727], "pipPosition": [-79.736, 196.895, 19.7907], "stabilizedTipPosition": [-70.9416, 200.827, 55.2781], "timeVisible": 14.4979, "tipPosition": [-69.8793, 202.614, 57.1453], "tipVelocity": [512.584, 23.3488, 69.2972], "tool": false, "touchDistance": 0.333333, "touchZone": "none", "type": 3, "width": 16.738}, {"bases": [[[0.760632, -0.524178, 0.382982], [0.566339, 0.824166, 0.0032221], [-0.31733, 0.214447, 0.92375]], [[0.795964, -0.547965, 0.257247], [0.327444, 0.0323212, -0.944318], [0.509139, 0.835876, 0.205154]], [[0.795964, -0.547965, 0.257247], [-0.449634, -0.819709, -0.354833], [0.405304, 0.166768, -0.898842]], [[0.795964, -0.547965, 0.257247], [-0.604402, -0.743098, 0.287234], [0.0337656, -0.384108, -0.922671]]], "btipPosition": [-87.3152, 202.662, 57.5256], "carpPosition": [-94.8259, 238.432, 82.8347], "dipPosition": [-87.8541, 196.531, 42.7998], "direction": [0.405304, -0.166768, 0.898842], "extended": false, "handId": 16, "id": 164, "length": 46.7692, "mcpPosition": [-111.863, 226.918, 33.2385], "pipPosition": [-95.1941, 199.551, 26.5218], "stabilizedTipPosition": [-87.7608, 201.236, 54.1013], "timeVisible": 14.4979, "tipPosition": [-85.3755, 204.097, 55.2101], "tipVelocity": [508.055, 27.6413, 64.8913], "tool": false, "touchDistance": 0.333333, "touchZone": "none", "type": 4, "width": 14.868}], "r": [[0.666252, -0.66583, 0.335826], [0.491888, 0.730856, 0.473176], [-0.560495, -0.150065, 0.814448]], "s": 1.21399, "t": [-61.2254, 76.4963, 32.8738], "timestamp": 838474855444}, {"currentFrameRate": 55.0591, "devices": [], "gestures": [], "hands": [{"armBasis": [[0.934718, 0.0221983, -0.354697], [0.178427, 0.833833, 0.522386], [0.307354, -0.551571, 0.775437]], "armWidth": 59, "confidence": 1, "direction": [-0.0736517, -0.0754061, -0.994429], "elbow": [-150.799, 98.4316, 302.545], "grabAngle": 2.69305, "grabStrength": 0, "id": 16, "palmNormal": [0.268004, -0.961954, 0.0530941], "palmPosition": [-67.2613, 235.714, 39.3761], "palmVelocity": [540.31, -2.30133, 11.7221], "palmWidth": 84.25, "pinchDistance": 57.1253, "pinchStrength": 0.757451, "r": [[0.665262, -0.667729, 0.334012], [0.506801, 0.732386, 0.454713], [-0.548251, -0.133226, 0.825634]], "s": 1.2062, "sphereCenter": [-67.8393, 193.429, 27.5604], "sphereRadius": 41.683, "stabilizedPalmPosition": [-67.2751, 235.714, 39.3758], "t": [69.8072, 76.6479, 33.141], "timeVisible": 14.5155, "type": "left", "wrist": [-73.9605, 236.324, 108.686]}], "id": 16403, "interactionBox": {"center": [0, 200, 0], "size": [235.247, 235.247, 147.751]}, "pointables": [{"bases": [[[0.959328, -0.271533, -0.0772006], [0.251884, 0.946825, -0.200195], [0.127455, 0.172607, 0.97671]], [[0.961556, -0.221475, 0.162353], [0.270239, 0.868218, -0.416136], [-0.0487946, 0.444012, 0.894691]], [[0.961556, -0.221475, 0.162353], [0.274061, 0.811281, -0.516443], [-0.0173352, 0.541083, 0.84079]], [[0.961556, -0.221475, 0.162353], [0.27382, 0.728506, -0.627934], [0.0207962, 0.64825, 0.761144]]], "btipPosition": [-49.2344, 201.952, -52.3104], "carpPosition": [-55.9167, 253.738, 80.6721], "dipPosition": [-49.5634, 212.207, -40.2691], "direction": [-0.0173352, -0.541083, -0.84079], "extended": true, "handId": 16, "id": 161, "length": 54.4514, "mcpPosition": [-47.2344, 241.98, 14.1386], "pipPosition": [-49.1755, 224.317, -21.4522], "stabilizedTipPosition": [-49.3735, 204.317, -49.5468], "timeVisible": 14.5155, "tipPosition": [-45.439, 206.734, -50.8412], "tipVelocity": [654.271, -64.5576, 60.9499], "tool": false, "touchDistance": 0.41788, "touchZone": "hovering", "type": 1, "width": 17.91}, {"bases": [[[0.640624, 0.740014, -0.204892], [-0.681973, 0.670966, 0.291063], [0.352866, -0.0467306, 0.934506]], [[0.493205, 0.715764, -0.4944], [-0.850935, 0.515022, -0.103259], [0.180718, 0.47163, 0.86308]], [[0.493205, 0.715764, -0.4944], [-0.842467, 0.251371, -0.47651], [-0.216791, 0.651533, 0.726985]], [[0.493205, 0.715764, -0.4944], [-0.615131, -0.11491, -0.780006], [-0.615112, 0.688823, 0.383614]]], "btipPosition": [-54.9818, 181.735, 19.6506], "carpPosition": [-43.1611, 239.03, 90.806], "dipPosition": [-41.6524, 196.662, 27.9635], "direction": [-0.216791, -0.651533, -0.726985], "extended": false, "handId": 16, "id": 160, "length": 48.2559, "mcpPosition": [-43.1611, 239.03, 90.806], "pipPosition": [-34.8083, 217.231, 50.9144], "stabilizedTipPosition": [-52.1844, 185.156, 21.5452], "timeVisible": 14.5155, "tipPosition": [-52.4701, 186.889, 19.4714], "tipVelocity": [682.921, 32.9554, 41.8755], "tool": false, "touchDistance": 0.444756, "touchZone": "hovering", "type": 0, "width": 18.75}, {"bases": [[[0.910637, -0.403122, 0.0907333], [0.41318, 0.890848, -0.188872], [-0.00469098, 0.209483, 0.977801]], [[0.908717, -0.389835, 0.149203], [0.172614, 0.0255058, -0.984659], [0.380049, 0.920531, 0.0904685]], [[0.908717, -0.389835, 0.149203], [-0.344937, -0.902613, -0.257503], [0.235056, 0.182532, -0.954689]], [[0.908717, -0.389835, 0.149203], [-0.413868, -0.794991, 0.443512], [-0.0542818, -0.464777, -0.883762]]], "btipPosition": [-45.1609, 200.739, 52.264], "carpPosition": [-67.064, 252.073, 78.9531], "dipPosition": [-44.2164, 192.651, 36.8865], "direction": [0.235056, -0.182532, 0.954689], "extended": false, "handId": 16, "id": 162, "length": 62.043, "mcpPosition": [-67.367, 238.541, 15.7872], "pipPosition": [-50.4054, 197.458, 11.7496], "stabilizedTipPosition": [-45.1062, 198.88, 48.72], "timeVisible": 14.5155, "tipPosition": [-45.4034, 200.982, 51.5944], "tipVelocity": [604.087, -4.70882, 25.1315], "tool": false, "touchDistance": 0.333333, "touchZone": "none", "type": 2, "width": 17.59}, {"bases": [[[0.866266, -0.433902, 0.247614], [0.476825, 0.865994, -0.150641], [-0.149069, 0.248563, 0.957076]], [[0.862761, -0.428305, 0.268698], [0.27838, -0.04124, -0.959585], [0.422076, 0.902693, 0.0836513]], [[0.862761, -0.428305, 0.268698], [-0.376502, -0.89893, -0.223988], [0.337476, 0.0920832, -0.936819]], [[0.862761, -0.428305, 0.268698], [-0.505271, -0.749879, 0.427063], [0.0185777, -0.504219, -0.863376]]], "btipPosition": [-59.9268, 202.694, 59.0747], "carpPosition": [-77.7197, 248.094, 79.0799], "dipPosition": [-60.2482, 193.971, 44.1383], "direction": [0.337476, -0.0920832, 0.936819], "extended": false, "handId": 16, "id": 163, "length": 59.656, "mcpPosition": [-86.3657, 233.677, 23.5695], "pipPosition": [-68.9044, 196.333, 20.1089], "stabilizedTipPosition": [-60.2009, 200.69, 55.6327], "timeVisible": 14.5155, "tipPosition": [-59.755, 203, 57.9976], "tipVelocity": [603.026, -8.63822, 18.3221], "tool": false, "touchDistance": 0.333333, "touchZone": "none", "type": 3, "width": 16.738}, {"bases": [[[0.752417, -0.5393, 0.378184], [0.590701, 0.806499, -0.0251425], [-0.291446, 0.242311, 0.925389]], [[0.780231, -0.562963, 0.272603], [0.330456, 0.000965939, -0.943821], [0.531073, 0.826481, 0.186788]], [[0.780231, -0.562963, 0.272603], [-0.468025, -0.814578, -0.342659], [0.41496, 0.139768, -0.89904]], [[0.780231, -0.562963, 0.272603], [-0.624758, -0.722506, 0.296077], [0.0302768, -0.401319, -0.915438]]], "btipPosition": [-76.5375, 202.516, 57.6959], "carpPosition": [-86.2752, 238.71, 82.6034], "dipPosition": [-77.0207, 196.111, 43.0855], "direction": [0.41496, -0.139768, 0.89904], "extended": false, "handId": 16, "id": 164, "length": 46.7692, "mcpPosition": [-101.923, 225.701, 32.9193], "pipPosition": [-84.5356, 198.642, 26.8039], "stabilizedTipPosition": [-76.8639, 201.046, 54.3309], "timeVisible": 14.5155, "tipPosition": [-75.2957, 203.987, 55.8114], "tipVelocity": [611.846, -11.8584, 11.1584], "tool": false, "touchDistance": 0.333333, "touchZone": "none", "type": 4, "width": 14.868}], "r": [[0.665262, -0.667729, 0.334012], [0.506801, 0.732386, 0.454713], [-0.548251, -0.133226, 0.825634]], "s": 1.2062, "t": [-69.8072, 76.6479, 33.141], "timestamp": 838474873080}, {"currentFrameRate": 55.2714, "devices": [], "gestures": [], "hands": [{"armBasis": [[0.920175, -0.00613119, -0.391459], [0.222461, 0.830966, 0.509908], [0.322162, -0.556289, 0.765998]], "armWidth": 59, "confidence": 1, "direction": [-0.0570272, -0.124279, -0.990607], "elbow": [-145.099, 98.401, 300.254], "grabAngle": 2.67052, "grabStrength": 0, "id": 16, "palmNormal": [0.319261, -0.942392, 0.0998504], "palmPosition": [-56.5556, 234.408, 39.7484], "palmVelocity": [616.798, -75.2629, 21.4518], "palmWidth": 84.25, "pinchDistance": 56.871, "pinchStrength": 0.798335, "r": [[0.657841, -0.673378, 0.337352], [0.527405, 0.731627, 0.431932], [-0.537669, -0.106222, 0.836438]], "s": 1.19658, "sphereCenter": [-54.6723, 191.402, 29.7869], "sphereRadius": 41.6995, "stabilizedPalmPosition": [-56.5669, 234.409, 39.748], "t": [79.451, 76.0705, 33.4608], "timeVisible": 14.5329, "type": "left", "wrist": [-64.5583, 237.473, 108.755]}], "id": 16404, "interactionBox": {"center": [0, 200, 0], "size": [235.247, 235.247, 147.751]}, "pointables": [{"bases": [[[0.942095, -0.327026, -0.0742318], [0.300508, 0.921527, -0.245933], [0.148833, 0.209386, 0.96644]], [[0.94961, -0.264995, 0.167385], [0.312728, 0.836838, -0.449336], [-0.0210028, 0.47904, 0.877542]], [[0.94961, -0.264995, 0.167385], [0.313135, 0.778841, -0.543463], [0.0136484, 0.568493, 0.822575]], [[0.94961, -0.264995, 0.167385], [0.307549, 0.684793, -0.66066], [0.0604474, 0.678849, 0.731785]]], "btipPosition": [-36.1597, 198.096, -50.4435], "carpPosition": [-46.7244, 254.878, 80.2851], "dipPosition": [-37.116, 208.836, -38.8666], "direction": [0.0136484, -0.568493, -0.822575], "extended": true, "handId": 16, "id": 161, "length": 54.4514, "mcpPosition": [-36.5859, 240.615, 14.4512], "pipPosition": [-37.4214, 221.559, -20.4574], "stabilizedTipPosition": [-36.444, 200.585, -47.7896], "timeVisible": 14.5329, "tipPosition": [-32.2956, 202.506, -48.7661], "tipVelocity": [744.972, -215.731, 101.404], "tool": false, "touchDistance": 0.435826, "touchZone": "hovering", "type": 1, "width": 17.91}, {"bases": [[[0.677331, 0.693678, -0.245017], [-0.640772, 0.719896, 0.266761], [0.361433, -0.0236858, 0.932097]], [[0.529542, 0.666016, -0.525364], [-0.820042, 0.560395, -0.116137], [0.217062, 0