{"frames": 131, "data": [{"currentFrameRate": 115.212, "devices": [], "gestures": [], "hands": [{"armBasis": [[0.102306, -0.787307, -0.608013], [0.962369, 0.233024, -0.139809], [0.251754, -0.57083, 0.78152]], "armWidth": 59.5212, "confidence": 1, "direction": [-0.13027, 0.210902, -0.968788], "elbow": [-253.394, -22.7443, 302.277], "grabAngle": 0.261556, "grabStrength": 0, "id": 47, "palmNormal": [0.96975, -0.176338, -0.168787], "palmPosition": [-187.174, 153.216, 27.5898], "palmVelocity": [31.6813, 18.7504, -8.39042], "palmWidth": 88.5196, "pinchDistance": 55.5917, "pinchStrength": 0, "r": [[-0.529005, 0.72038, -0.44856], [-0.708713, -0.66577, -0.233402], [-0.466775, 0.194429, 0.862739]], "s": 0.864076, "sphereCenter": [-1.40207, 99.3574, -14.0565], "sphereRadius": 200.24, "stabilizedPalmPosition": [-189.686, 154.515, 28.6257], "t": [-19.4827, 17.499, -7.17813], "timeVisible": 7.40612, "type": "left", "wrist": [-187.266, 127.195, 96.9955]}], "id": 57505, "interactionBox": {"center": [0, 200, 0], "size": [235.247, 235.247, 147.751]}, "pointables": [{"bases": [[[0.975858, -0.188018, -0.11113], [0.216711, 0.770339, 0.599679], [-0.0271427, -0.609285, 0.792487]], [[0.976226, -0.173689, -0.129669], [0.216333, 0.743524, 0.63275], [-0.0134901, -0.645758, 0.763423]], [[0.976226, -0.173689, -0.129669], [0.193177, 0.968513, 0.157049], [0.0983081, -0.178364, 0.979041]], [[0.976226, -0.173689, -0.129669], [0.160058, 0.98106, -0.109098], [0.146162, 0.0857498, 0.985537]]], "btipPosition": [-163.491, 195.281, -9.02851], "carpPosition": [-169.589, 159.858, 84.3339], "dipPosition": [-166.902, 197.282, 13.9723], "direction": [0.0983081, 0.178364, -0.979041], "extended": false, "handId": 47, "id": 470, "length": 51.9712, "mcpPosition": [-169.589, 159.858, 84.3339], "pipPosition": [-170.245, 191.218, 47.2603], "stabilizedTipPosition": [-166.264, 196.031, -2.78469], "timeVisible": 7.40612, "tipPosition": [-163.738, 196.785, -2.51379], "tipVelocity": [26.0607, 17.3223, -5.7213], "tool": false, "touchDistance": 0.333289, "touchZone": "hovering", "type": 0, "width": 18.5712}, {"bases": [[[0.0610246, -0.975445, -0.211619], [0.997912, 0.064122, -0.00779826], [0.0211762, -0.210701, 0.977321]], [[0.0640808, -0.99793, -0.00541696], [0.996659, 0.0642727, -0.0503885], [0.0506324, -0.00216993, 0.998715]], [[0.0640808, -0.99793, -0.00541696], [0.987164, 0.0641833, -0.146248], [0.146293, 0.00402425, 0.989233]], [[0.0640808, -0.99793, -0.00541696], [0.974929, 0.0637611, -0.213183], [0.213087, 0.0083798, 0.976997]]], "btipPosition": [-183.252, 161.76, -89.2016], "carpPosition": [-195.265, 147.626, 71.4977], "dipPosition": [-187.246, 161.917, -70.893], "direction": [0.146293, -0.00402425, -0.989233], "extended": true, "handId": 47, "id": 472, "length": 66.8197, "mcpPosition": [-193.828, 161.927, 5.16319], "pipPosition": [-191.394, 162.031, -42.8411], "stabilizedTipPosition": [-186.31, 163.214, -84.2986], "timeVisible": 7.40612, "tipPosition": [-182.787, 163.236, -84.5796], "tipVelocity": [17.8344, 26.4922, -7.22771], "tool": false, "touchDistance": 0.333277, "touchZone": "hovering", "type": 2, "width": 17.4223}, {"bases": [[[0.225374, -0.91241, -0.341635], [0.97293, 0.229175, 0.0297715], [0.0511305, -0.339097, 0.939361]], [[0.228149, -0.973023, 0.0342732], [0.971507, 0.229832, 0.0578874], [-0.0642028, 0.0200897, 0.997735]], [[0.228149, -0.973023, 0.0342732], [0.97358, 0.228341, 0.00176107], [-0.00953954, 0.0329659, 0.999411]], [[0.228149, -0.973023, 0.0342732], [0.973374, 0.227147, -0.0307793], [0.0221639, 0.0403829, 0.998938]]], "btipPosition": [-189.956, 179.79, -75.0514], "carpPosition": [-191.012, 157.864, 76.0351], "dipPosition": [-190.333, 180.478, -58.0315], "direction": [-0.00953954, -0.0329659, -0.999411], "extended": true, "handId": 47, "id": 471, "length": 58.6436, "mcpPosition": [-187.353, 182.134, 8.803], "pipPosition": [-190.103, 181.273, -33.9426], "stabilizedTipPosition": [-190.957, 180.723, -70.2538], "timeVisible": 7.40612, "tipPosition": [-186.621, 179.608, -70.9208], "tipVelocity": [27.3966, 25.8734, -4.48538], "tool": false, "touchDistance": 0.333298, "touchZone": "hovering", "type": 1, "width": 17.7392}, {"bases": [[[-0.0119259, -0.99786, -0.0642975], [0.999888, -0.0124824, 0.00826129], [-0.00904619, -0.0641918, 0.997897]], [[-0.0120423, -0.998609, -0.0513405], [0.994111, -0.00642646, -0.108176], [0.107696, -0.0523408, 0.992805]], [[-0.0120423, -0.998609, -0.0513405], [0.968265, 0.00117279, -0.249925], [0.249637, -0.0527208, 0.966903]], [[-0.0120423, -0.998609, -0.0513405], [0.94883, 0.00479132, -0.31575], [0.315556, -0.0525157, 0.947453]]], "btipPosition": [-179.825, 144.928, -81.215], "carpPosition": [-196.848, 136.249, 68.1941], "dipPosition": [-185.705, 143.949, -63.5621], "direction": [0.249637, 0.0527208, -0.966903], "extended": true, "handId": 47, "id": 473, "length": 64.249, "mcpPosition": [-197.399, 140.161, 7.38293], "pipPosition": [-192.601, 142.493, -36.8516], "stabilizedTipPosition": [-184.523, 146.144, -76.777], "timeVisible": 7.40612, "tipPosition": [-183.238, 146.366, -77.2844], "tipVelocity": [15.1316, 25.3835, -9.6102], "tool": false, "touchDistance": 0.333259, "touchZone": "hovering", "type": 3, "width": 16.5784}, {"bases": [[[-0.177938, -0.982711, 0.051155], [0.981107, -0.173156, 0.0862893], [-0.0759396, 0.0655427, 0.994956]], [[-0.162028, -0.979143, -0.122583], [0.985572, -0.154414, -0.0693117], [0.0489375, -0.132045, 0.990035]], [[-0.162028, -0.979143, -0.122583], [0.961999, -0.129066, -0.240624], [0.219784, -0.156912, 0.962847]], [[-0.162028, -0.979143, -0.122583], [0.92987, -0.109921, -0.351082], [0.330285, -0.170871, 0.928286]]], "btipPosition": [-184.481, 130.327, -58.6986], "carpPosition": [-191.887, 123.371, 67.0728], "dipPosition": [-190.158, 127.39, -42.7425], "direction": [0.219784, 0.156912, -0.962847], "extended": true, "handId": 47, "id": 474, "length": 50.37, "mcpPosition": [-196.17, 119.674, 10.9464], "pipPosition": [-194.445, 124.33, -23.9629], "stabilizedTipPosition": [-189.46, 131.123, -54.4528], "timeVisible": 7.40612, "tipPosition": [-188.36, 129.767, -55.047], "tipVelocity": [11.1852, 25.6322, -12.5675], "tool": false, "touchDistance": 0.333235, "touchZone": "hovering", "type": 4, "width": 14.7262}], "r": [[-0.529005, 0.72038, -0.44856], [-0.708713, -0.66577, -0.233402], [-0.466775, 0.194429, 0.862739]], "s": 0.864076, "t": [19.4827, 17.499, -7.17813], "timestamp": 7279540338}, {"currentFrameRate": 115.242, "devices": [], "gestures": [], "hands": [{"armBasis": [[0.106568, -0.784349, -0.611097], [0.962, 0.236724, -0.136076], [0.251393, -0.573375, 0.779771]], "armWidth": 59.5212, "confidence": 1, "direction": [-0.130227, 0.212088, -0.968535], "elbow": [-253.036, -23.2784, 301.725], "grabAngle": 0.261522, "grabStrength": 0, "id": 47, "palmNormal": [0.968858, -0.180276, -0.169747], "palmPosition": [-186.885, 153.431, 27.5289], "palmVelocity": [33.5693, 24.9172, -7.05993], "palmWidth": 88.5196, "pinchDistance": 55.5617, "pinchStrength": 0, "r": [[-0.529314, 0.720106, -0.448636], [-0.707604, -0.666439, -0.234852], [-0.468106, 0.193146, 0.862306]], "s": 0.864432, "sphereCenter": [-0.588539, 99.2425, -14.1675], "sphereRadius": 200.822, "stabilizedPalmPosition": [-189.637, 154.496, 28.6063], "t": [-19.2016, 17.6666, -7.25112], "timeVisible": 7.41475, "type": "left", "wrist": [-187.003, 127.33, 96.9032]}], "id": 57506, "interactionBox": {"center": [0, 200, 0], "size": [235.247, 235.247, 147.751]}, "pointables": [{"bases": [[[0.976731, -0.183865, -0.110406], [0.212971, 0.770839, 0.600376], [-0.0252832, -0.609919, 0.79206]], [[0.977053, -0.170073, -0.128228], [0.212627, 0.743413, 0.634135], [-0.012523, -0.646848, 0.762516]], [[0.977053, -0.170073, -0.128228], [0.189379, 0.969184, 0.15754], [0.097483, -0.178209, 0.979152]], [[0.977053, -0.170073, -0.128228], [0.156585, 0.981646, -0.108864], [0.144389, 0.086287, 0.985752]]], "btipPosition": [-163.147, 195.42, -9.06509], "carpPosition": [-169.223, 159.962, 84.2621], "dipPosition": [-166.517, 197.433, 13.9408], "direction": [0.097483, 0.178209, -0.979152], "extended": false, "handId": 47, "id": 470, "length": 51.9712, "mcpPosition": [-169.223, 159.962, 84.2621], "pipPosition": [-169.831, 191.374, 47.2325], "stabilizedTipPosition": [-166.217, 196.028, -2.80443], "timeVisible": 7.41475, "tipPosition": [-163.297, 196.916, -2.57332], "tipVelocity": [40.9652, 16.4271, -4.10762], "tool": false, "touchDistance": 0.333302, "touchZone": "hovering", "type": 0, "width": 18.5712}, {"bases": [[[0.0652832, -0.975041, -0.21221], [0.997641, 0.0682956, -0.00688867], [0.0212098, -0.21126, 0.9772]], [[0.0682576, -0.997652, -0.0056132], [0.996366, 0.0684548, -0.050692], [0.0509572, -0.00213269, 0.998699]], [[0.0682576, -0.997652, -0.0056132], [0.986996, 0.0683471, -0.145489], [0.145531, 0.00439052, 0.989344]], [[0.0682576, -0.997652, -0.0056132], [0.97484, 0.0678914, -0.212316], [0.212198, 0.00902017, 0.977185]]], "btipPosition": [-182.968, 161.993, -89.2568], "carpPosition": [-194.961, 147.845, 71.4401], "dipPosition": [-186.945, 162.162, -70.9447], "direction": [0.145531, -0.00439052, -0.989344], "extended": true, "handId": 47, "id": 472, "length": 66.8197, "mcpPosition": [-193.521, 162.184, 5.11383], "pipPosition": [-191.072, 162.287, -42.8897], "stabilizedTipPosition": [-186.226, 163.173, -84.3244], "timeVisible": 7.41475, "tipPosition": [-182.559, 163.5, -84.6396], "tipVelocity": [33.3623, 27.3744, -6.30782], "tool": false, "touchDistance": 0.333285, "touchZone": "hovering", "type": 2, "width": 17.4223}, {"bases": [[[0.22948, -0.911233, -0.342042], [0.971938, 0.233218, 0.0307684], [0.0517332, -0.339504, 0.939181]], [[0.23217, -0.972075, 0.0341617], [0.970599, 0.233825, 0.0571191], [-0.0635119, 0.019896, 0.997783]], [[0.23217, -0.972075, 0.0341617], [0.972621, 0.232385, 0.00242355], [-0.0102945, 0.0326637, 0.999413]], [[0.23217, -0.972075, 0.0341617], [0.972441, 0.231201, -0.0300688], [0.0213309, 0.0402013, 0.998964]]], "btipPosition": [-189.564, 180.037, -75.0956], "carpPosition": [-190.661, 158.063, 75.9806], "dipPosition": [-189.928, 180.722, -58.0752], "direction": [-0.0102945, -0.0326637, -0.999413], "extended": true, "handId": 47, "id": 471, "length": 58.6436, "mcpPosition": [-186.959, 182.362, 8.76137], "pipPosition": [-189.68, 181.509, -33.9863], "stabilizedTipPosition": [-190.928, 180.711, -70.2745], "timeVisible": 7.41475, "tipPosition": [-186.326, 179.888, -70.966], "tipVelocity": [45.7441, 28.5028, -5.11068], "tool": false, "touchDistance": 0.333295, "touchZone": "hovering", "type": 1, "width": 17.7392}, {"bases": [[[-0.00770065, -0.997858, -0.0649671], [0.999924, -0.0083105, 0.00912198], [-0.00964234, -0.0648919, 0.997846]], [[-0.00782882, -0.998636, -0.0516269], [0.994094, -0.0021838, -0.108505], [0.108244, -0.0521715, 0.992754]], [[-0.00782882, -0.998636, -0.0516269], [0.968421, 0.00529431, -0.249263], [0.249196, -0.0519481, 0.967059]], [[-0.00782882, -0.998636, -0.0516269], [0.948919, 0.00886603, -0.315394], [0.315422, -0.051459, 0.947555]]], "btipPosition": [-179.598, 145.15, -81.2796], "carpPosition": [-196.594, 136.478, 68.1303], "dipPosition": [-185.475, 144.192, -63.6248], "direction": [0.249196, 0.0519481, -0.967059], "extended": true, "handId": 47, "id": 473, "length": 64.249, "mcpPosition": [-197.182, 140.432, 7.3223], "pipPosition": [-192.359, 142.757, -36.91], "stabilizedTipPosition": [-184.349, 146.085, -76.7985], "timeVisible": 7.41475, "tipPosition": [-183.057, 146.626, -77.3526], "tipVelocity": [26.4218, 26.3318, -7.43555], "tool": false, "touchDistance": 0.333276, "touchZone": "hovering", "type": 3, "width": 16.5784}, {"bases": [[[-0.173875, -0.98348, 0.0503512], [0.981747, -0.169113, 0.0870275], [-0.0770747, 0.064564, 0.994933]], [[-0.157866, -0.979767, -0.123026], [0.986196, -0.150131, -0.0698472], [0.049964, -0.132354, 0.989942]], [[-0.157866, -0.979767, -0.123026], [0.962789, -0.125047, -0.239584], [0.219352, -0.15627, 0.963049]], [[-0.157866, -0.979767, -0.123026], [0.93091, -0.106109, -0.349495], [0.329369, -0.169699, 0.928826]]], "btipPosition": [-184.334, 130.57, -58.7838], "carpPosition": [-191.687, 123.58, 66.9962], "dipPosition": [-189.995, 127.653, -42.8184], "direction": [0.219352, 0.15627, -0.963049], "extended": true, "handId": 47, "id": 474, "length": 50.37, "mcpPosition": [-196.035, 119.938, 10.8712], "pipPosition": [-194.274, 124.605, -24.0348], "stabilizedTipPosition": [-189.315, 131.077, -54.4778], "timeVisible": 7.41475, "tipPosition": [-188.234, 130.042, -55.1223], "tipVelocity": [17.4762, 28.6052, -9.62999], "tool": false, "touchDistance": 0.333259, "touchZone": "hovering", "type": 4, "width": 14.7262}], "r": [[-0.529314, 0.720106, -0.448636], [-0.707604, -0.666439, -0.234852], [-0.468106, 0.193146, 0.862306]], "s": 0.864432, "t": [19.2016, 17.6666, -7.25112], "timestamp": 7279548965}, {"currentFrameRate": 115.281, "devices": [], "gestures": [], "hands": [{"armBasis": [[0.10795, -0.781646, -0.614309], [0.961986, 0.23805, -0.133848], [0.250858, -0.576508, 0.77763]], "armWidth": 59.5212, "confidence": 1, "direction": [-0.128722, 0.211791, -0.968801], "elbow": [-252.648, -23.9223, 301.082], "grabAngle": 0.261596, "grabStrength": 0, "id": 47, "palmNormal": [0.968685, -0.182306, -0.168561], "palmPosition": [-186.536, 153.617, 27.4526], "palmVelocity": [40.5731, 21.5972, -8.8647], "palmWidth": 88.5196, "pinchDistance": 55.5277, "pinchStrength": 0, "r": [[-0.529948, 0.719624, -0.448661], [-0.706501, -0.667282, -0.235776], [-0.469054, 0.192031, 0.86204]], "s": 0.864716, "sphereCenter": [0.312925, 99.7043, -13.8614], "sphereRadius": 201.19, "stabilizedPalmPosition": [-189.579, 154.479, 28.585], "t": [-18.8864, 17.8434, -7.32576], "timeVisible": 7.42336, "type": "left", "wrist": [-186.756, 127.509, 96.8225]}], "id": 57507, "interactionBox": {"center": [0, 200, 0], "size": [235.247, 235.247, 147.751]}, "pointables": [{"bases": [[[0.976973, -0.181979, -0.111391], [0.212101, 0.771607, 0.599696], [-0.023182, -0.609513, 0.792437]], [[0.977243, -0.169276, -0.127831], [0.211754, 0.743048, 0.634854], [-0.0124809, -0.647475, 0.761984]], [[0.977243, -0.169276, -0.127831], [0.188464, 0.969449, 0.157006], [0.0973485, -0.177524, 0.97929]], [[0.977243, -0.169276, -0.127831], [0.155656, 0.981669, -0.109987], [0.144106, 0.0875867, 0.985678]]], "btipPosition": [-162.857, 195.58, -9.10258], "carpPosition": [-168.924, 160.145, 84.2017], "dipPosition": [-166.22, 197.624, 13.9016], "direction": [0.0973485, 0.177524, -0.97929], "extended": false, "handId": 47, "id": 470, "length": 51.9712, "mcpPosition": [-168.924, 160.145, 84.2017], "pipPosition": [-169.53, 191.588, 47.198], "stabilizedTipPosition": [-166.164, 196.029, -2.82509], "timeVisible": 7.42336, "tipPosition": [-162.837, 197.025, -2.66246], "tipVelocity": [33.8434, 19.4136, -4.40139], "tool": false, "touchDistance": 0.3333, "touchZone": "hovering", "type": 0, "width": 18.5712}, {"bases": [[[0.0669924, -0.975031, -0.211725], [0.997495, 0.0702822, -0.00804201], [0.0227217, -0.210655, 0.977296]], [[0.0702449, -0.997518, -0.00483326], [0.996119, 0.0704023, -0.0528321], [0.0530412, -0.00110332, 0.998592]], [[0.0702449, -0.997518, -0.00483326], [0.986683, 0.0701928, -0.146731], [0.146706, 0.00553818, 0.989165]], [[0.0702449, -0.997518, -0.00483326], [0.974435, 0.0696543, -0.213601], [0.213408, 0.0102947, 0.976909]]], "btipPosition": [-182.421, 162.074, -89.3301], "carpPosition": [-194.672, 148.072, 71.3579], "dipPosition": [-186.42, 162.266, -71.0232], "direction": [0.146706, -0.00553818, -0.989165], "extended": true, "handId": 47, "id": 472, "length": 66.8197, "mcpPosition": [-193.129, 162.37, 5.02513], "pipPosition": [-190.58, 162.423, -42.9733], "stabilizedTipPosition": [-186.121, 163.135, -84.3531], "timeVisible": 7.42336, "tipPosition": [-182.07, 163.607, -84.7183], "tipVelocity": [63.0468, 9.97007, -8.65606], "tool": false, "touchDistance": 0.333269, "touchZone": "hovering", "type": 2, "width": 17.4223}, {"bases": [[[0.230917, -0.91097, -0.341776], [0.971504, 0.235175, 0.0295493], [0.0534585, -0.33886, 0.939317]], [[0.234149, -0.971591, 0.0344314], [0.970287, 0.235762, 0.0544063], [-0.0609782, 0.0206691, 0.997925]], [[0.234149, -0.971591, 0.0344314], [0.972161, 0.234314, 0.000795886], [-0.00884103, 0.0332865, 0.999407]], [[0.234149, -0.971591, 0.0344314], [0.971932, 0.233105, -0.0317763], [0.0228474, 0.0409053, 0.998902]]], "btipPosition": [-188.967, 180.152, -75.1934], "carpPosition": [-190.357, 158.284, 75.8974], "dipPosition": [-189.356, 180.849, -58.1741], "direction": [-0.00884103, -0.0332865, -0.999407], "extended": true, "handId": 47, "id": 471, "length": 58.6436, "mcpPosition": [-186.531, 182.537, 8.66844], "pipPosition": [-189.143, 181.651, -34.0854], "stabilizedTipPosition": [-190.881, 180.701, -70.2995], "timeVisible": 7.42336, "tipPosition": [-185.832, 180.018, -71.058], "tipVelocity": [68.7086, 13.6877, -11.3925], "tool": false, "touchDistance": 0.33325, "touchZone": "hovering", "type": 1, "width": 17.7392}, {"bases": [[[-0.00578136, -0.997908, -0.064387], [0.999948, -0.00630999, 0.00800995], [-0.00839947, -0.0643374, 0.997893]], [[-0.00589713, -0.998704, -0.0505609], [0.993872, -0.000272557, -0.110536], [0.110379, -0.050903, 0.992585]], [[-0.00589713, -0.998704, -0.0505609], [0.968147, 0.00695441, -0.250286], [0.250313, -0.0504264, 0.966851]], [[-0.00589713, -0.998704, -0.0505609], [0.948363, 0.0104495, -0.317014], [0.317132, -0.0498196, 0.947072]]], "btipPosition": [-179.094, 145.216, -81.3376], "carpPosition": [-196.324, 136.706, 68.0529], "dipPosition": [-185.003, 144.288, -63.6918], "direction": [0.250313, 0.0504264, -0.966851], "extended": true, "handId": 47, "id": 473, "length": 64.249, "mcpPosition": [-196.836, 140.627, 7.24196], "pipPosition": [-191.918, 142.895, -36.9828], "stabilizedTipPosition": [-184.157, 146.032, -76.8222], "timeVisible": 7.42336, "tipPosition": [-182.596, 146.736, -77.42], "tipVelocity": [57.6668, 8.45497, -6.98539], "tool": false, "touchDistance": 0.33328, "touchZone": "hovering", "type": 3, "width": 16.5784}, {"bases": [[[-0.171855, -0.983796, 0.0511085], [0.982179, -0.167103, 0.0860277], [-0.0760933, 0.064982, 0.994981]], [[-0.156114, -0.980218, -0.121661], [0.986341, -0.148156, -0.0719752], [0.0525266, -0.131236, 0.989959]], [[-0.156114, -0.980218, -0.121661], [0.962843, -0.12354, -0.240147], [0.220366, -0.154631, 0.963083]], [[-0.156114, -0.980218, -0.121661], [0.930995, -0.104878, -0.349642], [0.329965, -0.16785, 0.928951]]], "btipPosition": [-183.912, 130.661, -58.8545], "carpPosition": [-191.442, 123.798, 66.9316], "dipPosition": [-189.584, 127.776, -42.887], "direction": [0.220366, 0.154631, -0.963083], "extended": true, "handId": 47, "id": 474, "length": 50.37, "mcpPosition": [-195.734, 120.133, 10.8039], "pipPosition": [-193.882, 124.76, -24.1027], "stabilizedTipPosition": [-189.156, 131.035, -54.5051], "timeVisible": 7.42336, "tipPosition": [-187.831, 130.183, -55.1866], "tipVelocity": [48.6813, 11.4738, -8.15519], "tool": false, "touchDistance": 0.333271, "touchZone": "hovering", "type": 4, "width": 14.7262}], "r": [[-0.529948, 0.719624, -0.448661], [-0.706501, -0.667282, -0.235776], [-0.469054, 0.192031, 0.86204]], "s": 0.864716, "t": [18.8864, 17.8434, -7.32576], "timestamp": 7279557572}, {"currentFrameRate": 115.34, "devices": [], "gestures": [], "hands": [{"armBasis": [[0.10717, -0.779571, -0.617077], [0.962222, 0.237565, -0.13301], [0.250286, -0.579511, 0.77558]], "armWidth": 59.5212, "confidence": 1, "direction": [-0.127361, 0.212265, -0.968877], "elbow": [-252.181, -24.5766, 300.469], "grabAngle": 0.259874, "grabStrength": 0, "id": 47, "palmNormal": [0.968975, -0.181982, -0.167243], "palmPosition": [-186.14, 153.817, 27.4042], "palmVelocity": [46.102, 23.3072, -5.64393], "palmWidth": 88.5196, "pinchDistance": 55.5051, "pinchStrength": 0, "r": [[-0.53055, 0.71931, -0.448453], [-0.705719, -0.667896, -0.23638], [-0.46955, 0.19107, 0.861983]], "s": 0.865146, "sphereCenter": [0.877311, 100.512, -13.6481], "sphereRadius": 201.159, "stabilizedPalmPosition": [-189.511, 154.466, 28.5615], "t": [-18.5313, 18.0316, -7.38727], "timeVisible": 7.43193, "type": "left", "wrist": [-186.438, 127.643, 96.7481]}], "id": 57508, "interactionBox": {"center": [0, 200, 0], "size": [235.247, 235.247, 147.751]}, "pointables": [{"bases": [[[0.976765, -0.182159, -0.112911], [0.213165, 0.771242, 0.599789], [-0.0221752, -0.609921, 0.792152]], [[0.977009, -0.170636, -0.127815], [0.212748, 0.741402, 0.636445], [-0.0138377, -0.649005, 0.760659]], [[0.977009, -0.170636, -0.127815], [0.189889, 0.96904, 0.15781], [0.0969303, -0.178452, 0.979163]], [[0.977009, -0.170636, -0.127815], [0.157074, 0.981482, -0.109639], [0.144157, 0.0870422, 0.985719]]], "btipPosition": [-162.625, 195.873, -9.05419], "carpPosition": [-168.613, 160.319, 84.1824], "dipPosition": [-165.99, 197.904, 13.9509], "direction": [0.0969303, 0.178452, -0.979163], "extended": false, "handId": 47, "id": 470, "length": 51.9712, "mcpPosition": [-168.613, 160.319, 84.1824], "pipPosition": [-169.285, 191.837, 47.243], "stabilizedTipPosition": [-166.105, 196.035, -2.84497], "timeVisible": 7.43193, "tipPosition": [-162.422, 197.233, -2.66917], "tipVelocity": [27.0157, 33.8364, 5.67214], "tool": false, "touchDistance": 0.333368, "touchZone": "hovering", "type": 0, "width": 18.5712}, {"bases": [[[0.066445, -0.974936, -0.212331], [0.997499, 0.0700431, -0.00946036], [0.0240956, -0.211171, 0.977152]], [[0.069995, -0.997533, -0.00532447], [0.996061, 0.070181, -0.054195], [0.054435, -0.00151011, 0.998516]], [[0.069995, -0.997533, -0.00532447], [0.986746, 0.0700195, -0.14639], [0.146402, 0.00499268, 0.989213]], [[0.069995, -0.997533, -0.00532447], [0.974568, 0.0695207, -0.213036], [0.212881, 0.00972241, 0.97703]]], "btipPosition": [-181.946, 162.329, -89.3835], "carpPosition": [-194.339, 148.247, 71.2947], "dipPosition": [-185.936, 162.511, -71.0743], "direction": [0.146402, -0.00499268, -0.989213], "extended": true, "handId": 47, "id": 472, "length": 66.8197, "mcpPosition": [-192.704, 162.58, 4.97173], "pipPosition": [-190.087, 162.653, -43.023], "stabilizedTipPosition": [-185.998, 163.106, -84.3841], "timeVisible": 7.43193, "tipPosition": [-181.521, 163.858, -84.7571], "tipVelocity": [55.5929, 29.5358, -6.16826], "tool": false, "touchDistance": 0.333286, "touchZone": "hovering", "type": 2, "width": 17.4223}, {"bases": [[[0.230195, -0.910848, -0.342588], [0.971603, 0.234922, 0.0282549], [0.0547457, -0.339364, 0.939061]], [[0.233972, -0.971674, 0.0332618], [0.970451, 0.235481, 0.052669], [-0.0590096, 0.0199559, 0.998058]], [[0.233972, -0.971674, 0.0332618], [0.972205, 0.234131, 0.000899299], [-0.00866145, 0.0321269, 0.999446]], [[0.233972, -0.971674, 0.0332618], [0.971973, 0.232963, -0.0315785], [0.0229353, 0.0397181, 0.998948]]], "btipPosition": [-188.461, 180.44, -75.2341], "carpPosition": [-190.034, 158.457, 75.8458], "dipPosition": [-188.852, 181.117, -58.214], "direction": [-0.00866145, -0.0321269, -0.999446], "extended": true, "handId": 47, "id": 471, "length": 58.6436, "mcpPosition": [-186.115, 182.746, 8.63519], "pipPosition": [-188.643, 181.891, -34.1243], "stabilizedTipPosition": [-190.817, 180.698, -70.3274], "timeVisible": 7.43193, "tipPosition": [-185.309, 180.27, -71.0921], "tipVelocity": [58.9528, 33.0951, -4.72462], "tool": false, "touchDistance": 0.333295, "touchZone": "hovering", "type": 1, "width": 17.7392}, {"bases": [[[-0.00611939, -0.997873, -0.0648994], [0.999957, -0.00655804, 0.00654801], [-0.0069597, -0.0648566, 0.99787]], [[-0.00621809, -0.998697, -0.0506524], [0.993685, -0.000496056, -0.112204], [0.112033, -0.0510303, 0.992393]], [[-0.00621809, -0.998697, -0.0506524], [0.96814, 0.00666798, -0.250319], [0.250331, -0.0505952, 0.966837]], [[-0.00621809, -0.998697, -0.0506524], [0.948287, 0.0101863, -0.317252], [0.317354, -0.0500057, 0.946988]]], "btipPosition": [-178.588, 145.438, -81.3973], "carpPosition": [-195.984, 136.882, 67.9813], "dipPosition": [-184.501, 144.506, -63.7531], "direction": [0.250331, 0.0505952, -0.966837], "extended": true, "handId": 47, "id": 473, "length": 64.249, "mcpPosition": [-196.408, 140.835, 7.1718], "pipPosition": [-191.416, 143.108, -37.0444], "stabilizedTipPosition": [-183.945, 145.991, -76.8482], "timeVisible": 7.43193, "tipPosition": [-182.038, 146.985, -77.4656], "tipVelocity": [58.9427, 25.7634, -7.00321], "tool": false, "touchDistance": 0.333281, "touchZone": "hovering", "type": 3, "width": 16.5784}, {"bases": [[[-0.172021, -0.98378, 0.0508456], [0.982263, -0.167388, 0.0845077], [-0.0746261, 0.0644808, 0.995125]], [[-0.15661, -0.980198, -0.121182], [0.986161, -0.148431, -0.0738615], [0.0544116, -0.131073, 0.989878]], [[-0.15661, -0.980198, -0.121182], [0.96279, -0.124152, -0.240044], [0.220246, -0.154267, 0.963168]], [[-0.15661, -0.980198, -0.121182], [0.931127, -0.105615, -0.349066], [0.329355, -0.167504, 0.92923]]], "btipPosition": [-183.431, 130.848, -58.9374], "carpPosition": [-191.097, 123.976, 66.8605], "dipPosition": [-189.092, 127.969, -42.9651], "direction": [0.220246, 0.154267, -0.963169], "extended": true, "handId": 47, "id": 474, "length": 50.37, "mcpPosition": [-195.307, 120.339, 10.7246], "pipPosition": [-193.388, 124.96, -24.1792], "stabilizedTipPosition": [-188.98, 131.001, -54.5354], "timeVisible": 7.43193, "tipPosition": [-187.298, 130.424, -55.2491], "tipVelocity": [56.4307, 22.0274, -9.54268], "tool": false, "touchDistance": 0.333262, "touchZone": "hovering", "type": 4, "width": 14.7262}], "r": [[-0.53055, 0.71931, -0.448453], [-0.705719, -0.667896, -0.23638], [-0.46955, 0.19107, 0.861983]], "s": 0.865146, "t": [18.5313, 18.0316, -7.38727], "timestamp": 7279566143}, {"currentFrameRate": 115.287, "devices": [], "gestures": [], "hands": [{"armBasis": [[0.105241, -0.778206, -0.619128], [0.962563, 0.236101, -0.133146], [0.249792, -0.581938, 0.77392]], "armWidth": 59.5212, "confidence": 1, "direction": [-0.127892, 0.213421, -0.968553], "elbow": [-251.551, -25.1864, 299.893], "grabAngle": 0.258861, "grabStrength": 0, "id": 47, "palmNormal": [0.969279, -0.179981, -0.167646], "palmPosition": [-185.691, 153.955, 27.3076], "palmVelocity": [51.3222, 15.837, -11.0233], "palmWidth": 88.5196, "pinchDistance": 55.4885, "pinchStrength": 0, "r": [[-0.530757, 0.719379, -0.448096], [-0.705329, -0.668062, -0.237074], [-0.469902, 0.190226, 0.861978]], "s": 0.865706, "sphereCenter": [1.42135, 101.566, -13.839], "sphereRadius": 201.051, "stabilizedPalmPosition": [-189.428, 154.455, 28.5344], "t": [-18.1288, 18.1952, -7.46632], "timeVisible": 7.44069, "type": "left", "wrist": [-185.938, 127.671, 96.6084]}], "id": 57509, "interactionBox": {"center": [0, 200, 0], "size": [235.247, 235.247, 147.751]}, "pointables": [{"bases": [[[0.976449, -0.183772, -0.113028], [0.214475, 0.769994, 0.600924], [-0.0234021, -0.611013, 0.791274]], [[0.976705, -0.173404, -0.126404], [0.213878, 0.738855, 0.639023], [-0.0174148, -0.651172, 0.758731]], [[0.976705, -0.173404, -0.126404], [0.192598, 0.968135, 0.160062], [0.0946209, -0.180678, 0.97898]], [[0.976705, -0.173404, -0.126404], [0.160224, 0.98116, -0.107955], [0.142742, 0.0851868, 0.986087]]], "btipPosition": [-162.464, 196.186, -9.05289], "carpPosition": [-168.167, 160.409, 84.0924], "dipPosition": [-165.796, 198.174, 13.9608], "direction": [0.0946209, 0.180678, -0.97898], "extended": false, "handId": 47, "id": 470, "length": 51.9712, "mcpPosition": [-168.167, 160.409, 84.0924], "pipPosition": [-169.013, 192.031, 47.2467], "stabilizedTipPosition": [-166.041, 196.049, -2.86539], "timeVisible": 7.44069, "tipPosition": [-162.073, 197.447, -2.72214], "tipVelocity": [19.2619, 34.6408, 0.373856], "tool": false, "touchDistance": 0.333337, "touchZone": "hovering", "type": 0, "width": 18.5712}, {"bases": [[[0.0647056, -0.97475, -0.213717], [0.997626, 0.0682441, -0.00921294], [0.0235653, -0.212614, 0.976852]], [[0.068186, -0.997652, -0.00647227], [0.99621, 0.0684358, -0.0536836], [0.0540004, -0.00278727, 0.998537]], [[0.068186, -0.997652, -0.00647227], [0.987084, 0.0684036, -0.144867], [0.14497, 0.00348926, 0.98943]], [[0.068186, -0.997652, -0.00647227], [0.974974, 0.0680093, -0.211661], [0.211604, 0.008122, 0.977322]]], "btipPosition": [-181.601, 162.622, -89.4792], "carpPosition": [-193.873, 148.308, 71.1913], "dipPosition": [-185.567, 162.774, -71.1645], "direction": [0.14497, -0.00348926, -0.98943], "extended": true, "handId": 47, "id": 472, "length": 66.8197, "mcpPosition": [-192.273, 162.739, 4.88867], "pipPosition": [-189.678, 162.873, -43.1071], "stabilizedTipPosition": [-185.863, 163.088, -84.4184], "timeVisible": 7.44069, "tipPosition": [-181.112, 164.159, -84.8419], "tipVelocity": [40.0038, 32.6428, -10.7762], "tool": false, "touchDistance": 0.333252, "touchZone": "hovering", "type": 2, "width": 17.4223}, {"bases": [[[0.228591, -0.910773, -0.343858], [0.972024, 0.233116, 0.0287346], [0.0539881, -0.340807, 0.938582]], [[0.232211, -0.972151, 0.0316367], [0.970891, 0.233629, 0.0527969], [-0.0587178, 0.0184557, 0.998104]], [[0.232211, -0.972151, 0.0316367], [0.972618, 0.232398, 0.00232505], [-0.00961262, 0.0302305, 0.999497]], [[0.232211, -0.972151, 0.0316367], [0.972412, 0.231285, -0.0303729], [0.02221, 0.0378168, 0.999038]]], "btipPosition": [-188.09, 180.748, -75.2939], "carpPosition": [-189.585, 158.52, 75.7564], "dipPosition": [-188.468, 181.393, -58.2724], "direction": [-0.00961262, -0.0302305, -0.999497], "extended": true, "handId": 47, "id": 471, "length": 58.6436, "mcpPosition": [-185.721, 182.912, 8.58003], "pipPosition": [-188.237, 182.121, -34.1814], "stabilizedTipPosition": [-190.74, 180.704, -70.3584], "timeVisible": 7.44069, "tipPosition": [-184.928, 180.552, -71.1512], "tipVelocity": [42.7287, 34.295, -6.79293], "tool": false, "touchDistance": 0.333282, "touchZone": "hovering", "type": 1, "width": 17.7392}, {"bases": [[[-0.00792252, -0.997766, -0.0663294], [0.999942, -0.00838427, 0.00668607], [-0.00722726, -0.0662726, 0.997775]], [[-0.0080287, -0.998638, -0.0515431], [0.993716, -0.00221296, -0.111912], [0.111646, -0.0521177, 0.99238]], [[-0.0080287, -0.998638, -0.0515431], [0.968486, 0.00506629, -0.249016], [0.248938, -0.0519181, 0.967127]], [[-0.0080287, -0.998638, -0.0515431], [0.948549, 0.00871017, -0.31651], [0.316528, -0.0514323, 0.947188]]], "btipPosition": [-178.189, 145.698, -81.5221], "carpPosition": [-195.497, 136.945, 67.8619], "dipPosition": [-184.086, 144.74, -63.8742], "direction": [0.248939, 0.0519181, -0.967127], "extended": true, "handId": 47, "id": 473, "length": 64.249, "mcpPosition": [-195.938, 140.984, 7.05814], "pipPosition": [-190.963, 143.306, -37.1575], "stabilizedTipPosition": [-183.722, 145.965, -76.8794], "timeVisible": 7.44069, "tipPosition": [-181.582, 147.273, -77.572], "tipVelocity": [45.9598, 29.0515, -14.1434], "tool": false, "touchDistance": 0.333227, "touchZone": "hovering", "type": 3, "width": 16.5784}, {"bases": [[[-0.173816, -0.983538, 0.0494112], [0.981944, -0.169293, 0.0844127], [-0.0746581, 0.0631913, 0.995205]], [[-0.158486, -0.979854, -0.121523], [0.985874, -0.150292, -0.0739202], [0.0541671, -0.131521, 0.989832]], [[-0.158486, -0.979854, -0.121523], [0.962851, -0.126123, -0.23877], [0.218633, -0.15485, 0.963442]], [[-0.158486, -0.979854, -0.121523], [0.931415, -0.107528, -0.347713], [0.327642, -0.168296, 0.929692]]], "btipPosition": [-182.993, 131.035, -59.0923], "carpPosition": [-190.587, 124.05, 66.7218], "dipPosition": [-188.624, 128.143, -43.112], "direction": [0.218633, 0.15485, -0.963442], "extended": true, "handId": 47, "id": 474, "length": 50.37, "mcpPosition": [-194.799, 120.485, 10.5814], "pipPosition": [-192.889, 125.122, -24.3207], "stabilizedTipPosition": [-188.788, 130.975, -54.5714], "timeVisible": 7.44069, "tipPosition": [-186.803, 130.677, -55.3792], "tipVelocity": [50.8165, 20.9706, -17.4606], "tool": false, "touchDistance": 0.333202, "touchZone": "hovering", "type": 4, "width": 14.7262}], "r": [[-0.530757, 0.719379, -0.448096], [-0.705329, -0.668062, -0.237074], [-0.469902, 0.190226, 0.861978]], "s": 0.865706, "t": [18.1288, 18.1952, -7.46632], "timestamp": 7279574907}, {"currentFrameRate": 115.343, "devices": [], "gestures": [], "hands": [{"armBasis": [[0.102066, -0.777425, -0.620639], [0.96312, 0.233369, -0.133934], [0.248962, -0.58408, 0.772573]], "armWidth": 59.5212, "confidence": 1, "direction": [-0.128213, 0.214726, -0.968222], "elbow": [-250.821, -25.7123, 299.414], "grabAngle": 0.256778, "grabStrength": 0, "id": 47, "palmNormal": [0.969916, -0.176564, -0.167594], "palmPosition": [-185.228, 154.116, 27.2297], "palmVelocity": [53.9131, 18.7406, -9.08067], "palmWidth": 88.5196, "pinchDistance": 55.4716, "pinchStrength": 0, "r": [[-0.530494, 0.719935, -0.447514], [-0.705464, -0.667657, -0.237813], [-0.469996, 0.189547, 0.862076]], "s": 0.866431, "sphereCenter": [2.03269, 102.968, -13.9712], "sphereRadius": 200.922, "stabilizedPalmPosition": [-189.332, 154.447, 28.5047], "t": [-17.6964, 18.3573, -7.54479], "timeVisible": 7.44927, "type": "left", "wrist": [-185.426, 127.708, 96.4829]}], "id": 57510, "interactionBox": {"center": [0, 200, 0], "size": [235.247, 235.247, 147.751]}, "pointables": [{"bases": [[[0.97581, -0.186712, -0.113727], [0.217179, 0.768232, 0.602206], [-0.0250704, -0.612338, 0.790199]], [[0.976072, -0.177728, -0.125283], [0.216336, 0.735543, 0.642009], [-0.0219523, -0.65375, 0.756392]], [[0.976072, -0.177728, -0.125283], [0.19691, 0.966859, 0.162511], [0.0922481, -0.183292, 0.978721]], [[0.976072, -0.177728, -0.125283], [0.1649, 0.980564, -0.106316], [0.141743, 0.0831125, 0.986408]]], "btipPosition": [-162.368, 196.565, -8.99779], "carpPosition": [-167.747, 160.525, 84.0326], "dipPosition": [-165.677, 198.505, 14.0234], "direction": [0.0922481, 0.183292, -0.978721], "extended": false, "handId": 47, "id": 470, "length": 51.9712, "mcpPosition": [-167.747, 160.525, 84.0326], "pipPosition": [-168.813, 192.273, 47.3005], "stabilizedTipPosition": [-165.975, 196.07, -2.88428], "timeVisible": 7.44927, "tipPosition": [-161.763, 197.724, -2.73023], "tipVelocity": [11.7839, 42.874, 6.62578], "tool": false, "touchDistance": 0.333376, "touchZone": "hovering", "type": 0, "width": 18.5712}, {"bases": [[[0.0614872, -0.974573, -0.21547], [0.997837, 0.0650495, -0.00947377], [0.0232491, -0.214422, 0.976464]], [[0.0649728, -0.997853, -0.00819275], [0.99644, 0.0653184, -0.0532981], [0.0537189, -0.00470065, 0.998545]], [[0.0649728, -0.997853, -0.00819275], [0.987531, 0.0654761, -0.143161], [0.14339, 0.00121099, 0.989665]], [[0.0649728, -0.997853, -0.00819275], [0.975536, 0.0652433, -0.209934], [0.210017, 0.00564766, 0.977681]]], "btipPosition": [-181.247, 163.004, -89.5578], "carpPosition": [-193.409, 148.365, 71.1002], "dipPosition": [-185.182, 163.11, -71.2364], "direction": [0.14339, -0.00121099, -0.989666], "extended": true, "handId": 47, "id": 472, "length": 66.8197, "mcpPosition": [-191.831, 162.919, 4.82389], "pipPosition": [-189.249, 163.144, -43.1723], "stabilizedTipPosition": [-185.717, 163.086, -84.4548], "timeVisible": 7.44927, "tipPosition": [-180.652, 164.522, -84.9032], "tipVelocity": [42.1344, 43.3255, -8.98272], "tool": false, "touchDistance": 0.333265, "touchZone": "hovering", "type": 2, "width": 17.4223}, {"bases": [[[0.225529, -0.910892, -0.34556], [0.97278, 0.229935, 0.0287759], [0.0532448, -0.342644, 0.937955]], [[0.229107, -0.972957, 0.0294061], [0.971656, 0.2304, 0.052912], [-0.0582563, 0.0164501, 0.998166]], [[0.229107, -0.972957, 0.0294061], [0.973344, 0.229316, 0.00387922], [-0.0105176, 0.0277335, 0.99956]], [[0.229107, -0.972957, 0.0294061], [0.973162, 0.228277, -0.0290639], [0.0215652, 0.0352757, 0.999145]]], "btipPosition": [-187.727, 181.131, -75.3265], "carpPosition": [-189.156, 158.582, 75.685], "dipPosition": [-188.094, 181.732, -58.303], "direction": [-0.0105176, -0.0277335, -0.99956], "extended": true, "handId": 47, "id": 471, "length": 58.6436, "mcpPosition": [-185.345, 183.106, 8.55352], "pipPosition": [-187.841, 182.401, -34.2106], "stabilizedTipPosition": [-190.65, 180.721, -70.3907], "timeVisible": 7.44927, "tipPosition": [-184.528, 180.891, -71.1825], "tipVelocity": [42.6431, 43.5085, -3.74275], "tool": false, "touchDistance": 0.333304, "touchZone": "hovering", "type": 1, "width": 17.7392}, {"bases": [[[-0.011159, -0.997616, -0.0680954], [0.999913, -0.0116139, 0.00628846], [-0.00706432, -0.0680193, 0.997659]], [[-0.0112656, -0.998538, -0.052858], [0.993725, -0.00529705, -0.111725], [0.111282, -0.053785, 0.992332]], [[-0.0112656, -0.998538, -0.052858], [0.968906, 0.00216611, -0.247421], [0.247174, -0.0540018, 0.967465]], [[-0.0112656, -0.998538, -0.052858], [0.949039, 0.00597294, -0.315102], [0.314957, -0.0537141, 0.947585]]], "btipPosition": [-177.771, 146.037, -81.6415], "carpPosition": [-194.995, 137.003, 67.75], "dipPosition": [-183.639, 145.036, -63.9861], "direction": [0.247174, 0.0540018, -0.967465], "extended": true, "handId": 47, "id": 473, "length": 64.249, "mcpPosition": [-195.426, 141.148, 6.95338], "pipPosition": [-190.468, 143.544, -37.2601], "stabilizedTipPosition": [-183.49, 145.957, -76.9147], "timeVisible": 7.44927, "tipPosition": [-181.044, 147.62, -77.6594], "tipVelocity": [49.4748, 38.2891, -13.7209], "tool": false, "touchDistance": 0.33323, "touchZone": "hovering", "type": 3, "width": 16.5784}, {"bases": [[[-0.176962, -0.98306, 0.0477337], [0.981426, -0.172602, 0.0837366], [-0.0740791, 0.0616653, 0.995344]], [[-0.161807, -0.979248, -0.122028], [0.985368, -0.153616, -0.073843], [0.0535652, -0.132191, 0.989776]], [[-0.161807, -0.979248, -0.122028], [0.96287, -0.129589, -0.236829], [0.216101, -0.155818, 0.963857]], [[-0.161807, -0.979248, -0.122028], [0.931886, -0.110944, -0.345369], [0.324664, -0.169599, 0.9305]]], "btipPosition": [-182.538, 131.262, -59.2529], "carpPosition": [-190.043, 124.125, 66.589], "dipPosition": [-188.119, 128.346, -43.2588], "direction": [0.216101, 0.155818, -0.963857], "extended": true, "handId": 47, "id": 474, "length": 50.37, "mcpPosition": [-194.222, 120.646, 10.4408], "pipPosition": [-192.333, 125.307, -24.4594], "stabilizedTipPosition": [-188.588, 130.96, -54.6119], "timeVisible": 7.44927, "tipPosition": [-186.212, 130.978, -55.4993], "tipVelocity": [54.3867, 25.7766, -18.3636], "tool": false, "touchDistance": 0.333196, "touchZone": "hovering", "type": 4, "width": 14.7262}], "r": [[-0.530494, 0.719935, -0.447514], [-0.705464, -0.667657, -0.237813], [-0.469996, 0.189547, 0.862076]], "s": 0.866431, "t": [17.6964, 18.3573, -7.54479], "timestamp": 7279583482}, {"currentFrameRate": 114.777, "devices": [], "gestures": [], "hands": [{"armBasis": [[0.101478, -0.776085, -0.62241], [0.963462, 0.232555, -0.13289], [0.247878, -0.586183, 0.771327]], "armWidth": 59.5212, "confidence": 1, "direction": [-0.129841, 0.216939, -0.967512], "elbow": [-250.036, -26.2491, 298.946], "grabAngle": 0.255008, "grabStrength": 0, "id": 47, "palmNormal": [0.969916, -0.174862, -0.169372], "palmPosition": [-184.851, 154.302, 27.1544], "palmVelocity": [38.9832, 19.1859, -7.79053], "palmWidth": 88.5196, "pinchDistance": 55.4613, "pinchStrength": 0, "r": [[-0.529969, 0.72074, -0.446841], [-0.705683, -0.667026, -0.238928], [-0.47026, 0.188704, 0.862118]], "s": 0.86716, "sphereCenter": [2.25281, 104.055, -14.4729], "sphereRadius": 200.677, "stabilizedPalmPosition": [-189.214, 154.444, 28.469], "t": [-17.2917, 18.5311, -7.6217], "timeVisible": 7.45894, "type": "left", "wrist": [-184.926, 127.723, 96.3422]}], "id": 57511, "interactionBox": {"center": [0, 200, 0], "size": [235.247, 235.247, 147.751]}, "pointables": [{"bases": [[[0.975718, -0.187728, -0.112836], [0.217361, 0.766458, 0.604398], [-0.0269787, -0.614248, 0.788652]], [[0.975976, -0.18018, -0.122501], [0.216237, 0.732133, 0.645928], [-0.0266964, -0.656899, 0.753505]], [[0.975976, -0.18018, -0.122501], [0.199119, 0.965851, 0.165783], [0.0884466, -0.186192, 0.978524]], [[0.975976, -0.18018, -0.122501], [0.16789, 0.980279, -0.10424], [0.138867, 0.0811693, 0.986979]]], "btipPosition": [-162.348, 196.931, -8.94827], "carpPosition": [-167.299, 160.594