{"frames": 113, "data": [{"currentFrameRate": 114.292, "devices": [], "gestures": [], "hands": [{"armBasis": [[-0.910125, -0.401366, 0.10285], [0.29728, -0.805474, -0.512676], [0.288613, -0.436024, 0.8524]], "armWidth": 59.1998, "confidence": 1, "direction": [-0.162332, 0.026792, -0.986372], "elbow": [-113.919, 13.3812, 301.933], "grabAngle": 0.402609, "grabStrength": 0, "id": 69, "palmNormal": [0.249091, 0.968369, -0.0146912], "palmPosition": [-54.4533, 133.904, 22.0001], "palmVelocity": [-5.3081, -10.3625, -5.90504], "palmWidth": 84.028, "pinchDistance": 63.7712, "pinchStrength": 0, "r": [[0.85283, -0.47182, 0.223756], [0.521812, 0.75373, -0.399505], [0.0198425, 0.457468, 0.889005]], "s": 1.44774, "sphereCenter": [-15.5877, 259.045, 7.04223], "sphereRadius": 134.538, "stabilizedPalmPosition": [-49.0962, 140.05, 24.6944], "t": [47.3959, 12.0274, -60.0467], "timeVisible": 4.25831, "type": "left", "wrist": [-41.9563, 122.1, 89.395]}], "id": 83536, "interactionBox": {"center": [0, 200, 0], "size": [235.247, 235.247, 147.751]}, "pointables": [{"bases": [[[-0.12973, -0.960734, -0.245274], [0.816445, -0.243869, 0.523399], [-0.562662, -0.132352, 0.816023]], [[-0.00581054, -0.909861, -0.414871], [0.715982, -0.293415, 0.633465], [-0.698094, -0.29336, 0.653149]], [[-0.00581054, -0.909861, -0.414871], [0.96993, -0.106076, 0.219053], [-0.243316, -0.401123, 0.883118]], [[-0.00581054, -0.909861, -0.414871], [0.986057, 0.0637843, -0.153697], [0.166305, -0.40998, 0.896805]]], "btipPosition": [-98.9063, 177.49, 1.3694], "carpPosition": [-62.7696, 143.063, 77.3785], "dipPosition": [-102.402, 168.871, 20.2225], "direction": [-0.243316, 0.401123, -0.883118], "extended": true, "handId": 69, "id": 690, "length": 46.814, "mcpPosition": [-62.7696, 143.063, 77.3785], "pipPosition": [-94.9505, 156.586, 47.2695], "stabilizedTipPosition": [-93.2475, 181.33, 8.08156], "timeVisible": 4.25831, "tipPosition": [-95.1138, 176.981, 5.2209], "tipVelocity": [-8.29027, -15.7154, -8.02972], "tool": false, "touchDistance": 0.256952, "touchZone": "hovering", "type": 0, "width": 18.8631}, {"bases": [[[-0.913968, -0.240062, -0.327158], [0.293854, -0.947558, -0.125632], [-0.279842, -0.21096, 0.936581]], [[-0.951596, -0.277622, -0.131878], [0.288591, -0.954694, -0.0726277], [-0.105741, -0.107171, 0.988602]], [[-0.951596, -0.277622, -0.131878], [0.299768, -0.933068, -0.198803], [-0.0678598, -0.228713, 0.971126]], [[-0.951596, -0.277622, -0.131878], [0.305913, -0.897004, -0.319062], [-0.0297172, -0.343961, 0.938514]]], "btipPosition": [-86.7829, 152.707, -70.5952], "carpPosition": [-61.7602, 123.994, 66.6762], "dipPosition": [-86.3269, 147.428, -56.1915], "direction": [-0.0678598, 0.228713, -0.971126], "extended": true, "handId": 69, "id": 691, "length": 52.8244, "mcpPosition": [-80.7729, 138.326, 3.04439], "pipPosition": [-84.8535, 142.462, -35.1071], "stabilizedTipPosition": [-81.1537, 157.026, -65.1285], "timeVisible": 4.25831, "tipPosition": [-86.4792, 151.714, -66.8273], "tipVelocity": [-9.46919, -18.5125, -5.78326], "tool": false, "touchDistance": 0.272039, "touchZone": "hovering", "type": 1, "width": 18.018}, {"bases": [[[-0.979987, -0.101279, -0.171372], [0.128892, -0.978903, -0.15854], [-0.1517, -0.177456, 0.972366]], [[-0.987714, -0.112483, -0.108479], [0.133675, -0.967711, -0.213695], [-0.0809393, -0.225571, 0.970859]], [[-0.987714, -0.112483, -0.108479], [0.145705, -0.913798, -0.379134], [-0.0564818, -0.390282, 0.918961]], [[-0.987714, -0.112483, -0.108479], [0.151525, -0.859126, -0.488817], [-0.0382136, -0.499249, 0.865616]]], "btipPosition": [-67.4595, 159.515, -80.48], "carpPosition": [-52.0933, 119.918, 62.289], "dipPosition": [-66.8145, 151.087, -65.8684], "direction": [-0.0564818, 0.390282, -0.918961], "extended": true, "handId": 69, "id": 692, "length": 60.1892, "mcpPosition": [-61.8674, 131.352, -0.360331], "pipPosition": [-65.3717, 141.118, -42.3951], "stabilizedTipPosition": [-62.2734, 163.79, -74.739], "timeVisible": 4.25831, "tipPosition": [-68.2318, 158.747, -76.4625], "tipVelocity": [-9.99149, -18.1589, -6.99391], "tool": false, "touchDistance": 0.270946, "touchZone": "hovering", "type": 2, "width": 17.6961}, {"bases": [[[-0.998539, -0.0522055, -0.0139704], [0.0536451, -0.988796, -0.139301], [-0.00654157, -0.139847, 0.990152]], [[-0.995845, -0.0426967, -0.0804295], [0.0630321, -0.960666, -0.27046], [-0.0657182, -0.274406, 0.959366]], [[-0.995845, -0.0426967, -0.0804295], [0.0756162, -0.879868, -0.469164], [-0.0507356, -0.473296, 0.879441]], [[-0.995845, -0.0426967, -0.0804295], [0.0800077, -0.832028, -0.548934], [-0.043482, -0.553088, 0.831987]]], "btipPosition": [-46.2601, 158.258, -72.1417], "carpPosition": [-41.252, 118.096, 59.4858], "dipPosition": [-45.5304, 148.976, -58.1784], "direction": [-0.0507356, 0.473296, -0.879441], "extended": true, "handId": 69, "id": 693, "length": 57.8735, "mcpPosition": [-41.6304, 126.185, 2.20836], "pipPosition": [-44.2679, 137.198, -36.2947], "stabilizedTipPosition": [-40.8477, 162.104, -66.3849], "timeVisible": 4.25831, "tipPosition": [-46.4361, 158.46, -67.522], "tipVelocity": [-9.53922, -14.65, -7.15355], "tool": false, "touchDistance": 0.269855, "touchZone": "hovering", "type": 3, "width": 16.8389}, {"bases": [[[-0.98763, 0.0960598, 0.123933], [-0.103107, -0.993323, -0.0517495], [0.118134, -0.0638878, 0.99094]], [[-0.993172, 0.105667, -0.0494369], [-0.0890299, -0.96037, -0.264126], [-0.0753871, -0.257921, 0.96322]], [[-0.993172, 0.105667, -0.0494369], [-0.0642334, -0.849064, -0.524371], [-0.0973838, -0.517615, 0.850053]], [[-0.993172, 0.105667, -0.0494369], [-0.0529463, -0.785889, -0.616096], [-0.103953, -0.609272, 0.786118]]], "btipPosition": [-28.0928, 152.14, -51.0459], "carpPosition": [-28.7039, 121.999, 59.7171], "dipPosition": [-26.4833, 142.706, -38.8744], "direction": [-0.0973838, 0.517615, -0.850053], "extended": true, "handId": 69, "id": 694, "length": 45.3718, "mcpPosition": [-22.378, 125.42, 6.65369], "pipPosition": [-24.7724, 133.612, -23.9399], "stabilizedTipPosition": [-22.5647, 154.386, -46.0197], "timeVisible": 4.25831, "tipPosition": [-29.2577, 150.125, -47.7059], "tipVelocity": [-8.6293, -12.1294, -7.46487], "tool": false, "touchDistance": 0.283048, "touchZone": "hovering", "type": 4, "width": 14.9576}], "r": [[0.85283, -0.47182, 0.223756], [0.521812, 0.75373, -0.399505], [0.0198425, 0.457468, 0.889005]], "s": 1.44774, "t": [-47.3959, 12.0274, -60.0467], "timestamp": 7509297934}, {"currentFrameRate": 113.561, "devices": [], "gestures": [], "hands": [{"armBasis": [[-0.910158, -0.401193, 0.103225], [0.297026, -0.805698, -0.51247], [0.288768, -0.435769, 0.852478]], "armWidth": 59.1998, "confidence": 1, "direction": [-0.163669, 0.0248386, -0.986202], "elbow": [-113.924, 13.4228, 301.912], "grabAngle": 0.403342, "grabStrength": 0, "id": 69, "palmNormal": [0.247937, 0.968631, -0.0167513], "palmPosition": [-54.5026, 133.758, 21.9591], "palmVelocity": [-4.89657, -14.4732, -4.06631], "palmWidth": 84.028, "pinchDistance": 63.7503, "pinchStrength": 0, "r": [[0.8525, -0.47223, 0.22415], [0.522347, 0.753221, -0.399764], [0.0199462, 0.457883, 0.888789]], "s": 1.44761, "sphereCenter": [-15.7445, 259.099, 6.79809], "sphereRadius": 134.699, "stabilizedPalmPosition": [-49.1222, 140.019, 24.6812], "t": [47.3551, 11.9145, -60.0849], "timeVisible": 4.26837, "type": "left", "wrist": [-41.9218, 122.078, 89.3542]}], "id": 83537, "interactionBox": {"center": [0, 200, 0], "size": [235.247, 235.247, 147.751]}, "pointables": [{"bases": [[[-0.130531, -0.961019, -0.24373], [0.815464, -0.243888, 0.524916], [-0.563897, -0.130235, 0.815512]], [[-0.00623112, -0.910539, -0.413377], [0.714985, -0.293064, 0.634751], [-0.699112, -0.291603, 0.652848]], [[-0.00623112, -0.910539, -0.413377], [0.969646, -0.106549, 0.220078], [-0.244434, -0.399458, 0.883564]], [[-0.00623112, -0.910539, -0.413377], [0.986216, 0.0627571, -0.1531], [0.165346, -0.408633, 0.897597]]], "btipPosition": [-98.9943, 177.273, 1.3066], "carpPosition": [-62.7563, 143.006, 77.3321], "dipPosition": [-102.47, 168.683, 20.1763], "direction": [-0.244434, 0.399458, -0.883564], "extended": true, "handId": 69, "id": 690, "length": 46.814, "mcpPosition": [-62.7563, 143.006, 77.3321], "pipPosition": [-94.9841, 156.449, 47.237], "stabilizedTipPosition": [-93.2796, 181.301, 8.0696], "timeVisible": 4.26837, "tipPosition": [-95.248, 176.754, 5.15832], "tipVelocity": [-8.28158, -20.887, -5.86082], "tool": false, "touchDistance": 0.25597, "touchZone": "hovering", "type": 0, "width": 18.8631}, {"bases": [[[-0.913815, -0.239577, -0.327941], [0.29291, -0.948124, -0.123549], [-0.281329, -0.208958, 0.936584]], [[-0.951735, -0.276726, -0.132754], [0.28766, -0.955064, -0.0714412], [-0.107019, -0.106181, 0.988571]], [[-0.951735, -0.276726, -0.132754], [0.299006, -0.933569, -0.197597], [-0.0692546, -0.227754, 0.971253]], [[-0.951735, -0.276726, -0.132754], [0.305333, -0.897611, -0.31791], [-0.0311874, -0.3431, 0.938781]]], "btipPosition": [-86.9646, 152.424, -70.6147], "carpPosition": [-61.7387, 123.919, 66.6625], "dipPosition": [-86.486, 147.159, -56.207], "direction": [-0.0692546, 0.227754, -0.971253], "extended": true, "handId": 69, "id": 691, "length": 52.8244, "mcpPosition": [-80.8524, 138.116, 3.03053], "pipPosition": [-84.9824, 142.214, -35.1198], "stabilizedTipPosition": [-81.2014, 156.977, -65.1466], "timeVisible": 4.26837, "tipPosition": [-86.6677, 151.371, -66.8592], "tipVelocity": [-17.5415, -27.7781, -1.84756], "tool": false, "touchDistance": 0.271729, "touchZone": "hovering", "type": 1, "width": 18.018}, {"bases": [[[-0.979877, -0.100439, -0.172491], [0.127954, -0.979335, -0.15662], [-0.153195, -0.175539, 0.97248]], [[-0.987705, -0.111529, -0.109543], [0.132881, -0.968085, -0.212493], [-0.0823474, -0.224437, 0.971003]], [[-0.987705, -0.111529, -0.109543], [0.145167, -0.914365, -0.377973], [-0.0580069, -0.389228, 0.919313]], [[-0.987705, -0.111529, -0.109543], [0.151174, -0.859865, -0.487625], [-0.0398075, -0.49819, 0.866154]]], "btipPosition": [-67.6622, 159.227, -80.5308], "carpPosition": [-52.0729, 119.848, 62.2699], "dipPosition": [-66.9903, 150.817, -65.9101], "direction": [-0.0580069, 0.389228, -0.919313], "extended": true, "handId": 69, "id": 692, "length": 60.1892, "mcpPosition": [-61.9432, 131.158, -0.3868], "pipPosition": [-65.5086, 140.875, -42.4278], "stabilizedTipPosition": [-62.3265, 163.725, -74.7636], "timeVisible": 4.26837, "tipPosition": [-68.437, 158.404, -76.5318], "tipVelocity": [-19.5304, -28.2293, -4.84019], "tool": false, "touchDistance": 0.270135, "touchZone": "hovering", "type": 2, "width": 17.6961}, {"bases": [[[-0.99858, -0.0510625, -0.0152014], [0.0526707, -0.989105, -0.137463], [-0.00801653, -0.138069, 0.99039]], [[-0.995808, -0.0417149, -0.0813997], [0.0622775, -0.961017, -0.269384], [-0.0669892, -0.273324, 0.959586]], [[-0.995808, -0.0417149, -0.0813997], [0.0751568, -0.880387, -0.468263], [-0.0521297, -0.472418, 0.879831]], [[-0.995808, -0.0417149, -0.0813997], [0.0796804, -0.83262, -0.548083], [-0.0449119, -0.552271, 0.832454]]], "btipPosition": [-46.4363, 158.013, -72.2122], "carpPosition": [-41.2331, 118.032, 59.4555], "dipPosition": [-45.6825, 148.744, -58.241], "direction": [-0.0521297, 0.472418, -0.879831], "extended": true, "handId": 69, "id": 693, "length": 57.8735, "mcpPosition": [-41.6968, 126.019, 2.16428], "pipPosition": [-44.3854, 136.989, -36.3477], "stabilizedTipPosition": [-40.8965, 162.048, -66.4084], "timeVisible": 4.26837, "tipPosition": [-46.631, 158.154, -67.6232], "tipVelocity": [-16.9577, -24.0314, -6.82687], "tool": false, "touchDistance": 0.26871, "touchZone": "hovering", "type": 3, "width": 16.8389}, {"bases": [[[-0.98768, 0.0974362, 0.122451], [-0.104203, -0.993293, -0.0501118], [0.116747, -0.0622542, 0.991209]], [[-0.992989, 0.106733, -0.0507937], [-0.089811, -0.960645, -0.26286], [-0.0768506, -0.256455, 0.963496]], [[-0.992989, 0.106733, -0.0507937], [-0.0645474, -0.849615, -0.523439], [-0.0990235, -0.516491, 0.850548]], [[-0.992989, 0.106733, -0.0507937], [-0.0530826, -0.786606, -0.615169], [-0.105614, -0.60816, 0.786758]]], "btipPosition": [-28.2535, 151.921, -51.1415], "carpPosition": [-28.6893, 121.951, 59.6632], "dipPosition": [-26.6183, 142.504, -38.9601], "direction": [-0.0990235, 0.516491, -0.850548], "extended": true, "handId": 69, "id": 694, "length": 45.3718, "mcpPosition": [-22.4376, 125.285, 6.58543], "pipPosition": [-24.8786, 133.43, -24.0169], "stabilizedTipPosition": [-22.5953, 154.359, -46.033], "timeVisible": 4.26837, "tipPosition": [-29.4155, 149.884, -47.81], "tipVelocity": [-15.3835, -21.3774, -9.27526], "tool": false, "touchDistance": 0.281493, "touchZone": "hovering", "type": 4, "width": 14.9576}], "r": [[0.8525, -0.47223, 0.22415], [0.522347, 0.753221, -0.399764], [0.0199462, 0.457883, 0.888789]], "s": 1.44761, "t": [-47.3551, 11.9145, -60.0849], "timestamp": 7509307996}, {"currentFrameRate": 114.513, "devices": [], "gestures": [], "hands": [{"armBasis": [[-0.909925, -0.4018, 0.102925], [0.297912, -0.805771, -0.511841], [0.288592, -0.435074, 0.852892]], "armWidth": 59.1998, "confidence": 1, "direction": [-0.163956, 0.0255151, -0.986138], "elbow": [-113.934, 13.4841, 301.938], "grabAngle": 0.40306, "grabStrength": 0, "id": 69, "palmNormal": [0.248812, 0.968415, -0.0163111], "palmPosition": [-54.5706, 133.684, 21.889], "palmVelocity": [-9.57053, -10.5062, -9.88691], "palmWidth": 84.028, "pinchDistance": 63.709, "pinchStrength": 0, "r": [[0.852307, -0.472427, 0.224468], [0.522664, 0.752952, -0.399858], [0.0198901, 0.458123, 0.888666]], "s": 1.44748, "sphereCenter": [-15.7578, 259.133, 6.82194], "sphereRadius": 134.805, "stabilizedPalmPosition": [-49.1399, 139.999, 24.6722], "t": [47.3008, 11.8208, -60.1392], "timeVisible": 4.27547, "type": "left", "wrist": [-41.9758, 121.966, 89.2766]}], "id": 83538, "interactionBox": {"center": [0, 200, 0], "size": [235.247, 235.247, 147.751]}, "pointables": [{"bases": [[[-0.129581, -0.961007, -0.244285], [0.815521, -0.243428, 0.525041], [-0.564034, -0.131184, 0.815265]], [[-0.00557686, -0.910498, -0.413476], [0.715099, -0.292661, 0.63481], [-0.699001, -0.292136, 0.652728]], [[-0.00557686, -0.910498, -0.413476], [0.969706, -0.105902, 0.220123], [-0.24421, -0.399723, 0.883506]], [[-0.00557686, -0.910498, -0.413476], [0.986199, 0.0634128, -0.15294], [0.165471, -0.408623, 0.897578]]], "btipPosition": [-99.0219, 177.209, 1.25164], "carpPosition": [-62.7984, 142.91, 77.2695], "dipPosition": [-102.5, 168.619, 20.121], "direction": [-0.24421, 0.399723, -0.883506], "extended": true, "handId": 69, "id": 690, "length": 46.814, "mcpPosition": [-62.7984, 142.91, 77.2695], "pipPosition": [-95.0211, 156.377, 47.1799], "stabilizedTipPosition": [-93.3009, 181.281, 8.06156], "timeVisible": 4.27547, "tipPosition": [-95.2958, 176.721, 5.12535], "tipVelocity": [-3.96732, -9.04096, -7.75507], "tool": false, "touchDistance": 0.255052, "touchZone": "hovering", "type": 0, "width": 18.8631}, {"bases": [[[-0.913494, -0.240232, -0.328356], [0.29381, -0.947791, -0.123964], [-0.281433, -0.209715, 0.936384]], [[-0.9514, -0.277449, -0.133644], [0.288531, -0.954768, -0.0718963], [-0.107651, -0.106962, 0.988418]], [[-0.9514, -0.277449, -0.133644], [0.299943, -0.933201, -0.197915], [-0.0698052, -0.228381, 0.971066]], [[-0.9514, -0.277449, -0.133644], [0.306322, -0.897273, -0.317913], [-0.0317102, -0.3434, 0.938654]]], "btipPosition": [-87.0789, 152.432, -70.6624], "carpPosition": [-61.8016, 123.827, 66.5894], "dipPosition": [-86.5922, 147.162, -56.2566], "direction": [-0.0698052, 0.228381, -0.971066], "extended": true, "handId": 69, "id": 691, "length": 52.8244, "mcpPosition": [-80.9223, 138.076, 2.97096], "pipPosition": [-85.0767, 142.203, -35.1735], "stabilizedTipPosition": [-81.2347, 156.944, -65.1594], "timeVisible": 4.27547, "tipPosition": [-86.748, 151.373, -66.9108], "tipVelocity": [-15.838, 0.959028, -6.77744], "tool": false, "touchDistance": 0.270927, "touchZone": "hovering", "type": 1, "width": 18.018}, {"bases": [[[-0.979731, -0.101237, -0.172852], [0.128893, -0.979135, -0.157104], [-0.153341, -0.176199, 0.972338]], [[-0.987543, -0.112319, -0.110198], [0.133864, -0.967794, -0.213205], [-0.0827023, -0.2253, 0.970773]], [[-0.987543, -0.112319, -0.110198], [0.146178, -0.914053, -0.378336], [-0.0582329, -0.389732, 0.919085]], [[-0.987543, -0.112319, -0.110198], [0.152198, -0.859592, -0.487789], [-0.0399377, -0.498485, 0.865978]]], "btipPosition": [-67.7629, 159.226, -80.5813], "carpPosition": [-52.1408, 119.749, 62.1915], "dipPosition": [-67.0887, 150.811, -65.9635], "direction": [-0.0582329, 0.389732, -0.919086], "extended": true, "handId": 69, "id": 692, "length": 60.1892, "mcpPosition": [-62.0205, 131.102, -0.456036], "pipPosition": [-65.6013, 140.856, -42.4871], "stabilizedTipPosition": [-62.3624, 163.681, -74.7803], "timeVisible": 4.27547, "tipPosition": [-68.512, 158.393, -76.5854], "tipVelocity": [-14.107, -0.252438, -7.20878], "tool": false, "touchDistance": 0.269282, "touchZone": "hovering", "type": 2, "width": 17.6961}, {"bases": [[[-0.998528, -0.0519617, -0.0155425], [0.0536126, -0.988984, -0.137976], [-0.0082018, -0.138606, 0.990314]], [[-0.995737, -0.0425621, -0.0818319], [0.0632764, -0.960702, -0.270275], [-0.0671125, -0.274301, 0.959299]], [[-0.995737, -0.0425621, -0.0818319], [0.07614, -0.880042, -0.468752], [-0.0520644, -0.472985, 0.879531]], [[-0.995737, -0.0425621, -0.0818319], [0.0806472, -0.832299, -0.54843], [-0.0447662, -0.552691, 0.832183]]], "btipPosition": [-46.5184, 157.998, -72.267], "carpPosition": [-41.3036, 117.926, 59.3728], "dipPosition": [-45.767, 148.722, -58.3004], "direction": [-0.0520644, 0.472985, -0.879531], "extended": true, "handId": 69, "id": 693, "length": 57.8735, "mcpPosition": [-41.778, 125.944, 2.08593], "pipPosition": [-44.4715, 136.952, -36.4145], "stabilizedTipPosition": [-40.9286, 162.011, -66.424], "timeVisible": 4.27547, "tipPosition": [-46.7045, 158.117, -67.6845], "tipVelocity": [-11.6406, -2.38092, -7.86522], "tool": false, "touchDistance": 0.26778, "touchZone": "hovering", "type": 3, "width": 16.8389}, {"bases": [[[-0.987807, 0.0964733, 0.122193], [-0.103284, -0.99336, -0.0506758], [0.116492, -0.0626785, 0.991212]], [[-0.993064, 0.105863, -0.0511574], [-0.0888162, -0.960534, -0.263601], [-0.0770441, -0.257229, 0.963274]], [[-0.993064, 0.105863, -0.0511574], [-0.0635832, -0.849525, -0.523703], [-0.0989004, -0.516817, 0.850364]], [[-0.993064, 0.105863, -0.0511574], [-0.0521525, -0.786563, -0.615304], [-0.105377, -0.608368, 0.786628]]], "btipPosition": [-28.3343, 151.859, -51.214], "carpPosition": [-28.7561, 121.833, 59.5786], "dipPosition": [-26.7028, 142.439, -39.0346], "direction": [-0.0989004, 0.516817, -0.850364], "extended": true, "handId": 69, "id": 694, "length": 45.3718, "mcpPosition": [-22.5181, 125.189, 6.50064], "pipPosition": [-24.9652, 133.359, -24.0946], "stabilizedTipPosition": [-22.6158, 154.341, -46.0421], "timeVisible": 4.27547, "tipPosition": [-29.4899, 149.824, -47.8797], "tipVelocity": [-11.4994, -8.82829, -10.279], "tool": false, "touchDistance": 0.280277, "touchZone": "hovering", "type": 4, "width": 14.9576}], "r": [[0.852307, -0.472427, 0.224468], [0.522664, 0.752952, -0.399858], [0.0198901, 0.458123, 0.888666]], "s": 1.44748, "t": [-47.3008, 11.8208, -60.1392], "timestamp": 7509315095}, {"currentFrameRate": 114.639, "devices": [], "gestures": [], "hands": [{"armBasis": [[-0.910021, -0.401482, 0.103315], [0.297683, -0.806284, -0.511166], [0.288525, -0.434417, 0.85325]], "armWidth": 59.1998, "confidence": 1, "direction": [-0.165224, 0.0247191, -0.985946], "elbow": [-113.935, 13.5963, 301.922], "grabAngle": 0.404142, "grabStrength": 0, "id": 69, "palmNormal": [0.24774, 0.968673, -0.0172298], "palmPosition": [-54.6699, 133.572, 21.7922], "palmVelocity": [-11.6804, -13.1026, -11.3743], "palmWidth": 84.028, "pinchDistance": 63.6836, "pinchStrength": 0, "r": [[0.851993, -0.472741, 0.224996], [0.523181, 0.752572, -0.399896], [0.0197213, 0.458422, 0.888516]], "s": 1.44733, "sphereCenter": [-16.0361, 259.134, 6.66174], "sphereRadius": 134.847, "stabilizedPalmPosition": [-49.1606, 139.975, 24.6614], "t": [47.224, 11.7182, -60.2147], "timeVisible": 4.28398, "type": "left", "wrist": [-41.9935, 121.914, 89.1711]}], "id": 83539, "interactionBox": {"center": [0, 200, 0], "size": [235.247, 235.247, 147.751]}, "pointables": [{"bases": [[[-0.130317, -0.961019, -0.243846], [0.814596, -0.243983, 0.526219], [-0.565201, -0.130061, 0.814636]], [[-0.00604489, -0.91075, -0.412914], [0.71409, -0.292993, 0.635791], [-0.700028, -0.291014, 0.652128]], [[-0.00604489, -0.91075, -0.412914], [0.969403, -0.106669, 0.221085], [-0.245398, -0.398944, 0.883529]], [[-0.00604489, -0.91075, -0.412914], [0.986358, 0.0624984, -0.152291], [0.164505, -0.408201, 0.897948]]], "btipPosition": [-99.1657, 177.039, 1.17857], "carpPosition": [-62.8382, 142.824, 77.1772], "dipPosition": [-102.624, 168.458, 20.0557], "direction": [-0.245398, 0.398944, -0.883529], "extended": true, "handId": 69, "id": 690, "length": 46.814, "mcpPosition": [-62.8382, 142.824, 77.1772], "pipPosition": [-95.1082, 156.239, 47.1153], "stabilizedTipPosition": [-93.3293, 181.254, 8.05071], "timeVisible": 4.28398, "tipPosition": [-95.4708, 176.552, 5.05373], "tipVelocity": [-16.3536, -19.76, -8.3784], "tool": false, "touchDistance": 0.253864, "touchZone": "hovering", "type": 0, "width": 18.8631}, {"bases": [[[-0.91334, -0.239447, -0.329355], [0.292937, -0.948187, -0.123001], [-0.282838, -0.208822, 0.93616]], [[-0.951501, -0.27645, -0.134985], [0.287644, -0.955055, -0.071628], [-0.109117, -0.106982, 0.988255]], [[-0.951501, -0.27645, -0.134985], [0.299254, -0.933476, -0.197658], [-0.071363, -0.228467, 0.970933]], [[-0.951501, -0.27645, -0.134985], [0.305834, -0.897527, -0.317665], [-0.0333344, -0.343542, 0.938545]]], "btipPosition": [-87.3221, 152.285, -70.7179], "carpPosition": [-61.834, 123.736, 66.5078], "dipPosition": [-86.8105, 147.013, -56.3137], "direction": [-0.071363, 0.228467, -0.970933], "extended": true, "handId": 69, "id": 691, "length": 52.8244, "mcpPosition": [-81.0502, 137.924, 2.9046], "pipPosition": [-85.2611, 142.052, -35.2335], "stabilizedTipPosition": [-81.2796, 156.9, -65.1762], "timeVisible": 4.28398, "tipPosition": [-86.979, 151.17, -66.9797], "tipVelocity": [-27.9123, -17.3515, -6.56924], "tool": false, "touchDistance": 0.269996, "touchZone": "hovering", "type": 1, "width": 18.018}, {"bases": [[[-0.979622, -0.100283, -0.174021], [0.128028, -0.979372, -0.156329], [-0.154754, -0.175423, 0.972254]], [[-0.987518, -0.111304, -0.111445], [0.133158, -0.967877, -0.213266], [-0.0841275, -0.225444, 0.970617]], [[-0.987518, -0.111304, -0.111445], [0.145738, -0.914059, -0.378492], [-0.0597395, -0.390009, 0.918871]], [[-0.987518, -0.111304, -0.111445], [0.151944, -0.859574, -0.487899], [-0.0414901, -0.498742, 0.865757]]], "btipPosition": [-68.0139, 159.11, -80.6511], "carpPosition": [-52.1744, 119.666, 62.1003], "dipPosition": [-67.3136, 150.691, -66.0371], "direction": [-0.0597395, 0.390009, -0.918871], "extended": true, "handId": 69, "id": 692, "length": 60.1892, "mcpPosition": [-62.1452, 130.968, -0.5418], "pipPosition": [-65.7876, 140.729, -42.5661], "stabilizedTipPosition": [-62.4096, 163.625, -74.8019], "timeVisible": 4.28398, "tipPosition": [-68.7575, 158.2, -76.683], "tipVelocity": [-28.7993, -13.7393, -8.30523], "tool": false, "touchDistance": 0.268104, "touchZone": "hovering", "type": 2, "width": 17.6961}, {"bases": [[[-0.998564, -0.0508885, -0.0167661], [0.0527127, -0.989127, -0.13729], [-0.00959734, -0.137976, 0.990389]], [[-0.995693, -0.0415598, -0.0828742], [0.0626165, -0.960667, -0.270551], [-0.0683705, -0.274575, 0.959132]], [[-0.995693, -0.0415598, -0.0828742], [0.0757763, -0.879838, -0.469194], [-0.0534163, -0.473453, 0.879198]], [[-0.995693, -0.0415598, -0.0828742], [0.0804185, -0.831959, -0.548978], [-0.0461326, -0.553278, 0.831718]]], "btipPosition": [-46.7413, 157.92, -72.3522], "carpPosition": [-41.3387, 117.852, 59.2691], "dipPosition": [-45.9671, 148.635, -58.3934], "direction": [-0.0534163, 0.473453, -0.879198], "extended": true, "handId": 69, "id": 693, "length": 57.8735, "mcpPosition": [-41.8939, 125.834, 1.97792], "pipPosition": [-44.6379, 136.853, -36.5158], "stabilizedTipPosition": [-40.9692, 161.966, -66.4436], "timeVisible": 4.28398, "tipPosition": [-46.9408, 157.945, -67.8142], "tipVelocity": [-25.5852, -9.37883, -10.2263], "tool": false, "touchDistance": 0.26633, "touchZone": "hovering", "type": 3, "width": 16.8389}, {"bases": [[[-0.987854, 0.097621, 0.12089], [-0.104298, -0.993279, -0.0501844], [0.115178, -0.0621835, 0.991397]], [[-0.992893, 0.106901, -0.0523064], [-0.0895082, -0.96042, -0.263782], [-0.0784346, -0.257226, 0.963163]], [[-0.992893, 0.106901, -0.0523064], [-0.063822, -0.849239, -0.524138], [-0.100451, -0.517075, 0.850026]], [[-0.992893, 0.106901, -0.0523064], [-0.0521992, -0.78615, -0.615827], [-0.106953, -0.60872, 0.786143]]], "btipPosition": [-28.5397, 151.782, -51.3288], "carpPosition": [-28.7953, 121.773, 59.4567], "dipPosition": [-26.8837, 142.357, -39.1569], "direction": [-0.100451, 0.517075, -0.850026], "extended": true, "handId": 69, "id": 694, "length": 45.3718, "mcpPosition": [-22.6277, 125.103, 6.36887], "pipPosition": [-25.1189, 133.273, -24.2229], "stabilizedTipPosition": [-22.6415, 154.319, -46.0536], "timeVisible": 4.28398, "tipPosition": [-29.689, 149.696, -48.0199], "tipVelocity": [-23.4788, -9.13887, -13.6935], "tool": false, "touchDistance": 0.278335, "touchZone": "hovering", "type": 4, "width": 14.9576}], "r": [[0.851993, -0.472741, 0.224996], [0.523181, 0.752572, -0.399896], [0.0197213, 0.458422, 0.888516]], "s": 1.44733, "t": [-47.224, 11.7182, -60.2147], "timestamp": 7509323603}, {"currentFrameRate": 114.703, "devices": [], "gestures": [], "hands": [{"armBasis": [[-0.909822, -0.401937, 0.103304], [0.298349, -0.806523, -0.510401], [0.288466, -0.433553, 0.853709]], "armWidth": 59.1998, "confidence": 1, "direction": [-0.166845, 0.0237558, -0.985697], "elbow": [-113.951, 13.7559, 301.929], "grabAngle": 0.404852, "grabStrength": 0, "id": 69, "palmNormal": [0.247499, 0.968711, -0.0185468], "palmPosition": [-54.7982, 133.45, 21.696], "palmVelocity": [-14.9017, -14.1995, -11.1705], "palmWidth": 84.028, "pinchDistance": 63.6356, "pinchStrength": 0, "r": [[0.851648, -0.472987, 0.225787], [0.523759, 0.752171, -0.399895], [0.0193151, 0.458828, 0.888315]], "s": 1.44713, "sphereCenter": [-16.1575, 259.205, 6.47276], "sphereRadius": 135.019, "stabilizedPalmPosition": [-49.1822, 139.95, 24.65], "t": [47.1214, 11.6058, -60.3005], "timeVisible": 4.29258, "type": "left", "wrist": [-42.0241, 121.859, 89.0641]}], "id": 83540, "interactionBox": {"center": [0, 200, 0], "size": [235.247, 235.247, 147.751]}, "pointables": [{"bases": [[[-0.130127, -0.961219, -0.243156], [0.813678, -0.243665, 0.527783], [-0.566564, -0.129172, 0.813831]], [[-0.00552343, -0.911112, -0.412123], [0.713427, -0.292377, 0.636819], [-0.700708, -0.290502, 0.651626]], [[-0.00552343, -0.911112, -0.412123], [0.96924, -0.106286, 0.221984], [-0.246055, -0.39822, 0.883673]], [[-0.00552343, -0.911112, -0.412123], [0.986459, 0.0625899, -0.151593], [0.163913, -0.40738, 0.898429]]], "btipPosition": [-99.2691, 176.904, 1.09562], "carpPosition": [-62.8777, 142.752, 77.0856], "dipPosition": [-102.715, 168.34, 19.9829], "direction": [-0.246055, 0.39822, -0.883673], "extended": true, "handId": 69, "id": 690, "length": 46.814, "mcpPosition": [-62.8777, 142.752, 77.0856], "pipPosition": [-95.1791, 156.144, 47.0468], "stabilizedTipPosition": [-93.359, 181.226, 8.0392], "timeVisible": 4.29258, "tipPosition": [-95.656, 176.399, 4.98614], "tipVelocity": [-11.6801, -15.2176, -9.36463], "tool": false, "touchDistance": 0.25252, "touchZone": "hovering", "type": 0, "width": 18.8631}, {"bases": [[[-0.912852, -0.239558, -0.330626], [0.292931, -0.948366, -0.121629], [-0.284418, -0.20788, 0.935891]], [[-0.951302, -0.276309, -0.13667], [0.287647, -0.955081, -0.0712733], [-0.110837, -0.107115, 0.988049]], [[-0.951302, -0.276309, -0.13667], [0.299456, -0.933551, -0.197001], [-0.0731549, -0.228334, 0.97083]], [[-0.951302, -0.276309, -0.13667], [0.306255, -0.897656, -0.316894], [-0.0351218, -0.343317, 0.938563]]], "btipPosition": [-87.615, 152.138, -70.765], "carpPosition": [-61.8869, 123.654, 66.4325], "dipPosition": [-87.076, 146.869, -56.3606], "direction": [-0.0731549, 0.228334, -0.97083], "extended": true, "handId": 69, "id": 691, "length": 52.8244, "mcpPosition": [-81.2103, 137.778, 2.84763], "pipPosition": [-85.4877, 141.912, -35.2826], "stabilizedTipPosition": [-81.3321, 156.849, -65.1955], "timeVisible": 4.29258, "tipPosition": [-87.2577, 150.957, -67.0412], "tipVelocity": [-33.289, -16.9767, -5.46108], "tool": false, "touchDistance": 0.269212, "touchZone": "hovering", "type": 1, "width": 18.018}, {"bases": [[[-0.979358, -0.100234, -0.175533], [0.12807, -0.979547, -0.155198], [-0.156386, -0.174475, 0.972163]], [[-0.987355, -0.111189, -0.112989], [0.133389, -0.967864, -0.213181], [-0.0856551, -0.225557, 0.970457]], [[-0.987355, -0.111189, -0.112989], [0.146214, -0.914137, -0.37812], [-0.0612451, -0.38986, 0.918835]], [[-0.987355, -0.111189, -0.112989], [0.152593, -0.859757, -0.487373], [-0.042953, -0.498452, 0.865853]]], "btipPosition": [-68.3075, 158.961, -80.7263], "carpPosition": [-52.2336, 119.582, 62.0131], "dipPosition": [-67.5825, 150.547, -66.1107], "direction": [-0.0612451, 0.38986, -0.918835], "extended": true, "handId": 69, "id": 692, "length": 60.1892, "mcpPosition": [-62.3095, 130.823, -0.623223], "pipPosition": [-66.0181, 140.589, -42.6406], "stabilizedTipPosition": [-62.4635, 163.563, -74.826], "timeVisible": 4.29258, "tipPosition": [-69.048, 157.977, -76.7819], "tipVelocity": [-33.4458, -17.1442, -8.69318], "tool": false, "touchDistance": 0.266857, "touchZone": "hovering", "type": 2, "width": 17.6961}, {"bases": [[[-0.998546, -0.0506872, -0.0183554], [0.0527212, -0.989268, -0.136273], [-0.0112511, -0.137042, 0.990501]], [[-0.995586, -0.0414589, -0.0842023], [0.0628932, -0.960621, -0.270649], [-0.0696658, -0.27475, 0.958989]], [[-0.995586, -0.0414589, -0.0842023], [0.0763134, -0.879842, -0.469099], [-0.0546365, -0.473454, 0.879123]], [[-0.995586, -0.0414589, -0.0842023], [0.0810711, -0.831913, -0.548952], [-0.0472901, -0.553355, 0.831602]]], "btipPosition": [-47.0022, 157.791, -72.4524], "carpPosition": [-41.4022, 117.768, 59.1658], "dipPosition": [-46.2085, 148.504, -58.4955], "direction": [-0.0546365, 0.473454, -0.879123], "extended": true, "handId": 69, "id": 693, "length": 57.8735, "mcpPosition": [-42.053, 125.696, 1.86812], "pipPosition": [-44.849, 136.722, -36.6198], "stabilizedTipPosition": [-41.0145, 161.918, -66.4653], "timeVisible": 4.29258, "tipPosition": [-47.219, 157.728, -67.9531], "tipVelocity": [-29.7824, -15.1074, -11.6937], "tool": false, "touchDistance": 0.264652, "touchZone": "hovering", "type": 3, "width": 16.8389}, {"bases": [[[-0.98803, 0.0979494, 0.119178], [-0.104434, -0.993303, -0.0494214], [0.113539, -0.0612759, 0.991642]], [[-0.992799, 0.107055, -0.0537494], [-0.08928, -0.960426, -0.263838], [-0.0798674, -0.257139, 0.963068]], [[-0.992799, 0.107055, -0.0537494], [-0.0632118, -0.849329, -0.524065], [-0.101755, -0.516894, 0.84998]], [[-0.992799, 0.107055, -0.0537494], [-0.0514664, -0.786368, -0.615611], [-0.108171, -0.608411, 0.786215]]], "btipPosition": [-28.7787, 151.642, -51.4668], "carpPosition": [-28.8593, 121.692, 59.3291], "dipPosition": [-27.1039, 142.222, -39.2938], "direction": [-0.101755, 0.516894, -0.84998], "extended": true, "handId": 69, "id": 694, "length": 45.3718, "mcpPosition": [-22.7794, 124.973, 6.22816], "pipPosition": [-25.3162, 133.14, -24.3606], "stabilizedTipPosition": [-22.6703, 154.295, -46.0667], "timeVisible": 4.29258, "tipPosition": [-29.9304, 149.513, -48.1736], "tipVelocity": [-27.2608, -16.1902, -16.0035], "tool": false, "touchDistance": 0.276039, "touchZone": "hovering", "type": 4, "width": 14.9576}], "r": [[0.851648, -0.472987, 0.225787], [0.523759, 0.752171, -0.399895], [0.0193151, 0.458828, 0.888315]], "s": 1.44713, "t": [-47.1214, 11.6058, -60.3005], "timestamp": 7509332212}, {"currentFrameRate": 114.472, "devices": [], "gestures": [], "hands": [{"armBasis": [[-0.909916, -0.401595, 0.103794], [0.298139, -0.807186, -0.509474], [0.288383, -0.432634, 0.854203]], "armWidth": 59.1998, "confidence": 1, "direction": [-0.167926, 0.0219909, -0.985554], "elbow": [-113.994, 14.0038, 301.97], "grabAngle": 0.405429, "grabStrength": 0, "id": 69, "palmNormal": [0.246559, 0.968913, -0.0203909], "palmPosition": [-54.9321, 133.35, 21.6102], "palmVelocity": [-14.6652, -10.9844, -9.40415], "palmWidth": 84.028, "pinchDistance": 63.5808, "pinchStrength": 0, "r": [[0.851232, -0.473271, 0.226756], [0.524449, 0.751619, -0.400027], [0.0188866, 0.459438, 0.888009]], "s": 1.44687, "sphereCenter": [-16.3869, 259.346, 6.2331], "sphereRadius": 135.214, "stabilizedPalmPosition": [-49.2058, 139.923, 24.6376], "t": [47.0032, 11.4995, -60.3863], "timeVisible": 4.30171, "type": "left", "wrist": [-42.088, 121.877, 88.9817]}], "id": 83541, "interactionBox": {"center": [0, 200, 0], "size": [235.247, 235.247, 147.751]}, "pointables": [{"bases": [[[-0.130779, -0.96149, -0.241729], [0.812879, -0.243575, 0.529054], [-0.56756, -0.127308, 0.81343]], [[-0.00593869, -0.911772, -0.410653], [0.712873, -0.291848, 0.63768], [-0.701268, -0.288957, 0.651712]], [[-0.00593869, -0.911772, -0.410653], [0.969161, -0.106419, 0.222266], [-0.246357, -0.396669, 0.884286]], [[-0.00593869, -0.911772, -0.410653], [0.98648, 0.0619147, -0.151735], [0.163773, -0.406002, 0.899078]]], "btipPosition": [-99.3903, 176.739, 0.966839], "carpPosition": [-62.9609, 142.734, 76.9932], "dipPosition": [-102.833, 168.203, 19.8677], "direction": [-0.246357, 0.396669, -0.884286], "extended": true, "handId": 69, "id": 690, "length": 46.814, "mcpPosition": [-62.9609, 142.734, 76.9932], "pipPosition": [-95.2881, 156.055, 46.9505], "stabilizedTipPosition": [-93.3905, 181.197, 8.0266], "timeVisible": 4.30171, "tipPosition": [-95.8699, 176.225, 4.87644], "tipVelocity": [-13.2024, -17.383, -13.762], "tool": false, "touchDistance": 0.250426, "touchZone": "hovering", "type": 0, "width": 18.8631}, {"bases": [[[-0.912723, -0.239231, -0.331217], [0.29216, -0.94884, -0.119769], [-0.28562, -0.206085, 0.935922]], [[-0.951365, -0.275549, -0.137758], [0.286909, -0.955364, -0.0704531], [-0.112195, -0.106551, 0.987957]], [[-0.951365, -0.275549, -0.137758], [0.298874, -0.933976, -0.195864], [-0.0746922, -0.227511, 0.970907]], [[-0.951365, -0.275549, -0.137758], [0.305864, -0.898232, -0.315637], [-0.0367647, -0.342421, 0.938827]]], "btipPosition": [-87.8842, 151.929, -70.8316], "carpPosition": [-61.9634, 123.62, 66.3702], "dipPosition": [-87.32, 146.673, -56.4231], "direction": [-0.0746922, 0.227511, -0.970907], "extended": true, "handId": 69, "id": 691, "length": 52.8244, "mcpPosition": [-81.3686, 137.622, 2.78315], "pipPosition": [-85.6983, 141.734, -35.3435], "stabilizedTipPosition": [-81.3949, 156.789, -65.2182], "timeVisible": 4.30171, "tipPosition": [-87.5047, 150.682, -67.1224], "tipVelocity": [-28.852, -22.5967, -7.19561], "tool": false, "touchDistance": 0.268117, "touchZone": "hovering", "type": 1, "width": 18.018}, {"bases": [[[-0.979263, -0.0995916, -0.176422], [0.127306, -0.979919, -0.153464], [-0.157596, -0.172741, 0.972278]], [[-0.987326, -0.110416, -0.113996], [0.132796, -0.968105, -0.212458], [-0.0869012, -0.224903, 0.970498]], [[-0.987326, -0.110416, -0.113996], [0.145821, -0.914644, -0.377045], [-0.0626339, -0.388889, 0.919153]], [[-0.987326, -0.110416, -0.113996], [0.152364, -0.860467, -0.486191], [-0.0444066, -0.497398, 0.866385]]], "btipPosition": [-68.5769, 158.747, -80.8187], "carpPosition": [-52.311, 119.55, 61.9469], "dipPosition": [-67.8273, 150.351, -66.194], "direction": [-0.0626339, 0.388889, -0.919153], "extended": true, "handId": 69, "id": 692, "length": 60.1892, "mcpPosition": [-62.4649, 130.68, -0.696685], "pipPosition": [-66.2274, 140.417, -42.7158], "stabilizedTipPosition": [-62.527, 163.491, -74.8541], "timeVisible": 4.30171, "tipPosition": [-69.3069, 157.699, -76.8947], "tipVelocity": [-28.8802, -23.0623, -9.88665], "tool": false, "touchDistance": 0.265352, "touchZone": "hovering", "type": 2, "width": 17.6961}, {"bases": [[[-0.998573, -0.0497706, -0.0193464], [0.0519281, -0.989538, -0.134604], [-0.0124447, -0.135417, 0.990711]], [[-0.995544, -0.04067, -0.085081], [0.0623257, -0.960846, -0.269983], [-0.0707695, -0.274082, 0.959099]], [[-0.995544, -0.04067, -0.085081], [0.0759797, -0.88033, -0.468237], [-0.0558561, -0.472615, 0.879497]], [[-0.995544, -0.04067, -0.085081], [0.0808584, -0.832409, -0.548231], [-0.0485256, -0.552667, 0.831988]]], "btipPosition": [-47.2454, 157.611, -72.5595], "carpPosition": [-41.4809, 117.742, 59.091], "dipPosition": [-46.431, 148.335, -58.5962], "direction": [-0.0558561, 0.472615, -0.879497], "extended": true, "handId": 69, "id": 693, "length": 57.8735, "mcpPosition": [-42.2008, 125.575, 1.78123], "pipPosition": [-45.0411, 136.575, -36.7111], "stabilizedTipPosition": [-41.0665, 161.862, -66.4901], "timeVisible": 4.30171, "tipPosition": [-47.4703, 157.48, -68.0924], "tipVelocity": [-26.1169, -19.3921, -11.5683], "tool": false, "touchDistance": 0.262892, "touchZone": "hovering", "type": 3, "width": 16.8389}, {"bases": [[[-0.988064, 0.0990799, 0.117956], [-0.105323, -0.993283, -0.0479154], [0.112416, -0.059767, 0.991862]], [[-0.992645, 0.107904, -0.0548933], [-0.0898694, -0.960578, -0.263085], [-0.0811172, -0.256217, 0.96321]], [[-0.992645, 0.107904, -0.0548933], [-0.0634495, -0.849852, -0.523187], [-0.103105, -0.515856, 0.850448]], [[-0.992645, 0.107904, -0.0548933], [-0.0515634, -0.787067, -0.614709], [-0.109534, -0.607357, 0.786842]]], "btipPosition": [-29.0057, 151.483, -51.5957], "carpPosition": [-28.9416, 121.678, 59.2345], "dipPosition": [-27.3098, 142.079, -39.4129], "direction": [-0.103105, 0.515856, -0.850448], "extended": true, "handId": 69, "id": 694, "length": 45.3718, "mcpPosition": [-22.9219, 124.878, 6.12171], "pipPosition": [-25.4984, 133.016, -24.4715], "stabilizedTipPosition": [-22.7036, 154.267, -46.082], "timeVisible": 4.30171, "tipPosition": [-30.1508, 149.322, -48.3135], "tipVelocity": [-24.3328, -17.0046, -13.8688], "tool": false, "touchDistance": 0.273928, "touchZone": "hovering", "type": 4, "width": 14.9576}], "r": [[0.851232, -0.473271, 0.226756], [0.524449, 0.751619, -0.400027], [0.0188866, 0.459438, 0.888009]], "s": 1.44687, "t": [-47.0032, 11.4995, -60.3863], "timestamp": 7509341342}, {"currentFrameRate": 114.776, "devices": [], "gestures": [], "hands": [{"armBasis": [[-0.910133, -0.400798, 0.104971], [0.297331, -0.808282, -0.508207], [0.288535, -0.431325, 0.854814]], "armWidth": 59.1998, "confidence": 1, "direction": [-0.169231, 0.0202686, -0.985368], "elbow": [-114.085, 14.3453, 302.003], "grabAngle": 0.406117, "grabStrength": 0, "id": 69, "palmNormal": [0.244773, 0.969329, -0.0220996], "palmPosition": [-55.0714, 133.239, 21.4913], "palmVelocity": [-16.9961, -13.4675, -14.5026], "palmWidth": 84.028, "pinchDistance": 63.5258, "pinchStrength": 0, "r": [[0.850669, -0.473741, 0.227887], [0.525377, 0.750872, -0.400212], [0.0184828, 0.460175, 0.887636]], "s": 1.44654, "sphereCenter": [-16.6944, 259.53, 5.98496], "sphereRadius": 135.431, "stabilizedPalmPosition": [-49.2271, 139.898, 24.6262], "t": [46.8744, 11.3911, -60.4887], "timeVisible": 4.30991, "type": "left", "wrist": [-42.1415, 121.892, 88.8626]}], "id": 83542, "interactionBox": {"center": [0, 200, 0], "size": [235.247, 235.247, 147.751]}, "pointables": [{"bases": [[[-0.132214, -0.961598, -0.240517], [0.811755, -0.244288, 0.530449], [-0.568835, -0.125108, 0.812881]], [[-0.00698126, -0.912301, -0.40946], [0.712082, -0.292016, 0.638488], [-0.702062, -0.287111, 0.651672]], [[-0.00698126, -0.912301, -0.40946], [0.968967, -0.107351, 0.222663], [-0.247091, -0.395199, 0.884739]], [[-0.00698126, -0.912301, -0.40946], [0.986573, 0.0605327, -0.151691], [0.16317