{"frames": 100, "data": [{"currentFrameRate": 109.241, "devices": [], "gestures": [], "hands": [{"armBasis": [[0.885764, 0.297864, -0.355948], [0.154799, 0.533404, 0.831575], [0.437561, -0.79168, 0.426361]], "armWidth": 58.519, "confidence": 1, "direction": [0.243837, 0.0721695, -0.967127], "elbow": [-177.548, -116.693, 195.093], "grabAngle": 0.0569116, "grabStrength": 0, "id": 73, "palmNormal": [-0.069075, -0.993402, -0.0915457], "palmPosition": [-47.0402, 81.898, 32.3667], "palmVelocity": [0.972529, -6.08266, -3.22717], "palmWidth": 80.9617, "pinchDistance": 54.675, "pinchStrength": 0, "r": [[0.900239, -0.128933, 0.415868], [0.127023, 0.991371, 0.0323882], [-0.416455, 0.0236676, 0.908848]], "s": 1.37088, "sphereCenter": [-48.7133, 15.9635, 1.01742], "sphereRadius": 80.4978, "stabilizedPalmPosition": [-46.4224, 81.8246, 32.0839], "t": [38.4579, -47.2141, 62.318], "timeVisible": 10.5712, "type": "left", "wrist": [-72.4279, 73.5023, 92.6627]}], "id": 95213, "interactionBox": {"center": [0, 200, 0], "size": [235.247, 235.247, 147.751]}, "pointables": [{"bases": [[[0.96105, -0.275084, 0.0266792], [0.275322, 0.961336, -0.00563318], [-0.024098, 0.0127591, 0.999628]], [[0.930027, -0.26783, -0.251628], [0.295922, 0.951801, 0.0806537], [0.217898, -0.149472, 0.964458]], [[0.930027, -0.26783, -0.251628], [0.286007, 0.957475, 0.0379687], [0.230758, -0.107279, 0.967079]], [[0.930027, -0.26783, -0.251628], [0.263991, 0.963252, -0.0495526], [0.255653, -0.0203421, 0.966555]]], "btipPosition": [-63.4071, 92.2068, -44.2591], "carpPosition": [-76.3668, 86.2576, 66.8439], "dipPosition": [-67.1719, 91.9072, -30.0257], "direction": [0.230758, 0.107279, -0.967079], "extended": true, "handId": 73, "id": 734, "length": 43.1529, "mcpPosition": [-77.6101, 85.5993, 15.2686], "pipPosition": [-71.0278, 90.1146, -13.8661], "stabilizedTipPosition": [-63.6015, 92.5765, -41.2099], "timeVisible": 10.5712, "tipPosition": [-64.7588, 85.0875, -41.0253], "tipVelocity": [6.41058, -5.49046, -3.22716], "tool": false, "touchDistance": 0.335767, "touchZone": "hovering", "type": 4, "width": 14.9483}, {"bases": [[[0.279897, 0.938473, -0.202303], [-0.71425, 0.34437, 0.609308], [0.641486, -0.0260487, 0.766693]], [[0.357068, 0.92805, -0.10595], [-0.599992, 0.314811, 0.735461], [0.715899, -0.19904, 0.669232]], [[0.357068, 0.92805, -0.10595], [-0.916854, 0.369904, 0.150165], [0.178552, 0.0435216, 0.982967]], [[0.357068, 0.92805, -0.10595], [-0.922078, 0.332082, -0.198731], [-0.149248, 0.168655, 0.97431]]], "btipPosition": [-7.90582, 75.0272, 7.82317], "carpPosition": [-41.9201, 70.8265, 85.6613], "dipPosition": [-4.92168, 78.3994, 27.3039], "direction": [0.178552, -0.0435216, -0.982967], "extended": false, "handId": 73, "id": 730, "length": 44.5246, "mcpPosition": [-41.9201, 70.8265, 85.6613], "pipPosition": [-10.1227, 79.6671, 55.9367], "stabilizedTipPosition": [-7.15283, 76.5779, 12.4219], "timeVisible": 10.5712, "tipPosition": [-7.77006, 69.5289, 12.1723], "tipVelocity": [3.77045, -9.12532, -3.24691], "tool": false, "touchDistance": 0.333806, "touchZone": "hovering", "type": 0, "width": 18.8513}, {"bases": [[[0.91268, 0.0999787, -0.396258], [-0.128062, 0.990745, -0.0449856], [0.388093, 0.0918028, 0.917037]], [[0.991435, 0.129059, 0.0200113], [-0.12396, 0.978146, -0.166927], [-0.0411175, 0.163017, 0.985766]], [[0.991435, 0.129059, 0.0200113], [-0.12396, 0.978146, -0.166927], [-0.0411175, 0.163017, 0.985766]], [[0.991435, 0.129059, 0.0200113], [-0.12396, 0.978146, -0.166927], [-0.0411175, 0.163017, 0.985766]]], "btipPosition": [-22.8923, 71.6982, -54.6132], "carpPosition": [-45.3389, 89.4368, 76.3434], "dipPosition": [-22.2921, 74.0777, -40.2243], "direction": [-0.0411175, -0.163017, -0.985766], "extended": true, "handId": 73, "id": 731, "length": 50.2411, "mcpPosition": [-19.9338, 83.4273, 16.313], "pipPosition": [-21.443, 77.4439, -19.8687], "stabilizedTipPosition": [-22.6328, 70.6762, -50.951], "timeVisible": 10.5712, "tipPosition": [-19.8248, 71.1184, -51.2444], "tipVelocity": [3.17884, 11.2258, -4.97037], "tool": false, "touchDistance": 0.32964, "touchZone": "hovering", "type": 1, "width": 18.0068}, {"bases": [[[0.965091, -0.0589103, -0.255206], [0.0366329, 0.99516, -0.0911857], [0.259342, 0.0786536, 0.962577]], [[0.988642, -0.0493986, -0.141937], [0.0260977, 0.986518, -0.16156], [0.148004, 0.15602, 0.976602]], [[0.988642, -0.0493986, -0.141937], [0.0260977, 0.986518, -0.16156], [0.148004, 0.15602, 0.976602]], [[0.988642, -0.0493986, -0.141937], [0.0260977, 0.986518, -0.16156], [0.148004, 0.15602, 0.976602]]], "btipPosition": [-26.6673, 74.3702, -67.8759], "carpPosition": [-54.8334, 91.9729, 71.4998], "dipPosition": [-29.0435, 76.8751, -52.197], "direction": [0.148004, -0.15602, -0.976602], "extended": true, "handId": 73, "id": 732, "length": 57.2457, "mcpPosition": [-38.7338, 87.0902, 11.7443], "pipPosition": [-32.6391, 80.6655, -28.4713], "stabilizedTipPosition": [-26.9045, 75.8188, -64.6499], "timeVisible": 10.5712, "tipPosition": [-26.6117, 72.4034, -63.7351], "tipVelocity": [5.8432, -6.27986, -1.65457], "tool": false, "touchDistance": 0.338243, "touchZone": "hovering", "type": 2, "width": 17.6851}, {"bases": [[[0.98721, -0.121544, -0.103168], [0.113739, 0.990408, -0.0784547], [0.111714, 0.065717, 0.991565]], [[0.970567, -0.127638, -0.204226], [0.116318, 0.99098, -0.0665562], [0.210879, 0.0408421, 0.976659]], [[0.970567, -0.127638, -0.204226], [0.116318, 0.99098, -0.0665562], [0.210879, 0.0408421, 0.976659]], [[0.970567, -0.127638, -0.204226], [0.116318, 0.99098, -0.0665562], [0.210879, 0.0408421, 0.976659]]], "btipPosition": [-42.5382, 85.2317, -63.3022], "carpPosition": [-65.1712, 92.072, 67.9481], "dipPosition": [-45.9044, 85.8836, -47.7125], "direction": [0.210879, -0.0408421, -0.976659], "extended": true, "handId": 73, "id": 733, "length": 55.0432, "mcpPosition": [-58.9447, 88.4092, 12.682], "pipPosition": [-50.8952, 86.8502, -24.5982], "stabilizedTipPosition": [-42.6927, 85.9224, -59.9071], "timeVisible": 10.5712, "tipPosition": [-44.1326, 79.9415, -59.0313], "tipVelocity": [3.46553, -2.22372, -2.90033], "tool": false, "touchDistance": 0.333184, "touchZone": "hovering", "type": 3, "width": 16.8285}], "r": [[0.900239, -0.128933, 0.415868], [0.127023, 0.991371, 0.0323882], [-0.416455, 0.0236676, 0.908848]], "s": 1.37088, "t": [-38.4579, -47.2141, 62.318], "timestamp": 7612451591}, {"currentFrameRate": 109.175, "devices": [], "gestures": [], "hands": [{"armBasis": [[0.884583, 0.299329, -0.357651], [0.15466, 0.535199, 0.830447], [0.439992, -0.789914, 0.427134]], "armWidth": 58.519, "confidence": 1, "direction": [0.244062, 0.0729529, -0.967012], "elbow": [-178.155, -116.349, 195.241], "grabAngle": 0.0573278, "grabStrength": 0, "id": 73, "palmNormal": [-0.0686309, -0.993367, -0.0922628], "palmPosition": [-47.0255, 81.8404, 32.335], "palmVelocity": [1.57945, -6.2027, -3.41203], "palmWidth": 80.9617, "pinchDistance": 54.6822, "pinchStrength": 0, "r": [[0.900239, -0.129168, 0.415795], [0.127164, 0.991344, 0.0326421], [-0.416412, 0.0234884, 0.908872]], "s": 1.36995, "sphereCenter": [-48.4259, 14.9296, 1.06139], "sphereRadius": 81.3027, "stabilizedPalmPosition": [-46.4686, 81.8258, 32.1031], "t": [38.4637, -47.2678, 62.2933], "timeVisible": 10.5805, "type": "left", "wrist": [-72.4499, 73.4216, 92.6251]}], "id": 95214, "interactionBox": {"center": [0, 200, 0], "size": [235.247, 235.247, 147.751]}, "pointables": [{"bases": [[[0.960941, -0.275508, 0.0262312], [0.275726, 0.961223, -0.00502986], [-0.0238283, 0.012066, 0.999643]], [[0.929754, -0.26802, -0.252434], [0.296088, 0.951808, 0.0799628], [0.218837, -0.149089, 0.964304]], [[0.929754, -0.26802, -0.252434], [0.286158, 0.957453, 0.0373929], [0.231672, -0.107002, 0.966891]], [[0.929754, -0.26802, -0.252434], [0.264137, 0.963198, -0.0498112], [0.256495, -0.0203652, 0.966331]]], "btipPosition": [-63.3335, 92.1324, -44.2852], "carpPosition": [-76.3631, 86.1634, 66.8075], "dipPosition": [-67.1106, 91.8326, -30.0551], "direction": [0.231672, 0.107002, -0.966891], "extended": true, "handId": 73, "id": 734, "length": 43.1529, "mcpPosition": [-77.5925, 85.5408, 15.2315], "pipPosition": [-70.9818, 90.0446, -13.8986], "stabilizedTipPosition": [-63.6553, 92.5306, -41.1922], "timeVisible": 10.5805, "tipPosition": [-64.7235, 85.1083, -41.0591], "tipVelocity": [7.63011, -8.01882, -2.89314], "tool": false, "touchDistance": 0.335121, "touchZone": "hovering", "type": 4, "width": 14.9483}, {"bases": [[[0.28024, 0.938496, -0.201717], [-0.713944, 0.344243, 0.609739], [0.641677, -0.0268591, 0.766504]], [[0.35737, 0.927988, -0.105473], [-0.599716, 0.31458, 0.735786], [0.71598, -0.199693, 0.668951]], [[0.35737, 0.927988, -0.105473], [-0.91667, 0.37014, 0.150708], [0.178896, 0.0428256, 0.982936]], [[0.35737, 0.927988, -0.105473], [-0.922106, 0.332638, -0.197665], [-0.148347, 0.167897, 0.974579]]], "btipPosition": [-7.86895, 74.9988, 7.79312], "carpPosition": [-41.9149, 70.7337, 85.6232], "dipPosition": [-4.90285, 78.3558, 27.2793], "direction": [0.178896, -0.0428256, -0.982936], "extended": false, "handId": 73, "id": 730, "length": 44.5246, "mcpPosition": [-41.9149, 70.7337, 85.6232], "pipPosition": [-10.1139, 79.6033, 55.9111], "stabilizedTipPosition": [-7.15625, 76.4967, 12.4071], "timeVisible": 10.5805, "tipPosition": [-7.7444, 69.5072, 12.1425], "tipVelocity": [3.52663, -3.44265, -3.10632], "tool": false, "touchDistance": 0.333326, "touchZone": "hovering", "type": 0, "width": 18.8513}, {"bases": [[[0.912617, 0.0998718, -0.396429], [-0.127655, 0.990831, -0.0442548], [0.388374, 0.0909937, 0.916998]], [[0.99149, 0.128634, 0.0200165], [-0.12361, 0.978477, -0.165236], [-0.0408406, 0.161355, 0.986051]], [[0.99149, 0.128634, 0.0200165], [-0.12361, 0.978477, -0.165236], [-0.0408406, 0.161355, 0.986051]], [[0.99149, 0.128634, 0.0200165], [-0.12361, 0.978477, -0.165236], [-0.0408406, 0.161355, 0.986051]]], "btipPosition": [-22.8541, 71.7829, -54.6571], "carpPosition": [-45.339, 89.349, 76.3175], "dipPosition": [-22.2579, 74.1382, -40.264], "direction": [-0.0408406, -0.161355, -0.986051], "extended": true, "handId": 73, "id": 731, "length": 50.2411, "mcpPosition": [-19.9156, 83.3925, 16.2896], "pipPosition": [-21.4146, 77.4701, -19.9025], "stabilizedTipPosition": [-22.6458, 70.9306, -51.0121], "timeVisible": 10.5805, "tipPosition": [-19.7968, 71.1366, -51.2768], "tipVelocity": [4.01462, 8.53367, -4.62796], "tool": false, "touchDistance": 0.328925, "touchZone": "hovering", "type": 1, "width": 18.0068}, {"bases": [[[0.964998, -0.0591385, -0.255502], [0.0370294, 0.995208, -0.0904954], [0.25963, 0.0778668, 0.962564]], [[0.98858, -0.0497186, -0.142259], [0.0263227, 0.986466, -0.161842], [0.14838, 0.156249, 0.976509]], [[0.98858, -0.0497186, -0.142259], [0.0263227, 0.986466, -0.161842], [0.14838, 0.156249, 0.976509]], [[0.98858, -0.0497186, -0.142259], [0.0263227, 0.986466, -0.161842], [0.14838, 0.156249, 0.976509]]], "btipPosition": [-26.6188, 74.3121, -67.8941], "carpPosition": [-54.8334, 91.8846, 71.4732], "dipPosition": [-29.001, 76.8206, -52.2166], "direction": [0.14838, -0.156249, -0.976509], "extended": true, "handId": 73, "id": 732, "length": 57.2457, "mcpPosition": [-38.7159, 87.0507, 11.7185], "pipPosition": [-32.6057, 80.6165, -28.4932], "stabilizedTipPosition": [-26.9326, 75.719, -64.6111], "timeVisible": 10.5805, "tipPosition": [-26.5707, 72.4348, -63.7707], "tipVelocity": [5.08515, -6.17861, -1.99531], "tool": false, "touchDistance": 0.337474, "touchZone": "hovering", "type": 2, "width": 17.6851}, {"bases": [[[0.987131, -0.121889, -0.103515], [0.114137, 0.990415, -0.0777881], [0.112004, 0.0649722, 0.991581]], [[0.970466, -0.127903, -0.20454], [0.116559, 0.990946, -0.0666271], [0.21121, 0.0408183, 0.976588]], [[0.970466, -0.127903, -0.20454], [0.116559, 0.990946, -0.0666271], [0.21121, 0.0408183, 0.976588]], [[0.970466, -0.127903, -0.20454], [0.116559, 0.990946, -0.0666271], [0.21121, 0.0408183, 0.976588]]], "btipPosition": [-42.4954, 85.1848, -63.3269], "carpPosition": [-65.1702, 91.9818, 67.9188], "dipPosition": [-45.8668, 85.8363, -47.7383], "direction": [0.21121, -0.0408183, -0.976588], "extended": true, "handId": 73, "id": 733, "length": 55.0432, "mcpPosition": [-58.9276, 88.3604, 12.6518], "pipPosition": [-50.8654, 86.8024, -24.6257], "stabilizedTipPosition": [-42.7442, 85.8701, -59.8924], "timeVisible": 10.5805, "tipPosition": [-44.0899, 79.9695, -59.0661], "tipVelocity": [4.49163, -5.06187, -2.69331], "tool": false, "touchDistance": 0.332768, "touchZone": "hovering", "type": 3, "width": 16.8285}], "r": [[0.900239, -0.129168, 0.415795], [0.127164, 0.991344, 0.0326421], [-0.416412, 0.0234884, 0.908872]], "s": 1.36995, "t": [-38.4637, -47.2678, 62.2933], "timestamp": 7612460868}, {"currentFrameRate": 109.279, "devices": [], "gestures": [], "hands": [{"armBasis": [[0.883468, 0.299646, -0.360134], [0.15581, 0.537022, 0.829054], [0.441823, -0.788555, 0.427754]], "armWidth": 58.519, "confidence": 1, "direction": [0.244914, 0.0731532, -0.966781], "elbow": [-178.667, -116.034, 195.335], "grabAngle": 0.0579611, "grabStrength": 0, "id": 73, "palmNormal": [-0.0670848, -0.993481, -0.092168], "palmPosition": [-47.026, 81.8318, 32.3003], "palmVelocity": [-0.0538173, -0.961443, -3.86607], "palmWidth": 80.9617, "pinchDistance": 54.6879, "pinchStrength": 0, "r": [[0.900283, -0.129607, 0.415562], [0.127574, 0.991287, 0.0327875], [-0.416191, 0.0234967, 0.908974]], "s": 1.36906, "sphereCenter": [-47.9628, 13.5662, 1.20697], "sphereRadius": 82.3961, "stabilizedPalmPosition": [-46.4972, 81.8261, 32.1132], "t": [38.4664, -47.299, 62.2636], "timeVisible": 10.5895, "type": "left", "wrist": [-72.5223, 73.4105, 92.57]}], "id": 95215, "interactionBox": {"center": [0, 200, 0], "size": [235.247, 235.247, 147.751]}, "pointables": [{"bases": [[[0.281414, 0.938052, -0.202148], [-0.712834, 0.345387, 0.61039], [0.642397, -0.0276743, 0.765872]], [[0.358559, 0.927462, -0.106063], [-0.598577, 0.31561, 0.736271], [0.716338, -0.20051, 0.668323]], [[0.358559, 0.927462, -0.106063], [-0.916024, 0.371452, 0.151406], [0.17982, 0.0428685, 0.982765]], [[0.358559, 0.927462, -0.106063], [-0.921838, 0.333876, -0.196831], [-0.147141, 0.168349, 0.974684]]], "btipPosition": [-7.83908, 75.0323, 7.79608], "carpPosition": [-41.952, 70.7412, 85.5954], "dipPosition": [-4.89708, 78.3983, 27.2843], "direction": [0.17982, -0.0428685, -0.982765], "extended": false, "handId": 73, "id": 730, "length": 44.5246, "mcpPosition": [-41.952, 70.7412, 85.5954], "pipPosition": [-10.1351, 79.647, 55.9112], "stabilizedTipPosition": [-7.15684, 76.4307, 12.3948], "timeVisible": 10.5895, "tipPosition": [-7.70643, 69.5577, 12.1489], "tipVelocity": [2.7134, 3.96997, 0.383942], "tool": false, "touchDistance": 0.333378, "touchZone": "hovering", "type": 0, "width": 18.8513}, {"bases": [[[0.912369, 0.0984709, -0.39735], [-0.126248, 0.99101, -0.0442905], [0.389416, 0.0905738, 0.916598]], [[0.991692, 0.127194, 0.0192221], [-0.122362, 0.978821, -0.164122], [-0.0396903, 0.160407, 0.986253]], [[0.991692, 0.127194, 0.0192221], [-0.122362, 0.978821, -0.164122], [-0.0396903, 0.160407, 0.986253]], [[0.991692, 0.127194, 0.0192221], [-0.122362, 0.978821, -0.164122], [-0.0396903, 0.160407, 0.986253]]], "btipPosition": [-22.7582, 71.8796, -54.6797], "carpPosition": [-45.3941, 89.35, 76.2832], "dipPosition": [-22.1788, 74.2211, -40.2836], "direction": [-0.0396903, -0.160407, -0.986253], "extended": true, "handId": 73, "id": 731, "length": 50.2411, "mcpPosition": [-19.9025, 83.421, 16.2816], "pipPosition": [-21.3593, 77.5334, -19.9179], "stabilizedTipPosition": [-22.6428, 71.1487, -51.0644], "timeVisible": 10.5895, "tipPosition": [-19.7145, 71.1611, -51.2831], "tipVelocity": [10.2643, 10.4352, -2.43866], "tool": false, "touchDistance": 0.32856, "touchZone": "hovering", "type": 1, "width": 18.0068}, {"bases": [[[0.964656, -0.060593, -0.256449], [0.0383968, 0.995138, -0.0906951], [0.260698, 0.0776428, 0.962293]], [[0.988367, -0.0511878, -0.143214], [0.0274332, 0.986216, -0.16317], [0.149592, 0.157343, 0.976148]], [[0.988367, -0.0511878, -0.143214], [0.0274332, 0.986216, -0.16317], [0.149592, 0.157343, 0.976148]], [[0.988367, -0.0511878, -0.143214], [0.0274332, 0.986216, -0.16317], [0.149592, 0.157343, 0.976148]]], "btipPosition": [-26.5077, 74.2231, -67.892], "carpPosition": [-54.8874, 91.8709, 71.4291], "dipPosition": [-28.9093, 76.7492, -52.2203], "direction": [0.149592, -0.157343, -0.976148], "extended": true, "handId": 73, "id": 732, "length": 57.2457, "mcpPosition": [-38.7036, 87.0509, 11.6912], "pipPosition": [-32.5435, 80.5717, -28.5057], "stabilizedTipPosition": [-26.9458, 75.6243, -64.5776], "timeVisible": 10.5895, "tipPosition": [-26.4657, 72.4547, -63.7865], "tipVelocity": [11.8932, -9.47641, 0.0894899], "tool": false, "touchDistance": 0.337072, "touchZone": "hovering", "type": 2, "width": 17.6851}, {"bases": [[[0.986848, -0.123351, -0.104473], [0.11551, 0.990234, -0.0780635], [0.113082, 0.0649691, 0.991459]], [[0.970058, -0.129361, -0.205556], [0.117659, 0.990708, -0.0682216], [0.212471, 0.0419935, 0.976265]], [[0.970058, -0.129361, -0.205556], [0.117659, 0.990708, -0.0682216], [0.212471, 0.0419935, 0.976265]], [[0.970058, -0.129361, -0.205556], [0.117659, 0.990708, -0.0682216], [0.212471, 0.0419935, 0.976265]]], "btipPosition": [-42.3878, 85.0641, -63.3493], "carpPosition": [-65.2208, 91.9523, 67.8645], "dipPosition": [-45.7793, 85.7344, -47.7658], "direction": [0.212471, -0.0419935, -0.976265], "extended": true, "handId": 73, "id": 733, "length": 55.0432, "mcpPosition": [-58.918, 88.3312, 12.6043], "pipPosition": [-50.8078, 86.7282, -24.6609], "stabilizedTipPosition": [-42.7805, 85.8142, -59.8815], "timeVisible": 10.5895, "tipPosition": [-43.9915, 79.9853, -59.1019], "tipVelocity": [11.4824, -12.9806, -2.62744], "tool": false, "touchDistance": 0.332375, "touchZone": "hovering", "type": 3, "width": 16.8285}, {"bases": [[[0.960562, -0.276911, 0.0253235], [0.277128, 0.960817, -0.00546073], [-0.0228191, 0.0122632, 0.999664]], [[0.929044, -0.269405, -0.253571], [0.297282, 0.951583, 0.0781878], [0.220229, -0.148022, 0.964152]], [[0.929044, -0.269405, -0.253571], [0.287255, 0.957197, 0.0354881], [0.233156, -0.105809, 0.966666]], [[0.929044, -0.269405, -0.253571], [0.265181, 0.962829, -0.0513712], [0.257985, -0.019516, 0.965952]]], "btipPosition": [-63.2336, 92.0116, -44.3368], "carpPosition": [-76.4041, 86.1174, 66.7431], "dipPosition": [-67.0327, 91.7242, -30.1123], "direction": [0.233156, 0.105809, -0.966666], "extended": true, "handId": 73, "id": 734, "length": 43.1529, "mcpPosition": [-77.5814, 85.4847, 15.1659], "pipPosition": [-70.9286, 89.9562, -13.9596], "stabilizedTipPosition": [-63.6925, 92.4825, -41.1818], "timeVisible": 10.5895, "tipPosition": [-64.653, 85.0989, -41.1116], "tipVelocity": [10.5813, -13.1565, -5.89936], "tool": false, "touchDistance": 0.334149, "touchZone": "hovering", "type": 4, "width": 14.9483}], "r": [[0.900283, -0.129607, 0.415562], [0.127574, 0.991287, 0.0327875], [-0.416191, 0.0234967, 0.908974]], "s": 1.36906, "t": [-38.4664, -47.299, 62.2636], "timestamp": 7612469833}, {"currentFrameRate": 109.865, "devices": [], "gestures": [], "hands": [{"armBasis": [[0.88244, 0.299532, -0.362741], [0.157395, 0.53866, 0.827691], [0.443314, -0.787481, 0.42819]], "armWidth": 58.519, "confidence": 1, "direction": [0.245668, 0.0739814, -0.966527], "elbow": [-179.11, -115.784, 195.41], "grabAngle": 0.0584796, "grabStrength": 0, "id": 73, "palmNormal": [-0.0645692, -0.99362, -0.0924671], "palmPosition": [-47.0442, 81.8713, 32.2937], "palmVelocity": [-2.25701, 4.89701, -0.825446], "palmWidth": 80.9617, "pinchDistance": 54.6941, "pinchStrength": 0, "r": [[0.900335, -0.130417, 0.415196], [0.128392, 0.991177, 0.0329258], [-0.415826, 0.0236634, 0.909136]], "s": 1.36819, "sphereCenter": [-47.491, 12.4478, 1.33077], "sphereRadius": 83.348, "stabilizedPalmPosition": [-46.5234, 81.8283, 32.1219], "t": [38.4586, -47.2948, 62.2454], "timeVisible": 10.5975, "type": "left", "wrist": [-72.6068, 73.4024, 92.5405]}], "id": 95216, "interactionBox": {"center": [0, 200, 0], "size": [235.247, 235.247, 147.751]}, "pointables": [{"bases": [[[0.283509, 0.93741, -0.202199], [-0.711399, 0.346981, 0.61116], [0.643067, -0.0294254, 0.765245]], [[0.360689, 0.926617, -0.106232], [-0.59712, 0.316912, 0.736895], [0.716485, -0.202357, 0.667608]], [[0.360689, 0.926617, -0.106232], [-0.915015, 0.373619, 0.15217], [0.180694, 0.0423177, 0.982629]], [[0.360689, 0.926617, -0.106232], [-0.921137, 0.336035, -0.196437], [-0.146325, 0.168707, 0.974745]]], "btipPosition": [-7.83335, 75.1624, 7.82619], "carpPosition": [-41.9945, 70.7804, 85.591], "dipPosition": [-4.90767, 78.5356, 27.3156], "direction": [0.180694, -0.0423177, -0.982629], "extended": false, "handId": 73, "id": 730, "length": 44.5246, "mcpPosition": [-41.9945, 70.7804, 85.591], "pipPosition": [-10.1711, 79.7683, 55.9386], "stabilizedTipPosition": [-7.15714, 76.3895, 12.3876], "timeVisible": 10.5975, "tipPosition": [-7.67475, 69.705, 12.1775], "tipVelocity": [0.245778, 16.3511, 3.77154], "tool": false, "touchDistance": 0.33383, "touchZone": "hovering", "type": 0, "width": 18.8513}, {"bases": [[[0.912222, 0.0963373, -0.398208], [-0.12387, 0.991325, -0.0439348], [0.390521, 0.0894042, 0.916243]], [[0.992012, 0.124776, 0.0185245], [-0.120151, 0.979364, -0.16251], [-0.0384196, 0.158986, 0.986533]], [[0.992012, 0.124776, 0.0185245], [-0.120151, 0.979364, -0.16251], [-0.0384196, 0.158986, 0.986533]], [[0.992012, 0.124776, 0.0185245], [-0.120151, 0.979364, -0.16251], [-0.0384196, 0.158986, 0.986533]]], "btipPosition": [-22.6735, 72.0914, -54.6799], "carpPosition": [-45.4731, 89.383, 76.2799], "dipPosition": [-22.1127, 74.412, -40.2797], "direction": [-0.0384196, -0.158986, -0.986533], "extended": true, "handId": 73, "id": 731, "length": 50.2411, "mcpPosition": [-19.9092, 83.5305, 16.3015], "pipPosition": [-21.3193, 77.695, -19.9083], "stabilizedTipPosition": [-22.6298, 71.3429, -51.1043], "timeVisible": 10.5975, "tipPosition": [-19.6433, 71.2951, -51.2664], "tipVelocity": [9.98499, 25.682, 0.0869134], "tool": false, "touchDistance": 0.328572, "touchZone": "hovering", "type": 1, "width": 18.0068}, {"bases": [[[0.964258, -0.0628875, -0.257395], [0.0407395, 0.995063, -0.0904974], [0.261816, 0.0767767, 0.962059]], [[0.988112, -0.0535608, -0.144106], [0.0295658, 0.986056, -0.163766], [0.150868, 0.157558, 0.975917]], [[0.988112, -0.0535608, -0.144106], [0.0295658, 0.986056, -0.163766], [0.150868, 0.157558, 0.975917]], [[0.988112, -0.0535608, -0.144106], [0.0295658, 0.986056, -0.163766], [0.150868, 0.157558, 0.975917]]], "btipPosition": [-26.4147, 74.2702, -67.8705], "carpPosition": [-54.9678, 91.8818, 71.4172], "dipPosition": [-28.8368, 76.7997, -52.2025], "direction": [0.150868, -0.157558, -0.975917], "extended": true, "handId": 73, "id": 732, "length": 57.2457, "mcpPosition": [-38.7146, 87.1156, 11.6939], "pipPosition": [-32.502, 80.6275, -28.4935], "stabilizedTipPosition": [-26.9482, 75.5536, -64.5491], "timeVisible": 10.5975, "tipPosition": [-26.3709, 72.577, -63.7775], "tipVelocity": [10.9543, 5.94596, 2.5592], "tool": false, "touchDistance": 0.337008, "touchZone": "hovering", "type": 2, "width": 17.6851}, {"bases": [[[0.986443, -0.125736, -0.105455], [0.117853, 0.989968, -0.0779415], [0.114198, 0.0644566, 0.991365]], [[0.969495, -0.131691, -0.206729], [0.1197, 0.990372, -0.0695348], [0.213896, 0.0426681, 0.975924]], [[0.969495, -0.131691, -0.206729], [0.1197, 0.990372, -0.0695348], [0.213896, 0.0426681, 0.975924]], [[0.969495, -0.131691, -0.206729], [0.1197, 0.990372, -0.0695348], [0.213896, 0.0426681, 0.975924]]], "btipPosition": [-42.2919, 85.0267, -63.3394], "carpPosition": [-65.298, 91.9389, 67.8426], "dipPosition": [-45.7062, 85.7078, -47.7614], "direction": [0.213896, -0.0426681, -0.975924], "extended": true, "handId": 73, "id": 733, "length": 55.0432, "mcpPosition": [-58.9331, 88.3463, 12.5877], "pipPosition": [-50.7684, 86.7176, -24.6645], "stabilizedTipPosition": [-42.8034, 85.7656, -59.8718], "timeVisible": 10.5975, "tipPosition": [-43.9109, 80.0912, -59.1107], "tipVelocity": [11.2479, -4.33316, 1.07322], "tool": false, "touchDistance": 0.332519, "touchZone": "hovering", "type": 3, "width": 16.8285}, {"bases": [[[0.959907, -0.279262, 0.0243305], [0.279469, 0.960139, -0.00550176], [-0.0218242, 0.0120808, 0.999689]], [[0.928118, -0.271607, -0.25461], [0.299444, 0.950996, 0.077066], [0.221202, -0.147768, 0.963968]], [[0.928118, -0.271607, -0.25461], [0.289312, 0.956626, 0.0341257], [0.234298, -0.105334, 0.966441]], [[0.928118, -0.271607, -0.25461], [0.267203, 0.962213, -0.0524273], [0.259229, -0.0193738, 0.965622]]], "btipPosition": [-63.1773, 91.9628, -44.358], "carpPosition": [-76.4659, 86.0769, 66.709], "dipPosition": [-66.9947, 91.6775, -30.1383], "direction": [0.234298, 0.105334, -0.966441], "extended": true, "handId": 73, "id": 734, "length": 43.1529, "mcpPosition": [-77.5919, 85.4536, 15.1306], "pipPosition": [-70.9097, 89.9174, -13.9893], "stabilizedTipPosition": [-63.7183, 92.4408, -41.1751], "timeVisible": 10.5975, "tipPosition": [-64.6057, 85.1434, -41.1343], "tipVelocity": [6.46609, -5.99457, -2.76108], "tool": false, "touchDistance": 0.333733, "touchZone": "hovering", "type": 4, "width": 14.9483}], "r": [[0.900335, -0.130417, 0.415196], [0.128392, 0.991177, 0.0329258], [-0.415826, 0.0236634, 0.909136]], "s": 1.36819, "t": [-38.4586, -47.2948, 62.2454], "timestamp": 7612477891}, {"currentFrameRate": 110.032, "devices": [], "gestures": [], "hands": [{"armBasis": [[0.881499, 0.299391, -0.365136], [0.158896, 0.540109, 0.826459], [0.444648, -0.786541, 0.428534]], "armWidth": 58.519, "confidence": 1, "direction": [0.246213, 0.0748321, -0.966322], "elbow": [-179.519, -115.563, 195.482], "grabAngle": 0.0590425, "grabStrength": 0, "id": 73, "palmNormal": [-0.0619969, -0.993757, -0.0927531], "palmPosition": [-47.0803, 81.9175, 32.3018], "palmVelocity": [-4.10757, 5.25837, 0.917689], "palmWidth": 80.9617, "pinchDistance": 54.6974, "pinchStrength": 0, "r": [[0.900373, -0.131538, 0.414759], [0.12955, 0.991021, 0.033064], [-0.415385, 0.0239623, 0.90933]], "s": 1.36731, "sphereCenter": [-47.0565, 11.358, 1.46462], "sphereRadius": 84.2891, "stabilizedPalmPosition": [-46.5533, 81.8331, 32.1315], "t": [38.4367, -47.2696, 62.2404], "timeVisible": 10.6063, "type": "left", "wrist": [-72.6962, 73.3973, 92.5297]}], "id": 95217, "interactionBox": {"center": [0, 200, 0], "size": [235.247, 235.247, 147.751]}, "pointables": [{"bases": [[[0.959219, -0.281684, 0.0235353], [0.281881, 0.959434, -0.00548482], [-0.0210356, 0.0118953, 0.999708]], [[0.927218, -0.273877, -0.255457], [0.301698, 0.950355, 0.0761766], [0.221912, -0.147703, 0.963815]], [[0.927218, -0.273877, -0.255457], [0.291441, 0.956024, 0.0328677], [0.235221, -0.104926, 0.966262]], [[0.927218, -0.273877, -0.255457], [0.269293, 0.961573, -0.0534709], [0.260285, -0.0192134, 0.965341]]], "btipPosition": [-63.1569, 91.9251, -44.3604], "carpPosition": [-76.5386, 86.0408, 66.6958], "dipPosition": [-66.9898, 91.6422, -30.1449], "direction": [0.235221, 0.104926, -0.966262], "extended": true, "handId": 73, "id": 734, "length": 43.1529, "mcpPosition": [-77.6239, 85.427, 15.1164], "pipPosition": [-70.9203, 89.8889, -13.999], "stabilizedTipPosition": [-63.7427, 92.3965, -41.1687], "timeVisible": 10.6063, "tipPosition": [-64.592, 85.1908, -41.1385], "tipVelocity": [1.91443, -4.22844, -0.391221], "tool": false, "touchDistance": 0.333642, "touchZone": "hovering", "type": 4, "width": 14.9483}, {"bases": [[[0.285715, 0.936742, -0.20219], [-0.710059, 0.348624, 0.611782], [0.643571, -0.0312285, 0.764749]], [[0.362825, 0.925759, -0.106434], [-0.595855, 0.318298, 0.737321], [0.71646, -0.2041, 0.667105]], [[0.362825, 0.925759, -0.106434], [-0.91402, 0.375792, 0.152798], [0.181451, 0.0418438, 0.982509]], [[0.362825, 0.925759, -0.106434], [-0.920413, 0.338179, -0.196152], [-0.145596, 0.169132, 0.97478]]], "btipPosition": [-7.84646, 75.2913, 7.86054], "carpPosition": [-42.0431, 70.8266, 85.6003], "dipPosition": [-4.93537, 78.673, 27.3507], "direction": [0.181451, -0.0418438, -0.982509], "extended": false, "handId": 73, "id": 730, "length": 44.5246, "mcpPosition": [-42.0431, 70.8266, 85.6003], "pipPosition": [-10.2208, 79.8919, 55.9701], "stabilizedTipPosition": [-7.15886, 76.3615, 12.3837], "timeVisible": 10.6063, "tipPosition": [-7.66435, 69.8649, 12.2127], "tipVelocity": [-1.87345, 14.882, 3.92547], "tool": false, "touchDistance": 0.334298, "touchZone": "hovering", "type": 0, "width": 18.8513}, {"bases": [[[0.91216, 0.0941358, -0.398877], [-0.121406, 0.991645, -0.0436043], [0.391439, 0.0882003, 0.915967]], [[0.992332, 0.122282, 0.0180008], [-0.117826, 0.979881, -0.16109], [-0.037337, 0.157734, 0.986776]], [[0.992332, 0.122282, 0.0180008], [-0.117826, 0.979881, -0.16109], [-0.037337, 0.157734, 0.986776]], [[0.992332, 0.122282, 0.0180008], [-0.117826, 0.979881, -0.16109], [-0.037337, 0.157734, 0.986776]]], "btipPosition": [-22.6238, 72.2999, -54.6683], "carpPosition": [-45.5615, 89.4226, 76.2909], "dipPosition": [-22.0788, 74.6023, -40.2646], "direction": [-0.037337, -0.157734, -0.986776], "extended": true, "handId": 73, "id": 731, "length": 50.2411, "mcpPosition": [-19.9374, 83.6489, 16.3306], "pipPosition": [-21.3078, 77.8594, -19.8881], "stabilizedTipPosition": [-22.6114, 71.5512, -51.1395], "timeVisible": 10.6063, "tipPosition": [-19.6044, 71.4376, -51.2407], "tipVelocity": [5.23295, 23.238, 1.41346], "tool": false, "touchDistance": 0.328779, "touchZone": "hovering", "type": 1, "width": 18.0068}, {"bases": [[[0.963901, -0.0652532, -0.258142], [0.0431764, 0.994979, -0.090291], [0.262738, 0.0758859, 0.961878]], [[0.987917, -0.0559846, -0.14452], [0.0318598, 0.985922, -0.16414], [0.151675, 0.157553, 0.975793]], [[0.987917, -0.0559846, -0.14452], [0.0318598, 0.985922, -0.16414], [0.151675, 0.157553, 0.975793]], [[0.987917, -0.0559846, -0.14452], [0.0318598, 0.985922, -0.16414], [0.151675, 0.157553, 0.975793]]], "btipPosition": [-26.3826, 74.3428, -67.8447], "carpPosition": [-55.0588, 91.8986, 71.4216], "dipPosition": [-28.8177, 76.8723, -52.1788], "direction": [0.151675, -0.157553, -0.975793], "extended": true, "handId": 73, "id": 732, "length": 57.2457, "mcpPosition": [-38.7484, 87.1877, 11.7095], "pipPosition": [-32.5025, 80.6999, -28.4727], "stabilizedTipPosition": [-26.9477, 75.4938, -64.5199], "timeVisible": 10.6063, "tipPosition": [-26.3131, 72.7065, -63.7577], "tipVelocity": [3.30908, 8.25715, 2.87914], "tool": false, "touchDistance": 0.33702, "touchZone": "hovering", "type": 2, "width": 17.6851}, {"bases": [[[0.986043, -0.128194, -0.106234], [0.120286, 0.989686, -0.0777947], [0.115111, 0.0639305, 0.991293]], [[0.968907, -0.134105, -0.207929], [0.121789, 0.990013, -0.0710034], [0.215375, 0.0434723, 0.975563]], [[0.968907, -0.134105, -0.207929], [0.121789, 0.990013, -0.0710034], [0.215375, 0.0434723, 0.975563]], [[0.968907, -0.134105, -0.207929], [0.121789, 0.990013, -0.0710034], [0.215375, 0.0434723, 0.975563]]], "btipPosition": [-42.2143, 84.9851, -63.3107], "carpPosition": [-65.3864, 91.9305, 67.8392], "dipPosition": [-45.6522, 85.6791, -47.7385], "direction": [0.215375, -0.0434723, -0.975563], "extended": true, "handId": 73, "id": 733, "length": 55.0432, "mcpPosition": [-58.9705, 88.3673, 12.5883], "pipPosition": [-50.7494, 86.7079, -24.6501], "stabilizedTipPosition": [-42.8195, 85.7158, -59.8604], "timeVisible": 10.6063, "tipPosition": [-43.8659, 80.2091, -59.106], "tipVelocity": [8.21279, -4.39107, 3.11013], "tool": false, "touchDistance": 0.332975, "touchZone": "hovering", "type": 3, "width": 16.8285}], "r": [[0.900373, -0.131538, 0.414759], [0.12955, 0.991021, 0.033064], [-0.415385, 0.0239623, 0.90933]], "s": 1.36731, "t": [-38.4367, -47.2696, 62.2404], "timestamp": 7612486682}, {"currentFrameRate": 110.493, "devices": [], "gestures": [], "hands": [{"armBasis": [[0.880678, 0.298576, -0.367776], [0.160968, 0.541555, 0.825111], [0.445529, -0.785857, 0.428874]], "armWidth": 58.519, "confidence": 1, "direction": [0.246649, 0.0755816, -0.966153], "elbow": [-179.842, -115.396, 195.555], "grabAngle": 0.0593979, "grabStrength": 0, "id": 73, "palmNormal": [-0.0584015, -0.993983, -0.092668], "palmPosition": [-47.1443, 81.9764, 32.3108], "palmVelocity": [-7.77651, 7.15843, 1.09958], "palmWidth": 80.9617, "pinchDistance": 54.6989, "pinchStrength": 0, "r": [[0.900369, -0.133064, 0.414283], [0.131186, 0.990804, 0.0331294], [-0.414881, 0.0245193, 0.909545]], "s": 1.36641, "sphereCenter": [-46.6613, 10.4554, 1.59379], "sphereRadius": 85.0854, "stabilizedPalmPosition": [-46.5837, 81.8404, 32.1407], "t": [38.3937, -47.2276, 62.2424], "timeVisible": 10.6145, "type": "left", "wrist": [-72.8071, 73.4004, 92.5216]}], "id": 95218, "interactionBox": {"center": [0, 200, 0], "size": [235.247, 235.247, 147.751]}, "pointables": [{"bases": [[[0.95823, -0.285084, 0.0228749], [0.285281, 0.958426, -0.00581539], [-0.020266, 0.0120983, 0.999721]], [[0.926089, -0.277209, -0.255959], [0.305011, 0.94936, 0.0753888], [0.222099, -0.147887, 0.963743]], [[0.926089, -0.277209, -0.255959], [0.294625, 0.95509, 0.0316036], [0.235703, -0.10468, 0.966171]], [[0.926089, -0.277209, -0.255959], [0.272502, 0.960615, -0.0544231], [0.260965, -0.0193487, 0.965154]]], "btipPosition": [-63.1969, 91.8768, -44.3676], "carpPosition": [-76.6421, 85.9995, 66.6829], "dipPosition": [-67.0399, 91.5919, -30.1548], "direction": [0.235703, 0.10468, -0.966171], "extended": true, "handId": 73, "id": 734, "length": 43.1529, "mcpPosition": [-77.6877, 85.3753, 15.1028], "pipPosition": [-70.9784, 89.8428, -14.0104], "stabilizedTipPosition": [-63.7664, 92.3556, -41.1638], "timeVisible": 10.6145, "tipPosition": [-64.6128, 85.195, -41.1425], "tipVelocity": [-5.14459, -5.92033, -0.950034], "tool": false, "touchDistance": 0.333494, "touchZone": "hovering", "type": 4, "width": 14.9483}, {"bases": [[[0.288891, 0.935696, -0.202521], [-0.708372, 0.351221, 0.612253], [0.644012, -0.0334146, 0.764285]], [[0.365742, 0.924523, -0.107196], [-0.594423, 0.320659, 0.737455], [0.716167, -0.205998, 0.666836]], [[0.365742, 0.924523, -0.107196], [-0.912679, 0.378832, 0.153306], [0.182344, 0.0417647, 0.982347]], [[0.365742, 0.924523, -0.107196], [-0.919385, 0.340966, -0.196147], [-0.144792, 0.170293, 0.974698]]], "btipPosition": [-7.88085, 75.4384, 7.89302], "carpPosition": [-42.1066, 70.9103, 85.6144], "dipPosition": [-4.98581, 78.8434, 27.3815], "direction": [0.182344, -0.0417647, -0.982347], "extended": false, "handId": 73, "id": 730, "length": 44.5246, "mcpPosition": [-42.1066, 70.9103, 85.6144], "pipPosition": [-10.2973, 80.0599, 55.9963], "stabilizedTipPosition": [-7.16332, 76.3504, 12.3831], "timeVisible": 10.6145, "tipPosition": [-7.66981, 70.0804, 12.2524], "tipVelocity": [-4.62551, 18.5221, 3.89963], "tool": false, "touchDistance": 0.334683, "touchZone": "hovering", "type": 0, "width": 18.8513}, {"bases": [[[0.912198, 0.0908461, -0.399552], [-0.117917, 0.992064, -0.0436459], [0.392416, 0.0869278, 0.915671]], [[0.992767, 0.118772, 0.0175224], [-0.114486, 0.980503, -0.15971], [-0.0361498, 0.156549, 0.987008]], [[0.992767, 0.118772, 0.0175224], [-0.114486, 0.980503, -0.15971], [-0.0361498, 0.156549, 0.987008]], [[0.992767, 0.118772, 0.0175224], [-0.114486, 0.980503, -0.15971], [-0.0361498, 0.156549, 0.987008]]], "btipPosition": [-22.5971, 72.5383, -54.6565], "carpPosition": [-45.6842, 89.4925, 76.3001], "dipPosition": [-22.0695, 74.8234, -40.2494], "direction": [-0.0361498, -0.156549, -0.987008], "extended": true, "handId": 73, "id": 731, "length": 50.2411, "mcpPosition": [-19.9962, 83.8021, 16.3591], "pipPosition": [-21.323, 78.0561, -19.8681], "stabilizedTipPosition": [-22.5939, 71.7471, -51.1658], "timeVisible": 10.6145, "tipPosition": [-19.59, 71.5932, -51.2111], "tipVelocity": [2.75765, 28.4816, 1.52931], "tool": false, "touchDistance": 0.328989, "touchZone": "hovering", "type": 1, "width": 18.0068}, {"bases": [[[0.963475, -0.0687076, -0.258834], [0.0466422, 0.994808, -0.0904526], [0.263705, 0.0750763, 0.961677]], [[0.987681, -0.0594685, -0.14474], [0.035234, 0.985735, -0.164573], [0.152462, 0.157446, 0.975688]], [[0.987681, -0.0594685, -0.14474], [0.035234, 0.985735, -0.164573], [0.152462, 0.157446, 0.975688]], [[0.987681, -0.0594685, -0.14474], [0.035234, 0.985735, -0.164573], [0.152462, 0.157446, 0.975688]]], "btipPosition": [-26.3863, 74.4373, -67.8217], "carpPosition": [-55.1866, 91.9342, 71.4236], "dipPosition": [-28.834, 76.9651, -52.1574], "direction": [0.152462, -0.157446, -0.975688], "extended": true, "handId": 73, "id": 732, "length": 57.2457, "mcpPosition": [-38.8162, 87.2736, 11.7239], "pipPosition": [-32.5379, 80.7901, -28.454], "stabilizedTipPosition": [-26.9478, 75.4527, -64.4939], "timeVisible": 10.6145, "tipPosition": [-26.2767, 72.8333, -63.7338], "tipVelocity": [-0.796876, 11.4343, 2.7487], "tool": false, "touchDistance": 0.336991, "touchZone": "hovering", "type": 2, "width": 17.6851}, {"bases": [[[0.985504, -0.131707, -0.106934], [0.123742, 0.989243, -0.0780117], [0.116059, 0.0636487, 0.991201]], [[0.968097, -0.13761, -0.209406], [0.124837, 0.98948, -0.0731037], [0.217263, 0.04463, 0.975092]], [[0.968097, -0.13761, -0.209406], [0.124837, 0.98948, -0.0731037], [0.217263, 0.04463, 0.975092]], [[0.968097, -0.13761, -0.209406], [0.124837, 0.98948, -0.0731037], [0.217263, 0.04463, 0.975092]]], "btipPosition": [-42.1399, 84.9092, -63.2745], "carpPosition": [-65.5117, 91.929, 67.8336], "dipPosition": [-45.6079, 85.6216, -47.7098], "direction": [0.217263, -0.04463, -0.975092], "extended": true, "handId": 73, "id": 733, "length": 55.0432, "mcpPosition": [-59.043, 88.3814, 12.5878], "pipPosition": [-50.7498, 86.6779, -24.6326], "stabilizedTipPosition": [-42.828, 85.6696, -59.8485], "timeVisible": 10.6145, "tipPosition": [-43.848, 80.3168, -59.1005], "tipVelocity": [8.19282, -8.70429, 4.18874], "tool": false, "touchDistance": 0.333528, "touchZone": "hovering", "type": 3, "width": 16.8285}], "r": [[0.900369, -0.133064, 0.414283], [0.131186, 0.990804, 0.0331294], [-0.414881, 0.0245193, 0.909545]], "s": 1.36641, "t": [-38.3937, -47.2276, 62.2424], "timestamp": 7612494915}, {"currentFrameRate": 110.611, "devices": [], "gestures": [], "hands": [{"armBasis": [[0.880039, 0.297494, -0.370174], [0.163248, 0.542469, 0.824062], [0.445961, -0.785637, 0.428828]], "armWidth": 58.519, "confidence": 1, "direction": [0.247392, 0.0757453, -0.96595], "elbow": [-180.077, -115.184, 195.569], "grabAngle": 0.0595419, "grabStrength": 0, "id": 73, "palmNormal": [-0.0552658, -0.994213, -0.0921158], "palmPosition": [-47.2162, 82.1611, 32.3594], "palmVelocity": [-8.13524, 20.9107, 5.49682], "palmWidth": 80.9617, "pinchDistance": 54.6998, "pinchStrength": 0, "r": [[0.900364, -0.134785, 0.413736], [0.133106, 0.990551, 0.0330327], [-0.414279, 0.0253295, 0.909797]], "s": 1.36544, "sphereCenter": [-46.3878, 10.0103, 1.75201], "sphereRadius": 85.5987, "stabilizedPalmPosition": [-46.6185, 81.8581, 32.1528], "t": [38.3363, -47.1142, 62.2677], "timeVisible": 10.6234, "type": "left", "wrist": [-72.9384, 73.5589, 92.5467]}], "id": 95219, "interactionBox": {"center": [0, 200, 0], "size": [235.247, 235.247, 147.751]}, "pointables": [{"bases": [[[0.957375, -0.288001, 0.0220841], [0.288207, 0.957545, -0.0066921], [-0.0192192, 0.0127716, 0.999734]], [[0.925037, -0.280215, -0.256489], [0.307957, 0.948484, 0.0744359], [0.222417, -0.147843, 0.963677]], [[0.925037, -0.280215, -0.256489], [0.297361, 0.954298, 0.0298684], [0.236397, -0.103899, 0.966086]], [[0.925037, -0.280215, -0.256489], [0.275232, 0.959751, -0.0558959], [0.261828, -0.0188882, 0.96493]]], "btipPosition": [-63.2277, 91.9363, -44.3452], "carpPosition": [-76.7608, 86.1149, 66.6992], "dipPosition": [-67.0834, 91.6582, -30.1357], "direction": [0.236397, 0.103899, -0.966086], "extended": true, "handId": 73, "id": 734, "length": 43.1529, "mcpPosition": [-77.7524, 85.4559, 15.1185], "pipPosition": [-71.0335, 89.9221, -13.9927], "stabilizedTipPosition": [-63.7911, 92.3212, -41.1576], "timeVisible": 10.6234, "tipPosition"