{"frames": 97, "data": [{"currentFrameRate": 109.51, "devices": [], "gestures": [], "hands": [{"armBasis": [[-0.888122, -0.418637, 0.189692], [0.369054, -0.895557, -0.24855], [0.273932, -0.150736, 0.949863]], "armWidth": 55.2262, "confidence": 1, "direction": [-0.314804, -0.0377241, -0.948407], "elbow": [-125.531, 63.7535, 266.002], "grabAngle": 0.327987, "grabStrength": 0, "id": 69, "palmNormal": [0.268404, 0.954888, -0.127073], "palmPosition": [-80.7564, 104.641, -23.1783], "palmVelocity": [10.6521, -39.9931, 18.2625], "palmWidth": 80.3268, "pinchDistance": 49.6832, "pinchStrength": 0, "r": [[0.815996, -0.427977, 0.38857], [0.561854, 0.745246, -0.359066], [-0.135908, 0.511316, 0.848578]], "s": 1.32644, "sphereCenter": [-40.2117, 230.91, -50.7473], "sphereRadius": 137.836, "stabilizedPalmPosition": [-82.0741, 105.841, -24.0534], "t": [20.9835, -17.0212, -105.385], "timeVisible": 10.5192, "type": "left", "wrist": [-60.2364, 99.6827, 39.5943]}], "id": 84244, "interactionBox": {"center": [0, 200, 0], "size": [235.247, 235.247, 147.751]}, "pointables": [{"bases": [[[-0.0648526, -0.979969, -0.188295], [0.729875, -0.175257, 0.660733], [-0.680498, -0.0945812, 0.72662]], [[0.0883488, -0.934284, -0.34541], [0.6364, -0.21382, 0.741131], [-0.766283, -0.285297, 0.575688]], [[0.0883488, -0.934284, -0.34541], [0.959089, -0.0138459, 0.282767], [-0.268967, -0.356261, 0.894838]], [[0.0883488, -0.934284, -0.34541], [0.969775, 0.159857, -0.184342], [0.227444, -0.318683, 0.920169]]], "btipPosition": [-117.026, 146.369, -39.2439], "carpPosition": [-80.0487, 117.447, 29.5278], "dipPosition": [-121.465, 140.149, -21.2849], "direction": [-0.268967, 0.356261, -0.894838], "extended": false, "handId": 69, "id": 690, "length": 43.4617, "mcpPosition": [-80.0487, 117.447, 29.5278], "pipPosition": [-113.817, 130.02, 4.15851], "stabilizedTipPosition": [-119.739, 145.025, -35.6577], "timeVisible": 10.5192, "tipPosition": [-119.92, 142.289, -34.5876], "tipVelocity": [14.7845, -60.3059, -11.3938], "tool": false, "touchDistance": 0.329367, "touchZone": "hovering", "type": 0, "width": 17.4075}, {"bases": [[[-0.982227, -0.0902401, -0.164583], [0.100217, -0.993535, -0.0533422], [-0.158705, -0.0688881, 0.98492]], [[-0.959093, -0.0821987, -0.270896], [0.130164, -0.977812, -0.16414], [-0.251393, -0.192686, 0.948511]], [[-0.959093, -0.0821987, -0.270896], [0.159029, -0.948099, -0.275351], [-0.234203, -0.307167, 0.922387]], [[-0.959093, -0.0821987, -0.270896], [0.179708, -0.916167, -0.35825], [-0.218738, -0.392277, 0.893461]]], "btipPosition": [-90.0073, 115.866, -113.722], "carpPosition": [-63.0455, 91.6687, 11.315], "dipPosition": [-86.5991, 109.754, -99.8004], "direction": [-0.234203, 0.307167, -0.922387], "extended": true, "handId": 69, "id": 693, "length": 53.7292, "mcpPosition": [-71.8217, 95.4782, -43.1502], "pipPosition": [-81.1886, 102.658, -78.4917], "stabilizedTipPosition": [-90.8322, 116.154, -111.567], "timeVisible": 10.5192, "tipPosition": [-90.2723, 110.544, -111.137], "tipVelocity": [40.9896, -40.4556, 19.4407], "tool": false, "touchDistance": 0.344884, "touchZone": "hovering", "type": 3, "width": 15.5395}, {"bases": [[[-0.844635, -0.296712, -0.445593], [0.334145, -0.942504, -0.00578771], [-0.418256, -0.153781, 0.895217]], [[-0.924439, -0.326531, -0.196952], [0.341547, -0.938697, -0.0468423], [-0.169583, -0.110571, 0.979293]], [[-0.924439, -0.326531, -0.196952], [0.3686, -0.897506, -0.242109], [-0.0977098, -0.296411, 0.950049]], [[-0.924439, -0.326531, -0.196952], [0.374557, -0.874448, -0.308298], [-0.0715556, -0.358772, 0.930678]]], "btipPosition": [-117.403, 123.546, -104.945], "carpPosition": [-81.1734, 98.5103, 20.6939], "dipPosition": [-116.384, 118.434, -91.6843], "direction": [-0.0977098, 0.296411, -0.950049], "extended": true, "handId": 69, "id": 691, "length": 49.0417, "mcpPosition": [-108.338, 108.498, -37.4486], "pipPosition": [-114.414, 112.46, -72.5346], "stabilizedTipPosition": [-119.301, 124.276, -102.452], "timeVisible": 10.5192, "tipPosition": [-120.735, 117.575, -102.055], "tipVelocity": [41.7668, -88.1833, -1.70205], "tool": false, "touchDistance": 0.337083, "touchZone": "hovering", "type": 1, "width": 16.6276}, {"bases": [[[-0.937883, -0.14971, -0.31299], [0.177275, -0.982245, -0.0613815], [-0.298244, -0.113054, 0.947771]], [[-0.953684, -0.15605, -0.257169], [0.180467, -0.980785, -0.0741051], [-0.240664, -0.117083, 0.963521]], [[-0.953684, -0.15605, -0.257169], [0.204052, -0.963749, -0.171902], [-0.221022, -0.216416, 0.950954]], [[-0.953684, -0.15605, -0.257169], [0.22407, -0.938916, -0.261207], [-0.200699, -0.306733, 0.930395]]], "btipPosition": [-109.24, 115.592, -118.808], "carpPosition": [-72.8104, 93.9832, 15.4281], "dipPosition": [-106.095, 110.785, -104.228], "direction": [-0.221022, 0.216416, -0.950954], "extended": true, "handId": 69, "id": 692, "length": 55.8791, "mcpPosition": [-91.1797, 100.946, -42.9469], "pipPosition": [-100.853, 105.653, -81.6766], "stabilizedTipPosition": [-110.122, 117.033, -116.116], "timeVisible": 10.5192, "tipPosition": [-109.11, 113.016, -115.516], "tipVelocity": [41.826, -65.8298, 7.53126], "tool": false, "touchDistance": 0.339615, "touchZone": "hovering", "type": 2, "width": 16.3305}, {"bases": [[[-0.99696, 0.0678028, -0.0383914], [-0.0681926, -0.997632, 0.0089349], [-0.0376947, 0.0115257, 0.999223]], [[-0.949781, 0.0621752, -0.306675], [0.00085709, -0.97954, -0.201246], [-0.312913, -0.191402, 0.930296]], [[-0.949781, 0.0621752, -0.306675], [0.047286, -0.940288, -0.337079], [-0.309321, -0.334653, 0.890128]], [[-0.949781, 0.0621752, -0.306675], [0.0750599, -0.906179, -0.416181], [-0.303779, -0.4183, 0.856005]]], "btipPosition": [-71.6416, 111.482, -96.0173], "carpPosition": [-51.0732, 94.9571, 9.38793], "dipPosition": [-67.275, 105.469, -83.7128], "direction": [-0.309321, 0.334653, -0.890128], "extended": true, "handId": 69, "id": 694, "length": 42.1227, "mcpPosition": [-53.0027, 94.3671, -41.7622], "pipPosition": [-62.2297, 100.011, -69.1941], "stabilizedTipPosition": [-72.1458, 110.895, -94.6373], "timeVisible": 10.5192, "tipPosition": [-70.7709, 105.472, -94.2343], "tipVelocity": [31.3214, -36.0316, 26.3982], "tool": false, "touchDistance": 0.348571, "touchZone": "hovering", "type": 4, "width": 13.8034}], "r": [[0.815996, -0.427977, 0.38857], [0.561854, 0.745246, -0.359066], [-0.135908, 0.511316, 0.848578]], "s": 1.32644, "t": [-20.9835, -17.0212, -105.385], "timestamp": 7515558836}, {"currentFrameRate": 109.667, "devices": [], "gestures": [], "hands": [{"armBasis": [[-0.888112, -0.418485, 0.190073], [0.368789, -0.895617, -0.248727], [0.274321, -0.1508, 0.949741]], "armWidth": 55.2262, "confidence": 1, "direction": [-0.313139, -0.0399144, -0.948868], "elbow": [-125.664, 63.6134, 266.183], "grabAngle": 0.330364, "grabStrength": 0, "id": 69, "palmNormal": [0.268476, 0.954642, -0.128758], "palmPosition": [-80.7005, 104.393, -23.0143], "palmVelocity": [6.32624, -28.0713, 18.56], "palmWidth": 80.3268, "pinchDistance": 49.6914, "pinchStrength": 0, "r": [[0.816388, -0.427419, 0.38836], [0.561626, 0.744215, -0.361553], [-0.134489, 0.513281, 0.847618]], "s": 1.32509, "sphereCenter": [-40.2467, 230.149, -50.7963], "sphereRadius": 137.37, "stabilizedPalmPosition": [-82.0539, 105.82, -24.0381], "t": [21.0501, -17.2923, -105.241], "timeVisible": 10.528, "type": "left", "wrist": [-60.2771, 99.558, 39.8037]}], "id": 84245, "interactionBox": {"center": [0, 200, 0], "size": [235.247, 235.247, 147.751]}, "pointables": [{"bases": [[[-0.0653355, -0.980381, -0.185969], [0.731002, -0.173883, 0.659849], [-0.67924, -0.0928322, 0.728021]], [[0.0868733, -0.935405, -0.342739], [0.637669, -0.212114, 0.740531], [-0.765396, -0.282886, 0.578052]], [[0.0868733, -0.935405, -0.342739], [0.96017, -0.0130949, 0.279111], [-0.26557, -0.353335, 0.89701]], [[0.0868733, -0.935405, -0.342739], [0.969307, 0.158794, -0.187693], [0.229994, -0.315914, 0.92049]]], "btipPosition": [-116.879, 145.996, -39.28], "carpPosition": [-80.087, 117.318, 29.6639], "dipPosition": [-121.367, 139.831, -21.3147], "direction": [-0.26557, 0.353335, -0.89701], "extended": false, "handId": 69, "id": 690, "length": 43.4617, "mcpPosition": [-80.087, 117.318, 29.6639], "pipPosition": [-113.816, 129.784, 4.19052], "stabilizedTipPosition": [-119.706, 145.017, -35.6484], "timeVisible": 10.528, "tipPosition": [-119.835, 142.028, -34.5811], "tipVelocity": [15.3489, -40.7482, -3.9126], "tool": false, "touchDistance": 0.32879, "touchZone": "hovering", "type": 0, "width": 17.4075}, {"bases": [[[-0.982527, -0.0904534, -0.16266], [0.0999679, -0.993669, -0.0512754], [-0.156992, -0.0666403, 0.985349]], [[-0.95974, -0.0827025, -0.268438], [0.13024, -0.977756, -0.16441], [-0.24887, -0.192752, 0.949163]], [[-0.95974, -0.0827025, -0.268438], [0.159084, -0.947666, -0.276805], [-0.231498, -0.308365, 0.92267]], [[-0.95974, -0.0827025, -0.268438], [0.179563, -0.915542, -0.359918], [-0.216, -0.393629, 0.893532]]], "btipPosition": [-89.7159, 115.625, -113.553], "carpPosition": [-63.0479, 91.5013, 11.5392], "dipPosition": [-86.3503, 109.492, -99.6308], "direction": [-0.231498, 0.308365, -0.92267], "extended": true, "handId": 69, "id": 693, "length": 53.7292, "mcpPosition": [-71.7295, 95.1864, -42.9498], "pipPosition": [-81.0023, 102.368, -78.3156], "stabilizedTipPosition": [-90.7772, 116.098, -111.531], "timeVisible": 10.528, "tipPosition": [-90.0473, 110.155, -110.994], "tipVelocity": [31.8606, -27.7581, 19.093], "tool": false, "touchDistance": 0.34626, "touchZone": "hovering", "type": 3, "width": 15.5395}, {"bases": [[[-0.84546, -0.297581, -0.443444], [0.333987, -0.942568, -0.00424537], [-0.416713, -0.151694, 0.896292]], [[-0.92521, -0.326969, -0.192558], [0.340753, -0.939192, -0.0424895], [-0.166956, -0.104926, 0.980365]], [[-0.92521, -0.326969, -0.192558], [0.367194, -0.899431, -0.237051], [-0.0956841, -0.290028, 0.952223]], [[-0.92521, -0.326969, -0.192558], [0.373381, -0.87491, -0.308415], [-0.0676286, -0.357246, 0.931559]]], "btipPosition": [-117.132, 122.909, -104.932], "carpPosition": [-81.1932, 98.3611, 20.8709], "dipPosition": [-116.168, 117.819, -91.6594], "direction": [-0.0956841, 0.290028, -0.952223], "extended": true, "handId": 69, "id": 691, "length": 49.0417, "mcpPosition": [-108.258, 108.213, -37.3414], "pipPosition": [-114.24, 111.973, -72.4658], "stabilizedTipPosition": [-119.182, 124.149, -102.423], "timeVisible": 10.528, "tipPosition": [-120.491, 117.208, -101.988], "tipVelocity": [29.2283, -71.5495, 1.72918], "tool": false, "touchDistance": 0.336937, "touchZone": "hovering", "type": 1, "width": 16.6276}, {"bases": [[[-0.938452, -0.150265, -0.311011], [0.177014, -0.98241, -0.0594749], [-0.296603, -0.110867, 0.948544]], [[-0.954336, -0.156552, -0.254429], [0.180275, -0.980932, -0.0726186], [-0.238209, -0.11517, 0.964361]], [[-0.954336, -0.156552, -0.254429], [0.203669, -0.964033, -0.170763], [-0.218545, -0.214784, 0.951896]], [[-0.954336, -0.156552, -0.254429], [0.22345, -0.93936, -0.260141], [-0.198275, -0.305114, 0.931446]]], "btipPosition": [-108.954, 115.156, -118.727], "carpPosition": [-72.8203, 93.8235, 15.6299], "dipPosition": [-105.846, 110.375, -104.13], "direction": [-0.218545, 0.214784, -0.951896], "extended": true, "handId": 69, "id": 692, "length": 55.8791, "mcpPosition": [-91.0886, 100.652, -42.7927], "pipPosition": [-100.664, 105.281, -81.5562], "stabilizedTipPosition": [-110.044, 116.91, -116.085], "timeVisible": 10.528, "tipPosition": [-108.891, 112.562, -115.42], "tipVelocity": [31.4264, -48.5973, 9.66518], "tool": false, "touchDistance": 0.340268, "touchZone": "hovering", "type": 2, "width": 16.3305}, {"bases": [[[-0.997015, 0.0678762, -0.0368005], [-0.0683333, -0.997598, 0.0113053], [-0.0359448, 0.0137862, 0.999259]], [[-0.950392, 0.0616446, -0.304884], [0.00102497, -0.97954, -0.201249], [-0.311052, -0.191578, 0.930884]], [[-0.950392, 0.0616446, -0.304884], [0.0475601, -0.939842, -0.338283], [-0.307396, -0.336002, 0.890287]], [[-0.950392, 0.0616446, -0.304884], [0.0751762, -0.905588, -0.417443], [-0.301832, -0.419654, 0.85603]]], "btipPosition": [-71.4374, 111.243, -95.8018], "carpPosition": [-51.0727, 94.7872, 9.62562], "dipPosition": [-67.0987, 105.211, -83.4969], "direction": [-0.307396, 0.336002, -0.890287], "extended": true, "handId": 69, "id": 694, "length": 42.1227, "mcpPosition": [-52.9127, 94.0815, -41.5263], "pipPosition": [-62.0848, 99.7306, -68.9756], "stabilizedTipPosition": [-72.1182, 110.878, -94.6104], "timeVisible": 10.528, "tipPosition": [-70.5891, 105.118, -94.0424], "tipVelocity": [22.3816, -27.5377, 24.3969], "tool": false, "touchDistance": 0.350282, "touchZone": "hovering", "type": 4, "width": 13.8034}], "r": [[0.816388, -0.427419, 0.38836], [0.561626, 0.744215, -0.361553], [-0.134489, 0.513281, 0.847618]], "s": 1.32509, "t": [-21.0501, -17.2923, -105.241], "timestamp": 7515567675}, {"currentFrameRate": 109.974, "devices": [], "gestures": [], "hands": [{"armBasis": [[-0.8885, -0.417502, 0.190422], [0.367685, -0.896016, -0.248925], [0.274548, -0.151155, 0.949619]], "armWidth": 55.2262, "confidence": 1, "direction": [-0.311756, -0.0421767, -0.949226], "elbow": [-125.756, 63.3988, 266.292], "grabAngle": 0.333073, "grabStrength": 0, "id": 69, "palmNormal": [0.267542, 0.954697, -0.130289], "palmPosition": [-80.665, 104.133, -22.9131], "palmVelocity": [4.1483, -30.4517, 11.8392], "palmWidth": 80.3268, "pinchDistance": 49.6782, "pinchStrength": 0, "r": [[0.816711, -0.427009, 0.388132], [0.561512, 0.743109, -0.363996], [-0.132995, 0.51522, 0.846676]], "s": 1.32365, "sphereCenter": [-40.4163, 229.629, -50.8372], "sphereRadius": 137.077, "stabilizedPalmPosition": [-82.034, 105.795, -24.022], "t": [21.101, -17.5579, -105.118], "timeVisible": 10.5366, "type": "left", "wrist": [-60.3151, 99.4278, 39.9418]}], "id": 84246, "interactionBox": {"center": [0, 200, 0], "size": [235.247, 235.247, 147.751]}, "pointables": [{"bases": [[[-0.066742, -0.980673, -0.183916], [0.731726, -0.17342, 0.659168], [-0.678323, -0.0905822, 0.729159]], [[0.0844885, -0.936555, -0.340187], [0.638424, -0.211245, 0.740129], [-0.765034, -0.279716, 0.580071]], [[0.0844885, -0.936555, -0.340187], [0.961129, -0.0134635, 0.275771], [-0.262855, -0.350263, 0.899012]], [[0.0844885, -0.936555, -0.340187], [0.969006, 0.156766, -0.190925], [0.232142, -0.313512, 0.920772]]], "btipPosition": [-116.797, 145.568, -39.3554], "carpPosition": [-80.1408, 117.164, 29.74], "dipPosition": [-121.328, 139.449, -21.3846], "direction": [-0.262855, 0.350263, -0.899012], "extended": false, "handId": 69, "id": 690, "length": 43.4617, "mcpPosition": [-80.1408, 117.164, 29.74], "pipPosition": [-113.854, 129.49, 4.17757], "stabilizedTipPosition": [-119.67, 145.001, -35.6403], "timeVisible": 10.5366, "tipPosition": [-119.812, 141.718, -34.615], "tipVelocity": [8.38548, -48.8489, -8.67219], "tool": false, "touchDistance": 0.327555, "touchZone": "hovering", "type": 0, "width": 17.4075}, {"bases": [[[-0.98286, -0.0896281, -0.161098], [0.0987353, -0.993885, -0.0494287], [-0.155683, -0.0644875, 0.9857]], [[-0.960325, -0.0821469, -0.266512], [0.12956, -0.977663, -0.165499], [-0.246963, -0.193462, 0.949516]], [[-0.960325, -0.0821469, -0.266512], [0.158465, -0.947105, -0.279073], [-0.22949, -0.310233, 0.922545]], [[-0.960325, -0.0821469, -0.266512], [0.178811, -0.914722, -0.362368], [-0.214017, -0.395646, 0.893119]]], "btipPosition": [-89.4933, 115.437, -113.425], "carpPosition": [-63.0461, 91.3307, 11.6909], "dipPosition": [-86.1586, 109.272, -99.5088], "direction": [-0.22949, 0.310233, -0.922545], "extended": true, "handId": 69, "id": 693, "length": 53.7292, "mcpPosition": [-71.6552, 94.8969, -42.8175], "pipPosition": [-80.857, 102.105, -78.1965], "stabilizedTipPosition": [-90.7214, 116.041, -111.496], "timeVisible": 10.5366, "tipPosition": [-89.8745, 109.782, -110.905], "tipVelocity": [25.2129, -22.9044, 14.8516], "tool": false, "touchDistance": 0.346872, "touchZone": "hovering", "type": 3, "width": 15.5395}, {"bases": [[[-0.84643, -0.297476, -0.44166], [0.33288, -0.942965, -0.00282989], [-0.415628, -0.149415, 0.897178]], [[-0.926236, -0.326408, -0.188532], [0.33915, -0.939928, -0.0388909], [-0.164513, -0.0999629, 0.981297]], [[-0.926236, -0.326408, -0.188532], [0.36504, -0.901431, -0.232739], [-0.0939808, -0.284394, 0.95409]], [[-0.926236, -0.326408, -0.188532], [0.371374, -0.875874, -0.3081], [-0.0645641, -0.35539, 0.932486]]], "btipPosition": [-116.915, 122.27, -104.962], "carpPosition": [-81.2125, 98.188, 20.9834], "dipPosition": [-115.995, 117.206, -91.6755], "direction": [-0.0939808, 0.284394, -0.95409], "extended": true, "handId": 69, "id": 691, "length": 49.0417, "mcpPosition": [-108.207, 107.892, -37.2865], "pipPosition": [-114.101, 111.474, -72.4443], "stabilizedTipPosition": [-119.056, 123.994, -102.397], "timeVisible": 10.5366, "tipPosition": [-120.313, 116.799, -101.968], "tipVelocity": [24.1847, -74.0519, -3.07809], "tool": false, "touchDistance": 0.336182, "touchZone": "hovering", "type": 1, "width": 16.6276}, {"bases": [[[-0.939064, -0.149787, -0.30939], [0.175783, -0.982733, -0.0577589], [-0.295396, -0.108625, 0.949179]], [[-0.955013, -0.156001, -0.252217], [0.179247, -0.981178, -0.07184], [-0.236262, -0.113817, 0.965]], [[-0.955013, -0.156001, -0.252217], [0.202499, -0.964364, -0.170284], [-0.216664, -0.213697, 0.95257]], [[-0.955013, -0.156001, -0.252217], [0.222096, -0.939811, -0.25967], [-0.196527, -0.304005, 0.932179]]], "btipPosition": [-108.736, 114.747, -118.686], "carpPosition": [-72.827, 93.6497, 15.7632], "dipPosition": [-105.656, 109.983, -104.077], "direction": [-0.216664, 0.213697, -0.95257], "extended": true, "handId": 69, "id": 692, "length": 55.8791, "mcpPosition": [-91.021, 100.34, -42.6985], "pipPosition": [-100.518, 104.915, -81.4877], "stabilizedTipPosition": [-109.961, 116.776, -116.054], "timeVisible": 10.5366, "tipPosition": [-108.731, 112.093, -115.374], "tipVelocity": [24.757, -47.4403, 5.1017], "tool": false, "touchDistance": 0.340229, "touchZone": "hovering", "type": 2, "width": 16.3305}, {"bases": [[[-0.996986, 0.0689695, -0.0355349], [-0.0694821, -0.997493, 0.0133962], [-0.0345219, 0.0158249, 0.999279]], [[-0.950859, 0.0621602, -0.30332], [0.000470305, -0.979349, -0.202175], [-0.309623, -0.192383, 0.931194]], [[-0.950859, 0.0621602, -0.30332], [0.0471697, -0.939123, -0.340327], [-0.306009, -0.33791, 0.890042]], [[-0.950859, 0.0621602, -0.30332], [0.0746922, -0.904658, -0.419542], [-0.300479, -0.421581, 0.855559]]], "btipPosition": [-71.2796, 111.061, -95.6393], "carpPosition": [-51.0721, 94.6269, 9.78756], "dipPosition": [-66.9604, 105.001, -83.3411], "direction": [-0.306009, 0.337911, -0.890042], "extended": true, "handId": 69, "id": 694, "length": 42.1227, "mcpPosition": [-52.8392, 93.8168, -41.3654], "pipPosition": [-61.9692, 99.4896, -68.8238], "stabilizedTipPosition": [-72.0911, 110.86, -94.5837], "timeVisible": 10.5366, "tipPosition": [-70.4522, 104.796, -93.9129], "tipVelocity": [17.9284, -22.0553, 18.8341], "tool": false, "touchDistance": 0.351002, "touchZone": "hovering", "type": 4, "width": 13.8034}], "r": [[0.816711, -0.427009, 0.388132], [0.561512, 0.743109, -0.363996], [-0.132995, 0.51522, 0.846676]], "s": 1.32365, "t": [-21.101, -17.5579, -105.118], "timestamp": 7515576222}, {"currentFrameRate": 110.13, "devices": [], "gestures": [], "hands": [{"armBasis": [[-0.889279, -0.415697, 0.190731], [0.365695, -0.896715, -0.249339], [0.274681, -0.151982, 0.949448]], "armWidth": 55.2262, "confidence": 1, "direction": [-0.310093, -0.0447468, -0.949652], "elbow": [-125.858, 63.1089, 266.384], "grabAngle": 0.335066, "grabStrength": 0, "id": 69, "palmNormal": [0.26574, 0.954997, -0.131772], "palmPosition": [-80.6519, 103.892, -22.8211], "palmVelocity": [1.4915, -27.343, 10.4519], "palmWidth": 80.3268, "pinchDistance": 49.691, "pinchStrength": 0, "r": [[0.816917, -0.426871, 0.387851], [0.561611, 0.741836, -0.366433], [-0.131302, 0.517166, 0.845753]], "s": 1.32226, "sphereCenter": [-40.7877, 228.967, -50.9214], "sphereRadius": 136.606, "stabilizedPalmPosition": [-82.0136, 105.767, -24.0043], "t": [21.1331, -17.8111, -105.011], "timeVisible": 10.5454, "type": "left", "wrist": [-60.385, 99.3352, 40.0753]}], "id": 84247, "interactionBox": {"center": [0, 200, 0], "size": [235.247, 235.247, 147.751]}, "pointables": [{"bases": [[[-0.0691182, -0.980898, -0.181828], [0.732449, -0.173641, 0.658306], [-0.677304, -0.0876789, 0.73046]], [[0.0810647, -0.937807, -0.337559], [0.638943, -0.211036, 0.739741], [-0.764971, -0.275648, 0.582098]], [[0.0810647, -0.937807, -0.337559], [0.962117, -0.0148227, 0.272232], [-0.260305, -0.34684, 0.901079]], [[0.0810647, -0.937807, -0.337559], [0.968798, 0.153724, -0.19442], [0.234219, -0.311266, 0.921007]]], "btipPosition": [-116.783, 145.114, -39.4416], "carpPosition": [-80.2424, 117.03, 29.8064], "dipPosition": [-121.354, 139.039, -21.4662], "direction": [-0.260305, 0.34684, -0.901079], "extended": false, "handId": 69, "id": 690, "length": 43.4617, "mcpPosition": [-80.2424, 117.03, 29.8064], "pipPosition": [-113.953, 129.177, 4.15469], "stabilizedTipPosition": [-119.631, 144.974, -35.6332], "timeVisible": 10.5454, "tipPosition": [-119.843, 141.389, -34.6685], "tipVelocity": [0.553956, -50.4362, -9.67708], "tool": false, "touchDistance": 0.326135, "touchZone": "hovering", "type": 0, "width": 17.4075}, {"bases": [[[-0.983313, -0.0878722, -0.159293], [0.0965533, -0.99419, -0.0475876], [-0.154186, -0.0621738, 0.986084]], [[-0.96107, -0.0806876, -0.264262], [0.127791, -0.977776, -0.166206], [-0.244978, -0.193506, 0.950022]], [[-0.96107, -0.0806876, -0.264262], [0.156785, -0.946781, -0.281113], [-0.227516, -0.311602, 0.922573]], [[-0.96107, -0.0806876, -0.264262], [0.17702, -0.914158, -0.364664], [-0.212153, -0.397247, 0.892852]]], "btipPosition": [-89.2791, 115.233, -113.314], "carpPosition": [-63.0633, 91.1971, 11.8377], "dipPosition": [-85.9735, 109.044, -99.4027], "direction": [-0.227516, 0.311602, -0.922573], "extended": true, "handId": 69, "id": 693, "length": 53.7292, "mcpPosition": [-71.5896, 94.6352, -42.692], "pipPosition": [-80.7175, 101.845, -78.0897], "stabilizedTipPosition": [-90.6608, 115.98, -111.458], "timeVisible": 10.5454, "tipPosition": [-89.7085, 109.415, -110.828], "tipVelocity": [23.5712, -23.7678, 12.4177], "tool": false, "touchDistance": 0.347157, "touchZone": "hovering", "type": 3, "width": 15.5395}, {"bases": [[[-0.847787, -0.296573, -0.43966], [0.330882, -0.943671, -0.00147845], [-0.414456, -0.146729, 0.898163]], [[-0.927581, -0.324951, -0.184394], [0.336457, -0.941082, -0.0340866], [-0.162454, -0.0936588, 0.982261]], [[-0.927581, -0.324951, -0.184394], [0.361801, -0.904386, -0.226245], [-0.0932452, -0.276574, 0.956458]], [[-0.927581, -0.324951, -0.184394], [0.368358, -0.877939, -0.305836], [-0.0625053, -0.351611, 0.934057]]], "btipPosition": [-116.768, 121.505, -105.028], "carpPosition": [-81.2595, 98.0345, 21.0863], "dipPosition": [-115.877, 116.495, -91.7188], "direction": [-0.0932452, 0.276574, -0.956458], "extended": true, "handId": 69, "id": 691, "length": 49.0417, "mcpPosition": [-108.178, 107.564, -37.2476], "pipPosition": [-113.998, 110.92, -72.4399], "stabilizedTipPosition": [-118.915, 123.788, -102.372], "timeVisible": 10.5454, "tipPosition": [-120.127, 116.39, -101.966], "tipVelocity": [15.9357, -85.5296, -6.87952], "tool": false, "touchDistance": 0.334989, "touchZone": "hovering", "type": 1, "width": 16.6276}, {"bases": [[[-0.93989, -0.148422, -0.307536], [0.17361, -0.983217, -0.0560676], [-0.294053, -0.106089, 0.949883]], [[-0.955896, -0.154543, -0.249759], [0.177221, -0.981615, -0.0708795], [-0.234214, -0.112016, 0.96571]], [[-0.955896, -0.154543, -0.249759], [0.200349, -0.96491, -0.169734], [-0.214764, -0.212287, 0.953316]], [[-0.955896, -0.154543, -0.249759], [0.219761, -0.940511, -0.259124], [-0.194855, -0.302583, 0.932993]]], "btipPosition": [-108.528, 114.316, -118.662], "carpPosition": [-72.8558, 93.5035, 15.8892], "dipPosition": [-105.474, 109.575, -104.041], "direction": [-0.214764, 0.212287, -0.953316], "extended": true, "handId": 69, "id": 692, "length": 55.8791, "mcpPosition": [-90.967, 100.038, -42.6159], "pipPosition": [-100.381, 104.54, -81.4337], "stabilizedTipPosition": [-109.869, 116.622, -116.021], "timeVisible": 10.5454, "tipPosition": [-108.577, 111.616, -115.344], "tipVelocity": [22.8974, -48.3288, 3.01985], "tool": false, "touchDistance": 0.339938, "touchZone": "hovering", "type": 2, "width": 16.3305}, {"bases": [[[-0.996895, 0.0710073, -0.034027], [-0.071567, -0.997315, 0.0155222], [-0.0328335, 0.0179092, 0.9993]], [[-0.951316, 0.0635723, -0.301589], [-0.00123282, -0.979275, -0.202533], [-0.308214, -0.192301, 0.931678]], [[-0.951316, 0.0635723, -0.301589], [0.0456993, -0.938589, -0.341997], [-0.30481, -0.33913, 0.88999]], [[-0.951316, 0.0635723, -0.301589], [0.073158, -0.90396, -0.421312], [-0.299409, -0.422865, 0.855301]]], "btipPosition": [-71.1378, 110.878, -95.4901], "carpPosition": [-51.0931, 94.5147, 9.94749], "dipPosition": [-66.834, 104.8, -83.1957], "direction": [-0.30481, 0.33913, -0.88999], "extended": true, "handId": 69, "id": 694, "length": 42.1227, "mcpPosition": [-52.7739, 93.5979, -41.2066], "pipPosition": [-61.8623, 99.2684, -68.6793], "stabilizedTipPosition": [-72.0629, 110.84, -94.5558], "timeVisible": 10.5454, "tipPosition": [-70.3209, 104.494, -93.7915], "tipVelocity": [15.7159, -21.2677, 16.8438], "tool": false, "touchDistance": 0.351459, "touchZone": "hovering", "type": 4, "width": 13.8034}], "r": [[0.816917, -0.426871, 0.387851], [0.561611, 0.741836, -0.366433], [-0.131302, 0.517166, 0.845753]], "s": 1.32226, "t": [-21.1331, -17.8111, -105.011], "timestamp": 7515585024}, {"currentFrameRate": 110.457, "devices": [], "gestures": [], "hands": [{"armBasis": [[-0.889855, -0.414356, 0.190966], [0.364105, -0.89717, -0.250028], [0.27493, -0.152957, 0.94922]], "armWidth": 55.2262, "confidence": 1, "direction": [-0.309095, -0.0472726, -0.949856], "elbow": [-125.944, 62.7484, 266.479], "grabAngle": 0.336837, "grabStrength": 0, "id": 69, "palmNormal": [0.26398, 0.955253, -0.133443], "palmPosition": [-80.6309, 103.621, -22.6989], "palmVelocity": [2.47563, -32.0189, 14.418], "palmWidth": 80.3268, "pinchDistance": 49.6962, "pinchStrength": 0, "r": [[0.816987, -0.426927, 0.387641], [0.561909, 0.740442, -0.368786], [-0.129581, 0.519113, 0.844826]], "s": 1.32095, "sphereCenter": [-41.1466, 228.303, -50.999], "sphereRadius": 136.169, "stabilizedPalmPosition": [-81.9941, 105.737, -23.9859], "t": [21.1596, -18.0734, -104.896], "timeVisible": 10.5539, "type": "left", "wrist": [-60.4117, 99.207, 40.2245]}], "id": 84248, "interactionBox": {"center": [0, 200, 0], "size": [235.247, 235.247, 147.751]}, "pointables": [{"bases": [[[-0.0712294, -0.981124, -0.179784], [0.732735, -0.173762, 0.657956], [-0.676776, -0.0848682, 0.731281]], [[0.0781044, -0.938989, -0.334962], [0.639084, -0.210716, 0.73971], [-0.765161, -0.271844, 0.583635]], [[0.0781044, -0.938989, -0.334962], [0.962852, -0.0160667, 0.269551], [-0.258487, -0.343572, 0.902852]], [[0.0781044, -0.938989, -0.334962], [0.96873, 0.150851, -0.196993], [0.235503, -0.309102, 0.921409]]], "btipPosition": [-116.77, 144.647, -39.4716], "carpPosition": [-80.2978, 116.865, 29.9024], "dipPosition": [-121.366, 138.614, -21.4884], "direction": [-0.258487, 0.343572, -0.902852], "extended": false, "handId": 69, "id": 690, "length": 43.4617, "mcpPosition": [-80.2978, 116.865, 29.9024], "pipPosition": [-114.017, 128.845, 4.1829], "stabilizedTipPosition": [-119.592, 144.936, -35.6267], "timeVisible": 10.5539, "tipPosition": [-119.869, 141.032, -34.6641], "tipVelocity": [0.852875, -54.0068, -3.33361], "tool": false, "touchDistance": 0.325664, "touchZone": "hovering", "type": 0, "width": 17.4075}, {"bases": [[[-0.983637, -0.0862489, -0.158178], [0.094544, -0.994472, -0.0456752], [-0.153364, -0.0598825, 0.986354]], [[-0.961579, -0.0793461, -0.262812], [0.126241, -0.977901, -0.166651], [-0.243781, -0.193426, 0.950346]], [[-0.961579, -0.0793461, -0.262812], [0.155364, -0.946551, -0.282672], [-0.226336, -0.312643, 0.922511]], [[-0.961579, -0.0793461, -0.262812], [0.175556, -0.913721, -0.366463], [-0.21106, -0.398521, 0.892544]]], "btipPosition": [-89.132, 114.981, -113.171], "carpPosition": [-63.0505, 91.0304, 12.0021], "dipPosition": [-85.8434, 108.771, -99.2638], "direction": [-0.226336, 0.312643, -0.922511], "extended": true, "handId": 69, "id": 693, "length": 53.7292, "mcpPosition": [-71.5314, 94.3418, -42.5424], "pipPosition": [-80.6146, 101.549, -77.9523], "stabilizedTipPosition": [-90.6026, 115.918, -111.42], "timeVisible": 10.5539, "tipPosition": [-89.5963, 109.015, -110.714], "tipVelocity": [16.9054, -30.3337, 16.827], "tool": false, "touchDistance": 0.347914, "touchZone": "hovering", "type": 3, "width": 15.5395}, {"bases": [[[-0.848792, -0.295781, -0.438253], [0.329016, -0.944324, 0.000108511], [-0.413885, -0.1441, 0.898852]], [[-0.928659, -0.323579, -0.181354], [0.334011, -0.94211, -0.0294224], [-0.161335, -0.0878976, 0.982978]], [[-0.928659, -0.323579, -0.181354], [0.359047, -0.906921, -0.220408], [-0.0931544, -0.269798, 0.9584]], [[-0.928659, -0.323579, -0.181354], [0.365823, -0.879821, -0.303461], [-0.0613653, -0.348156, 0.935426]]], "btipPosition": [-116.682, 120.757, -105.023], "carpPosition": [-81.269, 97.8505, 21.2196], "dipPosition": [-115.808, 115.797, -91.6951], "direction": [-0.0931544, 0.269798, -0.9584], "extended": true, "handId": 69, "id": 691, "length": 49.0417, "mcpPosition": [-108.15, 107.209, -37.159], "pipPosition": [-113.93, 110.359, -72.377], "stabilizedTipPosition": [-118.773, 123.545, -102.348], "timeVisible": 10.5539, "tipPosition": [-119.999, 115.94, -101.908], "tipVelocity": [9.68161, -86.8204, 1.02763], "tool": false, "touchDistance": 0.334954, "touchZone": "hovering", "type": 1, "width": 16.6276}, {"bases": [[[-0.940475, -0.147183, -0.306339], [0.171614, -0.983669, -0.0542508], [-0.293352, -0.103594, 0.950375]], [[-0.956528, -0.153192, -0.248166], [0.175395, -0.982018, -0.0698419], [-0.233004, -0.110333, 0.966196]], [[-0.956528, -0.153192, -0.248166], [0.198468, -0.965424, -0.169017], [-0.213694, -0.210923, 0.953859]], [[-0.956528, -0.153192, -0.248166], [0.21777, -0.941178, -0.258382], [-0.193986, -0.301192, 0.933623]]], "btipPosition": [-108.393, 113.863, -118.584], "carpPosition": [-72.8514, 93.3256, 16.0396], "dipPosition": [-105.353, 109.143, -103.953], "direction": [-0.213694, 0.210923, -0.953859], "extended": true, "handId": 69, "id": 692, "length": 55.8791, "mcpPosition": [-90.9194, 99.7062, -42.4958], "pipPosition": [-100.285, 104.141, -81.333], "stabilizedTipPosition": [-109.777, 116.459, -115.987], "timeVisible": 10.5539, "tipPosition": [-108.479, 111.111, -115.263], "tipVelocity": [15.5818, -52.912, 9.45526], "tool": false, "touchDistance": 0.340479, "touchZone": "hovering", "type": 2, "width": 16.3305}, {"bases": [[[-0.996785, 0.0729092, -0.033219], [-0.0735216, -0.997138, 0.0176012], [-0.0318407, 0.0199869, 0.999293]], [[-0.951554, 0.0648551, -0.300564], [-0.00275741, -0.979263, -0.202574], [-0.307469, -0.191931, 0.932001]], [[-0.951554, 0.0648551, -0.300564], [0.0444161, -0.938258, -0.343072], [-0.304257, -0.339802, 0.889923]], [[-0.951554, 0.0648551, -0.300564], [0.071861, -0.903526, -0.422465], [-0.298966, -0.423598, 0.855093]]], "btipPosition": [-71.0416, 110.636, -95.326], "carpPosition": [-51.0851, 94.3678, 10.1167], "dipPosition": [-66.7441, 104.547, -83.0346], "direction": [-0.304257, 0.339802, -0.889923], "extended": true, "handId": 69, "id": 694, "length": 42.1227, "mcpPosition": [-52.715, 93.3447, -41.037], "pipPosition": [-61.7814, 99.0042, -68.5192], "stabilizedTipPosition": [-72.0357, 110.819, -94.528], "timeVisible": 10.5539, "tipPosition": [-70.2313, 104.152, -93.6488], "tipVelocity": [11.1819, -28.918, 19.2895], "tool": false, "touchDistance": 0.352098, "touchZone": "hovering", "type": 4, "width": 13.8034}], "r": [[0.816987, -0.426927, 0.387641], [0.561909, 0.740442, -0.368786], [-0.129581, 0.519113, 0.844826]], "s": 1.32095, "t": [-21.1596, -18.0734, -104.896], "timestamp": 7515593498}, {"currentFrameRate": 110.539, "devices": [], "gestures": [], "hands": [{"armBasis": [[-0.889925, -0.414381, 0.190584], [0.363765, -0.896895, -0.251505], [0.275153, -0.154493, 0.948906]], "armWidth": 55.2262, "confidence": 1, "direction": [-0.307645, -0.0511173, -0.950127], "elbow": [-126.074, 62.3516, 266.556], "grabAngle": 0.338681, "grabStrength": 0, "id": 69, "palmNormal": [0.263325, 0.954981, -0.136641], "palmPosition": [-80.6294, 103.384, -22.59], "palmVelocity": [0.171589, -26.5662, 12.2315], "palmWidth": 80.3268, "pinchDistance": 50.0028, "pinchStrength": 0, "r": [[0.817081, -0.426828, 0.387553], [0.562166, 0.738945, -0.371389], [-0.127861, 0.521324, 0.843726]], "s": 1.3197, "sphereCenter": [-41.4229, 227.5, -51.2905], "sphereRadius": 135.648, "stabilizedPalmPosition": [-81.9743, 105.703, -23.9656], "t": [21.1736, -18.3227, -104.784], "timeVisible": 10.5628, "type": "left", "wrist": [-60.489, 99.1763, 40.3765]}], "id": 84249, "interactionBox": {"center": [0, 200, 0], "size": [235.247, 235.247, 147.751]}, "pointables": [{"bases": [[[-0.0723711, -0.981728, -0.175991], [0.733554, -0.171947, 0.65752], [-0.675767, -0.0815133, 0.732594]], [[0.0759139, -0.940682, -0.330689], [0.639813, -0.208413, 0.739732], [-0.764772, -0.267735, 0.586039]], [[0.0759139, -0.940682, -0.330689], [0.963719, -0.0158942, 0.266447], [-0.255898, -0.338918, 0.905346]], [[0.0759139, -0.940682, -0.330689], [0.968402, 0.148569, -0.200313], [0.237561, -0.305033, 0.922236]]], "btipPosition": [-116.727, 144.215, -39.6054], "carpPosition": [-80.386, 116.827, 29.9615], "dipPosition": [-121.364, 138.262, -21.6061], "direction": [-0.255898, 0.338918, -0.905346], "extended": false, "handId": 69, "id": 690, "length": 43.4617, "mcpPosition": [-80.386, 116.827, 29.9615], "pipPosition": [-114.088, 128.625, 4.13614], "stabilizedTipPosition": [-119.549, 144.886, -35.6229], "timeVisible": 10.5628, "tipPosition": [-119.868, 140.731, -34.759], "tipVelocity": [3.75951, -46.427, -14.615], "tool": false, "touchDistance": 0.323496, "touchZone": "hovering", "type": 0, "width": 17.4075}, {"bases": [[[-0.983946, -0.0859593, -0.156398], [0.0935889, -0.994721, -0.042078], [-0.151956, -0.0560397, 0.986797]], [[-0.962087, -0.0794818, -0.260906], [0.125609, -0.978233, -0.165175], [-0.242098, -0.191685, 0.951128]], [[-0.962087, -0.0794818, -0.260906], [0.154843, -0.94666, -0.282593], [-0.224528, -0.312278, 0.923076]], [[-0.962087, -0.0794818, -0.260906], [0.174953, -0.913706, -0.366786], [-0.209238, -0.398527, 0.89297]]], "btipPosition": [-88.9599, 114.605, -113.062], "carpPosition": [-63.0891, 90.9401, 12.184], "dipPosition": [-85.6997, 108.395, -99.1487], "direction": [-0.224528, 0.312278, -0.923076], "extended": true, "handId": 69, "id": 693, "length": 53.7292, "mcpPosition": [-71.4922, 94.0391, -42.3851], "pipPosition": [-80.5127, 101.181, -77.8241], "stabilizedTipPosition": [-90.537, 115.843, -111.377], "timeVisible": 10.5628, "tipPosition": [-89.4521, 108.504, -110.628], "tipVelocity": [18.5975, -42.2389, 12.3601], "tool": false, "touchDistance": 0.348106, "touchZone": "hovering", "type": 3, "width": 15.5395}, {"bases": [[[-0.849704, -0.296663, -0.435883], [0.328173, -0.944612, 0.00317023], [-0.412681, -0.140351, 0.899998]], [[-0.92946, -0.323504, -0.177342], [0.332562, -0.942797, -0.0231453], [-0.15971, -0.0804898, 0.983877]], [[-0.92946, -0.323504, -0.177342], [0.35723, -0.909264, -0.2136], [-0.0921499, -0.261885, 0.96069]], [[-0.92946, -0.323504, -0.177342], [0.364108, -0.881805, -0.299742], [-0.0594129, -0.34317, 0.937392]]], "btipPosition": [-116.556, 119.946, -105.075], "carpPosition": [-81.3274, 97.7784, 21.3488], "dipPosition": [-115.71, 115.056, -91.7186], "direction": [-0.0921499, 0.261885, -0.96069], "extended": true, "handId": 69, "id": 691, "length": 49.0417, "mcpPosition": [-108.13, 106.894, -37.1042], "pipPosition": [-113.852, 109.778, -72.3544], "stabilizedTipPosition": [-118.615, 123.236, -102.326], "timeVisible": 10.5628, "tipPosition": [-119.837, 115.423, -101.904], "tipVelocity": [13.4467, -89.3305, -5.06925], "tool": false, "touchDistance": 0.334115, "touchZone": "hovering", "type": 1, "width": 16.6276}, {"bases": [[[-0.941059, -0.147488, -0.304393], [0.170656, -0.98402, -0.0508081], [-0.292036, -0.0997599, 0.95119]], [[-0.957102, -0.153292, -0.24588], [0.17455, -0.982366, -0.0669962], [-0.231274, -0.107041, 0.966982]], [[-0.957102, -0.153292, -0.24588], [0.197574, -0.965987, -0.166832], [-0.211943, -0.208255, 0.954835]], [[-0.957102, -0.153292, -0.24588], [0.216741, -0.941949, -0.256427], [-0.192299, -0.298719, 0.934766]]], "btipPosition": [-108.221, 113.309, -118.548], "carpPosition": [-72.8981, 93.2417, 16.1984], "dipPosition": [-105.207, 108.627, -103.899], "direction": [-0.211943, 0.208255, -0.954835], "extended": true, "handId": 69, "id": 692, "length": 55.8791, "mcpPosition": [-90.8851, 99.3861, -42.3872], "pipPosition": [-100.181, 103.689, -81.2561], "stabilizedTipPosition": [-109.672, 116.264, -115.95], "timeVisible": 10.5628, "tipPosition": [-108.343, 110.51, -115.223], "tipVelocity": [18.6253, -61.283, 4.49457], "tool": false, "touchDistance": 0.340365, "touchZone": "hovering", "type": 2, "width": 16.3305}, {"bases": [[[-0.996768, 0.0736788, -0.0320192], [-0.0743851, -0.996999, 0.0214563], [-0.0303422, 0.0237687, 0.999257]], [[-0.952002, 0.0645889, -0.299201], [-0.00344788, -0.979684, -0.200515], [-0.306073, -0.189859, 0.932884]], [[-0.952002, 0.0645889, -0.299201], [0.0439506, -0.938511, -0.34244], [-0.302921, -0.339154, 0.890625]], [[-0.952002, 0.0645889, -0.299201], [0.0713056, -0.903794, -0.421985], [-0.297671, -0.423065, 0.855808]]], "btipPosition": [-70.9222, 110.276, -95.1849], "carpPosition": [-51.124, 94.2812, 10.3037], "dipPosition": [-66.6433, 104.195, -82.8832], "direction": [-0.302921, 0.339154, -0.890625], "extended": true, "handId": 69, "id": 694, "length": 42.1227, "mcpPosition": [-52.6772, 93.0645, -40.8481], "pipPosition": [-61.7025, 98.6629, -68.3564], "stabilizedTipPosition": [-72.0042, 110.789, -94.4954], "timeVisible": 10.5628, "tipPosition": [-70.1235, 103.706, -93.5153], "tipVelocity": [12.9309, -40.1935, 16.1191], "tool": false, "touchDistance": 0.352374, "touchZone": "hovering", "type": 4, "width": 13.8034}], "r": [[0.817081, -0.426828, 0.387553], [0.562166, 0.738945, -0.371389], [-0.127861, 0.521324, 0.843726]], "s": 1.3197, "t": [-21.1736, -18.3227, -104.784], "timestamp": 7515602399}, {"currentFrameRate": 110.916, "devices": [], "gestures": [], "hands": [{"armBasis": [[-0.889793, -0.414762, 0.190369], [0.363861, -0.896542, -0.252619], [0.275451, -0.155511, 0.948653]], "armWidth": 55.2262, "confidence": 1, "direction": [-0.307361, -0.0526152, -0.950137], "elbow": [-126.182, 61.9719, 266.591], "grabAngle": 0.339356, "grabStrength": 0, "id": 69, "palmNormal": [0.263066, 0.954861, -0.137976], "palmPosition": [-80.6494, 103.172, -22.5056], "palmVelocity": [-2.39626, -25.4708, 10.1108], "palmWidth": 80.3268, "pinchDistance": 50.765, "pinchStrength": 0, "r": [[0.817151, -0.426685, 0.387561], [0.562393, 0.737596, -0.373719], [-0.126404, 0.523346, 0.842693]], "s": 1.31858, "sphereCenter": [-41.6842, 226.93, -51.3652], "sphereRadius": 135.288, "stabilizedPalmPosition": [-81.9565, 105.669, -23.9459], "t": [21.1706, -18.5538, -104.686], "timeVisible": 10.5711, "type": "left", "wrist": [-60.5262, 99.0393, 40.4715]}], "id": 84250, "interactionBox": {"center": [0, 200, 0], "size": [235.247, 235.247, 147.751]}, "pointables": [{"bases": [[[-0.0727266, -0.981964, -0.174522], [0.733685, -0.171206, 0.657567], [-0.675586, -0.0802214, 0.732904]], [[0.0745323, -0.94162, -0.328323], [0.639331, -0.207553, 0.74039], [-0.765311, -0.26509, 0.586538]], [[0.0745323, -0.94162, -0.328323], [0.964196, -0.0159795, 0.26471], [-0.254503, -0.336297, 0.906715]], [[0.0745323, -0.94162, -0.328323], [0.968228, 0.14714, -0.202198], [0.238703, -0.302821, 0.92267]]], "btipPosition": [-116.728, 143.846, -39.6103], "carpPosi