{"frames": 145, "data": [{"currentFrameRate": 115.263, "devices": [], "gestures": [], "hands": [{"armBasis": [[-0.00465967, -0.761352, -0.648321], [0.957536, 0.183503, -0.222378], [0.288277, -0.621827, 0.728167]], "armWidth": 59.5212, "confidence": 1, "direction": [-0.141075, 0.201603, -0.969254], "elbow": [-254.435, -7.75141, 292.363], "grabAngle": 0.19507, "grabStrength": 0, "id": 47, "palmNormal": [0.979424, -0.114293, -0.166329], "palmPosition": [-179.304, 182.052, 31.9733], "palmVelocity": [-3.47025, -1.04193, 1.51739], "palmWidth": 88.5196, "pinchDistance": 60.2159, "pinchStrength": 0, "r": [[-0.487069, 0.752724, -0.44291], [-0.747634, -0.621498, -0.234059], [-0.45145, 0.217131, 0.865475]], "s": 0.979696, "sphereCenter": [-87.904, 131.286, -17.0326], "sphereRadius": 120.131, "stabilizedPalmPosition": [-183.354, 190.027, 32.6133], "t": [-11.3173, 46.4724, -2.88467], "timeVisible": 4.08454, "type": "left", "wrist": [-178.714, 155.584, 101.095]}], "id": 57128, "interactionBox": {"center": [0, 200, 0], "size": [235.247, 235.247, 147.751]}, "pointables": [{"bases": [[[0.961623, -0.249876, -0.113331], [0.266814, 0.755319, 0.598584], [-0.0639705, -0.605851, 0.793002]], [[0.963432, -0.224936, -0.145608], [0.263475, 0.69634, 0.667601], [-0.048775, -0.681552, 0.730142]], [[0.963432, -0.224936, -0.145608], [0.257285, 0.928371, 0.268201], [0.0748502, -0.295856, 0.952296]], [[0.963432, -0.224936, -0.145608], [0.232838, 0.971713, 0.0394918], [0.132606, -0.0719508, 0.988554]]], "btipPosition": [-159.045, 234.671, -2.15281], "carpPosition": [-162.317, 189.834, 88.7544], "dipPosition": [-162.14, 232.991, 20.9184], "direction": [0.0748502, 0.295856, -0.952296], "extended": true, "handId": 47, "id": 470, "length": 51.9712, "mcpPosition": [-162.317, 189.834, 88.7544], "pipPosition": [-164.685, 222.932, 53.2971], "stabilizedTipPosition": [-162.248, 240.191, 3.48685], "timeVisible": 4.08454, "tipPosition": [-159.783, 235.055, 3.81767], "tipVelocity": [-18.696, 19.8636, 9.39173], "tool": false, "touchDistance": 0.326224, "touchZone": "hovering", "type": 0, "width": 18.5712}, {"bases": [[[0.16595, -0.925117, -0.341497], [0.985624, 0.166739, 0.0272662], [0.0317163, -0.341112, 0.939487]], [[0.166423, -0.985962, 0.0134931], [0.975198, 0.1666, 0.145719], [-0.145922, -0.0110926, 0.989234]], [[0.166423, -0.985962, 0.0134931], [0.981866, 0.16696, 0.0897993], [-0.0907915, -0.00169627, 0.995868]], [[0.166423, -0.985962, 0.0134931], [0.98578, 0.166684, 0.021306], [-0.023256, 0.0097554, 0.999682]]], "btipPosition": [-190.115, 211.238, -70.2529], "carpPosition": [-183.549, 186.474, 80.4057], "dipPosition": [-189.719, 211.405, -53.2203], "direction": [-0.0907915, 0.00169627, -0.995869], "extended": true, "handId": 47, "id": 471, "length": 58.6436, "mcpPosition": [-181.279, 210.889, 13.1646], "pipPosition": [-187.53, 211.364, -29.2168], "stabilizedTipPosition": [-193.419, 217.931, -65.8978], "timeVisible": 4.08454, "tipPosition": [-188.088, 211.664, -66.3577], "tipVelocity": [-4.24371, 3.62119, 2.42372], "tool": false, "touchDistance": 0.333349, "touchZone": "hovering", "type": 1, "width": 17.7392}, {"bases": [[[-0.00176356, -0.977476, -0.21104], [0.999947, 0.0004069, -0.0102408], [0.010096, -0.211047, 0.977424]], [[0.000399208, -1, -0.000753185], [0.999319, 0.000371136, 0.0369097], [-0.0369094, -0.000767407, 0.999318]], [[0.000399208, -1, -0.000753185], [0.997848, 0.000447737, -0.0655721], [0.0655724, -0.000725387, 0.997848]], [[0.000399208, -1, -0.000753185], [0.985456, 0.000521389, -0.169928], [0.169928, -0.000674394, 0.985456]]], "btipPosition": [-183.174, 190.378, -85.2723], "carpPosition": [-187.129, 175.983, 75.8657], "dipPosition": [-186.359, 190.365, -66.8052], "direction": [0.0655724, 0.000725387, -0.997848], "extended": true, "handId": 47, "id": 472, "length": 66.8197, "mcpPosition": [-186.444, 190.308, 9.52428], "pipPosition": [-188.218, 190.345, -38.509], "stabilizedTipPosition": [-187.704, 196.731, -80.5391], "timeVisible": 4.08454, "tipPosition": [-183.19, 191.331, -80.731], "tipVelocity": [-5.58969, 2.27258, 2.00632], "tool": false, "touchDistance": 0.333346, "touchZone": "hovering", "type": 2, "width": 17.4223}, {"bases": [[[-0.0756339, -0.99511, -0.063527], [0.997078, -0.0761583, 0.00587094], [-0.0106803, -0.0628974, 0.997963]], [[-0.0761159, -0.997073, -0.00713502], [0.996941, -0.0759745, -0.0183482], [0.0177524, -0.00850978, 0.999806]], [[-0.0761159, -0.997073, -0.00713502], [0.985236, -0.0741079, -0.154331], [0.15335, -0.0187767, 0.987994]], [[-0.0761159, -0.997073, -0.00713502], [0.964936, -0.0718559, -0.25246], [0.251208, -0.026101, 0.967581]]], "btipPosition": [-178.919, 169.744, -78.1159], "carpPosition": [-187.976, 164.527, 72.5668], "dipPosition": [-183.6, 169.258, -60.088], "direction": [0.15335, 0.0187767, -0.987994], "extended": true, "handId": 47, "id": 473, "length": 64.249, "mcpPosition": [-188.627, 168.36, 11.7516], "pipPosition": [-187.836, 168.739, -32.7948], "stabilizedTipPosition": [-183.731, 176.205, -73.4733], "timeVisible": 4.08454, "tipPosition": [-179.64, 171.315, -73.5559], "tipVelocity": [-6.37259, -0.0136437, 1.37189], "tool": false, "touchDistance": 0.333342, "touchZone": "hovering", "type": 3, "width": 16.5784}, {"bases": [[[-0.240061, -0.969347, 0.0523123], [0.96829, -0.235263, 0.0840632], [-0.0691793, 0.0708338, 0.995086]], [[-0.23426, -0.971931, -0.0217393], [0.971635, -0.234816, 0.0280514], [-0.0323688, -0.0145513, 0.99937]], [[-0.23426, -0.971931, -0.0217393], [0.963443, -0.229108, -0.138875], [0.129996, -0.0534774, 0.990071]], [[-0.23426, -0.971931, -0.0217393], [0.938674, -0.220312, -0.265242], [0.253007, -0.0825417, 0.963937]]], "btipPosition": [-180.361, 150.97, -55.7847], "carpPosition": [-182.202, 151.991, 71.467], "dipPosition": [-184.71, 149.551, -39.2158], "direction": [0.129996, 0.0534774, -0.990071], "extended": true, "handId": 47, "id": 474, "length": 50.37, "mcpPosition": [-186.104, 147.995, 15.3333], "pipPosition": [-187.245, 148.508, -19.9052], "stabilizedTipPosition": [-184.388, 157.305, -51.2874], "timeVisible": 4.08454, "tipPosition": [-181.006, 152.442, -51.5757], "tipVelocity": [-5.07777, -1.73412, 0.832491], "tool": false, "touchDistance": 0.333339, "touchZone": "hovering", "type": 4, "width": 14.7262}], "r": [[-0.487069, 0.752724, -0.44291], [-0.747634, -0.621498, -0.234059], [-0.45145, 0.217131, 0.865475]], "s": 0.979696, "t": [11.3173, 46.4724, -2.88467], "timestamp": 7276218752}, {"currentFrameRate": 115.249, "devices": [], "gestures": [], "hands": [{"armBasis": [[-0.005905, -0.76213, -0.647397], [0.95712, 0.183205, -0.224403], [0.28963, -0.620962, 0.728369]], "armWidth": 59.5212, "confidence": 1, "direction": [-0.141375, 0.201629, -0.969205], "elbow": [-254.822, -7.54502, 292.421], "grabAngle": 0.195355, "grabStrength": 0, "id": 47, "palmNormal": [0.979474, -0.113604, -0.166506], "palmPosition": [-179.343, 182.027, 31.9784], "palmVelocity": [-4.49876, -2.8416, 0.585981], "palmWidth": 88.5196, "pinchDistance": 60.2693, "pinchStrength": 0, "r": [[-0.486954, 0.752772, -0.442956], [-0.747643, -0.621439, -0.234187], [-0.45156, 0.217134, 0.865417]], "s": 0.980516, "sphereCenter": [-87.8425, 131.539, -17.0475], "sphereRadius": 120.118, "stabilizedPalmPosition": [-183.344, 190.007, 32.6117], "t": [-11.3481, 46.4515, -2.87965], "timeVisible": 4.09324, "type": "left", "wrist": [-178.745, 155.563, 101.101]}], "id": 57129, "interactionBox": {"center": [0, 200, 0], "size": [235.247, 235.247, 147.751]}, "pointables": [{"bases": [[[0.961471, -0.250518, -0.113202], [0.267229, 0.755062, 0.598723], [-0.0645159, -0.605906, 0.792916]], [[0.96329, -0.225893, -0.145068], [0.263724, 0.695142, 0.66875], [-0.0502231, -0.682459, 0.729197]], [[0.96329, -0.225893, -0.145068], [0.258248, 0.927344, 0.270817], [0.0733526, -0.298339, 0.951637]], [[0.96329, -0.225893, -0.145068], [0.234312, 0.971183, 0.0436102], [0.131037, -0.0760005, 0.98846]]], "btipPosition": [-159.238, 234.873, -2.0791], "carpPosition": [-162.352, 189.814, 88.7577], "dipPosition": [-162.297, 233.1, 20.99], "direction": [0.0733526, 0.298339, -0.951637], "extended": true, "handId": 47, "id": 470, "length": 51.9712, "mcpPosition": [-162.352, 189.814, 88.7577], "pipPosition": [-164.791, 222.956, 53.3462], "stabilizedTipPosition": [-162.232, 240.152, 3.4851], "timeVisible": 4.09324, "tipPosition": [-159.864, 235.038, 3.8173], "tipVelocity": [-21.1992, 20.7974, 8.41487], "tool": false, "touchDistance": 0.327445, "touchZone": "hovering", "type": 0, "width": 18.5712}, {"bases": [[[0.165376, -0.925187, -0.341585], [0.985733, 0.166063, 0.0274514], [0.031327, -0.341251, 0.93945]], [[0.165759, -0.98608, 0.013022], [0.975318, 0.165875, 0.145741], [-0.145872, -0.0114572, 0.989237]], [[0.165759, -0.98608, 0.013022], [0.981979, 0.166256, 0.0898656], [-0.0907797, -0.00210868, 0.995869]], [[0.165759, -0.98608, 0.013022], [0.985894, 0.166009, 0.0213061], [-0.0231713, 0.00930664, 0.999688]]], "btipPosition": [-190.173, 211.248, -70.2441], "carpPosition": [-183.583, 186.441, 80.4121], "dipPosition": [-189.778, 211.407, -53.2114], "direction": [-0.0907797, 0.00210868, -0.995869], "extended": true, "handId": 47, "id": 471, "length": 58.6436, "mcpPosition": [-181.341, 210.865, 13.1736], "pipPosition": [-187.59, 211.356, -29.2079], "stabilizedTipPosition": [-193.407, 217.907, -65.8994], "timeVisible": 4.09324, "tipPosition": [-188.168, 211.645, -66.3473], "tipVelocity": [-6.71392, 0.888671, 1.01404], "tool": false, "touchDistance": 0.333341, "touchZone": "hovering", "type": 1, "width": 17.7392}, {"bases": [[[-0.002395, -0.977448, -0.211163], [0.999949, -0.00027379, -0.010074], [0.00978904, -0.211176, 0.977399]], [[-0.000283067, -1, -0.00091948], [0.999311, -0.00031699, 0.0371053], [-0.0371056, -0.000908343, 0.999311]], [[-0.000283067, -1, -0.00091948], [0.997852, -0.000222231, -0.0655032], [0.0655029, -0.000936047, 0.997852]], [[-0.000283067, -1, -0.00091948], [0.985477, -0.000122823, -0.169806], [0.169806, -0.000954193, 0.985477]]], "btipPosition": [-183.236, 190.369, -85.2651], "carpPosition": [-187.157, 175.948, 75.8714], "dipPosition": [-186.419, 190.351, -66.7976], "direction": [0.0655029, 0.000936047, -0.997852], "extended": true, "handId": 47, "id": 472, "length": 66.8197, "mcpPosition": [-186.492, 190.281, 9.5316], "pipPosition": [-188.276, 190.325, -38.5014], "stabilizedTipPosition": [-187.687, 196.702, -80.5413], "timeVisible": 4.09324, "tipPosition": [-183.254, 191.318, -80.7242], "tipVelocity": [-7.08905, -1.14853, 0.83382], "tool": false, "touchDistance": 0.333339, "touchZone": "hovering", "type": 2, "width": 17.4223}, {"bases": [[[-0.0763019, -0.99505, -0.0636646], [0.997025, -0.076839, 0.00602755], [-0.0108896, -0.0630153, 0.997953]], [[-0.0767968, -0.997023, -0.00695443], [0.996898, -0.0766628, -0.0178342], [0.0172479, -0.00830246, 0.999817]], [[-0.0767968, -0.997023, -0.00695443], [0.985196, -0.0748099, -0.154246], [0.153267, -0.0186971, 0.988008]], [[-0.0767968, -0.997023, -0.00695443], [0.964812, -0.0725528, -0.252735], [0.251478, -0.0261189, 0.967511]]], "btipPosition": [-178.972, 169.705, -78.1105], "carpPosition": [-187.996, 164.491, 72.5711], "dipPosition": [-183.658, 169.218, -60.0839], "direction": [0.153267, 0.0186971, -0.988008], "extended": true, "handId": 47, "id": 473, "length": 64.249, "mcpPosition": [-188.66, 168.332, 11.7566], "pipPosition": [-187.892, 168.701, -32.7904], "stabilizedTipPosition": [-183.713, 176.173, -73.4757], "timeVisible": 4.09324, "tipPosition": [-179.69, 171.3, -73.5529], "tipVelocity": [-6.21644, -4.56549, 0.583277], "tool": false, "touchDistance": 0.333338, "touchZone": "hovering", "type": 3, "width": 16.5784}, {"bases": [[[-0.240731, -0.96919, 0.0521506], [0.968115, -0.235934, 0.084195], [-0.0692969, 0.0707561, 0.995084]], [[-0.234978, -0.971769, -0.0212254], [0.971447, -0.235525, 0.0286146], [-0.0328059, -0.0138956, 0.999365]], [[-0.234978, -0.971769, -0.0212254], [0.963254, -0.229885, -0.138906], [0.130105, -0.0530853, 0.990078]], [[-0.234978, -0.971769, -0.0212254], [0.938394, -0.221107, -0.265573], [0.253382, -0.0823216, 0.963857]]], "btipPosition": [-180.387, 150.908, -55.7813], "carpPosition": [-182.214, 151.959, 71.4688], "dipPosition": [-184.742, 149.493, -39.2138], "direction": [0.130105, 0.0530853, -0.990078], "extended": true, "handId": 47, "id": 474, "length": 50.37, "mcpPosition": [-186.123, 147.968, 15.3352], "pipPosition": [-187.28, 148.458, -19.903], "stabilizedTipPosition": [-184.374, 157.273, -51.2906], "timeVisible": 4.09324, "tipPosition": [-181.04, 152.421, -51.5753], "tipVelocity": [-3.10414, -7.00519, 0.35082], "tool": false, "touchDistance": 0.333336, "touchZone": "hovering", "type": 4, "width": 14.7262}], "r": [[-0.486954, 0.752772, -0.442956], [-0.747643, -0.621439, -0.234187], [-0.45156, 0.217134, 0.865417]], "s": 0.980516, "t": [11.3481, 46.4515, -2.87965], "timestamp": 7276227452}, {"currentFrameRate": 115.289, "devices": [], "gestures": [], "hands": [{"armBasis": [[-0.00728299, -0.762932, -0.646438], [0.956766, 0.182656, -0.226352], [0.290767, -0.620138, 0.728617]], "armWidth": 59.5212, "confidence": 1, "direction": [-0.141913, 0.202065, -0.969036], "elbow": [-255.118, -7.37763, 292.48], "grabAngle": 0.195666, "grabStrength": 0, "id": 47, "palmNormal": [0.979542, -0.112441, -0.166898], "palmPosition": [-179.37, 182.002, 31.9822], "palmVelocity": [-3.13438, -2.88769, 0.442753], "palmWidth": 88.5196, "pinchDistance": 60.3217, "pinchStrength": 0, "r": [[-0.486669, 0.75297, -0.442933], [-0.747769, -0.621201, -0.234415], [-0.451658, 0.217129, 0.865367]], "s": 0.981431, "sphereCenter": [-87.5629, 131.85, -17.1041], "sphereRadius": 120.258, "stabilizedPalmPosition": [-183.333, 189.986, 32.61], "t": [-11.3769, 46.4286, -2.87524], "timeVisible": 4.10184, "type": "left", "wrist": [-178.743, 155.514, 101.095]}], "id": 57130, "interactionBox": {"center": [0, 200, 0], "size": [235.247, 235.247, 147.751]}, "pointables": [{"bases": [[[0.961236, -0.251491, -0.113038], [0.26785, 0.754407, 0.599271], [-0.0654342, -0.606318, 0.792525]], [[0.963078, -0.227187, -0.144457], [0.264134, 0.693489, 0.670303], [-0.0521043, -0.683709, 0.727892]], [[0.963078, -0.227187, -0.144457], [0.259545, 0.926063, 0.273941], [0.0715408, -0.301319, 0.950836]], [[0.963078, -0.227187, -0.144457], [0.236176, 0.970512, 0.0482411], [0.129238, -0.0805773, 0.988334]]], "btipPosition": [-159.45, 235.101, -1.9826], "carpPosition": [-162.368, 189.773, 88.7606], "dipPosition": [-162.466, 233.221, 21.0835], "direction": [0.0715408, 0.301319, -0.950836], "extended": true, "handId": 47, "id": 470, "length": 51.9712, "mcpPosition": [-162.368, 189.773, 88.7606], "pipPosition": [-164.899, 222.976, 53.4125], "stabilizedTipPosition": [-162.218, 240.113, 3.48394], "timeVisible": 4.10184, "tipPosition": [-159.961, 235.046, 3.83912], "tipVelocity": [-23.4714, 23.6309, 11.1354], "tool": false, "touchDistance": 0.329042, "touchZone": "hovering", "type": 0, "width": 18.5712}, {"bases": [[[0.164486, -0.925157, -0.342094], [0.985903, 0.164978, 0.0278771], [0.0306471, -0.341857, 0.939252]], [[0.164696, -0.98627, 0.0121245], [0.97551, 0.164692, 0.145795], [-0.14579, -0.0121843, 0.989241]], [[0.164696, -0.98627, 0.0121245], [0.982174, 0.165117, 0.0898362], [-0.0906047, -0.00288737, 0.995883]], [[0.164696, -0.98627, 0.0121245], [0.986079, 0.164925, 0.0211607], [-0.0228697, 0.00847059, 0.999703]]], "btipPosition": [-190.224, 211.297, -70.2228], "carpPosition": [-183.598, 186.382, 80.42], "dipPosition": [-189.835, 211.441, -53.1899], "direction": [-0.0906047, 0.00288737, -0.995883], "extended": true, "handId": 47, "id": 471, "length": 58.6436, "mcpPosition": [-181.405, 210.849, 13.1957], "pipPosition": [-187.651, 211.371, -29.186], "stabilizedTipPosition": [-193.394, 217.882, -65.9009], "timeVisible": 4.10184, "tipPosition": [-188.265, 211.669, -66.3225], "tipVelocity": [-6.12844, 5.26398, 2.48222], "tool": false, "touchDistance": 0.33335, "touchZone": "hovering", "type": 1, "width": 17.7392}, {"bases": [[[-0.00338469, -0.977316, -0.211759], [0.999952, -0.00135162, -0.0097449], [0.00923763, -0.211781, 0.977273]], [[-0.00136676, -0.999998, -0.00154747], [0.999299, -0.00142368, 0.0374025], [-0.0374046, -0.00149526, 0.999299]], [[-0.00136676, -0.999998, -0.00154747], [0.997861, -0.00126269, -0.0653643], [0.0653622, -0.00163349, 0.99786]], [[-0.00136676, -0.999998, -0.00154747], [0.985498, -0.00108436, -0.169685], [0.169683, -0.00175694, 0.985497]]], "btipPosition": [-183.3, 190.413, -85.254], "carpPosition": [-187.163, 175.888, 75.874], "dipPosition": [-186.48, 190.38, -66.7861], "direction": [0.0653622, 0.00163349, -0.99786], "extended": true, "handId": 47, "id": 472, "length": 66.8197, "mcpPosition": [-186.536, 190.262, 9.5428], "pipPosition": [-188.334, 190.334, -38.4896], "stabilizedTipPosition": [-187.67, 196.672, -80.5435], "timeVisible": 4.10184, "tipPosition": [-183.329, 191.357, -80.7136], "tipVelocity": [-7.37442, 4.72134, 1.30619], "tool": false, "touchDistance": 0.333342, "touchZone": "hovering", "type": 2, "width": 17.4223}, {"bases": [[[-0.0773593, -0.994928, -0.0642956], [0.996939, -0.0779234, 0.00630911], [-0.0112872, -0.0636107, 0.997911]], [[-0.0778771, -0.996936, -0.0072809], [0.996827, -0.077744, -0.0170639], [0.0164456, -0.00858669, 0.999828]], [[-0.0778771, -0.996936, -0.0072809], [0.985186, -0.0758359, -0.153809], [0.152786, -0.0191513, 0.988074]], [[-0.0778771, -0.996936, -0.0072809], [0.964739, -0.0735162, -0.252734], [0.251425, -0.0267064, 0.967508]]], "btipPosition": [-179.041, 169.718, -78.1142], "carpPosition": [-187.991, 164.432, 72.5671], "dipPosition": [-183.725, 169.221, -60.0877], "direction": [0.152786, 0.0191513, -0.988074], "extended": true, "handId": 47, "id": 473, "length": 64.249, "mcpPosition": [-188.679, 168.309, 11.7551], "pipPosition": [-187.946, 168.691, -32.7923], "stabilizedTipPosition": [-183.695, 176.141, -73.4781], "timeVisible": 4.10184, "tipPosition": [-179.741, 171.335, -73.5564], "tipVelocity": [-7.97018, 1.2791, -0.434183], "tool": false, "touchDistance": 0.33333, "touchZone": "hovering", "type": 3, "width": 16.5784}, {"bases": [[[-0.241798, -0.96896, 0.0514812], [0.967831, -0.237034, 0.0843702], [-0.0695485, 0.0702256, 0.995104]], [[-0.236089, -0.971501, -0.0211551], [0.971149, -0.236645, 0.0294608], [-0.0336275, -0.0135894, 0.999342]], [[-0.236089, -0.971501, -0.0211551], [0.963043, -0.231018, -0.138489], [0.129655, -0.0530689, 0.990138]], [[-0.236089, -0.971501, -0.0211551], [0.938134, -0.222197, -0.265581], [0.253312, -0.0825471, 0.963856]]], "btipPosition": [-180.421, 150.879, -55.7964], "carpPosition": [-182.195, 151.907, 71.4552], "dipPosition": [-184.775, 149.46, -39.2289], "direction": [0.129655, 0.0530689, -0.990138], "extended": true, "handId": 47, "id": 474, "length": 50.37, "mcpPosition": [-186.118, 147.946, 15.3205], "pipPosition": [-187.304, 148.425, -19.9169], "stabilizedTipPosition": [-184.36, 157.241, -51.2939], "timeVisible": 4.10184, "tipPosition": [-181.064, 152.438, -51.5904], "tipVelocity": [-3.97859, -3.50659, -1.74762], "tool": false, "touchDistance": 0.333321, "touchZone": "hovering", "type": 4, "width": 14.7262}], "r": [[-0.486669, 0.75297, -0.442933], [-0.747769, -0.621201, -0.234415], [-0.451658, 0.217129, 0.865367]], "s": 0.981431, "t": [11.3769, 46.4286, -2.87524], "timestamp": 7276236057}, {"currentFrameRate": 115.232, "devices": [], "gestures": [], "hands": [{"armBasis": [[-0.00847832, -0.763943, -0.645228], [0.956267, 0.182467, -0.228604], [0.292374, -0.618949, 0.728986]], "armWidth": 59.5212, "confidence": 1, "direction": [-0.142579, 0.202764, -0.968792], "elbow": [-255.516, -7.12079, 292.553], "grabAngle": 0.195764, "grabStrength": 0, "id": 47, "palmNormal": [0.979551, -0.111469, -0.167492], "palmPosition": [-179.376, 181.982, 31.9725], "palmVelocity": [-0.64968, -2.32329, -1.1037], "palmWidth": 88.5196, "pinchDistance": 60.3757, "pinchStrength": 0, "r": [[-0.486268, 0.753286, -0.442836], [-0.747952, -0.620844, -0.234778], [-0.451787, 0.217055, 0.865318]], "s": 0.982423, "sphereCenter": [-87.5293, 132.138, -17.209], "sphereRadius": 120.218, "stabilizedPalmPosition": [-183.323, 189.964, 32.6083], "t": [-11.3942, 46.407, -2.87788], "timeVisible": 4.11062, "type": "left", "wrist": [-178.719, 155.458, 101.071]}], "id": 57131, "interactionBox": {"center": [0, 200, 0], "size": [235.247, 235.247, 147.751]}, "pointables": [{"bases": [[[0.96108, -0.25221, -0.112761], [0.268184, 0.753673, 0.600046], [-0.066353, -0.606933, 0.791978]], [[0.962945, -0.228163, -0.143799], [0.264266, 0.691788, 0.672006], [-0.0538485, -0.685106, 0.72645]], [[0.962945, -0.228163, -0.143799], [0.260532, 0.924783, 0.277309], [0.0697111, -0.304498, 0.949959]], [[0.962945, -0.228163, -0.143799], [0.23775, 0.969867, 0.0532169], [0.127324, -0.0854332, 0.988175]]], "btipPosition": [-159.625, 235.336, -1.89084], "carpPosition": [-162.352, 189.719, 88.7488], "dipPosition": [-162.596, 233.343, 21.1716], "direction": [0.0697111, 0.304498, -0.949959], "extended": true, "handId": 47, "id": 470, "length": 51.9712, "mcpPosition": [-162.352, 189.719, 88.7488], "pipPosition": [-164.967, 222.99, 53.4707], "stabilizedTipPosition": [-162.203, 240.073, 3.48341], "timeVisible": 4.11062, "tipPosition": [-160.03, 235.063, 3.85784], "tipVelocity": [-18.7586, 23.8365, 10.3594], "tool": false, "touchDistance": 0.330557, "touchZone": "hovering", "type": 0, "width": 18.5712}, {"bases": [[[0.163876, -0.925007, -0.342793], [0.986028, 0.164118, 0.0285196], [0.0298776, -0.342677, 0.938978]], [[0.163865, -0.986422, 0.0109832], [0.975631, 0.1637, 0.146106], [-0.14592, -0.0132262, 0.989208]], [[0.163865, -0.986422, 0.0109832], [0.982305, 0.164185, 0.0901135], [-0.0906932, -0.00397766, 0.995871]], [[0.163865, -0.986422, 0.0109832], [0.986216, 0.16407, 0.021415], [-0.0229263, 0.00732261, 0.99971]]], "btipPosition": [-190.273, 211.381, -70.2055], "carpPosition": [-183.583, 186.317, 80.4161], "dipPosition": [-189.882, 211.506, -53.1724], "direction": [-0.0906932, 0.00397766, -0.995871], "extended": true, "handId": 47, "id": 471, "length": 58.6436, "mcpPosition": [-181.445, 210.843, 13.2115], "pipPosition": [-187.696, 211.41, -29.1689], "stabilizedTipPosition": [-193.382, 217.856, -65.9025], "timeVisible": 4.11062, "tipPosition": [-188.351, 211.723, -66.3025], "tipVelocity": [-5.49493, 9.08696, 1.97839], "tool": false, "touchDistance": 0.333347, "touchZone": "hovering", "type": 1, "width": 17.7392}, {"bases": [[[-0.00410518, -0.977133, -0.212588], [0.999955, -0.00219164, -0.00923605], [0.00855893, -0.212616, 0.977098]], [[-0.00221427, -0.999995, -0.00244026], [0.999274, -0.0023055, 0.0380369], [-0.0380424, -0.00235427, 0.999273]], [[-0.00221427, -0.999995, -0.00244026], [0.997904, -0.00205182, -0.0646733], [0.064668, -0.00257835, 0.997904]], [[-0.00221427, -0.999995, -0.00244026], [0.985621, -0.00177014, -0.16896], [0.168954, -0.0027793, 0.98562]]], "btipPosition": [-183.389, 190.493, -85.2553], "carpPosition": [-187.141, 175.824, 75.8631], "dipPosition": [-186.555, 190.441, -66.7851], "direction": [0.064668, 0.00257835, -0.997904], "extended": true, "handId": 47, "id": 472, "length": 66.8197, "mcpPosition": [-186.56, 190.255, 9.54377], "pipPosition": [-188.388, 190.368, -38.4874], "stabilizedTipPosition": [-187.653, 196.642, -80.5458], "timeVisible": 4.11062, "tipPosition": [-183.401, 191.427, -80.7136], "tipVelocity": [-9.68871, 8.58663, -0.0900116], "tool": false, "touchDistance": 0.333333, "touchZone": "hovering", "type": 2, "width": 17.4223}, {"bases": [[[-0.07817, -0.994807, -0.0651772], [0.99687, -0.0787744, 0.00675161], [-0.0118508, -0.0644454, 0.997851]], [[-0.0787206, -0.996865, -0.00790357], [0.996779, -0.0785871, -0.0159708], [0.0152996, -0.00913535, 0.999841]], [[-0.0787206, -0.996865, -0.00790357], [0.985263, -0.0765918, -0.152938], [0.151854, -0.0198265, 0.988204]], [[-0.0787206, -0.996865, -0.00790357], [0.964784, -0.0741863, -0.252364], [0.250987, -0.0274915, 0.9676]]], "btipPosition": [-179.13, 169.765, -78.1367], "carpPosition": [-187.961, 164.37, 72.5469], "dipPosition": [-183.807, 169.252, -60.1084], "direction": [0.151854, 0.0198265, -0.988204], "extended": true, "handId": 47, "id": 473, "length": 64.249, "mcpPosition": [-188.683, 168.298, 11.7386], "pipPosition": [-188.002, 168.705, -32.8094], "stabilizedTipPosition": [-183.678, 176.108, -73.4807], "timeVisible": 4.11062, "tipPosition": [-179.793, 171.398, -73.5762], "tipVelocity": [-9.97323, 4.92325, -2.51059], "tool": false, "touchDistance": 0.333315, "touchZone": "hovering", "type": 3, "width": 16.5784}, {"bases": [[[-0.242646, -0.968798, 0.0505376], [0.967586, -0.237926, 0.0846631], [-0.0699972, 0.0694427, 0.995127]], [[-0.236961, -0.971283, -0.0214208], [0.970901, -0.237539, 0.0304399], [-0.0346541, -0.0135844, 0.999307]], [[-0.236961, -0.971283, -0.0214208], [0.962918, -0.231879, -0.137918], [0.128991, -0.0533077, 0.990212]], [[-0.236961, -0.971283, -0.0214208], [0.937982, -0.222982, -0.265461], [0.253061, -0.0829961, 0.963884]]], "btipPosition": [-180.46, 150.879, -55.8321], "carpPosition": [-182.155, 151.851, 71.4215], "dipPosition": [-184.81, 149.453, -39.2641], "direction": [0.128991, 0.0533077, -0.990212], "extended": true, "handId": 47, "id": 474, "length": 50.37, "mcpPosition": [-186.104, 147.934, 15.2855], "pipPosition": [-187.326, 148.413, -19.9508], "stabilizedTipPosition": [-184.348, 157.214, -51.2969], "timeVisible": 4.11062, "tipPosition": [-181.088, 152.48, -51.6256], "tipVelocity": [-4.30771, -0.178804, -4.06061], "tool": false, "touchDistance": 0.333303, "touchZone": "hovering", "type": 4, "width": 14.7262}], "r": [[-0.486268, 0.753286, -0.442836], [-0.747952, -0.620844, -0.234778], [-0.451787, 0.217055, 0.865318]], "s": 0.982423, "t": [11.3942, 46.407, -2.87788], "timestamp": 7276244832}, {"currentFrameRate": 115.284, "devices": [], "gestures": [], "hands": [{"armBasis": [[-0.0100134, -0.765016, -0.643933], [0.955587, 0.182361, -0.231511], [0.294538, -0.617652, 0.729214]], "armWidth": 59.5212, "confidence": 1, "direction": [-0.143289, 0.203426, -0.968548], "elbow": [-255.992, -6.84322, 292.614], "grabAngle": 0.195708, "grabStrength": 0, "id": 47, "palmNormal": [0.979555, -0.110486, -0.168123], "palmPosition": [-179.31, 181.952, 31.987], "palmVelocity": [7.67248, -3.54285, 1.68909], "palmWidth": 88.5196, "pinchDistance": 60.4043, "pinchStrength": 0, "r": [[-0.485768, 0.753694, -0.442691], [-0.748179, -0.620391, -0.235252], [-0.451949, 0.216934, 0.865264]], "s": 0.983236, "sphereCenter": [-87.5109, 132.33, -17.2945], "sphereRadius": 120.142, "stabilizedPalmPosition": [-183.311, 189.941, 32.6065], "t": [-11.3699, 46.381, -2.87194], "timeVisible": 4.1192, "type": "left", "wrist": [-178.626, 155.395, 101.072]}], "id": 57132, "interactionBox": {"center": [0, 200, 0], "size": [235.247, 235.247, 147.751]}, "pointables": [{"bases": [[[0.960924, -0.25295, -0.112435], [0.268504, 0.752954, 0.600805], [-0.0673153, -0.607517, 0.791449]], [[0.96282, -0.229031, -0.143259], [0.26443, 0.69051, 0.673256], [-0.0552752, -0.686106, 0.725399]], [[0.96282, -0.229031, -0.143259], [0.261352, 0.923916, 0.279418], [0.0683635, -0.30647, 0.949422]], [[0.96282, -0.229031, -0.143259], [0.238949, 0.969409, 0.056123], [0.126022, -0.0882678, 0.988093]]], "btipPosition": [-159.68, 235.457, -1.80828], "carpPosition": [-162.261, 189.657, 88.7602], "dipPosition": [-162.621, 233.397, 21.2522], "direction": [0.0683635, 0.30647, -0.949422], "extended": true, "handId": 47, "id": 470, "length": 51.9712, "mcpPosition": [-162.261, 189.657, 88.7602], "pipPosition": [-164.945, 222.976, 53.5331], "stabilizedTipPosition": [-162.191, 240.039, 3.48349], "timeVisible": 4.1192, "tipPosition": [-160.028, 235.071, 3.90161], "tipVelocity": [-5.58481, 12.2118, 9.56448], "tool": false, "touchDistance": 0.331925, "touchZone": "hovering", "type": 0, "width": 18.5712}, {"bases": [[[0.163265, -0.92487, -0.343452], [0.986154, 0.163241, 0.0291966], [0.0290625, -0.343463, 0.938716]], [[0.163011, -0.986572, 0.0101382], [0.975735, 0.162725, 0.146498], [-0.146181, -0.0139885, 0.989159]], [[0.163011, -0.986572, 0.0101382], [0.982432, 0.163256, 0.0904174], [-0.0908584, -0.00477888, 0.995852]], [[0.163011, -0.986572, 0.0101382], [0.986354, 0.163198, 0.0217439], [-0.0231065, 0.00645538, 0.999712]]], "btipPosition": [-190.261, 211.431, -70.1639], "carpPosition": [-183.494, 186.244, 80.4365], "dipPosition": [-189.867, 211.54, -53.1308], "direction": [-0.0908584, 0.00477888, -0.995852], "extended": true, "handId": 47, "id": 471, "length": 58.6436, "mcpPosition": [-181.414, 210.826, 13.2505], "pipPosition": [-187.677, 211.425, -29.1277], "stabilizedTipPosition": [-193.371, 217.834, -65.9036], "timeVisible": 4.1192, "tipPosition": [-188.368, 211.764, -66.2588], "tipVelocity": [1.52001, 5.39448, 4.84136], "tool": false, "touchDistance": 0.333365, "touchZone": "hovering", "type": 1, "width": 17.7392}, {"bases": [[[-0.00483265, -0.976957, -0.213382], [0.999958, -0.00304925, -0.0086861], [0.00783529, -0.213415, 0.97693]], [[-0.00307852, -0.99999, -0.00335794], [0.999245, -0.0032062, 0.0387061], [-0.0387164, -0.00323625, 0.999245]], [[-0.00307852, -0.99999, -0.00335794], [0.997951, -0.0028576, -0.0639221], [0.0639119, -0.00354784, 0.997949]], [[-0.00307852, -0.99999, -0.00335794], [0.985754, -0.00246996, -0.168176], [0.168166, -0.00382784, 0.985751]]], "btipPosition": [-183.411, 190.564, -85.2325], "carpPosition": [-187.045, 175.751, 75.8769], "dipPosition": [-186.562, 190.492, -66.7599], "direction": [0.0639119, 0.00354784, -0.997949], "extended": true, "handId": 47, "id": 472, "length": 66.8197, "mcpPosition": [-186.514, 190.236, 9.56895], "pipPosition": [-188.375, 190.392, -38.4608], "stabilizedTipPosition": [-187.636, 196.612, -80.5479], "timeVisible": 4.1192, "tipPosition": [-183.406, 191.484, -80.6895], "tipVelocity": [-2.19828, 7.75037, 2.72016], "tool": false, "touchDistance": 0.333351, "touchZone": "hovering", "type": 2, "width": 17.4223}, {"bases": [[[-0.0789942, -0.994686, -0.0660267], [0.996797, -0.0796423, 0.00723776], [-0.0124578, -0.0652435, 0.997792]], [[-0.0795771, -0.996789, -0.00887909], [0.99673, -0.0794406, -0.0147981], [0.0140453, -0.0100276, 0.999851]], [[-0.0795771, -0.996789, -0.00887909], [0.98537, -0.0773126, -0.151884], [0.15071, -0.0208357, 0.988358]], [[-0.0795771, -0.996789, -0.00887909], [0.964924, -0.0747916, -0.25165], [0.250178, -0.0285933, 0.967777]]], "btipPosition": [-179.166, 169.831, -78.1361], "carpPosition": [-187.858, 164.3, 72.5519], "dipPosition": [-183.828, 169.298, -60.1045], "direction": [0.15071, 0.0208357, -0.988358], "extended": true, "handId": 47, "id": 473, "length": 64.249, "mcpPosition": [-188.617, 168.276, 11.7471], "pipPosition": [-187.991, 168.722, -32.8013], "stabilizedTipPosition": [-183.66, 176.076, -73.4833], "timeVisible": 4.1192, "tipPosition": [-179.777, 171.447, -73.5714], "tipVelocity": [-3.79082, 7.14791, 0.152306], "tool": false, "touchDistance": 0.333333, "touchZone": "hovering", "type": 3, "width": 16.5784}, {"bases": [[[-0.243512, -0.968628, 0.0496184], [0.967333, -0.238832, 0.085004], [-0.0704868, 0.0686971, 0.995144]], [[-0.237786, -0.97106, -0.022377], [0.970654, -0.238412, 0.0314843], [-0.0359081, -0.0142338, 0.999254]], [[-0.237786, -0.97106, -0.022377], [0.962839, -0.23261, -0.137235], [0.128059, -0.054178, 0.990286]], [[-0.237786, -0.97106, -0.022377], [0.937959, -0.223572, -0.265045], [0.252372, -0.0840126, 0.963976]]], "btipPosition": [-180.448, 150.914, -55.8426], "carpPosition": [-182.041, 151.786, 71.4131], "dipPosition": [-184.786, 149.47, -39.2731], "direction": [0.128059, 0.054178, -0.990286], "extended": true, "handId": 47, "id": 474, "length": 50.37, "mcpPosition": [-186.018, 147.911, 15.2761], "pipPosition": [-187.284, 148.413, -19.9583], "stabilizedTipPosition": [-184.337, 157.187, -51.2998], "timeVisible": 4.1192, "tipPosition": [-181.044, 152.512, -51.6349], "tipVelocity": [1.69861, 3.56767, -1.18328], "tool": false, "touchDistance": 0.333323, "touchZone": "hovering", "type": 4, "width": 14.7262}], "r": [[-0.485768, 0.753694, -0.442691], [-0.748179, -0.620391, -0.235252], [-0.451949, 0.216934, 0.865264]], "s": 0.983236, "t": [11.3699, 46.381, -2.87194], "timestamp": 7276253418}, {"currentFrameRate": 115.109, "devices": [], "gestures": [], "hands": [{"armBasis": [[-0.0109249, -0.765847, -0.64293], [0.955028, 0.18254, -0.233667], [0.296313, -0.616569, 0.729411]], "armWidth": 59.5212, "confidence": 1, "direction": [-0.144132, 0.204208, -0.968259], "elbow": [-256.365, -6.62637, 292.643], "grabAngle": 0.195478, "grabStrength": 0, "id": 47, "palmNormal": [0.979481, -0.109843, -0.168969], "palmPosition": [-179.253, 181.924, 31.9808], "palmVelocity": [6.39223, -3.02308, -0.683948], "palmWidth": 88.5196, "pinchDistance": 60.4308, "pinchStrength": 0, "r": [[-0.485224, 0.754147, -0.442515], [-0.748387, -0.619911, -0.235854], [-0.452189, 0.21673, 0.86519]], "s": 0.983888, "sphereCenter": [-87.6139, 132.456, -17.4225], "sphereRadius": 120.013, "stabilizedPalmPosition": [-183.298, 189.916, 32.6045], "t": [-11.3291, 46.3544, -2.87205], "timeVisible": 4.12819, "type": "left", "wrist": [-178.532, 155.328, 101.049]}], "id": 57133, "interactionBox": {"center": [0, 200, 0], "size": [235.247, 235.247, 147.751]}, "pointables": [{"bases": [[[0.960882, -0.253336, -0.111924], [0.268423, 0.752288, 0.601674], [-0.0682264, -0.608181, 0.790861]], [[0.962813, -0.229405, -0.142707], [0.264232, 0.689434, 0.674435], [-0.0563316, -0.687062, 0.724412]], [[0.962813, -0.229405, -0.142707], [0.261668, 0.923279, 0.281222], [0.0672445, -0.308106, 0.948973]], [[0.962813, -0.229405, -0.142707], [0.239574, 0.969115, 0.0584772], [0.124884, -0.0904914, 0.988036]]], "btipPosition": [-159.699, 235.542, -1.75616], "carpPosition": [-162.164, 189.589, 88.7478], "dipPosition": [-162.613, 233.43, 21.303], "direction": [0.0672445, 0.308106, -0.948973], "extended": true, "handId": 47, "id": 470, "length": 51.9712, "mcpPosition": [-162.164, 189.589, 88.7478], "pipPosition": [-164.9, 222.954, 53.5686], "stabilizedTipPosition": [-162.179, 240.007, 3.4839], "timeVisible": 4.12819, "tipPosition": [-160.021, 235.078, 3.9258], "tipVelocity": [-1.42857, 8.15764, 5.76642], "tool": false, "touchDistance": 0.332789, "touchZone": "hovering", "type": 0, "width": 18.5712}, {"bases": [[[0.163062, -0.924649, -0.344144], [0.986214, 0.162718, 0.0300943], [0.0281718, -0.344307, 0.938434]], [[0.162508, -0.986663, 0.00932267], [0.975729, 0.162098, 0.147234], [-0.146781, -0.0148302, 0.989058]], [[0.162508, -0.986663, 0.00932267], [0.982455, 0.162677, 0.0912061], [-0.0915062, -0.0056626, 0.995788]], [[0.162508, -0.986663, 0.00932267], [0.98642, 0.162681, 0.0225835], [-0.0237989, 0.00552607, 0.999701]]], "btipPosition": [-190.285, 211.492, -70.1369], "carpPosition": [-183.402, 186.172, 80.4373], "dipPosition": [-189.88, 211.586, -53.1039], "direction": [-0.0915062, 0.0056626, -0.995788], "extended": true, "handId": 47, "id": 471, "length": 58.6436, "mcpPosition": [-181.386, 210.814, 13.2715], "pipPosition": [-187.674, 211.45, -29.1024], "stabilizedTipPosition": [-193.359, 217.812, -65.9048], "timeVisible": 4.12819, "tipPosition": [-188.402, 211.819, -66.2316], "tipVelocity": [-2.43136, 6.43807, 3.00397], "tool": false, "touchDistance": 0.333355, "touchZone": "hovering", "type": 1, "width": 17.7392}, {"bases": [[[-0.00516164, -0.976766, -0.214248], [0.999962, -0.00354598, -0.00792474], [0.00698089, -0.214281, 0.976747]], [[-0.00358058, -0.999984, -0.0043572], [0.999211, -0.00375014, 0.0395496], [-0.0395653, -0.00421215, 0.999208]], [[-0.00358058, -0.999984, -0.0043572], [0.998014, -0.00329946, -0.0628987], [0.0628834, -0.00457376, 0.99801]], [[-0.00358058, -0.999984, -0.0043572], [0.985949, -0.00280256, -0.167024], [0.167009, -0.00489402, 0.985943]]], "btipPosition": [-183.466, 190.649, -85.2293], "carpPosition": [-186.951, 175.681, 75.8712], "dipPosition": [-186.596, 190.557, -66.7531], "direction": [0.0628834, 0.00457376, -0.99801], "extended": true, "handId": 47, "id": 472, "length": 66.8197, "mcpPosition": [-186.477, 190.225, 9.57564], "pipPosition": [-188.379, 190.428, -38.4524], "stabilizedTipPosition": [-187.618, 196.581, -80.5501], "timeVisible": 4.12819, "tipPosition": [-183.441, 191.553, -80.6844], "tipVelocity": [-5.62412, 8.94426, 0.440533], "tool": false, "touchDistance": 0.333337, "touchZone": "hovering", "type": 2, "width": 17.4223}, {"bases": [[[-0.0794447, -0.994587, -0.0669655], [0.996751, -0.0801514, 0.00792905], [-0.0132535, -0.066118, 0.997724]], [[-0.0800712, -0.996739, -0.00996563], [0.996708, -0.0799328, -0.0135867], [0.0127458, -0.0110207, 0.999858]], [[-0.0800712, -0.996739, -0.00996563], [0.985522, -0.0776632, -0.150716], [0.14945, -0.0218893, 0.988527]], [[-0.0800712, -0.996739, -0.00996563], [0.965175, -0.0750298, -0.250615], [0.24905, -0.0296856, 0.968036]]], "btipPosition": [-179.231, 169.91, -78.157], "carpPosition": [-187.76, 164.232, 72.5366], "dipPosition": [-183.871, 169.357, -60.1206], "direction": [0.14945, 0.0218893, -0.988527], "extended": true, "handId": 47, "id": 473, "length": 64.249, "mcpPosition": [-188.568, 168.262, 11.736], "pipPosition": [188, 168.753, -32.8127], "stabilizedTipPosition": [-183.642, 176.042, -73.4861], "timeVisible": 4.12819, "tipPosition": [-179.797, 171.508, -73.5876], "tipVelocity": [-6.67898, 8.35088, -2.19966], "tool": false, "touchDistance": 0.333317, "touchZone": "hovering", "type": 3, "width": 16.5784}, {"bases": [[[-0.244037, -0.968548, 0.0485768], [0.967148, -0.239395, 0.0855322], [-0.071213, 0.067854, 0.995151]], [[-0.238247, -0.970919, -0.0235401], [0.970492, -0.23893, 0.0325212], [-0.0371999, -0.0150974, 0.999194]], [[-0.238247, -0.970919, -0.0235401], [0.962862, -0.23296, -0.136478], [0.127026, -0.0551814, 0.990363]], [[-0.238247, -0.970919, -0.0235401], [0.938108, -0.223786, -0.264336], [0.251381, -0.0850603, 0.964143]]], "btipPosition": [-180.469, 150.966, -55.876], "carpPosition": [-181.939, 151.723, 71.3824], "dipPosition": [-184.79, 149.504, -39.3036], "direction": [0.127026, 0.0551814, -0.990363], "extended": true, "handId": 47, "id": 474, "length": 50.37, "mcpPosition": [-185.956, 147.895, 15.245], "pipPosition": [-187.267, 148.428, -19.9872], "stabilizedTipPosition": [-184.325, 157.161, -51.3029], "timeVisible": 4.12819, "tipPosition": [-181.036, 152.554, -51.6663], "tipVelocity": [-1.89122, 5.35378, -3.63747], "tool": false, "touchDistance": 0.333306, "touchZone": "hovering", "type": 4, "width": 14.7262}], "r": [[-0.485224, 0.754147, -0.442515], [-0.748387, -0.619911, -0.235854], [-0.452189, 0.21673, 0.86519]], "s": 0.983888, "t": [11.3291, 46.3544, -2.87205], "timestamp": 7276262404}, {"currentFrameRate": 115.285, "devices": [], "gestures": [], "hands": [{"armBasis": [[-0.011343, -0.765908, -0.64285], [0.954825, 0.182623, -0.23443], [0.296951, -0.616469, 0.729237]], "armWidth": 59.5212, "confidence": 1, "direction": [-0.144782, 0.203473, -0.968316], "elbow": [-256.507, -6.47365, 292.682], "grabAngle": 0.201005, "grabStrength": 0, "id": 47, "palmNormal": [0.979357, -0.110048, -0.169557], "palmPosition": [-179.26, 182.005, 32.0509], "palmVelocity": [-0.942655, 9.64583, 8.3638], "palmWidth": 88.5196, "pinchDistance": 60.3827, "pinchStrength": 0, "r": [[-0.48474, 0.754434, -0.442557], [-0.748511, -0.619575, -0.236344], [-0.452503, 0.216693, 0.865035]], "s": 0.984406, "sphereCenter": [-85.2749, 132.799, -17.3288], "sphereRadius": 121.743, "stabilizedPalmPosition": [-183.287, 189.894, 32.603], "t": [-11.3126, 46.3815, -2.83708], "timeVisible": 4.13656, "type": "left", "wrist": [-178.507, 155.454, 101.134]}], "id": 57134, "interactionBox": {"center": [0, 200, 0], "size": [235.247, 235.247, 147.751]}, "pointables": [{"bases": [[[0.960978, -0.253348, -0.111069], [0.267953, 0.752771, 0.601279], [-0.0687237, -0.607577, 0.791282]], [[0.962932, -0.22936, -0.141973], [0.263713, 0.689783, 0.674281], [-0.0567227, -0.686727, 0.724699]], [[0.962932, -0.22936, -0.141973], [0.261425, 0.92322, 0.28164], [0.0664752, -0.308315, 0.948959]], [[0.9