{"frames": 70, "data": [{"currentFrameRate": 57.6902, "devices": [], "gestures": [], "hands": [{"armBasis": [[0.967898, 0.0282484, -0.249752], [0.243117, 0.146941, 0.958803], [0.0637836, -0.988742, 0.135357]], "armWidth": 56.6405, "confidence": 1, "direction": [-0.255637, 0.936067, -0.241719], "elbow": [-77.183, -66.8359, 242.697], "grabAngle": 3.01458, "grabStrength": 0.389686, "id": 69, "palmNormal": [0.251443, -0.177046, -0.951541], "palmPosition": [-68.8532, 230.905, 193.336], "palmVelocity": [3.96681, 29.6578, 73.3675], "palmWidth": 79.644, "pinchDistance": 26.5999, "pinchStrength": 0.753842, "r": [[0.996629, -0.0709996, -0.0410951], [0.0804756, 0.943375, 0.321818], [0.0159192, -0.324041, 0.945909]], "s": 0.935696, "sphereCenter": [-75.5601, 230.234, 148.441], "sphereRadius": 41.5674, "stabilizedPalmPosition": [-68.7034, 234.124, 175.934], "t": [24.7855, 45.6861, 33.8966], "timeVisible": 5.1684, "type": "left", "wrist": [-62.1089, 166.836, 210.708]}], "id": 41426, "interactionBox": {"center": [0, 200, 0], "size": [235.247, 235.247, 147.751]}, "pointables": [{"bases": [[[0.963172, -0.142544, -0.227994], [0.262794, 0.319545, 0.910401], [-0.0569182, -0.936788, 0.345237]], [[0.960761, -0.173463, -0.216446], [0.264317, 0.80917, 0.524768], [0.0841134, -0.561387, 0.823268]], [[0.960761, -0.173463, -0.216446], [0.187014, 0.981388, 0.043619], [0.204851, -0.082386, 0.97532]], [[0.960761, -0.173463, -0.216446], [0.125151, 0.967476, -0.219834], [0.247539, 0.184119, 0.951223]]], "btipPosition": [-43.2958, 278.436, 128.36], "carpPosition": [-50.8009, 198.062, 216.243], "dipPosition": [-46.9883, 281.182, 142.549], "direction": [0.204851, 0.082386, -0.97532], "extended": false, "handId": 69, "id": 691, "length": 51.343, "mcpPosition": [-54.4662, 258.387, 194.011], "pipPosition": [-51.3111, 279.444, 163.131], "stabilizedTipPosition": [-40.9008, 266.471, 108.164], "timeVisible": 5.1684, "tipPosition": [-43.0801, 276.454, 131.934], "tipVelocity": [-7.06774, 65.6302, 79.5166], "tool": false, "touchDistance": 1, "touchZone": "none", "type": 1, "width": 17.3092}, {"bases": [[[0.650419, 0.218672, 0.727418], [-0.738594, -0.0414564, 0.672875], [0.177295, -0.974917, 0.134546]], [[0.575296, 0.481569, 0.661155], [-0.804529, 0.18735, 0.56359], [0.14754, -0.856149, 0.495218]], [[0.575296, 0.481569, 0.661155], [-0.804047, 0.481328, 0.349044], [-0.150143, -0.732403, 0.66411]], [[0.575296, 0.481569, 0.661155], [-0.724684, 0.67492, 0.13898], [-0.379298, -0.559083, 0.737265]]], "btipPosition": [-43.286, 259.044, 147.092], "carpPosition": [-37.5129, 188.41, 203.563], "dipPosition": [-35.5358, 247.62, 162.156], "direction": [-0.150143, 0.732403, -0.66411], "extended": false, "handId": 69, "id": 690, "length": 45.5012, "mcpPosition": [-37.5129, 188.41, 203.563], "pipPosition": [-31.0664, 225.818, 181.925], "stabilizedTipPosition": [-35.4627, 250.18, 114.125], "timeVisible": 5.1684, "tipPosition": [-38.2516, 256.957, 150.403], "tipVelocity": [1.54895, 33.0084, 78.6475], "tool": false, "touchDistance": 1, "touchZone": "none", "type": 0, "width": 18.121}, {"bases": [[[0.88762, -0.32017, -0.331094], [0.420533, 0.270201, 0.866108], [-0.187839, -0.90801, 0.374478]], [[0.893487, -0.289148, -0.34362], [0.229462, 0.951666, -0.204153], [0.386042, 0.10356, 0.91665]], [[0.893487, -0.289148, -0.34362], [-0.360375, -0.00506002, -0.932794], [0.267977, 0.957271, -0.108723]], [[0.893487, -0.289148, -0.34362], [-0.449089, -0.57622, -0.682854], [-0.000554705, 0.764437, -0.644698]]], "btipPosition": [-50.0726, 212.285, 166.824], "carpPosition": [-61.4911, 197.501, 214.99], "dipPosition": [-50.0635, 224.827, 156.246], "direction": [0.267977, -0.957271, 0.108723], "extended": false, "handId": 69, "id": 692, "length": 58.5013, "mcpPosition": [-72.9621, 252.952, 192.122], "pipPosition": [-56.7166, 248.593, 153.547], "stabilizedTipPosition": [-47.8439, 217.491, 138.605], "timeVisible": 5.1684, "tipPosition": [-49.593, 216.112, 162.973], "tipVelocity": [4.89276, 29.7388, 75.4272], "tool": false, "touchDistance": 1, "touchZone": "none", "type": 2, "width": 16.9999}, {"bases": [[[0.816059, -0.469753, -0.33672], [0.476672, 0.217553, 0.851736], [-0.326851, -0.855572, 0.401454]], [[0.83419, -0.417604, -0.360187], [0.341016, 0.903902, -0.258203], [0.4334, 0.0925604, 0.896436]], [[0.83419, -0.417604, -0.360187], [-0.389823, 0.0154672, -0.92076], [0.390084, 0.908497, -0.149889]], [[0.83419, -0.417604, -0.360187], [-0.548419, -0.559487, -0.621459], [0.0580041, 0.715948, -0.69574]]], "btipPosition": [-62.0893, 204.588, 169.856], "carpPosition": [-71.4553, 194.94, 211.861], "dipPosition": [-63.0355, 216.267, 158.506], "direction": [0.390084, -0.908497, 0.149889], "extended": false, "handId": 69, "id": 693, "length": 56.2505, "mcpPosition": [-89.3762, 241.85, 189.85], "pipPosition": [-72.47, 238.24, 154.881], "stabilizedTipPosition": [-60.7808, 210.387, 146.306], "timeVisible": 5.1684, "tipPosition": [-61.8107, 208.18, 166.076], "tipVelocity": [2.92869, 30.3757, 74.8961], "tool": false, "touchDistance": 1, "touchZone": "none", "type": 3, "width": 16.1765}, {"bases": [[[0.682692, -0.595064, -0.424065], [0.567035, 0.0653929, 0.821094], [-0.460873, -0.801013, 0.382065]], [[0.696837, -0.569599, -0.435861], [0.514226, 0.820406, -0.250011], [0.499989, -0.0499144, 0.864592]], [[0.696837, -0.569599, -0.435861], [-0.433772, 0.149272, -0.888572], [0.571191, 0.808254, -0.143057]], [[0.696837, -0.569599, -0.435861], [-0.697478, -0.39653, -0.5969], [0.167161, 0.719945, -0.673599]]], "btipPosition": [-74.6838, 206.262, 170.651], "carpPosition": [-78.9969, 188.702, 204.153], "dipPosition": [-77.1994, 217.097, 160.514], "direction": [0.571191, -0.808254, 0.143057], "extended": false, "handId": 69, "id": 694, "length": 44.0994, "mcpPosition": [-102.388, 229.358, 184.762], "pipPosition": [-86.9532, 230.899, 158.071], "stabilizedTipPosition": [-73.5273, 211.791, 151.595], "timeVisible": 5.1684, "tipPosition": [-74.583, 209.744, 167.703], "tipVelocity": [5.71884, 33.4054, 76.1101], "tool": false, "touchDistance": 1, "touchZone": "none", "type": 4, "width": 14.3692}], "r": [[0.996629, -0.0709996, -0.0410951], [0.0804756, 0.943375, 0.321818], [0.0159192, -0.324041, 0.945909]], "s": 0.935696, "t": [-24.7855, 45.6861, 33.8966], "timestamp": 1130955497268}, {"currentFrameRate": 57.6772, "devices": [], "gestures": [], "hands": [{"armBasis": [[0.966474, 0.0265566, -0.255389], [0.249099, 0.144258, 0.957674], [0.0622744, -0.989184, 0.132806]], "armWidth": 56.6405, "confidence": 1, "direction": [-0.256647, 0.936059, -0.240677], "elbow": [-76.7691, -66.4108, 243.081], "grabAngle": 3.01277, "grabStrength": 0.375965, "id": 69, "palmNormal": [0.257318, -0.173855, -0.950559], "palmPosition": [-68.8581, 231.463, 194.45], "palmVelocity": [-0.284304, 32.1012, 64.1431], "palmWidth": 79.644, "pinchDistance": 27.0658, "pinchStrength": 0.739883, "r": [[0.996578, -0.0708277, -0.0426138], [0.0808607, 0.942308, 0.324833], [0.0171481, -0.327168, 0.944811]], "s": 0.939347, "sphereCenter": [-75.3961, 230.873, 149.438], "sphereRadius": 41.7144, "stabilizedPalmPosition": [-68.7034, 234.124, 175.937], "t": [24.8244, 46.2515, 35.1391], "timeVisible": 5.18578, "type": "left", "wrist": [-62.0516, 167.365, 211.694]}], "id": 41427, "interactionBox": {"center": [0, 200, 0], "size": [235.247, 235.247, 147.751]}, "pointables": [{"bases": [[[0.961488, -0.14438, -0.23387], [0.268798, 0.316434, 0.909735], [-0.0573427, -0.937563, 0.343056]], [[0.958926, -0.176761, -0.22185], [0.270949, 0.802258, 0.531948], [0.0839533, -0.570209, 0.817199]], [[0.958926, -0.176761, -0.22185], [0.194222, 0.97916, 0.0593526], [0.206735, -0.100003, 0.973273]], [[0.958926, -0.176761, -0.22185], [0.132116, 0.970409, -0.20212], [0.251012, 0.164508, 0.953903]]], "btipPosition": [-43.2895, 280.024, 129.861], "carpPosition": [-50.8529, 198.604, 217.373], "dipPosition": [-47.0339, 282.478, 144.09], "direction": [0.206735, 0.100003, -0.973273], "extended": false, "handId": 69, "id": 691, "length": 51.343, "mcpPosition": [-54.5455, 258.979, 195.281], "pipPosition": [-51.3965, 280.367, 164.629], "stabilizedTipPosition": [-40.9265, 266.583, 108.362], "timeVisible": 5.18578, "tipPosition": [-42.9166, 277.409, 133.31], "tipVelocity": [-0.327104, 87.4777, 86.8982], "tool": false, "touchDistance": 1, "touchZone": "none", "type": 1, "width": 17.3092}, {"bases": [[[0.655115, 0.215067, 0.724273], [-0.734848, -0.0413836, 0.676968], [0.175567, -0.975722, 0.130931]], [[0.580647, 0.477431, 0.659476], [-0.800676, 0.188076, 0.56881], [0.147536, -0.858305, 0.491473]], [[0.580647, 0.477431, 0.659476], [-0.800467, 0.482684, 0.355342], [-0.148667, -0.734217, 0.662437]], [[0.580647, 0.477431, 0.659476], [-0.722019, 0.676266, 0.146127], [-0.376216, -0.561002, 0.737386]]], "btipPosition": [-43.1345, 259.842, 148.483], "carpPosition": [-37.4681, 189.021, 204.743], "dipPosition": [-35.4473, 248.379, 163.55], "direction": [-0.148667, 0.734217, -0.662437], "extended": false, "handId": 69, "id": 690, "length": 45.5012, "mcpPosition": [-37.4681, 189.021, 204.743], "pipPosition": [-31.0218, 226.523, 183.269], "stabilizedTipPosition": [-35.4656, 250.184, 114.143], "timeVisible": 5.18578, "tipPosition": [-38.096, 257.705, 151.764], "tipVelocity": [7.88228, 45.3855, 80.0774], "tool": false, "touchDistance": 1, "touchZone": "none", "type": 0, "width": 18.121}, {"bases": [[[0.884895, -0.321535, -0.33701], [0.426155, 0.266809, 0.86441], [-0.188021, -0.908531, 0.373121]], [[0.891229, -0.287798, -0.350546], [0.227553, 0.952305, -0.203311], [0.392339, 0.101429, 0.914211]], [[0.891229, -0.287798, -0.350546], [-0.367006, -0.00349267, -0.930212], [0.266489, 0.957685, -0.108736]], [[0.891229, -0.287798, -0.350546], [-0.453509, -0.576178, -0.679962], [-0.006285, 0.764978, -0.644026]]], "btipPosition": [-49.9929, 212.907, 168.066], "carpPosition": [-61.5343, 198.02, 216.058], "dipPosition": [-49.8898, 225.457, 157.499], "direction": [0.266489, -0.957685, 0.108736], "extended": false, "handId": 69, "id": 692, "length": 58.5013, "mcpPosition": [-73.0164, 253.502, 193.272], "pipPosition": [-56.5059, 249.234, 154.8], "stabilizedTipPosition": [-47.8444, 217.49, 138.611], "timeVisible": 5.18578, "tipPosition": [-49.3924, 216.792, 164.172], "tipVelocity": [5.83101, 35.8556, 71.6124], "tool": false, "touchDistance": 1, "touchZone": "none", "type": 2, "width": 16.9999}, {"bases": [[[0.812921, -0.47092, -0.342626], [0.482077, 0.214057, 0.849577], [-0.326742, -0.855812, 0.401031]], [[0.831051, -0.418755, -0.366057], [0.341311, 0.903613, -0.258826], [0.439158, 0.090158, 0.893874]], [[0.831051, -0.418755, -0.366057], [-0.396061, 0.0165266, -0.918075], [0.390498, 0.907949, -0.152118]], [[0.831051, -0.418755, -0.366057], [-0.553551, -0.558606, -0.61769], [0.054179, 0.715963, -0.696033]]], "btipPosition": [-61.9297, 205.21, 171.041], "carpPosition": [-71.4739, 195.442, 212.865], "dipPosition": [-62.8135, 216.889, 159.687], "direction": [0.390498, -0.907949, 0.152118], "extended": false, "handId": 69, "id": 693, "length": 56.2505, "mcpPosition": [-89.3888, 242.365, 190.877], "pipPosition": [-72.258, 238.848, 156.008], "stabilizedTipPosition": [-60.7812, 210.386, 146.313], "timeVisible": 5.18578, "tipPosition": [-61.6058, 208.823, 167.179], "tipVelocity": [10.0086, 35.7782, 68.1453], "tool": false, "touchDistance": 1, "touchZone": "none", "type": 3, "width": 16.1765}, {"bases": [[[0.678738, -0.595658, -0.429542], [0.571874, 0.0617498, 0.818014], [-0.460732, -0.800861, 0.382553]], [[0.693662, -0.568739, -0.442007], [0.513225, 0.820814, -0.250728], [0.505404, -0.0529284, 0.861258]], [[0.693662, -0.568739, -0.442007], [-0.440321, 0.150822, -0.885082], [0.570045, 0.808572, -0.145808]], [[0.693662, -0.568739, -0.442007], [-0.701912, -0.39595, -0.592067], [0.161719, 0.720944, -0.67386]]], "btipPosition": [-74.5695, 206.831, 171.724], "carpPosition": [-78.9554, 189.206, 205.098], "dipPosition": [-77.0032, 217.68, 161.583], "direction": [0.570045, -0.808572, 0.145808], "extended": false, "handId": 69, "id": 694, "length": 44.0994, "mcpPosition": [-102.34, 229.853, 185.681], "pipPosition": [-86.7374, 231.487, 159.093], "stabilizedTipPosition": [-73.5277, 211.79, 151.599], "timeVisible": 5.18578, "tipPosition": [-74.3919, 210.35, 168.733], "tipVelocity": [7.6572, 32.8971, 61.695], "tool": false, "touchDistance": 1, "touchZone": "none", "type": 4, "width": 14.3692}], "r": [[0.996578, -0.0708277, -0.0426138], [0.0808607, 0.942308, 0.324833], [0.0171481, -0.327168, 0.944811]], "s": 0.939347, "t": [-24.8244, 46.2515, 35.1391], "timestamp": 1130955514649}, {"currentFrameRate": 57.6731, "devices": [], "gestures": [], "hands": [{"armBasis": [[0.966782, 0.0247669, -0.254399], [0.248446, 0.142803, 0.958062], [0.0600571, -0.989441, 0.131906]], "armWidth": 56.6405, "confidence": 1, "direction": [-0.257903, 0.936598, -0.237214], "elbow": [-76.2184, -66.056, 243.661], "grabAngle": 3.01428, "grabStrength": 0.376615, "id": 69, "palmNormal": [0.25615, -0.170452, -0.95149], "palmPosition": [-68.9285, 231.924, 195.444], "palmVelocity": [-4.05445, 26.5453, 57.2755], "palmWidth": 79.644, "pinchDistance": 27.0598, "pinchStrength": 0.737916, "r": [[0.996534, -0.0708543, -0.0435952], [0.0812652, 0.941214, 0.327889], [0.0178001, -0.330295, 0.94371]], "s": 0.942553, "sphereCenter": [-75.5347, 231.474, 150.444], "sphereRadius": 41.745, "stabilizedPalmPosition": [-68.7034, 234.124, 175.94], "t": [24.8087, 46.7646, 36.2573], "timeVisible": 5.20314, "type": "left", "wrist": [-62.025, 167.781, 212.488]}], "id": 41428, "interactionBox": {"center": [0, 200, 0], "size": [235.247, 235.247, 147.751]}, "pointables": [{"bases": [[[0.961674, -0.144551, -0.232996], [0.267827, 0.313154, 0.911155], [-0.0587447, -0.938637, 0.339867]], [[0.959064, -0.176958, -0.221091], [0.270947, 0.800449, 0.534668], [0.0823585, -0.572685, 0.815628]], [[0.959064, -0.176958, -0.221091], [0.195613, 0.9785, 0.0653675], [0.204771, -0.10594, 0.97306]], [[0.959064, -0.176958, -0.221091], [0.134351, 0.971589, -0.194847], [0.249289, 0.157167, 0.955591]]], "btipPosition": [-43.5127, 280.823, 130.964], "carpPosition": [-50.8588, 199.007, 218.232], "dipPosition": [-47.2313, 283.168, 145.219], "direction": [0.204771, 0.10594, -0.97306], "extended": false, "handId": 69, "id": 691, "length": 51.343, "mcpPosition": [-54.6417, 259.451, 196.346], "pipPosition": [-51.5525, 280.932, 165.753], "stabilizedTipPosition": [-40.951, 266.688, 108.547], "timeVisible": 5.20314, "tipPosition": [-43.1255, 278.116, 134.419], "tipVelocity": [-12.5194, 44.6201, 63.9066], "tool": false, "touchDistance": 1, "touchZone": "none", "type": 1, "width": 17.3092}, {"bases": [[[0.654305, 0.212022, 0.725901], [-0.73584, -0.0429017, 0.675795], [0.174426, -0.976323, 0.127943]], [[0.58059, 0.473652, 0.662245], [-0.801014, 0.186514, 0.568849], [0.145919, -0.860736, 0.48769]], [[0.58059, 0.473652, 0.662245], [-0.800248, 0.481877, 0.356928], [-0.150061, -0.737189, 0.658812]], [[0.58059, 0.473652, 0.662245], [-0.721785, 0.67579, 0.149448], [-0.376752, -0.564767, 0.734232]]], "btipPosition": [-43.272, 260.571, 149.63], "carpPosition": [-37.4824, 189.479, 205.552], "dipPosition": [-35.5738, 249.031, 164.632], "direction": [-0.150061, 0.737189, -0.658812], "extended": false, "handId": 69, "id": 690, "length": 45.5012, "mcpPosition": [-37.4824, 189.479, 205.552], "pipPosition": [-31.1068, 227.087, 184.244], "stabilizedTipPosition": [-35.4694, 250.189, 114.168], "timeVisible": 5.20314, "tipPosition": [-38.2792, 258.333, 152.805], "tipVelocity": [-7.77545, 41.0097, 65.2306], "tool": false, "touchDistance": 1, "touchZone": "none", "type": 0, "width": 18.121}, {"bases": [[[0.885053, -0.321288, -0.33683], [0.425199, 0.263524, 0.865887], [-0.189437, -0.909576, 0.369845]], [[0.891225, -0.28877, -0.349757], [0.229021, 0.95212, -0.202525], [0.391494, 0.100394, 0.914688]], [[0.891225, -0.28877, -0.349757], [-0.366111, -0.00282382, -0.930567], [0.267732, 0.957394, -0.108239]], [[0.891225, -0.28877, -0.349757], [-0.453533, -0.575988, -0.680107], [-0.00506118, 0.764755, -0.644302]]], "btipPosition": [-50.0711, 213.421, 169.111], "carpPosition": [-61.5414, 198.416, 216.93], "dipPosition": [-49.9881, 225.969, 158.54], "direction": [0.267732, -0.957394, 0.108239], "extended": false, "handId": 69, "id": 692, "length": 58.5013, "mcpPosition": [-73.11, 253.962, 194.345], "pipPosition": [-56.635, 249.738, 155.852], "stabilizedTipPosition": [-47.8449, 217.49, 138.617], "timeVisible": 5.20314, "tipPosition": [-49.4963, 217.362, 165.105], "tipVelocity": [-4.77351, 29.6155, 60.1544], "tool": false, "touchDistance": 1, "touchZone": "none", "type": 2, "width": 16.9999}, {"bases": [[[0.812941, -0.470584, -0.343042], [0.48109, 0.210767, 0.850958], [-0.328145, -0.856813, 0.397734]], [[0.831155, -0.418359, -0.366275], [0.341672, 0.90395, -0.257166], [0.438682, 0.0885993, 0.894264]], [[0.831155, -0.418359, -0.366275], [-0.395877, 0.017345, -0.91814], [0.390465, 0.908116, -0.151202]], [[0.831155, -0.418359, -0.366275], [-0.553412, -0.558418, -0.617984], [0.0540047, 0.716342, -0.695657]]], "btipPosition": [-62.038, 205.713, 172.057], "carpPosition": [-71.483, 195.839, 213.743], "dipPosition": [-62.9189, 217.398, 160.709], "direction": [0.390465, -0.908116, 0.151202], "extended": false, "handId": 69, "id": 693, "length": 56.2505, "mcpPosition": [-89.4749, 242.817, 191.936], "pipPosition": [-72.3626, 239.361, 157.052], "stabilizedTipPosition": [-60.7817, 210.386, 146.32], "timeVisible": 5.20314, "tipPosition": [-61.6968, 209.373, 168.099], "tipVelocity": [-6.2026, 29.0549, 58.5956], "tool": false, "touchDistance": 1, "touchZone": "none", "type": 3, "width": 16.1765}, {"bases": [[[0.678758, -0.5949, -0.430559], [0.570782, 0.0584769, 0.819017], [-0.462055, -0.80167, 0.37925]], [[0.693445, -0.568479, -0.442681], [0.513973, 0.820868, -0.249015], [0.504942, -0.0548475, 0.861409]], [[0.693445, -0.568479, -0.442681], [-0.440437, 0.151794, -0.884858], [0.570219, 0.808573, -0.145118]], [[0.693445, -0.568479, -0.442681], [-0.702178, -0.395493, -0.592057], [0.161494, 0.721399, -0.673426]]], "btipPosition": [-74.6653, 207.34, 172.737], "carpPosition": [-78.9694, 189.622, 205.966], "dipPosition": [-77.0956, 218.196, 162.602], "direction": [0.570219, -0.808573, 0.145118], "extended": false, "handId": 69, "id": 694, "length": 44.0994, "mcpPosition": [-102.421, 230.31, 186.717], "pipPosition": [-86.8328, 232.003, 160.124], "stabilizedTipPosition": [-73.5282, 211.79, 151.604], "timeVisible": 5.20314, "tipPosition": [-74.4822, 210.884, 169.67], "tipVelocity": [-5.47213, 29.4279, 58.4457], "tool": false, "touchDistance": 1, "touchZone": "none", "type": 4, "width": 14.3692}], "r": [[0.996534, -0.0708543, -0.0435952], [0.0812652, 0.941214, 0.327889], [0.0178001, -0.330295, 0.94371]], "s": 0.942553, "t": [-24.8087, 46.7646, 36.2573], "timestamp": 1130955532002}, {"currentFrameRate": 57.6482, "devices": [], "gestures": [], "hands": [{"armBasis": [[0.967583, 0.0230034, -0.251504], [0.245767, 0.14355, 0.958641], [0.0581553, -0.989376, 0.133243]], "armWidth": 56.6405, "confidence": 1, "direction": [-0.260588, 0.937476, -0.230724], "elbow": [-75.6837, -65.6391, 244.336], "grabAngle": 3.01345, "grabStrength": 0.377426, "id": 69, "palmNormal": [0.25171, -0.164744, -0.953678], "palmPosition": [-69.0275, 232.396, 196.132], "palmVelocity": [-5.68421, 27.0994, 39.4463], "palmWidth": 79.644, "pinchDistance": 27.0237, "pinchStrength": 0.738341, "r": [[0.996518, -0.0711519, -0.0434739], [0.0815721, 0.939937, 0.331457], [0.0172789, -0.333849, 0.942468]], "s": 0.944467, "sphereCenter": [-75.737, 232.237, 151.178], "sphereRadius": 41.6934, "stabilizedPalmPosition": [-68.7035, 234.123, 175.945], "t": [24.7513, 47.2572, 37.1602], "timeVisible": 5.22057, "type": "left", "wrist": [-61.9397, 168.182, 212.846]}], "id": 41429, "interactionBox": {"center": [0, 200, 0], "size": [235.247, 235.247, 147.751]}, "pointables": [{"bases": [[[0.962581, -0.144836, -0.22904], [0.263818, 0.307649, 0.914195], [-0.0619443, -0.940412, 0.334347]], [[0.960063, -0.17529, -0.218065], [0.26834, 0.797524, 0.540323], [0.0791994, -0.57726, 0.812711]], [[0.960063, -0.17529, -0.218065], [0.194843, 0.978226, 0.0714868], [0.200786, -0.11112, 0.973312]], [[0.960063, -0.17529, -0.218065], [0.134606, 0.972661, -0.189241], [0.245275, 0.15233, 0.957411]]], "btipPosition": [-43.9145, 281.667, 131.811], "carpPosition": [-50.792, 199.383, 218.647], "dipPosition": [-47.5732, 283.939, 146.093], "direction": [0.200786, 0.11112, -0.973312], "extended": false, "handId": 69, "id": 691, "length": 51.343, "mcpPosition": [-54.781, 259.941, 197.116], "pipPosition": [-51.8103, 281.594, 166.632], "stabilizedTipPosition": [-40.9847, 266.825, 108.782], "timeVisible": 5.22057, "tipPosition": [-43.6093, 278.99, 135.236], "tipVelocity": [-22.2607, 47.438, 48.9499], "tool": false, "touchDistance": 1, "touchZone": "none", "type": 1, "width": 17.3092}, {"bases": [[[0.651044, 0.206911, 0.730294], [-0.739246, -0.0454442, 0.6719], [0.172211, -0.977304, 0.123372]], [[0.578195, 0.46869, 0.667848], [-0.803222, 0.18325, 0.566793], [0.143267, -0.864147, 0.482416]], [[0.578195, 0.46869, 0.667848], [-0.801193, 0.480864, 0.356173], [-0.154209, -0.741013, 0.653544]], [[0.578195, 0.46869, 0.667848], [-0.721239, 0.676295, 0.149801], [-0.381452, -0.568292, 0.729067]]], "btipPosition": [-43.5882, 261.375, 150.418], "carpPosition": [-37.4633, 189.947, 205.848], "dipPosition": [-35.794, 249.763, 165.315], "direction": [-0.154209, 0.741013, -0.653544], "extended": false, "handId": 69, "id": 690, "length": 45.5012, "mcpPosition": [-37.4633, 189.947, 205.848], "pipPosition": [-31.2035, 227.704, 184.77], "stabilizedTipPosition": [-35.4784, 250.201, 114.224], "timeVisible": 5.22057, "tipPosition": [-38.6523, 259.09, 153.491], "tipVelocity": [-16.8745, 45.15, 43.8516], "tool": false, "touchDistance": 1, "touchZone": "none", "type": 0, "width": 18.121}, {"bases": [[[0.88619, -0.320868, -0.334233], [0.421332, 0.258012, 0.869431], [-0.192736, -0.911303, 0.363839]], [[0.892717, -0.286912, -0.347473], [0.230745, 0.953396, -0.194405], [0.387056, 0.0933715, 0.917316]], [[0.892717, -0.286912, -0.347473], [-0.361262, 0.00521385, -0.93245], [0.269343, 0.957943, -0.0989959]], [[0.892717, -0.286912, -0.347473], [-0.450616, -0.57027, -0.686832], [-0.00109271, 0.769723, -0.638377]]], "btipPosition": [-50.2929, 214.093, 169.504], "carpPosition": [-61.48, 198.782, 217.394], "dipPosition": [-50.2749, 226.722, 159.03], "direction": [0.269343, -0.957943, 0.0989959], "extended": false, "handId": 69, "id": 692, "length": 58.5013, "mcpPosition": [-73.2501, 254.434, 195.175], "pipPosition": [-56.9619, 250.504, 156.573], "stabilizedTipPosition": [-47.8476, 217.49, 138.649], "timeVisible": 5.22057, "tipPosition": [-49.7261, 218.028, 165.626], "tipVelocity": [-13.5824, 39.6066, 23.8587], "tool": false, "touchDistance": 1, "touchZone": "none", "type": 2, "width": 16.9999}, {"bases": [[[0.813868, -0.470007, -0.341632], [0.47721, 0.205246, 0.854485], [-0.331495, -0.858468, 0.391336]], [[0.832281, -0.417684, -0.364483], [0.345118, 0.904937, -0.248963], [0.433822, 0.0814176, 0.897312]], [[0.832281, -0.417684, -0.364483], [-0.390512, 0.0249071, -0.920261], [0.393457, 0.908251, -0.142381]], [[0.832281, -0.417684, -0.364483], [-0.551157, -0.552968, -0.624862], [0.0594475, 0.720948, -0.690434]]], "btipPosition": [-62.2002, 206.372, 172.489], "carpPosition": [-71.4331, 196.206, 214.242], "dipPosition": [-63.1699, 218.133, 161.226], "direction": [0.393457, -0.908251, 0.142381], "extended": false, "handId": 69, "id": 693, "length": 56.2505, "mcpPosition": [-89.6087, 243.275, 192.785], "pipPosition": [-72.686, 240.099, 157.783], "stabilizedTipPosition": [-60.7835, 210.384, 146.347], "timeVisible": 5.22057, "tipPosition": [-61.898, 210.004, 168.634], "tipVelocity": [-10.4786, 38.8357, 25.9283], "tool": false, "touchDistance": 1, "touchZone": "none", "type": 3, "width": 16.1765}, {"bases": [[[0.679919, -0.593615, -0.430501], [0.566813, 0.0529892, 0.822141], [-0.465223, -0.803003, 0.372497]], [[0.692596, -0.571051, -0.440695], [0.520789, 0.818591, -0.242256], [0.499089, -0.0617233, 0.86435]], [[0.692596, -0.571051, -0.440695], [-0.433799, 0.158376, -0.886981], [0.576307, 0.805492, -0.13803]], [[0.692596, -0.571051, -0.440695], [-0.70108, -0.389187, -0.597512], [0.169697, 0.722797, -0.669902]]], "btipPosition": [-74.7578, 208.049, 173.316], "carpPosition": [-78.9478, 190.02, 206.467], "dipPosition": [-77.3115, 218.927, 163.235], "direction": [0.576307, -0.805492, 0.13803], "extended": false, "handId": 69, "id": 694, "length": 44.0994, "mcpPosition": [-102.56, 230.776, 187.561], "pipPosition": [-87.1527, 232.681, 160.878], "stabilizedTipPosition": [-73.5296, 211.789, 151.62], "timeVisible": 5.22057, "tipPosition": [-74.6806, 211.483, 170.275], "tipVelocity": [-6.93727, 40.9907, 33.947], "tool": false, "touchDistance": 1, "touchZone": "none", "type": 4, "width": 14.3692}], "r": [[0.996518, -0.0711519, -0.0434739], [0.0815721, 0.939937, 0.331457], [0.0172789, -0.333849, 0.942468]], "s": 0.944467, "t": [-24.7513, 47.2572, 37.1602], "timestamp": 1130955549431}, {"currentFrameRate": 57.6575, "devices": [], "gestures": [], "hands": [{"armBasis": [[0.968728, 0.0214372, -0.247197], [0.241626, 0.145014, 0.959473], [0.0564154, -0.989197, 0.1353]], "armWidth": 56.6405, "confidence": 1, "direction": [-0.263587, 0.938694, -0.222206], "elbow": [-75.102, -65.5791, 244.949], "grabAngle": 3.01367, "grabStrength": 0.384742, "id": 69, "palmNormal": [0.245177, -0.157595, -0.956584], "palmPosition": [-69.0627, 232.505, 196.684], "palmVelocity": [-2.02757, 6.32887, 31.866], "palmWidth": 79.644, "pinchDistance": 26.753, "pinchStrength": 0.744191, "r": [[0.996544, -0.0716294, -0.0420664], [0.0816236, 0.938406, 0.335757], [0.0154253, -0.33803, 0.941009]], "s": 0.945184, "sphereCenter": [-75.9969, 232.682, 151.796], "sphereRadius": 41.6274, "stabilizedPalmPosition": [-68.7036, 234.123, 175.948], "t": [24.7051, 47.5584, 37.8875], "timeVisible": 5.23788, "type": "left", "wrist": [-61.7692, 168.2, 212.973]}], "id": 41430, "interactionBox": {"center": [0, 200, 0], "size": [235.247, 235.247, 147.751]}, "pointables": [{"bases": [[[0.96397, -0.144662, -0.223237], [0.257773, 0.300758, 0.918204], [-0.0656885, -0.942665, 0.327211]], [[0.961601, -0.172522, -0.213447], [0.263729, 0.796109, 0.544662], [0.0759608, -0.58004, 0.811039]], [[0.961601, -0.172522, -0.213447], [0.192121, 0.97853, 0.0746158], [0.195991, -0.112758, 0.974101]], [[0.961601, -0.172522, -0.213447], [0.133087, 0.973283, -0.187102], [0.240023, 0.151511, 0.958871]]], "btipPosition": [-44.2842, 281.941, 132.482], "carpPosition": [-50.6196, 199.361, 218.834], "dipPosition": [-47.8646, 284.201, 146.785], "direction": [0.195991, 0.112758, -0.974101], "extended": false, "handId": 69, "id": 691, "length": 51.343, "mcpPosition": [-54.8497, 260.065, 197.762], "pipPosition": [-52.0005, 281.822, 167.341], "stabilizedTipPosition": [-41.0134, 266.934, 108.969], "timeVisible": 5.23788, "tipPosition": [-44.1682, 279.638, 135.938], "tipVelocity": [-20.3145, 15.6912, 39.0275], "tool": false, "touchDistance": 1, "touchZone": "none", "type": 1, "width": 17.3092}, {"bases": [[[0.646147, 0.200743, 0.73634], [-0.744061, -0.0490918, 0.666306], [0.169904, -0.978413, 0.117644]], [[0.574532, 0.462012, 0.675617], [-0.806569, 0.179264, 0.563303], [0.139139, -0.868568, 0.475637]], [[0.574532, 0.462012, 0.675617], [-0.802779, 0.479006, 0.355105], [-0.159562, -0.74639, 0.646097]], [[0.574532, 0.462012, 0.675617], [-0.721238, 0.67602, 0.151039], [-0.386949, -0.574057, 0.721615]]], "btipPosition": [-43.9451, 261.935, 151.114], "carpPosition": [-37.3683, 190.037, 205.874], "dipPosition": [-36.0386, 250.205, 165.859], "direction": [-0.159562, 0.74639, -0.646097], "extended": false, "handId": 69, "id": 690, "length": 45.5012, "mcpPosition": [-37.3683, 190.037, 205.874], "pipPosition": [-31.2888, 227.987, 185.092], "stabilizedTipPosition": [-35.4917, 250.219, 114.304], "timeVisible": 5.23788, "tipPosition": [-39.0599, 259.544, 154.024], "tipVelocity": [-19.1274, 30.8087, 38.1861], "tool": false, "touchDistance": 1, "touchZone": "none", "type": 0, "width": 18.121}, {"bases": [[[0.88807, -0.319827, -0.330216], [0.415528, 0.251202, 0.874205], [-0.196644, -0.913569, 0.355982]], [[0.894919, -0.284779, -0.343542], [0.232819, 0.954768, -0.184967], [0.380678, 0.0855471, 0.920742]], [[0.894919, -0.284779, -0.343542], [-0.354466, 0.0139802, -0.934964], [0.271061, 0.958491, -0.0884335]], [[0.894919, -0.284779, -0.343542], [-0.446207, -0.563427, -0.695305], [0.00444737, 0.775532, -0.631292]]], "btipPosition": [-50.5017, 214.423, 169.72], "carpPosition": [-61.3154, 198.753, 217.653], "dipPosition": [-50.5746, 227.147, 159.362], "direction": [0.271061, -0.958491, 0.0884335], "extended": false, "handId": 69, "id": 692, "length": 58.5013, "mcpPosition": [-73.3241, 254.543, 195.914], "pipPosition": [-57.3043, 250.943, 157.167], "stabilizedTipPosition": [-47.8538, 217.489, 138.715], "timeVisible": 5.23788, "tipPosition": [-49.9598, 218.379, 165.947], "tipVelocity": [-13.268, 20.3121, 13.9959], "tool": false, "touchDistance": 1, "touchZone": "none", "type": 2, "width": 16.9999}, {"bases": [[[0.815585, -0.468801, -0.339186], [0.471434, 0.19846, 0.859281], [-0.335517, -0.86072, 0.382869]], [[0.834236, -0.416345, -0.361534], [0.348812, 0.906264, -0.23878], [0.427061, 0.0730914, 0.901264]], [[0.834236, -0.416345, -0.361534], [-0.383123, 0.0338878, -0.923076], [0.39657, 0.908575, -0.131241]], [[0.834236, -0.416345, -0.361534], [-0.547379, -0.546186, -0.63408], [0.0665311, 0.726868, -0.683547]]], "btipPosition": [-62.3473, 206.694, 172.728], "carpPosition": [-71.2868, 196.185, 214.553], "dipPosition": [-63.4326, 218.551, 161.578], "direction": [0.39657, -0.908575, 0.131241], "extended": false, "handId": 69, "id": 693, "length": 56.2505, "mcpPosition": [-89.6829, 243.377, 193.56], "pipPosition": [-73.0239, 240.526, 158.403], "stabilizedTipPosition": [-60.7874, 210.382, 146.397], "timeVisible": 5.23788, "tipPosition": [-62.0986, 210.315, 168.984], "tipVelocity": [-10.0318, 19.8999, 15.2992], "tool": false, "touchDistance": 1, "touchZone": "none", "type": 3, "width": 16.1765}, {"bases": [[[0.68209, -0.591573, -0.429878], [0.561042, 0.0463003, 0.826492], [-0.469027, -0.804921, 0.363478]], [[0.693286, -0.571838, -0.438584], [0.526978, 0.817394, -0.232725], [0.491577, -0.0697791, 0.868034]], [[0.693286, -0.571838, -0.438584], [-0.425311, 0.16664, -0.889574], [0.581778, 0.803264, -0.127679]], [[0.693286, -0.571838, -0.438584], [-0.698073, -0.381691, -0.60581], [0.179021, 0.726164, -0.663805]]], "btipPosition": [-74.8486, 208.405, 173.712], "carpPosition": [-78.8474, 190.042, 206.788], "dipPosition": [-77.5427, 219.333, 163.723], "direction": [0.581778, -0.803264, 0.127679], "extended": false, "handId": 69, "id": 694, "length": 44.0994, "mcpPosition": [-102.653, 230.896, 188.339], "pipPosition": [-87.4772, 233.05, 161.542], "stabilizedTipPosition": [-73.5318, 211.788, 151.642], "timeVisible": 5.23788, "tipPosition": [-74.8729, 211.761, 170.724], "tipVelocity": [-7.11105, 21.2254, 24.0906], "tool": false, "touchDistance": 1, "touchZone": "none", "type": 4, "width": 14.3692}], "r": [[0.996544, -0.0716294, -0.0420664], [0.0816236, 0.938406, 0.335757], [0.0154253, -0.33803, 0.941009]], "s": 0.945184, "t": [-24.7051, 47.5584, 37.8875], "timestamp": 1130955566744}, {"currentFrameRate": 57.6552, "devices": [], "gestures": [], "hands": [{"armBasis": [[0.968356, 0.0196043, -0.2488], [0.243406, 0.146034, 0.958868], [0.0551311, -0.989085, 0.136641]], "armWidth": 56.6405, "confidence": 1, "direction": [-0.265447, 0.93832, -0.221569], "elbow": [-74.7535, -65.257, 245.715], "grabAngle": 3.01343, "grabStrength": 0.38681, "id": 69, "palmNormal": [0.246292, -0.156193, -0.956527], "palmPosition": [-69.137, 232.797, 197.163], "palmVelocity": [-4.28349, 16.7817, 27.6325], "palmWidth": 79.644, "pinchDistance": 26.6641, "pinchStrength": 0.746408, "r": [[0.996525, -0.0724418, -0.0411165], [0.0821212, 0.937069, 0.339348], [0.0139461, -0.341546, 0.939762]], "s": 0.94514, "sphereCenter": [-76.0008, 233.008, 152.265], "sphereRadius": 41.5915, "stabilizedPalmPosition": [-68.7037, 234.123, 175.952], "t": [24.6448, 47.8545, 38.4908], "timeVisible": 5.25523, "type": "left", "wrist": [-61.7242, 168.496, 213.422]}], "id": 41431, "interactionBox": {"center": [0, 200, 0], "size": [235.247, 235.247, 147.751]}, "pointables": [{"bases": [[[0.963473, -0.146553, -0.224149], [0.259168, 0.299363, 0.918267], [-0.0674724, -0.942817, 0.32641]], [[0.961238, -0.172577, -0.215034], [0.264692, 0.795961, 0.544412], [0.0772056, -0.580227, 0.810787]], [[0.961238, -0.172577, -0.215034], [0.192083, 0.978643, 0.0732268], [0.197804, -0.111693, 0.973857]], [[0.961238, -0.172577, -0.215034], [0.132481, 0.973054, -0.18872], [0.241808, 0.152917, 0.958199]]], "btipPosition": [-44.3077, 282.226, 133.022], "carpPosition": [-50.6399, 199.672, 219.298], "dipPosition": [-47.9148, 284.507, 147.316], "direction": [0.197804, 0.111693, -0.973857], "extended": false, "handId": 69, "id": 691, "length": 51.343, "mcpPosition": [-54.9848, 260.386, 198.278], "pipPosition": [-52.0889, 282.15, 167.866], "stabilizedTipPosition": [-41.0337, 267.012, 109.104], "timeVisible": 5.25523, "tipPosition": [-44.3043, 280.065, 136.479], "tipVelocity": [-1.70977, 16.678, 31.02], "tool": false, "touchDistance": 1, "touchZone": "none", "type": 1, "width": 17.3092}, {"bases": [[[0.647176, 0.19867, 0.735998], [-0.743627, -0.0480803, 0.666863], [0.167873, -0.978886, 0.11662]], [[0.576276, 0.459637, 0.675752], [-0.805634, 0.180554, 0.564229], [0.137331, -0.86956, 0.474348]], [[0.576276, 0.459637, 0.675752], [-0.801109, 0.481253, 0.355838], [-0.161651, -0.746411, 0.645553]], [[0.576276, 0.459637, 0.675752], [-0.718787, 0.678534, 0.151447], [-0.38891, -0.572997, 0.721404]]], "btipPosition": [-44.116, 262.309, 151.658], "carpPosition": [-37.3578, 190.388, 206.341], "dipPosition": [-36.1694, 250.601, 166.398], "direction": [-0.161651, 0.746411, -0.645553], "extended": false, "handId": 69, "id": 690, "length": 45.5012, "mcpPosition": [-37.3578, 190.388, 206.341], "pipPosition": [-31.3574, 228.382, 185.615], "stabilizedTipPosition": [-35.5055, 250.238, 114.387], "timeVisible": 5.25523, "tipPosition": [-39.1723, 259.938, 154.554], "tipVelocity": [-9.3138, 21.8489, 31.265], "tool": false, "touchDistance": 1, "touchZone": "none", "type": 0, "width": 18.121}, {"bases": [[[0.887106, -0.321456, -0.331225], [0.416779, 0.249505, 0.874095], [-0.198341, -0.913462, 0.355313]], [[0.894656, -0.282788, -0.345863], [0.231905, 0.955656, -0.181497], [0.381851, 0.0821699, 0.920564]], [[0.894656, -0.282788, -0.345863], [-0.355804, 0.0171599, -0.934403], [0.270173, 0.959029, -0.0852649]], [[0.894656, -0.282788, -0.345863], [-0.446746, -0.561341, -0.696645], [0.00285611, 0.777771, -0.628541]]], "btipPosition": [-50.6221, 214.797, 170.099], "carpPosition": [-61.3333, 199.042, 218.108], "dipPosition": [-50.6689, 227.558, 159.787], "direction": [0.270173, -0.959029, 0.0852649], "extended": false, "handId": 69, "id": 692, "length": 58.5013, "mcpPosition": [-73.4456, 254.826, 196.41], "pipPosition": [-57.3765, 251.368, 157.67], "stabilizedTipPosition": [-47.8612, 217.49, 138.793], "timeVisible": 5.25523, "tipPosition": [-49.9844, 218.73, 166.441], "tipVelocity": [-6.59201, 22.0762, 22.4801], "tool": false, "touchDistance": 1, "touchZone": "none", "type": 2, "width": 16.9999}, {"bases": [[[0.814289, -0.470264, -0.340272], [0.472559, 0.196655, 0.859078], [-0.337077, -0.860337, 0.382361]], [[0.833037, -0.417828, -0.362587], [0.351412, 0.905856, -0.236503], [0.42727, 0.0695982, 0.901441]], [[0.833037, -0.417828, -0.362587], [-0.383257, 0.0367796, -0.922909], [0.398953, 0.907781, -0.129497]], [[0.833037, -0.417828, -0.362587], [-0.548985, -0.543429, -0.63506], [0.0683054, 0.728083, -0.682077]]], "btipPosition": [-62.3479, 207.079, 173.127], "carpPosition": [-71.2966, 196.455, 214.997], "dipPosition": [-63.4622, 218.956, 162.001], "direction": [0.398953, -0.907781, 0.129497], "extended": false, "handId": 69, "id": 693, "length": 56.2505, "mcpPosition": [-89.7782, 243.626, 194.033], "pipPosition": [-73.1111, 240.912, 158.869], "stabilizedTipPosition": [-60.7918, 210.381, 146.456], "timeVisible": 5.25523, "tipPosition": [-62.1051, 210.642, 169.455], "tipVelocity": [-0.420074, 22.4417, 23.3447], "tool": false, "touchDistance": 1, "touchZone": "none", "type": 3, "width": 16.1765}, {"bases": [[[0.680455, -0.592663, -0.430966], [0.561809, 0.044331, 0.826079], [-0.470481, -0.80423, 0.363128]], [[0.691332, -0.573585, -0.439387], [0.530186, 0.815854, -0.230837], [0.49088, -0.0733721, 0.868132]], [[0.691332, -0.573585, -0.439387], [-0.424563, 0.169577, -0.889376], [0.584643, 0.801401, -0.126288]], [[0.691332, -0.573585, -0.439387], [-0.699362, -0.378426, -0.606372], [0.18153, 0.726495, -0.662761]]], "btipPosition": [-74.8475, 208.769, 174.12], "carpPosition": [-78.8376, 190.303, 207.221], "dipPosition": [-77.5793, 219.702, 164.147], "direction": [0.584643, -0.801401, 0.126288], "extended": false, "handId": 69, "id": 694, "length": 44.0994, "mcpPosition": [-102.717, 231.121, 188.79], "pipPosition": [-87.5628, 233.386, 161.99], "stabilizedTipPosition": [-73.5345, 211.787, 151.67], "timeVisible": 5.25523, "tipPosition": [-74.8842, 212.06, 171.183], "tipVelocity": [-0.43308, 21.0174, 23.7402], "tool": false, "touchDistance": 1, "touchZone": "none", "type": 4, "width": 14.3692}], "r": [[0.996525, -0.0724418, -0.0411165], [0.0821212, 0.937069, 0.339348], [0.0139461, -0.341546, 0.939762]], "s": 0.94514, "t": [-24.6448, 47.8545, 38.4908], "timestamp": 1130955584096}, {"currentFrameRate": 57.6753, "devices": [], "gestures": [], "hands": [{"armBasis": [[0.966704, 0.0185952, -0.255222], [0.249799, 0.147889, 0.956937], [0.0555391, -0.988829, 0.13832]], "armWidth": 56.6405, "confidence": 1, "direction": [-0.266388, 0.938722, -0.21872], "elbow": [-74.8416, -64.9386, 246.334], "grabAngle": 3.01566, "grabStrength": 0.395175, "id": 69, "palmNormal": [0.250848, -0.151581, -0.956085], "palmPosition": [-69.171, 233.1, 197.569], "palmVelocity": [-1.96982, 17.5413, 23.5242], "palmWidth": 79.644, "pinchDistance": 26.3981, "pinchStrength": 0.753668, "r": [[0.996442, -0.0734645, -0.0413062], [0.0831999, 0.935662, 0.342948], [0.0134542, -0.345165, 0.938446]], "s": 0.944194, "sphereCenter": [-75.7393, 233.519, 152.718], "sphereRadius": 41.4678, "stabilizedPalmPosition": [-68.7038, 234.122, 175.959], "t": [24.5976, 48.1541, 38.9957], "timeVisible": 5.2725, "type": "left", "wrist": [-61.716, 168.754, 213.645]}], "id": 41432, "interactionBox": {"center": [0, 200, 0], "size": [235.247, 235.247, 147.751]}, "pointables": [{"bases": [[[0.962167, -0.147548, -0.229051], [0.263849, 0.294887, 0.918382], [-0.0679607, -0.944072, 0.322661]], [[0.96007, -0.172086, -0.22057], [0.267409, 0.796161, 0.542789], [0.082203, -0.580098, 0.810388]], [[0.96007, -0.172086, -0.22057], [0.191352, 0.979092, 0.0690184], [0.204081, -0.108469, 0.972926]], [[0.96007, -0.172086, -0.22057], [0.130012, 0.97257, -0.192885], [0.247713, 0.156507, 0.956109]]], "btipPosition": [-43.9955, 282.426, 133.676], "carpPosition": [-50.7042, 199.918, 219.644], "dipPosition": [-47.6906, 284.76, 147.938], "direction": [0.204081, 0.108469, -0.972926], "extended": false, "handId": 69, "id": 691, "length": 51.343, "mcpPosition": [-55.0806, 260.713, 198.866], "pipPosition": [-51.9972, 282.472, 168.469], "stabilizedTipPosition": [-41.0477, 267.071, 109.207], "timeVisible": 5.2725, "tipPosition": [-44.1862, 280.744, 137.192], "tipVelocity": [16.9029, 12.3066, 37.4046], "tool": false, "touchDistance": 1, "touchZone": "none", "type": 1, "width": 17.3092}, {"bases": [[[0.650838, 0.194189, 0.733962], [-0.740762, -0.0494325, 0.669947], [0.166378, -0.979718, 0.111675]], [[0.580243, 0.455463, 0.675183], [-0.802822, 0.180313, 0.5683], [0.137095, -0.871803, 0.47028]], [[0.580243, 0.455463, 0.675183], [-0.798239, 0.482583, 0.360456], [-0.161