{"frames": 51, "data": [{"currentFrameRate": 114.696, "devices": [], "gestures": [], "hands": [{"armBasis": [[-0.0252256, 0.970018, -0.241721], [-0.415525, 0.209746, 0.885068], [0.909232, 0.122767, 0.397775]], "armWidth": 59.0231, "confidence": 1, "direction": [0.603711, -0.115892, -0.788735], "elbow": [-218.256, 266.053, 158.606], "grabAngle": 3.14159, "grabStrength": 1, "id": 136, "palmNormal": [-0.79401, -0.17588, -0.581906], "palmPosition": [40.6892, 221.478, 13.0115], "palmVelocity": [-24.7023, -5.91558, -15.3103], "palmWidth": 80.6694, "pinchDistance": 43.6249, "pinchStrength": 0, "r": [[-0.0752121, -0.554278, 0.828926], [-0.834033, -0.420672, -0.356966], [0.546565, -0.7182, -0.430646]], "s": 1.37063, "sphereCenter": [25.8815, 191.879, -13.9155], "sphereRadius": 40.7612, "stabilizedPalmPosition": [43.18, 222.664, 13.4011], "t": [153.578, 27.5797, 77.6936], "timeVisible": 5.61945, "type": "left", "wrist": [-0.60818, 236.665, 63.3889]}], "id": 166251, "interactionBox": {"center": [0, 200, 0], "size": [235.247, 235.247, 147.751]}, "pointables": [{"bases": [[[-0.799303, 0.528068, 0.28681], [-0.176855, -0.662855, 0.727562], [0.574315, 0.530818, 0.623213]], [[-0.937874, 0.337701, 0.07969], [-0.0906455, -0.460159, 0.883197], [0.334927, 0.821104, 0.462182]], [[-0.937874, 0.337701, 0.07969], [-0.11825, -0.527005, 0.841595], [0.326205, 0.779887, 0.534198]], [[-0.937874, 0.337701, 0.07969], [-0.120591, -0.532596, 0.837735], [0.325347, 0.776079, 0.540232]]], "btipPosition": [37.7398, 133.223, 6.35111], "carpPosition": [6.71334, 208.266, 53.4919], "dipPosition": [31.1547, 148.931, 17.2857], "direction": [0.326205, -0.779887, -0.534198], "extended": true, "handId": 136, "id": 1360, "length": 45.0726, "mcpPosition": [6.71334, 208.266, 53.4919], "pipPosition": [21.5358, 171.928, 33.0378], "stabilizedTipPosition": [39.8978, 141.385, 8.54768], "timeVisible": 5.61945, "tipPosition": [34.8986, 143.952, 0.700255], "tipVelocity": [-37.7888, -3.33703, -34.0554], "tool": false, "touchDistance": 0.298412, "touchZone": "hovering", "type": 0, "width": 19.1104}, {"bases": [[[-0.0310915, 0.94423, -0.327816], [-0.875284, 0.132639, 0.465064], [0.482609, 0.301392, 0.822345]], [[-0.0347822, 0.941897, -0.334097], [-0.735536, -0.250447, -0.629494], [-0.676592, 0.223845, 0.70151]], [[-0.0347822, 0.941897, -0.334097], [0.674568, -0.224533, -0.703238], [-0.737393, -0.249831, -0.627564]], [[-0.0347822, 0.941897, -0.334097], [0.995771, 0.00422049, -0.0917694], [-0.0850272, -0.335876, -0.938061]]], "btipPosition": [15.3636, 199.416, 1.95672], "carpPosition": [25.6954, 217.206, 54.6798], "dipPosition": [16.62, 194.453, -11.9044], "direction": [-0.737393, 0.249831, 0.627564], "extended": false, "handId": 136, "id": 1361, "length": 50.8594, "mcpPosition": [57.1736, 197.548, 1.04237], "pipPosition": [32.0342, 189.231, -25.0228], "stabilizedTipPosition": [20.1573, 201.091, -0.439], "timeVisible": 5.61945, "tipPosition": [15.4322, 197.474, -0.403336], "tipVelocity": [-31.0443, 2.9219, -27.6704], "tool": false, "touchDistance": 0.333333, "touchZone": "none", "type": 1, "width": 18.2543}, {"bases": [[[0.18407, 0.939728, -0.288147], [-0.857131, 0.296948, 0.420889], [0.481086, 0.169507, 0.86013]], [[0.154891, 0.927873, -0.339206], [-0.766479, -0.103763, -0.633833], [-0.623313, 0.358169, 0.695123]], [[0.154891, 0.927873, -0.339206], [0.622703, -0.358251, -0.695627], [-0.766975, -0.103478, -0.633279]], [[0.154891, 0.927873, -0.339206], [0.969104, -0.209414, -0.130318], [-0.191952, -0.308541, -0.931642]]], "btipPosition": [9.39635, 209.59, -0.0522382], "carpPosition": [27.6042, 227.446, 51.412], "dipPosition": [12.516, 204.575, -15.1934], "direction": [-0.766975, 0.103478, 0.633279], "extended": false, "handId": 136, "id": 1362, "length": 57.9502, "mcpPosition": [57.3616, 216.961, -1.79091], "pipPosition": [31.3783, 202.03, -30.7677], "stabilizedTipPosition": [14.9842, 211.214, -3.09204], "timeVisible": 5.61945, "tipPosition": [9.35272, 208.408, -2.09212], "tipVelocity": [-24.1311, 4.39991, -25.6065], "tool": false, "touchDistance": 0.333333, "touchZone": "none", "type": 2, "width": 17.9281}, {"bases": [[[0.316946, 0.929353, -0.189334], [-0.826017, 0.36858, 0.426432], [0.466091, 0.0212376, 0.884482]], [[0.288427, 0.926407, -0.242031], [-0.751102, 0.0621352, -0.657255], [-0.593847, 0.37136, 0.713748]], [[0.288427, 0.926407, -0.242031], [0.593249, -0.371311, -0.714272], [-0.751575, 0.0624309, -0.656687]], [[0.288427, 0.926407, -0.242031], [0.941531, -0.320381, -0.104285], [-0.174153, -0.197801, -0.964648]]], "btipPosition": [8.76063, 223.916, 2.62012], "carpPosition": [26.6433, 237.744, 47.9994], "dipPosition": [11.5747, 220.72, -12.9674], "direction": [-0.751575, -0.0624309, 0.656687], "extended": false, "handId": 136, "id": 1363, "length": 55.7206, "mcpPosition": [52.5277, 236.565, -1.12035], "pipPosition": [29.5809, 222.215, -28.7002], "stabilizedTipPosition": [14.2571, 226.048, -0.594662], "timeVisible": 5.61945, "tipPosition": [8.561, 223.108, 0.125105], "tipVelocity": [-21.3894, 4.10507, -22.2645], "tool": false, "touchDistance": 0.333333, "touchZone": "none", "type": 3, "width": 17.0597}, {"bases": [[[0.500857, 0.851804, -0.153531], [-0.72222, 0.50906, 0.468247], [0.477012, -0.123641, 0.870157]], [[0.437513, 0.860572, -0.260765], [-0.785392, 0.224497, -0.576854], [-0.437883, 0.457184, 0.774107]], [[0.437513, 0.860572, -0.260765], [0.437258, -0.457005, -0.774566], [-0.785741, 0.224861, -0.576237]], [[0.437513, 0.860572, -0.260765], [0.864487, -0.482353, -0.141411], [-0.247475, -0.163559, -0.954989]]], "btipPosition": [13.5302, 238.129, -0.730955], "carpPosition": [19.3787, 247.119, 43.6912], "dipPosition": [17.2194, 235.69, -14.9671], "direction": [-0.785741, -0.224861, 0.576237], "extended": false, "handId": 136, "id": 1364, "length": 43.6839, "mcpPosition": [43.901, 253.475, -1.04202], "pipPosition": [30.5104, 239.494, -24.7144], "stabilizedTipPosition": [19.2772, 240.26, -3.4532], "timeVisible": 5.61945, "tipPosition": [12.6126, 237.243, -3.33538], "tipVelocity": [-17.1575, 3.9505, -17.7797], "tool": false, "touchDistance": 0.333333, "touchZone": "none", "type": 4, "width": 15.1538}], "r": [[-0.0752121, -0.554278, 0.828926], [-0.834033, -0.420672, -0.356966], [0.546565, -0.7182, -0.430646]], "s": 1.37063, "t": [-153.578, 27.5797, 77.6936], "timestamp": 8240655616}, {"currentFrameRate": 114.536, "devices": [], "gestures": [], "hands": [{"armBasis": [[-0.0257307, 0.970161, -0.241094], [-0.415399, 0.20899, 0.885306], [0.909275, 0.12293, 0.397627]], "armWidth": 59.0231, "confidence": 1, "direction": [0.603593, -0.116454, -0.788742], "elbow": [-218.468, 266.047, 158.435], "grabAngle": 3.14159, "grabStrength": 1, "id": 136, "palmNormal": [-0.794211, -0.174713, -0.581983], "palmPosition": [40.4717, 221.403, 12.8739], "palmVelocity": [-24.1603, -8.35055, -15.2742], "palmWidth": 80.6694, "pinchDistance": 43.6406, "pinchStrength": 0, "r": [[-0.0747335, -0.554252, 0.828987], [-0.833404, -0.421778, -0.357128], [0.547587, -0.717571, -0.430395]], "s": 1.37066, "sphereCenter": [25.6308, 191.821, -14.0554], "sphereRadius": 40.7665, "stabilizedPalmPosition": [42.9852, 222.573, 13.3632], "t": [153.348, 27.5036, 77.5672], "timeVisible": 5.62845, "type": "left", "wrist": [-0.810512, 236.621, 63.2527]}], "id": 166252, "interactionBox": {"center": [0, 200, 0], "size": [235.247, 235.247, 147.751]}, "pointables": [{"bases": [[[-0.799965, 0.526971, 0.28698], [-0.17598, -0.663272, 0.727393], [0.573661, 0.531386, 0.623331]], [[-0.938259, 0.336578, 0.0799128], [-0.0899894, -0.460524, 0.883074], [0.334025, 0.82136, 0.462379]], [[-0.938259, 0.336578, 0.0799128], [-0.117319, -0.526906, 0.841788], [0.325434, 0.780439, 0.533861]], [[-0.938259, 0.336578, 0.0799128], [-0.119808, -0.532869, 0.837674], [0.324526, 0.77638, 0.540293]]], "btipPosition": [37.4246, 133.147, 6.20875], "carpPosition": [6.47739, 208.224, 53.3496], "dipPosition": [30.8561, 148.861, 17.1445], "direction": [0.325434, -0.780439, -0.533861], "extended": true, "handId": 136, "id": 1360, "length": 45.0726, "mcpPosition": [6.47739, 208.224, 53.3496], "pipPosition": [21.2599, 171.874, 32.8867], "stabilizedTipPosition": [39.8182, 141.292, 8.5512], "timeVisible": 5.62845, "tipPosition": [34.5846, 143.876, 0.554941], "tipVelocity": [-34.5837, -8.30974, -15.7795], "tool": false, "touchDistance": 0.296044, "touchZone": "hovering", "type": 0, "width": 19.1104}, {"bases": [[[-0.0323097, 0.944276, -0.327566], [-0.875435, 0.131399, 0.465133], [0.482256, 0.301791, 0.822406]], [[-0.0361672, 0.941831, -0.334135], [-0.734943, -0.251628, -0.629716], [-0.677164, 0.222795, 0.701293]], [[-0.0361672, 0.941831, -0.334135], [0.674018, -0.223868, -0.703976], [-0.737829, -0.250674, -0.626715]], [[-0.0361672, 0.941831, -0.334135], [0.995658, 0.00526333, -0.0929354], [-0.0857708, -0.336045, -0.937932]]], "btipPosition": [15.0747, 199.382, 1.80192], "carpPosition": [25.4708, 217.139, 54.5406], "dipPosition": [16.3421, 194.417, -12.0573], "direction": [-0.737829, 0.250674, 0.626715], "extended": false, "handId": 136, "id": 1361, "length": 50.8594, "mcpPosition": [56.9259, 197.455, 0.89915], "pipPosition": [31.7654, 189.177, -25.1579], "stabilizedTipPosition": [20.0591, 201.033, -0.458403], "timeVisible": 5.62845, "tipPosition": [15.1851, 197.437, -0.55048], "tipVelocity": [-31.8133, -3.83169, -17.1437], "tool": false, "touchDistance": 0.333333, "touchZone": "none", "type": 1, "width": 18.2543}, {"bases": [[[0.182859, 0.940039, -0.287906], [-0.857493, 0.295742, 0.421001], [0.480903, 0.169894, 0.860156]], [[0.153693, 0.92816, -0.338966], [-0.766206, -0.104668, -0.634013], [-0.623944, 0.357161, 0.695075]], [[0.153693, 0.92816, -0.338966], [0.623334, -0.357245, -0.69558], [-0.766703, -0.104384, -0.633459]], [[0.153693, 0.92816, -0.338966], [0.969414, -0.208065, -0.130178], [-0.191353, -0.308591, -0.931749]]], "btipPosition": [9.16374, 209.562, -0.182157], "carpPosition": [27.3928, 227.377, 51.2756], "dipPosition": [12.2736, 204.547, -15.3251], "direction": [-0.766703, 0.104384, 0.633459], "extended": false, "handId": 136, "id": 1362, "length": 57.9502, "mcpPosition": [57.1389, 216.868, -1.92899], "pipPosition": [31.1292, 201.98, -30.9038], "stabilizedTipPosition": [14.8816, 211.158, -3.10354], "timeVisible": 5.62845, "tipPosition": [9.11974, 208.377, -2.2355], "tipVelocity": [-26.0836, -3.07302, -14.4733], "tool": false, "touchDistance": 0.333333, "touchZone": "none", "type": 2, "width": 17.9281}, {"bases": [[[0.315752, 0.929807, -0.189101], [-0.826471, 0.367413, 0.426561], [0.466097, 0.021599, 0.88447]], [[0.287235, 0.926839, -0.241797], [-0.751115, 0.0612926, -0.65732], [-0.594409, 0.370423, 0.713768]], [[0.287235, 0.926839, -0.241797], [0.593811, -0.370374, -0.714291], [-0.751588, 0.0615875, -0.656751]], [[0.287235, 0.926839, -0.241797], [0.941956, -0.319127, -0.10429], [-0.173824, -0.197807, -0.964706]]], "btipPosition": [8.54617, 223.886, 2.48877], "carpPosition": [26.4452, 237.678, 47.8656], "dipPosition": [11.355, 220.689, -13.0997], "direction": [-0.751588, -0.0615875, 0.656751], "extended": false, "handId": 136, "id": 1363, "length": 55.7206, "mcpPosition": [52.33, 236.478, -1.25344], "pipPosition": [29.3614, 222.165, -28.8341], "stabilizedTipPosition": [14.1611, 225.993, -0.604179], "timeVisible": 5.62845, "tipPosition": [8.34646, 223.077, -0.0137317], "tipVelocity": [-23.9531, -3.34056, -14.6114], "tool": false, "touchDistance": 0.333333, "touchZone": "none", "type": 3, "width": 17.0597}, {"bases": [[[0.499763, 0.852484, -0.153326], [-0.722851, 0.508014, 0.46841], [0.477203, -0.123262, 0.870106]], [[0.43619, 0.861205, -0.260891], [-0.785807, 0.223279, -0.576762], [-0.438459, 0.456588, 0.774133]], [[0.43619, 0.861205, -0.260891], [0.437833, -0.45641, -0.774592], [-0.786156, 0.223643, -0.576145]], [[0.43619, 0.861205, -0.260891], [0.865159, -0.48109, -0.141605], [-0.247463, -0.163946, -0.954926]]], "btipPosition": [13.3296, 238.098, -0.863206], "carpPosition": [19.1927, 247.063, 43.5596], "dipPosition": [17.0186, 235.654, -15.0984], "direction": [-0.786156, -0.223643, 0.576145], "extended": false, "handId": 136, "id": 1364, "length": 43.6839, "mcpPosition": [43.7248, 253.399, -1.17097], "pipPosition": [30.3167, 239.437, -24.8441], "stabilizedTipPosition": [19.1857, 240.211, -3.46548], "timeVisible": 5.62845, "tipPosition": [12.4166, 237.208, -3.47013], "tipVelocity": [-22.281, -3.5903, -14.664], "tool": false, "touchDistance": 0.333333, "touchZone": "none", "type": 4, "width": 15.1538}], "r": [[-0.0747335, -0.554252, 0.828987], [-0.833404, -0.421778, -0.357128], [0.547587, -0.717571, -0.430395]], "s": 1.37066, "t": [-153.348, 27.5036, 77.5672], "timestamp": 8240664620}, {"currentFrameRate": 114.751, "devices": [], "gestures": [], "hands": [{"armBasis": [[-0.0269367, 0.970456, -0.239769], [-0.415134, 0.207336, 0.885819], [0.909362, 0.123397, 0.397284]], "armWidth": 59.0231, "confidence": 1, "direction": [0.602848, -0.11593, -0.789389], "elbow": [-218.635, 266.088, 158.264], "grabAngle": 3.14159, "grabStrength": 1, "id": 136, "palmNormal": [-0.794849, -0.173087, -0.581598], "palmPosition": [40.2782, 221.361, 12.7412], "palmVelocity": [-23.1747, -4.98397, -15.9015], "palmWidth": 80.6694, "pinchDistance": 43.6428, "pinchStrength": 0, "r": [[-0.0743718, -0.554483, 0.828865], [-0.832759, -0.422726, -0.357511], [0.548617, -0.716834, -0.430312]], "s": 1.37073, "sphereCenter": [25.3945, 191.814, -14.2072], "sphereRadius": 40.7761, "stabilizedPalmPosition": [42.8216, 222.5, 13.3256], "t": [153.137, 27.4447, 77.4376], "timeVisible": 5.6368, "type": "left", "wrist": [-0.956345, 236.55, 63.1643]}], "id": 166253, "interactionBox": {"center": [0, 200, 0], "size": [235.247, 235.247, 147.751]}, "pointables": [{"bases": [[[-0.80072, 0.52576, 0.287094], [-0.175896, -0.664487, 0.726304], [0.572632, 0.531068, 0.624547]], [[-0.938608, 0.335639, 0.0797609], [-0.0901805, -0.461869, 0.882352], [0.332991, 0.820989, 0.463782]], [[-0.938608, 0.335639, 0.0797609], [-0.117137, -0.527527, 0.841424], [0.324491, 0.780424, 0.534457]], [[-0.938608, 0.335639, 0.0797609], [-0.119794, -0.533908, 0.837014], [0.323519, 0.776073, 0.541338]]], "btipPosition": [37.1563, 133.104, 5.98347], "carpPosition": [6.30303, 208.158, 53.2251], "dipPosition": [30.6081, 148.812, 16.9404], "direction": [0.324491, -0.780424, -0.534457], "extended": true, "handId": 136, "id": 1360, "length": 45.0726, "mcpPosition": [6.30303, 208.158, 53.2251], "pipPosition": [21.0398, 171.825, 32.7001], "stabilizedTipPosition": [39.749, 141.216, 8.55041], "timeVisible": 5.6368, "tipPosition": [34.3071, 143.841, 0.336231], "tipVelocity": [-31.5822, -5.24455, -26.4074], "tool": false, "touchDistance": 0.292371, "touchZone": "hovering", "type": 0, "width": 19.1104}, {"bases": [[[-0.0329938, 0.94471, -0.326242], [-0.875936, 0.129858, 0.464621], [0.481298, 0.301097, 0.823221]], [[-0.037005, 0.942167, -0.333094], [-0.733515, -0.251978, -0.631239], [-0.678665, 0.22097, 0.700419]], [[-0.037005, 0.942167, -0.333094], [0.674528, -0.222384, -0.703958], [-0.737321, -0.250731, -0.627289]], [[-0.037005, 0.942167, -0.333094], [0.995691, 0.00640063, -0.0925117], [-0.0850295, -0.335082, -0.938344]]], "btipPosition": [14.8135, 199.396, 1.67246], "carpPosition": [25.3063, 217.053, 54.4136], "dipPosition": [16.0699, 194.445, -12.1929], "direction": [-0.737321, 0.250731, 0.627289], "extended": false, "handId": 136, "id": 1361, "length": 50.8594, "mcpPosition": [56.699, 197.414, 0.719096], "pipPosition": [31.4826, 189.203, -25.3055], "stabilizedTipPosition": [19.9688, 200.982, -0.47768], "timeVisible": 5.6368, "tipPosition": [14.9574, 197.442, -0.69947], "tipVelocity": [-31.59, 2.05288, -15.6778], "tool": false, "touchDistance": 0.333333, "touchZone": "none", "type": 1, "width": 18.2543}, {"bases": [[[0.182147, 0.940632, -0.286417], [-0.858124, 0.294282, 0.420738], [0.480047, 0.169145, 0.860781]], [[0.153034, 0.928796, -0.337517], [-0.765321, -0.104684, -0.635079], [-0.625192, 0.355498, 0.694807]], [[0.153034, 0.928796, -0.337517], [0.624582, -0.355581, -0.695312], [-0.765818, -0.104401, -0.634526]], [[0.153034, 0.928796, -0.337517], [0.969788, -0.206808, -0.129392], [-0.18998, -0.307519, -0.932384]]], "btipPosition": [8.94601, 209.577, -0.28691], "carpPosition": [27.236, 227.294, 51.1618], "dipPosition": [12.0336, 204.58, -15.4402], "direction": [-0.765818, 0.104401, 0.634526], "extended": false, "handId": 136, "id": 1362, "length": 57.9502, "mcpPosition": [56.9291, 216.831, -2.08148], "pipPosition": [30.8674, 202.012, -31.0451], "stabilizedTipPosition": [14.7886, 211.109, -3.11545], "timeVisible": 5.6368, "tipPosition": [8.90231, 208.389, -2.36377], "tipVelocity": [-26.6995, 2.30832, -12.8342], "tool": false, "touchDistance": 0.333333, "touchZone": "none", "type": 2, "width": 17.9281}, {"bases": [[[0.314972, 0.930392, -0.187521], [-0.827178, 0.365976, 0.426425], [0.465371, 0.0208008, 0.884871]], [[0.2865, 0.92747, -0.240244], [-0.750435, 0.061347, -0.658091], [-0.595621, 0.36883, 0.713582]], [[0.2865, 0.92747, -0.240244], [0.595023, -0.368781, -0.714106], [-0.75091, 0.0616407, -0.657522]], [[0.2865, 0.92747, -0.240244], [0.942382, -0.318009, -0.103861], [-0.172728, -0.196645, -0.96514]]], "btipPosition": [8.3437, 223.894, 2.40078], "carpPosition": [26.296, 237.6, 47.7673], "dipPosition": [11.1348, 220.716, -13.1947], "direction": [-0.75091, -0.0616407, 0.657522], "extended": false, "handId": 136, "id": 1363, "length": 55.7206, "mcpPosition": [52.1403, 236.445, -1.37408], "pipPosition": [29.125, 222.193, -28.9475], "stabilizedTipPosition": [14.0733, 225.945, -0.614052], "timeVisible": 5.6368, "tipPosition": [8.14537, 223.087, -0.119574], "tipVelocity": [-24.7451, 1.50038, -10.7354], "tool": false, "touchDistance": 0.333333, "touchZone": "none", "type": 3, "width": 17.0597}, {"bases": [[[0.499032, 0.853201, -0.151709], [-0.723732, 0.506621, 0.468558], [0.476633, -0.124029, 0.870309]], [[0.435595, 0.862011, -0.259219], [-0.785492, 0.223369, -0.577156], [-0.439614, 0.455021, 0.774401]], [[0.435595, 0.862011, -0.259219], [0.438988, -0.454843, -0.77486], [-0.785841, 0.223731, -0.576539]], [[0.435595, 0.862011, -0.259219], [0.865739, -0.480053, -0.141579], [-0.246482, -0.162745, -0.955385]]], "btipPosition": [13.1417, 238.101, -0.94748], "carpPosition": [19.0494, 246.998, 43.4805], "dipPosition": [16.816, 235.675, -15.1896], "direction": [-0.785841, -0.223731, 0.576539], "extended": false, "handId": 136, "id": 1364, "length": 43.6839, "mcpPosition": [43.5522, 253.374, -1.26057], "pipPosition": [30.1088, 239.46, -24.9419], "stabilizedTipPosition": [19.1022, 240.168, -3.47764], "timeVisible": 5.6368, "tipPosition": [12.2264, 237.218, -3.55801], "tipVelocity": [-22.9243, 0.936324, -10.2849], "tool": false, "touchDistance": 0.333333, "touchZone": "none", "type": 4, "width": 15.1538}], "r": [[-0.0743718, -0.554483, 0.828865], [-0.832759, -0.422726, -0.357511], [0.548617, -0.716834, -0.430312]], "s": 1.37073, "t": [-153.137, 27.4447, 77.4376], "timestamp": 8240672967}, {"currentFrameRate": 114.685, "devices": [], "gestures": [], "hands": [{"armBasis": [[-0.0276295, 0.970326, -0.240218], [-0.415166, 0.207464, 0.885774], [0.909326, 0.124204, 0.397114]], "armWidth": 59.0231, "confidence": 1, "direction": [0.601289, -0.116361, -0.790514], "elbow": [-218.721, 266.3, 158.149], "grabAngle": 3.14159, "grabStrength": 1, "id": 136, "palmNormal": [-0.796027, -0.172957, -0.580024], "palmPosition": [40.0932, 221.347, 12.6071], "palmVelocity": [-20.9456, -1.64677, -15.1795], "palmWidth": 80.6694, "pinchDistance": 43.6198, "pinchStrength": 0, "r": [[-0.0743605, -0.554628, 0.828769], [-0.832075, -0.423564, -0.358114], [0.549657, -0.716227, -0.429996]], "s": 1.37077, "sphereCenter": [25.1477, 191.804, -14.3018], "sphereRadius": 40.7718, "stabilizedPalmPosition": [42.6665, 222.435, 13.2847], "t": [152.938, 27.408, 77.3058], "timeVisible": 5.64563, "type": "left", "wrist": [-1.05052, 236.568, 63.0897]}], "id": 166254, "interactionBox": {"center": [0, 200, 0], "size": [235.247, 235.247, 147.751]}, "pointables": [{"bases": [[[-0.80146, 0.525549, 0.285413], [-0.177051, -0.664354, 0.726145], [0.57124, 0.531443, 0.625502]], [[-0.938827, 0.335443, 0.0779913], [-0.0917745, -0.461956, 0.882142], [0.331937, 0.821021, 0.464481]], [[-0.938827, 0.335443, 0.0779913], [-0.118514, -0.527313, 0.841365], [0.323356, 0.780653, 0.534811]], [[-0.938827, 0.335443, 0.0779913], [-0.121033, -0.533387, 0.837167], [0.322421, 0.776515, 0.541358]]], "btipPosition": [36.942, 133.096, 5.87634], "carpPosition": [6.19107, 208.167, 53.1598], "dipPosition": [30.4161, 148.813, 16.8337], "direction": [0.323356, -0.780653, -0.534811], "extended": true, "handId": 136, "id": 1360, "length": 45.0726, "mcpPosition": [6.19107, 208.167, 53.1598], "pipPosition": [20.8812, 171.832, 32.6038], "stabilizedTipPosition": [39.6766, 141.141, 8.54782], "timeVisible": 5.64563, "tipPosition": [34.0719, 143.817, 0.243885], "tipVelocity": [-23.681, -0.722976, -12.1178], "tool": false, "touchDistance": 0.290587, "touchZone": "hovering", "type": 0, "width": 19.1104}, {"bases": [[[-0.0327075, 0.94461, -0.326561], [-0.876873, 0.129668, 0.462903], [0.479608, 0.301493, 0.824062]], [[-0.0366722, 0.942085, -0.333364], [-0.731518, -0.252578, -0.633314], [-0.680836, 0.220636, 0.698414]], [[-0.0366722, 0.942085, -0.333364], [0.675841, -0.22235, -0.702709], [-0.736135, -0.251071, -0.628545]], [[-0.0366722, 0.942085, -0.333364], [0.995855, 0.00666488, -0.0907157], [-0.0832401, -0.335308, -0.938424]]], "btipPosition": [14.5673, 199.395, 1.61525], "carpPosition": [25.1998, 217.055, 54.3094], "dipPosition": [15.7973, 194.44, -12.2513], "direction": [-0.736135, 0.25107, 0.628545], "extended": false, "handId": 136, "id": 1361, "length": 50.8594, "mcpPosition": [56.4822, 197.39, 0.559991], "pipPosition": [31.1852, 189.192, -25.3901], "stabilizedTipPosition": [19.8697, 200.929, -0.498917], "timeVisible": 5.64563, "tipPosition": [14.7383, 197.435, -0.780503], "tipVelocity": [-28.5592, -0.184489, -6.50741], "tool": false, "touchDistance": 0.333333, "touchZone": "none", "type": 1, "width": 18.2543}, {"bases": [[[0.182358, 0.94062, -0.286321], [-0.859036, 0.294087, 0.41901], [0.478332, 0.169551, 0.861656]], [[0.153347, 0.92876, -0.337474], [-0.763818, -0.10527, -0.636789], [-0.626951, 0.355419, 0.693261]], [[0.153347, 0.92876, -0.337474], [0.626342, -0.355502, -0.693767], [-0.764317, -0.104987, -0.636237]], [[0.153347, 0.92876, -0.337474], [0.970177, -0.206382, -0.127137], [-0.187728, -0.307914, -0.93271]]], "btipPosition": [8.73107, 209.577, -0.339863], "carpPosition": [27.1269, 227.294, 51.051], "dipPosition": [11.7821, 204.573, -15.4984], "direction": [-0.764317, 0.104987, 0.636237], "extended": false, "handId": 136, "id": 1362, "length": 57.9502, "mcpPosition": [56.7139, 216.807, -2.24628], "pipPosition": [30.5789, 201.991, -31.1454], "stabilizedTipPosition": [14.6878, 211.059, -3.12882], "timeVisible": 5.64563, "tipPosition": [8.68462, 208.381, -2.4358], "tipVelocity": [-25.2862, -0.215915, -6.13273], "tool": false, "touchDistance": 0.333333, "touchZone": "none", "type": 2, "width": 17.9281}, {"bases": [[[0.314996, 0.930455, -0.187167], [-0.828127, 0.365793, 0.424737], [0.463663, 0.0212077, 0.885758]], [[0.286626, 0.927509, -0.239944], [-0.749049, 0.0608098, -0.659718], [-0.597303, 0.368823, 0.712179]], [[0.286626, 0.927509, -0.239944], [0.596707, -0.368774, -0.712704], [-0.749524, 0.0611035, -0.659151]], [[0.286626, 0.927509, -0.239944], [0.942685, -0.317707, -0.102014], [-0.170851, -0.196952, -0.965412]]], "btipPosition": [8.13552, 223.889, 2.33751], "carpPosition": [26.1841, 237.6, 47.6556], "dipPosition": [10.8963, 220.707, -13.2623], "direction": [-0.749524, -0.0611035, 0.659151], "extended": false, "handId": 136, "id": 1363, "length": 55.7206, "mcpPosition": [51.9336, 236.422, -1.53499], "pipPosition": [28.8533, 222.171, -29.0542], "stabilizedTipPosition": [13.979, 225.896, -0.625363], "timeVisible": 5.64563, "tipPosition": [7.93696, 223.08, -0.193175], "tipVelocity": [-24.3584, -0.640462, -7.27712], "tool": false, "touchDistance": 0.333333, "touchZone": "none", "type": 3, "width": 17.0597}, {"bases": [[[0.499015, 0.85334, -0.150981], [-0.724813, 0.506487, 0.46703], [0.475005, -0.123621, 0.871256]], [[0.435951, 0.862093, -0.258346], [-0.784396, 0.223242, -0.578694], [-0.441214, 0.454928, 0.773544]], [[0.435951, 0.862093, -0.258346], [0.440589, -0.45475, -0.774005], [-0.784747, 0.223604, -0.578078]], [[0.435951, 0.862093, -0.258346], [0.86606, -0.479925, -0.140046], [-0.244719, -0.16269, -0.955847]]], "btipPosition": [12.9371, 238.086, -1.03739], "carpPosition": [18.9327, 247, 43.3801], "dipPosition": [16.5852, 235.661, -15.2864], "direction": [-0.784747, -0.223604, 0.578078], "extended": false, "handId": 136, "id": 1364, "length": 43.6839, "mcpPosition": [43.3519, 253.355, -1.40958], "pipPosition": [29.8594, 239.443, -25.0647], "stabilizedTipPosition": [19.0147, 240.125, -3.4914], "timeVisible": 5.64563, "tipPosition": [12.0166, 237.209, -3.64279], "tipVelocity": [-23.8396, -1.71579, -10.3588], "tool": false, "touchDistance": 0.333333, "touchZone": "none", "type": 4, "width": 15.1538}], "r": [[-0.0743605, -0.554628, 0.828769], [-0.832075, -0.423564, -0.358114], [0.549657, -0.716227, -0.429996]], "s": 1.37077, "t": [-152.938, 27.408, 77.3058], "timestamp": 8240681800}, {"currentFrameRate": 114.324, "devices": [], "gestures": [], "hands": [{"armBasis": [[-0.0288707, 0.970319, -0.2401], [-0.415162, 0.206863, 0.885917], [0.909289, 0.125257, 0.396867]], "armWidth": 59.0231, "confidence": 1, "direction": [0.599238, -0.117593, -0.791887], "elbow": [-218.754, 266.63, 158.053], "grabAngle": 3.14159, "grabStrength": 1, "id": 136, "palmNormal": [-0.79769, -0.171542, -0.578156], "palmPosition": [39.9215, 221.347, 12.4964], "palmVelocity": [-18.3438, 0.0930827, -11.8233], "palmWidth": 80.6694, "pinchDistance": 43.5856, "pinchStrength": 0, "r": [[-0.0745271, -0.55475, 0.828672], [-0.8312, -0.424554, -0.35897], [0.550955, -0.715546, -0.429468]], "s": 1.37076, "sphereCenter": [24.8651, 191.837, -14.3639], "sphereRadius": 40.7669, "stabilizedPalmPosition": [42.5169, 222.375, 13.2418], "t": [152.753, 27.3901, 77.1845], "timeVisible": 5.655, "type": "left", "wrist": [-1.0928, 236.647, 63.0529]}], "id": 166255, "interactionBox": {"center": [0, 200, 0], "size": [235.247, 235.247, 147.751]}, "pointables": [{"bases": [[[-0.803102, 0.524084, 0.283485], [-0.177486, -0.664588, 0.725825], [0.568794, 0.532596, 0.626749]], [[-0.939504, 0.333985, 0.07607], [-0.0929669, -0.462361, 0.881804], [0.329681, 0.821387, 0.46544]], [[-0.939504, 0.333985, 0.07607], [-0.119316, -0.527253, 0.84129], [0.321086, 0.781319, 0.535206]], [[-0.939504, 0.333985, 0.07607], [-0.121736, -0.533135, 0.837226], [0.320176, 0.777317, 0.54154]]], "btipPosition": [36.6274, 133.114, 5.78803], "carpPosition": [6.08864, 208.237, 53.1292], "dipPosition": [30.1469, 148.847, 16.7491], "direction": [0.321086, -0.781319, -0.535206], "extended": true, "handId": 136, "id": 1360, "length": 45.0726, "mcpPosition": [6.08864, 208.237, 53.1292], "pipPosition": [20.6789, 171.886, 32.5309], "stabilizedTipPosition": [39.5939, 141.06, 8.54347], "timeVisible": 5.655, "tipPosition": [33.7298, 143.81, 0.178381], "tipVelocity": [-32.4893, 2.29782, -9.34059], "tool": false, "touchDistance": 0.289129, "touchZone": "hovering", "type": 0, "width": 19.1104}, {"bases": [[[-0.0337215, 0.944504, -0.326765], [-0.878184, 0.128086, 0.460855], [0.477133, 0.302501, 0.825129]], [[-0.0378685, 0.941838, -0.333927], [-0.728438, -0.254773, -0.635978], [-0.684064, 0.219161, 0.695719]], [[-0.0378685, 0.941838, -0.333927], [0.678414, -0.221124, -0.700613], [-0.733703, -0.253072, -0.630583]], [[-0.0378685, 0.941838, -0.333927], [0.996091, 0.00889259, -0.0878788], [-0.0797981, -0.335949, -0.938494]]], "btipPosition": [14.3045, 199.47, 1.61373], "carpPosition": [25.1166, 217.089, 54.2337], "dipPosition": [15.4836, 194.506, -12.2538], "direction": [-0.733703, 0.253072, 0.630583], "extended": false, "handId": 136, "id": 1361, "length": 50.8594, "mcpPosition": [56.2376, 197.359, 0.414682], "pipPosition": [30.8206, 189.216, -25.4353], "stabilizedTipPosition": [19.7583, 200.875, -0.521582], "timeVisible": 5.655, "tipPosition": [14.4912, 197.485, -0.832188], "tipVelocity": [-29.3245, 7.74569, -0.187547], "tool": false, "touchDistance": 0.333333, "touchZone": "none", "type": 1, "width": 18.2543}, {"bases": [[[0.181257, 0.940922, -0.286028], [-0.860554, 0.292532, 0.41698], [0.476018, 0.170562, 0.862737]], [[0.152387, 0.929001, -0.337246], [-0.761579, -0.107104, -0.63916], [-0.629901, 0.35424, 0.691187]], [[0.152387, 0.929001, -0.337246], [0.629294, -0.354325, -0.691696], [-0.762081, -0.106822, -0.638609]], [[0.152387, 0.929001, -0.337246], [0.970985, -0.204361, -0.124199], [-0.184301, -0.308535, -0.933188]]], "btipPosition": [8.50407, 209.649, -0.33582], "carpPosition": [27.0553, 227.324, 50.9694], "dipPosition": [11.4994, 204.635, -15.5021], "direction": [-0.762081, 0.106822, 0.638609], "extended": false, "handId": 136, "id": 1362, "length": 57.9502, "mcpPosition": [56.4992, 216.774, -2.39478], "pipPosition": [30.2413, 202.008, -31.2075], "stabilizedTipPosition": [14.576, 211.007, -3.14298], "timeVisible": 5.655, "tipPosition": [8.45599, 208.439, -2.47583], "tipVelocity": [-25.6129, 7.45259, 0.240879], "tool": false, "touchDistance": 0.333333, "touchZone": "none", "type": 2, "width": 17.9281}, {"bases": [[[0.313685, 0.931018, -0.186566], [-0.829792, 0.364297, 0.422769], [0.461571, 0.0221946, 0.886826]], [[0.285443, 0.928012, -0.239408], [-0.747137, 0.0590141, -0.662045], [-0.600258, 0.367846, 0.710197]], [[0.285443, 0.928012, -0.239408], [0.599663, -0.367799, -0.710724], [-0.747614, 0.0593071, -0.66148]], [[0.285443, 0.928012, -0.239408], [0.94356, -0.315898, -0.0995157], [-0.16798, -0.197489, -0.965806]]], "btipPosition": [7.9372, 223.956, 2.3361], "carpPosition": [26.124, 237.632, 47.5748], "dipPosition": [10.6516, 220.764, -13.2701], "direction": [-0.747614, -0.059307, 0.66148], "extended": false, "handId": 136, "id": 1363, "length": 55.7206, "mcpPosition": [51.7573, 236.399, -1.67514], "pipPosition": [28.5628, 222.185, -29.1178], "stabilizedTipPosition": [13.8752, 225.845, -0.6374], "timeVisible": 5.655, "tipPosition": [7.741, 223.14, -0.232183], "tipVelocity": [-22.3203, 6.8596, -0.306754], "tool": false, "touchDistance": 0.333333, "touchZone": "none", "type": 3, "width": 17.0597}, {"bases": [[[0.497763, 0.854254, -0.149943], [-0.72684, 0.50519, 0.465281], [0.473218, -0.122615, 0.87237]], [[0.435032, 0.862871, -0.257294], [-0.783284, 0.221729, -0.580777], [-0.444086, 0.454192, 0.772333]], [[0.435032, 0.862871, -0.257294], [0.443462, -0.454015, -0.772795], [-0.783638, 0.22209, -0.580162]], [[0.435032, 0.862871, -0.257294], [0.867172, -0.47843, -0.138267], [-0.242404, -0.162968, -0.95639]]], "btipPosition": [12.7583, 238.131, -1.07961], "carpPosition": [18.8803, 247.044, 43.3148], "dipPosition": [16.3719, 235.702, -15.3367], "direction": [-0.783638, -0.22209, 0.580162], "extended": false, "handId": 136, "id": 1364, "length": 43.6839, "mcpPosition": [43.2076, 253.348, -1.53219], "pipPosition": [29.6274, 239.458, -25.1503], "stabilizedTipPosition": [18.9199, 240.08, -3.50656], "timeVisible": 5.655, "tipPosition": [11.8383, 237.26, -3.69112], "tipVelocity": [-19.9419, 4.71471, -4.70718], "tool": false, "touchDistance": 0.333333, "touchZone": "none", "type": 4, "width": 15.1538}], "r": [[-0.0745271, -0.55475, 0.828672], [-0.8312, -0.424554, -0.35897], [0.550955, -0.715546, -0.429468]], "s": 1.37076, "t": [-152.753, 27.3901, 77.1845], "timestamp": 8240691163}, {"currentFrameRate": 114.789, "devices": [], "gestures": [], "hands": [{"armBasis": [[-0.0295229, 0.970188, -0.240547], [-0.415312, 0.20699, 0.885817], [0.9092, 0.126054, 0.39682]], "armWidth": 59.0231, "confidence": 1, "direction": [0.597066, -0.118396, -0.793407], "elbow": [-218.768, 266.938, 158.034], "grabAngle": 3.14159, "grabStrength": 1, "id": 136, "palmNormal": [-0.799336, -0.171186, -0.575983], "palmPosition": [39.7569, 221.411, 12.4072], "palmVelocity": [-20.784, 7.9915, -11.2749], "palmWidth": 80.6694, "pinchDistance": 43.5633, "pinchStrength": 0, "r": [[-0.0750109, -0.554786, 0.828605], [-0.830246, -0.425504, -0.360053], [0.552327, -0.714953, -0.428692]], "s": 1.37077, "sphereCenter": [24.6097, 191.9, -14.3956], "sphereRadius": 40.7661, "stabilizedPalmPosition": [42.3946, 222.333, 13.2048], "t": [152.578, 27.4127, 77.0792], "timeVisible": 5.66291, "type": "left", "wrist": [-1.12818, 236.764, 63.0449]}], "id": 166256, "interactionBox": {"center": [0, 200, 0], "size": [235.247, 235.247, 147.751]}, "pointables": [{"bases": [[[-0.804242, 0.523595, 0.281145], [-0.178886, -0.664405, 0.725648], [0.56674, 0.533304, 0.628007]], [[-0.939891, 0.333448, 0.0736055], [-0.0949396, -0.462226, 0.881665], [0.328012, 0.821681, 0.466099]], [[-0.939891, 0.333448, 0.0736055], [-0.121023, -0.526838, 0.841306], [0.31931, 0.781827, 0.535525]], [[-0.939891, 0.333448, 0.0736055], [-0.123331, -0.532483, 0.837408], [0.318426, 0.777994, 0.5416]]], "btipPosition": [36.3981, 133.179, 5.75345], "carpPosition": [6.02098, 208.344, 53.1345], "dipPosition": [29.953, 148.926, 16.7157], "direction": [0.31931, -0.781827, -0.535525], "extended": true, "handId": 136, "id": 1360, "length": 45.0726, "mcpPosition": [6.02098, 208.344, 53.1345], "pipPosition": [20.5374, 171.98, 32.5069], "stabilizedTipPosition": [39.5196, 140.993, 8.5392], "timeVisible": 5.66291, "tipPosition": [33.4758, 143.863, 0.150208], "tipVelocity": [-27.9372, 8.62453, -4.33258], "tool": false, "touchDistance": 0.288557, "touchZone": "hovering", "type": 0, "width": 19.1104}, {"bases": [[[-0.0335825, 0.944335, -0.327268], [-0.879489, 0.127618, 0.45849], [0.474733, 0.303226, 0.826246]], [[-0.0375181, 0.941788, -0.334108], [-0.725979, -0.255441, -0.638518], [-0.686693, 0.2186, 0.693301]], [[-0.0375181, 0.941788, -0.334108], [0.68042, -0.22079, -0.69877], [-0.731861, -0.253551, -0.632528]], [[-0.0375181, 0.941788, -0.334108], [0.996306, 0.00940875, -0.0853569], [-0.0772445, -0.336077, -0.938662]]], "btipPosition": [14.0684, 199.548, 1.62514], "carpPosition": [25.0585, 217.182, 54.185], "dipPosition": [15.2098, 194.582, -12.2449], "direction": [-0.731861, 0.253551, 0.632528], "extended": false, "handId": 136, "id": 1361, "length": 50.8594, "mcpPosition": [56.023, 197.404, 0.293149], "pipPosition": [30.5084, 189.282, -25.467], "stabilizedTipPosition": [19.6594, 200.83, -0.540581], "timeVisible": 5.66291, "tipPosition": [14.2737, 197.564, -0.845788], "tipVelocity": [-30.913, 9.83637, 1.36971], "tool": false, "touchDistance": 0.333333, "touchZone": "none", "type": 1, "width": 18.2543}, {"bases": [[[0.181291, 0.940935, -0.285964], [-0.861869, 0.292058, 0.41459], [0.47362, 0.171302, 0.86391]], [[0.152565, 0.928969, -0.337253], [-0.759595, -0.108088, -0.641352], [-0.632249, 0.354024, 0.68915]], [[0.152565, 0.928969, -0.337253], [0.631644, -0.35411, -0.689661], [-0.760098, -0.107806, -0.640803]], [[0.152565, 0.928969, -0.337253], [0.971504, -0.203604, -0.121348], [-0.181395, -0.309129, -0.93356]]], "btipPosition": [8.29494, 209.736, -0.321654], "carpPosition": [26.9965, 227.414, 50.9112], "dipPosition": [11.243, 204.712, -15.494], "direction": [-0.760098, 0.107806, 0.640803], "extended": false, "handId": 136, "id": 1362, "length": 57.9502, "mcpPosition": [56.292, 216.819, -2.52553], "pipPosition": [29.9361, 202.061, -31.2533], "stabilizedTipPosition": [14.4776, 210.964, -3.15471], "timeVisible": 5.66291, "tipPosition": [8.24321, 208.52, -2.4782], "tipVelocity": [-27.7871, 10.7072, 1.61344], "tool": false, "touchDistance": 0.333333, "touchZone": "none", "type": 2, "width": 17.9281}, {"bases": [[[0.313464, 0.931176, -0.18615], [-0.831177, 0.363849, 0.420428], [0.459223, 0.0229347, 0.888025]], [[0.285363, 0.928125, -0.239065], [-0.7453, 0.0580694, -0.664195], [-0.602574, 0.367712, 0.708303]], [[0.285363, 0.928125, -0.239065], [0.60198, -0.367666, -0.708831], [-0.74578, 0.0583622, -0.663631]], [[0.285363, 0.928125, -0.239065], [0.944014, -0.315274, -0.0971552], [-0.165543, -0.197956, -0.966131]]], "btipPosition": [7.74068, 224.039, 2.33919], "carpPosition": [26.064, 237.721, 47.5145], "dipPosition": [10.4157, 220.84, -13.2723], "direction": [-0.74578, -0.0583622, 0.663631], "extended": false, "handId": 136, "id": 1363, "length": 55.7206, "mcpPosition": [51.567, 236.447, -1.80205], "pipPosition": [28.283, 222.239, -29.1715], "stabilizedTipPosition": [13.7839, 225.803, -0.647557], "timeVisible": 5.66291, "tipPosition": [7.54512, 223.222, -0.238441], "tipVelocity": [-25.9664, 10.3133, 0.237572], "tool": false, "touchDistance": 0.333333, "touchZone": "none", "type": 3, "width": 17.0597}, {"bases": [[[0.497504, 0.854567, -0.149011], [-0.728445, 0.504838, 0.463149], [0.471018, -0.121872, 0.873664]], [[0.434971, 0.863092, -0.256656], [-0.782005, 0.220782, -0.582859], [-0.446396, 0.454233, 0.770976]], [[0.434971, 0.863092, -0.256656], [0.445773, -0.454057, -0.77144], [-0.78236, 0.221144, -0.582244]], [[0.434971, 0.863092, -0.256656], [0.867723, -0.477917, -0.136571], [-0.240533, -0.163302, -0.956805]]], "btipPosition": [12.5602, 238.205, -1.10861], "carpPosition": [18.8164, 247.137, 43.2694], "dipPosition": [16.1458, 235.771, -15.3718], "direction": [-0.78236, -0.221144, 0.582244], "extended": false, "handId": 136, "id": 1364, "length": 43.6839, "mcpPosition": [43.0306, 253.402, -1.6441], "pipPosition": [29.3797, 239.512, -25.2207], "stabilizedTipPosition": [18.8362, 240.044, -3.5199], "timeVisible": 5.66291, "tipPosition": [11.6446, 237.338, -3.71397], "tipVelocity": [-25.8404, 9.24663, -3.84281], "tool": false, "touchDistance": 0.333333, "touchZone": "none", "type": 4, "width": 15.1538}], "r": [[-0.0750109, -0.554786, 0.828605], [-0.830246, -0.425504, -0.360053], [0.552327, -0.714953, -0.428692]], "s": 1.37077, "t": [-152.578, 27.4127, 77.0792], "timestamp": 8240699080}, {"currentFrameRate": 114.787, "devices": [], "gestures": [], "hands": [{"armBasis": [[-0.0310708, 0.970119, -0.240633], [-0.415529, 0.206421, 0.885848], [0.909049, 0.127514, 0.396698]], "armWidth": 59.0231, "confidence": 1, "direction": [0.596318, -0.118437, -0.793963], "elbow": [-218.813, 267.287, 157.965], "grabAngle": 3.14159, "grabStrength": 1, "id": 136, "palmNormal": [-0.799929, -0.170497, -0.575365], "palmPosition": [39.6278, 221.395, 12.3341], "palmVelocity": [-14.8134, -1.78337, -8.37638], "palmWidth": 80.6694, "pinchDistance": 43.5244, "pinchStrength": 0, "r": [[-0.0754749, -0.554889, 0.828494], [-0.829369, -0.426332, -0.361093], [0.55358, -0.71438, -0.42803]], "s": 1.37068, "sphereCenter": [24.4308, 191.936, -14.4761], "sphereRadius": 40.7479, "stabilizedPalmPosition": [42.2689, 222.29, 13.1653], "t": [152.426, 27.4163, 76.9901], "timeVisible": 5.67163, "type": "left", "wrist": [-1.20945, 236.763, 63.0049]}], "id": 166257, "interactionBox": {"center": [0, 200, 0], "size": [235.247, 235.247, 147.751]}, "pointables": [{"bases": [[[-0.804788, 0.523017, 0.280659], [-0.179119, -0.664791, 0.725238], [0.565891, 0.533391, 0.628698]], [[-0.94006, 0.333073, 0.0731365], [-0.0955348, -0.463116, 0.881134], [0.327352, 0.821332, 0.467177]], [[-0.94006, 0.333073, 0.0731365], [-0.121595, -0.527775, 0.840636], [0.318593, 0.781355, 0.53664]], [[-0.94006, 0.333073, 0.0731365], [-0.123845, -0.533288, 0.836819], [0.317725, 0.777603, 0.542572]]], "btipPosition": [36.2317, 133.204, 5.60396], "carpPosition": [5.9191, 208.332, 53.0853], "dipPosition": [29.8008, 148.943, 16.5859], "direction": [0.318593, -0.781355, -0.53664], "extended": true, "handId": 136, "id": 1360, "length": 45.0726, "mcpPosition": [5.9191, 208.332, 53.0853], "pipPosition": [20.4063, 171.983, 32.41], "stabilizedTipPosition": [39.4473, 140.93, 8.533], "timeVisible": 5.67163, "tipPosition": [33.2967, 143.829, 0.0840918], "tipVelocity": [-18.7162, 2.73374, -16.6323], "tool": false, "touchDistance": 0.286141, "touchZone": "hovering", "type": 0, "width": 19.1104}, {"base