{"frames": 41, "data": [{"currentFrameRate": 115.175, "devices": [], "gestures": [], "hands": [{"armBasis": [[-0.136895, -0.892453, -0.42987], [0.940018, 0.019841, -0.340546], [0.31245, -0.450705, 0.836206]], "armWidth": 59.0231, "confidence": 1, "direction": [-0.0822477, 0.0793403, -0.993449], "elbow": [-163.617, -12.2433, 221.208], "grabAngle": 3.14159, "grabStrength": 1, "id": 131, "palmNormal": [0.996579, 0.0145905, -0.0813416], "palmPosition": [-86.702, 111.525, -44.5504], "palmVelocity": [-6.07425, -4.72639, 2.07411], "palmWidth": 80.6694, "pinchDistance": 38.3134, "pinchStrength": 0.452031, "r": [[0.791384, -0.599593, -0.119158], [-0.0393357, 0.14457, -0.988712], [0.610052, 0.787139, 0.0908246]], "s": 1.7896, "sphereCenter": [-52.1293, 118.411, -62.3742], "sphereRadius": 36.0392, "stabilizedPalmPosition": [-85.1085, 110.826, -40.7004], "t": [57.7723, -21.515, 28.1703], "timeVisible": 18.8529, "type": "left", "wrist": [-88.8245, 95.6442, 21.0409]}], "id": 164031, "interactionBox": {"center": [0, 200, 0], "size": [235.247, 235.247, 147.751]}, "pointables": [{"bases": [[[0.904181, -0.398654, -0.1534], [0.420057, 0.764682, 0.488685], [-0.077514, -0.506296, 0.858869]], [[0.900927, -0.286707, -0.325775], [0.429611, 0.695369, 0.576105], [0.061361, -0.658985, 0.749649]], [[0.900927, -0.286707, -0.325775], [0.396074, 0.850026, 0.34725], [0.177359, -0.441878, 0.879368]], [[0.900927, -0.286707, -0.325775], [0.335142, 0.936567, 0.102581], [0.2757, -0.201599, 0.939866]]], "btipPosition": [-63.4127, 172.3, -71.0859], "carpPosition": [-76.9385, 126.025, 7.04392], "dipPosition": [-68.993, 168.219, -52.0626], "direction": [0.177359, 0.441878, -0.879368], "extended": true, "handId": 131, "id": 1310, "length": 45.0726, "mcpPosition": [-76.9385, 126.025, 7.04392], "pipPosition": [-74.2229, 155.189, -26.1323], "stabilizedTipPosition": [-63.6725, 171.567, -66.0147], "timeVisible": 18.8529, "tipPosition": [-64.5199, 171.86, -66.126], "tipVelocity": [-13.542, -7.66513, -3.69545], "tool": false, "touchDistance": -0.275471, "touchZone": "touching", "type": 0, "width": 19.1104}, {"bases": [[[0.00588242, -0.969269, -0.245931], [0.997781, 0.0219987, -0.0628356], [0.0663148, -0.245016, 0.967248]], [[0.0117899, -0.987299, -0.158438], [0.635832, 0.129692, -0.760853], [0.771737, -0.0917695, 0.629285]], [[0.0117899, -0.987299, -0.158438], [-0.767993, 0.092529, -0.633739], [0.64035, 0.129151, -0.757147]], [[0.0117899, -0.987299, -0.158438], [-0.999342, -0.00620007, -0.0357287], [0.0342926, 0.158755, -0.986722]]], "btipPosition": [-48.0452, 133.743, -57.6076], "carpPosition": [-94.9374, 119.398, -1.54456], "dipPosition": [-48.5519, 136.089, -72.1877], "direction": [0.64035, -0.129151, 0.757147], "extended": false, "handId": 131, "id": 1311, "length": 50.8594, "mcpPosition": [-90.612, 135.379, -64.6333], "pipPosition": [-61.9375, 138.789, -88.0149], "stabilizedTipPosition": [-47.9051, 128.775, -4.98374], "timeVisible": 18.8529, "tipPosition": [-46.5214, 134.052, -59.0198], "tipVelocity": [-12.3749, -2.13415, -0.509333], "tool": false, "touchDistance": 0.333333, "touchZone": "none", "type": 1, "width": 18.2543}, {"bases": [[[-0.155396, -0.982914, -0.098652], [0.985625, -0.147569, -0.0822577], [0.0662942, -0.110016, 0.991716]], [[-0.152109, -0.986998, -0.051932], [0.263068, 0.0102179, -0.964723], [0.952711, -0.160405, 0.258093]], [[-0.152109, -0.986998, -0.051932], [-0.952501, 0.160413, -0.258861], [0.263826, 0.0100902, -0.964517]], [[-0.152109, -0.986998, -0.051932], [-0.908174, 0.118843, 0.401369], [-0.389979, 0.108215, -0.914443]]], "btipPosition": [-52.5067, 120.577, -38.3193], "carpPosition": [-96.4722, 109.092, -4.80042], "dipPosition": [-46.1687, 122.335, -53.181], "direction": [0.263826, -0.0100902, 0.964517], "extended": false, "handId": 131, "id": 1312, "length": 57.9502, "mcpPosition": [-92.3716, 115.897, -66.1426], "pipPosition": [-52.657, 122.583, -76.9014], "stabilizedTipPosition": [-50.336, 117.765, -8.68577], "timeVisible": 18.8529, "tipPosition": [-49.9605, 121.042, -39.9366], "tipVelocity": [-8.40235, -2.19349, 3.16294], "tool": false, "touchDistance": 0.333333, "touchZone": "none", "type": 2, "width": 17.9281}, {"bases": [[[-0.217803, -0.974451, 0.054846], [0.973615, -0.220849, -0.05744], [0.0680851, 0.0408883, 0.996841]], [[-0.21868, -0.974904, 0.0417238], [0.228882, -0.0928121, -0.96902], [0.948574, -0.202355, 0.243434]], [[-0.21868, -0.974904, 0.0417238], [-0.948391, 0.202281, -0.244205], [0.229637, -0.0929733, -0.968826]], [[-0.21868, -0.974904, 0.0417238], [-0.88461, 0.216111, 0.413233], [-0.41188, 0.0534564, -0.909669]]], "btipPosition": [-56.2455, 105.313, -33.5126], "carpPosition": [-95.5265, 98.401, -6.6566], "dipPosition": [-49.59, 106.177, -48.2117], "direction": [0.229637, 0.0929733, 0.968826], "extended": false, "handId": 131, "id": 1313, "length": 55.7206, "mcpPosition": [-91.7454, 96.1303, -62.0162], "pipPosition": [-55.0916, 103.949, -71.4227], "stabilizedTipPosition": [-54.2542, 103.604, -8.38684], "timeVisible": 18.8529, "tipPosition": [-54.3518, 106.592, -35.0072], "tipVelocity": [-7.40295, -2.67819, 4.22743], "tool": false, "touchDistance": 0.333333, "touchZone": "none", "type": 3, "width": 17.0597}, {"bases": [[[-0.366314, -0.913193, 0.178583], [0.930051, -0.365237, 0.0400856], [0.0286191, 0.180775, 0.983108]], [[-0.366615, -0.929711, 0.0350772], [0.276643, -0.144931, -0.949981], [0.888292, -0.338574, 0.310332]], [[-0.366615, -0.929711, 0.0350772], [-0.882342, 0.335484, -0.330036], [0.29507, -0.151946, -0.943317]], [[-0.366615, -0.929711, 0.0350772], [-0.864661, 0.354397, 0.356039], [-0.343445, 0.100199, -0.933813]]], "btipPosition": [-60.1606, 89.9687, -36.1336], "carpPosition": [-88.6674, 87.8318, -5.98076], "dipPosition": [-55.0408, 91.4623, -50.0541], "direction": [0.29507, 0.151946, 0.943317], "extended": false, "handId": 131, "id": 1314, "length": 43.6839, "mcpPosition": [-87.1961, 78.5385, -56.5206], "pipPosition": [-60.032, 88.8921, -66.0106], "stabilizedTipPosition": [-58.2323, 89.9195, -11.8519], "timeVisible": 18.8529, "tipPosition": [-59.9369, 93.0988, -37.8746], "tipVelocity": [-4.82938, -2.0596, 4.75296], "tool": false, "touchDistance": 0.333333, "touchZone": "none", "type": 4, "width": 15.1538}], "r": [[0.791384, -0.599593, -0.119158], [-0.0393357, 0.14457, -0.988712], [0.610052, 0.787139, 0.0908246]], "s": 1.7896, "t": [-57.7723, -21.515, 28.1703], "timestamp": 8221056816}, {"currentFrameRate": 115.216, "devices": [], "gestures": [], "hands": [{"armBasis": [[-0.137399, -0.892513, -0.429583], [0.940155, 0.0190191, -0.340216], [0.311818, -0.45062, 0.836487]], "armWidth": 59.0231, "confidence": 1, "direction": [-0.0823553, 0.0785515, -0.993502], "elbow": [-163.46, -12.269, 221.31], "grabAngle": 3.14159, "grabStrength": 1, "id": 131, "palmNormal": [0.996566, 0.0151067, -0.0814148], "palmPosition": [-86.7121, 111.435, -44.5272], "palmVelocity": [-1.17089, -10.4615, 2.69729], "palmWidth": 80.6694, "pinchDistance": 38.3163, "pinchStrength": 0.452137, "r": [[0.791105, -0.600047, -0.118727], [-0.0387589, 0.144535, -0.98874], [0.610451, 0.786799, 0.091085]], "s": 1.78961, "sphereCenter": [-52.1578, 118.335, -62.3551], "sphereRadius": 36.0371, "stabilizedPalmPosition": [-85.1278, 110.833, -40.7465], "t": [57.7339, -21.5699, 28.1894], "timeVisible": 18.8615, "type": "left", "wrist": [-88.8182, 95.5983, 21.0755]}], "id": 164032, "interactionBox": {"center": [0, 200, 0], "size": [235.247, 235.247, 147.751]}, "pointables": [{"bases": [[[0.90396, -0.399292, -0.153046], [0.42047, 0.764803, 0.488141], [-0.0778605, -0.505611, 0.859241]], [[0.900807, -0.287611, -0.325309], [0.429967, 0.695401, 0.575799], [0.0606144, -0.658557, 0.750086]], [[0.900807, -0.287611, -0.325309], [0.396558, 0.850099, 0.346516], [0.176883, -0.441149, 0.87983]], [[0.900807, -0.287611, -0.325309], [0.335687, 0.936479, 0.10159], [0.275427, -0.200716, 0.940135]]], "btipPosition": [-63.4806, 172.195, -71.1125], "carpPosition": [-76.9537, 125.98, 7.0557], "dipPosition": [-69.0554, 168.133, -52.0837], "direction": [0.176883, 0.441149, -0.87983], "extended": true, "handId": 131, "id": 1310, "length": 45.0726, "mcpPosition": [-76.9537, 125.98, 7.0557], "pipPosition": [-74.2712, 155.124, -26.1399], "stabilizedTipPosition": [-63.6883, 171.563, -66.0251], "timeVisible": 18.8615, "tipPosition": [-64.5665, 171.766, -66.15], "tipVelocity": [-7.73381, -11.6322, -2.9459], "tool": false, "touchDistance": -0.275894, "touchZone": "touching", "type": 0, "width": 19.1104}, {"bases": [[[0.00533658, -0.969456, -0.245208], [0.997798, 0.0213742, -0.0627896], [0.0661129, -0.244333, 0.967435]], [[0.0112435, -0.98746, -0.157469], [0.63567, 0.128621, -0.76117], [0.771879, -0.0915403, 0.629145]], [[0.0112435, -0.98746, -0.157469], [-0.768869, 0.0921465, -0.632732], [0.639308, 0.128187, -0.758191]], [[0.0112435, -0.98746, -0.157469], [-0.999408, -0.00597614, -0.0338836], [0.0325177, 0.157757, -0.986942]]], "btipPosition": [-48.1131, 133.662, -57.5716], "carpPosition": [-94.9494, 119.335, -1.52671], "dipPosition": [-48.5936, 135.994, -72.155], "direction": [0.639307, -0.128187, 0.758191], "extended": false, "handId": 131, "id": 1311, "length": 50.8594, "mcpPosition": [-90.6372, 135.272, -64.6276], "pipPosition": [-61.9574, 138.673, -88.004], "stabilizedTipPosition": [-47.9065, 128.799, -5.22668], "timeVisible": 18.8615, "tipPosition": [-46.5509, 133.975, -59.0221], "tipVelocity": [-7.18596, -9.79696, 4.08984], "tool": false, "touchDistance": 0.333333, "touchZone": "none", "type": 1, "width": 18.2543}, {"bases": [[[-0.155959, -0.982897, -0.0979285], [0.985545, -0.148201, -0.0820859], [0.0661689, -0.109315, 0.991802]], [[-0.152667, -0.986957, -0.0510667], [0.262324, 0.0093498, -0.964935], [0.952827, -0.160709, 0.257475]], [[-0.152667, -0.986957, -0.0510667], [-0.952618, 0.160717, -0.258244], [0.263083, 0.00922182, -0.964729]], [[-0.152667, -0.986957, -0.0510667], [-0.907879, 0.119645, 0.401796], [-0.390446, 0.107703, -0.914304]]], "btipPosition": [-52.5417, 120.509, -38.2703], "carpPosition": [-96.4784, 109.026, -4.77478], "dipPosition": [-46.1961, 122.26, -53.1297], "direction": [0.263083, -0.00922182, 0.964729], "extended": false, "handId": 131, "id": 1312, "length": 57.9502, "mcpPosition": [-92.3855, 115.787, -66.1223], "pipPosition": [-52.6661, 122.487, -76.8553], "stabilizedTipPosition": [-50.3396, 117.781, -8.84542], "timeVisible": 18.8615, "tipPosition": [-49.9788, 120.976, -39.9275], "tipVelocity": [-3.86281, -8.01354, 5.75563], "tool": false, "touchDistance": 0.333333, "touchZone": "none", "type": 2, "width": 17.9281}, {"bases": [[[-0.21837, -0.974283, 0.0555593], [0.973491, -0.221455, -0.0572144], [0.0680469, 0.0415925, 0.996815]], [[-0.219254, -0.974749, 0.0423284], [0.228056, -0.093383, -0.96916], [0.94864, -0.202839, 0.242772]], [[-0.219254, -0.974749, 0.0423284], [-0.948458, 0.202764, -0.243543], [0.228811, -0.0935445, -0.968966]], [[-0.219254, -0.974749, 0.0423284], [-0.88414, 0.216844, 0.413855], [-0.412583, 0.0533149, -0.909358]]], "btipPosition": [-56.2763, 105.242, -33.4536], "carpPosition": [-95.5266, 98.3341, -6.62305], "dipPosition": [-49.6095, 106.103, -48.1477], "direction": [0.228811, 0.0935445, 0.968966], "extended": false, "handId": 131, "id": 1313, "length": 55.7206, "mcpPosition": [-91.7476, 96.0243, -61.9812], "pipPosition": [-55.0913, 103.862, -71.3621], "stabilizedTipPosition": [-54.2563, 103.611, -8.50901], "timeVisible": 18.8615, "tipPosition": [-54.3595, 106.525, -34.9874], "tipVelocity": [-3.27809, -8.34915, 6.98255], "tool": false, "touchDistance": 0.333333, "touchZone": "none", "type": 3, "width": 17.0597}, {"bases": [[[-0.366854, -0.912848, 0.179241], [0.929837, -0.365745, 0.0404162], [0.0286627, 0.181492, 0.982975]], [[-0.367159, -0.929466, 0.0358706], [0.275665, -0.145563, -0.950169], [0.888371, -0.338974, 0.309666]], [[-0.367159, -0.929466, 0.0358706], [-0.8823, 0.335798, -0.329828], [0.294519, -0.152748, -0.943359]], [[-0.367159, -0.929466, 0.0358706], [-0.864259, 0.35515, 0.356266], [-0.343877, 0.0998048, -0.933696]]], "btipPosition": [-60.1656, 89.9011, -36.0664], "carpPosition": [-88.6613, 87.7694, -5.93975], "dipPosition": [-55.0394, 91.3889, -49.9851], "direction": [0.294519, 0.152748, 0.943359], "extended": false, "handId": 131, "id": 1314, "length": 43.6839, "mcpPosition": [-87.1879, 78.4392, -56.4727], "pipPosition": [-60.0213, 88.8051, -65.9424], "stabilizedTipPosition": [-58.2349, 89.9206, -11.9466], "timeVisible": 18.8615, "tipPosition": [-59.9339, 93.0235, -37.8422], "tipVelocity": [-0.415125, -8.00575, 7.85471], "tool": false, "touchDistance": 0.333333, "touchZone": "none", "type": 4, "width": 15.1538}], "r": [[0.791105, -0.600047, -0.118727], [-0.0387589, 0.144535, -0.98874], [0.610451, 0.786799, 0.091085]], "s": 1.78961, "t": [-57.7339, -21.5699, 28.1894], "timestamp": 8221065426}, {"currentFrameRate": 115.263, "devices": [], "gestures": [], "hands": [{"armBasis": [[-0.137491, -0.892547, -0.429483], [0.940332, 0.0186301, -0.339748], [0.311243, -0.450569, 0.836729]], "armWidth": 59.0231, "confidence": 1, "direction": [-0.0824357, 0.0777038, -0.993563], "elbow": [-163.314, -12.3064, 221.415], "grabAngle": 3.14159, "grabStrength": 1, "id": 131, "palmNormal": [0.996559, 0.0151084, -0.0815027], "palmPosition": [-86.7154, 111.336, -44.4916], "palmVelocity": [-0.376972, -11.4842, 4.13464], "palmWidth": 80.6694, "pinchDistance": 38.3666, "pinchStrength": 0.450791, "r": [[0.790874, -0.600442, -0.118269], [-0.0382805, 0.14434, -0.988787], [0.61078, 0.786534, 0.0911693]], "s": 1.78968, "sphereCenter": [-52.188, 118.273, -62.3216], "sphereRadius": 36.0367, "stabilizedPalmPosition": [-85.1464, 110.839, -40.7904], "t": [57.7131, -21.6468, 28.2167], "timeVisible": 18.8701, "type": "left", "wrist": [-88.8106, 95.5485, 21.1233]}], "id": 164033, "interactionBox": {"center": [0, 200, 0], "size": [235.247, 235.247, 147.751]}, "pointables": [{"bases": [[[0.903943, -0.399485, -0.152639], [0.420487, 0.765187, 0.487524], [-0.0779611, -0.504877, 0.859664]], [[0.900846, -0.288133, -0.32474], [0.429985, 0.695391, 0.575799], [0.0599142, -0.658339, 0.750333]], [[0.900846, -0.288133, -0.32474], [0.396741, 0.850096, 0.346315], [0.176275, -0.440814, 0.880119]], [[0.900846, -0.288133, -0.32474], [0.335999, 0.936407, 0.101229], [0.274921, -0.200303, 0.940371]]], "btipPosition": [-63.5401, 172.113, -71.1143], "carpPosition": [-76.9541, 125.925, 7.07816], "dipPosition": [-69.1047, 168.059, -52.0808], "direction": [0.176275, 0.440814, -0.88012], "extended": true, "handId": 131, "id": 1310, "length": 45.0726, "mcpPosition": [-76.9541, 125.925, 7.07816], "pipPosition": [-74.3026, 155.06, -26.1283], "stabilizedTipPosition": [-63.7053, 171.557, -66.0358], "timeVisible": 18.8701, "tipPosition": [-64.5767, 171.648, -66.1696], "tipVelocity": [-6.65285, -9.33342, -0.0799848], "tool": false, "touchDistance": -0.275905, "touchZone": "touching", "type": 0, "width": 19.1104}, {"bases": [[[0.00528619, -0.969664, -0.244386], [0.997804, 0.0212502, -0.0627325], [0.0660227, -0.243518, 0.967647]], [[0.0111935, -0.987614, -0.156506], [0.6349, 0.127938, -0.761928], [0.772513, -0.0908373, 0.628468]], [[0.0111935, -0.987614, -0.156506], [-0.770306, 0.0912806, -0.631107], [0.637576, 0.127622, -0.759743]], [[0.0111935, -0.987614, -0.156506], [-0.999494, -0.00638853, -0.0311709], [0.029785, 0.156776, -0.987185]]], "btipPosition": [-48.1725, 133.547, -57.4948], "carpPosition": [-94.95, 119.272, -1.49726], "dipPosition": [-48.6126, 135.863, -72.0818], "direction": [0.637576, -0.127622, 0.759743], "extended": false, "handId": 131, "id": 1311, "length": 50.8594, "mcpPosition": [-90.6436, 135.156, -64.612], "pipPosition": [-61.9403, 138.531, -87.9632], "stabilizedTipPosition": [-47.9081, 128.821, -5.46146], "timeVisible": 18.8701, "tipPosition": [-46.5656, 133.868, -59.0181], "tipVelocity": [-5.83478, -13.8651, 8.84108], "tool": false, "touchDistance": 0.333333, "touchZone": "none", "type": 1, "width": 18.2543}, {"bases": [[[-0.156022, -0.982969, -0.0971073], [0.98554, -0.14834, -0.081886], [0.0660864, -0.108479, 0.9919]], [[-0.152711, -0.987008, -0.0499392], [0.26123, 0.00841998, -0.96524], [0.95312, -0.160448, 0.256551]], [[-0.152711, -0.987008, -0.0499392], [-0.952912, 0.160455, -0.257319], [0.261989, 0.00829221, -0.965035]], [[-0.152711, -0.987008, -0.0499392], [-0.907521, 0.120048, 0.402484], [-0.39126, 0.106784, -0.914064]]], "btipPosition": [-52.5748, 120.419, -38.1958], "carpPosition": [-96.4784, 108.96, -4.73647], "dipPosition": [-46.216, 122.154, -53.0513], "direction": [0.261989, -0.00829221, 0.965035], "extended": false, "handId": 131, "id": 1312, "length": 57.9502, "mcpPosition": [-92.3907, 115.67, -66.09], "pipPosition": [-52.6591, 122.358, -76.7845], "stabilizedTipPosition": [-50.343, 117.794, -8.98853], "timeVisible": 18.8701, "tipPosition": [-49.9866, 120.884, -39.9093], "tipVelocity": [-3.49284, -10.9304, 8.76489], "tool": false, "touchDistance": 0.333333, "touchZone": "none", "type": 2, "width": 17.9281}, {"bases": [[[-0.218443, -0.97422, 0.0563684], [0.973479, -0.221573, -0.0569533], [0.0679748, 0.0424324, 0.996784]], [[-0.219322, -0.974696, 0.0431944], [0.226991, -0.0940339, -0.969347], [0.94888, -0.202795, 0.241871]], [[-0.219322, -0.974696, 0.0431944], [-0.948699, 0.20272, -0.242642], [0.227746, -0.0941954, -0.969154]], [[-0.219322, -0.974696, 0.0431944], [-0.883668, 0.217216, 0.414667], [-0.413557, 0.0527762, -0.908948]]], "btipPosition": [-56.3117, 105.151, -33.3719], "carpPosition": [-95.5261, 98.2669, -6.57575], "dipPosition": [-49.6292, 106.003, -48.0594], "direction": [0.227746, 0.0941954, 0.969154], "extended": false, "handId": 131, "id": 1313, "length": 55.7206, "mcpPosition": [-91.7511, 95.9104, -61.9322], "pipPosition": [-55.0855, 103.747, -71.2783], "stabilizedTipPosition": [-54.2583, 103.618, -8.61754], "timeVisible": 18.8701, "tipPosition": [-54.3631, 106.433, -34.9566], "tipVelocity": [-3.70244, -10.8491, 9.67748], "tool": false, "touchDistance": 0.333333, "touchZone": "none", "type": 3, "width": 17.0597}, {"bases": [[[-0.366932, -0.91267, 0.179987], [0.929808, -0.365777, 0.0407962], [0.0286016, 0.182323, 0.982823]], [[-0.367231, -0.929402, 0.0367831], [0.27454, -0.146093, -0.950413], [0.888689, -0.338923, 0.308808]], [[-0.367231, -0.929402, 0.0367831], [-0.882453, 0.335636, -0.329583], [0.29397, -0.153493, -0.94341]], [[-0.367231, -0.929402, 0.0367831], [-0.864015, 0.355504, 0.356503], [-0.344412, 0.099138, -0.93357]]], "btipPosition": [-60.1749, 89.8132, -35.9776], "carpPosition": [-88.66, 87.7032, -5.88402], "dipPosition": [-55.0407, 91.291, -49.8945], "direction": [0.29397, 0.153493, 0.94341], "extended": false, "handId": 131, "id": 1314, "length": 43.6839, "mcpPosition": [-87.1896, 78.3303, -56.4092], "pipPosition": [-60.0133, 88.6947, -65.8526], "stabilizedTipPosition": [-58.2373, 89.9213, -12.0293], "timeVisible": 18.8701, "tipPosition": [-59.9329, 92.9252, -37.7967], "tipVelocity": [-0.871345, -10.4922, 10.373], "tool": false, "touchDistance": 0.333333, "touchZone": "none", "type": 4, "width": 15.1538}], "r": [[0.790874, -0.600442, -0.118269], [-0.0382805, 0.14434, -0.988787], [0.61078, 0.786534, 0.0911693]], "s": 1.78968, "t": [-57.7131, -21.6468, 28.2167], "timestamp": 8221074022}, {"currentFrameRate": 114.688, "devices": [], "gestures": [], "hands": [{"armBasis": [[-0.137285, -0.892534, -0.429577], [0.940611, 0.0184732, -0.338985], [0.310491, -0.450602, 0.836991]], "armWidth": 59.0231, "confidence": 1, "direction": [-0.0833176, 0.0775842, -0.993498], "elbow": [-163.118, -12.3658, 221.493], "grabAngle": 3.14159, "grabStrength": 1, "id": 131, "palmNormal": [0.996485, 0.0152317, -0.0823786], "palmPosition": [-86.7585, 111.279, -44.4798], "palmVelocity": [-4.44987, -5.91579, 1.22177], "palmWidth": 80.6694, "pinchDistance": 38.4475, "pinchStrength": 0.448673, "r": [[0.790694, -0.600781, -0.11775], [-0.0377206, 0.144163, -0.988835], [0.611048, 0.786308, 0.0913268]], "s": 1.78996, "sphereCenter": [-52.276, 118.286, -62.3351], "sphereRadius": 36.0412, "stabilizedPalmPosition": [-85.1674, 110.844, -40.8384], "t": [57.6811, -21.7139, 28.2363], "timeVisible": 18.8798, "type": "left", "wrist": [-88.7945, 95.4971, 21.1383]}], "id": 164034, "interactionBox": {"center": [0, 200, 0], "size": [235.247, 235.247, 147.751]}, "pointables": [{"bases": [[[0.904023, -0.399622, -0.151803], [0.420161, 0.765184, 0.487809], [-0.0787823, -0.504772, 0.85965]], [[0.901118, -0.288428, -0.323721], [0.4296, 0.694813, 0.576783], [0.0585653, -0.658821, 0.750017]], [[0.901118, -0.288428, -0.323721], [0.396767, 0.849615, 0.347464], [0.17482, -0.441548, 0.880042]], [[0.901118, -0.288428, -0.323721], [0.336396, 0.936146, 0.102316], [0.27354, -0.201097, 0.940604]]], "btipPosition": [-63.6706, 172.122, -71.1011], "carpPosition": [-76.954, 125.875, 7.07983], "dipPosition": [-69.2071, 168.051, -52.0628], "direction": [0.17482, 0.441548, -0.880042], "extended": true, "handId": 131, "id": 1310, "length": 45.0726, "mcpPosition": [-76.954, 125.875, 7.07983], "pipPosition": [-74.3621, 155.031, -26.1127], "stabilizedTipPosition": [-63.7269, 171.551, -66.0478], "timeVisible": 18.8798, "tipPosition": [-64.6485, 171.589, -66.1868], "tipVelocity": [-12.7847, 0.501698, 1.475], "tool": false, "touchDistance": -0.275667, "touchZone": "touching", "type": 0, "width": 19.1104}, {"bases": [[[0.00537188, -0.969691, -0.244275], [0.997862, 0.021111, -0.0618594], [0.0651414, -0.243421, 0.967731]], [[0.0112076, -0.987651, -0.156267], [0.635148, 0.127733, -0.761755], [0.772309, -0.0907153, 0.628736]], [[0.0112076, -0.987651, -0.156267], [-0.770085, 0.0911612, -0.631395], [0.637843, 0.127415, -0.759553]], [[0.0112076, -0.987651, -0.156267], [-0.999498, -0.00643248, -0.03103], [0.0296416, 0.156536, -0.987227]]], "btipPosition": [-48.2406, 133.49, -57.4954], "carpPosition": [-94.9564, 119.219, -1.47907], "dipPosition": [-48.6786, 135.803, -72.083], "direction": [0.637843, -0.127415, 0.759553], "extended": false, "handId": 131, "id": 1311, "length": 50.8594, "mcpPosition": [-90.7076, 135.096, -64.5993], "pipPosition": [-62.0118, 138.466, -87.9604], "stabilizedTipPosition": [-47.9103, 128.848, -5.74365], "timeVisible": 18.8798, "tipPosition": [-46.6273, 133.815, -59.0469], "tipVelocity": [-6.96956, -5.93715, -0.0767054], "tool": false, "touchDistance": 0.333333, "touchZone": "none", "type": 1, "width": 18.2543}, {"bases": [[[-0.156067, -0.982959, -0.0971368], [0.985592, -0.14848, -0.0810051], [0.0652018, -0.108379, 0.991969]], [[-0.152777, -0.987011, -0.0496786], [0.26093, 0.00819828, -0.965323], [0.953192, -0.160442, 0.256288]], [[-0.152777, -0.987011, -0.0496786], [-0.952984, 0.160448, -0.257057], [0.261689, 0.00807052, -0.965119]], [[-0.152777, -0.987011, -0.0496786], [-0.907494, 0.12021, 0.402497], [-0.391297, 0.106575, -0.914072]]], "btipPosition": [-52.6424, 120.367, -38.1663], "carpPosition": [-96.4864, 108.906, -4.71582], "dipPosition": [-46.283, 122.099, -53.022], "direction": [0.261689, -0.00807052, 0.965119], "extended": false, "handId": 131, "id": 1312, "length": 57.9502, "mcpPosition": [-92.4534, 115.609, -66.0736], "pipPosition": [-52.7188, 122.298, -76.7572], "stabilizedTipPosition": [-50.3471, 117.808, -9.14777], "timeVisible": 18.8798, "tipPosition": [-50.0313, 120.831, -39.9368], "tipVelocity": [-6.96376, -5.43201, 3.03729], "tool": false, "touchDistance": 0.333333, "touchZone": "none", "type": 2, "width": 17.9281}, {"bases": [[[-0.218622, -0.974185, 0.0562831], [0.973499, -0.221708, -0.056075], [0.0671059, 0.0425323, 0.996839]], [[-0.219484, -0.97466, 0.0431876], [0.226616, -0.0939881, -0.969439], [0.948932, -0.20299, 0.241502]], [[-0.219484, -0.97466, 0.0431876], [-0.948751, 0.202915, -0.242274], [0.227371, -0.0941497, -0.969246]], [[-0.219484, -0.97466, 0.0431876], [-0.883474, 0.21734, 0.415015], [-0.413884, 0.0529341, -0.908789]]], "btipPosition": [-56.3804, 105.094, -33.3401], "carpPosition": [-95.5342, 98.2125, -6.55476], "dipPosition": [-49.6926, 105.95, -48.025], "direction": [0.227371, 0.0941497, 0.969246], "extended": false, "handId": 131, "id": 1313, "length": 55.7206, "mcpPosition": [-91.8075, 95.8505, -61.9142], "pipPosition": [-55.1399, 103.694, -71.2461], "stabilizedTipPosition": [-54.2609, 103.625, -8.73925], "timeVisible": 18.8798, "tipPosition": [-54.399, 106.377, -34.9793], "tipVelocity": [-6.95512, -5.71949, 3.3446], "tool": false, "touchDistance": 0.333333, "touchZone": "none", "type": 3, "width": 17.0597}, {"bases": [[[-0.367211, -0.912601, 0.179764], [0.929723, -0.365896, 0.0416519], [0.0277635, 0.182426, 0.982827]], [[-0.367391, -0.929341, 0.0367276], [0.274071, -0.145914, -0.950576], [0.888768, -0.339167, 0.308313]], [[-0.367391, -0.929341, 0.0367276], [-0.882361, 0.33579, -0.329674], [0.294047, -0.153526, -0.94338]], [[-0.367391, -0.929341, 0.0367276], [-0.863978, 0.355638, 0.35646], [-0.344335, 0.0992282, -0.933589]]], "btipPosition": [-60.2193, 89.7611, -35.9468], "carpPosition": [-88.6661, 87.6498, -5.8679], "dipPosition": [-55.0863, 91.2403, -49.864], "direction": [0.294047, 0.153526, 0.94338], "extended": false, "handId": 131, "id": 1314, "length": 43.6839, "mcpPosition": [-87.2389, 78.2716, -56.3933], "pipPosition": [-60.0602, 88.6434, -65.8216], "stabilizedTipPosition": [-58.24, 89.9219, -12.1222], "timeVisible": 18.8798, "tipPosition": [-59.9652, 92.8644, -37.81], "tipVelocity": [-4.60167, -5.33501, 3.17011], "tool": false, "touchDistance": 0.333333, "touchZone": "none", "type": 4, "width": 15.1538}], "r": [[0.790694, -0.600781, -0.11775], [-0.0377206, 0.144163, -0.988835], [0.611048, 0.786308, 0.0913268]], "s": 1.78996, "t": [-57.6811, -21.7139, 28.2363], "timestamp": 8221083720}, {"currentFrameRate": 115.267, "devices": [], "gestures": [], "hands": [{"armBasis": [[-0.136839, -0.892561, -0.429663], [0.940862, 0.018597, -0.338279], [0.309925, -0.450544, 0.837232]], "armWidth": 59.0231, "confidence": 1, "direction": [-0.0841079, 0.0775274, -0.993436], "elbow": [-162.962, -12.4319, 221.575], "grabAngle": 3.14159, "grabStrength": 1, "id": 131, "palmNormal": [0.99642, 0.0150742, -0.0831841], "palmPosition": [-86.7876, 111.194, -44.4583], "palmVelocity": [-3.78101, -10.9815, 2.79036], "palmWidth": 80.6694, "pinchDistance": 38.5664, "pinchStrength": 0.445014, "r": [[0.790587, -0.601029, -0.1172], [-0.0371174, 0.144006, -0.98888], [0.611223, 0.786147, 0.0915407]], "s": 1.79031, "sphereCenter": [-52.3572, 118.307, -62.331], "sphereRadius": 36.0452, "stabilizedPalmPosition": [-85.1841, 110.848, -40.8757], "t": [57.6505, -21.7896, 28.2568], "timeVisible": 18.8875, "type": "left", "wrist": [-88.7735, 95.4171, 21.1623]}], "id": 164035, "interactionBox": {"center": [0, 200, 0], "size": [235.247, 235.247, 147.751]}, "pointables": [{"bases": [[[0.904206, -0.399495, -0.151045], [0.41965, 0.765282, 0.488095], [-0.0793994, -0.504724, 0.859621]], [[0.901441, -0.28841, -0.322836], [0.429103, 0.693872, 0.578283], [0.0572243, -0.659818, 0.749243]], [[0.901441, -0.28841, -0.322836], [0.396637, 0.849042, 0.349007], [0.173445, -0.442658, 0.879756]], [[0.901441, -0.28841, -0.322836], [0.336565, 0.93594, 0.10364], [0.272265, -0.20208, 0.940763]]], "btipPosition": [-63.7815, 172.136, -71.0491], "carpPosition": [-76.9392, 125.792, 7.09234], "dipPosition": [-69.2923, 168.046, -52.0076], "direction": [0.173445, 0.442658, -0.879756], "extended": true, "handId": 131, "id": 1310, "length": 45.0726, "mcpPosition": [-76.9392, 125.792, 7.09234], "pipPosition": [-74.4067, 154.993, -26.0659], "stabilizedTipPosition": [-63.7446, 171.546, -66.0562], "timeVisible": 18.8875, "tipPosition": [-64.6891, 171.497, -66.1916], "tipVelocity": [-13.6554, 1.28653, 6.85361], "tool": false, "touchDistance": -0.274788, "touchZone": "touching", "type": 0, "width": 19.1104}, {"bases": [[[0.0057167, -0.969707, -0.244203], [0.997908, 0.0212586, -0.0610553], [0.0643971, -0.243343, 0.9678]], [[0.0114685, -0.987622, -0.156432], [0.634063, 0.128151, -0.762588], [0.773196, -0.0904421, 0.627685]], [[0.0114685, -0.987622, -0.156432], [-0.770949, 0.0908946, -0.630377], [0.636793, 0.127831, -0.760364]], [[0.0114685, -0.987622, -0.156432], [-0.999528, -0.00686607, -0.0299297], [0.0284851, 0.156701, -0.987235]]], "btipPosition": [-48.2884, 133.383, -57.4162], "carpPosition": [-94.9496, 119.138, -1.45156], "dipPosition": [-48.7093, 135.699, -72.004], "direction": [0.636793, -0.127831, 0.760364], "extended": false, "handId": 131, "id": 1311, "length": 50.8594, "mcpPosition": [-90.7493, 135.01, -64.5763], "pipPosition": [-62.0206, 138.371, -87.8984], "stabilizedTipPosition": [-47.9121, 128.867, -5.95475], "timeVisible": 18.8875, "tipPosition": [-46.6752, 133.724, -59.0698], "tipVelocity": [-5.7022, -13.7793, 10.2866], "tool": false, "touchDistance": 0.333333, "touchZone": "none", "type": 1, "width": 18.2543}, {"bases": [[[-0.155839, -0.982989, -0.0971939], [0.98568, -0.148336, -0.080199], [0.0644174, -0.1083, 0.992029]], [[-0.152563, -0.987058, -0.0494113], [0.260369, 0.00808721, -0.965475], [0.953379, -0.160161, 0.255766]], [[-0.152563, -0.987058, -0.0494113], [-0.953172, 0.160168, -0.256534], [0.261128, 0.00795967, -0.965271]], [[-0.152563, -0.987058, -0.0494113], [-0.9074, 0.12009, 0.402744], [-0.391598, 0.10628, -0.913978]]], "btipPosition": [-52.6992, 120.278, -38.1166], "carpPosition": [-96.4837, 108.826, -4.68635], "dipPosition": [-46.3348, 122.005, -52.9707], "direction": [0.261128, -0.00795967, 0.965271], "extended": false, "handId": 131, "id": 1312, "length": 57.9502, "mcpPosition": [-92.4992, 115.524, -66.0478], "pipPosition": [-52.7568, 122.201, -76.7096], "stabilizedTipPosition": [-50.3504, 117.819, -9.27119], "timeVisible": 18.8875, "tipPosition": [-50.0604, 120.741, -39.9526], "tipVelocity": [-7.22898, -11.7499, 6.51814], "tool": false, "touchDistance": 0.333333, "touchZone": "none", "type": 2, "width": 17.9281}, {"bases": [[[-0.218519, -0.974214, 0.0561748], [0.973578, -0.221564, -0.0552736], [0.0662946, 0.0426122, 0.99689]], [[-0.219358, -0.974684, 0.0432842], [0.226125, -0.0939473, -0.969557], [0.949078, -0.202892, 0.241009]], [[-0.219358, -0.974684, 0.0432842], [-0.948898, 0.202817, -0.241781], [0.226881, -0.0941089, -0.969365]], [[-0.219358, -0.974684, 0.0432842], [-0.883323, 0.217243, 0.415386], [-0.414274, 0.0528843, -0.908615]]], "btipPosition": [-56.4383, 105.006, -33.2944], "carpPosition": [-95.5347, 98.1321, -6.52532], "dipPosition": [-49.7442, 105.86, -47.9765], "direction": [0.226881, 0.0941088, 0.969365], "extended": false, "handId": 131, "id": 1313, "length": 55.7206, "mcpPosition": [-91.853, 95.7656, -61.8876], "pipPosition": [-55.1798, 103.606, -71.2004], "stabilizedTipPosition": [-54.2631, 103.631, -8.83515], "timeVisible": 18.8875, "tipPosition": [-54.423, 106.284, -34.9904], "tipVelocity": [-7.33888, -11.5763, 6.02859], "tool": false, "touchDistance": 0.333333, "touchZone": "none", "type": 3, "width": 17.0597}, {"bases": [[[-0.367217, -0.912645, 0.179532], [0.929745, -0.365751, 0.0424281], [0.0269423, 0.182499, 0.982837]], [[-0.367283, -0.929387, 0.0366547], [0.273628, -0.145632, -0.950747], [0.888949, -0.339163, 0.307794]], [[-0.367283, -0.929387, 0.0366547], [-0.882356, 0.33569, -0.329789], [0.294197, -0.153468, -0.943343]], [[-0.367283, -0.929387, 0.0366547], [-0.864108, 0.355536, 0.356246], [-0.344122, 0.0991693, -0.933673]]], "btipPosition": [-60.2518, 89.6757, -35.9062], "carpPosition": [-88.6676, 87.5684, -5.84326], "dipPosition": [-55.1219, 91.1541, -49.8246], "direction": [0.294197, 0.153468, 0.943343], "extended": false, "handId": 131, "id": 1314, "length": 43.6839, "mcpPosition": [-87.2826, 78.1864, -56.3691], "pipPosition": [-60.0983, 88.5581, -65.7815], "stabilizedTipPosition": [-58.2423, 89.9222, -12.1966], "timeVisible": 18.8875, "tipPosition": [-59.9892, 92.769, -37.8124], "tipVelocity": [-4.31839, -11.1337, 5.24898], "tool": false, "touchDistance": 0.333333, "touchZone": "none", "type": 4, "width": 15.1538}], "r": [[0.790587, -0.601029, -0.1172], [-0.0371174, 0.144006, -0.98888], [0.611223, 0.786147, 0.0915407]], "s": 1.79031, "t": [-57.6505, -21.7896, 28.2568], "timestamp": 8221091410}, {"currentFrameRate": 114.58, "devices": [], "gestures": [], "hands": [{"armBasis": [[-0.138008, -0.892545, -0.429322], [0.940944, 0.0171501, -0.338127], [0.309156, -0.450632, 0.837468]], "armWidth": 59.0231, "confidence": 1, "direction": [-0.0849533, 0.0768078, -0.99342], "elbow": [-162.737, -12.5342, 221.663], "grabAngle": 3.14159, "grabStrength": 1, "id": 131, "palmNormal": [0.996336, 0.0163844, -0.0839359], "palmPosition": [-86.812, 111.078, -44.4362], "palmVelocity": [-2.47108, -11.7334, 2.23935], "palmWidth": 80.6694, "pinchDistance": 38.6572, "pinchStrength": 0.441177, "r": [[0.790355, -0.601458, -0.116568], [-0.0364482, 0.14377, -0.98894], [0.611565, 0.785862, 0.0917074]], "s": 1.79058, "sphereCenter": [-52.4408, 118.325, -62.3234], "sphereRadius": 36.0431, "stabilizedPalmPosition": [-85.2058, 110.851, -40.9232], "t": [57.6231, -21.8856, 28.2782], "timeVisible": 18.8974, "type": "left", "wrist": [-88.7324, 95.336, 21.1943]}], "id": 164036, "interactionBox": {"center": [0, 200, 0], "size": [235.247, 235.247, 147.751]}, "pointables": [{"bases": [[[0.903772, -0.400821, -0.150128], [0.420332, 0.765005, 0.487942], [-0.0807289, -0.504092, 0.859869]], [[0.901289, -0.289853, -0.321968], [0.429699, 0.692667, 0.579285], [0.055109, -0.660453, 0.748842]], [[0.901289, -0.289853, -0.321968], [0.39771, 0.848274, 0.349655], [0.171769, -0.44319, 0.879817]], [[0.901289, -0.289853, -0.321968], [0.337966, 0.935397, 0.103979], [0.271029, -0.202529, 0.941023]]], "btipPosition": [-63.9556, 172.118, -71.0325], "carpPosition": [-76.9452, 125.721, 7.09826], "dipPosition": [-69.4413, 168.018, -51.9858], "direction": [0.171769, 0.44319, -0.879817], "extended": true, "handId": 131, "id": 1310, "length": 45.0726, "mcpPosition": [-76.9452, 125.721, 7.09826], "pipPosition": [-74.5063, 154.95, -26.0423], "stabilizedTipPosition": [-63.7713, 171.539, -66.0669], "timeVisible": 18.8974, "tipPosition": [-64.8149, 171.396, -66.2255], "tipVelocity": [-17.0076, -2.07752, 1.79777], "tool": false, "touchDistance": -0.274492, "touchZone": "touching", "type": 0, "width": 19.1104}, {"bases": [[[0.00457372, -0.969863, -0.243609], [0.997981, 0.0198586, -0.0603244], [0.0633441, -0.242842, 0.967996]], [[0.0102072, -0.987662, -0.15627], [0.631757, 0.127507, -0.764608], [0.775099, -0.0909204, 0.625263]], [[0.0102072, -0.987662, -0.15627], [-0.771832, 0.0915766, -0.629197], [0.635745, 0.127037, -0.761374]], [[0.0102072, -0.987662, -0.15627], [-0.999563, -0.00574003, -0.0290109], [0.027756, 0.156498, -0.987288]]], "btipPosition": [-48.3223, 133.287, -57.2937], "carpPosition": [-94.9529, 119.037, -1.42816], "dipPosition": [-48.7324, 135.599, -71.8823], "direction": [0.635745, -0.127037, 0.761374], "extended": false, "handId": 131, "id": 1311, "length": 50.8594, "mcpPosition": [-90.8213, 134.877, -64.5656], "pipPosition": [-62.0218, 138.255, -87.7978], "stabilizedTipPosition": [-47.9141, 128.887, -6.17628], "timeVisible": 18.8974, "tipPosition": [-46.7578, 133.655, -59.1065], "tipVelocity": [-3.17844, -9.81421, 12.3592], "tool": false, "touchDistance": 0.333333, "touchZone": "none", "type": 1, "width": 18.2543}, {"bases": [[[-0.157109, -0.982834, -0.0967127], [0.985536, -0.149731, -0.0793742], [0.0635308, -0.107784, 0.992142]], [[-0.153844, -0.986904, -0.0484929], [0.259874, 0.00693646, -0.965618], [0.953309, -0.161157, 0.255403]], [[-0.153844, -0.986904, -0.0484929], [-0.953102, 0.161162, -0.256172], [0.260633, 0.00680812, -0.965414]], [[-0.153844, -0.986904, -0.0484929], [-0.907127, 0.121611, 0.402905], [-0.391731, 0.105974, -0.913956]]], "btipPosition": [-52.7629, 120.216, -38.0745], "carpPosition": [-96.4753, 108.72, -4.65554], "dipPosition": [-46.3964, 121.938, -52.9283], "direction": [0.260633, -0.00680812, 0.965414], "extended": false, "handId": 131, "id": 1312, "length": 57.9502, "mcpPosition": [-92.5457, 115.387, -66.024], "pipPosition": [-52.8062, 122.105, -76.6707], "stabilizedTipPosition": [-50.3549, 117.832, -9.42359], "timeVisible": 18.8974, "tipPosition": [-50.0994, 120.678, -39.9696], "tipVelocity": [-6.38945, -6.40952, 4.25815], "tool": false, "touchDistance": 0.333333, "touchZone": "none", "type": 2, "width": 17.9281}, {"bases": [[[-0.219892, -0.973881, 0.0566039], [0.973315, -0.222927, -0.0544132], [0.0656105, 0.0431285, 0.996913]], [[-0.220713, -0.974353, 0.0438511], [0.225557, -0.0947316, -0.969613], [0.948899, -0.204115, 0.240681]], [[-0.220713, -0.974353, 0.0438511], [-0.948719, 0.204039, -0.241453], [0.226313, -0.0948941, -0.969421]], [[-0.220713, -0.974353, 0.0438511], [-0.882876, 0.218694, 0.415576], [-0.414507, 0.0530077, -0.908501]]], "btipPosition": [-56.479, 104.936, -33.2469], "carpPosition": [-95.513, 98.0271, -6.48871], "dipPosition": [-49.781, 105.793, -47.9271], "direction": [0.226313, 0.0948941, 0.969421], "extended": false, "handId": 131, "id": 1313, "length": 55.7206, "mcpPosition": [-91.8693, 95.632, -61.8523], "pipPosition": [-55.203, 103.519, -71.1524], "stabilizedTipPosition": [-54.2659, 103.637, -8.95034], "timeVisible": 18.8974, "tipPosition": [-54.4356, 106.214, -34.9953], "tipVelocity": [-4.02011, -6.98329, 4.84358], "tool": false, "touchDistance": 0.333333, "touchZone": "none", "type": 3, "width": 17.0597}, {"bases": [[[-0.368597, -0.912033, 0.179813], [0.929213, -0.366995, 0.0433433], [0.0264598, 0.18306, 0.982746]], [[-0.368584, -0.928854, 0.0370974], [0.272957, -0.146289, -0.950839], [0.888617, -0.340337, 0.307457]], [[-0.368584, -0.928854, 0.0370974], [-0.881812, 0.33673, -0.330182], [0.294199, -0.154413, -0.943188]], [[-0.368584, -0.928854, 0.0370974], [-0.863738, 0.356952, 0.355727], [-0.34366, 0.0990725, -0.933854]]], "btipPosition": [-60.2432, 89.605, -35.8532], "carpPosition": [-88.6311, 87.4732, -5.80536], "dipPosition": [-55.1203, 91.0819, -49.7743], "direction": [0.294199, 0.154413, 0.943188], "extended": false, "handId": 131, "id": 1314, "length": 43.6839, "mcpPosition": [-87.2708, 78.0624, -56.3265], "pipPosition": [-60.0967, 88.47, -65.7286], "stabilizedTipPosition": [-58.245, 89.9223, -12.2842], "timeVisible": 18.8974, "tipPosition": [-59.9813, 92.6866, -37.8022], "tipVelocity": [0.702697, -7.17643, 5.2893], "tool": false, "touchDistance": 0.333333, "touchZone": "none", "type": 4, "width": 15.1538}], "r": [[0.790355, -0.601458, -0.116568], [-0.0364482, 0.14377, -0.98894], [0.611565, 0.785862, 0.0917074]], "s": 1.79058, "t": [-57.6231, -21.8856, 28.2782], "timestamp": 8221101307}, {"currentFrameRate": 115.298, "devices": [], "gestures": [], "hands": [{"armBasis": [[-0.138396, -0.892489, -0.429314], [0.941137, 0.0164677, -0.337625], [0.308396, -0.450769, 0.837675]], "armWidth": 59.0231, "confidence": 1, "direction": [-0.0852367, 0.0758889, -0.993466], "elbow": [-162.552, -12.6068, 221.762], "grabAngle": 3.14159, "grabStrength": 1, "id": 131, "palmNormal": [0.996309, 0.0166888, -0.0842058], "palmPosition": [-86.8357, 110.988, -44.4001], "palmVelocity": [-3.17671, -12.0558, 4.83577], "palmWidth": 80.6694, "pinchDistance": 38.708, "pinchStrength": 0.437274, "r": [[0.790128, -0.601882, -0.115915], [-0.0358513, 0.143408, -0.989014], [0.611893, 0.785603, 0.0917321]], "s": 1.79055, "sphereCenter": [-52.5048, 118.311, -62.282], "sphereRadius": 36.0319, "stabilizedPalmPosition": [-85.2218, 110.853, -40.9574], "t": [57.5975, -21.9785, 28.3069], "timeVisible": 18.9049, "type": "left", "wrist": [-88.7297, 95.2961, 21.243]}], "id": 164037, "interactionBox": {"center": [0, 200, 0], "size": [235.247, 235.247, 147.751]}, "pointables": [{"bases": [[[0.903658, -0.401299, -0.149539], [0.420499, 0.765281, 0.487367], [-0.0811409, -0.503294, 0.860297]], [[0.901282, -0.290599, -0.321314], [0.429866, 0.692138, 0.579793], [0.0539065, -0.660679, 0.748731]], [[0.901282, -0.290599, -0.321314], [0.398033, 0.848271, 0.349295], [0.171057, -0.442707, 0.880199]], [[0.901282, -0.290599, -0.321314], [0.338293, 0.935395, 0.102928], [0.270645, -0.201465, 0.941362]]], "btipPosition": [-64.0536, 172.052, -71.0253], "carpP