{"frames": 48, "data": [{"currentFrameRate": 113.823, "devices": [], "gestures": [], "hands": [{"armBasis": [[0.225546, 0.938705, -0.260697], [-0.663813, 0.343937, 0.664124], [0.713079, 0.0232637, 0.700697]], "armWidth": 59.0231, "confidence": 1, "direction": [0.579059, -0.0934467, -0.809912], "elbow": [-213.37, 262.405, 186.509], "grabAngle": 2.75107, "grabStrength": 1, "id": 136, "palmNormal": [-0.78495, -0.332367, -0.522864], "palmPosition": [-4.04517, 243.624, -34.7291], "palmVelocity": [0.64024, 18.1604, 1.94541], "palmWidth": 80.6694, "pinchDistance": 40.0169, "pinchStrength": 0.413641, "r": [[-0.190654, -0.466259, 0.86386], [-0.867066, -0.332621, -0.37089], [0.460269, -0.819735, -0.340862]], "s": 1.16875, "sphereCenter": [-26.0685, 224.996, -68.1062], "sphereRadius": 37.728, "stabilizedPalmPosition": [-2.90456, 245.408, -46.1519], "t": [108.599, 49.5147, 29.8116], "timeVisible": 7.66603, "type": "left", "wrist": [-42.6767, 256.836, 18.7792]}], "id": 166483, "interactionBox": {"center": [0, 200, 0], "size": [235.247, 235.247, 147.751]}, "pointables": [{"bases": [[[-0.726414, 0.656697, 0.202662], [-0.302373, -0.570199, 0.763835], [0.617166, 0.493581, 0.612768]], [[-0.904046, 0.425538, -0.0402151], [-0.27765, -0.513108, 0.812176], [0.324977, 0.745411, 0.582025]], [[-0.904046, 0.425538, -0.0402151], [-0.34521, -0.671418, 0.655765], [0.252052, 0.606724, 0.753893]], [[-0.904046, 0.425538, -0.0402151], [-0.392756, -0.789894, 0.470968], [0.168649, 0.441571, 0.881233]]], "btipPosition": [-8.72629, 169.277, -57.4042], "carpPosition": [-33.9543, 229.094, 8.42066], "dipPosition": [-12.1398, 178.215, -39.5676], "direction": [0.252052, -0.606725, -0.753893], "extended": true, "handId": 136, "id": 1360, "length": 45.0726, "mcpPosition": [-33.9543, 229.094, 8.42066], "pipPosition": [-19.5722, 196.106, -17.3372], "stabilizedTipPosition": [-8.954, 175.462, -64.7927], "timeVisible": 7.66603, "tipPosition": [-8.49121, 174.164, -54.4414], "tipVelocity": [4.27098, 13.0998, 1.13043], "tool": false, "touchDistance": -0.0367358, "touchZone": "touching", "type": 0, "width": 19.1104}, {"bases": [[[0.119975, 0.909496, -0.398023], [-0.866431, 0.291649, 0.405262], [0.484668, 0.296238, 0.823007]], [[0.126517, 0.913419, -0.386859], [-0.901042, -0.0572853, -0.429932], [-0.414869, 0.40297, 0.815781]], [[0.126517, 0.913419, -0.386859], [0.133678, -0.402135, -0.905769], [-0.982916, 0.062881, -0.172981]], [[0.126517, 0.913419, -0.386859], [0.674693, -0.365128, -0.64146], [-0.727174, -0.179855, -0.662472]]], "btipPosition": [-31.5228, 207.729, -62.686], "carpPosition": [-16.4288, 240.68, 7.90063], "dipPosition": [-20.7777, 205.071, -72.475], "direction": [-0.982916, -0.062881, 0.172981], "extended": false, "handId": 136, "id": 1361, "length": 50.8594, "mcpPosition": [15.1836, 221.358, -45.7799], "pipPosition": [-0.231225, 206.386, -76.0909], "stabilizedTipPosition": [-26.068, 211.771, -64.7084], "timeVisible": 7.66603, "tipPosition": [-28.9582, 210.662, -56.805], "tipVelocity": [1.30443, 21.6281, -3.61307], "tool": false, "touchDistance": 0.333333, "touchZone": "none", "type": 1, "width": 18.2543}, {"bases": [[[0.330288, 0.878023, -0.346389], [-0.822824, 0.447645, 0.350108], [0.462462, 0.169381, 0.87031]], [[0.314012, 0.871604, -0.376434], [-0.877305, 0.114807, -0.466], [-0.36295, 0.476577, 0.800713]], [[0.314012, 0.871604, -0.376434], [0.0823556, -0.42, -0.90378], [-0.94584, 0.252797, -0.203667]], [[0.314012, 0.871604, -0.376434], [0.594105, -0.489659, -0.63818], [-0.740565, -0.0232445, -0.671583]]], "btipPosition": [-37.9851, 214.605, -67.5035], "carpPosition": [-16.1637, 250.788, 3.78409], "dipPosition": [-25.9494, 214.227, -78.4181], "direction": [-0.94584, -0.252797, 0.203667], "extended": false, "handId": 136, "id": 1362, "length": 57.9502, "mcpPosition": [12.4416, 240.311, -50.0485], "pipPosition": [-2.68825, 220.444, -83.4269], "stabilizedTipPosition": [-31.8531, 219.893, -66.2619], "timeVisible": 7.66603, "tipPosition": [-35.4604, 218.794, -60.2633], "tipVelocity": [0.0408823, 22.1025, -2.99676], "tool": false, "touchDistance": 0.333333, "touchZone": "none", "type": 2, "width": 17.9281}, {"bases": [[[0.455825, 0.857118, -0.239941], [-0.781962, 0.514403, 0.35203], [0.425158, 0.0271602, 0.904712]], [[0.438202, 0.855311, -0.276446], [-0.828957, 0.265609, -0.492221], [-0.347575, 0.444854, 0.825407]], [[0.438202, 0.855311, -0.276446], [0.0495175, -0.330048, -0.942664], [-0.897512, 0.399389, -0.186981]], [[0.438202, 0.855311, -0.276446], [0.56296, -0.5009, -0.6574], [-0.700753, 0.132447, -0.701001]]], "btipPosition": [-41.3956, 230.131, -66.6544], "carpPosition": [-18.7503, 260.538, -0.323683], "dipPosition": [-30.0723, 232.272, -77.9817], "direction": [-0.897512, -0.399389, 0.186981], "extended": false, "handId": 136, "id": 1363, "length": 55.7206, "mcpPosition": [4.86088, 259.03, -50.5669], "pipPosition": [-8.56975, 241.84, -82.4613], "stabilizedTipPosition": [-32.0903, 235.802, -61.4616], "timeVisible": 7.66603, "tipPosition": [-38.7781, 234.066, -59.1539], "tipVelocity": [0.979915, 21.9903, -3.53699], "tool": false, "touchDistance": 0.333333, "touchZone": "none", "type": 3, "width": 17.0597}, {"bases": [[[0.624864, 0.757646, -0.188463], [-0.660891, 0.641819, 0.388962], [0.415655, -0.118495, 0.901771]], [[0.620054, 0.758955, -0.198796], [-0.753007, 0.50456, -0.422374], [-0.220258, 0.411589, 0.884353]], [[0.620054, 0.758955, -0.198796], [-0.10202, -0.173237, -0.979582], [-0.777898, 0.627675, -0.0299877]], [[0.620054, 0.758955, -0.198796], [0.379236, -0.511754, -0.7709], [-0.686813, 0.402609, -0.605139]]], "btipPosition": [-36.2384, 245.303, -68.783], "carpPosition": [-27.4741, 268.417, -4.90907], "dipPosition": [26, 251.305, -77.8039], "direction": [-0.777898, -0.627675, 0.0299877], "extended": false, "handId": 136, "id": 1364, "length": 43.6839, "mcpPosition": [-6.10602, 274.509, -51.2675], "pipPosition": [-12.8416, 261.922, -78.3112], "stabilizedTipPosition": [-27.6025, 250.918, -65.0279], "timeVisible": 7.66603, "tipPosition": [-34.5478, 248.764, -61.7672], "tipVelocity": [0.739126, 23.5431, -0.0412232], "tool": false, "touchDistance": 0.333333, "touchZone": "none", "type": 4, "width": 15.1538}], "r": [[-0.190654, -0.466259, 0.86386], [-0.867066, -0.332621, -0.37089], [0.460269, -0.819735, -0.340862]], "s": 1.16875, "t": [-108.599, 49.5147, 29.8116], "timestamp": 8242702196}, {"currentFrameRate": 113.721, "devices": [], "gestures": [], "hands": [{"armBasis": [[0.226328, 0.938776, -0.259761], [-0.663549, 0.343827, 0.664444], [0.713077, 0.0219822, 0.700741]], "armWidth": 59.0231, "confidence": 1, "direction": [0.578897, -0.0929342, -0.810087], "elbow": [-213.364, 262.174, 186.538], "grabAngle": 2.74985, "grabStrength": 1, "id": 136, "palmNormal": [-0.784983, -0.332338, -0.522832], "palmPosition": [-4.0471, 243.742, -34.7238], "palmVelocity": [-0.215742, 13.1375, 0.58664], "palmWidth": 80.6694, "pinchDistance": 40.0967, "pinchStrength": 0.412082, "r": [[-0.190817, -0.466952, 0.86345], [-0.86705, -0.332228, -0.371281], [0.460232, -0.8195, -0.341476]], "s": 1.1697, "sphereCenter": [-26.0639, 225.076, -68.1023], "sphereRadius": 37.7468, "stabilizedPalmPosition": [-2.91263, 245.396, -46.0713], "t": [108.599, 49.6408, 29.8273], "timeVisible": 7.675, "type": "left", "wrist": [-42.6715, 256.912, 18.7983]}], "id": 166484, "interactionBox": {"center": [0, 200, 0], "size": [235.247, 235.247, 147.751]}, "pointables": [{"bases": [[[-0.726289, 0.656796, 0.202788], [-0.302697, -0.570461, 0.763511], [0.617153, 0.493147, 0.61313]], [[-0.903944, 0.425751, -0.0402708], [-0.277701, -0.512768, 0.812374], [0.325219, 0.745524, 0.581745]], [[-0.903944, 0.425751, -0.0402708], [-0.345354, -0.671208, 0.655904], [0.252222, 0.606809, 0.753769]], [[-0.903944, 0.425751, -0.0402708], [-0.392813, -0.789389, 0.471766], [0.169065, 0.442269, 0.880804]]], "btipPosition": [-8.69037, 169.347, -57.3738], "carpPosition": [-33.9425, 229.185, 8.42631], "dipPosition": [-12.1123, 178.298, -39.5459], "direction": [0.252222, -0.606809, -0.753769], "extended": true, "handId": 136, "id": 1360, "length": 45.0726, "mcpPosition": [-33.9425, 229.185, 8.42631], "pipPosition": [-19.5497, 196.191, -17.3192], "stabilizedTipPosition": [-8.95654, 175.443, -64.7367], "timeVisible": 7.675, "tipPosition": [-8.48473, 174.274, -54.4599], "tipVelocity": [3.7894, 8.07489, 3.16654], "tool": false, "touchDistance": -0.0362625, "touchZone": "touching", "type": 0, "width": 19.1104}, {"bases": [[[0.120304, 0.909642, -0.39759], [-0.866448, 0.291695, 0.405193], [0.484556, 0.295745, 0.82325]], [[0.126901, 0.913591, -0.386325], [-0.901339, -0.0563901, -0.429428], [-0.414106, 0.402704, 0.8163]], [[0.126901, 0.913591, -0.386325], [0.132725, -0.401611, -0.906142], [-0.982996, 0.0637158, -0.172221]], [[0.126901, 0.913591, -0.386325], [0.674448, -0.365059, -0.641757], [-0.727335, -0.179116, -0.662496]]], "btipPosition": [-31.4971, 207.838, -62.7299], "carpPosition": [-16.4202, 240.776, 7.90742], "dipPosition": [-20.7497, 205.191, -72.5192], "direction": [-0.982996, -0.0637158, 0.172221], "extended": false, "handId": 136, "id": 1361, "length": 50.8594, "mcpPosition": [15.1849, 221.486, -45.789], "pipPosition": [-0.201546, 206.523, -76.1193], "stabilizedTipPosition": [-26.0821, 211.749, -64.7097], "timeVisible": 7.675, "tipPosition": [-28.9569, 210.771, -56.8348], "tipVelocity": [2.91944, 12.4634, -4.90351], "tool": false, "touchDistance": 0.333333, "touchZone": "none", "type": 1, "width": 18.2543}, {"bases": [[[0.330597, 0.878091, -0.345921], [-0.822787, 0.447703, 0.350119], [0.462306, 0.168872, 0.870492]], [[0.314505, 0.871765, -0.375648], [-0.877331, 0.115843, -0.465695], [-0.362461, 0.476031, 0.801259]], [[0.314505, 0.871765, -0.375648], [0.0814224, -0.419045, -0.904307], [-0.945757, 0.253823, -0.202773]], [[0.314505, 0.871765, -0.375648], [0.593572, -0.489427, -0.638853], [-0.740783, -0.0220516, -0.671383]]], "btipPosition": [-37.9708, 214.712, -67.5515], "carpPosition": [-16.1587, 250.885, 3.79533], "dipPosition": [-25.9315, 214.354, -78.4629], "direction": [-0.945757, -0.253823, 0.202773], "extended": false, "handId": 136, "id": 1362, "length": 57.9502, "mcpPosition": [12.4371, 240.44, -50.0485], "pipPosition": [-2.67243, 220.596, -83.4497], "stabilizedTipPosition": [-31.8644, 219.875, -66.2747], "timeVisible": 7.675, "tipPosition": [-35.4608, 218.901, -60.2957], "tipVelocity": [1.68735, 12.436, -5.26866], "tool": false, "touchDistance": 0.333333, "touchZone": "none", "type": 2, "width": 17.9281}, {"bases": [[[0.456104, 0.857106, -0.239453], [-0.781908, 0.51445, 0.35208], [0.424957, 0.0266455, 0.904821]], [[0.438612, 0.855337, -0.275713], [-0.829087, 0.266757, -0.491382], [-0.346749, 0.444117, 0.826151]], [[0.438612, 0.855337, -0.275713], [0.0479398, -0.328632, -0.943241], [-0.897397, 0.400499, -0.185147]], [[0.438612, 0.855337, -0.275713], [0.561832, -0.500438, -0.658716], [-0.701402, 0.134016, -0.700054]]], "btipPosition": [-41.3809, 230.235, -66.7323], "carpPosition": [-18.7487, 260.637, -0.307499], "dipPosition": [-30.0472, 232.401, -78.0443], "direction": [-0.897397, -0.400499, 0.185147], "extended": false, "handId": 136, "id": 1363, "length": 55.7206, "mcpPosition": [4.85128, 259.157, -50.5568], "pipPosition": [-8.54741, 241.996, -82.48], "stabilizedTipPosition": [-32.1041, 235.792, -61.4778], "timeVisible": 7.675, "tipPosition": [-38.7831, 234.166, -59.2033], "tipVelocity": [1.89873, 12.2154, -8.29454], "tool": false, "touchDistance": 0.333333, "touchZone": "none", "type": 3, "width": 17.0597}, {"bases": [[[0.625105, 0.757567, -0.187981], [-0.660813, 0.641818, 0.389097], [0.415416, -0.119006, 0.901813]], [[0.620351, 0.758868, -0.1982], [-0.752997, 0.505538, -0.421221], [-0.219453, 0.410549, 0.885037]], [[0.620351, 0.758868, -0.1982], [-0.103398, -0.171369, -0.979766], [-0.777479, 0.628293, -0.0278436]], [[0.620351, 0.758868, -0.1982], [0.377947, -0.510658, -0.772259], [-0.687255, 0.404163, -0.603599]]], "btipPosition": [-36.2271, 245.426, -68.8436], "carpPosition": [-27.4756, 268.516, -4.88736], "dipPosition": [-25.982, 251.451, -77.8416], "direction": [-0.777479, -0.628293, 0.0278436], "extended": false, "handId": 136, "id": 1364, "length": 43.6839, "mcpPosition": [-6.11982, 274.634, -51.248], "pipPosition": [-12.8307, 262.079, -78.3126], "stabilizedTipPosition": [-27.6216, 250.905, -65.0459], "timeVisible": 7.675, "tipPosition": [-34.5539, 248.876, -61.7969], "tipVelocity": [1.4322, 14.2925, -6.16745], "tool": false, "touchDistance": 0.333333, "touchZone": "none", "type": 4, "width": 15.1538}], "r": [[-0.190817, -0.466952, 0.86345], [-0.86705, -0.332228, -0.371281], [0.460232, -0.8195, -0.341476]], "s": 1.1697, "t": [-108.599, 49.6408, 29.8273], "timestamp": 8242711165}, {"currentFrameRate": 113.857, "devices": [], "gestures": [], "hands": [{"armBasis": [[0.227029, 0.938778, -0.259142], [-0.663386, 0.343881, 0.664579], [0.713006, 0.0210329, 0.700843]], "armWidth": 59.0231, "confidence": 1, "direction": [0.579009, -0.0923571, -0.810073], "elbow": [-213.341, 262.005, 186.607], "grabAngle": 2.7481, "grabStrength": 1, "id": 136, "palmNormal": [-0.784784, -0.332505, -0.523024], "palmPosition": [-4.03126, 243.842, -34.6821], "palmVelocity": [1.85266, 11.6768, 4.88042], "palmWidth": 80.6694, "pinchDistance": 40.1619, "pinchStrength": 0.411017, "r": [[-0.190976, -0.467553, 0.863089], [-0.867074, -0.331805, -0.371603], [0.460121, -0.819329, -0.342036]], "s": 1.17055, "sphereCenter": [-26.034, 225.141, -68.0741], "sphereRadius": 37.7688, "stabilizedPalmPosition": [-2.92041, 245.385, -45.992], "t": [108.607, 49.7538, 29.856], "timeVisible": 7.68355, "type": "left", "wrist": [-42.665, 256.971, 18.8432]}], "id": 166485, "interactionBox": {"center": [0, 200, 0], "size": [235.247, 235.247, 147.751]}, "pointables": [{"bases": [[[-0.725966, 0.657057, 0.203099], [-0.302898, -0.57061, 0.76332], [0.617435, 0.492626, 0.613265]], [[-0.903797, 0.426075, -0.0401345], [-0.277639, -0.512386, 0.812636], [0.32568, 0.745601, 0.581388]], [[-0.903797, 0.426075, -0.0401345], [-0.34547, -0.671021, 0.656034], [0.252589, 0.606787, 0.753664]], [[-0.903797, 0.426075, -0.0401345], [-0.392942, -0.78903, 0.472259], [0.16955, 0.442596, 0.880546]]], "btipPosition": [-8.63041, 169.407, -57.316], "carpPosition": [-33.9235, 229.255, 8.45996], "dipPosition": [-12.0622, 178.365, -39.4933], "direction": [0.252589, -0.606787, -0.753664], "extended": true, "handId": 136, "id": 1360, "length": 45.0726, "mcpPosition": [-33.9235, 229.255, 8.45996], "pipPosition": [-19.5104, 196.258, -17.2698], "stabilizedTipPosition": [-8.95865, 175.424, -64.6841], "timeVisible": 7.68355, "tipPosition": [-8.43888, 174.368, -54.44], "tipVelocity": [6.7493, 7.21203, 6.6148], "tool": false, "touchDistance": -0.0353198, "touchZone": "touching", "type": 0, "width": 19.1104}, {"bases": [[[0.120693, 0.909737, -0.397254], [-0.866278, 0.291944, 0.405378], [0.484763, 0.295207, 0.823321]], [[0.127394, 0.913738, -0.385817], [-0.901775, -0.0552706, -0.428658], [-0.413005, 0.402528, 0.816944]], [[0.127394, 0.913738, -0.385817], [0.131424, -0.401107, -0.906555], [-0.983107, 0.0647838, -0.171186]], [[0.127394, 0.913738, -0.385817], [0.673916, -0.365148, -0.642265], [-0.727741, -0.178188, -0.6623]]], "btipPosition": [-31.4374, 207.922, -62.7435], "carpPosition": [-16.4066, 240.854, 7.94697], "dipPosition": [-20.684, 205.289, -72.5299], "direction": [-0.983107, -0.0647838, 0.171186], "extended": false, "handId": 136, "id": 1361, "length": 50.8594, "mcpPosition": [15.212, 221.599, -45.7541], "pipPosition": [-0.133495, 206.643, -76.1083], "stabilizedTipPosition": [-26.0959, 211.728, -64.7111], "timeVisible": 7.68355, "tipPosition": [-28.9239, 210.857, -56.834], "tipVelocity": [7.14681, 10.1359, -1.51162], "tool": false, "touchDistance": 0.333333, "touchZone": "none", "type": 1, "width": 18.2543}, {"bases": [[[0.330976, 0.878069, -0.345616], [-0.822549, 0.447953, 0.350358], [0.462458, 0.168326, 0.870516]], [[0.315106, 0.871857, -0.374932], [-0.877552, 0.117227, -0.464931], [-0.361401, 0.475524, 0.802038]], [[0.315106, 0.871857, -0.374932], [0.0796956, -0.41797, -0.904958], [-0.945704, 0.255278, -0.201188]], [[0.315106, 0.871857, -0.374932], [0.592427, -0.489333, -0.639987], [-0.741444, -0.0204555, -0.670703]]], "btipPosition": [-37.9174, 214.785, -67.5921], "carpPosition": [-16.1494, 250.965, 3.83874], "dipPosition": [-25.8674, 214.452, -78.4925], "direction": [-0.945704, -0.255278, 0.201188], "extended": false, "handId": 136, "id": 1362, "length": 57.9502, "mcpPosition": [12.4557, 240.553, -50.0066], "pipPosition": [-2.60959, 220.73, -83.4403], "stabilizedTipPosition": [-31.8755, 219.858, -66.2876], "timeVisible": 7.68355, "tipPosition": [-35.4299, 218.975, -60.3136], "tipVelocity": [6.5337, 9.20468, -4.45422], "tool": false, "touchDistance": 0.333333, "touchZone": "none", "type": 2, "width": 17.9281}, {"bases": [[[0.456482, 0.856985, -0.239167], [-0.781639, 0.51468, 0.352342], [0.425046, 0.0261041, 0.904795]], [[0.439192, 0.855265, -0.275011], [-0.829407, 0.268366, -0.489963], [-0.345245, 0.443284, 0.827227]], [[0.439192, 0.855265, -0.275011], [0.0452655, -0.326792, -0.944012], [-0.897252, 0.402154, -0.182239]], [[0.439192, 0.855265, -0.275011], [0.559877, -0.499966, -0.660736], [-0.702601, 0.136218, -0.698424]]], "btipPosition": [-41.3287, 230.302, -66.8215], "carpPosition": [-18.7437, 260.717, -0.260604], "dipPosition": [-29.9756, 232.503, -78.1072], "direction": [-0.897252, -0.402154, 0.182239], "extended": false, "handId": 136, "id": 1363, "length": 55.7206, "mcpPosition": [4.86129, 259.267, -50.5084], "pipPosition": [-8.47928, 242.138, -82.4733], "stabilizedTipPosition": [-32.1164, 235.783, -61.4926], "timeVisible": 7.68355, "tipPosition": [-38.7604, 234.231, -59.2516], "tipVelocity": [6.62834, 8.78646, -9.73117], "tool": false, "touchDistance": 0.333333, "touchZone": "none", "type": 3, "width": 17.0597}, {"bases": [[[0.625441, 0.757347, -0.187746], [-0.660481, 0.641977, 0.389397], [0.415437, -0.119542, 0.901732]], [[0.620772, 0.758632, -0.197785], [-0.753058, 0.506826, -0.419559], [-0.218049, 0.409394, 0.885918]], [[0.620772, 0.758632, -0.197785], [-0.105642, -0.169036, -0.979932], [-0.776841, 0.629209, -0.0247894]], [[0.620772, 0.758632, -0.197785], [0.375754, -0.509318, -0.774212], [-0.688078, 0.406291, -0.601229]]], "btipPosition": [-36.1827, 245.519, -68.9043], "carpPosition": [-27.4738, 268.593, -4.83821], "dipPosition": [-25.9254, 251.576, -77.8669], "direction": [-0.776841, -0.629209, 0.0247894], "extended": false, "handId": 136, "id": 1364, "length": 43.6839, "mcpPosition": [-6.11694, 274.739, -51.1947], "pipPosition": [-12.7849, 262.219, -78.2862], "stabilizedTipPosition": [-27.6404, 250.893, -65.0638], "timeVisible": 7.68355, "tipPosition": [-34.5336, 248.958, -61.8152], "tipVelocity": [5.51588, 11.759, -6.14531], "tool": false, "touchDistance": 0.333333, "touchZone": "none", "type": 4, "width": 15.1538}], "r": [[-0.190976, -0.467553, 0.863089], [-0.867074, -0.331805, -0.371603], [0.460121, -0.819329, -0.342036]], "s": 1.17055, "t": [-108.607, 49.7538, 29.856], "timestamp": 8242719715}, {"currentFrameRate": 113.808, "devices": [], "gestures": [], "hands": [{"armBasis": [[0.22782, 0.938742, -0.258575], [-0.663327, 0.344033, 0.664559], [0.712808, 0.0201198, 0.701071]], "armWidth": 59.0231, "confidence": 1, "direction": [0.579279, -0.0919563, -0.809926], "elbow": [-213.304, 261.857, 186.691], "grabAngle": 2.7468, "grabStrength": 1, "id": 136, "palmNormal": [-0.784492, -0.332746, -0.523309], "palmPosition": [-4.02529, 243.944, -34.6482], "palmVelocity": [0.672817, 11.4642, 3.82139], "palmWidth": 80.6694, "pinchDistance": 40.2191, "pinchStrength": 0.40998, "r": [[-0.191095, -0.46805, 0.862793], [-0.867142, -0.331377, -0.371824], [0.459942, -0.819218, -0.342542]], "s": 1.1713, "sphereCenter": [-26.0051, 225.201, -68.0513], "sphereRadius": 37.7876, "stabilizedPalmPosition": [-2.92877, 245.374, -45.9062], "t": [108.614, 49.8611, 29.8873], "timeVisible": 7.69242, "type": "left", "wrist": [-42.6758, 257.041, 18.8724]}], "id": 166486, "interactionBox": {"center": [0, 200, 0], "size": [235.247, 235.247, 147.751]}, "pointables": [{"bases": [[[-0.725625, 0.657332, 0.203427], [-0.302927, -0.570621, 0.7633], [0.617821, 0.492246, 0.613181]], [[-0.903641, 0.426433, -0.0398347], [-0.27733, -0.51172, 0.813161], [0.326375, 0.745854, 0.580674]], [[-0.903641, 0.426433, -0.0398347], [-0.345488, -0.670811, 0.656239], [0.253121, 0.606767, 0.753501]], [[-0.903641, 0.426433, -0.0398347], [-0.393058, -0.78877, 0.472597], [0.170111, 0.442715, 0.880378]]], "btipPosition": [-8.57256, 169.474, -57.2535], "carpPosition": [-33.9235, 229.335, 8.48266], "dipPosition": [-12.0157, 178.435, -39.4342], "direction": [0.253121, -0.606767, -0.753501], "extended": true, "handId": 136, "id": 1360, "length": 45.0726, "mcpPosition": [-33.9235, 229.335, 8.48266], "pipPosition": [-19.4796, 196.327, -17.2154], "stabilizedTipPosition": [-8.96053, 175.406, -64.6309], "timeVisible": 7.69242, "tipPosition": [-8.40094, 174.46, -54.4156], "tipVelocity": [6.22642, 7.69982, 6.95977], "tool": false, "touchDistance": -0.0342908, "touchZone": "touching", "type": 0, "width": 19.1104}, {"bases": [[[0.120973, 0.909759, -0.397119], [-0.866037, 0.292242, 0.405678], [0.485124, 0.294844, 0.823239]], [[0.127761, 0.913802, -0.385541], [-0.902172, -0.0544131, -0.427931], [-0.412023, 0.402498, 0.817455]], [[0.127761, 0.913802, -0.385541], [0.130452, -0.400833, -0.906816], [-0.983188, 0.0655611, -0.170418]], [[0.127761, 0.913802, -0.385541], [0.673703, -0.365241, -0.642436], [-0.727875, -0.177662, -0.662295]]], "btipPosition": [-31.3859, 208.011, -62.7434], "carpPosition": [-16.4114, 240.942, 7.9768], "dipPosition": [-20.6305, 205.386, -72.5297], "direction": [-0.983188, -0.0655611, 0.170418], "extended": false, "handId": 136, "id": 1361, "length": 50.8594, "mcpPosition": [15.2308, 221.711, -45.7189], "pipPosition": [-0.0783066, 206.756, -76.0921], "stabilizedTipPosition": [-26.1106, 211.705, -64.7126], "timeVisible": 7.69242, "tipPosition": [-28.8975, 210.945, -56.8295], "tipVelocity": [5.85724, 10.2547, 0.0168005], "tool": false, "touchDistance": 0.333333, "touchZone": "none", "type": 1, "width": 18.2543}, {"bases": [[[0.331257, 0.87799, -0.345546], [-0.822256, 0.448243, 0.350675], [0.462778, 0.167964, 0.870416]], [[0.315598, 0.871883, -0.374457], [-0.877796, 0.118383, -0.464177], [-0.360379, 0.47519, 0.802696]], [[0.315598, 0.871883, -0.374457], [0.0781306, -0.417162, -0.905467], [-0.945671, 0.256507, -0.199776]], [[0.315598, 0.871883, -0.374457], [0.591494, -0.489336, -0.640847], [-0.741979, -0.0192394, -0.670147]]], "btipPosition": [-37.871, 214.86, -67.6253], "carpPosition": [-16.1575, 251.054, 3.87052], "dipPosition": [-25.8122, 214.548, -78.5166], "direction": [-0.945671, -0.256507, 0.199776], "extended": false, "handId": 136, "id": 1362, "length": 57.9502, "mcpPosition": [12.4675, 240.665, -49.9687], "pipPosition": [-2.55524, 220.856, -83.4298], "stabilizedTipPosition": [-31.8873, 219.84, -66.3016], "timeVisible": 7.69242, "tipPosition": [-35.4047, 219.052, -60.3301], "tipVelocity": [5.46435, 9.03572, -3.51062], "tool": false, "touchDistance": 0.333333, "touchZone": "none", "type": 2, "width": 17.9281}, {"bases": [[[0.456784, 0.856832, -0.239137], [-0.781317, 0.514951, 0.35266], [0.425314, 0.0257521, 0.904679]], [[0.439615, 0.855145, -0.274712], [-0.829833, 0.269666, -0.488526], [-0.34368, 0.442728, 0.828176]], [[0.439615, 0.855145, -0.274712], [0.0426969, -0.325402, -0.944611], [-0.897171, 0.403536, -0.179564]], [[0.439615, 0.855145, -0.274712], [0.557987, -0.49969, -0.662541], [-0.703839, 0.137977, -0.696831]]], "btipPosition": [-41.2825, 230.371, -66.9087], "carpPosition": [-18.7547, 260.806, -0.227741], "dipPosition": [-29.9094, 232.6, -78.1687], "direction": [-0.897171, -0.403536, 0.179564], "extended": false, "handId": 136, "id": 1363, "length": 55.7206, "mcpPosition": [4.86509, 259.375, -50.4691], "pipPosition": [-8.41501, 242.268, -82.4706], "stabilizedTipPosition": [-32.1286, 235.774, -61.5075], "timeVisible": 7.69242, "tipPosition": [-38.7427, 234.298, -59.3031], "tipVelocity": [5.72671, 8.45326, -9.16323], "tool": false, "touchDistance": 0.333333, "touchZone": "none", "type": 3, "width": 17.0597}, {"bases": [[[0.625715, 0.757112, -0.187783], [-0.660093, 0.64219, 0.389704], [0.415642, -0.119889, 0.901592]], [[0.62104, 0.758402, -0.197826], [-0.753278, 0.507822, -0.417959], [-0.21652, 0.408587, 0.886665]], [[0.62104, 0.758402, -0.197826], [-0.107846, -0.167312, -0.979988], [-0.776323, 0.629947, -0.0221167]], [[0.62104, 0.758402, -0.197826], [0.373678, -0.508371, -0.775837], [-0.688965, 0.407903, -0.599117]]], "btipPosition": [-36.1431, 245.611, -68.9648], "carpPosition": [-27.487, 268.679, -4.80636], "dipPosition": [-25.8726, 251.692, -77.8959], "direction": [-0.776323, -0.629947, 0.0221167], "extended": false, "handId": 136, "id": 1364, "length": 43.6839, "mcpPosition": [-6.11963, 274.843, -51.1556], "pipPosition": [-12.7409, 262.348, -78.27], "stabilizedTipPosition": [-27.6601, 250.881, -65.0829], "timeVisible": 7.69242, "tipPosition": [-34.518, 249.041, -61.8404], "tipVelocity": [4.80481, 10.9982, -6.00126], "tool": false, "touchDistance": 0.333333, "touchZone": "none", "type": 4, "width": 15.1538}], "r": [[-0.191095, -0.46805, 0.862793], [-0.867142, -0.331377, -0.371824], [0.459942, -0.819218, -0.342542]], "s": 1.1713, "t": [-108.614, 49.8611, 29.8873], "timestamp": 8242728586}, {"currentFrameRate": 114.046, "devices": [], "gestures": [], "hands": [{"armBasis": [[0.228085, 0.938787, -0.258177], [-0.66347, 0.343931, 0.664469], [0.71259, 0.0197373, 0.701303]], "armWidth": 59.0231, "confidence": 1, "direction": [0.579227, -0.0915965, -0.810004], "elbow": [-213.233, 261.777, 186.787], "grabAngle": 2.74585, "grabStrength": 1, "id": 136, "palmNormal": [-0.784477, -0.332717, -0.523349], "palmPosition": [-4.00967, 243.98, -34.6165], "palmVelocity": [1.86922, 4.29815, 3.7912], "palmWidth": 80.6694, "pinchDistance": 40.2719, "pinchStrength": 0.409139, "r": [[-0.191221, -0.468495, 0.862524], [-0.867203, -0.330981, -0.372036], [0.459776, -0.819124, -0.34299]], "s": 1.17196, "sphereCenter": [-25.9818, 225.204, -68.0238], "sphereRadius": 37.8052, "stabilizedPalmPosition": [-2.93573, 245.365, -45.8335], "t": [108.626, 49.9327, 29.9188], "timeVisible": 7.70078, "type": "left", "wrist": [-42.6563, 257.053, 18.9129]}], "id": 166487, "interactionBox": {"center": [0, 200, 0], "size": [235.247, 235.247, 147.751]}, "pointables": [{"bases": [[[-0.725527, 0.657395, 0.203576], [-0.303091, -0.570811, 0.763092], [0.617856, 0.491942, 0.61339]], [[-0.903599, 0.426522, -0.03985], [-0.277167, -0.511175, 0.813559], [0.326631, 0.746176, 0.580115]], [[-0.903599, 0.426522, -0.03985], [-0.345581, -0.670816, 0.656186], [0.253146, 0.6067, 0.753546]], [[-0.903599, 0.426522, -0.03985], [-0.3932, -0.788878, 0.472298], [0.170009, 0.442437, 0.880537]]], "btipPosition": [-8.54074, 169.485, -57.2038], "carpPosition": [-33.9017, 229.352, 8.5122], "dipPosition": [-11.9818, 178.44, -39.3813], "direction": [0.253146, -0.6067, -0.753546], "extended": true, "handId": 136, "id": 1360, "length": 45.0726, "mcpPosition": [-33.9017, 229.352, 8.5122], "pipPosition": [-19.4464, 196.33, -17.1612], "stabilizedTipPosition": [-8.96185, 175.393, -64.59], "timeVisible": 7.70078, "tipPosition": [-8.37812, 174.491, -54.4011], "tipVelocity": [3.86295, 1.07308, 6.03415], "tool": false, "touchDistance": -0.0334501, "touchZone": "touching", "type": 0, "width": 19.1104}, {"bases": [[[0.121166, 0.909864, -0.396819], [-0.86602, 0.292265, 0.405698], [0.485107, 0.294496, 0.823373]], [[0.12802, 0.913941, -0.385126], [-0.902413, -0.0537423, -0.427507], [-0.411414, 0.402272, 0.817873]], [[0.12802, 0.913941, -0.385126], [0.129965, -0.400432, -0.907063], [-0.983219, 0.0660692, -0.170043]], [[0.12802, 0.913941, -0.385126], [0.67414, -0.365009, -0.642109], [-0.727425, -0.177426, -0.662852]]], "btipPosition": [-31.3386, 208.048, -62.7355], "carpPosition": [-16.3917, 240.962, 8.00857], "dipPosition": [-20.5899, 205.426, -72.5301], "direction": [-0.983219, -0.0660692, 0.170043], "extended": false, "handId": 136, "id": 1361, "length": 50.8594, "mcpPosition": [15.2494, 221.754, -45.6959], "pipPosition": [-0.0370497, 206.807, -76.0846], "stabilizedTipPosition": [-26.1244, 211.684, -64.714], "timeVisible": 7.70078, "tipPosition": [-28.8779, 210.976, -56.8231], "tipVelocity": [5.47046, 4.53414, 0.715377], "tool": false, "touchDistance": 0.333333, "touchZone": "none", "type": 1, "width": 18.2543}, {"bases": [[[0.33144, 0.878042, -0.345239], [-0.822207, 0.448275, 0.350749], [0.462735, 0.167605, 0.870509]], [[0.315939, 0.872012, -0.373868], [-0.877938, 0.119289, -0.463676], [-0.359732, 0.474726, 0.80326]], [[0.315939, 0.872012, -0.373868], [0.0770128, -0.416322, -0.90595], [-0.945649, 0.257432, -0.198688]], [[0.315939, 0.872012, -0.373868], [0.59103, -0.489142, -0.641424], [-0.742204, -0.0183165, -0.669924]]], "btipPosition": [-37.8322, 214.886, -67.6499], "carpPosition": [-16.1399, 251.076, 3.9055], "dipPosition": [-25.7698, 214.588, -78.5377], "direction": [-0.945649, -0.257432, 0.198688], "extended": false, "handId": 136, "id": 1362, "length": 57.9502, "mcpPosition": [12.4824, 240.708, -49.9394], "pipPosition": [-2.51337, 220.919, -83.424], "stabilizedTipPosition": [-31.8982, 219.822, -66.3149], "timeVisible": 7.70078, "tipPosition": [-35.3857, 219.075, -60.3397], "tipVelocity": [4.73703, 3.43673, -2.84575], "tool": false, "touchDistance": 0.333333, "touchZone": "none", "type": 2, "width": 17.9281}, {"bases": [[[0.456955, 0.856828, -0.238825], [-0.781256, 0.514976, 0.352758], [0.425243, 0.0253892, 0.904723]], [[0.439958, 0.855178, -0.274059], [-0.830081, 0.270831, -0.487458], [-0.34264, 0.441952, 0.829021]], [[0.439958, 0.855178, -0.274059], [0.0408221, -0.323911, -0.945206], [-0.89709, 0.404663, -0.177417]], [[0.439958, 0.855178, -0.274059], [0.556693, -0.499191, -0.664004], [-0.704649, 0.139567, -0.695695]]], "btipPosition": [-41.2419, 230.39, -66.9753], "carpPosition": [-18.7392, 260.828, -0.189443], "dipPosition": [-29.8556, 232.646, -78.2169], "direction": [-0.89709, -0.404663, 0.177417], "extended": false, "handId": 136, "id": 1363, "length": 55.7206, "mcpPosition": [4.87669, 259.418, -50.4333], "pipPosition": [-8.36322, 242.34, -82.4674], "stabilizedTipPosition": [-32.1385, 235.766, -61.5198], "timeVisible": 7.70078, "tipPosition": [-38.7268, 234.313, -59.3385], "tipVelocity": [5.22162, 3.07601, -7.45629], "tool": false, "touchDistance": 0.333333, "touchZone": "none", "type": 3, "width": 17.0597}, {"bases": [[[0.625863, 0.757062, -0.187489], [-0.660013, 0.642182, 0.389853], [0.415545, -0.120249, 0.901589]], [[0.621229, 0.758346, -0.19745], [-0.753376, 0.508639, -0.416786], [-0.215638, 0.407674, 0.887301]], [[0.621229, 0.758346, -0.19745], [-0.10924, -0.165701, -0.980107], [-0.775978, 0.63044, -0.0200965]], [[0.621229, 0.758346, -0.19745], [0.372376, -0.507382, -0.77711], [-0.6895, 0.409238, -0.59759]]], "btipPosition": [-36.1094, 245.652, -68.9994], "carpPosition": [-27.4732, 268.702, -4.76482], "dipPosition": [-25.831, 251.753, -77.9078], "direction": [-0.775978, -0.63044, 0.0200965], "extended": false, "handId": 136, "id": 1364, "length": 43.6839, "mcpPosition": [-6.11081, 274.883, -51.1139], "pipPosition": [-12.705, 262.417, -78.2477], "stabilizedTipPosition": [-27.6786, 250.869, -65.1011], "timeVisible": 7.70078, "tipPosition": [-34.5021, 249.071, -61.8467], "tipVelocity": [4.25009, 5.39427, -3.51958], "tool": false, "touchDistance": 0.333333, "touchZone": "none", "type": 4, "width": 15.1538}], "r": [[-0.191221, -0.468495, 0.862524], [-0.867203, -0.330981, -0.372036], [0.459776, -0.819124, -0.34299]], "s": 1.17196, "t": [-108.626, 49.9327, 29.9188], "timestamp": 8242736946}, {"currentFrameRate": 114.081, "devices": [], "gestures": [], "hands": [{"armBasis": [[0.228422, 0.938751, -0.25801], [-0.663581, 0.344044, 0.664299], [0.712379, 0.0194695, 0.701525]], "armWidth": 59.0231, "confidence": 1, "direction": [0.579029, -0.0913365, -0.810175], "elbow": [-213.166, 261.739, 186.891], "grabAngle": 2.74477, "grabStrength": 1, "id": 136, "palmNormal": [-0.784527, -0.332882, -0.52317], "palmPosition": [-4.00446, 244.022, -34.5787], "palmVelocity": [0.59801, 4.87634, 4.33604], "palmWidth": 80.6694, "pinchDistance": 40.3268, "pinchStrength": 0.408289, "r": [[-0.191396, -0.46886, 0.862286], [-0.867249, -0.330605, -0.372261], [0.459615, -0.819067, -0.343342]], "s": 1.17258, "sphereCenter": [-25.9751, 225.208, -67.9832], "sphereRadius": 37.8226, "stabilizedPalmPosition": [-2.94211, 245.357, -45.7663], "t": [108.634, 49.9898, 29.9535], "timeVisible": 7.70948, "type": "left", "wrist": [-42.6397, 257.078, 18.9631]}], "id": 166488, "interactionBox": {"center": [0, 200, 0], "size": [235.247, 235.247, 147.751]}, "pointables": [{"bases": [[[-0.725394, 0.65758, 0.203451], [-0.303467, -0.570812, 0.762942], [0.617828, 0.491693, 0.613618]], [[-0.903532, 0.426633, -0.0401935], [-0.277307, -0.510611, 0.813866], [0.326698, 0.746499, 0.579661]], [[-0.903532, 0.426633, -0.0401935], [-0.34583, -0.670575, 0.656301], [0.253047, 0.606889, 0.753427]], [[-0.903532, 0.426633, -0.0401935], [-0.393422, -0.788691, 0.472425], [0.169852, 0.442664, 0.880454]]], "btipPosition": [-8.52249, 169.489, -57.1342], "carpPosition": [-33.8803, 229.381, 8.55655], "dipPosition": [-11.9604, 178.449, -39.3134], "direction": [0.253047, -0.606889, -0.753427], "extended": true, "handId": 136, "id": 1360, "length": 45.0726, "mcpPosition": [-33.8803, 229.381, 8.55655], "pipPosition": [-19.4221, 196.344, -17.0967], "stabilizedTipPosition": [-8.96278, 175.383, -64.5592], "timeVisible": 7.70948, "tipPosition": [-8.36183, 174.524, -54.3654], "tipVelocity": [2.18064, 0.628554, 7.95346], "tool": false, "touchDistance": -0.0322962, "touchZone": "touching", "type": 0, "width": 19.1104}, {"bases": [[[0.121538, 0.909875, -0.396681], [-0.866048, 0.292467, 0.405492], [0.484963, 0.294262, 0.823542]], [[0.128432, 0.913974, -0.384912], [-0.902618, -0.0530588, -0.42716], [-0.410836, 0.40229, 0.818154]], [[0.128432, 0.913974, -0.384912], [0.129426, -0.400255, -0.907218], [-0.983237, 0.0666982, -0.169697]], [[0.128432, 0.913974, -0.384912], [0.674371, -0.365066, -0.641834], [-0.727137, -0.177142, -0.663244]]], "btipPosition": [-31.3048, 208.079, -62.7176], "carpPosition": [-16.3738, 240.996, 8.0494], "dipPosition": [-20.5603, 205.462, -72.518], "direction": [-0.983237, -0.0666982, 0.169697], "extended": false, "handId": 136, "id": 1361, "length": 50.8594, "mcpPosition": [15.2579, 221.803, -45.6661], "pipPosition": [-0.00706564, 206.856, -76.0652], "stabilizedTipPosition": [-26.1383, 211.662, -64.7153], "timeVisible": 7.70948, "tipPosition": [-28.8693, 211.005, -56.8017], "tipVelocity": [3.7784, 3.70313, 1.90469], "tool": false, "touchDistance": 0.333333, "touchZone": "none", "type": 1, "width": 18.2543}, {"bases": [[[0.331788, 0.877987, -0.345045], [-0.822175, 0.448471, 0.350573], [0.462541, 0.167372, 0.870656]], [[0.316417, 0.872016, -0.373456], [-0.877993, 0.120149, -0.463349], [-0.359177, 0.474503, 0.803641]], [[0.316417, 0.872016, -0.373456], [0.0759557, -0.415709, -0.906321], [-0.945574, 0.258409, -0.197772]], [[0.316417, 0.872016, -0.373456], [0.590465, -0.489169, -0.641923], [-0.74245, -0.0173971, -0.669676]]], "btipPosition": [-37.8093, 214.905, -67.6596], "carpPosition": [-16.126, 251.11, 3.94742], "dipPosition": [-25.7429, 214.622, -78.5433], "direction": [-0.945574, -0.258409, 0.197772], "extended": false, "handId": 136, "id": 1362, "length": 57.9502, "mcpPosition": [12.4843, 240.757, -49.9066], "pipPosition": [-2.48834, 220.977, -83.4071], "stabilizedTipPosition": [-31.9099, 219.804, -66.3293], "timeVisible": 7.70948, "tipPosition": [-35.3791, 219.095, -60.3338], "tipVelocity": [2.73206, 2.61195, -0.999469], "tool": false, "touchDistance": 0.333333, "touchZone": "none", "type": 2, "width": 17.9281}, {"bases": [[[0.457267, 0.856724, -0.2386], [-0.781206, 0.51516, 0.352601], [0.424999, 0.0251625, 0.904844]], [[0.44043, 0.855103, -0.273535], [-0.830174, 0.271901, -0.486704], [-0.341807, 0.44144, 0.829637]], [[0.44043, 0.855103, -0.273535], [0.039251, -0.322725, -0.945679], [-0.896929, 0.405768, -0.175701]], [[0.44043, 0.855103, -0.273535], [0.555452, -0.498899, -0.665261], [-0.705333, 0.141065, -0.694699]]], "btipPosition": [-41.2205, 230.406, -67.0192], "carpPosition": [-18.7293, 260.862, -0.145669], "dipPosition": [-29.8232, 232.686, -78.2447], "direction": [-0.896929, -0.405768, 0.175701], "extended": false, "handId": 136, "id": 1363, "length": 55.7206, "mcpPosition": [4.87306, 259.465, -50.3962], "pipPosition": [-8.33468, 242.407, -82.4542], "stabilizedTipPosition": [-32.1475, 235.759, -61.5311], "timeVisible": 7.70948, "tipPosition": [-38.7249, 234.328, -59.3542], "tipVelocity": [2.74526, 2.46819, -4.6233], "tool": false, "touchDistance": 0.333333, "touchZone": "none", "type": 3, "width": 17.0597}, {"bases": [[[0.626133, 0.756904, -0.187228], [-0.659937, 0.642326, 0.389744], [0.41526, -0.120473, 0.90169]], [[0.62153, 0.758182, -0.197129], [-0.753339, 0.509429, -0.415886], [-0.214894, 0.406991, 0.887794]], [[0.62153, 0.758182, -0.197129], [-0.110402, -0.164352, -0.980204], [-0.775572, 0.63099, -0.0184449]], [[0.62153, 0.758182, -0.197129], [0.371251, -0.506652, -0.778124], [-0.689835, 0.410443, -0.596376]]], "btipPosition": [-36.0931, 245.689, -69.0187], "carpPosition": [-27.4669, 268.734, -4.71772], "dipPosition": [-25.8096, 251.808, -77.9089], "direction": [-0.775572, -0.63099, 0.0184449], "extended": false, "handId": 136, "id": 1364, "length": 43.6839, "mcpPosition": [-6.11906, 274.927, -51.072], "pipPosition": [-12.6906, 262.481, -78.2209], "stabilizedTipPosition": [-27.6987, 250.856, -65.1208], "timeVisible": 7.70948, "tipPosition": [-34.5025, 249.099, -61.8403], "tipVelocity": [2.00908, 4.76609, -1.73133], "tool": false, "touchDistance": 0.333333, "touchZone": "none", "type": 4, "width": 15.1538}], "r": [[-0.191396, -0.46886, 0.862286], [-0.867249, -0.330605, -0.372261], [0.459615, -0.819067, -0.343342]], "s": 1.17258, "t": [-108.634, 49.9898, 29.9535], "timestamp": 8242745651}, {"currentFrameRate": 114.119, "devices": [], "gestures": [], "hands": [{"armBasis": [[0.228846, 0.938693, -0.257846], [-0.663523, 0.344225, 0.664264], [0.712297, 0.0190728, 0.701619]], "armWidth": 59.0231, "confidence": 1, "direction": [0.579457, -0.091076, -0.809898], "elbow": [-213.15, 261.677, 186.958], "grabAngle": 2.74368, "grabStrength": 1, "id": 136, "palmNormal": [-0.784151, -0.333131, -0.523575], "palmPosition": [-3.98179, 244.074, -34.5194], "palmVelocity": [2.60623, 5.92976, 6.82135], "palmWidth": 80.6694, "pinchDistance": 40.3448, "pinchStrength": 0.40826, "r": [[-0.191486, -0.46915, 0.862109], [-0.867347, -0.330237, -0.372361], [0.459394, -0.819049, -0.34368]], "s": 1.17305, "sphereCenter": [-25.9298, 225.235, -67.9399], "sphereRadius": 37.8359, "stabilizedPalmPosition": [-2.94749, 245.351, -45.7082], "t": [108.649, 50.0441, 30.0005], "timeVisible": 7.71818, "type": "left", "wrist": [-42.6434, 257.111, 19.0083]}], "id": 166489, "interactionBox": {"center": [0, 200, 0], "size": [235.247, 235.247, 147.751]}, "pointables": [{"bases": [[[-0.725058, 0.657828, 0.203847], [-0.3033, -0.570752, 0.763054], [0.618304, 0.491432, 0.613347]], [[-0.903433, 0.426878, -0.0397997], [-0.27686, -0.510009, 0.814395], [0.327349, 0.74677, 0.578944]], [[-0.903433, 0.426878, -0.0397997], [-0.345798, -0.670653, 0.656238], [0.253442, 0.60663, 0.753503]], [[-0.903433, 0.426878, -0.0397997], [-0.393557, -0.78891, 0.471947], [0.170065, 0.442035, 0.880728]]], "btipPosition": [-8.47082, 169.536, -57.0664], "carpPosition": [-33.8735, 229.419, 8.60034], "dipPosition": [-11.913, 178.483, -39.2401], "direction": [0.253442, -0.60663, -0.753503], "extended": true, "handId": 136, "id": 1360, "length": 45.0726, "mcpPosition": [-33.8735, 229.419, 8.60034], "pipPosition": [-19.3864, 196.37, -17.0212], "stabilizedTipPosition"