{"frames": 65, "data": [{"currentFrameRate": 115.153, "devices": [], "gestures": [], "hands": [{"armBasis": [[-0.138269, -0.76607, -0.627709], [0.92685, 0.123278, -0.354614], [0.349042, -0.630824, 0.692987]], "armWidth": 59.0231, "confidence": 1, "direction": [-0.101742, 0.264317, -0.959054], "elbow": [-171.864, -18.3637, 227.175], "grabAngle": 3.14159, "grabStrength": 1, "id": 131, "palmNormal": [0.994425, 0.000172452, -0.105447], "palmPosition": [-86.6883, 160.858, 0.0558362], "palmVelocity": [-2.10045, -6.12739, 4.4302], "palmWidth": 80.6694, "pinchDistance": 46.2567, "pinchStrength": 0.0204031, "r": [[0.808217, -0.543074, -0.227719], [-0.0386518, 0.336941, -0.940732], [0.587615, 0.769118, 0.25133]], "s": 1.77393, "sphereCenter": [-55.6353, 179.311, -14.1601], "sphereRadius": 37.3549, "stabilizedPalmPosition": [-86.5802, 168.193, 2.19569], "t": [57.7346, 27.8571, 72.7685], "timeVisible": 11.1174, "type": "left", "wrist": [-88.3121, 132.64, 61.2913]}], "id": 163153, "interactionBox": {"center": [0, 200, 0], "size": [235.247, 235.247, 147.751]}, "pointables": [{"bases": [[[0.920443, -0.336664, -0.198602], [0.382717, 0.672941, 0.632991], [-0.0794574, -0.65864, 0.748251]], [[0.918338, -0.202263, -0.340213], [0.393851, 0.55212, 0.734877], [0.0391997, -0.808859, 0.586695]], [[0.918338, -0.202263, -0.340213], [0.385978, 0.647927, 0.656667], [0.0876135, -0.734357, 0.673085]], [[0.918338, -0.202263, -0.340213], [0.379571, 0.693654, 0.612185], [0.112168, -0.691327, 0.713782]]], "btipPosition": [-68.6941, 236.704, -7.11774], "carpPosition": [-75.2827, 165.26, 53.1416], "dipPosition": [-70.9644, 222.711, 7.32955], "direction": [0.0876135, 0.734357, -0.673085], "extended": true, "handId": 131, "id": 1310, "length": 45.0726, "mcpPosition": [-75.2827, 165.26, 53.1416], "pipPosition": [-73.5479, 201.057, 27.1771], "stabilizedTipPosition": [-68.995, 239.909, -1.77399], "timeVisible": 11.1174, "tipPosition": [-68.9783, 232.417, -4.84003], "tipVelocity": [-3.43243, -6.91575, 1.00927], "tool": false, "touchDistance": 0.24115, "touchZone": "hovering", "type": 0, "width": 19.1104}, {"bases": [[[0.0443954, -0.906365, -0.420156], [0.997611, 0.0625026, -0.0294195], [0.0529257, -0.417846, 0.906975]], [[0.0509988, -0.953626, -0.296644], [0.426359, 0.289391, -0.857013], [0.903115, -0.0827701, 0.421346]], [[0.0509988, -0.953626, -0.296644], [-0.810257, 0.134139, -0.570517], [0.583851, 0.269453, -0.765841]], [[0.0509988, -0.953626, -0.296644], [-0.997669, -0.0621297, 0.0282107], [-0.0453328, 0.294514, -0.954571]]], "btipPosition": [-45.1421, 181.214, -0.707121], "carpPosition": [-93.6849, 160.869, 43.9917], "dipPosition": [-44.4722, 185.566, -14.8122], "direction": [0.583851, -0.269453, 0.765841], "extended": false, "handId": 131, "id": 1311, "length": 50.8594, "mcpPosition": [-90.2328, 188.123, -15.1657], "pipPosition": [-56.6768, 191.198, -30.8211], "stabilizedTipPosition": [-44.8729, 189.845, -0.787091], "timeVisible": 11.1174, "tipPosition": [-43.829, 182.878, -6.31596], "tipVelocity": [-0.833428, -3.94403, -0.368242], "tool": false, "touchDistance": 0.333333, "touchZone": "none", "type": 1, "width": 18.2543}, {"bases": [[[-0.119586, -0.951771, -0.282545], [0.991675, -0.100818, -0.0801088], [0.0477596, -0.289773, 0.955903]], [[-0.116506, -0.967434, -0.224717], [0.168208, 0.203769, -0.964461], [0.978842, -0.150165, 0.13899]], [[-0.116506, -0.967434, -0.224717], [-0.978708, 0.150327, -0.139758], [0.168988, 0.20365, -0.96435]], [[-0.116506, -0.967434, -0.224717], [-0.858328, -0.0157605, 0.512859], [-0.499699, 0.252632, -0.82854]]], "btipPosition": [-55.8495, 166.463, 11.1973], "carpPosition": [-95.6423, 151.393, 38.9363], "dipPosition": [-47.7283, 170.568, -2.26829], "direction": [0.168988, -0.20365, 0.96435], "extended": false, "handId": 131, "id": 1312, "length": 57.9502, "mcpPosition": [-92.6881, 169.317, -20.1907], "pipPosition": [-51.8842, 175.577, -25.9846], "stabilizedTipPosition": [-53.9953, 175.254, 10.9104], "timeVisible": 11.1174, "tipPosition": [-52.3762, 167.668, 7.75319], "tipVelocity": [-2.00517, -4.32532, 2.98906], "tool": false, "touchDistance": 0.333333, "touchZone": "none", "type": 2, "width": 17.9281}, {"bases": [[[-0.185668, -0.973713, -0.131948], [0.981614, -0.177746, -0.0695778], [0.0442955, -0.142441, 0.988812]], [[-0.184179, -0.977721, -0.100701], [0.129214, 0.077479, -0.988585], [0.974362, -0.195088, 0.112065]], [[-0.184179, -0.977721, -0.100701], [-0.974259, 0.19515, -0.112852], [0.129989, 0.0773236, -0.988496]], [[-0.184179, -0.977721, -0.100701], [-0.839359, 0.103146, 0.533701], [-0.511424, 0.18282, -0.839656]]], "btipPosition": [-60.1425, 151.85, 13.1209], "carpPosition": [-95.103, 141.208, 35.1148], "dipPosition": [-51.8785, 154.804, -0.446901], "direction": [0.129989, -0.0773236, 0.988496], "extended": false, "handId": 131, "id": 1313, "length": 55.7206, "mcpPosition": [-92.6431, 149.118, -19.7989], "pipPosition": [-54.9928, 156.657, -24.1292], "stabilizedTipPosition": [-58.1859, 160.064, 12.2407], "timeVisible": 11.1174, "tipPosition": [-57.9285, 152.571, 10.5781], "tipVelocity": [-1.66426, -5.11285, 3.99073], "tool": false, "touchDistance": 0.333333, "touchZone": "none", "type": 3, "width": 17.0597}, {"bases": [[[-0.338915, -0.940811, -0.00329496], [0.940817, -0.338911, -0.00161912], [0.000406586, -0.0036487, 0.999993]], [[-0.338764, -0.940245, -0.0343187], [0.139021, -0.0139466, -0.990191], [0.930544, -0.340213, 0.135438]], [[-0.338764, -0.940245, -0.0343187], [-0.920441, 0.338748, -0.195034], [0.195006, -0.0344824, -0.980196]], [[-0.338764, -0.940245, -0.0343187], [-0.826244, 0.279847, 0.488882], [-0.450065, 0.193972, -0.871674]]], "btipPosition": [-63.5279, 138.783, 7.66073], "carpPosition": [-88.5944, 130.5, 33.6358], "dipPosition": [-56.8187, 141.675, -5.33346], "direction": [0.195006, 0.0344824, 0.980196], "extended": false, "handId": 131, "id": 1314, "length": 43.6839, "mcpPosition": [-88.5735, 130.688, -17.7721], "pipPosition": [-60.1172, 141.091, -21.9138], "stabilizedTipPosition": [-61.7564, 146.943, 6.51169], "timeVisible": 11.1174, "tipPosition": [-62.0779, 140.029, 5.11817], "tipVelocity": [-0.814264, -5.28219, 4.84945], "tool": false, "touchDistance": 0.333333, "touchZone": "none", "type": 4, "width": 15.1538}], "r": [[0.808217, -0.543074, -0.227719], [-0.0386518, 0.336941, -0.940732], [0.587615, 0.769118, 0.25133]], "s": 1.77393, "t": [-57.7346, 27.8571, 72.7685], "timestamp": 8213321325}, {"currentFrameRate": 115.189, "devices": [], "gestures": [], "hands": [{"armBasis": [[-0.138007, -0.766214, -0.627591], [0.926875, 0.123419, -0.3545], [0.349079, -0.630622, 0.693152]], "armWidth": 59.0231, "confidence": 1, "direction": [-0.102114, 0.264371, -0.959], "elbow": [-171.875, -18.3798, 227.27], "grabAngle": 3.14159, "grabStrength": 1, "id": 131, "palmNormal": [0.994382, 0.000119822, -0.105849], "palmPosition": [-86.711, 160.794, 0.111326], "palmVelocity": [-2.64114, -7.37107, 6.43804], "palmWidth": 80.6694, "pinchDistance": 46.3044, "pinchStrength": 0.0205118, "r": [[0.808364, -0.54297, -0.227446], [-0.0384498, 0.33684, -0.940776], [0.587426, 0.769235, 0.251412]], "s": 1.77399, "sphereCenter": [-55.6612, 179.248, -14.1187], "sphereRadius": 37.357, "stabilizedPalmPosition": [-86.5806, 168.17, 2.18927], "t": [57.7156, 27.7958, 72.8078], "timeVisible": 11.1261, "type": "left", "wrist": [-88.3146, 132.576, 61.3467]}], "id": 163154, "interactionBox": {"center": [0, 200, 0], "size": [235.247, 235.247, 147.751]}, "pointables": [{"bases": [[[0.920542, -0.3366, -0.198247], [0.382422, 0.672932, 0.633179], [-0.0797213, -0.658682, 0.748186]], [[0.918473, -0.202095, -0.339948], [0.393564, 0.551642, 0.73539], [0.0389108, -0.809228, 0.586205]], [[0.918473, -0.202095, -0.339948], [0.385615, 0.648454, 0.65636], [0.0877934, -0.733938, 0.673518]], [[0.918473, -0.202095, -0.339948], [0.379228, 0.693961, 0.612049], [0.112219, -0.691069, 0.714025]]], "btipPosition": [-68.7016, 236.636, -7.06269], "carpPosition": [-75.2838, 165.194, 53.1927], "dipPosition": [-70.9729, 222.648, 7.38951], "direction": [0.0877934, 0.733938, -0.673518], "extended": true, "handId": 131, "id": 1310, "length": 45.0726, "mcpPosition": [-75.2838, 165.194, 53.1927], "pipPosition": [-73.5617, 201.006, 27.2498], "stabilizedTipPosition": [-68.9956, 239.893, -1.77884], "timeVisible": 11.1261, "tipPosition": [-68.9991, 232.354, -4.78719], "tipVelocity": [-0.898599, -7.76442, 6.51888], "tool": false, "touchDistance": 0.242086, "touchZone": "hovering", "type": 0, "width": 19.1104}, {"bases": [[[0.044618, -0.906342, -0.420184], [0.997619, 0.0625621, -0.0290133], [0.0525836, -0.417889, 0.906975]], [[0.0511706, -0.953585, -0.296743], [0.427057, 0.289489, -0.856632], [0.902776, -0.0828918, 0.422048]], [[0.0511706, -0.953585, -0.296743], [-0.809562, 0.134384, -0.571445], [0.5848, 0.269473, -0.76511]], [[0.0511706, -0.953585, -0.296743], [-0.997725, -0.061874, 0.0267838], [-0.0439014, 0.294698, -0.954582]]], "btipPosition": [-45.141, 181.153, -0.690084], "carpPosition": [-93.6899, 160.803, 44.05], "dipPosition": [-44.4923, 185.507, -14.7954], "direction": [0.5848, -0.269473, 0.76511], "extended": false, "handId": 131, "id": 1311, "length": 50.8594, "mcpPosition": [-90.2601, 188.06, -15.1074], "pipPosition": [-56.7168, 191.14, -30.7889], "stabilizedTipPosition": [-44.8734, 189.818, -0.798145], "timeVisible": 11.1261, "tipPosition": [-43.8553, 182.811, -6.27197], "tipVelocity": [-0.443493, -7.02606, 1.97269], "tool": false, "touchDistance": 0.333333, "touchZone": "none", "type": 1, "width": 18.2543}, {"bases": [[[-0.119416, -0.951764, -0.282641], [0.991713, -0.100756, -0.0797132], [0.0473903, -0.289818, 0.955908]], [[-0.116359, -0.96743, -0.224812], [0.168601, 0.203825, -0.96438], [0.978792, -0.150118, 0.139392]], [[-0.116359, -0.96743, -0.224812], [-0.978658, 0.15028, -0.14016], [0.16938, 0.203705, -0.964269]], [[-0.116359, -0.96743, -0.224812], [-0.858536, -0.0158352, 0.512508], [-0.499376, 0.252645, -0.828731]]], "btipPosition": [-55.8671, 166.397, 11.24], "carpPosition": [-95.6499, 151.328, 38.9949], "dipPosition": [-47.7512, 170.503, -2.22871], "direction": [0.16938, -0.203705, 0.964269], "extended": false, "handId": 131, "id": 1312, "length": 57.9502, "mcpPosition": [-92.7186, 169.255, -20.1324], "pipPosition": [-51.9168, 175.513, -25.943], "stabilizedTipPosition": [-53.9953, 175.228, 10.9012], "timeVisible": 11.1261, "tipPosition": [-52.3955, 167.602, 7.79517], "tipVelocity": [-2.18637, -7.61745, 4.86909], "tool": false, "touchDistance": 0.333333, "touchZone": "none", "type": 2, "width": 17.9281}, {"bases": [[[-0.185558, -0.973717, -0.132072], [0.981652, -0.177685, -0.06919], [0.0439043, -0.142487, 0.988822]], [[-0.184062, -0.97777, -0.100433], [0.129424, 0.0771801, -0.988581], [0.974357, -0.194958, 0.112341]], [[-0.184062, -0.97777, -0.100433], [-0.974253, 0.19502, -0.113129], [0.1302, 0.0770248, -0.988491]], [[-0.184062, -0.97777, -0.100433], [-0.839435, 0.103214, 0.533569], [-0.511342, 0.182517, -0.839772]]], "btipPosition": [-60.1678, 151.795, 13.1693], "carpPosition": [-95.1128, 141.143, 35.1727], "dipPosition": [-51.9052, 154.744, -0.400381], "direction": [0.1302, -0.0770248, 0.988491], "extended": false, "handId": 131, "id": 1313, "length": 55.7206, "mcpPosition": [-92.6745, 149.056, -19.7416], "pipPosition": [-55.0245, 156.59, -24.0826], "stabilizedTipPosition": [-58.1862, 160.041, 12.2338], "timeVisible": 11.1261, "tipPosition": [-57.9478, 152.505, 10.6211], "tipVelocity": [-2.97309, -6.52983, 5.56491], "tool": false, "touchDistance": 0.333333, "touchZone": "none", "type": 3, "width": 17.0597}, {"bases": [[[-0.338859, -0.940831, -0.00347885], [0.940837, -0.338857, -0.00125588], [2.73719e-06, -0.00369859, 0.999993]], [[-0.338704, -0.940287, -0.0337561], [0.13895, -0.0145037, -0.990193], [0.930577, -0.340072, 0.135565]], [[-0.338704, -0.940287, -0.0337561], [-0.920458, 0.338571, -0.195263], [0.195032, -0.0350653, -0.98017]], [[-0.338704, -0.940287, -0.0337561], [-0.82624, 0.280076, 0.488758], [-0.450119, 0.193435, -0.871766]]], "btipPosition": [-63.5589, 138.734, 7.71252], "carpPosition": [-88.6053, 130.435, 33.6905], "dipPosition": [-56.8489, 141.618, -5.28303], "direction": [0.195032, 0.0350653, 0.98017], "extended": false, "handId": 131, "id": 1314, "length": 43.6839, "mcpPosition": [-88.6052, 130.625, -17.7173], "pipPosition": [-60.148, 141.024, -21.8629], "stabilizedTipPosition": [-61.7571, 146.922, 6.50681], "timeVisible": 11.1261, "tipPosition": [-62.0998, 139.963, 5.16214], "tipVelocity": [-3.58304, -5.89382, 5.97283], "tool": false, "touchDistance": 0.333333, "touchZone": "none", "type": 4, "width": 15.1538}], "r": [[0.808364, -0.54297, -0.227446], [-0.0384498, 0.33684, -0.940776], [0.587426, 0.769235, 0.251412]], "s": 1.77399, "t": [-57.7156, 27.7958, 72.8078], "timestamp": 8213329944}, {"currentFrameRate": 114.868, "devices": [], "gestures": [], "hands": [{"armBasis": [[-0.139423, -0.766641, -0.626756], [0.926652, 0.122133, -0.355528], [0.349109, -0.630354, 0.693381]], "armWidth": 59.0231, "confidence": 1, "direction": [-0.101919, 0.262854, -0.959438], "elbow": [-171.882, -18.342, 227.402], "grabAngle": 3.14159, "grabStrength": 1, "id": 131, "palmNormal": [0.994431, 0.000895342, -0.10539], "palmPosition": [-86.705, 160.684, 0.150766], "palmVelocity": [0.653453, -11.922, 4.26285], "palmWidth": 80.6694, "pinchDistance": 46.3149, "pinchStrength": 0.0215438, "r": [[0.808358, -0.543106, -0.22714], [-0.0383118, 0.336488, -0.940908], [0.587443, 0.769293, 0.251195]], "s": 1.77391, "sphereCenter": [-55.661, 179.121, -14.0998], "sphereRadius": 37.3467, "stabilizedPalmPosition": [-86.581, 168.144, 2.18238], "t": [57.7091, 27.71, 72.8471], "timeVisible": 11.1353, "type": "left", "wrist": [-88.3138, 132.549, 61.4237]}], "id": 163155, "interactionBox": {"center": [0, 200, 0], "size": [235.247, 235.247, 147.751]}, "pointables": [{"bases": [[[0.920135, -0.337757, -0.198173], [0.383345, 0.673511, 0.632005], [-0.0799925, -0.657498, 0.749198]], [[0.918097, -0.203253, -0.340273], [0.394469, 0.552219, 0.734471], [0.038622, -0.808543, 0.587168]], [[0.918097, -0.203253, -0.340273], [0.386399, 0.650198, 0.65417], [0.0882828, -0.732073, 0.675481]], [[0.918097, -0.203253, -0.340273], [0.380099, 0.694843, 0.610506], [0.112349, -0.689841, 0.71519]]], "btipPosition": [-68.7199, 236.505, -7.14865], "carpPosition": [-75.3064, 165.173, 53.2309], "dipPosition": [-70.9939, 222.542, 7.32714], "direction": [0.0882828, 0.732073, -0.675481], "extended": true, "handId": 131, "id": 1310, "length": 45.0726, "mcpPosition": [-75.3064, 165.173, 53.2309], "pipPosition": [-73.5971, 200.955, 27.2453], "stabilizedTipPosition": [-68.9962, 239.876, -1.78418], "timeVisible": 11.1353, "tipPosition": [-69.0585, 232.256, -4.84203], "tipVelocity": [-2.04698, -13.5519, -8.7049], "tool": false, "touchDistance": 0.240744, "touchZone": "hovering", "type": 0, "width": 19.1104}, {"bases": [[[0.0435745, -0.907004, -0.418861], [0.997664, 0.0615837, -0.0295659], [0.0526114, -0.416594, 0.907569]], [[0.0501388, -0.954064, -0.295378], [0.426955, 0.287839, -0.857239], [0.902882, -0.0831324, 0.421774]], [[0.0501388, -0.954064, -0.295378], [-0.809609, 0.134354, -0.571386], [0.584824, 0.26779, -0.765682]], [[0.0501388, -0.954064, -0.295378], [-0.997792, -0.0607472, 0.0268421], [-0.0435525, 0.29338, -0.955003]]], "btipPosition": [-45.1439, 181.08, -0.664293], "carpPosition": [-93.7042, 160.752, 44.0862], "dipPosition": [-44.5003, 185.415, -14.7758], "direction": [0.584824, -0.26779, 0.765682], "extended": false, "handId": 131, "id": 1311, "length": 50.8594, "mcpPosition": [-90.2726, 187.924, -15.11], "pipPosition": [-56.7253, 191.013, -30.7813], "stabilizedTipPosition": [-44.8738, 189.789, -0.809937], "timeVisible": 11.1353, "tipPosition": [-43.8676, 182.731, -6.24407], "tipVelocity": [-0.437032, -8.33235, 2.63277], "tool": false, "touchDistance": 0.333333, "touchZone": "none", "type": 1, "width": 18.2543}, {"bases": [[[-0.120438, -0.952069, -0.281175], [0.991581, -0.101804, -0.0800209], [0.0475607, -0.288445, 0.956314]], [[-0.11737, -0.967652, -0.223325], [0.168316, 0.202242, -0.964763], [0.978721, -0.150823, 0.139134]], [[-0.11737, -0.967652, -0.223325], [-0.978586, 0.150984, -0.139903], [0.169096, 0.202122, -0.964652]], [[-0.11737, -0.967652, -0.223325], [-0.858264, -0.0142962, 0.51301], [-0.499608, 0.251883, -0.828823]]], "btipPosition": [-55.8734, 166.332, 11.2858], "carpPosition": [-95.6529, 151.267, 39.0442], "dipPosition": [-47.7537, 170.425, -2.18439], "direction": [0.169096, -0.202122, 0.964652], "extended": false, "handId": 131, "id": 1312, "length": 57.9502, "mcpPosition": [-92.7111, 169.109, -20.1082], "pipPosition": [-51.9123, 175.396, -25.9081], "stabilizedTipPosition": [-53.9953, 175.201, 10.8922], "timeVisible": 11.1353, "tipPosition": [-52.3996, 167.535, 7.84037], "tipVelocity": [-0.583916, -7.35969, 4.91518], "tool": false, "touchDistance": 0.333333, "touchZone": "none", "type": 2, "width": 17.9281}, {"bases": [[[-0.186531, -0.973737, -0.130543], [0.981453, -0.178708, -0.0693791], [0.044228, -0.141063, 0.989012]], [[-0.185002, -0.977792, -0.0984684], [0.128867, 0.0751954, -0.988807], [0.974252, -0.195621, 0.112094]], [[-0.185002, -0.977792, -0.0984684], [-0.974149, 0.195681, -0.112882], [0.129643, 0.0750396, -0.988717]], [[-0.185002, -0.977792, -0.0984684], [-0.838974, 0.104966, 0.533952], [-0.511758, 0.181395, -0.839762]]], "btipPosition": [-60.1657, 151.741, 13.2382], "carpPosition": [-95.1045, 141.077, 35.2373], "dipPosition": [-51.8963, 154.672, -0.331319], "direction": [0.129643, -0.0750396, 0.988717], "extended": false, "handId": 131, "id": 1313, "length": 55.7206, "mcpPosition": [-92.6483, 148.911, -19.6875], "pipPosition": [-55.0023, 156.47, -24.0189], "stabilizedTipPosition": [-58.1864, 160.019, 12.2279], "timeVisible": 11.1353, "tipPosition": [-57.9391, 152.437, 10.6855], "tipVelocity": [0.397088, -6.28661, 7.45053], "tool": false, "touchDistance": 0.333333, "touchZone": "none", "type": 3, "width": 17.0597}, {"bases": [[[-0.339742, -0.940517, -0.00192846], [0.940519, -0.33974, -0.00118745], [0.000461646, -0.00221718, 0.999997]], [[-0.339614, -0.940061, -0.0307792], [0.137802, -0.0173591, -0.990308], [0.930416, -0.340563, 0.135438]], [[-0.339614, -0.940061, -0.0307792], [-0.920303, 0.338876, -0.195461], [0.194175, -0.0380549, -0.980228]], [[-0.339614, -0.940061, -0.0307792], [-0.82559, 0.282261, 0.4886], [-0.450626, 0.191346, -0.871965]]], "btipPosition": [-63.5434, 138.692, 7.80365], "carpPosition": [-88.5864, 130.373, 33.7741], "dipPosition": [-56.8258, 141.545, -5.19486], "direction": [0.194175, 0.0380549, 0.980228], "extended": false, "handId": 131, "id": 1314, "length": 43.6839, "mcpPosition": [-88.5626, 130.487, -17.634], "pipPosition": [-60.1103, 140.901, -21.7757], "stabilizedTipPosition": [-61.7577, 146.905, 6.50294], "timeVisible": 11.1353, "tipPosition": [-62.0764, 139.882, 5.24285], "tipVelocity": [1.87101, -5.2836, 9.7763], "tool": false, "touchDistance": 0.333333, "touchZone": "none", "type": 4, "width": 15.1538}], "r": [[0.808358, -0.543106, -0.22714], [-0.0383118, 0.336488, -0.940908], [0.587443, 0.769293, 0.251195]], "s": 1.77391, "t": [-57.7091, 27.71, 72.8471], "timestamp": 8213339196}, {"currentFrameRate": 115.22, "devices": [], "gestures": [], "hands": [{"armBasis": [[-0.139831, -0.766866, -0.62639], [0.926579, 0.121719, -0.35586], [0.34914, -0.63016, 0.693542]], "armWidth": 59.0231, "confidence": 1, "direction": [-0.102245, 0.262206, -0.95958], "elbow": [-171.898, -18.3312, 227.496], "grabAngle": 3.14159, "grabStrength": 1, "id": 131, "palmNormal": [0.994404, 0.00116258, -0.105638], "palmPosition": [-86.734, 160.612, 0.189631], "palmVelocity": [-3.59571, -8.92926, 4.80954], "palmWidth": 80.6694, "pinchDistance": 46.3229, "pinchStrength": 0.0226557, "r": [[0.808328, -0.543298, -0.226787], [-0.038132, 0.336088, -0.941058], [0.587496, 0.769332, 0.250953]], "s": 1.77378, "sphereCenter": [-55.6947, 179.008, -14.0896], "sphereRadius": 37.3353, "stabilizedPalmPosition": [-86.5814, 168.123, 2.1766], "t": [57.6913, 27.631, 72.8862], "timeVisible": 11.1434, "type": "left", "wrist": [-88.3226, 132.513, 61.4791]}], "id": 163156, "interactionBox": {"center": [0, 200, 0], "size": [235.247, 235.247, 147.751]}, "pointables": [{"bases": [[[0.92007, -0.338193, -0.197728], [0.383415, 0.673786, 0.631669], [-0.0803998, -0.656992, 0.749598]], [[0.918097, -0.203669, -0.340024], [0.394497, 0.552524, 0.734227], [0.0383326, -0.808231, 0.587617]], [[0.918097, -0.203669, -0.340024], [0.386312, 0.651708, 0.652717], [0.0886589, -0.730613, 0.677011]], [[0.918097, -0.203669, -0.340024], [0.380093, 0.695624, 0.60962], [0.112369, -0.688931, 0.716064]]], "btipPosition": [-68.7386, 236.395, -7.19816], "carpPosition": [-75.3238, 165.138, 53.264], "dipPosition": [-71.013, 222.451, 7.29531], "direction": [0.0886589, 0.730613, -0.677011], "extended": true, "handId": 131, "id": 1310, "length": 45.0726, "mcpPosition": [-75.3238, 165.138, 53.264], "pipPosition": [-73.6273, 200.907, 27.2586], "stabilizedTipPosition": [-68.9968, 239.86, -1.78913], "timeVisible": 11.1434, "tipPosition": [-69.1135, 232.191, -4.84932], "tipVelocity": [-2.32768, -13.0468, -5.62376], "tool": false, "touchDistance": 0.239986, "touchZone": "hovering", "type": 0, "width": 19.1104}, {"bases": [[[0.0433731, -0.907287, -0.418269], [0.997692, 0.061229, -0.0293575], [0.0522459, -0.416031, 0.907848]], [[0.0498729, -0.954155, -0.295127], [0.427181, 0.287481, -0.857246], [0.90279, -0.0833195, 0.421935]], [[0.0498729, -0.954155, -0.295127], [-0.809318, 0.134545, -0.571754], [0.58525, 0.267367, -0.765505]], [[0.0498729, -0.954155, -0.295127], [-0.997838, -0.0602654, 0.0262172], [-0.0428012, 0.293182, -0.955098]]], "btipPosition": [-45.1693, 181.015, -0.650222], "carpPosition": [-93.7223, 160.705, 44.1267], "dipPosition": [-44.5369, 185.348, -14.7631], "direction": [0.58525, -0.267367, 0.765505], "extended": false, "handId": 131, "id": 1311, "length": 50.8594, "mcpPosition": [-90.3146, 187.841, -15.0876], "pipPosition": [-56.7707, 190.937, -30.765], "stabilizedTipPosition": [-44.8743, 189.762, -0.820389], "timeVisible": 11.1434, "tipPosition": [-43.9065, 182.669, -6.22835], "tipVelocity": [-3.46381, -8.0542, 1.70132], "tool": false, "touchDistance": 0.333333, "touchZone": "none", "type": 1, "width": 18.2543}, {"bases": [[[-0.120689, -0.952208, -0.280596], [0.991566, -0.102189, -0.0797095], [0.0472262, -0.28785, 0.95651]], [[-0.11764, -0.967755, -0.222735], [0.168419, 0.2016, -0.964879], [0.97867, -0.151021, 0.139272]], [[-0.11764, -0.967755, -0.222735], [-0.978536, 0.151182, -0.140041], [0.169198, 0.20148, -0.964768]], [[-0.11764, -0.967755, -0.222735], [-0.858258, -0.0137486, 0.513034], [-0.499554, 0.251517, -0.828966]]], "btipPosition": [-55.909, 166.274, 11.3202], "carpPosition": [-95.6692, 151.217, 39.0913], "dipPosition": [-47.7902, 170.362, -2.15229], "direction": [0.169198, -0.20148, 0.964768], "extended": false, "handId": 131, "id": 1312, "length": 57.9502, "mcpPosition": [-92.748, 169.022, -20.0732], "pipPosition": [-51.9513, 175.317, -25.8789], "stabilizedTipPosition": [-53.9954, 175.179, 10.8846], "timeVisible": 11.1434, "tipPosition": [-52.4302, 167.479, 7.86657], "tipVelocity": [-4.43164, -7.23928, 4.19332], "tool": false, "touchDistance": 0.333333, "touchZone": "none", "type": 2, "width": 17.9281}, {"bases": [[[-0.186827, -0.973758, -0.129967], [0.98141, -0.179083, -0.069021], [0.043935, -0.140446, 0.989113]], [[-0.185317, -0.977772, -0.0980806], [0.128955, 0.074749, -0.988829], [0.974181, -0.195894, 0.112236]], [[-0.185317, -0.977772, -0.0980806], [-0.974078, 0.195954, -0.113024], [0.12973, 0.074593, -0.98874]], [[-0.185317, -0.977772, -0.0980806], [-0.838918, 0.105439, 0.533947], [-0.511736, 0.181231, -0.83981]]], "btipPosition": [-60.196, 151.678, 13.2819], "carpPosition": [-95.1183, 141.024, 35.2908], "dipPosition": [-51.927, 154.607, -0.288383], "direction": [0.12973, -0.074593, 0.98874], "extended": false, "handId": 131, "id": 1313, "length": 55.7206, "mcpPosition": [-92.6783, 148.824, -19.6396], "pipPosition": [-55.0351, 156.394, -23.9765], "stabilizedTipPosition": [-58.1867, 160.001, 12.223], "timeVisible": 11.1434, "tipPosition": [-57.963, 152.381, 10.7221], "tipVelocity": [-3.76346, -7.86202, 5.38798], "tool": false, "touchDistance": 0.333333, "touchZone": "none", "type": 3, "width": 17.0597}, {"bases": [[[-0.340058, -0.940403, -0.00141123], [0.940404, -0.340057, -0.000736506], [0.000212714, -0.00157758, 0.999999]], [[-0.33992, -0.939959, -0.0305249], [0.137847, -0.0176902, -0.990296], [0.930297, -0.340829, 0.135583]], [[-0.33992, -0.939959, -0.0305249], [-0.920135, 0.339111, -0.195847], [0.194439, -0.0384852, -0.980159]], [[-0.33992, -0.939959, -0.0305249], [-0.825617, 0.282713, 0.488293], [-0.450346, 0.191183, -0.872145]]], "btipPosition": [-63.5616, 138.626, 7.85938], "carpPosition": [-88.5969, 130.321, 33.8328], "dipPosition": [-56.8483, 141.476, -5.14182], "direction": [0.194439, 0.0384852, 0.980159], "extended": false, "handId": 131, "id": 1314, "length": 43.6839, "mcpPosition": [-88.5859, 130.402, -17.5754], "pipPosition": [-60.1373, 140.825, -21.7215], "stabilizedTipPosition": [-61.7582, 146.89, 6.49985], "timeVisible": 11.1434, "tipPosition": [-62.0971, 139.821, 5.2886], "tipVelocity": [-2.38154, -8.27552, 6.81969], "tool": false, "touchDistance": 0.333333, "touchZone": "none", "type": 4, "width": 15.1538}], "r": [[0.808328, -0.543298, -0.226787], [-0.038132, 0.336088, -0.941058], [0.587496, 0.769332, 0.250953]], "s": 1.77378, "t": [-57.6913, 27.631, 72.8862], "timestamp": 8213347277}, {"currentFrameRate": 114.673, "devices": [], "gestures": [], "hands": [{"armBasis": [[-0.139617, -0.767015, -0.626255], [0.92659, 0.121834, -0.355791], [0.349196, -0.629956, 0.693698]], "armWidth": 59.0231, "confidence": 1, "direction": [-0.102869, 0.262013, -0.959566], "elbow": [-171.91, -18.3366, 227.582], "grabAngle": 3.14159, "grabStrength": 1, "id": 131, "palmNormal": [0.994333, 0.00108387, -0.106301], "palmPosition": [-86.7663, 160.545, 0.23253], "palmVelocity": [-3.34716, -6.9021, 4.44493], "palmWidth": 80.6694, "pinchDistance": 46.3545, "pinchStrength": 0.0224219, "r": [[0.808341, -0.543452, -0.226373], [-0.0378666, 0.335729, -0.941197], [0.587495, 0.76938, 0.250805]], "s": 1.77371, "sphereCenter": [-55.7368, 178.943, -14.0704], "sphereRadius": 37.3388, "stabilizedPalmPosition": [-86.5821, 168.098, 2.1702], "t": [57.6663, 27.5583, 72.9272], "timeVisible": 11.1531, "type": "left", "wrist": [-88.3207, 132.459, 61.528]}], "id": 163157, "interactionBox": {"center": [0, 200, 0], "size": [235.247, 235.247, 147.751]}, "pointables": [{"bases": [[[0.920221, -0.338181, -0.197045], [0.382955, 0.673938, 0.631785], [-0.0808617, -0.656841, 0.74968]], [[0.918316, -0.203549, -0.339505], [0.394023, 0.552294, 0.734654], [0.0379688, -0.808418, 0.587384]], [[0.918316, -0.203549, -0.339505], [0.385789, 0.652326, 0.652409], [0.0886711, -0.730095, 0.677568]], [[0.918316, -0.203549, -0.339505], [0.379675, 0.695568, 0.609944], [0.111996, -0.689023, 0.716034]]], "btipPosition": [-68.7586, 236.334, -7.16929], "carpPosition": [-75.3205, 165.082, 53.2984], "dipPosition": [-71.0255, 222.388, 7.32357], "direction": [0.0886711, 0.730095, -0.677568], "extended": true, "handId": 131, "id": 1310, "length": 45.0726, "mcpPosition": [-75.3205, 165.082, 53.2984], "pipPosition": [-73.6401, 200.859, 27.3033], "stabilizedTipPosition": [-68.9976, 239.841, -1.79501], "timeVisible": 11.1531, "tipPosition": [-69.1452, 232.123, -4.8317], "tipVelocity": [-1.89009, -6.40998, 2.97663], "tool": false, "touchDistance": 0.240465, "touchZone": "hovering", "type": 0, "width": 19.1104}, {"bases": [[[0.0437035, -0.907371, -0.418053], [0.997708, 0.06128, -0.0287054], [0.0516648, -0.41584, 0.907969]], [[0.0501033, -0.954081, -0.29533], [0.427766, 0.287706, -0.856879], [0.9025, -0.0833997, 0.422539]], [[0.0501033, -0.954081, -0.29533], [-0.80878, 0.134732, -0.572471], [0.585974, 0.26754, -0.76489]], [[0.0501033, -0.954081, -0.29533], [-0.997879, -0.0601278, 0.0249541], [-0.0415657, 0.293453, -0.955069]]], "btipPosition": [-45.1876, 180.941, -0.646277], "carpPosition": [-93.7254, 160.648, 44.1742], "dipPosition": [-44.5734, 185.277, -14.7588], "direction": [0.585974, -0.26754, 0.76489], "extended": false, "handId": 131, "id": 1311, "length": 50.8594, "mcpPosition": [-90.3555, 187.771, -15.048], "pipPosition": [-56.8224, 190.87, -30.7477], "stabilizedTipPosition": [-44.875, 189.73, -0.83324], "timeVisible": 11.1531, "tipPosition": [-43.9428, 182.598, -6.21644], "tipVelocity": [-2.33276, -7.59283, 0.418831], "tool": false, "touchDistance": 0.333333, "touchZone": "none", "type": 1, "width": 18.2543}, {"bases": [[[-0.120448, -0.952273, -0.280479], [0.991625, -0.102149, -0.0790277], [0.0466054, -0.287649, 0.956601]], [[-0.117436, -0.967808, -0.222613], [0.168819, 0.201446, -0.964842], [0.978626, -0.150889, 0.139727]], [[-0.117436, -0.967808, -0.222613], [-0.978491, 0.151049, -0.140495], [0.169598, 0.201326, -0.96473]], [[-0.117436, -0.967808, -0.222613], [-0.858489, -0.0137467, 0.512647], [-0.499204, 0.251314, -0.829238]]], "btipPosition": [-55.9407, 166.206, 11.3499], "carpPosition": [-95.6761, 151.159, 39.1421], "dipPosition": [-47.8275, 170.29, -2.12701], "direction": [0.169598, -0.201326, 0.96473], "extended": false, "handId": 131, "id": 1312, "length": 57.9502, "mcpPosition": [-92.7933, 168.951, -20.028], "pipPosition": [-51.9985, 175.241, -25.8527], "stabilizedTipPosition": [-53.9957, 175.151, 10.8757], "timeVisible": 11.1531, "tipPosition": [-52.4582, 167.412, 7.88547], "tipVelocity": [-3.4166, -7.21718, 2.97273], "tool": false, "touchDistance": 0.333333, "touchZone": "none", "type": 2, "width": 17.9281}, {"bases": [[[-0.186684, -0.973795, -0.12989], [0.981466, -0.179041, -0.0683301], [0.043284, -0.140239, 0.989171]], [[-0.185185, -0.977826, -0.0977924], [0.129417, 0.07438, -0.988797], [0.974145, -0.195766, 0.112773]], [[-0.185185, -0.977826, -0.0977924], [-0.974041, 0.195826, -0.113561], [0.130193, 0.0742241, -0.988707]], [[-0.185185, -0.977826, -0.0977924], [-0.839145, 0.105559, 0.533566], [-0.511411, 0.18087, -0.840086]]], "btipPosition": [-60.2273, 151.617, 13.3141], "carpPosition": [-95.1283, 140.966, 35.3433], "dipPosition": [-51.9635, 154.54, -0.260639], "direction": [0.130193, -0.0742241, 0.988707], "extended": false, "handId": 131, "id": 1313, "length": 55.7206, "mcpPosition": [-92.7245, 148.754, -19.5903], "pipPosition": [-55.0827, 156.318, -23.948], "stabilizedTipPosition": [-58.1871, 159.979, 12.2172], "timeVisible": 11.1531, "tipPosition": [-57.989, 152.315, 10.7472], "tipVelocity": [-3.36359, -6.42405, 3.23024], "tool": false, "touchDistance": 0.333333, "touchZone": "none", "type": 3, "width": 17.0597}, {"bases": [[[-0.340003, -0.940423, -0.00144334], [0.940424, -0.340004, -3.96884e-05], [-0.000453417, -0.00137085, 0.999999]], [[-0.339849, -0.939992, -0.0303081], [0.138298, -0.0180731, -0.990226], [0.930256, -0.340718, 0.136141]], [[-0.339849, -0.939992, -0.0303081], [-0.920047, 0.338973, -0.196496], [0.194979, -0.0388942, -0.980036]], [[-0.339849, -0.939992, -0.0303081], [-0.825896, 0.282872, 0.487728], [-0.449887, 0.190785, -0.872469]]], "btipPosition": [-63.5928, 138.565, 7.89545], "carpPosition": [-88.6085, 130.262, 33.8832], "dipPosition": [-56.8862, 141.409, -5.11058], "direction": [0.194979, 0.0388942, 0.980036], "extended": false, "handId": 131, "id": 1314, "length": 43.6839, "mcpPosition": [-88.6318, 130.332, -17.525], "pipPosition": [-60.1844, 140.751, -21.6882], "stabilizedTipPosition": [-61.7588, 146.873, 6.49618], "timeVisible": 11.1531, "tipPosition": [-62.1272, 139.754, 5.31919], "tipVelocity": [-3.39058, -6.43272, 3.62221], "tool": false, "touchDistance": 0.333333, "touchZone": "none", "type": 4, "width": 15.1538}], "r": [[0.808341, -0.543452, -0.226373], [-0.0378666, 0.335729, -0.941197], [0.587495, 0.76938, 0.250805]], "s": 1.77371, "t": [-57.6663, 27.5583, 72.9272], "timestamp": 8213356928}, {"currentFrameRate": 115.224, "devices": [], "gestures": [], "hands": [{"armBasis": [[-0.139327, -0.766998, -0.62634], [0.926635, 0.122059, -0.355597], [0.349193, -0.629933, 0.693721]], "armWidth": 59.0231, "confidence": 1, "direction": [-0.102982, 0.26147, -0.959702], "elbow": [-171.916, -18.3781, 227.643], "grabAngle": 3.14159, "grabStrength": 1, "id": 131, "palmNormal": [0.994307, 0.000529556, -0.106551], "palmPosition": [-86.7765, 160.466, 0.2737], "palmVelocity": [-1.31468, -10.2597, 5.31854], "palmWidth": 80.6694, "pinchDistance": 46.3765, "pinchStrength": 0.0216938, "r": [[0.808416, -0.543523, -0.225935], [-0.0376399, 0.335322, -0.941351], [0.587407, 0.769508, 0.250621]], "s": 1.77362, "sphereCenter": [-55.7473, 178.871, -14.0428], "sphereRadius": 37.3453, "stabilizedPalmPosition": [-86.5826, 168.078, 2.16525], "t": [57.6487, 27.4822, 72.9683], "timeVisible": 11.1608, "type": "left", "wrist": [-88.3281, 132.412, 61.5836]}], "id": 163158, "interactionBox": {"center": [0, 200, 0], "size": [235.247, 235.247, 147.751]}, "pointables": [{"bases": [[[0.920437, -0.337851, -0.196604], [0.382465, 0.674517, 0.631464], [-0.0807278, -0.656417, 0.750067]], [[0.918504, -0.203326, -0.33913], [0.393589, 0.552401, 0.734807], [0.0379303, -0.808401, 0.587409]], [[0.918504, -0.203326, -0.33913], [0.385288, 0.653051, 0.65198], [0.0889046, -0.729509, 0.678169]], [[0.918504, -0.203326, -0.33913], [0.379227, 0.695847, 0.609904], [0.111973, -0.688807, 0.716245]]], "btipPosition": [-68.7485, 236.259, -7.15693], "carpPosition": [-75.3151, 165.03, 53.3338], "dipPosition": [-71.0149, 222.317, 7.34022], "direction": [0.0889046, 0.729509, -0.678169], "extended": true, "handId": 131, "id": 1310, "length": 45.0726, "mcpPosition": [-75.3151, 165.03, 53.3338], "pipPosition": [-73.6364, 200.806, 27.3376], "stabilizedTipPosition": [-68.9983, 239.824, -1.79999], "timeVisible": 11.1608, "tipPosition": [-69.1218, 232.034, -4.83719], "tipVelocity": [1.32303, -9.50518, 1.72453], "tool": false, "touchDistance": 0.240688, "touchZone": "hovering", "type": 0, "width": 19.1104}, {"bases": [[[0.0442544, -0.907608, -0.41748], [0.997685, 0.0617524, -0.0284925], [0.0516404, -0.415252, 0.908239]], [[0.0506436, -0.954221, -0.294784], [0.42754, 0.287463, -0.857073], [0.902577, -0.0826265, 0.422526]], [[0.0506436, -0.954221, -0.294784], [-0.808897, 0.133928, -0.572494], [0.585766, 0.267443, -0.765084]], [[0.0506436, -0.954221, -0.294784], [-0.99786, -0.0605667, 0.0246242], [-0.041351, 0.292906, -0.955247]]], "btipPosition": [-45.1866, 180.836, -0.613916], "carpPosition": [-93.7244, 160.599, 44.2171], "dipPosition": [-44.5756, 185.164, -14.729], "direction": [0.585766, -0.267443, 0.765084], "extended": false, "handId": 131, "id": 1311, "length": 50.8594, "mcpPosition": [-90.3562, 187.684, -15.0228], "pipPosition": [-56.8202, 190.754, -30.722], "stabilizedTipPosition": [-44.8756, 189.702, -0.843618], "timeVisible": 11.1608, "tipPosition": [-43.9449, 182.493, -6.19731], "tipVelocity": [0.040009, -13.9004, 4.10273], "tool": false, "touchDistance": 0.333333, "touchZone": "none", "type": 1, "width": 18.2543}, {"bases": [[[-0.119909, -0.952505, -0.27992], [0.991695, -0.10171, -0.0787151], [0.0465058, -0.287034, 0.956791]], [[-0.116905, -0.968003, -0.222043], [0.168761, 0.200962, -0.964953], [0.9787, -0.15028, 0.139868]], [[-0.116905, -0.968003, -0.222043], [-0.978565, 0.15044, -0.140636], [0.169541, 0.200843, -0.964841]], [[-0.116905, -0.968003, -0.222043], [-0.858527, -0.0138932, 0.512579], [-0.499263, 0.250553, -0.829433]]], "btipPosition": [-55.9511, 166.115, 11.3874], "carpPosition": [-95.6811, 151.108, 39.1913], "dipPosition": [-47.837, 170.187, -2.09268], "direction": [0.169541, -0.200843, 0.964841], "extended": false, "handId": 131, "id": 1312, "length": 57.9502, "mcpPosition": [-92.8045, 168.862, -19.9906], "pipPosition": [-52.0065, 175.127, -25.8211], "stabilizedTipPosition": [-53.996, 175.129, 10.8685], "timeVisible": 11.1608, "tipPosition": [-52.4641, 167.32, 7.914], "tipVelocity": [-1.32141, -12.0108, 4.75032], "tool": false, "touchDistance": 0.333333, "touchZone": "none", "type": 2, "width": 17.9281}, {"bases": [[[-0.186173, -0.973967, -0.129334], [0.981571, -0.178601, -0.0679725], [0.0431039, -0.139605, 0.989269]], [[-0.184634, -0.978077, -0.0963105], [0.129336, 0.0729624, -0.988913], [0.97426, -0.195044, 0.113029]], [[-0.184634, -0.978077, -0.0963105], [-0.974157, 0.195102, -0.113817], [0.130112, 0.072807, -0.988823]], [[-0.184634, -0.978077, -0.0963105], [-0.839161, 0.10588, 0.533477], [-0.511584, 0.179318, -0.840314]]], "btipPosition": [-60.2485, 151.56, 13.3606], "carpPosition": [-95.1392, 140.912, 35.3987], "dipPosition": [-51.982, 154.457, -0.217775], "direction": [0.130112, -0.072807, 0.988823], "extended": false, "handId": 131, "id": 1313, "length": 55.7206, "mcpPosition": [-92.7455, 148.665, -19.5403], "pipPosition": [-55.0992, 156.202, -23.9079], "stabilizedTipPosition": [-58.1874, 159.962, 12.2129], "timeVisible": 11.1608, "tipPosition": [-58.0012, 152.228, 10.7852], "tipVelocity": [-2.66004, -8.19276, 5.90307], "tool": false, "touchDistance": 0.333333, "touchZone": "none", "type": 3, "width": 17.0597}, {"bases": [[[-0.339541, -0.940591, -0.000946523], [0.940591, -0.339541, 0.000407314], [-0.0007045, -0.000751991, 0.999999]], [[-0.339398, -0.940227, -0.0279781], [0.137863, -0.0202985, -0.990243], [0.930485, -0.339944, 0.136511]], [[-0.339398, -0.940227, -0.0279781], [-0.920284, 0.33806, -0.196957], [0.194642, -0.041099, -0.980013]], [[-0.339398, -0.940227, -0.0279781], [-0.825853, 0.283609, 0.487373], [-0.450306, 0.188519, -0.872745]]], "btipPosition": [-63.6272, 138.523, 7.9482], "carpPosition": [-88.6251, 130.204, 33.9435], "dipPosition": [-56.9144, 141.333, -5.06194], "direction": [0.194642, 0.041099, 0.980013], "extended": false, "handId": 131, "id": 1314, "length": 43.6839, "mcpPosition": [-88.6613, 130.243, -17.4646], "pipPosition": [-60.2069, 140.638, -21.6392], "stabilizedTipPosition": [-61.7594, 146.859, 6.49353], "timeVisible": 11.1608, "tipPosition": [-62.1461, 139.664, 5.36591], "tipVelocity": [-4.26017, -6.44289, 6.69278], "tool": false, "touchDistance": 0.333333, "touchZone": "none", "type": 4, "width": 15.1538}], "r": [[0.808416, -0.543523, -0.225935], [-0.0376399, 0.335322, -0.941351], [0.587407, 0.769508, 0.250621]], "s": 1.77362, "t": [-57.6487, 27.4822, 72.9683], "timestamp": 8213364669}, {"currentFrameRate": 115.284, "devices": [], "gestures": [], "hands": [{"armBasis": [[-0.139045, -0.766906, -0.626515], [0.926706, 0.122272, -0.355338], [0.349116, -0.630003, 0.693696]], "armWidth": 59.0231, "confidence": 1, "direction": [-0.1032, 0.261234, -0.959743], "elbow": [-171.915, -18.4575, 227.687], "grabAngle": 3.14159, "grabStrength": 1, "id": 131, "palmNormal": [0.994273, 0.000164142, -0.106868], "palmPosition": [-86.8046, 160.39, 0.317089], "palmVelocity": [-3.27319, -8.84852, 5.06112], "palmWidth": 80.6694, "pinchDistance": 46.4214, "pinchStrength": 0.0212771, "r": [[0.808526, -0.543538, -0.225502], [-0.0374212, 0.33494, -0.941496], [0.587269, 0.769663, 0.250468]], "s": 1.77355, "sphereCenter": [-55.7761, 178.79, -14.014], "sphereRadius": 37.3473, "stabilizedPalmPosition": [-86.5832, 168.056, 2.16002], "t": [57.6259, 27.4062, 73.0105], "timeVisible": 11.1694, "type": "left", "wrist": [-88.3455, 132.35, 61.6331]}], "id": 163159, "interactionBox": {"center": [0, 200, 0], "size": [235.247, 235.247, 147.751]}, "pointables": [{"bases": [[[0.920613, -0.337596, -0.196216], [0.382037, 0.674824, 0.631396], [-0.0807452, -0.656233, 0.750226]], [[0.918709, -0.203317, -0.338579], [0.393148, 0.552274, 0.735138], [0.0375222, -0.808489, 0.587313]], [[0.918709, -0.203317, -0.338579], [0.38478, 0.653959, 0.651369], [0.088982, -0.728697, 0.67903]], [[0.918709, -0.203317, -0.338579], [0.378828, 0.696008, 0.609969], [0.111636, -0.688648, 0.716451]]], "btipPosition": [-68.7807, 236.171, -7.14382], "carpPosition": [-75.3247, 164.965, 53.3723], "dipPosition": [-71.0403, 222.233, 7.35748], "directi