{"frames": 46, "data": [{"currentFrameRate": 111.926, "devices": [], "gestures": [], "hands": [{"armBasis": [[0.309821, 0.915224, -0.257636], [-0.243115, 0.338218, 0.909123], [0.919188, -0.21903, 0.327292]], "armWidth": 59.0231, "confidence": 1, "direction": [0.641044, -0.128092, -0.75674], "elbow": [-278.887, 164.763, 183.563], "grabAngle": 3.14159, "grabStrength": 1, "id": 136, "palmNormal": [-0.748313, -0.323422, -0.57916], "palmPosition": [-14.1708, 204.402, 57.905], "palmVelocity": [-5.31956, -14.7818, -16.7577], "palmWidth": 80.6694, "pinchDistance": 27.5815, "pinchStrength": 0.391746, "r": [[-0.100365, -0.457278, 0.883642], [-0.884548, -0.365606, -0.289666], [0.455523, -0.810696, -0.367791]], "s": 1.16012, "sphereCenter": [-30.5602, 188.72, 27.7625], "sphereRadius": 34.6456, "stabilizedPalmPosition": [-11.5433, 211.245, 52.8356], "t": [98.5208, 10.5414, 122.61], "timeVisible": 9.71272, "type": "left", "wrist": [-58.8561, 217.194, 105.217]}], "id": 166715, "interactionBox": {"center": [0, 200, 0], "size": [235.247, 235.247, 147.751]}, "pointables": [{"bases": [[[-0.725767, 0.641548, 0.248353], [-0.221745, -0.559902, 0.798335], [0.651224, 0.524334, 0.548618]], [[-0.880591, 0.466613, 0.0826608], [-0.18078, -0.492029, 0.851602], [0.43804, 0.734969, 0.517631]], [[-0.880591, 0.466613, 0.0826608], [-0.323897, -0.719987, 0.613767], [0.345906, 0.513704, 0.785148]], [[-0.880591, 0.466613, 0.0826608], [-0.447947, -0.876554, 0.176062], [0.154609, 0.118011, 0.980902]]], "btipPosition": [-15.2315, 141.642, 32.8023], "carpPosition": [-47.9465, 191.705, 98.7163], "dipPosition": [-18.3609, 144.031, 52.6562], "direction": [0.345906, -0.513704, -0.785148], "extended": true, "handId": 136, "id": 1360, "length": 45.0726, "mcpPosition": [-47.9465, 191.705, 98.7163], "pipPosition": [-28.5608, 159.179, 75.8082], "stabilizedTipPosition": [-16.9816, 150.146, 35.837], "timeVisible": 9.71272, "tipPosition": [-16.3662, 142.448, 39.1919], "tipVelocity": [-2.83868, -6.81548, -26.69], "tool": false, "touchDistance": 0.307893, "touchZone": "hovering", "type": 0, "width": 19.1104}, {"bases": [[[0.0605062, 0.902728, -0.425935], [-0.838024, 0.277761, 0.469642], [0.542268, 0.328527, 0.773315]], [[-0.0197437, 0.844729, -0.534829], [-0.767555, -0.355594, -0.533303], [-0.640678, 0.399982, 0.655397]], [[-0.0197437, 0.844729, -0.534829], [0.539185, -0.441482, -0.717198], [-0.841956, -0.302532, -0.446749]], [[-0.0197437, 0.844729, -0.534829], [0.987322, -0.0677931, -0.143523], [-0.157496, -0.530883, -0.832682]]], "btipPosition": [-38.475, 180.679, 46.2609], "carpPosition": [-30.1123, 202.801, 99.4094], "dipPosition": [-36.1478, 172.835, 33.9569], "direction": [-0.841956, 0.302532, 0.446749], "extended": false, "handId": 136, "id": 1361, "length": 50.8594, "mcpPosition": [5.25708, 181.372, 48.97], "pipPosition": [-18.5478, 166.511, 24.6182], "stabilizedTipPosition": [-35.432, 185.17, 44.6527], "timeVisible": 9.71272, "tipPosition": [-36.981, 178.012, 45.7258], "tipVelocity": [-9.2789, -13.3389, -15.5492], "tool": false, "touchDistance": 0.333333, "touchZone": "none", "type": 1, "width": 18.2543}, {"bases": [[[0.275183, 0.878147, -0.391321], [-0.803622, 0.433524, 0.407736], [0.527699, 0.202272, 0.824997]], [[0.243044, 0.864438, -0.440087], [-0.735453, -0.131606, -0.664672], [-0.632486, 0.485208, 0.603767]], [[0.243044, 0.864438, -0.440087], [0.567934, -0.49461, -0.657885], [-0.786372, -0.0900449, -0.611156]], [[0.243044, 0.864438, -0.440087], [0.923041, -0.345576, -0.169033], [-0.298202, -0.365136, -0.881902]]], "btipPosition": [-47.1286, 188.208, 48.2792], "carpPosition": [-29.2178, 212.797, 95.1145], "dipPosition": [-42.2822, 182.274, 33.9464], "direction": [-0.786372, 0.0900449, 0.611156], "extended": false, "handId": 136, "id": 1362, "length": 57.9502, "mcpPosition": [3.42284, 200.286, 44.0848], "pipPosition": [-22.9429, 180.059, 18.9162], "stabilizedTipPosition": [-44.4225, 193.382, 47.3897], "timeVisible": 9.71272, "tipPosition": [-44.3915, 186.771, 44.4673], "tipVelocity": [-10.9379, -14.9306, -14.1176], "tool": false, "touchDistance": 0.333333, "touchZone": "none", "type": 2, "width": 17.9281}, {"bases": [[[0.409631, 0.863146, -0.295267], [-0.764676, 0.501383, 0.404827], [0.497467, 0.0599538, 0.865409]], [[0.379064, 0.857997, -0.346629], [-0.674816, -1.08838e-05, -0.737986], [-0.633194, 0.513654, 0.578986]], [[0.379064, 0.857997, -0.346629], [0.586943, -0.512519, -0.626755], [-0.715408, 0.0341285, -0.697873]], [[0.379064, 0.857997, -0.346629], [0.90789, -0.41729, -0.0400594], [-0.179016, -0.299516, -0.937147]]], "btipPosition": [-48.0477, 203.358, 52.0284], "carpPosition": [-31.1749, 222.513, 90.5987], "dipPosition": [-45.155, 198.518, 36.8853], "direction": [-0.715408, -0.0341285, 0.697873], "extended": false, "handId": 136, "id": 1363, "length": 55.7206, "mcpPosition": [-3.54812, 219.184, 42.5382], "pipPosition": [-28.0153, 199.336, 20.1657], "stabilizedTipPosition": [-45.7774, 207.508, 50.8631], "timeVisible": 9.71272, "tipPosition": [-45.9238, 201.024, 44.5734], "tipVelocity": [-7.59861, -13.7993, -10.2893], "tool": false, "touchDistance": 0.333333, "touchZone": "none", "type": 3, "width": 17.0597}, {"bases": [[[0.585132, 0.769496, -0.255924], [-0.644681, 0.632844, 0.42883], [0.491943, -0.0859331, 0.866376]], [[0.514927, 0.774101, -0.368263], [-0.669275, 0.094599, -0.736968], [-0.535651, 0.625954, 0.566798]], [[0.514927, 0.774101, -0.368263], [0.443319, -0.608157, -0.658493], [-0.733702, 0.175817, -0.65633]], [[0.514927, 0.774101, -0.368263], [0.812048, -0.578115, -0.0797644], [-0.274644, -0.257974, -0.926294]]], "btipPosition": [-46.8556, 216.661, 48.1751], "carpPosition": [-39.2602, 230.514, 85.1363], "dipPosition": [-42.7614, 212.816, 34.3667], "direction": [-0.733702, -0.175817, 0.65633], "extended": false, "handId": 136, "id": 1364, "length": 43.6839, "mcpPosition": [-13.9703, 234.931, 40.5975], "pipPosition": [-30.3506, 215.79, 23.2647], "stabilizedTipPosition": [-44.2372, 221.807, 47.6008], "timeVisible": 9.71272, "tipPosition": [-43.5388, 215.369, 41.0114], "tipVelocity": [-7.75225, -13.8638, -10.141], "tool": false, "touchDistance": 0.333333, "touchZone": "none", "type": 4, "width": 15.1538}], "r": [[-0.100365, -0.457278, 0.883642], [-0.884548, -0.365606, -0.289666], [0.455523, -0.810696, -0.367791]], "s": 1.16012, "t": [-98.5208, 10.5414, 122.61], "timestamp": 8244748892}, {"currentFrameRate": 111.314, "devices": [], "gestures": [], "hands": [{"armBasis": [[0.308101, 0.915577, -0.258442], [-0.24519, 0.3389, 0.908311], [0.919215, -0.216484, 0.328905]], "armWidth": 59.0231, "confidence": 1, "direction": [0.639634, -0.127884, -0.757967], "elbow": [-278.847, 165.259, 183.891], "grabAngle": 3.14159, "grabStrength": 1, "id": 136, "palmNormal": [-0.749191, -0.324345, -0.577506], "palmPosition": [-14.2026, 204.273, 57.7689], "palmVelocity": [-3.16906, -12.8616, -13.5336], "palmWidth": 80.6694, "pinchDistance": 27.5252, "pinchStrength": 0.392147, "r": [[-0.100922, -0.457688, 0.883366], [-0.884467, -0.365291, -0.290312], [0.455558, -0.810607, -0.367944]], "s": 1.16018, "sphereCenter": [-30.6557, 188.613, 27.6508], "sphereRadius": 34.6432, "stabilizedPalmPosition": [-11.5451, 211.24, 52.8389], "t": [98.4824, 10.4195, 122.473], "timeVisible": 9.72278, "type": "left", "wrist": [-58.8098, 217.08, 105.16]}], "id": 166716, "interactionBox": {"center": [0, 200, 0], "size": [235.247, 235.247, 147.751]}, "pointables": [{"bases": [[[-0.725703, 0.642297, 0.246597], [-0.223838, -0.559337, 0.798147], [0.650578, 0.52402, 0.549682]], [[-0.88017, 0.467709, 0.0809267], [-0.183236, -0.492081, 0.851047], [0.437865, 0.734237, 0.518816]], [[-0.88017, 0.467709, 0.0809267], [-0.326132, -0.719777, 0.612829], [0.344874, 0.513001, 0.786061]], [[-0.88017, 0.467709, 0.0809267], [-0.449289, -0.875922, 0.175783], [0.153101, 0.118359, 0.981097]]], "btipPosition": [-15.2389, 141.548, 32.6565], "carpPosition": [-47.8852, 191.565, 98.6539], "dipPosition": [-18.3378, 143.944, 52.5144], "direction": [0.344874, -0.513001, -0.786061], "extended": true, "handId": 136, "id": 1360, "length": 45.0726, "mcpPosition": [-47.8852, 191.565, 98.6539], "pipPosition": [-28.5072, 159.071, 75.6933], "stabilizedTipPosition": [-16.9811, 150.142, 35.8377], "timeVisible": 9.72278, "tipPosition": [-16.3796, 142.307, 39.0808], "tipVelocity": [-0.0382128, -9.16291, -14.406], "tool": false, "touchDistance": 0.305478, "touchZone": "hovering", "type": 0, "width": 19.1104}, {"bases": [[[0.0621512, 0.902477, -0.426231], [-0.838723, 0.278711, 0.467829], [0.541, 0.328413, 0.77425]], [[-0.0178951, 0.844527, -0.535214], [-0.766445, -0.355336, -0.535068], [-0.64206, 0.400637, 0.653643]], [[-0.0178951, 0.844527, -0.535214], [0.539981, -0.442356, -0.71606], [-0.841487, -0.301819, -0.448113]], [[-0.0178951, 0.844527, -0.535214], [0.987623, -0.0684951, -0.141102], [-0.155824, -0.531114, -0.832849]]], "btipPosition": [-38.5215, 180.527, 46.1926], "carpPosition": [-30.0593, 202.677, 99.306], "dipPosition": [-36.219, 172.679, 33.8861], "direction": [-0.841487, 0.301819, 0.448113], "extended": false, "handId": 136, "id": 1361, "length": 50.8594, "mcpPosition": [5.22736, 181.256, 48.8056], "pipPosition": [-18.6289, 166.37, 24.5189], "stabilizedTipPosition": [-35.4352, 185.162, 44.6511], "timeVisible": 9.72278, "tipPosition": [-37.0152, 177.858, 45.6453], "tipVelocity": [-5.19398, -15.2273, -6.84488], "tool": false, "touchDistance": 0.333333, "touchZone": "none", "type": 1, "width": 18.2543}, {"bases": [[[0.276736, 0.877724, -0.391174], [-0.80406, 0.434416, 0.405919], [0.526218, 0.202195, 0.825961]], [[0.244684, 0.86402, -0.439998], [-0.73394, -0.131497, -0.666364], [-0.633611, 0.485981, 0.601964]], [[0.244684, 0.86402, -0.439998], [0.568443, -0.495455, -0.656808], [-0.785495, -0.0894036, -0.612376]], [[0.244684, 0.86402, -0.439998], [0.922936, -0.346634, -0.167436], [-0.297186, -0.365121, -0.882251]]], "btipPosition": [-47.1935, 188.039, 48.2206], "carpPosition": [-29.1822, 212.672, 95.0047], "dipPosition": [-42.3636, 182.105, 33.8821], "direction": [-0.785495, 0.0894036, 0.612376], "extended": false, "handId": 136, "id": 1362, "length": 57.9502, "mcpPosition": [3.36677, 200.165, 43.9153], "pipPosition": [-23.0458, 179.907, 18.8219], "stabilizedTipPosition": [-44.425, 193.372, 47.3859], "timeVisible": 9.72278, "tipPosition": [-44.4378, 186.609, 44.4011], "tipVelocity": [-6.83244, -16.7626, -5.95878], "tool": false, "touchDistance": 0.333333, "touchZone": "none", "type": 2, "width": 17.9281}, {"bases": [[[0.410978, 0.86265, -0.294843], [-0.765049, 0.502239, 0.403057], [0.495779, 0.0599218, 0.866379]], [[0.380509, 0.857504, -0.346264], [-0.673018, -1.93543e-05, -0.739626], [-0.63424, 0.514477, 0.577108]], [[0.380509, 0.857504, -0.346264], [0.588104, -0.51334, -0.624993], [-0.713685, 0.0341763, -0.699632]], [[0.380509, 0.857504, -0.346264], [0.907686, -0.417961, -0.0376028], [-0.176969, -0.299991, -0.937383]]], "btipPosition": [-48.0894, 203.206, 51.9827], "carpPosition": [-31.1569, 222.384, 90.4884], "dipPosition": [-45.2298, 198.358, 36.8357], "direction": [-0.713685, -0.0341763, 0.699632], "extended": false, "handId": 136, "id": 1363, "length": 55.7206, "mcpPosition": [-3.62381, 219.057, 42.374], "pipPosition": [-28.1314, 199.177, 20.074], "stabilizedTipPosition": [-45.7801, 207.499, 50.8592], "timeVisible": 9.72278, "tipPosition": [-45.9816, 200.863, 44.5089], "tipVelocity": [-4.90899, -15.3365, -4.63465], "tool": false, "touchDistance": 0.333333, "touchZone": "none", "type": 3, "width": 17.0597}, {"bases": [[[0.586318, 0.768865, -0.255104], [-0.644987, 0.633607, 0.42724], [0.490126, -0.0859597, 0.867403]], [[0.516368, 0.77348, -0.367549], [-0.667484, 0.0946382, -0.738585], [-0.536497, 0.626715, 0.565154]], [[0.516368, 0.77348, -0.367549], [0.444388, -0.608906, -0.657079], [-0.732041, 0.17596, -0.658145]], [[0.516368, 0.77348, -0.367549], [0.811826, -0.578747, -0.0774019], [-0.272587, -0.258418, -0.926778]]], "btipPosition": [-46.916, 216.505, 48.1127], "carpPosition": [-39.2601, 230.375, 85.0385], "dipPosition": [-42.8525, 212.653, 34.2971], "direction": [-0.732041, -0.17596, 0.658145], "extended": false, "handId": 136, "id": 1364, "length": 43.6839, "mcpPosition": [-14.0636, 234.794, 40.4469], "pipPosition": [-30.4698, 215.629, 23.1643], "stabilizedTipPosition": [-44.2399, 221.798, 47.5968], "timeVisible": 9.72278, "tipPosition": [-43.6164, 215.207, 40.9332], "tipVelocity": [-6.71347, -15.6946, -6.37192], "tool": false, "touchDistance": 0.333333, "touchZone": "none", "type": 4, "width": 15.1538}], "r": [[-0.100922, -0.457688, 0.883366], [-0.884467, -0.365291, -0.290312], [0.455558, -0.810607, -0.367944]], "s": 1.16018, "t": [-98.4824, 10.4195, 122.473], "timestamp": 8244758947}, {"currentFrameRate": 112.166, "devices": [], "gestures": [], "hands": [{"armBasis": [[0.306731, 0.915905, -0.258911], [-0.246183, 0.339111, 0.907963], [0.919407, -0.214761, 0.329496]], "armWidth": 59.0231, "confidence": 1, "direction": [0.637081, -0.127096, -0.760246], "elbow": [-278.809, 165.528, 184.038], "grabAngle": 3.14159, "grabStrength": 1, "id": 136, "palmNormal": [-0.750833, -0.325352, -0.574801], "palmPosition": [-14.253, 204.156, 57.6403], "palmVelocity": [-6.78479, -15.7222, -17.3191], "palmWidth": 80.6694, "pinchDistance": 27.4566, "pinchStrength": 0.393214, "r": [[-0.102119, -0.45798, 0.883077], [-0.884288, -0.364812, -0.291457], [0.455639, -0.810658, -0.367732]], "s": 1.16016, "sphereCenter": [-30.8083, 188.514, 27.5681], "sphereRadius": 34.6378, "stabilizedPalmPosition": [-11.5465, 211.236, 52.8415], "t": [98.438, 10.3002, 122.34], "timeVisible": 9.7302, "type": "left", "wrist": [-58.7262, 216.937, 105.164]}], "id": 166717, "interactionBox": {"center": [0, 200, 0], "size": [235.247, 235.247, 147.751]}, "pointables": [{"bases": [[[-0.725746, 0.643254, 0.243962], [-0.227422, -0.558999, 0.79737], [0.649286, 0.523206, 0.551982]], [[-0.879703, 0.469091, 0.077953], [-0.187146, -0.492231, 0.850109], [0.437149, 0.733254, 0.520806]], [[-0.879703, 0.469091, 0.077953], [-0.329718, -0.719839, 0.610834], [0.34265, 0.51165, 0.787912]], [[-0.879703, 0.469091, 0.077953], [-0.451358, -0.875295, 0.173593], [0.149663, 0.117526, 0.981727]]], "btipPosition": [-15.2929, 141.49, 32.4936], "carpPosition": [-47.7723, 191.407, 98.6463], "dipPosition": [-18.3221, 143.869, 52.3643], "direction": [0.34265, -0.51165, -0.787912], "extended": true, "handId": 136, "id": 1360, "length": 45.0726, "mcpPosition": [-47.7723, 191.407, 98.6463], "pipPosition": [-28.426, 158.956, 75.5977], "stabilizedTipPosition": [-16.9807, 150.14, 35.8381], "timeVisible": 9.7302, "tipPosition": [-16.4143, 142.186, 38.9545], "tipVelocity": [-5.1128, -8.32704, -21.5443], "tool": false, "touchDistance": 0.302813, "touchZone": "hovering", "type": 0, "width": 19.1104}, {"bases": [[[0.064851, 0.902371, -0.426053], [-0.84003, 0.279828, 0.464806], [0.53865, 0.327754, 0.776166]], [[-0.0148675, 0.844529, -0.535303], [-0.764865, -0.354428, -0.537925], [-0.644019, 0.401437, 0.65122]], [[-0.0148675, 0.844529, -0.535303], [0.541772, -0.443161, -0.714207], [-0.840394, -0.300631, -0.450953]], [[-0.0148675, 0.844529, -0.535303], [0.988098, -0.0695654, -0.137194], [-0.153103, -0.530972, -0.833444]]], "btipPosition": [-38.584, 180.378, 46.1539], "carpPosition": [-29.9587, 202.542, 99.234], "dipPosition": [-36.3217, 172.533, 33.8386], "direction": [-0.840394, 0.300631, 0.450953], "extended": false, "handId": 136, "id": 1361, "length": 50.8594, "mcpPosition": [5.17466, 181.164, 48.6087], "pipPosition": [-18.7544, 166.248, 24.4121], "stabilizedTipPosition": [-35.4382, 185.155, 44.6496], "timeVisible": 9.7302, "tipPosition": [-37.0747, 177.711, 45.5994], "tipVelocity": [-9.65733, -19.9551, -5.48624], "tool": false, "touchDistance": 0.333333, "touchZone": "none", "type": 1, "width": 18.2543}, {"bases": [[[0.279276, 0.877341, -0.390227], [-0.804943, 0.435484, 0.403013], [0.523518, 0.201558, 0.82783]], [[0.247382, 0.863676, -0.439165], [-0.731734, -0.130569, -0.668967], [-0.635112, 0.486842, 0.599681]], [[0.247382, 0.863676, -0.439165], [0.569738, -0.496278, -0.655063], [-0.78371, -0.0881581, -0.614839]], [[0.247382, 0.863676, -0.439165], [0.923001, -0.347939, -0.164342], [-0.294741, -0.364694, -0.883247]]], "btipPosition": [-47.2672, 187.871, 48.2013], "carpPosition": [-29.11, 212.538, 94.9291], "dipPosition": [-42.477, 181.944, 33.8466], "direction": [-0.78371, 0.0881581, 0.614839], "extended": false, "handId": 136, "id": 1362, "length": 57.9502, "mcpPosition": [3.27199, 200.07, 43.7241], "pipPosition": [-23.2032, 179.776, 18.7258], "stabilizedTipPosition": [-44.4275, 193.362, 47.3823], "timeVisible": 9.7302, "tipPosition": [-44.5146, 186.452, 44.3824], "tipVelocity": [-11.1619, -22.4346, -3.10212], "tool": false, "touchDistance": 0.333333, "touchZone": "none", "type": 2, "width": 17.9281}, {"bases": [[[0.413152, 0.862098, -0.293415], [-0.765834, 0.503257, 0.400288], [0.49275, 0.0593272, 0.868146]], [[0.382862, 0.856989, -0.344944], [-0.670395, 0.000838529, -0.742004], [-0.6356, 0.515334, 0.574842]], [[0.382862, 0.856989, -0.344944], [0.589989, -0.514156, -0.622541], [-0.710866, 0.0348337, -0.702465]], [[0.382862, 0.856989, -0.344944], [0.907348, -0.419011, -0.033915], [-0.1736, -0.3, -0.93801]]], "btipPosition": [-48.1448, 203.053, 51.9811], "carpPosition": [-31.1135, 222.248, 90.4194], "dipPosition": [-45.3397, 198.205, 36.824], "direction": [-0.710866, -0.0348337, 0.702465], "extended": false, "handId": 136, "id": 1363, "length": 55.7206, "mcpPosition": [-3.74863, 218.953, 42.2068], "pipPosition": [-28.3088, 199.04, 19.9944], "stabilizedTipPosition": [-45.7827, 207.49, 50.8556], "timeVisible": 9.7302, "tipPosition": [-46.0764, 200.706, 44.4986], "tipVelocity": [-9.1473, -20.5601, -0.529376], "tool": false, "touchDistance": 0.333333, "touchZone": "none", "type": 3, "width": 17.0597}, {"bases": [[[0.588227, 0.768088, -0.253043], [-0.645689, 0.634469, 0.424894], [0.486903, -0.0865468, 0.869158]], [[0.518672, 0.772787, -0.36576], [-0.664841, 0.0955802, -0.740845], [-0.537556, 0.627427, 0.563355]], [[0.518672, 0.772787, -0.36576], [0.446309, -0.609615, -0.655116], [-0.729238, 0.176548, -0.661092]], [[0.518672, 0.772787, -0.36576], [0.811503, -0.579652, -0.0739385], [-0.269152, -0.258465, -0.927768]]], "btipPosition": [-47.0019, 216.356, 48.1017], "carpPosition": [-39.2466, 230.227, 84.9981], "dipPosition": [-42.9896, 212.503, 34.2713], "direction": [-0.729238, -0.176548, 0.661092], "extended": false, "handId": 136, "id": 1364, "length": 43.6839, "mcpPosition": [-14.2157, 234.677, 40.3163], "pipPosition": [-30.6543, 215.49, 23.0888], "stabilizedTipPosition": [-44.2425, 221.789, 47.593], "timeVisible": 9.7302, "tipPosition": [-43.7437, 215.051, 40.9139], "tipVelocity": [-13.1514, -20.0369, -1.93391], "tool": false, "touchDistance": 0.333333, "touchZone": "none", "type": 4, "width": 15.1538}], "r": [[-0.102119, -0.45798, 0.883077], [-0.884288, -0.364812, -0.291457], [0.455639, -0.810658, -0.367732]], "s": 1.16016, "t": [-98.438, 10.3002, 122.34], "timestamp": 8244766371}, {"currentFrameRate": 112.066, "devices": [], "gestures": [], "hands": [{"armBasis": [[0.305637, 0.916258, -0.258952], [-0.247385, 0.339043, 0.907662], [0.919449, -0.213354, 0.330293]], "armWidth": 59.0231, "confidence": 1, "direction": [0.63523, -0.125986, -0.761978], "elbow": [-278.752, 165.696, 184.209], "grabAngle": 3.14159, "grabStrength": 1, "id": 136, "palmNormal": [-0.751925, -0.326135, -0.572926], "palmPosition": [-14.283, 204.035, 57.5139], "palmVelocity": [-3.29462, -13.3172, -13.8965], "palmWidth": 80.6694, "pinchDistance": 27.4022, "pinchStrength": 0.393637, "r": [[-0.103666, -0.458249, 0.882758], [-0.884084, -0.364175, -0.292869], [0.455685, -0.810792, -0.367379]], "s": 1.16013, "sphereCenter": [-30.9122, 188.429, 27.4657], "sphereRadius": 34.6346, "stabilizedPalmPosition": [-11.5484, 211.232, 52.8446], "t": [98.4008, 10.1799, 122.21], "timeVisible": 9.7393, "type": "left", "wrist": [-58.6593, 216.768, 105.145]}], "id": 166718, "interactionBox": {"center": [0, 200, 0], "size": [235.247, 235.247, 147.751]}, "pointables": [{"bases": [[[-0.725542, 0.644123, 0.242269], [-0.230271, -0.558984, 0.796563], [0.648509, 0.522153, 0.553889]], [[-0.879122, 0.470494, 0.0760298], [-0.190325, -0.492827, 0.849057], [0.436946, 0.731954, 0.522802]], [[-0.879122, 0.470494, 0.0760298], [-0.332658, -0.719995, 0.609053], [0.341297, 0.510139, 0.789477]], [[-0.879122, 0.470494, 0.0760298], [-0.45319, -0.874619, 0.172222], [0.147526, 0.116948, 0.98212]]], "btipPosition": [-15.2894, 141.424, 32.3088], "carpPosition": [-47.6767, 191.227, 98.604], "dipPosition": [-18.2754, 143.791, 52.1874], "direction": [0.341297, -0.510139, -0.789477], "extended": true, "handId": 136, "id": 1360, "length": 45.0726, "mcpPosition": [-47.6767, 191.227, 98.604], "pipPosition": [-28.3394, 158.834, 75.467], "stabilizedTipPosition": [-16.9804, 150.137, 35.8385], "timeVisible": 9.7393, "tipPosition": [-16.4104, 142.068, 38.8034], "tipVelocity": [1.4742, -7.56885, -20.1093], "tool": false, "touchDistance": 0.299763, "touchZone": "hovering", "type": 0, "width": 19.1104}, {"bases": [[[0.0671678, 0.902437, -0.425554], [-0.84089, 0.280769, 0.46268], [0.537022, 0.326767, 0.777709]], [[-0.012304, 0.844767, -0.534993], [-0.763576, -0.353382, -0.540437], [-0.6456, 0.401859, 0.649392]], [[-0.012304, 0.844767, -0.534993], [0.54327, -0.44353, -0.712839], [-0.839468, -0.299417, -0.453479]], [[-0.012304, 0.844767, -0.534993], [0.988498, -0.0703774, -0.133861], [-0.150733, -0.530487, -0.834184]]], "btipPosition": [-38.6121, 180.238, 46.0994], "carpPosition": [-29.8763, 202.385, 99.1485], "dipPosition": [-36.3848, 172.399, 33.7732], "direction": [-0.839468, 0.299417, 0.453479], "extended": false, "handId": 136, "id": 1361, "length": 50.8594, "mcpPosition": [5.15093, 181.072, 48.4225], "pipPosition": [-18.8369, 166.14, 24.2938], "stabilizedTipPosition": [-35.4427, 185.143, 44.6472], "timeVisible": 9.7393, "tipPosition": [-37.1029, 177.565, 45.5213], "tipVelocity": [-3.97299, -15.2652, -6.26699], "tool": false, "touchDistance": 0.333333, "touchZone": "none", "type": 1, "width": 18.2543}, {"bases": [[[0.281464, 0.877112, -0.389169], [-0.805435, 0.4364, 0.401036], [0.521587, 0.200573, 0.829287]], [[0.249681, 0.863506, -0.438196], [-0.729946, -0.129507, -0.671124], [-0.636269, 0.487427, 0.597977]], [[0.249681, 0.863506, -0.438196], [0.570674, -0.49681, -0.653844], [-0.782298, -0.0868145, -0.616825]], [[0.249681, 0.863506, -0.438196], [0.922897, -0.349192, -0.162253], [-0.293121, -0.363899, -0.884114]]], "btipPosition": [-47.3159, 187.708, 48.1609], "carpPosition": [-29.0521, 212.384, 94.8449], "dipPosition": [-42.5521, 181.794, 33.7922], "direction": [-0.782298, 0.0868145, 0.616825], "extended": false, "handId": 136, "id": 1362, "length": 57.9502, "mcpPosition": [3.21043, 199.977, 43.5498], "pipPosition": [-23.313, 179.659, 18.6226], "stabilizedTipPosition": [-44.4314, 193.347, 47.3768], "timeVisible": 9.7393, "tipPosition": [-44.558, 186.296, 44.3303], "tipVelocity": [-6.02232, -17.6384, -4.79184], "tool": false, "touchDistance": 0.333333, "touchZone": "none", "type": 2, "width": 17.9281}, {"bases": [[[0.415063, 0.861658, -0.292008], [-0.766229, 0.504122, 0.398438], [0.490525, 0.0583682, 0.86947]], [[0.384903, 0.856607, -0.34362], [-0.66827, 0.00186147, -0.743916], [-0.636604, 0.515966, 0.573161]], [[0.384903, 0.856607, -0.34362], [0.591432, -0.514734, -0.62069], [-0.70856, 0.0356775, -0.704748]], [[0.384903, 0.856607, -0.34362], [0.906958, -0.42006, -0.0312429], [-0.171104, -0.299623, -0.938589]]], "btipPosition": [-48.1785, 202.9, 51.9612], "carpPosition": [-31.0804, 222.092, 90.344], "dipPosition": [-45.4136, 198.059, 36.7948], "direction": [-0.70856, -0.0356775, 0.704748], "extended": false, "handId": 136, "id": 1363, "length": 55.7206, "mcpPosition": [-3.83903, 218.851, 42.0579], "pipPosition": [-28.438, 198.914, 19.9105], "stabilizedTipPosition": [-45.7868, 207.477, 50.8501], "timeVisible": 9.7393, "tipPosition": [-46.1385, 200.549, 44.4611], "tipVelocity": [-4.71779, -16.6134, -2.42263], "tool": false, "touchDistance": 0.333333, "touchZone": "none", "type": 3, "width": 17.0597}, {"bases": [[[0.589906, 0.767402, -0.251206], [-0.645977, 0.635168, 0.42341], [0.484484, -0.0874984, 0.870413]], [[0.52066, 0.772234, -0.3641], [-0.662713, 0.0966885, -0.742605], [-0.53826, 0.627938, 0.562111]], [[0.52066, 0.772234, -0.3641], [0.447721, -0.610084, -0.653715], [-0.726952, 0.177348, -0.663391]], [[0.52066, 0.772234, -0.3641], [0.81108, -0.580552, -0.0714765], [-0.266575, -0.258099, -0.928613]]], "btipPosition": [-47.0624, 216.207, 48.0758], "carpPosition": [-39.2383, 230.063, 84.9472], "dipPosition": [-43.0886, 212.359, 34.2328], "direction": [-0.726952, -0.177348, 0.663391], "extended": false, "handId": 136, "id": 1364, "length": 43.6839, "mcpPosition": [-14.3318, 234.562, 40.2008], "pipPosition": [-30.7919, 215.359, 23.0113], "stabilizedTipPosition": [-44.2465, 221.775, 47.5872], "timeVisible": 9.7393, "tipPosition": [-43.8347, 214.898, 40.874], "tipVelocity": [-7.62469, -16.3032, -3.16934], "tool": false, "touchDistance": 0.333333, "touchZone": "none", "type": 4, "width": 15.1538}], "r": [[-0.103666, -0.458249, 0.882758], [-0.884084, -0.364175, -0.292869], [0.455685, -0.810792, -0.367379]], "s": 1.16013, "t": [-98.4008, 10.1799, 122.21], "timestamp": 8244775470}, {"currentFrameRate": 112.519, "devices": [], "gestures": [], "hands": [{"armBasis": [[0.305288, 0.916011, -0.260236], [-0.24852, 0.340452, 0.906824], [0.919259, -0.212169, 0.331583]], "armWidth": 59.0231, "confidence": 1, "direction": [0.633796, -0.126295, -0.76312], "elbow": [-278.654, 165.872, 184.463], "grabAngle": 3.14159, "grabStrength": 1, "id": 136, "palmNormal": [-0.752752, -0.327683, -0.570954], "palmPosition": [-14.3068, 203.896, 57.3931], "palmVelocity": [-2.94161, -17.1942, -14.9185], "palmWidth": 80.6694, "pinchDistance": 27.3617, "pinchStrength": 0.39372, "r": [[-0.105364, -0.458213, 0.882576], [-0.883877, -0.363551, -0.294267], [0.455698, -0.811093, -0.366698]], "s": 1.16015, "sphereCenter": [-30.9942, 188.277, 27.3857], "sphereRadius": 34.6332, "stabilizedPalmPosition": [-11.5502, 211.227, 52.8476], "t": [98.3703, 10.0502, 122.085], "timeVisible": 9.7474, "type": "left", "wrist": [-58.6058, 216.66, 105.09]}], "id": 166719, "interactionBox": {"center": [0, 200, 0], "size": [235.247, 235.247, 147.751]}, "pointables": [{"bases": [[[-0.725348, 0.645212, 0.23994], [-0.232508, -0.557703, 0.796811], [0.647927, 0.522177, 0.554546]], [[-0.878584, 0.471839, 0.073879], [-0.192853, -0.492027, 0.84895], [0.436918, 0.731627, 0.523283]], [[-0.878584, 0.471839, 0.073879], [-0.335006, -0.719119, 0.608801], [0.340384, 0.510133, 0.789875]], [[-0.878584, 0.471839, 0.073879], [-0.454637, -0.873673, 0.173206], [0.146272, 0.118588, 0.982111]]], "btipPosition": [-15.2684, 141.284, 32.2404], "carpPosition": [-47.6022, 191.106, 98.5684], "dipPosition": [-18.229, 143.685, 52.1188], "direction": [0.340384, -0.510133, -0.789875], "extended": true, "handId": 136, "id": 1360, "length": 45.0726, "mcpPosition": [-47.6022, 191.106, 98.5684], "pipPosition": [-28.266, 158.727, 75.4102], "stabilizedTipPosition": [-16.98, 150.133, 35.8389], "timeVisible": 9.7474, "tipPosition": [-16.4046, 141.902, 38.7603], "tipVelocity": [3.31636, -16.3595, -8.45509], "tool": false, "touchDistance": 0.298622, "touchZone": "hovering", "type": 0, "width": 19.1104}, {"bases": [[[0.0690107, 0.901811, -0.426584], [-0.841539, 0.282268, 0.460583], [0.53577, 0.327202, 0.778389]], [[-0.0102754, 0.844103, -0.536083], [-0.762621, -0.353371, -0.541791], [-0.646764, 0.403261, 0.647362]], [[-0.0102754, 0.844103, -0.536083], [0.544596, -0.444902, -0.71097], [-0.838636, -0.299254, -0.455123]], [[-0.0102754, 0.844103, -0.536083], [0.988773, -0.0713472, -0.131294], [-0.149074, -0.531413, -0.833893]]], "btipPosition": [-38.6314, 180.066, 46.0739], "carpPosition": [-29.8126, 202.283, 99.0618], "dipPosition": [-36.4286, 172.213, 33.7519], "direction": [-0.838636, 0.299254, 0.455123], "extended": false, "handId": 136, "id": 1361, "length": 50.8594, "mcpPosition": [5.13297, 180.941, 48.2915], "pipPosition": [-18.898, 165.958, 24.2382], "stabilizedTipPosition": [-35.4477, 185.131, 44.6446], "timeVisible": 9.7474, "tipPosition": [-37.124, 177.387, 45.4794], "tipVelocity": [-3.07513, -21.6345, -3.03232], "tool": false, "touchDistance": 0.333333, "touchZone": "none", "type": 1, "width": 18.2543}, {"bases": [[[0.283205, 0.876304, -0.389725], [-0.80579, 0.437782, 0.398811], [0.520094, 0.201091, 0.830099]], [[0.251508, 0.862669, -0.4388], [-0.728517, -0.129739, -0.67263], [-0.637186, 0.488845, 0.595839]], [[0.251508, 0.862669, -0.4388], [0.571587, -0.498257, -0.651942], [-0.781046, -0.0868435, -0.618406]], [[0.251508, 0.862669, -0.4388], [0.922848, -0.350396, -0.159918], [-0.29171, -0.364725, -0.88424]]], "btipPosition": [-47.3487, 187.524, 48.1395], "carpPosition": [-29.008, 212.277, 94.7436], "dipPosition": [-42.6078, 181.597, 33.7687], "direction": [-0.781046, 0.0868435, 0.618406], "extended": false, "handId": 136, "id": 1362, "length": 57.9502, "mcpPosition": [3.16218, 199.839, 43.3982], "pipPosition": [-23.3995, 179.461, 18.5602], "stabilizedTipPosition": [-44.4356, 193.33, 47.3709], "timeVisible": 9.7474, "tipPosition": [-44.5912, 186.107, 44.2954], "tipVelocity": [-4.6969, -23.0585, -2.70404], "tool": false, "touchDistance": 0.333333, "touchZone": "none", "type": 2, "width": 17.9281}, {"bases": [[[0.416587, 0.860833, -0.292269], [-0.766507, 0.505458, 0.396206], [0.488797, 0.0589721, 0.870402]], [[0.386527, 0.855748, -0.343936], [-0.666567, 0.00147329, -0.745444], [-0.637406, 0.51739, 0.570983]], [[0.386527, 0.855748, -0.343936], [0.592786, -0.516203, -0.618174], [-0.706542, 0.0350606, -0.706802]], [[0.386527, 0.855748, -0.343936], [0.906691, -0.420854, -0.0281567], [-0.168842, -0.300961, -0.938571]]], "btipPosition": [-48.1961, 202.734, 51.9328], "carpPosition": [-31.0559, 221.978, 90.2343], "dipPosition": [-45.4678, 197.87, 36.7667], "direction": [-0.706542, -0.0350606, 0.706802], "extended": false, "handId": 136, "id": 1363, "length": 55.7206, "mcpPosition": [-3.91056, 218.703, 41.8965], "pipPosition": [-28.5405, 198.71, 19.8332], "stabilizedTipPosition": [-45.791, 207.463, 50.8444], "timeVisible": 9.7474, "tipPosition": [-46.188, 200.361, 44.4183], "tipVelocity": [-3.21153, -21.2127, -3.49319], "tool": false, "touchDistance": 0.333333, "touchZone": "none", "type": 3, "width": 17.0597}, {"bases": [[[0.591244, 0.766444, -0.250986], [-0.646166, 0.636407, 0.421255], [0.482598, -0.0868865, 0.871522]], [[0.522239, 0.771203, -0.364022], [-0.661051, 0.0964072, -0.744122], [-0.538775, 0.629247, 0.560152]], [[0.522239, 0.771203, -0.364022], [0.449044, -0.611564, -0.651421], [-0.725001, 0.176735, -0.665686]], [[0.522239, 0.771203, -0.364022], [0.810793, -0.581326, -0.0683823], [-0.264352, -0.259435, -0.928877]]], "btipPosition": [-47.1042, 216.035, 48.0182], "carpPosition": [-39.2335, 229.933, 84.844], "dipPosition": [-43.1634, 212.168, 34.1713], "direction": [-0.725001, -0.176735, 0.665686], "extended": false, "handId": 136, "id": 1364, "length": 43.6839, "mcpPosition": [-14.424, 234.4, 40.0406], "pipPosition": [-30.8998, 215.157, 22.911], "stabilizedTipPosition": [-44.2509, 221.761, 47.5811], "timeVisible": 9.7474, "tipPosition": [-43.9077, 214.706, 40.8059], "tipVelocity": [-6.09778, -21.7481, -7.21804], "tool": false, "touchDistance": 0.333333, "touchZone": "none", "type": 4, "width": 15.1538}], "r": [[-0.105364, -0.458213, 0.882576], [-0.883877, -0.363551, -0.294267], [0.455698, -0.811093, -0.366698]], "s": 1.16015, "t": [-98.3703, 10.0502, 122.085], "timestamp": 8244783567}, {"currentFrameRate": 112.558, "devices": [], "gestures": [], "hands": [{"armBasis": [[0.304775, 0.915911, -0.261187], [-0.250163, 0.341588, 0.905945], [0.918983, -0.21077, 0.333235]], "armWidth": 59.0231, "confidence": 1, "direction": [0.632325, -0.126728, -0.764267], "elbow": [-278.51, 166.116, 184.804], "grabAngle": 3.14159, "grabStrength": 1, "id": 136, "palmNormal": [-0.753705, -0.328766, -0.569072], "palmPosition": [-14.3137, 203.764, 57.2685], "palmVelocity": [-0.77969, -14.9553, -14.1344], "palmWidth": 80.6694, "pinchDistance": 27.3397, "pinchStrength": 0.393567, "r": [[-0.107137, -0.457978, 0.882484], [-0.883634, -0.363007, -0.295665], [0.455756, -0.811469, -0.365794]], "s": 1.16021, "sphereCenter": [-31.0631, 188.138, 27.2992], "sphereRadius": 34.6331, "stabilizedPalmPosition": [-11.5522, 211.221, 52.8509], "t": [98.3516, 9.91936, 121.96], "timeVisible": 9.75622, "type": "left", "wrist": [-58.5283, 216.569, 105.036]}], "id": 166720, "interactionBox": {"center": [0, 200, 0], "size": [235.247, 235.247, 147.751]}, "pointables": [{"bases": [[[-0.725432, 0.64592, 0.237771], [-0.23447, -0.556697, 0.796939], [0.647126, 0.522376, 0.555295]], [[-0.87831, 0.472673, 0.0717727], [-0.195083, -0.491386, 0.848813], [0.436479, 0.731519, 0.5238]], [[-0.87831, 0.472673, 0.0717727], [-0.336929, -0.718471, 0.608505], [0.339191, 0.510274, 0.790298]], [[-0.87831, 0.472673, 0.0717727], [-0.45553, -0.872951, 0.174495], [0.145133, 0.120566, 0.982039]]], "btipPosition": [-15.2614, 141.137, 32.1632], "carpPosition": [-47.5175, 190.998, 98.525], "dipPosition": [-18.199, 143.577, 52.0401], "direction": [0.339191, -0.510274, -0.790298], "extended": true, "handId": 136, "id": 1360, "length": 45.0726, "mcpPosition": [-47.5175, 190.998, 98.525], "pipPosition": [-28.2008, 158.624, 75.3439], "stabilizedTipPosition": [-16.9793, 150.128, 35.8395], "timeVisible": 9.75622, "tipPosition": [-16.4096, 141.749, 38.7021], "tipVelocity": [1.39353, -15.6682, -8.79941], "tool": false, "touchDistance": 0.297329, "touchZone": "hovering", "type": 0, "width": 19.1104}, {"bases": [[[0.0704358, 0.901307, -0.427417], [-0.842296, 0.283287, 0.45857], [0.534394, 0.327712, 0.77912]], [[-0.00865197, 0.843539, -0.536998], [-0.76162, -0.353541, -0.543087], [-0.647966, 0.404289, 0.645515]], [[-0.00865197, 0.843539, -0.536998], [0.546106, -0.445876, -0.709199], [-0.837672, -0.299394, -0.456804]], [[-0.00865197, 0.843539, -0.536998], [0.989052, -0.0718959, -0.128872], [-0.147317, -0.532234, -0.833682]]], "btipPosition": [-38.641, 179.913, 46.0352], "carpPosition": [-29.7339, 202.187, 98.9703], "dipPosition": [-36.4642, 172.048, 33.7164], "direction": [-0.837672, 0.299394, 0.456804], "extended": false, "handId": 136, "id": 1361, "length": 50.8594, "mcpPosition": [5.12185, 180.812, 48.1522], "pipPosition": [-18.9538, 165.79, 24.1676], "stabilizedTipPosition": [-35.4541, 185.114, 44.6411], "timeVisible": 9.75622, "tipPosition": [-37.1394, 177.229, 45.4278], "tipVelocity": [-1.7768, -17.6488, -4.30009], "tool": false, "touchDistance": 0.333333, "touchZone": "none", "type": 1, "width": 18.2543}, {"bases": [[[0.284539, 0.875707, -0.390096], [-0.806325, 0.438711, 0.396702], [0.518535, 0.201667, 0.830935]], [[0.252933, 0.862039, -0.43922], [-0.727196, -0.130043, -0.674], [-0.638131, 0.489876, 0.593978]], [[0.252933, 0.862039, -0.43922], [0.572758, -0.499297, -0.650116], [-0.779727, -0.0871307, -0.620028]], [[0.252933, 0.862039, -0.43922], [0.922991, -0.351092, -0.157552], [-0.290022, -0.365546, -0.884456]]], "btipPosition": [-47.361, 187.365, 48.1048], "carpPosition": [-28.9443, 212.177, 94.6397], "dipPosition": [-42.6475, 181.424, 33.7305], "direction": [-0.779727, 0.0871307, 0.620028], "extended": false, "handId": 136, "id": 1362, "length": 57.9502, "mcpPosition": [3.12941, 199.703, 43.2426], "pipPosition": [-23.4716, 179.282, 18.4821], "stabilizedTipPosition": [-44.441, 193.309, 47.3634], "timeVisible": 9.75622, "tipPosition": [-44.6143, 185.942, 44.2516], "tipVelocity": [-2.10851, -18.3508, -4.02669], "tool": false, "touchDistance": 0.333333, "touchZone": "none", "type": 2, "width": 17.9281}, {"bases": [[[0.417713, 0.860259, -0.292353], [-0.766995, 0.506361, 0.394104], [0.487068, 0.0596105, 0.871327]], [[0.387755, 0.855137, -0.344075], [-0.665025, 0.00105783, -0.74682], [-0.638269, 0.518402, 0.569097]], [[0.387755, 0.855137, -0.344075], [0.594282, -0.517266, -0.615845], [-0.704609, 0.0343191, -0.708765]], [[0.387755, 0.855137, -0.344075], [0.906616, -0.421207, -0.0251239], [-0.166411, -0.302202, -0.938606]]], "btipPosition": [-48.1914, 202.59, 51.8916], "carpPosition": [-31.0074, 221.871, 90.124], "dipPosition": [-45.5024, 197.707, 36.7249], "direction": [-0.70461, -0.0343191, 0.708765], "extended": false, "handId": 136, "id": 1363, "length": 55.7206, "mcpPosition": [-3.95809, 218.561, 41.7348], "pipPosition": [-28.6214, 198.529, 19.7444], "stabilizedTipPosition": [-45.7962, 207.446, 50.8373], "timeVisible": 9.75622, "tipPosition": [-46.2214, 200.198, 44.3695], "tipVelocity": [-0.492085, -16.792, -4.69037], "tool": false, "touchDistance": 0.333333, "touchZone": "none", "type": 3, "width": 17.0597}, {"bases": [[[0.592228, 0.765806, -0.250613], [-0.646623, 0.637262, 0.419256], [0.480775, -0.086243, 0.872592]], [[0.523444, 0.770486, -0.363811], [-0.659577, 0.0960984, -0.745468], [-0.539411, 0.630172, 0.558497]], [[0.523444, 0.770486, -0.363811], [0.450636, -0.612709, -0.649241], [-0.723141, 0.175896, -0.667928]], [[0.523444, 0.770486, -0.363811], [0.810755, -0.581713, -0.0654632], [-0.262072, -0.260695, -0.92917]]], "btipPosition": [-47.1192, 215.889, 47.9538], "carpPosition": [-39.2008, 229.815, 84.7417], "dipPosition": [-43.2125, 212.003, 34.1026], "direction": [-0.723141, -0.175895, 0.667928], "extended": false, "handId": 136, "id": 1364, "length": 43.6839, "mcpPosition": [-14.485, 234.249, 39.8833], "pipPosition": [-30.9803, 214.978, 22.8044], "stabilizedTipPosition": [-44.2561, 221.743, 47.5737], "timeVisible": 9.75622, "tipPosition": [-43.9583, 214.538, 40.7358], "tipVelocity": [-2.59011, -17.0517, -7.41606], "tool": false, "touchDistance": 0.333333, "touchZone": "none", "type": 4, "width": 15.1538}], "r": [[-0.107137, -0.457978, 0.882484], [-0.883634, -0.363007, -0.295665], [0.455756, -0.811469, -0.365794]], "s": 1.16021, "t": [-98.3516, 9.91936, 121.96], "timestamp": 8244792385}, {"currentFrameRate": 112.746, "devices": [], "gestures": [], "hands": [{"armBasis": [[0.303818, 0.915957, -0.262142], [-0.252196, 0.342652, 0.904979], [0.918745, -0.208838, 0.335104]], "armWidth": 59.0231, "confidence": 1, "direction": [0.630132, -0.127007, -0.766031], "elbow": [-278.336, 166.456, 185.23], "grabAngle": 3.14159, "grabStrength": 1, "id": 136, "palmNormal": [-0.75515, -0.329918, -0.566482], "palmPosition": [-14.3204, 203.604, 57.1387], "palmVelocity": [-0.788961, -18.6682, -15.1846], "palmWidth": 80.6694, "pinchDistance": 27.3069, "pinchStrength": 0.393818, "r": [[-0.109155, -0.457596, 0.882435], [-0.883316, -0.362494, -0.297239], [0.455893, -0.811913, -0.364634]], "s": 1.16026, "sphereCenter": [-31.1576, 187.966, 27.2245], "sphereRadius": 34.6309, "stabilizedPalmPosition": [-11.5545, 211.215, 52.8543], "t": [98.3389, 9.77422, 121.833], "timeVisible": 9.76476, "type": "left", "wrist": [-58.4108, 216.446, 105.015]}], "id": 166721, "interactionBox": {"center": [0, 200, 0], "size": [235.247, 235.247, 147.751]}, "pointables": [{"bases": [[[-0.725641, 0.646718, 0.23495], [-0.237287, -0.555715, 0.796791], [0.645864, 0.522433, 0.556707]], [[-0.878064, 0.473572, 0.0687987], [-0.198175, -0.490708, 0.848488], [0.43558, 0.731393, 0.524723]], [[-0.878064, 0.473572, 0.0687987], [-0.339582, -0.717912, 0.60769], [0.337176, 0.510228, 0.791189]], [[-0.878064, 0.473572, 0.0687987], [-0.456796, -0.872301, 0.174436], [0.142621, 0.121739, 0.982262]]], "btipPosition": [-15.2846, 140.976, 32.0738], "carpPosition": [-47.3907, 190.854, 98.5073], "dipPosition": [-18.1713, 143.44, 51.9553], "direction": [0.337176, -0.510228, -0.791189], "extended": true, "handId": 136, "id": 1360, "length": 45.0726, "mcpPosition": [-47.3907, 190.854, 98.5073], "pipPosition": [-28.1138, 158.486, 75.2854], "stabilizedTipPosition": [-16.9784, 150.121, 35.8401], "timeVisible": 9.76476, "tipPosition": [-16.4227, 141.569, 38.6358], "tipVelocity": [-1