{"frames": 79, "data": [{"currentFrameRate": 115.581, "devices": [], "gestures": [], "hands": [{"armBasis": [[0.21369, -0.906415, -0.364346], [0.964403, 0.255203, -0.0692647], [0.155765, -0.336576, 0.928684]], "armWidth": 51.6826, "confidence": 1, "direction": [-0.438575, 0.20854, -0.874164], "elbow": [-156.461, 12.7922, 286.311], "grabAngle": 0.50866, "grabStrength": 0, "id": 93, "palmNormal": [0.864004, -0.169804, -0.473986], "palmPosition": [-139.048, 109.08, 18.5134], "palmVelocity": [-12.6025, 18.2071, -0.956701], "palmWidth": 76.2329, "pinchDistance": 69.7827, "pinchStrength": 0, "r": [[0.551537, -0.798289, 0.241951], [0.827265, 0.56066, -0.0359542], [-0.10695, 0.219988, 0.969622]], "s": 1.30905, "sphereCenter": [-155.531, 79.4668, -18.3923], "sphereRadius": 55.8281, "stabilizedPalmPosition": [-138.769, 108.77, 18.5115], "t": [-34.7474, -26.3368, 103.563], "timeVisible": 15.7138, "type": "left", "wrist": [-121.225, 88.9291, 76.2331]}], "id": 120348, "interactionBox": {"center": [0, 200, 0], "size": [235.247, 235.247, 147.751]}, "pointables": [{"bases": [[[0.957875, -0.195003, 0.210832], [0.0162235, 0.769698, 0.638202], [-0.286728, -0.607897, 0.740438]], [[0.986055, 0.093416, -0.13773], [-0.0406287, 0.937681, 0.345113], [0.161386, -0.334705, 0.9284]], [[0.986055, 0.093416, -0.13773], [-0.0887696, 0.995268, 0.0395144], [0.140769, -0.0267372, 0.989681]], [[0.986055, 0.093416, -0.13773], [-0.120803, 0.971007, -0.206279], [0.114467, 0.220041, 0.968751]]], "btipPosition": [-95.7608, 125.338, -27.4201], "carpPosition": [-108.931, 114.979, 59.845], "dipPosition": [-98.0609, 129.76, -7.95412], "direction": [0.140769, 0.0267372, -0.989681], "extended": false, "handId": 93, "id": 930, "length": 44.7461, "mcpPosition": [-108.931, 114.979, 59.845], "pipPosition": [-102.182, 128.977, 21.0176], "stabilizedTipPosition": [-95.9875, 126.134, -22.9144], "timeVisible": 15.7138, "tipPosition": [-96.5964, 124.582, -23.0892], "tipVelocity": [-19.4027, 14.6969, -5.837], "tool": false, "touchDistance": 0.280684, "touchZone": "hovering", "type": 0, "width": 16.187}, {"bases": [[[0.317409, -0.914473, -0.250981], [0.912421, 0.22241, 0.343542], [-0.258339, -0.338044, 0.904979]], [[0.270054, -0.95794, -0.0970684], [0.806725, 0.170079, 0.565922], [-0.52561, -0.231137, 0.818724]], [[0.270054, -0.95794, -0.0970684], [0.867821, 0.198492, 0.455507], [-0.417081, -0.207249, 0.884924]], [[0.270054, -0.95794, -0.0970684], [0.921268, 0.227771, 0.315254], [-0.279885, -0.174562, 0.94403]]], "btipPosition": [-176.761, 149.346, -59.1348], "carpPosition": [-128.688, 113.122, 59.0587], "dipPosition": [-172.655, 146.785, -45.2864], "direction": [-0.417081, 0.207249, -0.884924], "extended": true, "handId": 93, "id": 931, "length": 50.491, "mcpPosition": [-144.612, 133.958, 3.27776], "pipPosition": [164, 142.484, -26.9223], "stabilizedTipPosition": [-175.767, 148.692, -55.9638], "timeVisible": 15.7138, "tipPosition": [-169.023, 147.997, -55.635], "tipVelocity": [-16.9696, 24.5724, 4.71552], "tool": false, "touchDistance": 0.333366, "touchZone": "hovering", "type": 1, "width": 15.4618}, {"bases": [[[0.119361, -0.976163, -0.181271], [0.947054, 0.0571302, 0.31595], [-0.298063, -0.209386, 0.931298]], [[0.0788262, -0.995297, -0.0563099], [0.869681, 0.0410475, 0.491905], [-0.48728, -0.0877466, 0.868826]], [[0.0788262, -0.995297, -0.0563099], [0.953901, 0.0588981, 0.294287], [-0.289586, -0.0769116, 0.954057]], [[0.0788262, -0.995297, -0.0563099], [0.995473, 0.0755796, 0.0576302], [-0.0531033, -0.0605978, 0.996749]]], "btipPosition": [-178.871, 123, -73.227], "carpPosition": [-133.356, 104.274, 56.5407], "dipPosition": [-178.015, 122.022, -57.145], "direction": [-0.289586, 0.0769116, -0.954057], "extended": true, "handId": 93, "id": 932, "length": 57.5304, "mcpPosition": [-150.779, 116.513, 2.10372], "pipPosition": [-170.944, 120.144, -33.8517], "stabilizedTipPosition": [-178.641, 122.741, -69.5359], "timeVisible": 15.7138, "tipPosition": [-175.255, 125.083, -69.8377], "tipVelocity": [-25.7737, 25.9463, 5.82875], "tool": false, "touchDistance": 0.333374, "touchZone": "hovering", "type": 2, "width": 15.1855}, {"bases": [[[0.00246242, -0.997847, -0.0655455], [0.943178, -0.0194621, 0.331719], [-0.33228, -0.0626379, 0.941099]], [[-0.0178625, -0.999809, -0.00787079], [0.950494, -0.0194229, 0.310135], [-0.310229, -0.00194136, 0.95066]], [[-0.0178625, -0.999809, -0.00787079], [0.99667, -0.0171789, -0.0797101], [0.0795597, -0.0092684, 0.996787]], [[-0.0178625, -0.999809, -0.00787079], [0.902, -0.0127177, -0.431549], [0.431367, -0.014808, 0.902055]]], "btipPosition": [-156.025, 98.2823, -69.7541], "carpPosition": [-135.498, 94.4626, 54.2823], "dipPosition": [-162.945, 98.0448, -55.2836], "direction": [0.0795597, 0.0092684, -0.996787], "extended": true, "handId": 93, "id": 933, "length": 55.3171, "mcpPosition": [-152.936, 97.7499, 4.89267], "pipPosition": [-164.837, 97.8243, -31.5756], "stabilizedTipPosition": [-157.583, 98.2072, -66.4246], "timeVisible": 15.7138, "tipPosition": [-161.826, 98.591, -66.3567], "tipVelocity": [-33.9267, 20.0803, -1.31438], "tool": false, "touchDistance": 0.313712, "touchZone": "hovering", "type": 3, "width": 14.45}, {"bases": [[[-0.191886, -0.981365, -0.0100856], [0.898992, -0.179884, 0.399318], [-0.393691, 0.0675568, 0.916757]], [[-0.194905, -0.980817, -0.00304241], [0.969056, -0.193045, 0.153831], [-0.151467, 0.0270341, 0.988093]], [[-0.194905, -0.980817, -0.00304241], [0.947788, -0.187541, -0.257927], [0.252409, -0.0531548, 0.96616]], [[-0.194905, -0.980817, -0.00304241], [0.838958, -0.165107, -0.518545], [0.508096, -0.10362, 0.855045]]], "btipPosition": [-143.656, 81.7244, -51.4375], "carpPosition": [-131.69, 83.401, 51.9752], "dipPosition": [-151.176, 80.1909, -38.7836], "direction": [0.252409, 0.0531548, -0.96616], "extended": true, "handId": 93, "id": 934, "length": 43.3675, "mcpPosition": [-150.816, 80.119, 7.4382], "pipPosition": [-155.414, 79.2983, -22.559], "stabilizedTipPosition": [-145.364, 81.3471, -48.5226], "timeVisible": 15.7138, "tipPosition": [-140.994, 81.0031, -46.8215], "tipVelocity": [-17.226, 17.4664, -3.4271], "tool": false, "touchDistance": -0.295903, "touchZone": "touching", "type": 4, "width": 12.8356}], "r": [[0.551537, -0.798289, 0.241951], [0.827265, 0.56066, -0.0359542], [-0.10695, 0.219988, 0.969622]], "s": 1.30905, "t": [34.7474, -26.3368, 103.563], "timestamp": 7834751342}, {"currentFrameRate": 115.657, "devices": [], "gestures": [], "hands": [{"armBasis": [[0.214287, -0.905126, -0.367188], [0.964612, 0.255228, -0.0662049], [0.15364, -0.340007, 0.927788]], "armWidth": 51.6826, "confidence": 1, "direction": [-0.439056, 0.209372, -0.873724], "elbow": [-156.01, 12.0773, 286.086], "grabAngle": 0.507556, "grabStrength": 0, "id": 93, "palmNormal": [0.863696, -0.169537, -0.474644], "palmPosition": [-139.123, 109.219, 18.5292], "palmVelocity": [-8.76309, 16.2811, 1.85714], "palmWidth": 76.2329, "pinchDistance": 69.7634, "pinchStrength": 0, "r": [[0.550695, -0.799051, 0.241356], [0.827815, 0.559898, -0.0351598], [-0.10704, 0.21916, 0.9698]], "s": 1.3092, "sphereCenter": [-155.739, 79.5459, -18.3728], "sphereRadius": 55.889, "stabilizedPalmPosition": [-138.877, 108.907, 18.5169], "t": [-34.8509, -26.1859, 103.57], "timeVisible": 15.7223, "type": "left", "wrist": [-121.254, 88.9905, 76.2112]}], "id": 120349, "interactionBox": {"center": [0, 200, 0], "size": [235.247, 235.247, 147.751]}, "pointables": [{"bases": [[[0.957783, -0.195025, 0.211228], [0.0157174, 0.769147, 0.638879], [-0.287063, -0.608587, 0.739741]], [[0.98616, 0.0935501, -0.136886], [-0.0410489, 0.937671, 0.345093], [0.160637, -0.334697, 0.928533]], [[0.98616, 0.0935501, -0.136886], [-0.088869, 0.995243, 0.0399315], [0.13997, -0.0272139, 0.989782]], [[0.98616, 0.0935501, -0.136886], [-0.120657, 0.971188, -0.205514], [0.113716, 0.219186, 0.969034]]], "btipPosition": [-95.8798, 125.467, -27.4311], "carpPosition": [-108.98, 115.077, 59.8482], "dipPosition": [-98.1648, 129.871, -7.95947], "direction": [0.13997, 0.0272139, -0.989782], "extended": false, "handId": 93, "id": 930, "length": 44.7461, "mcpPosition": [-108.98, 115.077, 59.8482], "pipPosition": [-102.262, 129.074, 21.0152], "stabilizedTipPosition": [-96.1402, 126.26, -22.9284], "timeVisible": 15.7223, "tipPosition": [-96.6921, 124.756, -23.0845], "tipVelocity": [-13.5667, 14.6335, -1.1404], "tool": false, "touchDistance": 0.280522, "touchZone": "hovering", "type": 0, "width": 16.187}, {"bases": [[[0.317711, -0.914201, -0.251587], [0.912181, 0.222265, 0.344274], [-0.258817, -0.338872, 0.904533]], [[0.270323, -0.95778, -0.0978959], [0.806516, 0.169746, 0.56632], [-0.525792, -0.232044, 0.818351]], [[0.270323, -0.95778, -0.0978959], [0.867706, 0.198312, 0.455806], [-0.417148, -0.20816, 0.884679]], [[0.270323, -0.95778, -0.0978959], [0.921332, 0.227838, 0.315021], [-0.279416, -0.175352, 0.944022]]], "btipPosition": [-176.842, 149.563, -59.0751], "carpPosition": [-128.738, 113.224, 59.0719], "dipPosition": [-172.743, 146.99, -45.2269], "direction": [-0.417148, 0.20816, -0.884679], "extended": true, "handId": 93, "id": 931, "length": 50.491, "mcpPosition": [-144.691, 134.111, 3.31846], "pipPosition": [-164.086, 142.67, -26.8678], "stabilizedTipPosition": [-175.87, 148.909, -55.9064], "timeVisible": 15.7223, "tipPosition": [-169.149, 148.207, -55.5684], "tipVelocity": [-9.65731, 25.1369, 7.00386], "tool": false, "touchDistance": 0.33338, "touchZone": "hovering", "type": 1, "width": 15.4618}, {"bases": [[[0.119632, -0.975985, -0.182048], [0.946858, 0.0570146, 0.316559], [-0.298578, -0.210244, 0.93094]], [[0.079016, -0.995237, -0.0570948], [0.869166, 0.0407335, 0.49284], [-0.488167, -0.0885671, 0.868245]], [[0.079016, -0.995237, -0.0570948], [0.953593, 0.0587685, 0.295308], [-0.290546, -0.0777792, 0.953695]], [[0.079016, -0.995237, -0.0570948], [0.995405, 0.0756631, 0.0586791], [-0.0540797, -0.061469, 0.996643]]], "btipPosition": [-179.03, 123.224, -73.1632], "carpPosition": [-133.409, 104.378, 56.549], "dipPosition": [-178.158, 122.232, -57.0829], "direction": [-0.290546, 0.0777792, -0.953695], "extended": true, "handId": 93, "id": 932, "length": 57.5304, "mcpPosition": [-150.862, 116.668, 2.13293], "pipPosition": [-171.064, 120.333, -33.7985], "stabilizedTipPosition": [-178.805, 122.962, -69.474], "timeVisible": 15.7223, "tipPosition": [-175.387, 125.299, -69.7858], "tipVelocity": [-18.2361, 25.927, 7.44477], "tool": false, "touchDistance": 0.333383, "touchZone": "hovering", "type": 2, "width": 15.1855}, {"bases": [[[0.00266877, -0.997789, -0.06641], [0.942985, -0.019592, 0.332259], [-0.332825, -0.0635103, 0.940847]], [[-0.0179288, -0.999807, -0.00807099], [0.950093, -0.0195507, 0.311353], [-0.31145, -0.00208603, 0.95026]], [[-0.0179288, -0.999807, -0.00807099], [0.996863, -0.0172524, -0.0772409], [0.0770868, -0.00943051, 0.99698]], [[-0.0179288, -0.999807, -0.00807099], [0.903746, -0.0127521, -0.427879], [0.427693, -0.0149655, 0.9038]]], "btipPosition": [-156.274, 98.4471, -69.7572], "carpPosition": [-135.554, 94.5696, 54.2833], "dipPosition": [-163.135, 98.207, -55.2587], "direction": [0.0770868, 0.00943051, -0.99698], "extended": true, "handId": 93, "id": 933, "length": 55.3171, "mcpPosition": [-153.021, 97.9027, 4.90687], "pipPosition": [-164.969, 97.9827, -31.5461], "stabilizedTipPosition": [-157.815, 98.3662, -66.4228], "timeVisible": 15.7223, "tipPosition": [-161.919, 98.8038, -66.3371], "tipVelocity": [-27.6627, 19.2751, 0.397791], "tool": false, "touchDistance": 0.313768, "touchZone": "hovering", "type": 3, "width": 14.45}, {"bases": [[[-0.191715, -0.981388, -0.0110505], [0.898787, -0.18008, 0.399692], [-0.394243, 0.0666951, 0.916583]], [[-0.195352, -0.98073, -0.00257709], [0.969003, -0.19342, 0.153695], [-0.151232, 0.0275275, 0.988115]], [[-0.195352, -0.98073, -0.00257709], [0.947598, -0.188073, -0.258238], [0.252778, -0.0528893, 0.966078]], [[-0.195352, -0.98073, -0.00257709], [0.839835, -0.165929, -0.51686], [0.506473, -0.103134, 0.856066]]], "btipPosition": [-143.753, 81.8481, -51.4543], "carpPosition": [-131.749, 83.5094, 51.9643], "dipPosition": [-151.248, 80.3218, -38.7852], "direction": [0.252778, 0.0528893, -0.966078], "extended": true, "handId": 93, "id": 934, "length": 43.3675, "mcpPosition": [-150.902, 80.2693, 7.43584], "pipPosition": [-155.493, 79.4336, -22.5621], "stabilizedTipPosition": [-145.463, 81.4784, -48.5382], "timeVisible": 15.7223, "tipPosition": [-141.135, 81.2003, -46.8377], "tipVelocity": [-10.7084, 14.7108, -1.56069], "tool": false, "touchDistance": -0.294845, "touchZone": "touching", "type": 4, "width": 12.8356}], "r": [[0.550695, -0.799051, 0.241356], [0.827815, 0.559898, -0.0351598], [-0.10704, 0.21916, 0.9698]], "s": 1.3092, "t": [34.8509, -26.1859, 103.57], "timestamp": 7834759860}, {"currentFrameRate": 115.428, "devices": [], "gestures": [], "hands": [{"armBasis": [[0.213918, -0.904207, -0.369659], [0.965016, 0.25434, -0.0636843], [0.151603, -0.343104, 0.926982]], "armWidth": 51.6826, "confidence": 1, "direction": [-0.439499, 0.210204, -0.873301], "elbow": [-155.555, 11.4479, 285.848], "grabAngle": 0.505605, "grabStrength": 0, "id": 93, "palmNormal": [0.863693, -0.168157, -0.475139], "palmPosition": [-139.178, 109.369, 18.513], "palmVelocity": [-6.07374, 16.6134, -1.79285], "palmWidth": 76.2329, "pinchDistance": 69.7433, "pinchStrength": 0, "r": [[0.549871, -0.799818, 0.240692], [0.82835, 0.559159, -0.0343203], [-0.107135, 0.218249, 0.969994]], "s": 1.30943, "sphereCenter": [-155.922, 79.6299, -18.3984], "sphereRadius": 55.9602, "stabilizedPalmPosition": [-138.969, 109.048, 18.5157], "t": [-34.9301, -26.0353, 103.565], "timeVisible": 15.7314, "type": "left", "wrist": [-121.261, 89.0615, 76.1549]}], "id": 120350, "interactionBox": {"center": [0, 200, 0], "size": [235.247, 235.247, 147.751]}, "pointables": [{"bases": [[[0.957554, -0.196122, 0.211251], [0.0161697, 0.768254, 0.639941], [-0.287801, -0.609362, 0.738816]], [[0.986311, 0.0927857, -0.136312], [-0.0404468, 0.937542, 0.345512], [0.159857, -0.335269, 0.928461]], [[0.986311, 0.0927857, -0.136312], [-0.0879553, 0.995278, 0.0410551], [0.139477, -0.0285038, 0.989815]], [[0.986311, 0.0927857, -0.136312], [-0.119597, 0.971641, -0.203987], [0.113519, 0.217497, 0.969437]]], "btipPosition": [-95.9782, 125.681, -27.4546], "carpPosition": [-109.028, 115.196, 59.8308], "dipPosition": [-98.2592, 130.052, -7.97482], "direction": [0.139477, 0.0285038, -0.989815], "extended": false, "handId": 93, "id": 930, "length": 44.7461, "mcpPosition": [-109.028, 115.196, 59.8308], "pipPosition": [-102.342, 129.217, 21.0008], "stabilizedTipPosition": [-96.2727, 126.416, -22.9451], "timeVisible": 15.7314, "tipPosition": [-96.7721, 125.004, -23.0919], "tipVelocity": [-10.7663, 22.842, -2.3867], "tool": false, "touchDistance": 0.280162, "touchZone": "hovering", "type": 0, "width": 16.187}, {"bases": [[[0.317018, -0.914122, -0.252747], [0.912262, 0.221023, 0.344857], [-0.259378, -0.339898, 0.903987]], [[0.269588, -0.957847, -0.0992542], [0.806714, 0.168354, 0.566453], [-0.525866, -0.232779, 0.818095]], [[0.269588, -0.957847, -0.0992542], [0.86803, 0.197086, 0.455721], [-0.416949, -0.209012, 0.884572]], [[0.269588, -0.957847, -0.0992542], [0.9218, 0.226869, 0.314348], [-0.27858, -0.176237, 0.944105]]], "btipPosition": [-176.908, 149.787, -59.0449], "carpPosition": [-128.784, 113.327, 59.058], "dipPosition": [-172.822, 147.202, -45.1955], "direction": [-0.416949, 0.209012, -0.884572], "extended": true, "handId": 93, "id": 931, "length": 50.491, "mcpPosition": [-144.772, 134.278, 3.33817], "pipPosition": [-164.169, 142.864, -26.8386], "stabilizedTipPosition": [-175.95, 149.14, -55.8682], "timeVisible": 15.7314, "tipPosition": [-169.28, 148.436, -55.5228], "tipVelocity": [-7.70225, 24.4543, 3.36457], "tool": false, "touchDistance": 0.333358, "touchZone": "hovering", "type": 1, "width": 15.4618}, {"bases": [[[0.118866, -0.975834, -0.183353], [0.946809, 0.0557818, 0.316925], [-0.299039, -0.211272, 0.930559]], [[0.0781926, -0.995225, -0.0584301], [0.868802, 0.0392804, 0.4936], [-0.488947, -0.08936, 0.867724]], [[0.0781926, -0.995225, -0.0584301], [0.953394, 0.0575163, 0.296195], [-0.29142, -0.0788671, 0.953339]], [[0.0781926, -0.995225, -0.0584301], [0.995419, 0.0747048, 0.059667], [-0.0550171, -0.0628279, 0.996507]]], "btipPosition": [-179.165, 123.468, -73.1331], "carpPosition": [-133.449, 104.481, 56.5243], "dipPosition": [-178.278, 122.454, -57.055], "direction": [-0.29142, 0.0788671, -0.953339], "extended": true, "handId": 93, "id": 932, "length": 57.5304, "mcpPosition": [-150.928, 116.831, 2.13053], "pipPosition": [-171.163, 120.529, -33.7793], "stabilizedTipPosition": [-178.945, 123.206, -69.4393], "timeVisible": 15.7314, "tipPosition": [-175.492, 125.534, -69.7679], "tipVelocity": [-14.5335, 26.4363, 3.26361], "tool": false, "touchDistance": 0.333358, "touchZone": "hovering", "type": 2, "width": 15.1855}, {"bases": [[[0.00184918, -0.997698, -0.0677814], [0.942866, -0.020843, 0.332518], [-0.333166, -0.0645237, 0.940658]], [[-0.0189668, -0.999781, -0.00888756], [0.949629, -0.020795, 0.312685], [-0.312802, -0.00250925, 0.949815]], [[-0.0189668, -0.999781, -0.00888756], [0.997069, -0.0182548, -0.0742989], [0.0741204, -0.0102707, 0.997196]], [[-0.0189668, -0.999781, -0.00888756], [0.905784, -0.0134186, -0.423527], [0.423315, -0.0160832, 0.90584]]], "btipPosition": [-156.516, 98.6587, -69.8055], "carpPosition": [-135.586, 94.6739, 54.2458], "dipPosition": [-163.307, 98.4007, -55.2743], "direction": [0.0741204, 0.0102707, -0.997196], "extended": true, "handId": 93, "id": 933, "length": 55.3171, "mcpPosition": [-153.071, 98.0601, 4.87932], "pipPosition": [-165.07, 98.1564, -31.5566], "stabilizedTipPosition": [-158.036, 98.5618, -66.4568], "timeVisible": 15.7314, "tipPosition": [-161.95, 99.0469, -66.3618], "tipVelocity": [-24.9773, 22.9184, -4.51039], "tool": false, "touchDistance": 0.313088, "touchZone": "hovering", "type": 3, "width": 14.45}, {"bases": [[[-0.192538, -0.98121, -0.0124585], [0.898513, -0.181386, 0.399718], [-0.394467, 0.0657667, 0.916554]], [[-0.196745, -0.980451, -0.00265761], [0.968724, -0.194808, 0.153698], [-0.151211, 0.0276648, 0.988114]], [[-0.196745, -0.980451, -0.00265761], [0.947583, -0.189452, -0.257284], [0.251751, -0.0531376, 0.966332]], [[-0.196745, -0.980451, -0.00265761], [0.841656, -0.167502, -0.513379], [0.502898, -0.103241, 0.858158]]], "btipPosition": [-143.856, 82.0054, -51.542], "carpPosition": [-131.772, 83.6201, 51.9105], "dipPosition": [-151.299, 80.4775, -38.8419], "direction": [0.251751, 0.0531376, -0.966332], "extended": true, "handId": 93, "id": 934, "length": 43.3675, "mcpPosition": [-150.936, 80.4251, 7.38339], "pipPosition": [-155.526, 79.5852, -22.6145], "stabilizedTipPosition": [-145.553, 81.6293, -48.6093], "timeVisible": 15.7314, "tipPosition": [-141.213, 81.4403, -46.9026], "tipVelocity": [-10.0913, 17.3421, -8.89911], "tool": false, "touchDistance": -0.294902, "touchZone": "touching", "type": 4, "width": 12.8356}], "r": [[0.549871, -0.799818, 0.240692], [0.82835, 0.559159, -0.0343203], [-0.107135, 0.218249, 0.969994]], "s": 1.30943, "t": [34.9301, -26.0353, 103.565], "timestamp": 7834768911}, {"currentFrameRate": 115.602, "devices": [], "gestures": [], "hands": [{"armBasis": [[0.212978, -0.903649, -0.371562], [0.965471, 0.25303, -0.0619718], [0.150017, -0.345534, 0.926338]], "armWidth": 51.6826, "confidence": 1, "direction": [-0.439955, 0.211666, -0.872718], "elbow": [-155.191, 10.9417, 285.68], "grabAngle": 0.503171, "grabStrength": 0, "id": 93, "palmNormal": [0.863846, -0.165789, -0.475693], "palmPosition": [-139.22, 109.524, 18.544], "palmVelocity": [-5.05993, 18.5498, 3.70485], "palmWidth": 76.2329, "pinchDistance": 69.719, "pinchStrength": 0, "r": [[0.548975, -0.800702, 0.239797], [0.828938, 0.558345, -0.0333523], [-0.107185, 0.217087, 0.97025]], "s": 1.30974, "sphereCenter": [-156.112, 79.7212, -18.3998], "sphereRadius": 56.0498, "stabilizedPalmPosition": [-139.037, 109.178, 18.5234], "t": [-34.9909, -25.8825, 103.579], "timeVisible": 15.7397, "type": "left", "wrist": [-121.256, 89.105, 76.1328]}], "id": 120351, "interactionBox": {"center": [0, 200, 0], "size": [235.247, 235.247, 147.751]}, "pointables": [{"bases": [[[0.957235, -0.197992, 0.21095], [0.0171492, 0.766697, 0.64178], [-0.288802, -0.610717, 0.737305]], [[0.98651, 0.0915395, -0.135718], [-0.0392574, 0.937142, 0.346732], [0.158926, -0.336727, 0.928093]], [[0.98651, 0.0915395, -0.135718], [-0.086417, 0.995323, 0.0431792], [0.139035, -0.0308683, 0.989806]], [[0.98651, 0.0915395, -0.135718], [-0.117957, 0.972343, -0.20158], [0.113512, 0.214869, 0.970024]]], "btipPosition": [-96.0734, 125.963, -27.4113], "carpPosition": [-109.071, 115.295, 59.8702], "dipPosition": [-98.3542, 130.281, -7.91973], "direction": [0.139035, 0.0308683, -0.989806], "extended": false, "handId": 93, "id": 930, "length": 44.7461, "mcpPosition": [-109.071, 115.295, 59.8702], "pipPosition": [-102.424, 129.377, 21.0557], "stabilizedTipPosition": [-96.3789, 126.592, -22.9396], "timeVisible": 15.7397, "tipPosition": [-96.8433, 125.324, -23.0306], "tipVelocity": [-11.3853, 32.3035, 5.50776], "tool": false, "touchDistance": 0.280929, "touchZone": "hovering", "type": 0, "width": 16.187}, {"bases": [[[0.315761, -0.913965, -0.254878], [0.912514, 0.218897, 0.345546], [-0.260025, -0.34169, 0.903125]], [[0.268275, -0.957969, -0.101603], [0.807084, 0.165921, 0.566644], [-0.52597, -0.234019, 0.817674]], [[0.268275, -0.957969, -0.101603], [0.868398, 0.194828, 0.45599], [-0.417029, -0.210563, 0.884166]], [[0.268275, -0.957969, -0.101603], [0.922299, 0.224955, 0.314259], [-0.278194, -0.178017, 0.943885]]], "btipPosition": [-176.989, 150.074, -58.9261], "carpPosition": [-128.825, 113.4, 59.0965], "dipPosition": [-172.908, 147.463, -45.08], "direction": [-0.41703, 0.210563, -0.884166], "extended": true, "handId": 93, "id": 931, "length": 50.491, "mcpPosition": [-144.852, 134.461, 3.42976], "pipPosition": [-164.253, 143.093, -26.7315], "stabilizedTipPosition": [-176.028, 149.398, -55.7702], "timeVisible": 15.7397, "tipPosition": [-169.406, 148.727, -55.3937], "tipVelocity": [-9.77046, 33.664, 14.1252], "tool": false, "touchDistance": 0.333423, "touchZone": "hovering", "type": 1, "width": 15.4618}, {"bases": [[[0.117508, -0.975561, -0.185667], [0.94683, 0.0536739, 0.317225], [-0.299507, -0.213072, 0.929998]], [[0.0767487, -0.995202, -0.0606877], [0.86848, 0.0368303, 0.494353], [-0.489746, -0.090647, 0.86714]], [[0.0767487, -0.995202, -0.0606877], [0.953195, 0.0553833, 0.297241], [-0.292454, -0.0806601, 0.952872]], [[0.0767487, -0.995202, -0.0606877], [0.99546, 0.0730478, 0.0610162], [-0.0562903, -0.0650951, 0.99629]]], "btipPosition": [-179.3, 123.779, -73.0431], "carpPosition": [-133.477, 104.553, 56.5424], "dipPosition": [-178.392, 122.729, -56.9685], "direction": [-0.292454, 0.0806601, -0.952872], "extended": true, "handId": 93, "id": 932, "length": 57.5304, "mcpPosition": [-150.984, 117.008, 2.18146], "pipPosition": [-171.252, 120.759, -33.7042], "stabilizedTipPosition": [-179.072, 123.494, -69.3583], "timeVisible": 15.7397, "tipPosition": [-175.586, 125.84, -69.6904], "tipVelocity": [-15.5568, 36.2193, 10.6761], "tool": false, "touchDistance": 0.333401, "touchZone": "hovering", "type": 2, "width": 15.1855}, {"bases": [[[0.000439811, -0.997535, -0.0701683], [0.942776, -0.0229824, 0.332634], [-0.333427, -0.0662993, 0.940442]], [[-0.020625, -0.999731, -0.0106167], [0.949128, -0.0229161, 0.314055], [-0.314214, -0.00359921, 0.949346]], [[-0.020625, -0.999731, -0.0106167], [0.997271, -0.0198189, -0.0711196], [0.07089, -0.0120545, 0.997411]], [[-0.020625, -0.999731, -0.0106167], [0.908088, -0.0142897, -0.418534], [0.41827, -0.0182731, 0.908139]]], "btipPosition": [-156.757, 98.9459, -69.8231], "carpPosition": [-135.601, 94.7485, 54.2409], "dipPosition": [-163.467, 98.6527, -55.255], "direction": [0.07089, 0.0120545, -0.997411], "extended": true, "handId": 93, "id": 933, "length": 55.3171, "mcpPosition": [-153.099, 98.228, 4.8857], "pipPosition": [-165.153, 98.366, -31.5322], "stabilizedTipPosition": [-158.243, 98.8096, -66.4691], "timeVisible": 15.7397, "tipPosition": [-161.947, 99.3664, -66.3527], "tipVelocity": [-26.5607, 33.4096, -1.09029], "tool": false, "touchDistance": 0.312936, "touchZone": "hovering", "type": 3, "width": 14.45}, {"bases": [[[-0.193934, -0.980902, -0.0148405], [0.898181, -0.183622, 0.399441], [-0.394538, 0.0641356, 0.916639]], [[-0.198785, -0.980037, -0.003533], [0.968317, -0.196962, 0.153517], [-0.151148, 0.0270959, 0.98814]], [[-0.198785, -0.980037, -0.003533], [0.947337, -0.191227, -0.256875], [0.251071, -0.0544099, 0.966438]], [[-0.198785, -0.980037, -0.003533], [0.843352, -0.169222, -0.51002], [0.499241, -0.104364, 0.860155]]], "btipPosition": [-143.923, 82.2256, -51.6103], "carpPosition": [-131.772, 83.7058, 51.8784], "dipPosition": [-151.311, 80.6811, -38.8807], "direction": [0.251071, 0.0544099, -0.966438], "extended": true, "handId": 93, "id": 934, "length": 43.3675, "mcpPosition": [-150.939, 80.59, 7.34719], "pipPosition": [-155.528, 79.7674, -22.6515], "stabilizedTipPosition": [-145.611, 81.8301, -48.6703], "timeVisible": 15.7397, "tipPosition": [-141.257, 81.7498, -46.9497], "tipVelocity": [-6.486, 25.9007, -7.36178], "tool": false, "touchDistance": -0.294668, "touchZone": "touching", "type": 4, "width": 12.8356}], "r": [[0.548975, -0.800702, 0.239797], [0.828938, 0.558345, -0.0333523], [-0.107185, 0.217087, 0.97025]], "s": 1.30974, "t": [34.9909, -25.8825, 103.579], "timestamp": 7834777266}, {"currentFrameRate": 115.412, "devices": [], "gestures": [], "hands": [{"armBasis": [[0.211299, -0.903382, -0.373166], [0.966038, 0.251118, -0.0609178], [0.148741, -0.347621, 0.925762]], "armWidth": 51.6826, "confidence": 1, "direction": [-0.440967, 0.21313, -0.871851], "elbow": [-154.864, 10.5055, 285.493], "grabAngle": 0.500381, "grabStrength": 0, "id": 93, "palmNormal": [0.863905, -0.16258, -0.476692], "palmPosition": [-139.262, 109.673, 18.5525], "palmVelocity": [-4.61471, 16.5646, 0.946779], "palmWidth": 76.2329, "pinchDistance": 69.6974, "pinchStrength": 0, "r": [[0.547878, -0.80178, 0.238704], [0.829655, 0.55735, -0.0321643], [-0.107253, 0.215664, 0.97056]], "s": 1.31013, "sphereCenter": [-156.336, 79.8287, -18.4138], "sphereRadius": 56.1334, "stabilizedPalmPosition": [-139.1, 109.315, 18.5314], "t": [-35.042, -25.7316, 103.589], "timeVisible": 15.7487, "type": "left", "wrist": [-121.217, 89.141, 76.0756]}], "id": 120352, "interactionBox": {"center": [0, 200, 0], "size": [235.247, 235.247, 147.751]}, "pointables": [{"bases": [[[0.956668, -0.200666, 0.210998], [0.0184158, 0.764871, 0.64392], [-0.290599, -0.612132, 0.735423]], [[0.986831, 0.0896106, -0.134665], [-0.0375516, 0.936695, 0.348127], [0.157336, -0.338485, 0.927725]], [[0.986831, 0.0896106, -0.134665], [-0.0841543, 0.995405, 0.0456891], [0.138141, -0.0337547, 0.989837]], [[0.986831, 0.0896106, -0.134665], [-0.11549, 0.973234, -0.198691], [0.113256, 0.211627, 0.970766]]], "btipPosition": [-96.1992, 126.286, -27.4062], "carpPosition": [-109.099, 115.395, 59.8758], "dipPosition": [-98.475, 130.539, -7.89969], "direction": [0.138141, 0.0337548, -0.989837], "extended": false, "handId": 93, "id": 930, "length": 44.7461, "mcpPosition": [-109.099, 115.395, 59.8758], "pipPosition": [-102.519, 129.551, 21.0766], "stabilizedTipPosition": [-96.4929, 126.815, -22.933], "timeVisible": 15.7487, "tipPosition": [-96.9447, 125.687, -23.0041], "tipVelocity": [-13.8735, 34.2709, 0.952111], "tool": false, "touchDistance": 0.281071, "touchZone": "hovering", "type": 0, "width": 16.187}, {"bases": [[[0.313927, -0.91394, -0.257221], [0.912771, 0.215943, 0.346724], [-0.26134, -0.34363, 0.902009]], [[0.266314, -0.958227, -0.104294], [0.807297, 0.162622, 0.567297], [-0.526639, -0.235275, 0.816883]], [[0.266314, -0.958227, -0.104294], [0.868617, 0.191679, 0.456907], [-0.41783, -0.212272, 0.883379]], [[0.266314, -0.958227, -0.104294], [0.922704, 0.222149, 0.315068], [-0.278738, -0.180139, 0.943321]]], "btipPosition": [-177.143, 150.365, -58.7909], "carpPosition": [-128.849, 113.459, 59.1091], "dipPosition": [-173.054, 147.723, -44.953], "direction": [-0.41783, 0.212272, -0.883379], "extended": true, "handId": 93, "id": 931, "length": 50.491, "mcpPosition": [-144.958, 134.639, 3.5112], "pipPosition": [-164.384, 143.318, -26.6209], "stabilizedTipPosition": [-176.165, 149.679, -55.6436], "timeVisible": 15.7487, "tipPosition": [-169.591, 149.017, -55.2576], "tipVelocity": [-17.007, 31.6256, 14.8377], "tool": false, "touchDistance": 0.333437, "touchZone": "hovering", "type": 1, "width": 15.4618}, {"bases": [[[0.115498, -0.975296, -0.188305], [0.946744, 0.0507252, 0.317965], [-0.300558, -0.215001, 0.929214]], [[0.0745941, -0.9952, -0.0633398], [0.867916, 0.0335124, 0.495579], [-0.491078, -0.0919409, 0.86625]], [[0.0745941, -0.9952, -0.0633398], [0.952844, 0.0523957, 0.298902], [-0.294149, -0.0826493, 0.952179]], [[0.0745941, -0.9952, -0.0633398], [0.995515, 0.0706111, 0.0629528], [-0.0581782, -0.0677517, 0.996005]]], "btipPosition": [-179.495, 124.093, -72.948], "carpPosition": [-133.484, 104.609, 56.5334], "dipPosition": [-178.557, 122.999, -56.878], "direction": [-0.294149, 0.0826493, -0.952179], "extended": true, "handId": 93, "id": 932, "length": 57.5304, "mcpPosition": [-151.052, 117.177, 2.21821], "pipPosition": [-171.375, 120.982, -33.6306], "stabilizedTipPosition": [-179.255, 123.8, -69.2645], "timeVisible": 15.7487, "tipPosition": [-175.734, 126.145, -69.6118], "tipVelocity": [-20.9247, 33.7994, 10.4627], "tool": false, "touchDistance": 0.333407, "touchZone": "hovering", "type": 2, "width": 15.1855}, {"bases": [[[-0.0016914, -0.997335, -0.0729417], [0.942513, -0.0259645, 0.333158], [-0.334164, -0.068185, 0.940045]], [[-0.0230368, -0.999653, -0.0127357], [0.948413, -0.0258816, 0.315979], [-0.316199, -0.00479959, 0.948681]], [[-0.0230368, -0.999653, -0.0127357], [0.997489, -0.0221297, -0.0672817], [0.0669765, -0.0142537, 0.997653]], [[-0.0230368, -0.999653, -0.0127357], [0.910576, -0.0157218, -0.413042], [0.412699, -0.021112, 0.910623]]], "btipPosition": [-157.041, 99.2464, -69.8574], "carpPosition": [-135.587, 94.8061, 54.2059], "dipPosition": [-163.661, 98.9077, -55.2494], "direction": [0.0669765, 0.0142537, -0.997653], "extended": true, "handId": 93, "id": 933, "length": 55.3171, "mcpPosition": [-153.125, 98.3846, 4.87153], "pipPosition": [-165.254, 98.5687, -31.5208], "stabilizedTipPosition": [-158.491, 99.087, -66.4911], "timeVisible": 15.7487, "tipPosition": [-161.975, 99.6947, -66.3598], "tipVelocity": [-29.323, 32.2736, -2.79189], "tool": false, "touchDistance": 0.312518, "touchZone": "hovering", "type": 3, "width": 14.45}, {"bases": [[[-0.196063, -0.980432, -0.0176895], [0.897526, -0.186692, 0.399491], [-0.394976, 0.0624486, 0.916567]], [[-0.201581, -0.97946, -0.00483708], [0.967632, -0.199908, 0.154032], [-0.151835, 0.0263695, 0.988054]], [[-0.201581, -0.97946, -0.00483708], [0.947156, -0.19367, -0.25571], [0.249521, -0.0561278, 0.966741]], [[-0.201581, -0.97946, -0.00483708], [0.84551, -0.171516, -0.505662], [0.494446, -0.106022, 0.862718]]], "btipPosition": [-144.026, 82.4556, -51.7153], "carpPosition": [-131.736, 83.7784, 51.8103], "dipPosition": [-151.344, 80.8866, -38.9478], "direction": [0.249521, 0.0561278, -0.966742], "extended": true, "handId": 93, "id": 934, "length": 43.3675, "mcpPosition": [-150.924, 80.7446, 7.28261], "pipPosition": [-155.534, 79.944, -22.7134], "stabilizedTipPosition": [-145.693, 82.0506, -48.7607], "timeVisible": 15.7487, "tipPosition": [-141.315, 82.0766, -47.0309], "tipVelocity": [-9.67563, 24.9681, -10.7135], "tool": false, "touchDistance": -0.294979, "touchZone": "touching", "type": 4, "width": 12.8356}], "r": [[0.547878, -0.80178, 0.238704], [0.829655, 0.55735, -0.0321643], [-0.107253, 0.215664, 0.97056]], "s": 1.31013, "t": [35.042, -25.7316, 103.589], "timestamp": 7834786252}, {"currentFrameRate": 115.591, "devices": [], "gestures": [], "hands": [{"armBasis": [[0.210872, -0.902887, -0.374603], [0.966264, 0.250503, -0.0598452], [0.147873, -0.349346, 0.925252]], "armWidth": 51.6826, "confidence": 1, "direction": [-0.441311, 0.214443, -0.871355], "elbow": [-154.621, 10.188, 285.332], "grabAngle": 0.498564, "grabStrength": 0, "id": 93, "palmNormal": [0.863916, -0.161072, -0.477184], "palmPosition": [-139.246, 109.839, 18.5492], "palmVelocity": [1.88973, 19.8684, -0.38818], "palmWidth": 76.2329, "pinchDistance": 69.6837, "pinchStrength": 0, "r": [[0.546874, -0.802806, 0.237551], [0.830308, 0.556444, -0.0309706], [-0.10732, 0.214178, 0.970881]], "s": 1.31061, "sphereCenter": [-156.463, 79.9054, -18.4445], "sphereRadius": 56.232, "stabilizedPalmPosition": [-139.136, 109.446, 18.5359], "t": [-35.0597, -25.5733, 103.593], "timeVisible": 15.757, "type": "left", "wrist": [-121.17, 89.2137, 76.0298]}], "id": 120353, "interactionBox": {"center": [0, 200, 0], "size": [235.247, 235.247, 147.751]}, "pointables": [{"bases": [[[0.956478, -0.201743, 0.210831], [0.0188204, 0.763654, 0.645352], [-0.291197, -0.613297, 0.734215]], [[0.986942, 0.0890868, -0.1342], [-0.0370911, 0.936439, 0.348865], [0.156749, -0.339332, 0.927515]], [[0.986942, 0.0890868, -0.1342], [-0.0833646, 0.995378, 0.0476823], [0.137827, -0.0358722, 0.989806]], [[0.986942, 0.0890868, -0.1342], [-0.114589, 0.973836, -0.196247], [0.113205, 0.209062, 0.971328]]], "btipPosition": [-96.2132, 126.545, -27.407], "carpPosition": [-109.078, 115.505, 59.8765], "dipPosition": [-98.4879, 130.746, -7.88923], "direction": [0.137827, 0.0358722, -0.989806], "extended": false, "handId": 93, "id": 930, "length": 44.7461, "mcpPosition": [-109.078, 115.505, 59.8765], "pipPosition": [-102.523, 129.696, 21.0862], "stabilizedTipPosition": [-96.5658, 127.024, -22.9285], "timeVisible": 15.757, "tipPosition": [-96.9491, 125.964, -22.9865], "tipVelocity": [-1.64864, 29.6206, 0.212833], "tool": false, "touchDistance": 0.281101, "touchZone": "hovering", "type": 0, "width": 16.187}, {"bases": [[[0.313331, -0.913682, -0.258859], [0.912849, 0.214643, 0.347326], [-0.261783, -0.345128, 0.901308]], [[0.265705, -0.958189, -0.106182], [0.807474, 0.161024, 0.5675], [-0.526674, -0.236527, 0.816498]], [[0.265705, -0.958189, -0.106182], [0.868762, 0.190239, 0.457232], [-0.417915, -0.213736, 0.882986]], [[0.265705, -0.958189, -0.106182], [0.922975, 0.221026, 0.315063], [-0.278421, -0.181717, 0.943112]]], "btipPosition": [-177.147, 150.655, -58.7208], "carpPosition": [-128.827, 113.556, 59.1106], "dipPosition": [-173.063, 147.989, -44.886], "direction": [-0.417915, 0.213736, -0.882986], "extended": true, "handId": 93, "id": 931, "length": 50.491, "mcpPosition": [-144.963, 134.829, 3.55587], "pipPosition": [-164.39, 143.554, -26.562], "stabilizedTipPosition": [-176.198, 149.956, -55.5635], "timeVisible": 15.757, "tipPosition": [-169.632, 149.3, -55.1812], "tipVelocity": [-0.58016, 34.0461, 8.30972], "tool": false, "touchDistance": 0.33339, "touchZone": "hovering", "type": 1, "width": 15.4618}, {"bases": [[[0.114843, -0.975024, -0.190102], [0.946711, 0.049455, 0.318266], [-0.300916, -0.216522, 0.928745]], [[0.0738331, -0.995151, -0.0649877], [0.867547, 0.0319534, 0.496328], [-0.491845, -0.0930253, 0.865699]], [[0.0738331, -0.995151, -0.0649877], [0.952658, 0.0511075, 0.299718], [-0.294944, -0.0840402, 0.951812]], [[0.0738331, -0.995151, -0.0649877], [0.99553, 0.0696996, 0.0637275], [-0.0588888, -0.0694024, 0.995849]]], "btipPosition": [-179.551, 124.386, -72.9004], "carpPosition": [-133.456, 104.708, 56.5194], "dipPosition": [-178.601, 123.266, -56.8329], "direction": [-0.294944, 0.0840402, -0.951812], "extended": true, "handId": 93, "id": 932, "length": 57.5304, "mcpPosition": [-151.045, 117.365, 2.23158], "pipPosition": [-171.4, 121.214, -33.5945], "stabilizedTipPosition": [-179.321, 124.079, -69.2138], "timeVisible": 15.757, "tipPosition": [-175.76, 126.442, -69.5751], "tipVelocity": [-6.36599, 34.4128, 5.64154], "tool": false, "touchDistance": 0.333372, "touchZone": "hovering", "type": 2, "width": 15.1855}, {"bases": [[[-0.0023873, -0.997195, -0.0748049], [0.942421, -0.0272599, 0.333315], [-0.334419, -0.069702, 0.939843]], [[-0.0240292, -0.999616, -0.0138121], [0.947882, -0.0271721, 0.317461], [-0.317715, -0.00546388, 0.948171]], [[-0.0240292, -0.999616, -0.0138121], [0.997657, -0.0230923, -0.0643973], [0.0640536, -0.0153271, 0.997829]], [[-0.0240292, -0.999616, -0.0138121], [0.912508, -0.0162877, -0.408734], [0.408352, -0.0224252, 0.912549]]], "btipPosition": [-157.217, 99.5, -69.8942], "carpPosition": [-135.553, 94.9081, 54.174], "dipPosition": [-163.768, 99.1402, -55.2553], "direction": [0.0640536, 0.0153271, -0.997829], "extended": true, "handId": 93, "id": 933, "length": 55.3171, "mcpPosition": [-153.104, 98.5661, 4.85026], "pipPosition": [-165.292, 98.7757, -31.5226], "stabilizedTipPosition": [-158.658, 99.323, -66.5169], "timeVisible": 15.757, "tipPosition": [-161.932, 99.9961, -66.3783], "tipVelocity": [-19.2274, 29.8, -3.55662], "tool": false, "touchDistance": 0.312023, "touchZone": "hovering", "type": 3, "width": 14.45}, {"bases": [[[-0.196759, -0.980257, -0.0195636], [0.897305, -0.188079, 0.399337], [-0.395133, 0.0610186, 0.916595]], [[-0.202988, -0.979168, -0.0050539], [0.967305, -0.201325, 0.15424], [-0.152044, 0.0264202, 0.98802]], [[-0.202988, -0.979168, -0.0050539], [0.946809, -0.194959, -0.256015], [0.249697, -0.0567532, 0.966659]], [[-0.202988, -0.979168, -0.0050539], [0.846654, -0.17292, -0.503264], [0.491906, -0.106436, 0.864118]]], "btipPosition": [-144.033, 82.6494, -51.7883], "carpPosition": [-131.694, 83.8876, 51.757], "dipPosition": [-151.313, 81.0742, -39.0001], "direction": [0.249697, 0.0567532, -0.966659], "extended": true, "handId": 93, "id": 934, "length": 43.3675, "mcpPosition": [-150.89, 80.9232, 7.2279], "pipPosition": [-155.506, 80.1211, -22.7671], "stabilizedTipPosition": [-145.705, 82.2396, -48.8297], "timeVisible": 15.757, "tipPosition": [-141.322, 82.363, -47.0966], "tipVelocity": [0.194582, 23.0373, -8.17785], "tool": false, "touchDistance": -0.294838, "touchZone": "touching", "type": 4, "width": 12.8356}], "r": [[0.546874, -0.802806, 0.237551], [0.830308, 0.556444, -0.0309706], [-0.10732, 0.214178, 0.970881]], "s": 1.31061, "t": [35.0597, -25.5733, 103.593], "timestamp": 7834794600}, {"currentFrameRate": 115.539, "devices": [], "gestures": [], "hands": [{"armBasis": [[0.209108, -0.902724, -0.375984], [0.966737, 0.248742, -0.0595584], [0.147288, -0.351023, 0.92471]], "armWidth": 51.6826, "confidence": 1, "direction": [-0.44092, 0.214913, -0.871437], "elbow": [-154.444, 9.91923, 285.189], "grabAngle": 0.497181, "grabStrength": 0, "id": 93, "palmNormal": [0.864638, -0.158788, -0.476641], "palmPosition": [-139.194, 110.001, 18.5444], "palmVelocity": [5.89357, 18.4882, -0.552796], "palmWidth": 76.2329, "pinchDistance": 69.6712, "pinchStrength": 0, "r": [[0.545819, -0.803895, 0.236293], [0.831027, 0.555422, -0.0300031], [-0.107123, 0.212743, 0.971218]], "s": 1.31116, "sphereCenter": [-156.497, 80.0199, -18.469], "sphereRadius": 56.2916, "stabilizedPalmPosition": [-139.151, 109.584, 18.538], "t": [-35.0427, -25.4133, 103.593], "timeVisible": 15.7658, "type": "left", "wrist": [-121.126, 89.3243, 76.0098]}], "id": 120354, "interactionBox": {"center": [0, 200, 0], "size": [235.247, 235.247, 147.751]}, "pointables": [{"bases": [[[0.956295, -0.203804, 0.209674], [0.0208, 0.76267, 0.646454], [-0.291662, -0.613839, 0.733577]], [[0.98699, 0.0874445, -0.134922], [-0.0352483, 0.936435, 0.349065], [0.156869, -0.339768, 0.927335]], [[0.98699, 0.0874445, -0.134922], [-0.0814373, 0.995452, 0.0494285], [0.13863, -0.0377978, 0.989623]], [[0.98699, 0.0874445, -0.134922], [-0.112864, 0.974475, -0.19406], [0.114508, 0.206763, 0.971667]]], "btipPosition": [-96.1545, 126.822, -27.3703], "carpPosition": [-109.074, 115.661, 59.9071], "dipPosition": [-98.4554, 130.977, -7.84573], "direction": [0.13863, 0.0377978, -0.989623], "extended": false, "handId": 93, "id": 930, "