{"frames": 73, "data": [{"currentFrameRate": 114.909, "devices": [], "gestures": [], "hands": [{"armBasis": [[0.119863, -0.884248, -0.451374], [0.991479, 0.0832545, 0.100192], [-0.0510155, -0.459537, 0.886692]], "armWidth": 51.6826, "confidence": 1, "direction": [-0.57241, 0.305706, -0.760849], "elbow": [-104.885, -16.7564, 275.685], "grabAngle": 0.553683, "grabStrength": 0, "id": 93, "palmNormal": [0.812588, 0.0872761, -0.576267], "palmPosition": [-144.554, 114.608, 24.979], "palmVelocity": [-0.490092, 11.1069, 6.72536], "palmWidth": 76.2329, "pinchDistance": 73.0008, "pinchStrength": 0, "r": [[0.380578, -0.919025, 0.102727], [0.90326, 0.393243, 0.171701], [-0.198194, 0.0274436, 0.979779]], "s": 1.33748, "sphereCenter": [-171.567, 98.7644, -7.94313], "sphereRadius": 52.31, "stabilizedPalmPosition": [-144.141, 114.705, 23.8055], "t": [-40.3843, -20.6854, 109.973], "timeVisible": 14.0573, "type": "left", "wrist": [-116.425, 87.1958, 75.1057]}], "id": 120159, "interactionBox": {"center": [0, 200, 0], "size": [235.247, 235.247, 147.751]}, "pointables": [{"bases": [[[0.882665, -0.399929, 0.246899], [0.0516713, 0.604702, 0.794774], [-0.467153, -0.688762, 0.554414]], [[0.998525, -0.0445903, -0.0309914], [0.0536095, 0.900358, 0.431835], [0.00864772, -0.432859, 0.90142]], [[0.998525, -0.0445903, -0.0309914], [0.0480272, 0.991512, 0.120823], [0.0253408, -0.122133, 0.99219]], [[0.998525, -0.0445903, -0.0309914], [0.0348079, 0.963627, -0.264973], [0.0416794, 0.263504, 0.963758]]], "btipPosition": [-108.743, 133.348, -22.4348], "carpPosition": [-110.684, 116.965, 63.6751], "dipPosition": [-109.58, 138.643, -3.06914], "direction": [0.0253408, 0.122133, -0.99219], "extended": false, "handId": 93, "id": 930, "length": 44.7461, "mcpPosition": [-110.684, 116.965, 63.6751], "pipPosition": [-110.322, 135.068, 25.9761], "stabilizedTipPosition": [-108.468, 134.948, -19.0092], "timeVisible": 14.0573, "tipPosition": [-109.911, 137.148, -17.0687], "tipVelocity": [-1.15246, 10.8882, 8.04113], "tool": false, "touchDistance": 0.298055, "touchZone": "hovering", "type": 0, "width": 16.187}, {"bases": [[[0.204315, -0.883329, -0.421883], [0.88457, -0.0179912, 0.466061], [-0.419275, -0.468408, 0.77769]], [[0.156705, -0.929703, -0.333311], [0.712903, -0.127086, 0.689651], [-0.683529, -0.345691, 0.642873]], [[0.156705, -0.929703, -0.333311], [0.861743, -0.0361765, 0.506053], [-0.482537, -0.36653, 0.795496]], [[0.156705, -0.929703, -0.333311], [0.942519, 0.0399253, 0.331759], [-0.29513, -0.366141, 0.882519]]], "btipPosition": [-195.268, 166.47, -36.8246], "carpPosition": [-129.869, 111.869, 64.2784], "dipPosition": [-190.939, 161.099, -23.8786], "direction": [-0.482537, 0.36653, -0.795496], "extended": true, "handId": 93, "id": 931, "length": 50.491, "mcpPosition": [-155.712, 140.741, 16.3432], "pipPosition": [-180.925, 153.492, -7.37024], "stabilizedTipPosition": [-194.222, 165.088, -34.3403], "timeVisible": 14.0573, "tipPosition": [-188.528, 164.535, -35.1157], "tipVelocity": [1.02736, 8.36802, 2.27966], "tool": false, "touchDistance": 0.33335, "touchZone": "hovering", "type": 1, "width": 15.4618}, {"bases": [[[-0.00802019, -0.922395, -0.386165], [0.896957, -0.177349, 0.404988], [-0.442045, -0.343125, 0.828771]], [[-0.0533479, -0.952741, -0.299063], [0.763813, -0.231848, 0.602358], [-0.643229, -0.196294, 0.740085]], [[-0.0533479, -0.952741, -0.299063], [0.925148, -0.159877, 0.344298], [-0.37584, -0.25831, 0.889955]], [[-0.0533479, -0.952741, -0.299063], [0.99259, -0.0833376, 0.0884312], [-0.109175, -0.292129, 0.950127]]], "btipPosition": [-196.818, 142.26, -55.8758], "carpPosition": [-133.423, 103.06, 60.2538], "dipPosition": [-195.057, 137.547, -40.546], "direction": [-0.37584, 0.25831, -0.889955], "extended": true, "handId": 93, "id": 932, "length": 57.5304, "mcpPosition": [-159.261, 123.117, 11.8098], "pipPosition": [-185.881, 131.24, -18.8178], "stabilizedTipPosition": [-196.414, 141.096, -52.6844], "timeVisible": 14.0573, "tipPosition": [-191.837, 144.049, -53.2642], "tipVelocity": [2.81749, 6.16436, 2.37825], "tool": false, "touchDistance": 0.33335, "touchZone": "hovering", "type": 2, "width": 15.1855}, {"bases": [[[-0.140577, -0.946824, -0.289419], [0.879544, -0.253644, 0.402576], [-0.454578, -0.197964, 0.868429]], [[-0.177523, -0.959907, -0.216943], [0.839325, -0.262778, 0.4759], [-0.513827, -0.0976025, 0.852323]], [[-0.177523, -0.959907, -0.216943], [0.978462, -0.195758, 0.0655006], [-0.105343, -0.200642, 0.973984]], [[-0.177523, -0.959907, -0.216943], [0.958873, -0.119105, -0.257636], [0.221467, -0.253757, 0.941573]]], "btipPosition": [-176.841, 116.691, -60.5075], "carpPosition": [-134.321, 93.7148, 56.0345], "dipPosition": [-180.394, 112.62, -45.4031], "direction": [-0.105343, 0.200642, -0.973984], "extended": true, "handId": 93, "id": 933, "length": 55.3171, "mcpPosition": [-158.178, 104.104, 10.4586], "pipPosition": [-177.888, 107.848, -22.2374], "stabilizedTipPosition": [-177.492, 115.686, -57.5875], "timeVisible": 14.0573, "tipPosition": [-175.814, 119.087, -56.942], "tipVelocity": [2.45947, 5.23833, 4.40285], "tool": false, "touchDistance": 0.333363, "touchZone": "hovering", "type": 3, "width": 14.45}, {"bases": [[[-0.335625, -0.90836, -0.249474], [0.803332, -0.414309, 0.427792], [-0.491949, -0.0568332, 0.868767]], [[-0.38937, -0.908933, -0.149105], [0.874884, -0.415586, 0.248728], [-0.288043, -0.0336026, 0.957028]], [[-0.38937, -0.908933, -0.149105], [0.902935, -0.344689, -0.256704], [0.181932, -0.234585, 0.954919]], [[-0.38937, -0.908933, -0.149105], [0.804596, -0.256844, -0.535404], [0.448349, -0.328439, 0.831331]]], "btipPosition": [-152.157, 96.8035, -48.652], "carpPosition": [-129.203, 84.2224, 50.9465], "dipPosition": [-158.792, 91.9428, -36.349], "direction": [0.181932, 0.234585, -0.954919], "extended": true, "handId": 93, "id": 934, "length": 43.3675, "mcpPosition": [-153.103, 86.9834, 8.74096], "pipPosition": [-161.847, 88.0035, -20.3132], "stabilizedTipPosition": [-153.607, 95.7008, -45.9515], "timeVisible": 14.0573, "tipPosition": [-151.257, 97.7316, -44.5187], "tipVelocity": [2.60063, 6.13935, 5.881], "tool": false, "touchDistance": -0.267024, "touchZone": "touching", "type": 4, "width": 12.8356}], "r": [[0.380578, -0.919025, 0.102727], [0.90326, 0.393243, 0.171701], [-0.198194, 0.0274436, 0.979779]], "s": 1.33748, "t": [40.3843, -20.6854, 109.973], "timestamp": 7833094808}, {"currentFrameRate": 113.909, "devices": [], "gestures": [], "hands": [{"armBasis": [[0.120069, -0.884372, -0.451076], [0.991502, 0.0839046, 0.0994197], [-0.0500766, -0.45918, 0.886931]], "armWidth": 51.6826, "confidence": 1, "direction": [-0.571953, 0.305737, -0.76118], "elbow": [-105.098, -16.5626, 275.794], "grabAngle": 0.554266, "grabStrength": 0, "id": 93, "palmNormal": [0.81286, 0.0866674, -0.575975], "palmPosition": [-144.519, 114.718, 25.0128], "palmVelocity": [3.3814, 10.462, 3.22466], "palmWidth": 76.2329, "pinchDistance": 72.9761, "pinchStrength": 0, "r": [[0.380607, -0.919039, 0.102498], [0.903289, 0.393222, 0.171599], [-0.19801, 0.0272741, 0.97982]], "s": 1.33741, "sphereCenter": [-171.414, 98.8925, -7.96298], "sphereRadius": 52.2764, "stabilizedPalmPosition": [-144.148, 114.705, 23.8293], "t": [-40.3671, -20.6107, 110.017], "timeVisible": 14.0677, "type": "left", "wrist": [-116.426, 87.3087, 75.1613]}], "id": 120160, "interactionBox": {"center": [0, 200, 0], "size": [235.247, 235.247, 147.751]}, "pointables": [{"bases": [[[0.882966, -0.399397, 0.246685], [0.0516799, 0.604999, 0.794547], [-0.466584, -0.688809, 0.554834]], [[0.998532, -0.0442069, -0.0312869], [0.0533894, 0.900484, 0.4316], [0.00909362, -0.432637, 0.901522]], [[0.998532, -0.0442069, -0.0312869], [0.0476761, 0.991559, 0.120573], [0.0256926, -0.121888, 0.992211]], [[0.998532, -0.0442069, -0.0312869], [0.0343509, 0.963586, -0.265182], [0.0418705, 0.263718, 0.963691]]], "btipPosition": [-108.689, 133.433, -22.3919], "carpPosition": [-110.662, 117.071, 63.7215], "dipPosition": [-109.53, 138.732, -3.02757], "direction": [0.0256926, 0.121888, -0.992211], "extended": false, "handId": 93, "id": 930, "length": 44.7461, "mcpPosition": [-110.662, 117.071, 63.7215], "pipPosition": [-110.282, 135.164, 26.0183], "stabilizedTipPosition": [-108.481, 134.939, -18.9752], "timeVisible": 14.0677, "tipPosition": [-109.847, 137.223, -17.0296], "tipVelocity": [5.0722, 8.19575, 4.06169], "tool": false, "touchDistance": 0.298765, "touchZone": "hovering", "type": 0, "width": 16.187}, {"bases": [[[0.204596, -0.883369, -0.421663], [0.884764, -0.0173836, 0.465716], [-0.418729, -0.468356, 0.778016]], [[0.157039, -0.929741, -0.333046], [0.713684, -0.126261, 0.688994], [-0.682637, -0.345889, 0.643714]], [[0.157039, -0.929741, -0.333046], [0.862227, -0.035365, 0.505286], [-0.481564, -0.366511, 0.796094]], [[0.157039, -0.929741, -0.333046], [0.942775, 0.0406946, 0.330937], [-0.294132, -0.365957, 0.882928]]], "btipPosition": [-195.149, 166.586, -36.8535], "carpPosition": [-129.85, 111.985, 64.3189], "dipPosition": [-190.834, 161.218, -23.9015], "direction": [-0.481564, 0.366511, -0.796094], "extended": true, "handId": 93, "id": 931, "length": 50.491, "mcpPosition": [-155.66, 140.853, 16.3637], "pipPosition": [-180.84, 153.612, -7.38077], "stabilizedTipPosition": [-194.214, 165.12, -34.2835], "timeVisible": 14.0677, "tipPosition": [-188.459, 164.649, -35.113], "tipVelocity": [11.1081, 11.179, -2.62846], "tool": false, "touchDistance": 0.333311, "touchZone": "hovering", "type": 1, "width": 15.4618}, {"bases": [[[-0.00770548, -0.922531, -0.385847], [0.897208, -0.176756, 0.404692], [-0.441542, -0.343067, 0.829064]], [[-0.0530148, -0.952888, -0.298655], [0.764562, -0.231119, 0.601688], [-0.642366, -0.196442, 0.740794]], [[-0.0530148, -0.952888, -0.298655], [0.925679, -0.159079, 0.343238], [-0.374577, -0.258262, 0.890502]], [[-0.0530148, -0.952888, -0.298655], [0.992765, -0.0825599, 0.0871878], [-0.107737, -0.291871, 0.95037]]], "btipPosition": [-196.684, 142.373, -55.8974], "carpPosition": [-133.407, 103.176, 60.296], "dipPosition": [-194.945, 137.664, -40.5637], "direction": [-0.374577, 0.258262, -0.890502], "extended": true, "handId": 93, "id": 932, "length": 57.5304, "mcpPosition": [-159.216, 123.229, 11.8349], "pipPosition": [-185.8, 131.359, -18.8221], "stabilizedTipPosition": [-196.395, 141.124, -52.6393], "timeVisible": 14.0677, "tipPosition": [-191.772, 144.146, -53.2559], "tipVelocity": [12.3378, 10.9114, -1.96727], "tool": false, "touchDistance": 0.333317, "touchZone": "hovering", "type": 2, "width": 15.1855}, {"bases": [[[-0.140211, -0.946993, -0.28904], [0.879832, -0.253061, 0.402314], [-0.454133, -0.197898, 0.868677]], [[-0.177135, -0.960075, -0.216518], [0.840003, -0.26212, 0.475067], [-0.512853, -0.0977243, 0.852896]], [[-0.177135, -0.960075, -0.216518], [0.978681, -0.195067, 0.0642886], [-0.103957, -0.200514, 0.97416]], [[-0.177135, -0.960075, -0.216518], [0.958633, -0.118503, -0.258804], [0.222813, -0.253404, 0.94135]]], "btipPosition": [-176.713, 116.799, -60.4981], "carpPosition": [-134.308, 93.8299, 56.0795], "dipPosition": [-180.288, 112.734, -45.3972], "direction": [-0.103957, 0.200514, -0.97416], "extended": true, "handId": 93, "id": 933, "length": 55.3171, "mcpPosition": [-158.142, 104.216, 10.4906], "pipPosition": [-177.815, 107.965, -22.2274], "stabilizedTipPosition": [-177.496, 115.701, -57.5383], "timeVisible": 14.0677, "tipPosition": [-175.75, 119.173, -56.9225], "tipVelocity": [11.7108, 10.3877, 0.821815], "tool": false, "touchDistance": 0.333341, "touchZone": "hovering", "type": 3, "width": 14.45}, {"bases": [[[-0.335263, -0.908615, -0.249032], [0.803712, -0.413755, 0.427614], [-0.491575, -0.0567863, 0.868982]], [[-0.389007, -0.909177, -0.148562], [0.875287, -0.415061, 0.248186], [-0.287307, -0.0334882, 0.957253]], [[-0.389007, -0.909177, -0.148562], [0.902928, -0.344298, -0.257254], [0.18274, -0.234214, 0.954856]], [[-0.389007, -0.909177, -0.148562], [0.804463, -0.256671, -0.535686], [0.448902, -0.327898, 0.831246]]], "btipPosition": [-152.085, 96.8943, -48.6166], "carpPosition": [-129.194, 84.3332, 50.9968], "dipPosition": [-158.728, 92.0417, -36.3149], "direction": [0.18274, 0.234214, -0.954856], "extended": true, "handId": 93, "id": 934, "length": 43.3675, "mcpPosition": [-153.075, 87.0919, 8.78081], "pipPosition": [-161.797, 88.1086, -20.2802], "stabilizedTipPosition": [-153.609, 95.7298, -45.89], "timeVisible": 14.0677, "tipPosition": [-151.205, 97.8188, -44.4832], "tipVelocity": [6.68407, 8.83585, 3.34101], "tool": false, "touchDistance": -0.26644, "touchZone": "touching", "type": 4, "width": 12.8356}], "r": [[0.380607, -0.919039, 0.102498], [0.903289, 0.393222, 0.171599], [-0.19801, 0.0272741, 0.97982]], "s": 1.33741, "t": [40.3671, -20.6107, 110.017], "timestamp": 7833105298}, {"currentFrameRate": 114.985, "devices": [], "gestures": [], "hands": [{"armBasis": [[0.132814, -0.883041, -0.450109], [0.989879, 0.0952682, 0.105184], [-0.050001, -0.459524, 0.886757]], "armWidth": 51.6826, "confidence": 1, "direction": [-0.567433, 0.306398, -0.764291], "elbow": [-105.322, -16.4716, 275.98], "grabAngle": 0.552481, "grabStrength": 0, "id": 93, "palmNormal": [0.814308, 0.0711078, -0.576061], "palmPosition": [-144.391, 114.871, 25.0279], "palmVelocity": [18.666, 22.3628, 2.19088], "palmWidth": 76.2329, "pinchDistance": 72.6163, "pinchStrength": 0, "r": [[0.383017, -0.917883, 0.103867], [0.90232, 0.395837, 0.170682], [-0.19778, 0.0283469, 0.979836]], "s": 1.33675, "sphereCenter": [-170.726, 99.1139, -8.2088], "sphereRadius": 52.1265, "stabilizedPalmPosition": [-144.152, 114.708, 23.8481], "t": [-40.2946, -20.4967, 110.046], "timeVisible": 14.0746, "type": "left", "wrist": [-116.632, 87.4775, 75.386]}], "id": 120161, "interactionBox": {"center": [0, 200, 0], "size": [235.247, 235.247, 147.751]}, "pointables": [{"bases": [[[0.888219, -0.385786, 0.249471], [0.0444097, 0.612569, 0.789168], [-0.457268, -0.689876, 0.561228]], [[0.998983, -0.033376, -0.0303097], [0.0431129, 0.903842, 0.42569], [0.0131874, -0.426564, 0.904361]], [[0.998983, -0.033376, -0.0303097], [0.0367739, 0.992151, 0.119515], [0.0260829, -0.120508, 0.99237]], [[0.998983, -0.033376, -0.0303097], [0.0243601, 0.965287, -0.260052], [0.037937, 0.259049, 0.965119]]], "btipPosition": [-108.456, 133.289, -22.5239], "carpPosition": [-110.533, 117.127, 63.7416], "dipPosition": [-109.218, 138.494, -3.13092], "direction": [0.0260829, 0.120508, -0.99237], "extended": false, "handId": 93, "id": 930, "length": 44.7461, "mcpPosition": [-110.533, 117.127, 63.7416], "pipPosition": [-109.982, 134.966, 25.9195], "stabilizedTipPosition": [-108.485, 134.928, -18.9543], "timeVisible": 14.0746, "tipPosition": [-109.375, 136.485, -17.2132], "tipVelocity": [36.5589, -24.2319, -18.2956], "tool": false, "touchDistance": 0.296674, "touchZone": "hovering", "type": 0, "width": 16.187}, {"bases": [[[0.215696, -0.884323, -0.414062], [0.885235, -0.00187263, 0.465141], [-0.412111, -0.466871, 0.78243]], [[0.169487, -0.929947, -0.326303], [0.72041, -0.109031, 0.684925], [-0.672521, -0.351157, 0.651463]], [[0.169487, -0.929947, -0.326303], [0.86485, -0.0184128, 0.501692], [-0.472555, -0.367233, 0.801144]], [[0.169487, -0.929947, -0.326303], [0.943161, 0.0570126, 0.327409], [-0.28587, -0.363248, 0.886752]]], "btipPosition": [-193.995, 166.974, -37.5231], "carpPosition": [-129.786, 112.294, 64.3682], "dipPosition": [-189.801, 161.645, -24.515], "direction": [-0.472555, 0.367233, -0.801144], "extended": true, "handId": 93, "id": 931, "length": 50.491, "mcpPosition": [-155.188, 141.071, 16.1409], "pipPosition": [-179.995, 154.024, -7.88943], "stabilizedTipPosition": [-194.11, 165.175, -34.3053], "timeVisible": 14.0746, "tipPosition": [-187.772, 164.857, -35.5436], "tipVelocity": [164.185, 57.8605, -95.7634], "tool": false, "touchDistance": 0.33281, "touchZone": "hovering", "type": 1, "width": 15.4618}, {"bases": [[[0.00394258, -0.925906, -0.377734], [0.899694, -0.161601, 0.405508], [-0.436504, -0.341444, 0.832394]], [[-0.0413195, -0.956308, -0.289427], [0.77351, -0.213974, 0.596571], [-0.632435, -0.199225, 0.748555]], [[-0.0413195, -0.956308, -0.289427], [0.92843, -0.143789, 0.342553], [-0.369203, -0.254559, 0.893806]], [[-0.0413195, -0.956308, -0.289427], [0.993509, -0.0700515, 0.0896234], [-0.105982, -0.283846, 0.952995]]], "btipPosition": [-195.865, 142.495, -56.4125], "carpPosition": [-133.453, 103.497, 60.4198], "dipPosition": [-194.155, 137.915, -41.0364], "direction": [-0.369203, 0.254559, -0.893806], "extended": true, "handId": 93, "id": 932, "length": 57.5304, "mcpPosition": [-158.968, 123.456, 11.764], "pipPosition": [-185.141, 131.7, -19.2142], "stabilizedTipPosition": [-196.305, 141.155, -52.6624], "timeVisible": 14.0746, "tipPosition": [-191.31, 144.15, -53.5178], "tipVelocity": [118.444, 22.0748, -73.6984], "tool": false, "touchDistance": 0.332911, "touchZone": "hovering", "type": 2, "width": 15.1855}, {"bases": [[[-0.12817, -0.951226, -0.28061], [0.883303, -0.238142, 0.403813], [-0.450942, -0.196107, 0.870743]], [[-0.165286, -0.964255, -0.207104], [0.847491, -0.246267, 0.470224], [-0.504419, -0.0977976, 0.857903]], [[-0.165286, -0.964255, -0.207104], [0.980706, -0.182919, 0.0689645], [-0.104383, -0.19171, 0.975885]], [[-0.165286, -0.964255, -0.207104], [0.960266, -0.109463, -0.256724], [0.224878, -0.241308, 0.944034]]], "btipPosition": [-176.363, 116.601, -60.6774], "carpPosition": [-134.472, 94.1268, 56.2847], "dipPosition": [-179.971, 112.73, -45.5335], "direction": [-0.104383, 0.19171, -0.975885], "extended": true, "handId": 93, "id": 933, "length": 55.3171, "mcpPosition": [-158.138, 104.419, 10.5874], "pipPosition": [-177.488, 108.17, -22.3227], "stabilizedTipPosition": [-177.478, 115.702, -57.5172], "timeVisible": 14.0746, "tipPosition": [-175.528, 118.964, -56.9715], "tipVelocity": [49.9399, -22.3236, -24.7144], "tool": false, "touchDistance": 0.333192, "touchZone": "hovering", "type": 3, "width": 14.45}, {"bases": [[[-0.323673, -0.915019, -0.240783], [0.809282, -0.399577, 0.430583], [-0.490203, -0.0554935, 0.86984]], [[-0.376013, -0.915531, -0.142887], [0.882062, -0.400893, 0.247489], [-0.283867, -0.0329761, 0.958297]], [[-0.376013, -0.915531, -0.142887], [0.90779, -0.333043, -0.254951], [0.185828, -0.225576, 0.956338]], [[-0.376013, -0.915531, -0.142887], [0.810616, -0.250303, -0.529386], [0.448905, -0.314883, 0.836262]]], "btipPosition": [-152.145, 96.6657, -48.4963], "carpPosition": [-129.477, 84.5206, 51.2896], "dipPosition": [-158.789, 92.0057, -36.1204], "direction": [0.185828, 0.225576, -0.956338], "extended": true, "handId": 93, "id": 934, "length": 43.3675, "mcpPosition": [-153.292, 87.2165, 9.03193], "pipPosition": [-161.909, 88.2176, -20.0607], "stabilizedTipPosition": [-153.625, 95.6955, -45.8294], "timeVisible": 14.0746, "tipPosition": [-151.274, 97.4296, -44.3374], "tipVelocity": [-8.82865, -26.8793, 20.0347], "tool": false, "touchDistance": -0.26415, "touchZone": "touching", "type": 4, "width": 12.8356}], "r": [[0.383017, -0.917883, 0.103867], [0.90232, 0.395837, 0.170682], [-0.19778, 0.0283469, 0.979836]], "s": 1.33675, "t": [40.2946, -20.4967, 110.046], "timestamp": 7833112155}, {"currentFrameRate": 113.978, "devices": [], "gestures": [], "hands": [{"armBasis": [[0.144403, -0.881453, -0.449653], [0.988352, 0.106417, 0.108793], [-0.0480455, -0.460126, 0.886553]], "armWidth": 51.6826, "confidence": 1, "direction": [-0.563129, 0.307875, -0.766876], "elbow": [-105.891, -16.4072, 276.119], "grabAngle": 0.550242, "grabStrength": 0, "id": 93, "palmNormal": [0.815524, 0.0571973, -0.575889], "palmPosition": [-144.185, 115.108, 25.04], "palmVelocity": [19.6376, 22.5187, 1.15874], "palmWidth": 76.2329, "pinchDistance": 72.1838, "pinchStrength": 0, "r": [[0.38718, -0.915869, 0.106184], [0.900599, 0.400346, 0.169245], [-0.197516, 0.030101, 0.979837]], "s": 1.33543, "sphereCenter": [-169.793, 99.3345, -8.58028], "sphereRadius": 51.9883, "stabilizedPalmPosition": [-144.153, 114.72, 23.8843], "t": [-40.1552, -20.3215, 110.067], "timeVisible": 14.0851, "type": "left", "wrist": [-116.759, 87.6781, 75.5718]}], "id": 120162, "interactionBox": {"center": [0, 200, 0], "size": [235.247, 235.247, 147.751]}, "pointables": [{"bases": [[[0.893007, -0.373241, 0.251454], [0.0375537, 0.618585, 0.78482], [-0.448473, -0.691407, 0.566418]], [[0.999294, -0.0236762, -0.0291551], [0.0337657, 0.90626, 0.421369], [0.0164457, -0.422056, 0.90642]], [[0.999294, -0.0236762, -0.0291551], [0.0270273, 0.992345, 0.120504], [0.0260788, -0.121207, 0.992285]], [[0.999294, -0.0236762, -0.0291551], [0.0156048, 0.967835, -0.251102], [0.0341625, 0.250469, 0.967522]]], "btipPosition": [-108.193, 133.391, -22.6332], "carpPosition": [-110.33, 117.224, 63.7642], "dipPosition": [-108.879, 138.424, -3.1919], "direction": [0.0260788, 0.121207, -0.992285], "extended": false, "handId": 93, "id": 930, "length": 44.7461, "mcpPosition": [-110.33, 117.224, 63.7642], "pipPosition": [-109.643, 134.876, 25.8561], "stabilizedTipPosition": [-108.479, 134.913, -18.9228], "timeVisible": 14.0851, "tipPosition": [-108.859, 135.944, -17.3553], "tipVelocity": [26.7556, 5.95493, -9.35269], "tool": false, "touchDistance": 0.295038, "touchZone": "hovering", "type": 0, "width": 16.187}, {"bases": [[[0.226095, -0.884531, -0.408028], [0.885527, 0.0121115, 0.46443], [-0.405861, -0.466325, 0.786014]], [[0.181003, -0.929665, -0.320874], [0.727891, -0.0927728, 0.679388], [-0.661372, -0.356533, 0.659902]], [[0.181003, -0.929665, -0.320874], [0.867464, -0.00281656, 0.497492], [-0.463405, -0.368394, 0.805942]], [[0.181003, -0.929665, -0.320874], [0.943548, 0.0721225, 0.32329], [-0.277409, -0.361277, 0.890238]]], "btipPosition": [-192.739, 167.469, -38.165], "carpPosition": [-129.641, 112.63, 64.4092], "dipPosition": [-188.67, 162.17, -25.1058], "direction": [-0.463405, 0.368394, -0.805942], "extended": true, "handId": 93, "id": 931, "length": 50.491, "mcpPosition": [-154.657, 141.373, 15.9609], "pipPosition": [-179.053, 154.525, -8.38067], "stabilizedTipPosition": [-193.776, 165.33, -34.429], "timeVisible": 14.0851, "tipPosition": [-187.055, 165.22, -35.8933], "tipVelocity": [116.96, 47.8589, -60.0505], "tool": false, "touchDistance": 0.332788, "touchZone": "hovering", "type": 1, "width": 15.4618}, {"bases": [[[0.0148873, -0.928418, -0.371238], [0.901877, -0.147844, 0.405906], [-0.431736, -0.340854, 0.835118]], [[-0.0305601, -0.959094, -0.281433], [0.78273, -0.198068, 0.590002], [-0.62161, -0.202255, 0.756765]], [[-0.0305601, -0.959094, -0.281433], [0.931106, -0.129703, 0.340909], [-0.363466, -0.251625, 0.896982]], [[-0.0305601, -0.959094, -0.281433], [0.994098, -0.058487, 0.0913713], [-0.104094, -0.276979, 0.955221]]], "btipPosition": [-194.926, 142.757, -56.9251], "carpPosition": [-133.411, 103.851, 60.5196], "dipPosition": [-193.246, 138.288, -41.5131], "direction": [-0.363466, 0.251625, -0.896982], "extended": true, "handId": 93, "id": 932, "length": 57.5304, "mcpPosition": [-158.647, 123.775, 11.7046], "pipPosition": [-184.372, 132.145, -19.6133], "stabilizedTipPosition": [-196.041, 141.241, -52.7698], "timeVisible": 14.0851, "tipPosition": [-190.802, 144.323, -53.736], "tipVelocity": [88.8321, 27.3869, -48.0625], "tool": false, "touchDistance": 0.332892, "touchZone": "hovering", "type": 2, "width": 15.1855}, {"bases": [[[-0.116838, -0.954654, -0.273833], [0.886414, -0.224588, 0.40476], [-0.447906, -0.195438, 0.872459]], [[-0.154111, -0.967713, -0.199453], [0.854583, -0.231868, 0.464677], [-0.49592, -0.0988378, 0.862725]], [[-0.154111, -0.967713, -0.199453], [0.982449, -0.171552, 0.0732361], [-0.105088, -0.184666, 0.977167]], [[-0.154111, -0.967713, -0.199453], [0.962037, -0.100945, -0.253565], [0.225244, -0.230959, 0.946532]]], "btipPosition": [-175.957, 116.61, -60.8583], "carpPosition": [-134.541, 94.4644, 56.4495], "dipPosition": [-179.571, 112.905, -45.6743], "direction": [-0.105088, 0.184666, -0.977167], "extended": true, "handId": 93, "id": 933, "length": 55.3171, "mcpPosition": [-158.047, 104.721, 10.6621], "pipPosition": [-177.071, 108.513, -22.4329], "stabilizedTipPosition": [-177.409, 115.708, -57.502], "timeVisible": 14.0851, "tipPosition": [-175.232, 118.959, -57.0157], "tipVelocity": [38.5576, 4.47949, -16.3538], "tool": false, "touchDistance": 0.333183, "touchZone": "hovering", "type": 3, "width": 14.45}, {"bases": [[[-0.312738, -0.920538, -0.234104], [0.814373, -0.386716, 0.432721], [-0.488868, -0.0553197, 0.870602]], [[-0.36347, -0.921151, -0.139175], [0.88867, -0.387658, 0.244923], [-0.279564, -0.0346584, 0.959501]], [[-0.36347, -0.921151, -0.139175], [0.912166, -0.321532, -0.254107], [0.189322, -0.219311, 0.95711]], [[-0.36347, -0.921151, -0.139175], [0.817218, -0.24354, -0.522344], [0.447263, -0.303593, 0.841301]]], "btipPosition": [-152.097, 96.679, -48.4212], "carpPosition": [-129.659, 84.7636, 51.5258], "dipPosition": [-158.716, 92.1861, -35.9707], "direction": [0.189322, 0.219311, -0.95711], "extended": true, "handId": 93, "id": 934, "length": 43.3675, "mcpPosition": [-153.408, 87.4511, 9.23114], "pipPosition": [-161.896, 88.5033, -19.8981], "stabilizedTipPosition": [-153.624, 95.6811, -45.7506], "timeVisible": 14.0851, "tipPosition": [-151.261, 97.2424, -44.225], "tipVelocity": [5.12891, 4.93197, 8.79108], "tool": false, "touchDistance": -0.262612, "touchZone": "touching", "type": 4, "width": 12.8356}], "r": [[0.38718, -0.915869, 0.106184], [0.900599, 0.400346, 0.169245], [-0.197516, 0.030101, 0.979837]], "s": 1.33543, "t": [40.1552, -20.3215, 110.067], "timestamp": 7833122649}, {"currentFrameRate": 114.981, "devices": [], "gestures": [], "hands": [{"armBasis": [[0.152213, -0.879859, -0.450198], [0.987302, 0.114418, 0.110193], [-0.0454437, -0.461255, 0.886103]], "armWidth": 51.6826, "confidence": 1, "direction": [-0.559712, 0.310016, -0.768513], "elbow": [-106.381, -16.5425, 276.138], "grabAngle": 0.547158, "grabStrength": 0, "id": 93, "palmNormal": [0.816552, 0.0481929, -0.575257], "palmPosition": [-143.82, 115.32, 25.0611], "palmVelocity": [52.2163, 30.392, 3.01563], "palmWidth": 76.2329, "pinchDistance": 71.7635, "pinchStrength": 0, "r": [[0.392093, -0.913494, 0.108591], [0.898547, 0.405604, 0.167624], [-0.197169, 0.0318495, 0.979852]], "s": 1.33366, "sphereCenter": [-168.757, 99.4857, -8.95568], "sphereRadius": 51.9037, "stabilizedPalmPosition": [-144.145, 114.734, 23.9118], "t": [-39.9032, -20.1278, 110.088], "timeVisible": 14.0921, "type": "left", "wrist": [-116.661, 87.7982, 75.6926]}], "id": 120163, "interactionBox": {"center": [0, 200, 0], "size": [235.247, 235.247, 147.751]}, "pointables": [{"bases": [[[0.896423, -0.364691, 0.251845], [0.0330185, 0.621618, 0.782624], [-0.441967, -0.693247, 0.569275]], [[0.999446, -0.01731, -0.0284173], [0.0276453, 0.907267, 0.419646], [0.018518, -0.420199, 0.907243]], [[0.999446, -0.01731, -0.0284173], [0.0207206, 0.992005, 0.124483], [0.0260353, -0.125003, 0.991815]], [[0.999446, -0.01731, -0.0284173], [0.00999935, 0.970803, -0.239671], [0.0317363, 0.239254, 0.970438]]], "btipPosition": [-107.813, 133.707, -22.6646], "carpPosition": [-109.987, 117.281, 63.812], "dipPosition": [-108.45, 138.514, -3.16475], "direction": [0.0260353, 0.125003, -0.991815], "extended": false, "handId": 93, "id": 930, "length": 44.7461, "mcpPosition": [-109.987, 117.281, 63.812], "pipPosition": [-109.213, 134.855, 25.8695], "stabilizedTipPosition": [-108.463, 134.91, -18.9002], "timeVisible": 14.0921, "tipPosition": [-108.265, 135.673, -17.3986], "tipVelocity": [56.0278, 37.7906, -2.57467], "tool": false, "touchDistance": 0.294739, "touchZone": "hovering", "type": 0, "width": 16.187}, {"bases": [[[0.233273, -0.883977, -0.405177], [0.885847, 0.0213245, 0.463486], [-0.401071, -0.467043, 0.788043]], [[0.188964, -0.928924, -0.318423], [0.734971, -0.0812582, 0.673212], [-0.651237, -0.361244, 0.667378]], [[0.188964, -0.928924, -0.318423], [0.869675, 0.00772441, 0.493564], [-0.456024, -0.37019, 0.809322]], [[0.188964, -0.928924, -0.318423], [0.943907, 0.0824002, 0.319767], [-0.270801, -0.360986, 0.892388]]], "btipPosition": [-191.516, 167.945, -38.6233], "carpPosition": [-129.337, 112.855, 64.4533], "dipPosition": [-187.543, 162.65, -25.5325], "direction": [-0.456024, 0.37019, -0.809322], "extended": true, "handId": 93, "id": 931, "length": 50.491, "mcpPosition": [-154.058, 141.643, 15.8801], "pipPosition": [-178.08, 154.968, -8.7373], "stabilizedTipPosition": [-193.426, 165.485, -34.5596], "timeVisible": 14.0921, "tipPosition": [-186.319, 165.616, -36.0767], "tipVelocity": [171.964, 68.3054, -64.5853], "tool": false, "touchDistance": 0.33296, "touchZone": "hovering", "type": 1, "width": 15.4618}, {"bases": [[[0.0224857, -0.929546, -0.368021], [0.903512, -0.138688, 0.405503], [-0.427973, -0.341629, 0.836737]], [[-0.0232541, -0.960661, -0.276748], [0.790581, -0.187109, 0.583071], [-0.611916, -0.205233, 0.763831]], [[-0.0232541, -0.960661, -0.276748], [0.933094, -0.120229, 0.33894], [-0.358879, -0.250351, 0.899183]], [[-0.0232541, -0.960661, -0.276748], [0.994357, -0.0508865, 0.0930875], [-0.103508, -0.273022, 0.956423]]], "btipPosition": [-193.95, 143.075, -57.3143], "carpPosition": [-133.178, 104.095, 60.5905], "dipPosition": [-192.28, 138.67, -41.883], "direction": [-0.358879, 0.250351, -0.899183], "extended": true, "handId": 93, "id": 932, "length": 57.5304, "mcpPosition": [-158.195, 124.064, 11.6809], "pipPosition": [-183.518, 132.557, -19.9295], "stabilizedTipPosition": [-195.769, 141.331, -52.8791], "timeVisible": 14.0921, "tipPosition": [-190.197, 144.591, -53.8608], "tipVelocity": [139.343, 47.5859, -55.0959], "tool": false, "touchDistance": 0.333003, "touchZone": "hovering", "type": 2, "width": 15.1855}, {"bases": [[[-0.108914, -0.95657, -0.270391], [0.888706, -0.215566, 0.40464], [-0.445353, -0.196227, 0.873588]], [[-0.146156, -0.96973, -0.195608], [0.859832, -0.222308, 0.45964], [-0.489212, -0.101011, 0.866296]], [[-0.146156, -0.96973, -0.195608], [0.983465, -0.163805, 0.0772348], [-0.106939, -0.181086, 0.977636]], [[-0.146156, -0.96973, -0.195608], [0.963749, -0.0949591, -0.249339], [0.223217, -0.22496, 0.948455]]], "btipPosition": [-175.486, 116.793, -60.994], "carpPosition": [-134.384, 94.7044, 56.5519], "dipPosition": [-179.067, 113.184, -45.7792], "direction": [-0.106939, 0.181086, -0.977636], "extended": true, "handId": 93, "id": 933, "length": 55.3171, "mcpPosition": [-157.757, 105.003, 10.7053], "pipPosition": [-176.524, 108.877, -22.5267], "stabilizedTipPosition": [-177.328, 115.726, -57.5015], "timeVisible": 14.0921, "tipPosition": [-174.765, 119.127, -57.0425], "tipVelocity": [68.5203, 29.4305, -18.4237], "tool": false, "touchDistance": 0.333219, "touchZone": "hovering", "type": 3, "width": 14.45}, {"bases": [[[-0.30506, -0.923997, -0.230582], [0.818086, -0.378207, 0.433237], [-0.487518, -0.0564726, 0.871285]], [[-0.354048, -0.924865, -0.138834], [0.893633, -0.378333, 0.241423], [-0.275809, -0.0385913, 0.960438]], [[-0.354048, -0.924865, -0.138834], [0.915546, -0.312462, -0.253265], [0.190855, -0.216777, 0.957383]], [[-0.354048, -0.924865, -0.138834], [0.822992, -0.237595, -0.515977], [0.444223, -0.29694, 0.845277]]], "btipPosition": [-151.859, 96.8948, -48.405], "carpPosition": [-129.581, 84.945, 51.667], "dipPosition": [-158.433, 92.5003, -35.8956], "direction": [0.190855, 0.216777, -0.957383], "extended": true, "handId": 93, "id": 934, "length": 43.3675, "mcpPosition": [-153.265, 87.6885, 9.33918], "pipPosition": [-161.638, 88.86, -19.8185], "stabilizedTipPosition": [-153.567, 95.7269, -45.7002], "timeVisible": 14.0921, "tipPosition": [-151.012, 97.2564, -44.1665], "tipVelocity": [35.5713, 34.1387, 4.25713], "tool": false, "touchDistance": -0.262117, "touchZone": "touching", "type": 4, "width": 12.8356}], "r": [[0.392093, -0.913494, 0.108591], [0.898547, 0.405604, 0.167624], [-0.197169, 0.0318495, 0.979852]], "s": 1.33366, "t": [39.9032, -20.1278, 110.088], "timestamp": 7833129633}, {"currentFrameRate": 114.803, "devices": [], "gestures": [], "hands": [{"armBasis": [[0.161149, -0.877177, -0.452319], [0.986062, 0.123883, 0.111062], [-0.0413863, -0.463912, 0.884914]], "armWidth": 51.6826, "confidence": 1, "direction": [-0.554626, 0.313464, -0.770799], "elbow": [-107.167, -16.9985, 276.006], "grabAngle": 0.54224, "grabStrength": 0, "id": 93, "palmNormal": [0.818381, 0.0379779, -0.573419], "palmPosition": [-143.305, 115.635, 25.0786], "palmVelocity": [57.1554, 34.9604, 1.9465], "palmWidth": 76.2329, "pinchDistance": 71.298, "pinchStrength": 0, "r": [[0.397958, -0.91068, 0.110869], [0.896114, 0.411758, 0.165637], [-0.196493, 0.0334348, 0.979935]], "s": 1.33155, "sphereCenter": [-167.741, 99.76, -9.28898], "sphereRadius": 51.8709, "stabilizedPalmPosition": [-144.116, 114.766, 23.9531], "t": [-39.5197, -19.8734, 110.107], "timeVisible": 14.1011, "type": "left", "wrist": [-116.529, 87.9432, 75.8289]}], "id": 120164, "interactionBox": {"center": [0, 200, 0], "size": [235.247, 235.247, 147.751]}, "pointables": [{"bases": [[[0.900758, -0.354612, 0.25077], [0.0284408, 0.624303, 0.780664], [-0.43339, -0.696057, 0.572431]], [[0.999544, -0.00980689, -0.0285723], [0.0208646, 0.908109, 0.418214], [0.0218453, -0.418619, 0.907899]], [[0.999544, -0.00980689, -0.0285723], [0.0134149, 0.991559, 0.12896], [0.0270664, -0.129284, 0.991238]], [[0.999544, -0.00980689, -0.0285723], [0.0030218, 0.973553, -0.228442], [0.0300569, 0.228251, 0.973138]]], "btipPosition": [-107.236, 134.069, -22.6361], "carpPosition": [-109.546, 117.363, 63.9053], "dipPosition": [-107.84, 138.656, -3.08199], "direction": [0.0270664, 0.129284, -0.991238], "extended": false, "handId": 93, "id": 930, "length": 44.7461, "mcpPosition": [-109.546, 117.363, 63.9053], "pipPosition": [-108.632, 134.871, 25.9353], "stabilizedTipPosition": [-108.414, 134.92, -18.8659], "timeVisible": 14.1011, "tipPosition": [-107.436, 135.477, -17.3837], "tipVelocity": [64.8225, 34.5663, 4.54756], "tool": false, "touchDistance": 0.295422, "touchZone": "hovering", "type": 0, "width": 16.187}, {"bases": [[[0.24146, -0.882739, -0.403074], [0.886685, 0.031914, 0.461272], [-0.394319, -0.468778, 0.790417]], [[0.198094, -0.927641, -0.316607], [0.742795, -0.0686831, 0.665987], [-0.639543, -0.367102, 0.675441]], [[0.198094, -0.927641, -0.316607], [0.871759, 0.0190708, 0.489563], [-0.448101, -0.372985, 0.812458]], [[0.198094, -0.927641, -0.316607], [0.94384, 0.0933831, 0.316932], [-0.264433, -0.361609, 0.894044]]], "btipPosition": [-190.016, 168.62, -39.0967], "carpPosition": [-128.942, 113.14, 64.5131], "dipPosition": [-186.137, 163.316, -25.9816], "direction": [-0.448101, 0.372985, -0.812458], "extended": true, "handId": 93, "id": 931, "length": 50.491, "mcpPosition": [-153.247, 142.034, 15.7935], "pipPosition": [-176.838, 155.576, -9.12129], "stabilizedTipPosition": [-192.735, 165.792, -34.8037], "timeVisible": 14.1011, "tipPosition": [-185.227, 166.212, -36.3078], "tipVelocity": [164.03, 74.6556, -51.8998], "tool": false, "touchDistance": 0.332954, "touchZone": "hovering", "type": 1, "width": 15.4618}, {"bases": [[[0.031246, -0.930377, -0.36527], [0.905869, -0.128083, 0.403728], [-0.422404, -0.343502, 0.838797]], [[-0.0145865, -0.96205, -0.272482], [0.799072, -0.175028, 0.575195], [-0.601058, -0.209342, 0.771301]], [[-0.0145865, -0.96205, -0.272482], [0.935222, -0.10954, 0.33669], [-0.35376, -0.24992, 0.901329]], [[-0.0145865, -0.96205, -0.272482], [0.994542, -0.0421155, 0.0954572], [-0.10331, -0.269602, 0.957414]]], "btipPosition": [-192.734, 143.602, -57.7354], "carpPosition": [-132.865, 104.408, 60.6674], "dipPosition": [-191.067, 139.252, -42.288], "direction": [-0.35376, 0.24992, -0.901329], "extended": true, "handId": 93, "id": 932, "length": 57.5304, "mcpPosition": [-157.556, 124.487, 11.6373], "pipPosition": [-182.43, 133.15, -20.2821], "stabilizedTipPosition": [-195.246, 141.525, -53.0786], "timeVisible": 14.1011, "tipPosition": [-189.255, 145.09, -54.0463], "tipVelocity": [134.852, 59.9099, -46.3058], "tool": false, "touchDistance": 0.332984, "touchZone": "hovering", "type": 2, "width": 15.1855}, {"bases": [[[-0.0996326, -0.958465, -0.267242], [0.891859, -0.205111, 0.403133], [-0.441203, -0.198177, 0.875252]], [[-0.13658, -0.971789, -0.192281], [0.865327, -0.211523, 0.454386], [-0.482239, -0.104326, 0.869806]], [[-0.13658, -0.971789, -0.192281], [0.984649, -0.154468, 0.0812717], [-0.10868, -0.178229, 0.977969]], [[-0.13658, -0.971789, -0.192281], [0.965768, -0.0874085, -0.244237], [0.22054, -0.219057, 0.950461]]], "btipPosition": [-174.86, 117.174, -61.1538], "carpPosition": [-134.159, 95.0186, 56.6543], "dipPosition": [-178.398, 113.66, -45.9068], "direction": [-0.10868, 0.178229, -0.977969], "extended": true, "handId": 93, "id": 933, "length": 55.3171, "mcpPosition": [-157.314, 105.419, 10.7203], "pipPosition": [-175.813, 109.421, -22.6464], "stabilizedTipPosition": [-177.155, 115.793, -57.5167], "timeVisible": 14.1011, "tipPosition": [-174.025, 119.487, -57.1152], "tipVelocity": [70.5931, 44.6921, -16.9033], "tool": false, "touchDistance": 0.333201, "touchZone": "hovering", "type": 3, "width": 14.45}, {"bases": [[[-0.29601, -0.927806, -0.227056], [0.822999, -0.368388, 0.432392], [-0.48482, -0.0588744, 0.87263]], [[-0.342671, -0.929068, -0.139317], [0.899504, -0.367257, 0.236673], [-0.27105, -0.044215, 0.961549]], [[-0.342671, -0.929068, -0.139317], [0.919505, -0.301287, -0.252462], [0.19258, -0.214614, 0.957525]], [[-0.342671, -0.929068, -0.139317], [0.828872, -0.229189, -0.510337], [0.442208, -0.290354, 0.848615]]], "btipPosition": [-151.449, 97.2986, -48.4125], "carpPosition": [-129.445, 85.1951, 51.8105], "dipPosition": [-157.993, 93.0016, -35.8537], "direction": [0.19258, 0.214614, -0.957525], "extended": true, "handId": 93, "id": 934, "length": 43.3675, "mcpPosition": [-152.998, 88.0553, 9.41724], "pipPosition": [-161.227, 89.3976, -19.7742], "stabilizedTipPosition": [-153.373, 95.9112, -45.6446], "timeVisible": 14.1011, "tipPosition": [-150.556, 97.4189, -44.1336], "tipVelocity": [46.2825, 47.2851, 0.432777], "tool": false, "touchDistance": -0.262052, "touchZone": "touching", "type": 4, "width": 12.8356}], "r": [[0.397958, -0.91068, 0.110869], [0.896114, 0.411758, 0.165637], [-0.196493, 0.0334348, 0.979935]], "s": 1.33155, "t": [39.5197, -19.8734, 110.107], "timestamp": 7833138646}, {"currentFrameRate": 115.122, "devices": [], "gestures": [], "hands": [{"armBasis": [[0.171615, -0.873645, -0.455293], [0.984471, 0.13475, 0.112512], [-0.0369451, -0.467532, 0.883204]], "armWidth": 51.6826, "confidence": 1, "direction": [-0.548535, 0.319513, -0.772672], "elbow": [-108.051, -17.6908, 275.774], "grabAngle": 0.534632, "grabStrength": 0, "id": 93, "palmNormal": [0.820418, 0.0273784, -0.571109], "palmPosition": [-142.731, 116.074, 25.1602], "palmVelocity": [70.4857, 53.9299, 10.0122], "palmWidth": 76.2329, "pinchDistance": 70.8359, "pinchStrength": 0, "r": [[0.404933, -0.907384, 0.112621], [0.893205, 0.418892, 0.163445], [-0.195483, 0.0344094, 0.980103]], "s": 1.32942, "sphereCenter": [-167.179, 100.11, -9.42154], "sphereRadius": 52.0033, "stabilizedPalmPosition": [-144.065, 114.814, 23.9977], "t": [-39.0409, -19.5266, 110.158], "timeVisible": 14.1092, "type": "left", "wrist": [-116.408, 88.0699, 75.9844]}], "id": 120165, "interactionBox": {"center": [0, 200, 0], "size": [235.247, 235.247, 147.751]}, "pointables": [{"bases": [[[0.905756, -0.343286, 0.248517], [0.0229977, 0.625352, 0.780004], [-0.423175, -0.700778, 0.574311]], [[0.999585, -0.000827757, -0.0288082], [0.012824, 0.907952, 0.418877], [0.0258097, -0.419073, 0.907586]], [[0.999585, -0.000827757, -0.0288082], [0.00470852, 0.990847, 0.134906], [0.0284328, -0.134985, 0.99044]], [[0.999585, -0.000827757, -0.0288082], [-0.00544876, 0.976132, -0.217108], [0.0283003, 0.217175, 0.975722]]], "btipPosition": [-106.584, 134.539, -22.4751], "carpPosition": [-109.064, 117.425, 64.0817], "dipPosition": [-107.153, 138.903, -2.8691], "direction": [0.0284328, 0.134985, -0.99044], "extended": false, "handId": 93, "id": 930, "length": 44.7461, "mcpPosition": [-109.064, 117.425, 64.0817]