{"frames": 74, "data": [{"currentFrameRate": 115.195, "devices": [], "gestures": [], "hands": [{"armBasis": [[0.843525, 0.339746, -0.415979], [-0.00151862, 0.776011, 0.630718], [0.537088, -0.531395, 0.6551]], "armWidth": 51.6826, "confidence": 1, "direction": [0.170867, 0.782449, -0.598814], "elbow": [-158.231, 42.9226, 267.204], "grabAngle": 0.973716, "grabStrength": 0, "id": 92, "palmNormal": [0.0387783, -0.612621, -0.789425], "palmPosition": [-16.0047, 207.796, 78.2862], "palmVelocity": [10.8526, -6.25616, -11.2598], "palmWidth": 76.2329, "pinchDistance": 27.8491, "pinchStrength": 0.769004, "r": [[0.97969, 0.173152, 0.101126], [-0.188553, 0.967105, 0.170752], [-0.0682337, -0.186351, 0.980111]], "s": 0.820948, "sphereCenter": [4.59413, 191.4, 29.8764], "sphereRadius": 55.8715, "stabilizedPalmPosition": [-16.981, 211.701, 80.2042], "t": [146.91, 42.9304, 157.365], "timeVisible": 6.32875, "type": "left", "wrist": [-36.7357, 163.13, 119.014]}], "id": 116692, "interactionBox": {"center": [0, 200, 0], "size": [235.247, 235.247, 147.751]}, "pointables": [{"bases": [[[0.397515, 0.74556, 0.534904], [-0.708319, -0.121258, 0.6954], [0.583323, -0.655315, 0.479892]], [[0.0891644, 0.961876, 0.258544], [-0.918513, -0.0209834, 0.394834], [0.385206, -0.272681, 0.881624]], [[0.0891644, 0.961876, 0.258544], [-0.943817, -0.00133626, 0.330466], [0.318213, -0.273484, 0.907715]], [[0.0891644, 0.961876, 0.258544], [-0.989486, 0.0558667, 0.133402], [0.113872, -0.267721, 0.956744]]], "btipPosition": [20.9264, 189.663, 22.5033], "carpPosition": [-6.78708, 164.874, 105.171], "dipPosition": [18.6383, 184.284, 41.728], "direction": [0.318213, 0.273484, -0.907715], "extended": false, "handId": 92, "id": 920, "length": 44.7461, "mcpPosition": [-6.78708, 164.874, 105.171], "pipPosition": [9.32295, 176.278, 68.3003], "stabilizedTipPosition": [17.5965, 191.281, 27.4567], "timeVisible": 6.32875, "tipPosition": [16.9373, 187.072, 25.6556], "tipVelocity": [4.58515, -21.1197, -11.2143], "tool": false, "touchDistance": 0.319251, "touchZone": "hovering", "type": 0, "width": 16.187}, {"bases": [[[0.941865, 0.241455, -0.233644], [-0.0111588, 0.717483, 0.696487], [0.335806, -0.65339, 0.678466]], [[0.916538, 0.285823, -0.279755], [-0.183212, 0.921824, 0.341577], [0.355515, -0.261814, 0.897253]], [[0.916538, 0.285823, -0.279755], [-0.383778, 0.825404, -0.414032], [0.112571, 0.486839, 0.866207]], [[0.916538, 0.285823, -0.279755], [-0.380949, 0.41087, -0.82829], [-0.121801, 0.865731, 0.485462]]], "btipPosition": [21.8182, 209.807, 11.81], "carpPosition": [-12.5433, 182.679, 111.823], "dipPosition": [23.605, 222.507, 18.9314], "direction": [0.112571, -0.486839, -0.866207], "extended": false, "handId": 92, "id": 921, "length": 50.491, "mcpPosition": [8.15508, 222.952, 70.0039], "pipPosition": [21.2689, 232.61, 36.9072], "stabilizedTipPosition": [16.7901, 207.269, 18.597], "timeVisible": 6.32875, "tipPosition": [19.0143, 204.753, 17.5448], "tipVelocity": [44.6562, 72.9899, -51.4486], "tool": false, "touchDistance": 0.0904508, "touchZone": "hovering", "type": 1, "width": 15.4618}, {"bases": [[[0.966584, 0.0250853, -0.25512], [0.155611, 0.733455, 0.661686], [0.203718, -0.679275, 0.705042]], [[0.949325, 0.0741323, -0.305428], [0.123263, 0.806115, 0.578779], [0.289117, -0.587097, 0.756127]], [[0.949325, 0.0741323, -0.305428], [0.0508487, 0.922756, 0.382014], [0.310156, -0.378186, 0.872226]], [[0.949325, 0.0741323, -0.305428], [-0.00664435, 0.976302, 0.216312], [0.314226, -0.203321, 0.92732]]], "btipPosition": [14.5413, 263.004, 1.33676], "carpPosition": [-21.9736, 186.489, 110.097], "dipPosition": [9.47145, 259.724, 16.2986], "direction": [0.310156, 0.378186, -0.872226], "extended": true, "handId": 92, "id": 922, "length": 57.5304, "mcpPosition": [-10.0658, 226.194, 68.8855], "pipPosition": [1.89902, 250.491, 37.5939], "stabilizedTipPosition": [11.1193, 262.008, 5.39829], "timeVisible": 6.32875, "tipPosition": [14.9815, 261.298, 5.24435], "tipVelocity": [20.1751, 34.6321, 11.2863], "tool": false, "touchDistance": -0.274032, "touchZone": "touching", "type": 2, "width": 15.1855}, {"bases": [[[0.971528, -0.130512, -0.197737], [0.230686, 0.711346, 0.663906], [0.0540116, -0.690619, 0.721199]], [[0.957817, -0.0458365, -0.283699], [0.204056, 0.803603, 0.559092], [0.202354, -0.593398, 0.779058]], [[0.957817, -0.0458365, -0.283699], [0.151741, 0.919027, 0.36382], [0.24405, -0.391522, 0.887215]], [[0.957817, -0.0458365, -0.283699], [0.11673, 0.964144, 0.238328], [0.262602, -0.261391, 0.928824]]], "btipPosition": [-11.2366, 260.279, 3.76225], "carpPosition": [-31.8509, 187.766, 107.499], "dipPosition": [-15.4492, 256.086, 18.6622], "direction": [0.24405, 0.391522, -0.887215], "extended": true, "handId": 92, "id": 923, "length": 55.3171, "mcpPosition": [-29.0163, 224.01, 69.6496], "pipPosition": [-21.2538, 246.773, 39.7641], "stabilizedTipPosition": [-14.536, 263.23, 11.5816], "timeVisible": 6.32875, "tipPosition": [-11.5541, 259.95, 8.1885], "tipVelocity": [16.54, 44.011, 11.7101], "tool": false, "touchDistance": 0.0377925, "touchZone": "hovering", "type": 3, "width": 14.45}, {"bases": [[[0.919689, -0.325295, -0.219897], [0.382845, 0.618559, 0.686159], [-0.0871851, -0.71524, 0.693419]], [[0.92111, -0.198816, -0.334708], [0.32636, 0.863076, 0.385472], [0.212241, -0.464298, 0.859873]], [[0.92111, -0.198816, -0.334708], [0.215916, 0.976308, 0.0142715], [0.323941, -0.0854144, 0.942214]], [[0.92111, -0.198816, -0.334708], [0.151083, 0.974934, -0.163331], [0.358791, 0.099877, 0.928059]]], "btipPosition": [-28.7877, 232.306, 13.0361], "carpPosition": [-41.7452, 183.508, 102.385], "dipPosition": [-34.0975, 233.785, 26.7707], "direction": [0.323941, 0.0854144, -0.942214], "extended": true, "handId": 92, "id": 924, "length": 43.3675, "mcpPosition": [-45.9808, 218.255, 68.6977], "pipPosition": [-39.5374, 232.35, 42.5931], "stabilizedTipPosition": [-31.683, 234.571, 16.7683], "timeVisible": 6.32875, "tipPosition": [-33.5927, 242.324, 18.6919], "tipVelocity": [28.3197, -54.7416, -9.94282], "tool": false, "touchDistance": -0.301692, "touchZone": "touching", "type": 4, "width": 12.8356}], "r": [[0.97969, 0.173152, 0.101126], [-0.188553, 0.967105, 0.170752], [-0.0682337, -0.186351, 0.980111]], "s": 0.820948, "t": [-146.91, 42.9304, 157.365], "timestamp": 7802525756}, {"currentFrameRate": 115.141, "devices": [], "gestures": [], "hands": [{"armBasis": [[0.843923, 0.339141, -0.415665], [-0.00198523, 0.776792, 0.629754], [0.536461, -0.530638, 0.656226]], "armWidth": 51.6826, "confidence": 1, "direction": [0.17225, 0.781843, -0.599209], "elbow": [-158.107, 43.0824, 267.412], "grabAngle": 0.968047, "grabStrength": 0, "id": 92, "palmNormal": [0.0387281, -0.613206, -0.788973], "palmPosition": [-15.9564, 207.734, 78.2161], "palmVelocity": [5.5026, -7.07001, -7.99482], "palmWidth": 76.2329, "pinchDistance": 28.6078, "pinchStrength": 0.746939, "r": [[0.979421, 0.17524, 0.100128], [-0.190389, 0.966841, 0.170208], [-0.0669804, -0.185769, 0.980308]], "s": 0.822294, "sphereCenter": [4.95748, 191.679, 30.1125], "sphereRadius": 55.7368, "stabilizedPalmPosition": [-16.9767, 211.684, 80.1958], "t": [146.991, 42.861, 157.289], "timeVisible": 6.33753, "type": "left", "wrist": [-36.7542, 163.118, 118.966]}], "id": 116693, "interactionBox": {"center": [0, 200, 0], "size": [235.247, 235.247, 147.751]}, "pointables": [{"bases": [[[0.397104, 0.746379, 0.534067], [-0.707609, -0.121587, 0.696064], [0.584463, -0.654321, 0.479861]], [[0.088116, 0.962211, 0.257655], [-0.918146, -0.0218606, 0.395638], [0.386319, -0.271427, 0.881524]], [[0.088116, 0.962211, 0.257655], [-0.943646, -0.00220327, 0.330948], [0.31901, -0.272297, 0.907793]], [[0.088116, 0.962211, 0.257655], [-0.989519, 0.0548473, 0.133581], [0.114401, -0.266725, 0.956959]]], "btipPosition": [20.9842, 189.502, 22.4676], "carpPosition": [-6.80976, 164.82, 105.138], "dipPosition": [18.6854, 184.142, 41.6966], "direction": [0.31901, 0.272297, -0.907793], "extended": false, "handId": 92, "id": 920, "length": 44.7461, "mcpPosition": [-6.80976, 164.82, 105.138], "pipPosition": [9.34681, 176.171, 68.2712], "stabilizedTipPosition": [17.7107, 191.16, 27.4341], "timeVisible": 6.33753, "tipPosition": [17.0106, 186.939, 25.6287], "tipVelocity": [6.30918, -17.8545, -3.94585], "tool": false, "touchDistance": 0.318674, "touchZone": "hovering", "type": 0, "width": 16.187}, {"bases": [[[0.941397, 0.242367, -0.234583], [-0.0114046, 0.717947, 0.696004], [0.337107, -0.652541, 0.678637]], [[0.916247, 0.286256, -0.280267], [-0.181297, 0.920136, 0.347103], [0.357244, -0.26722, 0.894969]], [[0.916247, 0.286256, -0.280267], [-0.382489, 0.833127, -0.399502], [0.119138, 0.473242, 0.872839]], [[0.916247, 0.286256, -0.280267], [-0.384617, 0.432826, -0.815311], [-0.112081, 0.854821, 0.506674]]], "btipPosition": [22.2332, 210.353, 11.3848], "carpPosition": [-12.5511, 182.636, 111.773], "dipPosition": [23.8774, 222.893, 18.8174], "direction": [0.119138, -0.473242, -0.872839], "extended": false, "handId": 92, "id": 921, "length": 50.491, "mcpPosition": [8.22742, 222.857, 69.9432], "pipPosition": [21.405, 232.714, 36.9307], "stabilizedTipPosition": [17.0621, 207.548, 18.3399], "timeVisible": 6.33753, "tipPosition": [19.2814, 205.035, 17.2883], "tipVelocity": [43.544, 58.0588, -40.2975], "tool": false, "touchDistance": 0.0845559, "touchZone": "hovering", "type": 1, "width": 15.4618}, {"bases": [[[0.966345, 0.026011, -0.255931], [0.155318, 0.734086, 0.661056], [0.20507, -0.678559, 0.70534]], [[0.948972, 0.0750466, -0.306302], [0.124126, 0.803988, 0.581546], [0.289906, -0.589891, 0.753646]], [[0.948972, 0.0750466, -0.306302], [0.0520567, 0.920671, 0.386852], [0.311036, -0.383056, 0.869784]], [[0.948972, 0.0750466, -0.306302], [-0.00543791, 0.975022, 0.222041], [0.315315, -0.209045, 0.925676]]], "btipPosition": [14.69, 263.256, 1.44769], "carpPosition": [-21.9757, 186.455, 110.037], "dipPosition": [9.60259, 259.883, 16.383], "direction": [0.311036, 0.383056, -0.869784], "extended": true, "handId": 92, "id": 922, "length": 57.5304, "mcpPosition": [-9.9888, 226.119, 68.8076], "pipPosition": [2.00867, 250.531, 37.6187], "stabilizedTipPosition": [11.3227, 262.048, 5.35461], "timeVisible": 6.33753, "tipPosition": [15.1062, 261.186, 5.15539], "tipVelocity": [16.4817, 26.2451, 11.9429], "tool": false, "touchDistance": -0.272285, "touchZone": "touching", "type": 2, "width": 15.1855}, {"bases": [[[0.971514, -0.129541, -0.198445], [0.23042, 0.712063, 0.663229], [0.0553902, -0.690062, 0.721628]], [[0.957573, -0.0446871, -0.284704], [0.204456, 0.801574, 0.561851], [0.203104, -0.596223, 0.776702]], [[0.957573, -0.0446871, -0.284704], [0.152578, 0.916701, 0.369296], [0.244486, -0.397068, 0.884627]], [[0.957573, -0.0446871, -0.284704], [0.118065, 0.962027, 0.246099], [0.262896, -0.269271, 0.926488]]], "btipPosition": [-11.1189, 260.592, 3.8597], "carpPosition": [-31.8494, 187.742, 107.429], "dipPosition": [-15.3362, 256.273, 18.7222], "direction": [0.244486, 0.397068, -0.884627], "extended": true, "handId": 92, "id": 923, "length": 55.3171, "mcpPosition": [-28.9424, 223.957, 69.5576], "pipPosition": [-21.1512, 246.829, 39.7625], "stabilizedTipPosition": [-14.4696, 263.132, 11.4647], "timeVisible": 6.33753, "tipPosition": [-11.409, 259.828, 8.06303], "tipVelocity": [13.2846, 32.4073, 10.121], "tool": false, "touchDistance": 0.0392731, "touchZone": "hovering", "type": 3, "width": 14.45}, {"bases": [[[0.919879, -0.324398, -0.22043], [0.382703, 0.619465, 0.685421], [-0.085801, -0.714863, 0.693981]], [[0.921061, -0.198, -0.335325], [0.325341, 0.864477, 0.383188], [0.214009, -0.462034, 0.860653]], [[0.921061, -0.198, -0.335325], [0.211083, 0.977465, 0.00263086], [0.327247, -0.0732046, 0.942099]], [[0.921061, -0.198, -0.335325], [0.142689, 0.972801, -0.182478], [0.362335, 0.120226, 0.924261]]], "btipPosition": [-28.558, 231.697, 12.9686], "carpPosition": [-41.7444, 183.491, 102.31], "dipPosition": [-33.9202, 233.476, 26.6469], "direction": [0.327247, 0.0732046, -0.942099], "extended": true, "handId": 92, "id": 924, "length": 43.3675, "mcpPosition": [-45.9127, 218.22, 68.5958], "pipPosition": [-39.4156, 232.247, 42.4674], "stabilizedTipPosition": [-31.2927, 234.062, 16.6334], "timeVisible": 6.33753, "tipPosition": [-33.3472, 241.94, 18.5103], "tipVelocity": [24.8034, -61.54, -9.16518], "tool": false, "touchDistance": -0.301063, "touchZone": "touching", "type": 4, "width": 12.8356}], "r": [[0.979421, 0.17524, 0.100128], [-0.190389, 0.966841, 0.170208], [-0.0669804, -0.185769, 0.980308]], "s": 0.822294, "t": [-146.991, 42.861, 157.289], "timestamp": 7802534533}, {"currentFrameRate": 115.025, "devices": [], "gestures": [], "hands": [{"armBasis": [[0.844376, 0.338597, -0.415188], [-0.00244054, 0.777388, 0.629017], [0.535745, -0.530113, 0.657234]], "armWidth": 51.6826, "confidence": 1, "direction": [0.173324, 0.781588, -0.599232], "elbow": [-157.961, 43.1952, 267.595], "grabAngle": 0.961654, "grabStrength": 0, "id": 92, "palmNormal": [0.0386598, -0.613371, -0.788848], "palmPosition": [-15.9222, 207.702, 78.167], "palmVelocity": [3.85597, -3.65978, -5.52532], "palmWidth": 76.2329, "pinchDistance": 29.3361, "pinchStrength": 0.725758, "r": [[0.979183, 0.177089, 0.0992016], [-0.192012, 0.966598, 0.169766], [-0.0658243, -0.18528, 0.980479]], "s": 0.823703, "sphereCenter": [5.32596, 192.012, 30.3574], "sphereRadius": 55.6218, "stabilizedPalmPosition": [-16.9728, 211.669, 80.1882], "t": [147.05, 42.81, 157.226], "timeVisible": 6.34642, "type": "left", "wrist": [-36.7694, 163.112, 118.922]}], "id": 116694, "interactionBox": {"center": [0, 200, 0], "size": [235.247, 235.247, 147.751]}, "pointables": [{"bases": [[[0.396759, 0.746825, 0.533699], [-0.707071, -0.12211, 0.69652], [0.585349, -0.653713, 0.47961]], [[0.087276, 0.962378, 0.257317], [-0.91783, -0.0227309, 0.396321], [0.38726, -0.270763, 0.881316]], [[0.087276, 0.962378, 0.257317], [-0.943545, -0.002995, 0.33123], [0.319539, -0.271699, 0.907785]], [[0.087276, 0.962378, 0.257317], [-0.989586, 0.054076, 0.133398], [0.114465, -0.26628, 0.957075]]], "btipPosition": [21.0193, 189.411, 22.4378], "carpPosition": [-6.83076, 164.783, 105.102], "dipPosition": [18.7193, 184.061, 41.6692], "direction": [0.319539, 0.271699, -0.907785], "extended": false, "handId": 92, "id": 920, "length": 44.7461, "mcpPosition": [-6.83076, 164.783, 105.102], "pipPosition": [9.36514, 176.107, 68.2435], "stabilizedTipPosition": [17.8191, 191.044, 27.4118], "timeVisible": 6.34642, "tipPosition": [17.0631, 186.87, 25.605], "tipVelocity": [3.91563, -9.94942, -3.29241], "tool": false, "touchDistance": 0.318186, "touchZone": "hovering", "type": 0, "width": 16.187}, {"bases": [[[0.941034, 0.243178, -0.235202], [-0.0116246, 0.718052, 0.695892], [0.338113, -0.652124, 0.678538]], [[0.916103, 0.286581, -0.280404], [-0.179347, 0.918395, 0.352683], [0.358593, -0.272805, 0.892742]], [[0.916103, 0.286581, -0.280404], [-0.380925, 0.840329, -0.385672], [0.125105, 0.460128, 0.878994]], [[0.916103, 0.286581, -0.280404], [-0.387728, 0.455148, -0.801565], [-0.102088, 0.843037, 0.528078]]], "btipPosition": [22.6064, 210.949, 10.9885], "carpPosition": [-12.5601, 182.606, 111.73], "dipPosition": [24.104, 223.316, 18.735], "direction": [0.125105, -0.460128, -0.878994], "extended": false, "handId": 92, "id": 921, "length": 50.491, "mcpPosition": [8.28043, 222.801, 69.9064], "pipPosition": [21.5078, 232.864, 36.9761], "stabilizedTipPosition": [17.3398, 207.843, 18.0772], "timeVisible": 6.34642, "tipPosition": [19.521, 205.378, 17.0489], "tipVelocity": [38.182, 62.4782, -36.4519], "tool": false, "touchDistance": 0.0791544, "touchZone": "hovering", "type": 1, "width": 15.4618}, {"bases": [[[0.966164, 0.0268405, -0.25653], [0.155062, 0.734335, 0.660839], [0.206116, -0.678256, 0.705326]], [[0.948657, 0.0759927, -0.307041], [0.125017, 0.801591, 0.584656], [0.290551, -0.593023, 0.750935]], [[0.948657, 0.0759927, -0.307041], [0.0533414, 0.918373, 0.392105], [0.311775, -0.388351, 0.867167]], [[0.948657, 0.0759927, -0.307041], [-0.00408037, 0.97357, 0.228352], [0.316279, -0.215375, 0.923895]]], "btipPosition": [14.807, 263.578, 1.60403], "carpPosition": [-21.9802, 186.433, 109.987], "dipPosition": [9.70398, 260.103, 16.5106], "direction": [0.311775, 0.388351, -0.867167], "extended": true, "handId": 92, "id": 922, "length": 57.5304, "mcpPosition": [-9.93214, 226.079, 68.7591], "pipPosition": [2.092, 250.621, 37.6824], "stabilizedTipPosition": [11.516, 262.109, 5.32767], "timeVisible": 6.34642, "tipPosition": [15.1905, 261.158, 5.11427], "tipVelocity": [12.7514, 33.5218, 16.8408], "tool": false, "touchDistance": -0.26979, "touchZone": "touching", "type": 2, "width": 15.1855}, {"bases": [[[0.971508, -0.128697, -0.199021], [0.230185, 0.712381, 0.662969], [0.0564567, -0.689892, 0.721708]], [[0.957352, -0.043524, -0.285628], [0.204923, 0.79919, 0.565068], [0.203677, -0.599501, 0.774025]], [[0.957352, -0.043524, -0.285628], [0.153531, 0.914096, 0.375308], [0.244756, -0.403155, 0.881794]], [[0.957352, -0.043524, -0.285628], [0.119503, 0.959713, 0.254302], [0.263052, -0.27759, 0.923985]]], "btipPosition": [-11.0337, 260.974, 4.01014], "carpPosition": [-31.8511, 187.729, 107.374], "dipPosition": [-15.2536, 256.521, 18.8324], "direction": [0.244756, 0.403155, -0.881794], "extended": true, "handId": 92, "id": 923, "length": 55.3171, "mcpPosition": [-28.8882, 223.935, 69.4978], "pipPosition": [-21.0749, 246.932, 39.8054], "stabilizedTipPosition": [-14.4027, 263.046, 11.355], "timeVisible": 6.34642, "tipPosition": [-11.3054, 259.784, 7.99111], "tipVelocity": [9.51645, 39.4771, 15.8813], "tool": false, "touchDistance": 0.0416264, "touchZone": "hovering", "type": 3, "width": 14.45}, {"bases": [[[0.920035, -0.323605, -0.220942], [0.382565, 0.619924, 0.685083], [-0.0847291, -0.714825, 0.694151]], [[0.921006, -0.196942, -0.336099], [0.324742, 0.864695, 0.383204], [0.215154, -0.462079, 0.860344]], [[0.921006, -0.196942, -0.336099], [0.207051, 0.978313, -0.00587788], [0.329968, -0.0641761, 0.941808]], [[0.921006, -0.196942, -0.336099], [0.135195, 0.970761, -0.198358], [0.365337, 0.137249, 0.920702]]], "btipPosition": [-28.3834, 231.288, 12.9663], "carpPosition": [-41.7468, 183.486, 102.249], "dipPosition": [-33.7901, 233.319, 26.5919], "direction": [0.329968, 0.0641761, -0.941808], "extended": true, "handId": 92, "id": 924, "length": 43.3675, "mcpPosition": [-45.863, 218.213, 68.5265], "pipPosition": [-39.3312, 232.241, 42.4075], "stabilizedTipPosition": [-30.9461, 233.582, 16.5225], "timeVisible": 6.34642, "tipPosition": [-33.1671, 241.693, 18.3941], "tipVelocity": [18.4848, -39.5185, -1.62417], "tool": false, "touchDistance": -0.299507, "touchZone": "touching", "type": 4, "width": 12.8356}], "r": [[0.979183, 0.177089, 0.0992016], [-0.192012, 0.966598, 0.169766], [-0.0658243, -0.18528, 0.980479]], "s": 0.823703, "t": [-147.05, 42.81, 157.226], "timestamp": 7802543424}, {"currentFrameRate": 115.169, "devices": [], "gestures": [], "hands": [{"armBasis": [[0.844939, 0.337491, -0.414944], [-0.00232397, 0.778104, 0.628132], [0.534858, -0.529768, 0.658234]], "armWidth": 51.6826, "confidence": 1, "direction": [0.174179, 0.781101, -0.599619], "elbow": [-157.796, 43.2877, 267.762], "grabAngle": 0.954592, "grabStrength": 0, "id": 92, "palmNormal": [0.0390674, -0.613929, -0.788394], "palmPosition": [-15.9205, 207.68, 78.0869], "palmVelocity": [0.19482, -2.54984, -9.49251], "palmWidth": 76.2329, "pinchDistance": 29.9406, "pinchStrength": 0.708177, "r": [[0.97899, 0.178667, 0.0982678], [-0.193366, 0.966407, 0.169314], [-0.0647159, -0.184758, 0.980651]], "s": 0.825226, "sphereCenter": [5.72576, 192.299, 30.5715], "sphereRadius": 55.5485, "stabilizedPalmPosition": [-16.9701, 211.659, 80.1829], "t": [147.079, 42.7738, 157.155], "timeVisible": 6.35486, "type": "left", "wrist": [-36.8055, 163.127, 118.863]}], "id": 116695, "interactionBox": {"center": [0, 200, 0], "size": [235.247, 235.247, 147.751]}, "pointables": [{"bases": [[[0.396889, 0.747364, 0.532846], [-0.706421, -0.121941, 0.697209], [0.586045, -0.653129, 0.479557]], [[0.0870364, 0.962606, 0.256545], [-0.917468, -0.02289, 0.397151], [0.388172, -0.269938, 0.881167]], [[0.0870364, 0.962606, 0.256545], [-0.943383, -0.00310125, 0.331692], [0.320084, -0.270889, 0.907835]], [[0.0870364, 0.962606, 0.256545], [-0.989621, 0.0539856, 0.133178], [0.114348, -0.265473, 0.957313]]], "btipPosition": [21.0309, 189.33, 22.3949], "carpPosition": [-6.87095, 164.776, 105.059], "dipPosition": [18.7332, 183.995, 41.631], "direction": [0.320084, 0.270889, -0.907835], "extended": false, "handId": 92, "id": 920, "length": 44.7461, "mcpPosition": [-6.87095, 164.776, 105.059], "pipPosition": [9.36311, 176.066, 68.2068], "stabilizedTipPosition": [17.9105, 190.944, 27.3916], "timeVisible": 6.35486, "tipPosition": [17.1066, 186.8, 25.5697], "tipVelocity": [1.43672, -9.20386, -4.95794], "tool": false, "touchDistance": 0.317489, "touchZone": "hovering", "type": 0, "width": 16.187}, {"bases": [[[0.940726, 0.243427, -0.236175], [-0.0113423, 0.718524, 0.69541], [0.338979, -0.651511, 0.678695]], [[0.915912, 0.286513, -0.281097], [-0.177532, 0.917278, 0.356489], [0.359983, -0.276609, 0.891011]], [[0.915912, 0.286513, -0.281097], [-0.379639, 0.845741, -0.374962], [0.130304, 0.450147, 0.883396]], [[0.915912, 0.286513, -0.281097], [-0.390647, 0.475455, -0.788249], [-0.0921943, 0.831777, 0.547401]]], "btipPosition": [22.926, 211.424, 10.6078], "carpPosition": [-12.5982, 182.606, 111.67], "dipPosition": [24.2784, 223.625, 18.6378], "direction": [0.130304, -0.450147, -0.883396], "extended": false, "handId": 92, "id": 921, "length": 50.491, "mcpPosition": [8.29573, 222.764, 69.8367], "pipPosition": [21.5743, 232.967, 36.9703], "stabilizedTipPosition": [17.5929, 208.117, 17.8359], "timeVisible": 6.35486, "tipPosition": [19.7201, 205.655, 16.8194], "tipVelocity": [33.9176, 51.7768, -37.3839], "tool": false, "touchDistance": 0.0738969, "touchZone": "hovering", "type": 1, "width": 15.4618}, {"bases": [[[0.965932, 0.0270862, -0.257376], [0.155307, 0.734856, 0.660202], [0.207017, -0.677682, 0.705614]], [[0.948252, 0.0764607, -0.308175], [0.126257, 0.799743, 0.586916], [0.291337, -0.595454, 0.748704]], [[0.948252, 0.0764607, -0.308175], [0.0548857, 0.916491, 0.396272], [0.312739, -0.39268, 0.864868]], [[0.948252, 0.0764607, -0.308175], [-0.00250609, 0.972345, 0.233535], [0.317508, -0.220678, 0.92222]]], "btipPosition": [14.9006, 263.839, 1.69195], "carpPosition": [-22.0151, 186.436, 109.917], "dipPosition": [9.77774, 260.278, 16.5715], "direction": [0.312739, 0.39268, -0.864868], "extended": true, "handId": 92, "id": 922, "length": 57.5304, "mcpPosition": [-9.91441, 226.049, 68.6715], "pipPosition": [2.14224, 250.691, 37.6872], "stabilizedTipPosition": [11.6917, 262.182, 5.31067], "timeVisible": 6.35486, "tipPosition": [15.2407, 261.12, 5.02639], "tipVelocity": [10.5515, 28.6278, 9.68329], "tool": false, "touchDistance": -0.268428, "touchZone": "touching", "type": 2, "width": 15.1855}, {"bases": [[[0.971393, -0.12841, -0.199765], [0.230441, 0.712936, 0.662283], [0.0573763, -0.689372, 0.722132]], [[0.957003, -0.0428122, -0.286902], [0.205824, 0.797162, 0.567599], [0.204408, -0.602245, 0.771698]], [[0.957003, -0.0428122, -0.286902], [0.154859, 0.91172, 0.380506], [0.245284, -0.408575, 0.879149]], [[0.957003, -0.0428122, -0.286902], [0.121262, 0.957528, 0.261601], [0.263517, -0.285143, 0.921549]]], "btipPosition": [-10.9695, 261.307, 4.09906], "carpPosition": [-31.8832, 187.734, 107.294], "dipPosition": [-15.1968, 256.733, 18.8823], "direction": [0.245284, 0.408575, -0.879149], "extended": true, "handId": 92, "id": 923, "length": 55.3171, "mcpPosition": [-28.872, 223.913, 69.3955], "pipPosition": [-21.0307, 247.016, 39.7923], "stabilizedTipPosition": [-14.339, 262.973, 11.2552], "timeVisible": 6.35486, "tipPosition": [-11.2406, 259.728, 7.86887], "tipVelocity": [7.40809, 36.2283, 9.47326], "tool": false, "touchDistance": 0.0429587, "touchZone": "hovering", "type": 3, "width": 14.45}, {"bases": [[[0.919987, -0.323355, -0.221508], [0.382881, 0.62056, 0.68433], [-0.0838221, -0.714385, 0.694714]], [[0.920766, -0.196388, -0.337079], [0.325063, 0.863962, 0.384583], [0.215696, -0.463682, 0.859345]], [[0.920766, -0.196388, -0.337079], [0.204886, 0.978729, -0.0105567], [0.331982, -0.0593426, 0.941417]], [[0.920766, -0.196388, -0.337079], [0.129943, 0.969101, -0.209662], [0.367838, 0.149249, 0.917834]]], "btipPosition": [-28.2816, 231.063, 12.9327], "carpPosition": [-41.7763, 183.493, 102.163], "dipPosition": [-33.7253, 233.271, 26.5159], "direction": [0.331982, 0.0593426, -0.941417], "extended": true, "handId": 92, "id": 924, "length": 43.3675, "mcpPosition": [-45.8485, 218.198, 68.4135], "pipPosition": [-39.3002, 232.275, 42.3249], "stabilizedTipPosition": [-30.6755, 233.197, 16.4333], "timeVisible": 6.35486, "tipPosition": [-33.0654, 241.542, 18.2548], "tipVelocity": [11.054, -21.8409, -5.14253], "tool": false, "touchDistance": -0.29854, "touchZone": "touching", "type": 4, "width": 12.8356}], "r": [[0.97899, 0.178667, 0.0982678], [-0.193366, 0.966407, 0.169314], [-0.0647159, -0.184758, 0.980651]], "s": 0.825226, "t": [-147.079, 42.7738, 157.155], "timestamp": 7802551862}, {"currentFrameRate": 114.084, "devices": [], "gestures": [], "hands": [{"armBasis": [[0.845672, 0.335947, -0.414702], [-0.00180278, 0.778822, 0.627242], [0.533699, -0.529694, 0.659234]], "armWidth": 51.6826, "confidence": 1, "direction": [0.175021, 0.780786, -0.599784], "elbow": [-157.568, 43.3605, 267.923], "grabAngle": 0.945332, "grabStrength": 0, "id": 92, "palmNormal": [0.0399283, -0.614314, -0.788051], "palmPosition": [-15.9184, 207.714, 78.0145], "palmVelocity": [0.197284, 3.17876, -6.81483], "palmWidth": 76.2329, "pinchDistance": 30.5868, "pinchStrength": 0.689383, "r": [[0.978852, 0.179967, 0.0972663], [-0.194437, 0.966263, 0.168907], [-0.0635871, -0.184247, 0.980821]], "s": 0.826969, "sphereCenter": [6.2226, 192.711, 30.8427], "sphereRadius": 55.4791, "stabilizedPalmPosition": [-16.9676, 211.65, 80.1778], "t": [147.095, 42.7726, 157.083], "timeVisible": 6.36548, "type": "left", "wrist": [-36.8392, 163.183, 118.797]}], "id": 116696, "interactionBox": {"center": [0, 200, 0], "size": [235.247, 235.247, 147.751]}, "pointables": [{"bases": [[[0.397421, 0.74768, 0.532007], [-0.705559, -0.121711, 0.698121], [0.586722, -0.65281, 0.479162]], [[0.0872019, 0.962742, 0.255976], [-0.916978, -0.0228397, 0.398283], [0.38929, -0.269456, 0.880822]], [[0.0872019, 0.962742, 0.255976], [-0.943152, -0.00293801, 0.332348], [0.320717, -0.270406, 0.907756]], [[0.0872019, 0.962742, 0.255976], [-0.989624, 0.0542645, 0.133037], [0.11419, -0.264922, 0.957485]]], "btipPosition": [21.056, 189.33, 22.3674], "carpPosition": [-6.90791, 164.822, 105.018], "dipPosition": [18.7615, 184.007, 41.607], "direction": [0.320717, 0.270406, -0.907756], "extended": false, "handId": 92, "id": 920, "length": 44.7461, "mcpPosition": [-6.90791, 164.822, 105.018], "pipPosition": [9.37289, 176.091, 68.1805], "stabilizedTipPosition": [17.9992, 190.848, 27.3713], "timeVisible": 6.36548, "tipPosition": [17.1771, 186.807, 25.5503], "tipVelocity": [2.43552, 0.237128, -2.51385], "tool": false, "touchDistance": 0.317044, "touchZone": "hovering", "type": 0, "width": 16.187}, {"bases": [[[0.940403, 0.243454, -0.237429], [-0.0106095, 0.718857, 0.695077], [0.339897, -0.651134, 0.678598]], [[0.915735, 0.286189, -0.282003], [-0.175125, 0.916003, 0.360928], [0.361609, -0.281129, 0.888935]], [[0.915735, 0.286189, -0.282003], [-0.37809, 0.851273, -0.363843], [0.135933, 0.439806, 0.887746]], [[0.915735, 0.286189, -0.282003], [-0.39361, 0.498153, -0.772603], [-0.0806303, 0.818498, 0.568823]]], "btipPosition": [23.2867, 212.026, 10.2295], "carpPosition": [-12.6405, 182.655, 111.614], "dipPosition": [24.4695, 224.033, 18.5738], "direction": [0.135933, -0.439806, -0.887746], "extended": false, "handId": 92, "id": 921, "length": 50.491, "mcpPosition": [8.31005, 222.79, 69.7864], "pipPosition": [21.6486, 233.16, 36.9965], "stabilizedTipPosition": [17.909, 208.47, 17.5346], "timeVisible": 6.36548, "tipPosition": [19.9571, 206.046, 16.5923], "tipVelocity": [30.3064, 52.5065, -28.8217], "tool": false, "touchDistance": 0.0687969, "touchZone": "hovering", "type": 1, "width": 15.4618}, {"bases": [[[0.965616, 0.0271068, -0.258557], [0.155994, 0.735197, 0.65966], [0.207971, -0.677312, 0.705689]], [[0.947754, 0.0767298, -0.309638], [0.128119, 0.797363, 0.589744], [0.292145, -0.598602, 0.745873]], [[0.947754, 0.0767298, -0.309638], [0.0571422, 0.914108, 0.401424], [0.313844, -0.398144, 0.861965]], [[0.947754, 0.0767298, -0.309638], [-0.000193777, 0.97078, 0.239971], [0.319003, -0.227373, 0.920075]]], "btipPosition": [15.0013, 264.239, 1.84069], "carpPosition": [-22.0547, 186.486, 109.847], "dipPosition": [9.85439, 260.57, 16.6856], "direction": [0.313844, 0.398144, -0.861965], "extended": true, "handId": 92, "id": 922, "length": 57.5304, "mcpPosition": [-9.89818, 226.077, 68.5976], "pipPosition": [2.19192, 250.85, 37.7304], "stabilizedTipPosition": [11.9022, 262.302, 5.30516], "timeVisible": 6.36548, "tipPosition": [15.2965, 261.178, 4.97416], "tipVelocity": [8.96891, 35.3417, 13.2601], "tool": false, "touchDistance": -0.266081, "touchZone": "touching", "type": 2, "width": 15.1855}, {"bases": [[[0.97117, -0.128361, -0.200878], [0.231135, 0.713289, 0.661661], [0.0583527, -0.689016, 0.722393]], [[0.956519, -0.0422448, -0.288595], [0.207283, 0.79456, 0.570709], [0.205196, -0.605715, 0.768768]], [[0.956519, -0.0422448, -0.288595], [0.156857, 0.908695, 0.386872], [0.245901, -0.415319, 0.87581]], [[0.956519, -0.0422448, -0.288595], [0.123723, 0.954792, 0.270305], [0.264129, -0.294258, 0.918503]]], "btipPosition": [-10.8997, 261.779, 4.24392], "carpPosition": [-31.9194, 187.784, 107.211], "dipPosition": [-15.1368, 257.058, 18.9783], "direction": [0.245901, 0.415319, -0.87581], "extended": true, "handId": 92, "id": 923, "length": 55.3171, "mcpPosition": [-28.857, 223.944, 69.2997], "pipPosition": [-20.9854, 247.18, 39.8089], "stabilizedTipPosition": [-14.2586, 262.899, 11.137], "timeVisible": 6.36548, "tipPosition": [-11.1691, 259.758, 7.77259], "tipVelocity": [6.36125, 41.2145, 12.5856], "tool": false, "touchDistance": 0.0451857, "touchZone": "hovering", "type": 3, "width": 14.45}, {"bases": [[[0.919767, -0.323324, -0.222464], [0.383615, 0.620947, 0.683568], [-0.082875, -0.714064, 0.695158]], [[0.920323, -0.195769, -0.338646], [0.325937, 0.862462, 0.387201], [0.216267, -0.466727, 0.857551]], [[0.920323, -0.195769, -0.338646], [0.203612, 0.978971, -0.0125878], [0.333989, -0.0573676, 0.94083]], [[0.920323, -0.195769, -0.338646], [0.12582, 0.967895, -0.217597], [0.370372, 0.157651, 0.915407]]], "btipPosition": [-28.1777, 231.031, 12.9193], "carpPosition": [-41.8069, 183.542, 102.071], "dipPosition": [-33.6589, 233.364, 26.4666], "direction": [0.333989, 0.0573676, -0.94083], "extended": true, "handId": 92, "id": 924, "length": 43.3675, "mcpPosition": [-45.8331, 218.232, 68.2999], "pipPosition": [-39.2675, 232.401, 42.2658], "stabilizedTipPosition": [-30.401, 232.835, 16.3449], "timeVisible": 6.36548, "tipPosition": [-32.9669, 241.496, 18.1342], "tipVelocity": [8.97777, -0.273041, -2.0343], "tool": false, "touchDistance": -0.297344, "touchZone": "touching", "type": 4, "width": 12.8356}], "r": [[0.978852, 0.179967, 0.0972663], [-0.194437, 0.966263, 0.168907], [-0.0635871, -0.184247, 0.980821]], "s": 0.826969, "t": [-147.095, 42.7726, 157.083], "timestamp": 7802562479}, {"currentFrameRate": 115.238, "devices": [], "gestures": [], "hands": [{"armBasis": [[0.846273, 0.334782, -0.414418], [-0.00138349, 0.779265, 0.626693], [0.532747, -0.52978, 0.659934]], "armWidth": 51.6826, "confidence": 1, "direction": [0.175736, 0.780248, -0.600275], "elbow": [-157.43, 43.3829, 268.019], "grabAngle": 0.937069, "grabStrength": 0, "id": 92, "palmNormal": [0.0405065, -0.614979, -0.787503], "palmPosition": [-15.9657, 207.722, 77.9298], "palmVelocity": [-7.05172, 1.19784, -12.6268], "palmWidth": 76.2329, "pinchDistance": 30.9734, "pinchStrength": 0.678139, "r": [[0.978749, 0.181066, 0.0962571], [-0.195306, 0.966167, 0.168457], [-0.0624986, -0.183677, 0.980998]], "s": 0.828751, "sphereCenter": [6.58155, 192.942, 31.004], "sphereRadius": 55.4756, "stabilizedPalmPosition": [-16.9664, 211.645, 80.175], "t": [147.08, 42.776, 157.005], "timeVisible": 6.37219, "type": "left", "wrist": [-36.9166, 163.225, 118.735]}], "id": 116697, "interactionBox": {"center": [0, 200, 0], "size": [235.247, 235.247, 147.751]}, "pointables": [{"bases": [[[0.397738, 0.74821, 0.531024], [-0.7049, -0.121285, 0.698861], [0.5873, -0.652282, 0.479173]], [[0.0873388, 0.962934, 0.255208], [-0.916667, -0.0226081, 0.399011], [0.389991, -0.26879, 0.880715]], [[0.0873388, 0.962934, 0.255208], [-0.943092, -0.00258916, 0.33252], [0.320856, -0.269726, 0.907909]], [[0.0873388, 0.962934, 0.255208], [-0.989709, 0.0547268, 0.132213], [0.113346, -0.264129, 0.957804]]], "btipPosition": [20.9912, 189.295, 22.3201], "carpPosition": [-6.98916, 164.85, 104.977], "dipPosition": [18.7137, 183.987, 41.5661], "direction": [0.320856, 0.269726, -0.907909], "extended": false, "handId": 92, "id": 920, "length": 44.7461, "mcpPosition": [-6.98916, 164.85, 104.977], "pipPosition": [9.32097, 176.091, 68.1441], "stabilizedTipPosition": [18.0484, 190.793, 27.3588], "timeVisible": 6.37219, "tipPosition": [17.1853, 186.769, 25.5178], "tipVelocity": [-9.07967, -4.69131, -6.83163], "tool": false, "touchDistance": 0.31628, "touchZone": "hovering", "type": 0, "width": 16.187}, {"bases": [[[0.940134, 0.243463, -0.238483], [-0.0101386, 0.719433, 0.694488], [0.340655, -0.650494, 0.678831]], [[0.915571, 0.285911, -0.282815], [-0.173748, 0.915451, 0.362989], [0.362686, -0.283204, 0.887837]], [[0.915571, 0.285911, -0.282815], [-0.377345, 0.85395, -0.3583], [0.139068, 0.434768, 0.88974]], [[0.915571, 0.285911, -0.282815], [-0.395545, 0.513232, -0.761667], [-0.0726198, 0.809227, 0.582991]]], "btipPosition": [23.4725, 212.339, 9.94552], "carpPosition": [-12.7237, 182.691, 111.553], "dipPosition": [24.5377, 224.21, 18.4976], "direction": [0.139068, -0.434768, -0.88974], "extended": false, "handId": 92, "id": 921, "length": 50.491, "mcpPosition": [8.27351, 222.786, 69.7111], "pipPosition": [21.6518, 233.232, 36.9617], "stabilizedTipPosition": [18.0923, 208.679, 17.3572], "timeVisible": 6.37219, "tipPosition": [20.0641, 206.234, 16.4194], "tipVelocity": [23.6523, 41.9852, -35.2097], "tool": false, "touchDistance": 0.0648599, "touchZone": "hovering", "type": 1, "width": 15.4618}, {"bases": [[[0.965375, 0.027104, -0.259454], [0.15643, 0.73578, 0.658906], [0.20876, -0.676678, 0.706064]], [[0.947345, 0.0769469, -0.310831], [0.129362, 0.795997, 0.591316], [0.292921, -0.60039, 0.74413]], [[0.947345, 0.0769469, -0.310831], [0.0586527, 0.912579, 0.404671], [0.314797, -0.401594, 0.860015]], [[0.947345, 0.0769469, -0.310831], [0.00133291, 0.969743, 0.244124], [0.320211, -0.231684, 0.918579]]], "btipPosition": [15.0415, 264.466, 1.89006], "carpPosition": [-22.1355, 186.522, 109.774], "dipPosition": [9.87505, 260.727, 16.7108], "direction": [0.314797, 0.401594, -0.860015], "extended": true, "handId": 92, "id": 922, "length": 57.5304, "mcpPosition": [-9.93291, 226.076, 68.5031], "pipPosition": [2.18931, 250.923, 37.708], "stabilizedTipPosition": [12.0284, 262.386, 5.30475], "timeVisible": 6.37219, "tipPosition": [15.2977, 261.168, 4.88181], "tipVelocity": [5.3158, 31.3972, 6.53126], "tool": false, "touchDistance": -0.265351, "touchZone": "touching", "type": 2, "width": 15.1855}, {"bases": [[[0.971016, -0.128314, -0.201651], [0.231577, 0.71389, 0.660858], [0.0591592, -0.688401, 0.722913]], [[0.956149, -0.0418169, -0.289879], [0.208266, 0.792967, 0.572563], [0.205922, -0.607828, 0.766904]], [[0.956149, -0.0418169, -0.289879], [0.158209, 0.906669, 0.39105], [0.246472, -0.419764, 0.873527]], [[0.956149, -0.0418169, -0.289879], [0.125427, 0.952865, 0.276256], [0.264664, -0.3005, 0.916326]]], "btipPosition": [-10.8856, 262.069, 4.29472], "carpPosition": [-31.9975, 187.82, 107.129], "dipPosition": [-15.1312, 257.249, 18.9942], "direction": [0.246472, 0.419764, -0.873527], "extended": true, "handId": 92, "id": 923, "length": 55.3171, "mcpPosition": [-28.8928, 223.948, 69.1897], "pipPosition": [-20.9934, 247.265, 39.7705], "stabilizedTipPosition": [-14.208, 262.858, 11.064], "timeVisible": 6.37219, "tipPosition": [-11.1581, 259.735, 7.64954], "tipVelocity": [1.81729, 39.8765, 6.37544], "tool": false, "touchDistance": 0.0458986, "touchZone": "hovering", "type": 3, "width": 14.45}, {"bases": [[[0.919637, -0.323306, -0.223029], [0.384097, 0.6216, 0.682703], [-0.0820876, -0.713503, 0.695827]], [[0.92, -0.195271, -0.339808], [0.327062, 0.860254, 0.391144], [0.215942, -0.470991, 0.855299]], [[0.92, -0.195271, -0.339808], [0.20441, 0.978843, -0.00907176], [0.334391, -0.0611143, 0.940451]], [[0.92, -0.195271, -0.339808], [0.125196, 0.968037, -0.217327], [0.371385, 0.157398, 0.915041]]], "btipPosition": [-28.202, 231.234, 12.8789], "carpPosition": [-41.8814, 183.575, 101.983], "dipPosition": [-33.6982, 233.563, 26.4208], "direction": [0.334391, 0.0611143, -0.940451], "extended": true, "handId": 92, "id": 924, "length": 43.3675, "mcpPosition": [-45.8693, 218.238, 68.1794], "pipPosition": [-39.3135, 232.537, 42.2136], "stabilizedTipPosition": [-30.2672, 232.683, 16.2947], "timeVisible": 6.37219, "tipPosition": [-32.894, 241.296, 17.9722], "tipVelocity": [-4.13663, 30.0743, -6.20775], "tool": false, "touchDistance": -0.296567, "touchZone": "touching", "type": 4, "width": 12.8356}], "r": [[0.978749, 0.181066, 0.0962571], [-0.195306, 0.966167, 0.168457], [-0.0624986, -0.183677, 0.980998]], "s": 0.828751, "t": [-147.08, 42.776, 157.005], "timestamp": 7802569188}, {"currentFrameRate": 115.056, "devices": [], "gestures": [], "hands": [{"armBasis": [[0.847081, 0.332996, -0.414207], [-0.000413472, 0.779783, 0.62605], [0.531464, -0.530143, 0.660677]], "armWidth": 51.6826, "confidence": 1, "direction": [0.176373, 0.779654, -0.600859], "elbow": [-157.26, 43.3926, 268.132], "grabAngle": 0.926516, "grabStrength": 0, "id": 92, "palmNormal": [0.0416158, -0.615789, -0.786811], "palmPosition": [-16.0622, 207.781, 77.8493], "palmVelocity": [-10.7221, 6.55181, -8.9431], "palmWidth": 76.2329, "pinchDistance": 31.4786, "pinchStrength": 0.663447, "r": [[0.978696, 0.181932, 0.0951615], [-0.195926, 0.96613, 0.167947], [-0.0613835, -0.183013, 0.981192]], "s": 0.830582, "sphereCenter": [6.89526, 193.232, 31.1644], "sphereRadius": 55.4962, "stabilizedPalmPosition": [-16.9648, 211.638, 80.1709], "t": [147.024, 42.8071, 156.925], "timeVisible": 6.38119, "type": "left", "wrist": [-37.0373, 163.317, 118.679]}], "id": 116698, "interactionBox": {"center": [0, 200, 0], "size": [235.247, 235.247, 147.751]}, "pointables": [{"bases": [[[0.398541, 0.748694, 0.529738], [-0.704026, -0.120441, 0.699887], [0.587803, -0.651883, 0.479099]], [[0.0880572, 0.963104, 0.254315], [-0.916112, -0.0219477, 0.400322], [0.391134, -0.268232, 0.880378]], [[0.0880572, 0.963104, 0.254315], [-0.942915, -0.00172779, 0.333029], [0.321181, -0.269123, 0.907973]], [[0.0880572, 0.963104, 0.254315], [-0.989727, 0.0557247, 0.131663], [0.112633, -0.263297, 0.958117]]], "btipPosition": [20.9103, 189.326, 22.3015], "carpPosition": [-7.11309, 164.939, 104.953], "dipPosition": [18.647, 184.035, 41.5538], "direction": [0.321181, 0.269123, -0.907973], "extended": false, "handId": 92, "id": 920, "length": 44.7461, "mcpPosition": [-7.11309, 164.939, 104.953], "pipPosition": [9.24482, 176.157, 68.1336], "stabilizedTipPosition": [18.1114, 190.72, 27.3419], "timeVisible": 6.38119, "tipPosition": [17.1711, 186.784, 25.506], "tipVelocity": [-8.62727, 3.8601, -1.90705], "tool": false, "touchDistance": 0.315994, "touchZone": "hovering", "type": 0, "width": 16.187}, {"bases": [[[0.939869, 0.243058, -0.239938], [-0.00913082, 0.720155, 0.693753], [0.341414, -0.649846, 0.67907]], [[0.915621, 0.28489, -0.283681], [-0.171222, 0.914733,