{"frames":71,"data":[{"currentFrameRate":55.202,"devices":[],"gestures":[{"direction":[-0.0845359,0.986108,-0.142982],"duration":90396,"handIds":[146],"id":3,"pointableIds":[1461],"position":[121.247,447.125,63.3218],"speed":467.58,"startPosition":[136.432,226.747,94.8319],"state":"update","type":"swipe"},{"direction":[-0.0932187,0.987313,-0.128546],"duration":90396,"handIds":[146],"id":4,"pointableIds":[1462],"position":[93.8945,478.902,55.2816],"speed":491.141,"startPosition":[111.499,250.859,84.0174],"state":"update","type":"swipe"},{"direction":[-0.0692262,0.974267,-0.214503],"duration":54259,"handIds":[146],"id":5,"pointableIds":[1463],"position":[80.6212,444.558,55.2167],"speed":455.17,"startPosition":[88.3616,282.602,89.161],"state":"update","type":"swipe"}],"hands":[{"armBasis":[[-0.858391,-0.0592561,-0.509563],[-0.271918,0.894842,0.354003],[-0.435002,-0.442432,0.784237]],"armWidth":65.1095,"confidence":1,"direction":[0.551793,0.742008,-0.380721],"elbow":[-331.101,72.1251,239.726],"grabAngle":1.60028,"grabStrength":0.363139,"id":145,"palmNormal":[0.519962,-0.663008,-0.538573],"palmPosition":[-165.522,241.356,-2.31949],"palmVelocity":[2.23418,-40.1485,13.6445],"palmWidth":91.0363,"pinchDistance":73.8871,"pinchStrength":0,"r":[[0.712876,0.648975,-0.26578],[-0.682062,0.553472,-0.477975],[-0.163092,0.522015,0.837198]],"s":0.942668,"sphereCenter":[-127.781,232.456,-39.5795],"sphereRadius":58.2376,"stabilizedPalmPosition":[-165.101,243.533,-2.58869],"t":[16.0391,-51.9926,-62.6706],"timeVisible":0.994259,"type":"left","wrist":[-213.591,191.643,27.8741]},{"armBasis":[[-0.939987,-0.340461,0.0226066],[-0.334682,0.932874,0.133171],[0.0664288,-0.117613,0.990835]],"armWidth":65.1095,"confidence":1,"direction":[-0.202809,0.816577,-0.540435],"elbow":[113.588,323.437,457.124],"grabAngle":1.44012,"grabStrength":0,"id":146,"palmNormal":[0.277367,-0.481397,-0.83146],"palmPosition":[89.8392,410.806,139.409],"palmVelocity":[-197.036,848.202,-272.605],"palmWidth":91.0363,"pinchDistance":34.0191,"pinchStrength":0.750444,"r":[[0.873617,-0.372601,-0.31299],[-0.275824,0.150729,-0.949316],[0.400893,0.915669,0.0289071]],"s":0.945872,"sphereCenter":[104.103,395.933,78.3574],"sphereRadius":61.3271,"stabilizedPalmPosition":[89.9504,410.328,139.563],"t":[-37.9842,240.339,-47.1296],"timeVisible":0.578507,"type":"left","wrist":[95.6432,355.209,189.462]}],"id":52772,"interactionBox":{"center":[0,200,0],"size":[235.247,235.247,147.751]},"pointables":[{"bases":[[[-0.619777,0.777728,0.104957],[0.0768836,-0.0729251,0.99437],[-0.781003,-0.624357,0.0145972]],[[-0.180416,0.97984,0.0858091],[0.0862956,-0.0711358,0.993727],[-0.979797,-0.18669,0.0717218]],[[-0.180416,0.97984,0.0858091],[0.441214,0.00265084,0.897398],[-0.879079,-0.199766,0.432798]],[[-0.180416,0.97984,0.0858091],[0.831564,0.105356,0.545346],[-0.525311,-0.169745,0.833807]]],"btipPosition":[-90.2653,212.146,-5.07962],"carpPosition":[-180.227,192.355,31.7683],"dipPosition":[-102.199,208.29,13.8624],"direction":[0.879079,0.199766,-0.432798],"extended":true,"handId":145,"id":1450,"length":50.5885,"mcpPosition":[-180.227,192.355,31.7683],"pipPosition":[-131.293,201.679,28.1863],"stabilizedTipPosition":[-93.0161,211.315,-0.744314],"timeVisible":0.994259,"tipPosition":[-90.7137,212.497,4.5634],"tipVelocity":[4.627,-42.8653,17.0633],"tool":false,"touchDistance":0.230617,"touchZone":"hovering","type":0,"width":20.8809},{"bases":[[[-0.550143,0.222396,-0.804912],[-0.417278,0.761708,0.495661],[-0.723341,-0.608556,0.326247]],[[-0.598347,0.180235,-0.780702],[-0.443058,0.737422,0.509813],[-0.667593,-0.650941,0.361379]],[[-0.598347,0.180235,-0.780702],[0.058513,0.981599,0.181769],[-0.799098,-0.0630799,0.597883]],[[-0.598347,0.180235,-0.780702],[0.604847,0.740646,-0.29258],[-0.525491,0.64727,0.552178]]],"btipPosition":[-81.2066,276.755,-30.1067],"carpPosition":[-189.754,214.07,32.1631],"dipPosition":[-89.9217,287.49,-20.949],"direction":[0.799098,0.0630799,-0.597883],"extended":true,"handId":145,"id":1451,"length":57.0835,"mcpPosition":[-136.511,258.864,8.149],"pipPosition":[-108.67,286.01,-6.92156],"stabilizedTipPosition":[-83.2398,279.252,-28.0557],"timeVisible":0.994259,"tipPosition":[-85.4496,289.144,-25.3455],"tipVelocity":[9.41116,-8.62207,18.1556],"tool":false,"touchDistance":-0.330527,"touchZone":"touching","type":1,"width":19.9455},{"bases":[[[-0.56356,0.00500036,-0.82606],[-0.520058,0.774796,0.359488],[-0.641825,-0.632192,0.434044]],[[-0.543185,0.0247947,-0.839247],[-0.526896,0.768173,0.363718],[-0.653705,-0.639762,0.404196]],[[-0.543185,0.0247947,-0.839247],[-0.0507777,0.996764,0.0623133],[-0.838076,-0.0764627,0.540169]],[[-0.543185,0.0247947,-0.839247],[0.460882,0.844314,-0.273352],[-0.70181,0.535275,0.470046]]],"btipPosition":[-85.4208,284.845,-49.6878],"carpPosition":[-196.743,218.436,23.0055],"dipPosition":[-98.2226,294.609,-41.1136],"direction":[0.838076,0.0764627,-0.540169],"extended":true,"handId":145,"id":1452,"length":65.042,"mcpPosition":[-151.941,262.565,-7.29225],"pipPosition":[-121.356,292.498,-26.2035],"stabilizedTipPosition":[-88.4321,287.833,-47.8203],"timeVisible":0.994259,"tipPosition":[-90.4313,295.864,-47.9253],"tipVelocity":[5.8625,-33.243,12.0464],"tool":false,"touchDistance":0.333333,"touchZone":"hovering","type":2,"width":19.5891},{"bases":[[[-0.611049,-0.146508,-0.777917],[-0.579188,0.752625,0.313204],[-0.539593,-0.641943,0.544747]],[[-0.597907,-0.131041,-0.790781],[-0.476711,0.851246,0.219379],[-0.644402,-0.508142,0.571435]],[[-0.597907,-0.131041,-0.790781],[0.157813,0.947993,-0.276414],[-0.785877,0.290066,0.546132]],[[-0.597907,-0.131041,-0.790781],[0.67347,0.452865,-0.584253],[-0.434678,0.881897,0.182519]]],"btipPosition":[-112.797,258.19,-64.0494],"carpPosition":[-203.577,219.714,12.8695],"dipPosition":[-120.68,274.184,-60.7392],"direction":[0.785877,-0.290066,-0.546132],"extended":false,"handId":145,"id":1453,"length":62.5397,"mcpPosition":[-169.76,259.946,-21.2708],"pipPosition":[-141.812,281.984,-46.0538],"stabilizedTipPosition":[-114.706,262.446,-63.374],"timeVisible":0.994259,"tipPosition":[-114.501,267.453,-65.3246],"tipVelocity":[14.4702,-64.0386,11.5858],"tool":false,"touchDistance":0.338387,"touchZone":"hovering","type":3,"width":18.6403},{"bases":[[[-0.56524,-0.342149,-0.750625],[-0.712559,0.660985,0.235285],[-0.415649,-0.667857,0.617416]],[[-0.569588,-0.349168,-0.744077],[-0.579358,0.812702,0.0621252],[-0.583021,-0.466473,0.665199]],[[-0.569588,-0.349168,-0.744077],[0.0973563,0.870247,-0.4829],[-0.816144,0.347495,0.461689]],[[-0.569588,-0.349168,-0.744077],[0.641081,0.377811,-0.668037],[-0.514378,0.85752,-0.00864783]]],"btipPosition":[-140.507,248.01,-66.475],"carpPosition":[-208.733,214.199,0.796239],"dipPosition":[-149.114,262.358,-66.6197],"direction":[0.816144,-0.347495,-0.461689],"extended":false,"handId":145,"id":1454,"length":49.0299,"mcpPosition":[-184.619,252.945,-35.023],"pipPosition":[-164.608,268.955,-57.8543],"stabilizedTipPosition":[-142.533,251.667,-66.5709],"timeVisible":0.994259,"tipPosition":[-142.913,256.877,-68.8961],"tipVelocity":[10.3771,-64.7477,14.0972],"tool":false,"touchDistance":0.335578,"touchZone":"hovering","type":4,"width":16.5577},{"bases":[[[-0.665556,0.461741,0.586371],[0.7109,0.152954,0.686459],[-0.227278,-0.873728,0.430051]],[[-0.575053,0.688341,0.442155],[0.805965,0.383847,0.450645],[-0.140478,-0.615506,0.775511]],[[-0.575053,0.688341,0.442155],[0.814432,0.532891,0.229626],[0.077559,-0.492152,0.867047]],[[-0.575053,0.688341,0.442155],[0.774073,0.632723,0.0217199],[0.264811,-0.35475,0.896676]]],"btipPosition":[121.346,422.515,79.9618],"carpPosition":[122.913,367.427,167.759],"dipPosition":[127.362,414.456,100.332],"direction":[-0.077559,0.492152,-0.867047],"extended":false,"handId":146,"id":1460,"length":50.5885,"mcpPosition":[122.913,367.427,167.759],"pipPosition":[129.929,398.168,129.028],"stabilizedTipPosition":[122.843,420.322,84.7507],"timeVisible":0.578507,"tipPosition":[129.649,424.537,87.9253],"tipVelocity":[-272.241,819.41,-249.336],"tool":false,"touchDistance":0.332299,"touchZone":"hovering","type":0,"width":20.8809},{"bases":[[[-0.959835,-0.176899,-0.217771],[-0.280566,0.603416,0.74644],[0.000638205,-0.777558,0.628811]],[[-0.959777,-0.18488,-0.211298],[-0.262934,0.855778,0.445544],[-0.0984519,-0.48318,0.869968]],[[-0.959777,-0.18488,-0.211298],[-0.12778,0.957764,-0.257605],[-0.249999,0.220244,0.942864]],[[-0.959777,-0.18488,-0.211298],[0.00109025,0.750127,-0.661293],[-0.28076,0.634925,0.719753]]],"btipPosition":[122.318,444.703,60.5763],"carpPosition":[107.737,383.017,177.2],"dipPosition":[117.661,455.233,72.5132],"direction":[0.249999,-0.220244,-0.942864],"extended":false,"handId":146,"id":1461,"length":57.0835,"mcpPosition":[107.69,440.251,130.915],"pipPosition":[111.796,460.401,94.6345],"stabilizedTipPosition":[121.278,446.977,63.3526],"timeVisible":0.578507,"tipPosition":[123.116,439.878,64.8714],"tipVelocity":[-243.722,1158.52,-241.343],"tool":false,"touchDistance":0.333333,"touchZone":"hovering","type":1,"width":19.9455},{"bases":[[[-0.888936,-0.380582,-0.254852],[-0.438716,0.547604,0.712501],[0.131607,-0.745176,0.653753]],[[-0.895014,-0.337289,-0.291867],[-0.445501,0.708111,0.547821],[-0.0218999,-0.620334,0.784032]],[[-0.895014,-0.337289,-0.291867],[-0.428149,0.833114,0.350156],[-0.125055,-0.438357,0.890059]],[[-0.895014,-0.337289,-0.291867],[-0.389878,0.909444,0.144589],[-0.216668,-0.243201,0.945467]]],"btipPosition":[94.8035,479.923,51.3149],"carpPosition":[95.5614,382.347,175.446],"dipPosition":[90.8512,475.487,68.5613],"direction":[0.125055,0.438357,-0.890059],"extended":true,"handId":146,"id":1462,"length":65.042,"mcpPosition":[86.3747,434.363,129.812],"pipPosition":[87.3994,463.387,93.1293],"stabilizedTipPosition":[93.9151,478.826,55.2961],"timeVisible":0.578507,"tipPosition":[96.4208,469.055,53.2874],"tipVelocity":[-277.155,1021.67,-195.401],"tool":false,"touchDistance":0.333158,"touchZone":"hovering","type":2,"width":19.5891},{"bases":[[[-0.824262,-0.526283,-0.20885],[-0.496686,0.49498,0.71295],[0.271837,-0.69139,0.669391]],[[-0.850015,-0.443451,-0.2843],[-0.526709,0.722907,0.447195],[-0.00721318,-0.529866,0.848051]],[[-0.850015,-0.443451,-0.2843],[-0.436478,0.895086,-0.0911482],[-0.294892,-0.0466133,0.954393]],[[-0.850015,-0.443451,-0.2843],[-0.37045,0.886942,-0.275863],[-0.374489,0.129169,0.91819]]],"btipPosition":[82.1833,444.019,51.3867],"carpPosition":[84.1856,378.797,172.434],"dipPosition":[75.3915,446.361,68.0392],"direction":[0.294892,0.0466133,-0.954393],"extended":true,"handId":146,"id":1463,"length":62.5397,"mcpPosition":[67.149,422.128,130.482],"pipPosition":[67.4619,445.108,93.7027],"stabilizedTipPosition":[80.7207,444.168,55.3226],"timeVisible":0.578507,"tipPosition":[82.1156,440.827,55.2064],"tipVelocity":[-250.309,977.412,-264.473],"tool":false,"touchDistance":0.332822,"touchZone":"hovering","type":3,"width":18.6403},{"bases":[[[-0.693786,-0.677269,-0.244881],[-0.592862,0.344058,0.728106],[0.40887,-0.650331,0.64023]],[[-0.723102,-0.625395,-0.293265],[-0.674978,0.729938,0.107682],[-0.146721,-0.275813,0.949948]],[[-0.723102,-0.625395,-0.293265],[-0.170436,0.57298,-0.801651],[-0.669384,0.529693,0.520913]],[[-0.723102,-0.625395,-0.293265],[0.150529,0.271688,-0.95054],[-0.674139,0.731483,0.102319]]],"btipPosition":[80.8719,394.399,84.6005],"carpPosition":[75.5687,369.499,165.95],"dipPosition":[69.5925,406.638,86.3125],"direction":[0.669384,-0.529693,-0.520913],"extended":false,"handId":146,"id":1464,"length":49.0299,"mcpPosition":[51.8482,407.227,128.807],"pipPosition":[56.884,416.694,96.2022],"stabilizedTipPosition":[78.381,396.713,85.1276],"timeVisible":0.578507,"tipPosition":[75.7785,399.696,82.4435],"tipVelocity":[-169.046,817.613,-214.665],"tool":false,"touchDistance":0.332373,"touchZone":"hovering","type":4,"width":16.5577}],"r":[[-0.865532,0.467817,-0.178889],[-0.284086,-0.752707,-0.593908],[-0.412492,-0.463226,0.784393]],"s":-0.250829,"t":[-1055.04,-745.684,1290.07],"timestamp":630179042732},{"currentFrameRate":55.2161,"devices":[],"gestures":[{"direction":[-0.0932514,0.98449,-0.148609],"duration":108458,"handIds":[146],"id":3,"pointableIds":[1461],"position":[116.953,465.113,59.4928],"speed":483.267,"startPosition":[136.432,226.747,94.8319],"state":"update","type":"swipe"},{"direction":[-0.104187,0.985146,-0.136499],"duration":108458,"handIds":[146],"id":4,"pointableIds":[1462],"position":[89.1194,495.124,51.1151],"speed":505.671,"startPosition":[111.499,250.859,84.0174],"state":"update","type":"swipe"},{"direction":[-0.111199,0.968646,-0.222172],"duration":72321,"handIds":[146],"id":5,"pointableIds":[1463],"position":[75.2544,462.011,50.9201],"speed":470.861,"startPosition":[88.3616,282.602,89.161],"state":"update","type":"swipe"}],"hands":[{"armBasis":[[-0.859864,-0.0607073,-0.5069],[-0.27182,0.894906,0.353918],[-0.432143,-0.442107,0.785999]],"armWidth":65.1095,"confidence":1,"direction":[0.552854,0.74116,-0.380833],"elbow":[-330.314,71.6152,240.437],"grabAngle":1.59647,"grabStrength":0.3625,"id":145,"palmNormal":[0.519502,-0.663907,-0.537908],"palmPosition":[-165.474,240.696,-2.10823],"palmVelocity":[2.68197,-36.5113,11.6966],"palmWidth":91.0363,"pinchDistance":74.5026,"pinchStrength":0,"r":[[0.712546,0.649138,-0.266268],[-0.682378,0.552874,-0.478217],[-0.163216,0.522446,0.836905]],"s":0.942465,"sphereCenter":[-127.604,231.964,-38.9406],"sphereRadius":58.088,"stabilizedPalmPosition":[-165.167,243.029,-2.50337],"t":[16.063,-52.6996,-62.4869],"timeVisible":1.01232,"type":"left","wrist":[-213.576,191.045,28.1097]},{"armBasis":[[-0.931825,-0.361231,0.0348417],[-0.352503,0.923754,0.149732],[0.0862729,-0.127242,0.988113]],"armWidth":65.1095,"confidence":1,"direction":[-0.212259,0.801394,-0.559208],"elbow":[116.286,337.549,453.374],"grabAngle":1.4295,"grabStrength":0,"id":146,"palmNormal":[0.289252,-0.495081,-0.819285],"palmPosition":[86.3548,426.612,135.379],"palmVelocity":[-192.913,875.08,-223.116],"palmWidth":91.0363,"pinchDistance":36.2171,"pinchStrength":0.696912,"r":[[0.882967,-0.360759,-0.30037],[-0.264586,0.146087,-0.953233],[0.387767,0.921147,0.0335384]],"s":0.960006,"sphereCenter":[104.42,412.428,74.8668],"sphereRadius":62.2947,"stabilizedPalmPosition":[86.4558,426.154,135.496],"t":[-41.4926,255.364,-51.5064],"timeVisible":0.596569,"type":"left","wrist":[92.9807,371.922,186.447]}],"id":52773,"interactionBox":{"center":[0,200,0],"size":[235.247,235.247,147.751]},"pointables":[{"bases":[[[-0.618945,0.778496,0.104172],[0.0762466,-0.0724495,0.994453],[-0.781725,-0.623454,0.0145155]],[[-0.17797,0.980352,0.0850675],[0.0866411,-0.0705008,0.993742],[-0.980214,-0.184226,0.0723917]],[[-0.17797,0.980352,0.0850675],[0.437826,0.00146798,0.899058],[-0.881269,-0.19725,0.429485]],[[-0.17797,0.980352,0.0850675],[0.826904,0.102129,0.552991],[-0.533438,-0.168758,0.828833]]],"btipPosition":[-90.014,211.294,-4.65966],"carpPosition":[-180.254,191.732,31.9991],"dipPosition":[-102.132,207.461,14.1694],"direction":[0.881269,0.19725,-0.429485],"extended":true,"handId":145,"id":1450,"length":50.5885,"mcpPosition":[-180.254,191.732,31.9991],"pipPosition":[-131.299,200.932,28.3836],"stabilizedTipPosition":[-92.8193,210.488,-0.363829],"timeVisible":1.01232,"tipPosition":[-90.7374,211.733,4.74601],"tipVelocity":[11.5629,-46.8856,21.8121],"tool":false,"touchDistance":0.237183,"touchZone":"hovering","type":0,"width":20.8809},{"bases":[[[-0.610783,-0.14625,-0.778174],[-0.5785,0.753465,0.312455],[-0.54063,-0.641016,0.544809]],[[-0.596533,-0.129548,-0.792064],[-0.472435,0.854475,0.216052],[-0.648809,-0.503081,0.570925]],[[-0.596533,-0.129548,-0.792064],[0.166535,0.945428,-0.280056],[-0.78512,0.29897,0.542405]],[[-0.596533,-0.129548,-0.792064],[0.671709,0.45955,-0.581052],[-0.439267,0.878653,0.187118]]],"btipPosition":[-112.462,257.124,-63.8121],"carpPosition":[-203.562,219.107,13.0718],"dipPosition":[-120.429,273.06,-60.4185],"direction":[0.78512,-0.29897,-0.542405],"extended":false,"handId":145,"id":1453,"length":62.5397,"mcpPosition":[-169.68,259.281,-21.0724],"pipPosition":[-141.541,281.099,-45.8333],"stabilizedTipPosition":[-114.459,261.45,-63.1681],"timeVisible":1.01232,"tipPosition":[-114.385,266.549,-65.047],"tipVelocity":[17.45,-59.739,14.1991],"tool":false,"touchDistance":0.341728,"touchZone":"hovering","type":3,"width":18.6403},{"bases":[[[-0.565213,-0.341928,-0.750746],[-0.711932,0.661933,0.234514],[-0.416757,-0.667031,0.617563]],[[-0.570301,-0.350113,-0.743087],[-0.576796,0.81477,0.0587898],[-0.584861,-0.462138,0.666608]],[[-0.570301,-0.350113,-0.743087],[0.104076,0.866532,-0.488151],[-0.814816,0.35573,0.457745]],[[-0.570301,-0.350113,-0.743087],[0.643435,0.371944,-0.669066],[-0.510636,0.859697,-0.0131548]]],"btipPosition":[-140.452,247.013,-66.179],"carpPosition":[-208.717,213.591,0.998797],"dipPosition":[-148.996,261.397,-66.3991],"direction":[0.814816,-0.35573,-0.457745],"extended":false,"handId":145,"id":1454,"length":49.0299,"mcpPosition":[-184.539,252.289,-34.8289],"pipPosition":[-164.465,268.15,-57.7086],"stabilizedTipPosition":[-142.453,250.745,-66.3371],"timeVisible":1.01232,"tipPosition":[-142.803,256.048,-68.6367],"tipVelocity":[3.85659,-54.7751,15.4265],"tool":false,"touchDistance":0.339533,"touchZone":"hovering","type":4,"width":16.5577},{"bases":[[[-0.67574,0.464126,0.57268],[0.704694,0.178783,0.686618],[-0.216292,-0.867539,0.447877]],[[-0.592558,0.680553,0.430954],[0.794667,0.406321,0.451007],[-0.131829,-0.609713,0.781582]],[[-0.592558,0.680553,0.430954],[0.799738,0.561056,0.213625],[0.0964063,-0.471236,0.876723]],[[-0.592558,0.680553,0.430954],[0.751716,0.659441,-0.00777265],[0.289479,-0.319349,0.90234]]],"btipPosition":[116.746,437.676,76.2925],"carpPosition":[119.929,384.375,164.842],"dipPosition":[123.323,430.421,96.7914],"direction":[-0.0964063,0.471236,-0.876723],"extended":false,"handId":146,"id":1460,"length":50.5885,"mcpPosition":[119.929,384.375,164.842],"pipPosition":[126.513,414.825,125.807],"stabilizedTipPosition":[118.354,435.684,81.0844],"timeVisible":0.596569,"tipPosition":[125.618,439.533,83.5975],"tipVelocity":[-247.511,849.649,-201.512],"tool":false,"touchDistance":0.332598,"touchZone":"hovering","type":0,"width":20.8809},{"bases":[[[-0.955811,-0.196332,-0.218812],[-0.293843,0.615155,0.731602],[0.00903373,-0.763569,0.645662]],[[-0.955742,-0.200806,-0.215023],[-0.281091,0.83903,0.465851],[-0.0868647,-0.505674,0.85834]],[[-0.955742,-0.200806,-0.215023],[-0.161131,0.968762,-0.18851],[-0.24616,0.14552,0.958243]],[[-0.955742,-0.200806,-0.215023],[0.011745,0.704231,-0.709874],[-0.293973,0.680982,0.670704]]],"btipPosition":[118.074,462.515,56.9344],"carpPosition":[104.466,399.931,173.861],"dipPosition":[113.199,473.809,68.0578],"direction":[0.24616,-0.14552,-0.958243],"extended":false,"handId":146,"id":1461,"length":57.0835,"mcpPosition":[103.801,456.135,126.335],"pipPosition":[107.424,477.223,90.5399],"stabilizedTipPosition":[116.986,464.976,59.5219],"timeVisible":0.596569,"tipPosition":[119.07,456.656,60.2172],"tipVelocity":[-237.715,995.877,-211.992],"tool":false,"touchDistance":0.33302,"touchZone":"hovering","type":1,"width":19.9455},{"bases":[[[-0.881612,-0.399661,-0.251062],[-0.450934,0.556193,0.698074],[0.139354,-0.728643,0.670567]],[[-0.888703,-0.352387,-0.293308],[-0.458411,0.694248,0.554868],[-0.00810026,-0.627569,0.778519]],[[-0.888703,-0.352387,-0.293308],[-0.44439,0.81945,0.361965],[-0.1128,-0.452022,0.884846]],[[-0.888703,-0.352387,-0.293308],[-0.404085,0.904259,0.137951],[-0.216615,-0.241119,0.946013]]],"btipPosition":[90.0282,496.135,47.1462],"carpPosition":[92.3118,399.036,172.059],"dipPosition":[86.0769,491.737,64.4025],"direction":[0.1128,0.452022,-0.884846],"extended":true,"handId":146,"id":1462,"length":65.042,"mcpPosition":[82.5844,449.898,125.251],"pipPosition":[82.9633,479.26,88.8266],"stabilizedTipPosition":[89.1496,495.022,51.1414],"timeVisible":0.596569,"tipPosition":[91.9907,484.946,48.5192],"tipVelocity":[-264.369,898.097,-230.677],"tool":false,"touchDistance":0.332663,"touchZone":"hovering","type":2,"width":19.5891},{"bases":[[[-0.814977,-0.543314,-0.201551],[-0.508097,0.502707,0.699374],[0.278659,-0.67238,0.68575]],[[-0.842348,-0.459433,-0.281729],[-0.538723,0.703177,0.464025],[0.0150824,-0.542644,0.839827]],[[-0.842348,-0.459433,-0.281729],[-0.463996,0.884157,-0.0545385],[-0.27415,-0.0847808,0.957943]],[[-0.842348,-0.459433,-0.281729],[-0.403282,0.884118,-0.236005],[-0.357511,0.0851824,0.930016]]],"btipPosition":[76.7457,461.655,47.0407],"carpPosition":[81.0082,395.247,169.067],"dipPosition":[70.2618,463.2,63.9077],"direction":[0.27415,0.0847808,-0.957943],"extended":true,"handId":146,"id":1463,"length":62.5397,"mcpPosition":[63.5441,437.386,126.09],"pipPosition":[62.89,460.921,89.6667],"stabilizedTipPosition":[75.3661,461.646,51.0101],"timeVisible":0.596569,"tipPosition":[77.8774,456.319,50.5954],"tipVelocity":[-297.129,966.298,-237.882],"tool":false,"touchDistance":0.33291,"touchZone":"hovering","type":3,"width":18.6403},{"bases":[[[-0.682017,-0.693027,-0.233595],[-0.602042,0.35069,0.71733],[0.415209,-0.629865,0.656408]],[[-0.7107,-0.644839,-0.281227],[-0.694489,0.706864,0.134268],[-0.112208,-0.290733,0.950202]],[[-0.7107,-0.644839,-0.281227],[-0.182727,0.555243,-0.811367],[-0.67935,0.525251,0.51244]],[[-0.7107,-0.644839,-0.281227],[0.142494,0.25952,-0.955168],[-0.688913,0.718911,0.0925553]]],"btipPosition":[76.7573,410.198,80.7705],"carpPosition":[72.57,385.678,162.743],"dipPosition":[65.2307,422.226,82.3191],"direction":[0.67935,-0.525251,-0.51244],"extended":false,"handId":146,"id":1464,"length":49.0299,"mcpPosition":[48.4817,422.22,124.661],"pipPosition":[52.333,432.198,92.048],"stabilizedTipPosition":[74.2302,412.493,81.2428],"timeVisible":0.596569,"tipPosition":[72.9225,413.932,78.8714],"tipVelocity":[-230.953,872.026,-214.129],"tool":false,"touchDistance":0.332602,"touchZone":"hovering","type":4,"width":16.5577},{"bases":[[[-0.54944,0.22257,-0.805344],[-0.416681,0.762466,0.494997],[-0.724219,-0.607543,0.326189]],[[-0.597642,0.180535,-0.781173],[-0.447056,0.733761,0.511601],[-0.665556,-0.654982,0.357817]],[[-0.597642,0.180535,-0.781173],[0.0493743,0.980757,0.188886],[-0.800241,-0.0743167,0.595055]],[[-0.597642,0.180535,-0.781173],[0.599929,0.747061,-0.286329],[-0.531892,0.639771,0.554784]]],"btipPosition":[-81.0959,276.625,-29.7175],"carpPosition":[-189.755,213.458,32.3763],"dipPosition":[-89.9172,287.235,-20.5166],"direction":[0.800241,0.0743167,-0.595055],"extended":true,"handId":145,"id":1451,"length":57.0835,"mcpPosition":[-136.448,258.177,8.36652],"pipPosition":[-108.692,285.492,-6.55549],"stabilizedTipPosition":[-83.1787,279.153,-27.8141],"timeVisible":1.01232,"tipPosition":[-85.2437,288,-25.2179],"tipVelocity":[4.77487,-8.79248,22.0977],"tool":false,"touchDistance":-0.319821,"touchZone":"touching","type":1,"width":19.9455},{"bases":[[[-0.563094,0.00517717,-0.826376],[-0.519371,0.775594,0.358759],[-0.64279,-0.631211,0.434044]],[[-0.541927,0.0256686,-0.840033],[-0.527169,0.76806,0.36356],[-0.654528,-0.639863,0.402701]],[[-0.541927,0.0256686,-0.840033],[-0.0508453,0.996701,0.0632575],[-0.838886,-0.0769926,0.538835]],[[-0.541927,0.0256686,-0.840033],[0.462448,0.843715,-0.272556],[-0.701753,0.536177,0.469103]]],"btipPosition":[-85.2855,284.17,-49.357],"carpPosition":[-196.734,217.827,23.2123],"dipPosition":[-98.0862,293.95,-40.8001],"direction":[0.838886,0.0769926,-0.538835],"extended":true,"handId":145,"id":1452,"length":65.042,"mcpPosition":[-151.865,261.888,-7.08542],"pipPosition":[-121.242,291.825,-25.9267],"stabilizedTipPosition":[-88.346,287.232,-47.6368],"timeVisible":1.01232,"tipPosition":[-90.2757,295.011,-47.7001],"tipVelocity":[7.50531,-37.1593,18.0959],"tool":false,"touchDistance":0.333333,"touchZone":"hovering","type":2,"width":19.5891}],"r":[[-0.887534,0.420875,-0.187478],[-0.250405,-0.782184,-0.570513],[-0.386757,-0.459404,0.799604]],"s":-0.235438,"t":[-1056.77,-738.459,1288.49],"timestamp":630179060794},{"currentFrameRate":55.0763,"devices":[],"gestures":[{"direction":[-0.113792,0.981127,-0.156338],"duration":127099,"handIds":[146],"id":3,"pointableIds":[1461],"position":[112.403,483.306,55.3493],"speed":499.282,"startPosition":[136.432,226.747,94.8319],"state":"update","type":"swipe"},{"direction":[-0.126063,0.981075,-0.146967],"duration":127099,"handIds":[146],"id":4,"pointableIds":[1462],"position":[84.2877,511.302,46.985],"speed":520.329,"startPosition":[111.499,250.859,84.0174],"state":"update","type":"swipe"},{"direction":[-0.123276,0.967269,-0.221796],"duration":90962,"handIds":[146],"id":5,"pointableIds":[1463],"position":[69.5763,479.6,46.3203],"speed":486.829,"startPosition":[88.3616,282.602,89.161],"state":"update","type":"swipe"}],"hands":[{"armBasis":[[-0.862863,-0.0600184,-0.501862],[-0.269332,0.894809,0.356057],[-0.427701,-0.442396,0.788262]],"armWidth":65.1095,"confidence":1,"direction":[0.556294,0.738524,-0.380944],"elbow":[-329.2,71.0232,241.307],"grabAngle":1.5938,"grabStrength":0.353509,"id":145,"palmNormal":[0.515873,-0.666312,-0.538426],"palmPosition":[-165.398,239.981,-1.89208],"palmVelocity":[4.08492,-38.4008,11.5953],"palmWidth":91.0363,"pinchDistance":74.7137,"pinchStrength":0,"r":[[0.712893,0.648577,-0.266705],[-0.682139,0.553102,-0.478293],[-0.162694,0.522902,0.836722]],"s":0.943477,"sphereCenter":[-127.467,231.373,-38.2823],"sphereRadius":57.8997,"stabilizedPalmPosition":[-165.205,242.525,-2.4023],"t":[16.1131,-53.411,-62.2869],"timeVisible":1.03096,"type":"left","wrist":[-213.662,190.531,28.3674]},{"armBasis":[[-0.924226,-0.379112,0.0456035],[-0.367179,0.915148,0.166386],[0.104813,-0.137034,0.985006]],"armWidth":65.1095,"confidence":1,"direction":[-0.218198,0.793467,-0.568155],"elbow":[117.791,350.335,448.31],"grabAngle":1.40371,"grabStrength":0,"id":146,"palmNormal":[0.301629,-0.498845,-0.81251],"palmPosition":[82.2745,441.659,130.76],"palmVelocity":[-218.888,807.199,-247.776],"palmWidth":91.0363,"pinchDistance":38.6496,"pinchStrength":0.637673,"r":[[0.89152,-0.349469,-0.288209],[-0.254436,0.14007,-0.956892],[0.374774,0.926419,0.0359577]],"s":0.975357,"sphereCenter":[103.876,428.656,70.5335],"sphereRadius":63.4751,"stabilizedPalmPosition":[82.3873,441.24,130.888],"t":[-45.2869,270.4,-56.0042],"timeVisible":0.61521,"type":"left","wrist":[89.4766,387.353,182.223]}],"id":52774,"interactionBox":{"center":[0,200,0],"size":[235.247,235.247,147.751]},"pointables":[{"bases":[[[-0.615009,0.781526,0.104786],[0.0764906,-0.073133,0.994385],[-0.784801,-0.619571,0.0148019]],[[-0.170402,0.981675,0.0853061],[0.0865703,-0.071323,0.993689],[-0.981564,-0.176712,0.0728303]],[[-0.170402,0.981675,0.0853061],[0.434039,-0.0029439,0.900889],[-0.884631,-0.19054,0.425584]],[[-0.170402,0.981675,0.0853061],[0.821688,0.0937797,0.562169],[-0.543868,-0.16589,0.822611]]],"btipPosition":[-89.7444,209.979,-4.20085],"carpPosition":[-180.4,191.079,32.2093],"dipPosition":[-102.1,206.211,14.4868],"direction":[0.884631,0.19054,-0.425584],"extended":true,"handId":145,"id":1450,"length":50.5885,"mcpPosition":[-180.4,191.079,32.2093],"pipPosition":[-131.377,199.905,28.5719],"stabilizedTipPosition":[-92.6026,209.21,0.0646234],"timeVisible":1.03096,"tipPosition":[-90.8541,210.6,4.76658],"tipVelocity":[11.5436,-69.7317,22.869],"tool":false,"touchDistance":0.244288,"touchZone":"hovering","type":0,"width":20.8809},{"bases":[[[-0.548818,0.225542,-0.804941],[-0.412591,0.764373,0.495483],[-0.727027,-0.604041,0.326445]],[[-0.597273,0.183686,-0.780721],[-0.446449,0.732527,0.513894],[-0.666295,-0.655487,0.355512]],[[-0.597273,0.183686,-0.780721],[0.0609113,0.980998,0.184209],[-0.799722,-0.062468,0.597112]],[[-0.597273,0.183686,-0.780721],[0.602576,0.745184,-0.285662],[-0.529308,0.641062,0.555763]]],"btipPosition":[-80.9512,275.483,-29.482],"carpPosition":[-189.793,212.852,32.5989],"dipPosition":[-89.7296,286.115,-20.2649],"direction":[0.799722,0.062468,-0.597112],"extended":true,"handId":145,"id":1451,"length":57.0835,"mcpPosition":[-136.279,257.314,8.5703],"pipPosition":[-108.493,284.65,-6.25556],"stabilizedTipPosition":[-83.0522,278.41,-27.5399],"timeVisible":1.03096,"tipPosition":[-84.9327,286.824,-25.054],"tipVelocity":[8.29052,-60.9826,12.8307],"tool":false,"touchDistance":-0.312585,"touchZone":"touching","type":1,"width":19.9455},{"bases":[[[-0.563564,0.00822616,-0.826031],[-0.515297,0.778052,0.359312],[-0.645651,-0.628146,0.434243]],[[-0.541623,0.02926,-0.840112],[-0.525772,0.767995,0.365715],[-0.655903,-0.639787,0.40058]],[[-0.541623,0.02926,-0.840112],[-0.0534358,0.996174,0.0691456],[-0.838921,-0.0823429,0.537988]],[[-0.541623,0.02926,-0.840112],[0.458625,0.847837,-0.266148],[-0.704491,0.529448,0.472628]]],"btipPosition":[-84.9921,283.655,-49.0843],"carpPosition":[-196.756,217.259,23.4406],"dipPosition":[-97.8428,293.312,-40.4631],"direction":[0.838921,0.0823429,-0.537988],"extended":true,"handId":145,"id":1452,"length":65.042,"mcpPosition":[-151.687,261.106,-6.87111],"pipPosition":[-120.999,291.039,-25.6132],"stabilizedTipPosition":[-88.1976,286.727,-47.4373],"timeVisible":1.03096,"tipPosition":[-89.8866,293.647,-47.4985],"tipVelocity":[15.1219,-29.1548,15.4196],"tool":false,"touchDistance":0.333333,"touchZone":"hovering","type":2,"width":19.5891},{"bases":[[[-0.611975,-0.142977,-0.777846],[-0.574563,0.756231,0.313037],[-0.543474,-0.638493,0.544943]],[[-0.596789,-0.125354,-0.792546],[-0.466324,0.857979,0.21544],[-0.652981,-0.498156,0.570488]],[[-0.596789,-0.125354,-0.792546],[0.175355,0.943472,-0.281268],[-0.783003,0.306835,0.541072]],[[-0.596789,-0.125354,-0.792546],[0.670854,0.463952,-0.578536],[-0.440225,0.876947,0.192787]]],"btipPosition":[-112.164,256.041,-63.6357],"carpPosition":[-203.583,218.576,13.3046],"dipPosition":[-120.148,271.945,-60.1393],"direction":[0.783003,-0.306835,-0.541072],"extended":false,"handId":145,"id":1453,"length":62.5397,"mcpPosition":[-169.523,258.591,-20.848],"pipPosition":[-141.203,280.196,-45.5899],"stabilizedTipPosition":[-114.197,260.452,-62.9763],"timeVisible":1.03096,"tipPosition":[-114.216,265.517,-64.8262],"tipVelocity":[15.7864,-58.5065,10.7303],"tool":false,"touchDistance":0.343889,"touchZone":"hovering","type":3,"width":18.6403},{"bases":[[[-0.56736,-0.338887,-0.750506],[-0.708495,0.665386,0.235149],[-0.419687,-0.665144,0.617613]],[[-0.572721,-0.34743,-0.742485],[-0.569641,0.820004,0.055693],[-0.589491,-0.454846,0.667544]],[[-0.572721,-0.34743,-0.742485],[0.116455,0.862076,-0.493218],[-0.811437,0.368942,0.453269]],[[-0.572721,-0.34743,-0.742485],[0.65018,0.359107,-0.669558],[-0.499256,0.866218,-0.0202241]]],"btipPosition":[-140.434,245.791,-65.7766],"carpPosition":[-208.773,213.089,1.23304],"dipPosition":[-148.787,260.284,-66.1149],"direction":[0.811437,-0.368942,-0.453269],"extended":false,"handId":145,"id":1454,"length":49.0299,"mcpPosition":[-184.425,251.677,-34.5976],"pipPosition":[-164.192,267.289,-57.5095],"stabilizedTipPosition":[-142.39,249.705,-66.0273],"timeVisible":1.03096,"tipPosition":[-142.682,255.072,-68.3587],"tipVelocity":[3.33535,-64.1802,20.1302],"tool":false,"touchDistance":0.344542,"touchZone":"hovering","type":4,"width":16.5577},{"bases":[[[-0.685836,0.460712,0.563359],[0.697209,0.194028,0.690111],[-0.208635,-0.866082,0.454284]],[[-0.606014,0.673779,0.422811],[0.785055,0.420941,0.454419],[-0.128199,-0.607314,0.78405]],[[-0.606014,0.673779,0.422811],[0.789086,0.576328,0.212576],[0.100449,-0.462458,0.880933]],[[-0.606014,0.673779,0.422811],[0.740408,0.672086,-0.00979067],[0.290762,-0.307119,0.906165]]],"btipPosition":[112.633,452.738,71.9609],"carpPosition":[116.16,400.124,160.86],"dipPosition":[119.238,445.761,92.5467],"direction":[-0.100449,0.462458,-0.880933],"extended":false,"handId":146,"id":1460,"length":50.5885,"mcpPosition":[116.16,400.124,160.86],"pipPosition":[122.562,430.455,121.702],"stabilizedTipPosition":[114.235,450.828,76.7825],"timeVisible":0.61521,"tipPosition":[121.565,454.516,79.0899],"tipVelocity":[-220.329,811.414,-231.298],"tool":false,"touchDistance":0.332275,"touchZone":"hovering","type":0,"width":20.8809},{"bases":[[[-0.951582,-0.210486,-0.224027],[-0.307083,0.618043,0.723687],[0.0138674,-0.757442,0.652755]],[[-0.951594,-0.209777,-0.224638],[-0.295849,0.823287,0.48443],[-0.0833196,-0.527439,0.845497]],[[-0.951594,-0.209777,-0.224638],[-0.19356,0.976748,-0.0921851],[-0.238753,0.0442418,0.970072]],[[-0.951594,-0.209777,-0.224638],[0.0230239,0.680164,-0.732698],[-0.306494,0.702403,0.64241]]],"btipPosition":[113.572,480.626,52.8988],"carpPosition":[100.433,415.565,169.62],"dipPosition":[108.489,492.276,63.553],"direction":[0.238753,-0.0442418,-0.970072],"extended":true,"handId":146,"id":1461,"length":57.0835,"mcpPosition":[99.4127,471.318,121.572],"pipPosition":[102.887,493.314,86.3127],"stabilizedTipPosition":[112.436,483.172,55.3797],"timeVisible":0.61521,"tipPosition":[114.617,473.8,55.5232],"tipVelocity":[-244.091,975.964,-222.28],"tool":false,"touchDistance":0.332921,"touchZone":"hovering","type":1,"width":19.9455},{"bases":[[[-0.874573,-0.41314,-0.253845],[-0.46316,0.55678,0.68955],[0.143545,-0.720632,0.678295]],[[-0.882518,-0.361299,-0.301041],[-0.470277,0.679892,0.56266],[-0.00138709,-0.63813,0.769927]],[[-0.882518,-0.361299,-0.301041],[-0.458442,0.80366,0.379424],[-0.104849,-0.472858,0.874878]],[[-0.882518,-0.361299,-0.301041],[-0.417391,0.896688,0.147431],[-0.216673,-0.255762,0.942146]]],"btipPosition":[85.1968,512.375,43.0322],"carpPosition":[88.3053,414.499,167.737],"dipPosition":[81.2444,507.71,60.218],"direction":[0.104849,0.472858,-0.874878],"extended":true,"handId":146,"id":1462,"length":65.042,"mcpPosition":[78.2854,464.801,120.39],"pipPosition":[78.3503,494.658,84.3671],"stabilizedTipPosition":[84.3226,511.185,47.0148],"timeVisible":0.61521,"tipPosition":[87.3499,500.869,43.8853],"tipVelocity":[-259.198,867.882,-221.561],"tool":false,"touchDistance":0.332563,"touchZone":"hovering","type":2,"width":19.5891},{"bases":[[[-0.806497,-0.555473,-0.202515],[-0.519648,0.502585,0.690923],[0.282008,-0.662464,0.693984]],[[-0.835048,-0.469818,-0.286296],[-0.549393,0.684307,0.479469],[0.0293485,-0.557669,0.829544]],[[-0.835048,-0.469818,-0.286296],[-0.489754,0.871858,-0.0022574],[-0.25067,-0.13833,0.958139]],[[-0.835048,-0.469818,-0.286296],[-0.434713,0.882383,-0.180068],[-0.337222,0.0259088,0.941069]]],"btipPosition":[70.983,479.492,42.3948],"carpPosition":[77.0734,410.538,164.697],"dipPosition":[64.8671,479.962,59.4623],"direction":[0.25067,0.13833,-0.958139],"extended":true,"handId":146,"id":1463,"length":62.5397,"mcpPosition":[59.3994,452.056,121.204],"pipPosition":[58.1266,476.242,85.2265],"stabilizedTipPosition":[69.6804,479.277,46.4046],"timeVisible":0.61521,"tipPosition":[73.0854,472.456,45.7914],"tipVelocity":[-304.604,943.582,-246.757],"tool":false,"touchDistance":0.332795,"touchZone":"hovering","type":3,"width":18.6403},{"bases":[[[-0.671415,-0.703768,-0.232191],[-0.611792,0.349555,0.709592],[0.418225,-0.618484,0.665256]],[[-0.697512,-0.661488,-0.275518],[-0.711794,0.683932,0.159959],[-0.0826245,-0.307686,0.947894]],[[-0.697512,-0.661488,-0.275518],[-0.202399,0.550708,-0.809787],[-0.687395,0.509071,0.51801]],[[-0.697512,-0.661488,-0.275518],[0.114815,0.276357,-0.954172],[-0.707315,0.69718,0.116813]]],"btipPosition":[72.2622,425.917,75.4814],"carpPosition":[68.8046,400.805,158.399],"dipPosition":[60.4278,437.582,77.4359],"direction":[0.687395,-0.509071,-0.51801],"extended":false,"handId":146,"id":1464,"length":49.0299,"mcpPosition":[44.5415,436.687,119.805],"pipPosition":[47.3774,447.247,87.2705],"stabilizedTipPosition":[69.6795,428.122,76.0885],"timeVisible":0.61521,"tipPosition":[69.4397,428.324,74.452],"tipVelocity":[-244.935,838.796,-278.725],"tool":false,"touchDistance":0.332146,"touchZone":"hovering","type":4,"width":16.5577}],"r":[[-0.907243,0.372853,-0.194653],[-0.21535,-0.809303,-0.546492],[-0.361294,-0.453883,0.814529]],"s":-0.217927,"t":[-1058.64,-731.202,1286.72],"timestamp":630179079435},{"currentFrameRate":55.2428,"devices":[],"gestures":[{"direction":[-0.121514,0.979211,-0.16242],"duration":144624,"handIds":[146],"id":3,"pointableIds":[1461],"position":[107.603,499.024,51.1887],"speed":513.053,"startPosition":[136.432,226.747,94.8319],"state":"update","type":"swipe"},{"direction":[-0.13402,0.979076,-0.153132],"duration":144624,"handIds":[146],"id":4,"pointableIds":[1462],"position":[79.4219,525.579,42.896],"speed":533.274,"startPosition":[111.499,250.859,84.0174],"state":"update","type":"swipe"},{"direction":[-0.160989,0.960465,-0.227134],"duration":108487,"handIds":[146],"id":5,"pointableIds":[1463],"position":[63.2706,496.006,42.0946],"speed":501.794,"startPosition":[88.3616,282.602,89.161],"state":"update","type":"swipe"}],"hands":[{"armBasis":[[-0.864694,-0.0612674,-0.498549],[-0.269175,0.894506,0.356936],[-0.424087,-0.442837,0.789966]],"armWidth":65.1095,"confidence":1,"direction":[0.55979,0.735703,-0.381284],"elbow":[-328.307,70.611,241.965],"grabAngle":1.58718,"grabStrength":0.346383,"id":145,"palmNormal":[0.513764,-0.66917,-0.536897],"palmPosition":[-165.312,239.485,-1.7231],"palmVelocity":[4.90235,-28.258,9.64244],"palmWidth":91.0363,"pinchDistance":75.226,"pinchStrength":0,"r":[[0.713769,0.647466,-0.267061],[-0.681377,0.553716,-0.478669],[-0.162046,0.523628,0.836394]],"s":0.945496,"sphereCenter":[-127.416,231.137,-37.7165],"sphereRadius":57.7247,"stabilizedPalmPosition":[-165.22,242.1,-2.30745],"t":[16.181,-54.0143,-62.1025],"timeVisible":1.04849,"type":"left","wrist":[-213.746,190.238,28.5658]},{"armBasis":[[-0.921137,-0.383592,0.0660556],[-0.367739,0.913256,0.175302],[0.12757,-0.137186,0.982296]],"armWidth":65.1095,"confidence":1,"direction":[-0.220152,0.791438,-0.570226],"elbow":[120.092,364.005,443.265],"grabAngle":1.37348,"grabStrength":0,"id":146,"palmNormal":[0.299542,-0.501475,-0.811663],"palmPosition":[78.0313,455.215,126.347],"palmVelocity":[-242.121,773.578,-251.8],"palmWidth":91.0363,"pinchDistance":40.3381,"pinchStrength":0.596551,"r":[[0.89801,-0.340454,-0.278691],[-0.246775,0.134658,-0.959671],[0.364252,0.930569,0.036909]],"s":0.989911,"sphereCenter":[101.391,442.312,65.4706],"sphereRadius":65.0175,"stabilizedPalmPosition":[78.1908,454.704,126.513],"t":[-49.3056,284.696,-60.4595],"timeVisible":0.632735,"type":"left","wrist":[85.6301,401.064,177.91]}],"id":52775,"interactionBox":{"center":[0,200,0],"size":[235.247,235.247,147.751]},"pointables":[{"bases":[[[-0.611906,0.784198,0.102981],[0.0750004,-0.0720857,0.994575],[-0.787367,-0.61631,0.0147055]],[[-0.163688,0.982965,0.0835879],[0.0853741,-0.070298,0.993866],[-0.982811,-0.16982,0.0724127]],[[-0.163688,0.982965,0.0835879],[0.43067,-0.00502796,0.902496],[-0.887541,-0.183726,0.42251]],[[-0.163688,0.982965,0.0835879],[0.817983,0.0878716,0.568492],[-0.551462,-0.161429,0.818431]]],"btipPosition":[-89.5696,208.922,-3.76567],"carpPosition":[-180.556,190.693,32.427],"dipPosition":[-102.097,205.255,14.827],"direction":[0.887541,0.183726,-0.42251],"extended":true,"handId":145,"id":1450,"length":50.5885,"mcpPosition":[-180.556,190.693,32.427],"pipPosition":[-131.472,199.174,28.8105],"stabilizedTipPosition":[-92.4645,208.179,0.47108],"timeVisible":1.04849,"tipPosition":[-90.9308,209.77,4.96892],"tipVelocity":[7.70749,-58.9999,23.586],"tool":false,"touchDistance":0.251177,"touchZone":"hovering","type":0,"width":20.8809},{"bases":[[[-0.546921,0.226699,-0.805906],[-0.410026,0.766745,0.493944],[-0.729901,-0.600591,0.326396]],[[-0.596993,0.183816,-0.780904],[-0.44923,0.729879,0.515237],[-0.664675,-0.658398,0.353157]],[[-0.596993,0.183816,-0.780904],[0.0644085,0.981236,0.181733],[-0.799657,-0.0581962,0.59763]],[[-0.596993,0.183816,-0.780904],[0.600448,0.747919,-0.282984],[-0.532036,0.637831,0.556874]]],"btipPosition":[-80.8304,274.957,-29.2342],"carpPosition":[-189.86,212.505,32.7756],"dipPosition":[-89.6541,285.535,-19.9986],"direction":[0.799657,0.0581962,-0.59763],"extended":true,"handId":145,"id":1451,"length":57.0835,"mcpPosition":[-136.134,256.713,8.75056],"pipPosition":[-108.415,284.17,-5.97711],"stabilizedTipPosition":[-82.9434,277.833,-27.2967],"timeVisible":1.04849,"tipPosition":[-84.5838,285.757,-24.9071],"tipVelocity":[6.29887,-30.7373,14.385],"