{"frames":64,"data":[{"currentFrameRate":53.2049,"devices":[],"gestures":[],"hands":[{"armBasis":[[0.853221,0.333704,-0.400819],[0.00833915,0.759689,0.650233],[0.521483,-0.558135,0.645399]],"armWidth":64.9397,"confidence":1,"direction":[-0.048445,0.58363,-0.810573],"elbow":[194.017,223.781,270.166],"grabAngle":0.896189,"grabStrength":0,"id":141,"palmNormal":[-0.00428062,-0.81164,-0.584142],"palmPosition":[39.25,411.828,37.6546],"palmVelocity":[6.4178,-35.2893,-26.4119],"palmWidth":89.4639,"pinchDistance":56.5611,"pinchStrength":0.177244,"r":[[0.945288,0.288019,0.153219],[-0.24693,0.938603,-0.240938],[-0.213207,0.189921,0.95837]],"s":1.71521,"sphereCenter":[70.8959,349.525,-28.6952],"sphereRadius":96.7319,"stabilizedPalmPosition":[47.1023,423.84,51.8102],"t":[-80.7916,171.042,-157.737],"timeVisible":2.53085,"type":"right","wrist":[55.5783,371.95,98.8306]},{"armBasis":[[0.972263,0.227639,-0.0537221],[0.207796,-0.946123,-0.24834],[0.107359,-0.230288,0.967182]],"armWidth":64.9397,"confidence":0,"direction":[0.422722,0.845434,-0.326416],"elbow":[-161.402,166.353,321.141],"grabAngle":0,"grabStrength":0,"id":143,"palmNormal":[-0.611663,0.531929,0.585594],"palmPosition":[-171.156,288.34,27.9269],"palmVelocity":[1.19209e-7,1.19209e-7,1.19209e-7],"palmWidth":89.4639,"pinchDistance":52.4389,"pinchStrength":0,"r":[[1,0,-1.66533e-17],[1.84889e-34,1,1.11022e-17],[1.66533e-17,-1.11022e-17,1]],"s":1,"sphereCenter":[-74.5843,263.048,-46.9355],"sphereRadius":120.523,"stabilizedPalmPosition":[-171.156,288.34,27.9269],"t":[0,0,0],"timeVisible":2.2958,"type":"left","wrist":[-189.903,227.488,64.3813]}],"id":52446,"interactionBox":{"center":[0,200,0],"size":[235.247,235.247,147.751]},"pointables":[{"bases":[[[0.396297,0.849829,0.347476],[-0.783021,0.115224,0.61123],[0.479403,-0.514309,0.711097]],[[0.16766,0.985418,0.0290193],[-0.907971,0.142883,0.39392],[0.38403,-0.0923935,0.918686]],[[0.16766,0.985418,0.0290193],[-0.947972,0.153069,0.279139],[0.270627,-0.07431,0.959812]],[[0.16766,0.985418,0.0290193],[-0.980057,0.163419,0.113063],[0.106672,-0.0473967,0.993164]]],"btipPosition":[-8.51644,381.185,-17.5982],"carpPosition":[21.4472,373.196,80.5556],"dipPosition":[-6.14949,380.133,4.43911],"direction":[-0.270627,0.07431,-0.959812],"extended":true,"handId":141,"id":1410,"length":49.4117,"mcpPosition":[21.4472,373.196,80.5556],"pipPosition":[2.59882,377.731,35.4662],"stabilizedTipPosition":[-3.5398,388.115,-7.58689],"timeVisible":2.53085,"tipPosition":[-5.7552,380.691,-12.9326],"tipVelocity":[31.8178,-70.2989,-31.4605],"tool":false,"touchDistance":0.332882,"touchZone":"hovering","type":0,"width":20.9569},{"bases":[[[0.976503,0.122469,-0.177321],[-0.0277282,0.887389,0.460187],[0.213712,-0.444457,0.869934]],[[0.974533,0.126478,-0.18517],[-0.0807986,0.968345,0.236178],[0.20918,-0.215202,0.953903]],[[0.974533,0.126478,-0.18517],[-0.171675,0.952053,-0.253223],[0.144265,0.278564,0.949521]],[[0.974533,0.126478,-0.18517],[-0.213134,0.779107,-0.589547],[0.0697027,0.614,0.786223]]],"btipPosition":[0.525909,419.724,-53.3513],"carpPosition":[28.9405,395.138,82.9263],"dipPosition":[1.65502,429.67,-40.6154],"direction":[-0.144265,-0.278564,-0.949521],"extended":true,"handId":141,"id":1411,"length":55.7556,"mcpPosition":[13.4815,427.288,19.9991],"pipPosition":[4.96099,436.054,-18.8561],"stabilizedTipPosition":[1.35363,428.168,-47.0679],"timeVisible":2.53085,"tipPosition":[1.59435,422.369,-49.3057],"tipVelocity":[6.91143,-101.633,-38.366],"tool":false,"touchDistance":0.332799,"touchZone":"hovering","type":1,"width":20.018},{"bases":[[[0.986722,-0.0917893,-0.133995],[0.142459,0.885345,0.442571],[0.0780086,-0.455784,0.886666]],[[0.986118,-0.0884157,-0.140549],[0.129995,0.937713,0.322175],[0.10331,-0.335973,0.936189]],[[0.986118,-0.0884157,-0.140549],[0.0745326,0.992075,-0.101153],[0.148379,0.0892736,0.984893]],[[0.986118,-0.0884157,-0.140549],[0.0353656,0.938859,-0.34248],[0.162237,0.332755,0.928953]]],"btipPosition":[23.5021,436.631,-65.6415],"carpPosition":[40.4654,398.347,81.069],"dipPosition":[26.3926,442.56,-49.0906],"direction":[-0.148379,-0.0892736,-0.984893],"extended":true,"handId":141,"id":1412,"length":63.529,"mcpPosition":[35.1142,429.613,20.2456],"pipPosition":[30.393,444.966,-22.5372],"stabilizedTipPosition":[28.4962,448.662,-53.9369],"timeVisible":2.53085,"tipPosition":[23.8696,438.929,-61.5166],"tipVelocity":[17.6684,27.6866,-44.1128],"tool":false,"touchDistance":0.332697,"touchZone":"hovering","type":2,"width":19.6604},{"bases":[[[0.973881,-0.224339,-0.0350335],[0.215006,0.861544,0.459906],[-0.0729922,-0.455427,0.887276]],[[0.975599,-0.210927,-0.0609616],[0.218184,0.900334,0.376556],[-0.0245401,-0.380669,0.924386]],[[0.975599,-0.210927,-0.0609616],[0.210633,0.9775,-0.0112905],[0.0619715,-0.00182549,0.998076]],[[0.975599,-0.210927,-0.0609616],[0.187909,0.945742,-0.26507],[0.113564,0.247147,0.9623]]],"btipPosition":[54.2845,438.24,-57.93],"carpPosition":[52.3887,398.395,79.135],"dipPosition":[56.2962,442.618,-40.8835],"direction":[-0.0619715,0.00182549,-0.998076],"extended":true,"handId":141,"id":1413,"length":61.0849,"mcpPosition":[56.8843,426.445,24.4882],"pipPosition":[57.9238,442.57,-14.6696],"stabilizedTipPosition":[58.8258,449.019,-45.425],"timeVisible":2.53085,"tipPosition":[53.977,438.582,-53.8419],"tipVelocity":[16.3363,8.65187,-30.0618],"tool":false,"touchDistance":0.332884,"touchZone":"hovering","type":3,"width":18.7081},{"bases":[[[0.909885,-0.41479,-0.00761056],[0.356564,0.77252,0.525429],[-0.212063,-0.480794,0.850804]],[[0.907921,-0.419141,0.000119488],[0.382809,0.829337,0.407012],[-0.170694,-0.369489,0.913423]],[[0.907921,-0.419141,0.000119488],[0.418403,0.906306,-0.0595672],[0.0248587,0.0541323,0.998224]],[[0.907921,-0.419141,0.000119488],[0.395668,0.856982,-0.330195],[0.138296,0.299838,0.943913]]],"btipPosition":[79.2308,425.272,-36.8468],"carpPosition":[64.1392,391.378,76.2181],"dipPosition":[81.4909,430.172,-21.4211],"direction":[-0.0248587,-0.0541323,-0.998224],"extended":true,"handId":141,"id":1414,"length":47.8894,"mcpPosition":[76.2295,418.79,27.7115],"pipPosition":[81.9519,431.176,-2.91025],"stabilizedTipPosition":[84.8446,434.964,-25.096],"timeVisible":2.53085,"tipPosition":[80.0572,425.925,-33.2299],"tipVelocity":[25.5304,-16.1687,-26.9997],"tool":false,"touchDistance":0.332929,"touchZone":"hovering","type":4,"width":16.618},{"bases":[[[0.898662,-0.33007,-0.288895],[-0.429604,-0.52929,-0.731637],[-0.0885822,-0.781605,0.617452]],[[0.899994,-0.317208,-0.298981],[-0.432744,-0.567765,-0.700268],[-0.0523802,-0.75962,0.648255]],[[0.899994,-0.317208,-0.298981],[-0.350107,-0.117413,-0.929322],[-0.259685,-0.941059,0.216728]],[[0.899994,-0.317208,-0.298981],[-0.240136,0.211629,-0.94739],[-0.363793,-0.924441,-0.114292]]],"btipPosition":[-193.614,333.196,-1.43617],"carpPosition":[-212.652,244.98,34.8504],"dipPosition":[-201.686,312.684,-3.97219],"direction":[0.259685,0.941059,-0.216728],"extended":false,"handId":143,"id":1430,"length":49.4117,"mcpPosition":[-212.652,244.98,34.8504],"pipPosition":[-210.081,282.263,3.03379],"stabilizedTipPosition":[-195.471,328.478,-2.01945],"timeVisible":2.2958,"tipPosition":[-195.471,328.478,-2.01945],"tipVelocity":[1.19209e-7,1.19209e-7,1.19209e-7],"tool":false,"touchDistance":1,"touchZone":"none","type":0,"width":20.9569},{"bases":[[[0.730193,0.0947427,0.67664],[0.650057,-0.401219,-0.645328],[-0.210341,-0.911069,0.354556]],[[0.730783,0.0973096,0.675638],[0.491645,-0.761669,-0.422073],[-0.473541,-0.640618,0.604457]],[[0.730783,0.0973096,0.675638],[0.491645,-0.761669,-0.422073],[-0.473541,-0.640618,0.604457]],[[0.730783,0.0973096,0.675638],[0.491645,-0.761669,-0.422073],[-0.473541,-0.640618,0.604457]]],"btipPosition":[-138.116,360.324,-47.8697],"carpPosition":[-191.142,243.269,26.0418],"dipPosition":[-145.786,349.946,-38.0782],"direction":[0.473541,0.640618,-0.604457],"extended":true,"handId":143,"id":1431,"length":55.7556,"mcpPosition":[-175.927,309.172,0.394788],"pipPosition":[-156.638,335.266,-24.2264],"stabilizedTipPosition":[-139.88,357.937,-45.6177],"timeVisible":2.2958,"tipPosition":[-139.88,357.937,-45.6177],"tipVelocity":[1.19209e-7,1.19209e-7,1.19209e-7],"tool":false,"touchDistance":0.849068,"touchZone":"hovering","type":1,"width":20.018},{"bases":[[[0.573473,0.0377836,0.818353],[0.759371,-0.399331,-0.513703],[-0.307384,-0.916028,0.257697]],[[0.605396,0.144313,0.782732],[0.684967,-0.595317,-0.420022],[-0.405359,-0.790425,0.459252]],[[0.605396,0.144313,0.782732],[0.684967,-0.595317,-0.420022],[-0.405359,-0.790425,0.459252]],[[0.605396,0.144313,0.782732],[0.684967,-0.595317,-0.420022],[-0.405359,-0.790425,0.459252]]],"btipPosition":[-123.425,378.612,-26.3688],"carpPosition":[-181.187,244.26,32.8602],"dipPosition":[-130.648,364.529,-18.1864],"direction":[0.405359,0.790425,-0.459252],"extended":true,"handId":143,"id":1432,"length":63.529,"mcpPosition":[-160.101,307.097,15.1827],"pipPosition":[-141.576,343.219,-5.80464],"stabilizedTipPosition":[-125.087,375.373,-24.4868],"timeVisible":2.2958,"tipPosition":[-125.087,375.373,-24.4868],"tipVelocity":[1.19209e-7,1.19209e-7,1.19209e-7],"tool":false,"touchDistance":1,"touchZone":"none","type":2,"width":19.6604},{"bases":[[[0.463101,-0.0674343,0.883736],[0.788217,-0.424608,-0.445446],[-0.40528,-0.902862,0.143484]],[[0.507025,0.0378518,0.8611],[0.70196,-0.597872,-0.387041],[-0.500178,-0.800697,0.329707]],[[0.507025,0.0378518,0.8611],[0.70196,-0.597872,-0.387041],[-0.500178,-0.800697,0.329707]],[[0.507025,0.0378518,0.8611],[0.70196,-0.597872,-0.387041],[-0.500178,-0.800697,0.329707]]],"btipPosition":[-105.227,369.838,4.73011],"carpPosition":[-173.374,245.099,42.034],"dipPosition":[-114.088,355.654,10.5707],"direction":[0.500178,0.800697,-0.329707],"extended":true,"handId":143,"id":1433,"length":61.0849,"mcpPosition":[-148.413,300.706,33.1969],"pipPosition":[-127.225,334.624,19.2302],"stabilizedTipPosition":[-107.265,366.576,6.07344],"timeVisible":2.2958,"tipPosition":[-107.265,366.576,6.07344],"tipVelocity":[1.19209e-7,1.19209e-7,1.19209e-7],"tool":false,"touchDistance":1,"touchZone":"none","type":3,"width":18.7081},{"bases":[[[0.276437,-0.100387,0.955775],[0.811727,-0.508014,-0.288132],[-0.514472,-0.855479,0.0589473]],[[0.397274,0.118655,0.909997],[0.549753,-0.824758,-0.132462],[-0.73481,-0.552897,0.392886]],[[0.397274,0.118655,0.909997],[0.753861,-0.607663,-0.249877],[-0.523322,-0.785281,0.330858]],[[0.397274,0.118655,0.909997],[0.753861,-0.607663,-0.249877],[-0.523322,-0.785281,0.330858]]],"btipPosition":[-98.8056,341.208,27.6835],"carpPosition":[-171.028,246.504,55.7578],"dipPosition":[-107.358,328.375,33.0905],"direction":[0.523322,0.785281,-0.330858],"extended":true,"handId":143,"id":1434,"length":47.8894,"mcpPosition":[-141.696,295.277,52.397],"pipPosition":[-117.062,313.813,39.2258],"stabilizedTipPosition":[-100.773,338.256,28.9271],"timeVisible":2.2958,"tipPosition":[-100.773,338.256,28.9271],"tipVelocity":[1.19209e-7,1.19209e-7,1.19209e-7],"tool":false,"touchDistance":1,"touchZone":"none","type":4,"width":16.618}],"r":[[-0.819177,0.164663,0.549395],[-0.569918,-0.3412,-0.747514],[0.0643655,-0.925456,0.373347]],"s":-0.406693,"t":[-1025.64,-619.838,1173.54],"timestamp":630172300184},{"currentFrameRate":53.3713,"devices":[],"gestures":[],"hands":[{"armBasis":[[0.851501,0.330931,-0.406733],[0.011173,0.764057,0.645052],[0.524235,-0.553807,0.646897]],"armWidth":64.9397,"confidence":1,"direction":[-0.0552735,0.583768,-0.810037],"elbow":[195.179,224.137,270.139],"grabAngle":0.887392,"grabStrength":0,"id":141,"palmNormal":[-0.00693198,-0.811482,-0.584337],"palmPosition":[39.2089,410.976,37.3097],"palmVelocity":[-2.26874,-46.9693,-19.013],"palmWidth":89.4639,"pinchDistance":57.0725,"pinchStrength":0.16457,"r":[[0.945639,0.288048,0.150984],[-0.246922,0.938048,-0.243096],[-0.211653,0.1926,0.95818]],"s":1.71593,"sphereCenter":[71.0835,348.238,-29.6063],"sphereRadius":97.5133,"stabilizedPalmPosition":[47.009,423.688,51.6389],"t":[-80.7728,170.279,-158.193],"timeVisible":2.54899,"type":"right","wrist":[56.0096,371.157,98.4064]},{"armBasis":[[-0.875226,-0.482681,-0.0316058],[-0.472675,0.839544,0.267853],[0.102753,-0.249371,0.962941]],"armWidth":64.9397,"confidence":0.0952774,"direction":[0.353774,0.843059,-0.405088],"elbow":[-174.756,165.708,307.635],"grabAngle":1.17257,"grabStrength":0.104789,"id":143,"palmNormal":[0.693608,-0.527021,-0.491077],"palmPosition":[-172.587,288.354,17.76],"palmVelocity":[-78.877,0.74516,-560.439],"palmWidth":89.4639,"pinchDistance":79.3271,"pinchStrength":0,"r":[[0.977112,0.179428,-0.114266],[-0.190216,0.977448,-0.091724],[0.0952314,0.11136,0.989207]],"s":0.994315,"sphereCenter":[-131.449,288.198,-16.7479],"sphereRadius":59.9666,"stabilizedPalmPosition":[-171.163,288.34,27.8794],"t":[-0.715454,0.00675897,-5.08346],"timeVisible":2.31394,"type":"left","wrist":[-202.034,231.909,52.0013]}],"id":52447,"interactionBox":{"center":[0,200,0],"size":[235.247,235.247,147.751]},"pointables":[{"bases":[[[0.397187,0.850461,0.344905],[-0.778873,0.113607,0.616807],[0.485386,-0.513625,0.707524]],[[0.170081,0.984865,0.0333717],[-0.905501,0.142836,0.399583],[0.388768,-0.0981797,0.91609]],[[0.170081,0.984865,0.0333717],[-0.948569,0.15445,0.276336],[0.267,-0.0786551,0.960481]],[[0.170081,0.984865,0.0333717],[-0.98016,0.165577,0.108948],[0.101773,-0.0512396,0.993487]]],"btipPosition":[-8.18799,380.798,-17.7306],"carpPosition":[21.7822,372.299,80.3246],"dipPosition":[-5.92975,379.661,4.3139],"direction":[-0.267,0.0786551,-0.960481],"extended":true,"handId":141,"id":1410,"length":49.4117,"mcpPosition":[21.7822,372.299,80.3246],"pipPosition":[2.70133,377.118,35.3626],"stabilizedTipPosition":[-3.82924,387.583,-7.94255],"timeVisible":2.54899,"tipPosition":[-6.18058,379.811,-12.9497],"tipVelocity":[16.7268,-22.4264,-7.20652],"tool":false,"touchDistance":0.333202,"touchZone":"hovering","type":0,"width":20.9569},{"bases":[[[0.974992,0.12432,-0.184213],[-0.0260956,0.887206,0.460634],[0.220701,-0.444308,0.868264]],[[0.974207,0.125888,-0.187276],[-0.0764257,0.964946,0.251075],[0.212318,-0.230286,0.949678]],[[0.974207,0.125888,-0.187276],[-0.168876,0.957198,-0.23506],[0.149669,0.260624,0.953769]],[[0.974207,0.125888,-0.187276],[-0.212232,0.793126,-0.570885],[0.0766661,0.595906,0.799386]]],"btipPosition":[-0.0328768,420.148,-53.6468],"carpPosition":[29.2517,394.254,82.6485],"dipPosition":[1.20903,429.801,-40.6976],"direction":[-0.149669,-0.260624,-0.953768],"extended":true,"handId":141,"id":1411,"length":55.7556,"mcpPosition":[13.2872,426.393,19.8421],"pipPosition":[4.63885,435.773,-18.841],"stabilizedTipPosition":[1.1121,426.895,-47.8578],"timeVisible":2.54899,"tipPosition":[0.8644,421.543,-49.481],"tipVelocity":[-29.3722,19.6543,-13.5834],"tool":false,"touchDistance":0.333101,"touchZone":"hovering","type":1,"width":20.018},{"bases":[[[0.985913,-0.0899313,-0.141023],[0.143966,0.885482,0.44181],[0.0851408,-0.455889,0.885955]],[[0.98549,-0.0877271,-0.145303],[0.130852,0.937928,0.321199],[0.108106,-0.335552,0.935798]],[[0.98549,-0.0877271,-0.145303],[0.0735667,0.992252,-0.100123],[0.15296,0.0879807,0.984308]],[[0.98549,-0.0877271,-0.145303],[0.0333207,0.939407,-0.34118],[0.166429,0.331388,0.9287]]],"btipPosition":[22.8873,435.816,-65.9133],"carpPosition":[40.7573,397.485,80.7104],"dipPosition":[25.8525,441.72,-49.3668],"direction":[-0.15296,-0.0879807,-0.984308],"extended":true,"handId":141,"id":1412,"length":63.529,"mcpPosition":[34.9168,428.758,19.9358],"pipPosition":[29.9765,444.092,-22.8292],"stabilizedTipPosition":[28.2188,448.015,-54.3969],"timeVisible":2.54899,"tipPosition":[23.0816,438.065,-61.7468],"tipVelocity":[-32.9427,-45.2264,-15.0369],"tool":false,"touchDistance":0.333074,"touchZone":"hovering","type":2,"width":19.6604},{"bases":[[[0.97402,-0.222533,-0.042012],[0.216678,0.86181,0.458623],[-0.0658522,-0.455811,0.887637]],[[0.9754,-0.210632,-0.0650267],[0.219414,0.899213,0.378515],[-0.0212547,-0.383472,0.923308]],[[0.9754,-0.210632,-0.0650267],[0.210773,0.977523,-0.00477207],[0.0645703,-0.00905117,0.997872]],[[0.9754,-0.210632,-0.0650267],[0.186984,0.946778,-0.262007],[0.116753,0.243403,0.962873]]],"btipPosition":[53.8585,437.799,-58.3546],"carpPosition":[52.6665,397.556,78.6918],"dipPosition":[55.9267,442.111,-41.2979],"direction":[-0.0645703,0.00905117,-0.997872],"extended":true,"handId":141,"id":1413,"length":61.0849,"mcpPosition":[56.7223,425.629,24.0227],"pipPosition":[57.6226,441.873,-15.0894],"stabilizedTipPosition":[58.6998,448.732,-45.6777],"timeVisible":2.54899,"tipPosition":[53.2706,437.814,-54.2858],"tipVelocity":[-22.7636,-25.1511,-23.2754],"tool":false,"touchDistance":0.332959,"touchZone":"hovering","type":3,"width":18.7081},{"bases":[[[0.910571,-0.413109,-0.0141917],[0.358861,0.773028,0.523112],[-0.205132,-0.481424,0.852146]],[[0.908442,-0.417974,-0.00554118],[0.383787,0.828739,0.407307],[-0.165652,-0.372142,0.913274]],[[0.908442,-0.417974,-0.00554118],[0.417062,0.907193,-0.0553156],[0.0281474,0.04794,0.998454]],[[0.908442,-0.417974,-0.00554118],[0.393426,0.859418,-0.326523],[0.14124,0.294447,0.945173]]],"btipPosition":[78.8271,424.783,-37.4717],"carpPosition":[64.4088,390.561,75.6895],"dipPosition":[81.1353,429.595,-22.0255],"direction":[-0.0281474,-0.04794,-0.998454],"extended":true,"handId":141,"id":1414,"length":47.8894,"mcpPosition":[76.1039,418.008,27.1064],"pipPosition":[81.6573,430.484,-3.51037],"stabilizedTipPosition":[84.7309,434.776,-25.2788],"timeVisible":2.54899,"tipPosition":[79.4832,425.183,-33.8597],"tipVelocity":[-21.6442,-28.0832,-34.1899],"tool":false,"touchDistance":0.332796,"touchZone":"hovering","type":4,"width":16.618},{"bases":[[[-0.803852,0.592736,0.0498582],[0.0567485,-0.007017,0.998364],[-0.592116,-0.805366,0.0279963]],[[-0.45915,0.88777,0.0323385],[0.15076,0.0419947,0.987678],[-0.875473,-0.458368,0.153122]],[[-0.45915,0.88777,0.0323385],[0.308289,0.125094,0.943032],[-0.83315,-0.442963,0.331127]],[[-0.45915,0.88777,0.0323385],[0.481674,0.218202,0.848751],[-0.746439,-0.405281,0.527803]]],"btipPosition":[-88.7921,285.409,23.4077],"carpPosition":[-175.256,239.6,53.3386],"dipPosition":[-105.355,276.416,35.1192],"direction":[0.83315,0.442963,-0.331127],"extended":true,"handId":143,"id":1430,"length":49.4117,"mcpPosition":[-175.256,239.6,53.3386],"pipPosition":[-132.287,262.097,45.8232],"stabilizedTipPosition":[-129.222,299.409,16.0906],"timeVisible":2.31394,"tipPosition":[-98.2803,288.608,26.1198],"tipVelocity":[5670.53,-2488.16,1550.13],"tool":false,"touchDistance":1,"touchZone":"none","type":0,"width":20.9569},{"bases":[[[-0.559189,0.0358318,-0.828266],[-0.618571,0.647146,0.445614],[-0.551976,-0.761524,0.339712]],[[-0.56954,0.021406,-0.821685],[-0.713363,0.483739,0.50706],[-0.408335,-0.874951,0.260238]],[[-0.56954,0.021406,-0.821685],[-0.455968,0.82352,0.337502],[-0.683898,-0.566883,0.459267]],[[-0.56954,0.021406,-0.821685],[-0.159708,0.977727,0.136171],[-0.806299,-0.208784,0.553436]]],"btipPosition":[-104.551,364.849,-2.26111],"carpPosition":[-189.845,257.752,52.4021],"dipPosition":[-117.612,361.467,6.70396],"direction":[0.683899,0.566883,-0.459267],"extended":true,"handId":143,"id":1431,"length":55.7556,"mcpPosition":[-149.917,312.837,27.8288],"pipPosition":[-133.285,348.476,17.2285],"stabilizedTipPosition":[-126.554,360.466,-26.8941],"timeVisible":2.31394,"tipPosition":[-112.556,368.52,3.74077],"tipVelocity":[1781.85,338.137,2503.64],"tool":false,"touchDistance":1,"touchZone":"none","type":1,"width":20.018},{"bases":[[[-0.514922,-0.178233,-0.838503],[-0.716172,0.627011,0.306521],[-0.471119,-0.758347,0.450508]],[[-0.508019,-0.16719,-0.844964],[-0.706204,0.642487,0.297465],[-0.493145,-0.747835,0.444466]],[[-0.508019,-0.16719,-0.844964],[-0.308807,0.951121,-0.00253105],[-0.804087,-0.259645,0.534817]],[[-0.508019,-0.16719,-0.844964],[0.124481,0.956432,-0.264088],[-0.852303,0.239344,0.465074]]],"btipPosition":[-105.54,348.637,-30.8892],"carpPosition":[-197.258,259.705,43.0314],"dipPosition":[-120.725,352.901,-22.6031],"direction":[0.804087,0.259645,-0.534817],"extended":true,"handId":143,"id":1432,"length":63.529,"mcpPosition":[-164.94,311.726,12.1276],"pipPosition":[-142.404,345.901,-8.18409],"stabilizedTipPosition":[-114.507,358.4,-27.4501],"timeVisible":2.31394,"tipPosition":[-112.863,355.532,-26.3305],"tipVelocity":[884.975,-1419.72,-247.869],"tool":false,"touchDistance":1,"touchZone":"none","type":2,"width":19.6604},{"bases":[[[-0.523176,-0.334644,-0.783773],[-0.765784,0.588181,0.260035],[-0.373981,-0.736245,0.563987]],[[-0.512138,-0.313205,-0.799761],[-0.685013,0.710666,0.160344],[-0.518142,-0.629965,0.578509]],[[-0.512138,-0.313205,-0.799761],[-0.209694,0.94856,-0.237197],[-0.832912,-0.0462276,0.551471]],[[-0.512138,-0.313205,-0.799761],[0.222138,0.851161,-0.475584],[-0.82968,0.421222,0.366337]]],"btipPosition":[-122.145,324.513,-47.3544],"carpPosition":[-203.701,258.729,32.8608],"dipPosition":[-136.843,331.974,-40.865],"direction":[0.832912,0.0462276,-0.551471],"extended":true,"handId":143,"id":1433,"length":61.0849,"mcpPosition":[-180.668,304.074,-1.87485],"pipPosition":[-158.719,330.76,-26.381],"stabilizedTipPosition":[-115.308,348.805,-16.8011],"timeVisible":2.31394,"tipPosition":[-129.471,332.166,-44.6081],"tipVelocity":[-1006.58,-2224.07,-2862.87],"tool":false,"touchDistance":0.716295,"touchZone":"hovering","type":3,"width":18.7081},{"bases":[[[-0.429174,-0.510161,-0.745349],[-0.867846,0.461599,0.183763],[-0.250304,-0.725715,0.640848]],[[-0.435986,-0.530196,-0.727192],[-0.787984,0.615233,0.0238667],[-0.434739,-0.583421,0.686019]],[[-0.435986,-0.530196,-0.727192],[-0.236603,0.847137,-0.475792],[-0.868295,0.0353828,0.494786]],[[-0.435986,-0.530196,-0.727192],[0.215539,0.723,-0.656365],[-0.873762,0.442904,0.20094]]],"btipPosition":[-147.524,304.704,-50.8209],"carpPosition":[-206.749,251.664,21.1728],"dipPosition":[-161.803,311.942,-47.5371],"direction":[0.868294,-0.0353828,-0.494786],"extended":false,"handId":143,"id":1434,"length":47.8894,"mcpPosition":[-192.479,293.039,-15.3637],"pipPosition":[-177.904,312.598,-38.3619],"stabilizedTipPosition":[-121.7,324.919,-4.11146],"timeVisible":2.31394,"tipPosition":[-155.207,311.98,-48.6473],"tipVelocity":[-2758.13,-1757.79,-4354.37],"tool":false,"touchDistance":0.618959,"touchZone":"hovering","type":4,"width":16.618}],"r":[[-0.825307,0.130233,0.549461],[-0.556866,-0.349061,-0.753695],[0.0936394,-0.928006,0.360605]],"s":-0.415546,"t":[-1025.76,-620.393,1173.1],"timestamp":630172318325},{"currentFrameRate":53.5928,"devices":[],"gestures":[],"hands":[{"armBasis":[[0.850435,0.329772,-0.409891],[0.0135847,0.765116,0.643749],[0.525904,-0.553035,0.646202]],"armWidth":64.9397,"confidence":1,"direction":[-0.0615256,0.582086,-0.810796],"elbow":[195.829,223.817,269.949],"grabAngle":0.88273,"grabStrength":0,"id":141,"palmNormal":[-0.00884784,-0.812621,-0.582725],"palmPosition":[38.995,410.309,37.3244],"palmVelocity":[-11.969,-37.3423,0.826574],"palmWidth":89.4639,"pinchDistance":56.6985,"pinchStrength":0.173838,"r":[[0.945981,0.288519,0.14791],[-0.247615,0.937403,-0.244873],[-0.209302,0.195021,0.958206]],"s":1.71548,"sphereCenter":[71.0222,347.565,-29.6921],"sphereRadius":97.6493,"stabilizedPalmPosition":[46.8698,423.456,51.3903],"t":[-80.8703,169.564,-158.414],"timeVisible":2.56686,"type":"right","wrist":[56.2165,370.632,98.4004]},{"armBasis":[[-0.909925,-0.394205,-0.12899],[-0.414747,0.861362,0.293325],[0.00452282,-0.320403,0.947271]],"armWidth":64.9397,"confidence":0.187458,"direction":[0.34646,0.869868,-0.351134],"elbow":[-200.187,145.582,301.939],"grabAngle":1.08297,"grabStrength":0,"id":143,"palmNormal":[0.681147,-0.490651,-0.543416],"palmPosition":[-171.218,289.21,19.861],"palmVelocity":[76.6292,47.9369,117.581],"palmWidth":89.4639,"pinchDistance":78.3552,"pinchStrength":0,"r":[[0.925567,0.309328,-0.218272],[-0.341888,0.930567,-0.130984],[0.1626,0.195859,0.967058]],"s":1.00948,"sphereCenter":[-132.203,291.95,-17.0598],"sphereRadius":60.3583,"stabilizedPalmPosition":[-171.163,288.347,27.8218],"t":[-0.388538,0.438431,-6.57466],"timeVisible":2.33181,"type":"left","wrist":[-201.387,230.64,50.4657]}],"id":52448,"interactionBox":{"center":[0,200,0],"size":[235.247,235.247,147.751]},"pointables":[{"bases":[[[0.397527,0.851954,0.340801],[-0.77527,0.113167,0.62141],[0.490845,-0.51124,0.705482]],[[0.172433,0.984368,0.0358592],[-0.903354,0.143518,0.40417],[0.392706,-0.102086,0.913981]],[[0.172433,0.984368,0.0358592],[-0.949389,0.156382,0.272405],[0.262539,-0.0810158,0.961514]],[[0.172433,0.984368,0.0358592],[-0.980514,0.168051,0.101736],[0.0941196,-0.0527031,0.994165]]],"btipPosition":[-7.93251,380.478,-17.4793],"carpPosition":[21.917,371.679,80.5208],"dipPosition":[-5.84409,379.308,4.58022],"direction":[-0.262539,0.0810158,-0.961514],"extended":false,"handId":141,"id":1410,"length":49.4117,"mcpPosition":[21.917,371.679,80.5208],"pipPosition":[2.64278,376.689,35.6623],"stabilizedTipPosition":[-4.03714,387.16,-8.19867],"timeVisible":2.56686,"tipPosition":[-6.68459,379.021,-12.582],"tipVelocity":[12.1116,-18.329,14.2556],"tool":false,"touchDistance":0.333518,"touchZone":"hovering","type":0,"width":20.9569},{"bases":[[[0.973567,0.126005,-0.190499],[-0.0251057,0.888037,0.459085],[0.227017,-0.442168,0.867728]],[[0.973962,0.125233,-0.188983],[-0.0744576,0.964042,0.255106],[0.214136,-0.234393,0.948265]],[[0.973962,0.125233,-0.188983],[-0.17007,0.954804,-0.243774],[0.149914,0.269567,0.951241]],[[0.973962,0.125233,-0.188983],[-0.21228,0.796416,-0.566268],[0.079594,0.591641,0.802263]]],"btipPosition":[-0.514045,419.424,-53.4314],"carpPosition":[29.3545,393.653,82.7562],"dipPosition":[0.775292,429.008,-40.4356],"direction":[-0.149914,-0.269567,-0.951241],"extended":true,"handId":141,"id":1411,"length":55.7556,"mcpPosition":[12.9331,425.638,19.9885],"pipPosition":[4.21072,435.185,-18.6369],"stabilizedTipPosition":[0.815755,425.721,-48.4339],"timeVisible":2.56686,"tipPosition":[0.0835085,420.652,-49.2749],"tipVelocity":[-26.317,-41.4002,12.6521],"tool":false,"touchDistance":0.333492,"touchZone":"hovering","type":1,"width":20.018},{"bases":[[[0.985207,-0.0881393,-0.146967],[0.144839,0.886632,0.439209],[0.091594,-0.453998,0.886282]],[[0.984943,-0.0868519,-0.149479],[0.131246,0.938438,0.319543],[0.112524,-0.33435,0.935707]],[[0.984943,-0.0868519,-0.149479],[0.0722252,0.992297,-0.100651],[0.157069,0.0883393,0.983629]],[[0.984943,-0.0868519,-0.149479],[0.030919,0.9392,-0.341975],[0.170092,0.332204,0.927744]]],"btipPosition":[22.1504,435.027,-65.8661],"carpPosition":[40.8409,396.905,80.7405],"dipPosition":[25.1809,440.946,-49.3367],"direction":[-0.157069,-0.0883393,-0.983629],"extended":true,"handId":141,"id":1412,"length":63.529,"mcpPosition":[34.5578,428.048,19.9435],"pipPosition":[29.4156,443.328,-22.8174],"stabilizedTipPosition":[27.8481,447.213,-54.9261],"timeVisible":2.56686,"tipPosition":[22.2051,437.162,-61.6867],"tipVelocity":[-40.3993,-43.9665,2.42061],"tool":false,"touchDistance":0.333354,"touchZone":"hovering","type":2,"width":19.6604},{"bases":[[[0.974207,-0.220574,-0.0476298],[0.217703,0.863145,0.455616],[-0.0593855,-0.454233,0.888901]],[[0.975339,-0.209767,-0.0686443],[0.220006,0.899127,0.378375],[-0.0176506,-0.384146,0.923104]],[[0.975339,-0.209767,-0.0686443],[0.210112,0.977675,-0.002227],[0.067579,-0.012251,0.997639]],[[0.975339,-0.209767,-0.0686443],[0.185299,0.947201,-0.261676],[0.119911,0.242503,0.962712]]],"btipPosition":[53.2434,437.271,-58.4587],"carpPosition":[52.7372,396.997,78.6479],"dipPosition":[55.3675,441.567,-41.4048],"direction":[-0.067579,0.012251,-0.997639],"extended":true,"handId":141,"id":1413,"length":61.0849,"mcpPosition":[56.3948,424.973,23.901],"pipPosition":[57.1424,441.245,-15.2025],"stabilizedTipPosition":[58.5144,448.341,-46.0082],"timeVisible":2.56686,"tipPosition":[52.4633,437.03,-54.4109],"tipVelocity":[-33.7051,-29.7407,-5.86249],"tool":false,"touchDistance":0.333227,"touchZone":"hovering","type":3,"width":18.7081},{"bases":[[[0.911333,-0.411228,-0.0190508],[0.36047,0.774786,0.519392],[-0.198828,-0.480206,0.854324]],[[0.908912,-0.416893,-0.00892022],[0.384245,0.82904,0.406261],[-0.161972,-0.372683,0.913713]],[[0.908912,-0.416893,-0.00892022],[0.415889,0.90786,-0.0531685],[0.0302639,0.0446156,0.998546]],[[0.908912,-0.416893,-0.00892022],[0.391709,0.860951,-0.324541],[0.142979,0.291485,0.945829]]],"btipPosition":[78.3433,424.302,-37.7264],"carpPosition":[64.4754,390.021,75.5862],"dipPosition":[80.6799,429.065,-22.2694],"direction":[-0.0302639,-0.0446156,-0.998546],"extended":true,"handId":141,"id":1414,"length":47.8894,"mcpPosition":[75.8112,417.399,26.8789],"pipPosition":[81.2412,429.893,-3.75259],"stabilizedTipPosition":[84.5813,434.536,-25.5064],"timeVisible":2.56686,"tipPosition":[78.7988,424.482,-34.1217],"tipVelocity":[-26.7074,-27.5727,-14.1126],"tool":false,"touchDistance":0.333096,"touchZone":"hovering","type":4,"width":16.618},{"bases":[[[-0.801171,0.588108,0.110701],[0.0792501,-0.0790872,0.993713],[-0.593165,-0.804906,-0.0167547]],[[-0.492095,0.863817,0.107994],[0.134618,-0.047054,0.98978],[-0.86007,-0.501604,0.0931298]],[[-0.492095,0.863817,0.107994],[0.302428,0.0533065,0.951681],[-0.816321,-0.500978,0.287474]],[[-0.492095,0.863817,0.107994],[0.485596,0.169413,0.857611],[-0.722523,-0.474468,0.502833]]],"btipPosition":[-88.5607,289.359,26.8602],"carpPosition":[-173.194,238.018,51.8813],"dipPosition":[-104.593,278.831,38.0175],"direction":[0.816321,0.500978,-0.287474],"extended":true,"handId":143,"id":1430,"length":49.4117,"mcpPosition":[-173.194,238.018,51.8813],"pipPosition":[-130.981,262.637,47.3105],"stabilizedTipPosition":[-108.258,292.338,23.652],"timeVisible":2.33181,"tipPosition":[-95.5667,288.323,27.2873],"tipVelocity":[19.7759,201.314,186.076],"tool":false,"touchDistance":1,"touchZone":"none","type":0,"width":20.9569},{"bases":[[[-0.577657,0.095873,-0.81063],[-0.606882,0.613695,0.505047],[-0.5459,-0.783701,0.296321]],[[-0.609351,0.0487071,-0.791403],[-0.707346,0.417592,0.570331],[-0.358263,-0.907328,0.220008]],[[-0.609351,0.0487071,-0.791403],[-0.54896,0.694289,0.465409],[-0.572131,-0.718046,0.396328]],[[-0.609351,0.0487071,-0.791403],[-0.360449,0.872,0.3312],[-0.706235,-0.487077,0.513798]]],"btipPosition":[-109.127,374.191,4.78638],"carpPosition":[-187.759,256.199,52.5877],"dipPosition":[-120.567,366.301,13.1093],"direction":[0.572131,0.718046,-0.396328],"extended":true,"handId":143,"id":1431,"length":55.7556,"mcpPosition":[-148.271,312.888,31.1531],"pipPosition":[-133.678,349.847,22.1916],"stabilizedTipPosition":[-120.287,365.511,-12.6643],"timeVisible":2.33181,"tipPosition":[-111.498,371,8.91975],"tipVelocity":[-235.184,464.805,386.133],"tool":false,"touchDistance":0.390053,"touchZone":"hovering","type":1,"width":20.018},{"bases":[[[-0.53412,-0.116923,-0.837284],[-0.707643,0.603713,0.367113],[-0.462556,-0.78858,0.405195]],[[-0.534457,-0.117498,-0.836989],[-0.706334,0.605939,0.365965],[-0.464164,-0.786786,0.406841]],[[-0.534457,-0.117498,-0.836989],[-0.432843,0.888623,0.151644],[-0.72595,-0.443331,0.525789]],[[-0.534457,-0.117498,-0.836989],[-0.144922,0.988363,-0.0462088],[-0.832679,-0.0966017,0.545265]]],"btipPosition":[-108.027,362.552,-26.7253],"carpPosition":[-195.377,258.828,43.5529],"dipPosition":[-122.863,360.831,-17.0105],"direction":[0.72595,0.443331,-0.525789],"extended":true,"handId":143,"id":1432,"length":63.529,"mcpPosition":[-163.646,312.923,15.7574],"pipPosition":[-142.435,348.879,-2.83485],"stabilizedTipPosition":[-112.311,361.089,-25.332],"timeVisible":2.33181,"tipPosition":[-111.983,360.488,-22.1783],"tipVelocity":[-134.696,701.683,251.413],"tool":false,"touchDistance":1,"touchZone":"none","type":2,"width":19.6604},{"bases":[[[-0.541492,-0.276871,-0.793807],[-0.75838,0.568371,0.319084],[-0.362832,-0.774788,0.517741]],[[-0.544754,-0.283874,-0.789087],[-0.618583,0.771356,0.14955],[-0.566214,-0.569584,0.595799]],[[-0.544754,-0.283874,-0.789087],[-0.065799,0.952531,-0.297247],[-0.83601,0.110006,0.537574]],[[-0.544754,-0.283874,-0.789087],[0.338957,0.786137,-0.516815],[-0.76704,0.549003,0.332031]]],"btipPosition":[-120.173,317.826,-43.6396],"carpPosition":[-202.05,258.593,33.4871],"dipPosition":[-133.761,327.551,-37.7579],"direction":[0.83601,-0.110006,-0.537574],"extended":false,"handId":143,"id":1433,"length":61.0849,"mcpPosition":[-179.704,306.312,1.59968],"pipPosition":[-155.718,330.44,-23.6389],"stabilizedTipPosition":[-119.248,334.633,-29.3671],"timeVisible":2.33181,"tipPosition":[-126.503,329.127,-41.1661],"tipVelocity":[124.646,-345.085,200.069],"tool":false,"touchDistance":0.731624,"touchZone":"hovering","type":3,"width":18.7081},{"bases":[[[-0.447047,-0.454763,-0.770286],[-0.862425,0.44769,0.236213],[-0.237428,-0.769912,0.592337]],[[-0.461848,-0.504963,-0.729183],[-0.763372,0.644904,0.0369025],[-0.451619,-0.573681,0.683323]],[[-0.461848,-0.504963,-0.729183],[-0.228852,0.862122,-0.452075],[-0.856927,0.041915,0.513732]],[[-0.461848,-0.504963,-0.729183],[0.203272,0.739975,-0.641185],[-0.863352,0.444352,0.239111]]],"btipPosition":[-146.701,307.48,-48.7207],"carpPosition":[-205.378,252.392,21.392],"dipPosition":[-160.81,314.742,-44.8131],"direction":[0.856927,-0.041915,-0.513732],"extended":false,"handId":143,"id":1434,"length":47.8894,"mcpPosition":[-191.841,296.287,-12.3787],"pipPosition":[-176.701,315.519,-35.2866],"stabilizedTipPosition":[-133.618,318.266,-22.5551],"timeVisible":2.33181,"tipPosition":[-154.315,316.026,-45.5511],"tipVelocity":[48.2175,155.676,125.559],"tool":false,"touchDistance":0.624051,"touchZone":"hovering","type":4,"width":16.618}],"r":[[-0.827614,0.106338,0.551133],[-0.549275,-0.355572,-0.756218],[0.115553,-0.92858,0.352685]],"s":-0.422233,"t":[-1026.06,-620.875,1173.5],"timestamp":630172336194},{"currentFrameRate":53.7312,"devices":[],"gestures":[],"hands":[{"armBasis":[[0.850914,0.333249,-0.406067],[0.0102393,0.762343,0.647092],[0.525205,-0.554777,0.645276]],"armWidth":64.9397,"confidence":1,"direction":[-0.065569,0.580683,-0.811485],"elbow":[195.995,223.006,269.601],"grabAngle":0.871,"grabStrength":0,"id":141,"palmNormal":[-0.00480731,-0.813409,-0.581672],"palmPosition":[39.117,409.838,37.2092],"palmVelocity":[6.7358,-25.9921,-6.35751],"palmWidth":89.4639,"pinchDistance":56.9183,"pinchStrength":0.168392,"r":[[0.945949,0.289996,0.145197],[-0.249277,0.936539,-0.246487],[-0.207463,0.19697,0.958208]],"s":1.71571,"sphereCenter":[71.2744,346.87,-29.9092],"sphereRadius":97.9446,"stabilizedPalmPosition":[46.7042,423.165,51.0874],"t":[-80.8581,168.971,-158.582],"timeVisible":2.58498,"type":"right","wrist":[56.5676,370.283,98.2988]},{"armBasis":[[-0.905315,-0.349032,-0.242035],[-0.413123,0.855963,0.310898],[-0.0986593,-0.381451,0.919109]],"armWidth":64.9397,"confidence":0.277668,"direction":[0.344617,0.876573,-0.335944],"elbow":[-228.402,129.752,293.372],"grabAngle":1.12097,"grabStrength":0,"id":143,"palmNormal":[0.678982,-0.479873,-0.555613],"palmPosition":[-171.031,290.381,20.3242],"palmVelocity":[10.3122,64.6288,25.5628],"palmWidth":89.4639,"pinchDistance":77.4462,"pinchStrength":0,"r":[[0.863889,0.402167,-0.303245],[-0.458891,0.876631,-0.144696],[0.207642,0.264158,0.941863]],"s":1.02227,"sphereCenter":[-132.624,293.071,-18.3209],"sphereRadius":60.5713,"stabilizedPalmPosition":[-171.162,288.373,27.7241],"t":[-0.131656,1.23977,-7.08867],"timeVisible":2.34993,"type":"left","wrist":[-202.211,231.016,49.3743]}],"id":52449,"interactionBox":{"center":[0,200,0],"size":[235.247,235.247,147.751]},"pointables":[{"bases":[[[0.393032,0.854623,0.339331],[-0.775314,0.109593,0.621995],[0.494383,-0.507552,0.705674]],[[0.168012,0.985133,0.0358498],[-0.905244,0.139786,0.401239],[0.390263,-0.0998658,0.915271]],[[0.168012,0.985133,0.0358498],[-0.951536,0.152565,0.267026],[0.257587,-0.078976,0.963022]],[[0.168012,0.985133,0.0358498],[-0.981531,0.163802,0.0988178],[0.0914764,-0.0517903,0.99446]]],"btipPosition":[-7.21307,379.771,-17.6475],"carpPosition":[22.2977,371.168,80.4713],"dipPosition":[-5.1833,378.622,4.41863],"direction":[-0.257587,0.078976,-0.963022],"extended":false,"handId":141,"id":1410,"length":49.4117,"mcpPosition":[22.2977,371.168,80.4713],"pipPosition":[3.1435,376.069,35.5494],"stabilizedTipPosition":[-4.21438,386.659,-8.48481],"timeVisible":2.58498,"tipPosition":[-6.44194,378.269,-12.6125],"tipVelocity":[38.9621,-38.7109,-9.1957],"tool":false,"touchDistance":0.333204,"touchZone":"hovering","type":0,"width":20.9569},{"bases":[[[0.972662,0.13125,-0.191579],[-0.0296871,0.888473,0.457967],[0.230321,-0.43976,0.86808]],[[0.972743,0.131095,-0.191272],[-0.0793178,0.963208,0.256785],[0.217898,-0.234614,0.947352]],[[0.972743,0.131095,-0.191272],[-0.174932,0.956322,-0.234193],[0.152217,0.261269,0.953189]],[[0.972743,0.131095,-0.191272],[-0.217231,0.803762,-0.553875],[0.0811273,0.580328,0.810332]]],"btipPosition":[-0.725201,419.166,-53.6799],"carpPosition":[29.6132,393.187,82.6715],"dipPosition":[0.588973,428.566,-40.5534],"direction":[-0.152217,-0.261269,-0.953189],"extended":true,"handId":141,"id":1411,"length":55.7556,"mcpPosition":[12.9528,424.997,19.8783],"pipPosition":[4.07717,434.554,-18.71],"stabilizedTipPosition":[0.576238,424.872,-48.8645],"timeVisible":2.58498,"tipPosition":[0.0492096,419.902,-49.4128],"tipVelocity":[-11.3386,-16.576,-12.0524],"tool":false,"touchDistance":0.333159,"touchZone":"hovering","type":1,"width":20.018},{"bases":[[[0.98555,-0.0827685,-0.147783],[0.140244,0.888001,0.437933],[0.0949847,-0.45233,0.886778]],[[0.98513,-0.0808106,-0.151619],[0.12602,0.93969,0.317965],[0.11678,-0.332344,0.935901]],[[0.98513,-0.0808106,-0.151619],[0.066159,0.992854,-0.099314],[0.158561,0.0878062,0.983437]],[[0.98513,-0.0808106,-0.151619],[0.024772,0.940067,-0.340088],[0.170015,0.331275,0.92809]]],"btipPosition":[21.9228,434.448,-66.0097],"carpPosition":[41.0793,396.501,80.6408],"dipPosition":[24.9519,440.35,-49.4741],"direction":[-0.158561,-0.0878062,-0.983437],"extended":true,"handId":141,"id":1412,"length":63.529,"mcpPosition":[34.5635,427.529,19.8097],"pipPosition":[29.2268,442.717,-22.96],"stabilizedTipPosition":[27.4562,446.358,-55.4718],"timeVisible":2.58498,"tipPosition":[22.0886,436.461,-61.8244],"tipVelocity":[-12.5802,-32.1918,-7.84754],"tool":false,"touchDistance":0.333216,"touchZone":"hovering","type":2,"width":19.6604},{"bases":[[[0.975391,-0.215135,-0.0482657],[0.213255,0.864947,0.4543],[-0.0559885,-0.453413,0.88954]],[[0.976465,-0.20403,-0.0699125],[0.215185,0.899775,0.379606],[-0.0145455,-0.385716,0.922503]],[[0.976465,-0.20403,-0.0699125],[0.204832,0.978787,0.00442253],[0.0675271,-0.0186387,0.997543]],[[0.976465,-0.20403,-0.0699125],[0.181031,0.951556,-0.248532],[0.117234,0.230026,0.966097]]],"btipPosition":[53.1871,437.336,-58.6411],"carpPosition":[52.9729,396.657,78.5368],"dipPosition":[55.2638,441.411,-41.5273],"direction":[-0.0675271,0.0186387,-0.997543],"extended":true,"handId":141,"id":1413,"length":61.0849,"mcpPosition":[56.4212,424.582,23.7506],"pipPosition":[57.0373,440.921,-15.3275],"stabilizedTipPosition":[58.4168,448.138,-46.1833],"timeVisible":2.58498,"tipPosition":[52.3931,436.576,-54.5775],"tipVelocity":[-3.7099,0.778581,-9.30951],"tool":false,"touchDistance":0.333187,"touchZone":"hovering","type":3,"width":18.7081},{"bases":[[[0.913621,-0.406104,-0.0193824],[0.356578,0.777477,0.518055],[-0.195315,-0.480217,0.855128]],[[0.910431,-0.413619,-0.00590859],[0.38019,0.83105,0.405969],[-0.163006,-0.371854,0.913868]],[[0.910431,-0.413619,-0.00590859],[0.412871,0.909483,-0.0487673],[0.0255448,0.0419598,0.998793]],[[0.910431,-0.413619,-0.00590859],[0.390999,0.865129,-0.31412],[0.135038,0.283675,0.949365]]],"btipPosition":[78.6669,424.174,-37.9529],"carpPosition":[64.7474,389.743,75.473],"dipPosition":[80.8738,428.81,-22.4382],"direction":[-0.0255448,-0.0419598,-0.998793],"extended":true,"handId":141,"id":1414,"length":47.8894,"mcpPosition":[75.8828,417.122,26.7199],"pipPosition":[81.3475,429.588,-3.91679],"stabilizedTipPosition":[84.4465,434.304,-25.7277],"timeVisible":2.58498,"tipPosition":[78.7831,424.17,-34.2949],"tipVelocity":[16.2122,-8.67022,-11.7708],"tool":false,"touchDistance":0.333144,"touchZone":"hovering","type":4,"width":16.618},{"bases":[[[-0.800907,0.58552,0.125358],[