{"frames":79,"data":[{"currentFrameRate":54.7953,"devices":[],"gestures":[],"hands":[{"armBasis":[[-0.844832,0.0172334,-0.534753],[-0.196107,0.919948,0.339468],[-0.497795,-0.391662,0.773822]],"armWidth":63.0026,"confidence":1,"direction":[0.556804,0.762377,-0.329774],"elbow":[-317.441,108.112,223.277],"grabAngle":0.935019,"grabStrength":0,"id":148,"palmNormal":[0.528398,-0.631416,-0.567547],"palmPosition":[-138.549,260.289,-6.64167],"palmVelocity":[-45.7166,11.4016,-25.3878],"palmWidth":88.6836,"pinchDistance":85.227,"pinchStrength":0,"r":[[0.904113,-0.340548,-0.258081],[0.328251,0.940223,-0.0907305],[0.273552,-0.00268459,0.961853]],"s":1.54106,"sphereCenter":[-110.261,285.216,-19.8895],"sphereRadius":53.6014,"stabilizedPalmPosition":[-136.162,260.526,-4.3492],"t":[39.7478,12.7469,-148.206],"timeVisible":0.614656,"type":"left","wrist":[-186.443,211.18,19.6406]}],"id":53105,"interactionBox":{"center":[0,200,0],"size":[235.247,235.247,147.751]},"pointables":[{"bases":[[[-0.621863,0.770564,0.139706],[0.0621922,-0.129238,0.989661],[-0.780652,-0.624123,-0.0324456]],[[-0.229313,0.963204,0.140194],[-0.0209917,-0.148892,0.988631],[-0.973126,-0.223762,-0.0543622]],[[-0.229313,0.963204,0.140194],[0.285972,-0.0710054,0.955604],[-0.930395,-0.259223,0.259167]],[[-0.229313,0.963204,0.140194],[0.644822,0.0424378,0.763154],[-0.729123,-0.265401,0.630826]]],"btipPosition":[-60.0413,235.807,4.00773],"carpPosition":[-153.328,210.748,23.5869],"dipPosition":[-76.1104,229.958,17.9105],"direction":[0.930395,0.259223,-0.259167],"extended":true,"handId":148,"id":1480,"length":49.0776,"mcpPosition":[-153.328,210.748,23.5869],"pipPosition":[-105.983,221.635,26.2318],"stabilizedTipPosition":[-60.0491,233.994,12.9653],"timeVisible":0.614656,"tipPosition":[-61.4686,233.931,11.9555],"tipVelocity":[-61.2211,20.8652,-56.9546],"tool":false,"touchDistance":0.333333,"touchZone":"hovering","type":0,"width":20.1473},{"bases":[[[-0.538322,0.267752,-0.799073],[-0.425165,0.732385,0.531833],[-0.727629,-0.626036,0.28042]],[[-0.59883,0.212992,-0.772035],[-0.641503,0.449538,0.621603],[-0.479455,-0.867496,0.132561]],[[-0.59883,0.212992,-0.772035],[-0.519484,0.63038,0.576851],[-0.60954,-0.746495,0.266844]],[[-0.59883,0.212992,-0.772035],[-0.28375,0.84503,0.453222],[-0.748925,-0.490468,0.445592]]],"btipPosition":[-65.1337,336.716,-13.6802],"carpPosition":[-162.629,231.847,25.0334],"dipPosition":[-77.1834,328.825,-6.51084],"direction":[0.60954,0.746495,-0.266844],"extended":true,"handId":148,"id":1481,"length":55.3787,"mcpPosition":[-110.455,276.737,4.92593],"pipPosition":[-91.0572,311.833,-0.437167],"stabilizedTipPosition":[-66.9611,334.919,-11.1403],"timeVisible":0.614656,"tipPosition":[-64.2517,328.067,-15.4885],"tipVelocity":[-37.088,-4.63336,-44.2499],"tool":false,"touchDistance":0.215745,"touchZone":"hovering","type":1,"width":19.2447},{"bases":[[[-0.551258,0.0519076,-0.832719],[-0.525926,0.753186,0.395112],[-0.647701,-0.655757,0.3879]],[[-0.589658,0.0118986,-0.807565],[-0.651634,0.583718,0.484403],[-0.477154,-0.811869,0.336441]],[[-0.589658,0.0118986,-0.807565],[-0.488904,0.790623,0.368631],[-0.642866,-0.612188,0.46038]],[[-0.589658,0.0118986,-0.807565],[-0.245801,0.949816,0.193471],[-0.769341,-0.312582,0.557142]]],"btipPosition":[-72.777,339.967,-47.5675],"carpPosition":[-169.308,236.6,16.2681],"dipPosition":[-86.3915,334.436,-37.7081],"direction":[0.642866,0.612188,-0.46038],"extended":true,"handId":148,"id":1482,"length":63.0995,"mcpPosition":[-125.264,281.192,-10.1089],"pipPosition":[-103.606,318.042,-25.3799],"stabilizedTipPosition":[-75.0047,338.854,-44.4203],"timeVisible":0.614656,"tipPosition":[-71.3907,330.128,-46.9617],"tipVelocity":[-39.5702,-17.073,-48.3398],"tool":false,"touchDistance":-0.358397,"touchZone":"hovering","type":2,"width":18.9008},{"bases":[[[-0.599338,-0.102085,-0.79396],[-0.584346,0.733682,0.346772],[-0.547114,-0.671781,0.499377]],[[-0.610984,-0.116531,-0.783019],[-0.567105,0.754554,0.330212],[-0.55235,-0.645808,0.527106]],[[-0.610984,-0.116531,-0.783019],[-0.355748,0.924026,0.140071],[-0.707207,-0.364139,0.60602]],[[-0.610984,-0.116531,-0.783019],[-0.155526,0.9875,-0.0256074],[-0.776216,-0.106134,0.62147]]],"btipPosition":[-87.0713,317.957,-73.0265],"carpPosition":[-175.82,238.404,6.38291],"dipPosition":[-100.729,316.089,-62.092],"direction":[0.707207,0.364139,-0.60602],"extended":true,"handId":148,"id":1483,"length":60.6719,"mcpPosition":[-142.417,279.418,-24.1051],"pipPosition":[-119.177,306.59,-46.2828],"stabilizedTipPosition":[-88.5925,317.561,-69.032],"timeVisible":0.614656,"tipPosition":[-88.1977,307.109,-70.1792],"tipVelocity":[-46.9207,-26.2426,-42.9187],"tool":false,"touchDistance":0.333333,"touchZone":"hovering","type":3,"width":17.9853},{"bases":[[[-0.553788,-0.298963,-0.777136],[-0.716477,0.64662,0.261808],[-0.424241,-0.701786,0.572291]],[[-0.541213,-0.278422,-0.793454],[-0.373423,0.925025,-0.0698797],[-0.753421,-0.258475,0.604605]],[[-0.541213,-0.278422,-0.793454],[0.584196,0.554195,-0.592945],[-0.604818,0.784442,0.137284]],[[-0.541213,-0.278422,-0.793454],[0.83816,-0.102707,-0.535667],[-0.0676484,0.954951,-0.288949]]],"btipPosition":[-119.362,252.028,-56.051],"carpPosition":[-180.663,233.708,-5.7375],"dipPosition":[-120.46,267.528,-60.7411],"direction":[0.604818,-0.784442,-0.137284],"extended":false,"handId":148,"id":1484,"length":47.5656,"mcpPosition":[-156.687,273.37,-38.0807],"pipPosition":[-131.6,281.976,-58.2126],"stabilizedTipPosition":[-119.074,253.582,-54.0467],"timeVisible":0.614656,"tipPosition":[-119.258,256.212,-58.1134],"tipVelocity":[-18.4038,93.5146,-91.1272],"tool":false,"touchDistance":0.333333,"touchZone":"hovering","type":4,"width":15.976}],"r":[[0.904113,-0.340548,-0.258081],[0.328251,0.940223,-0.0907305],[0.273552,-0.00268459,0.961853]],"s":1.54106,"t":[39.7478,12.7469,-148.206],"timestamp":630185857668},{"currentFrameRate":54.8392,"devices":[],"gestures":[],"hands":[{"armBasis":[[-0.844248,0.0177744,-0.535658],[-0.196226,0.919802,0.339793],[-0.498739,-0.39198,0.773053]],"armWidth":63.0026,"confidence":1,"direction":[0.55449,0.764465,-0.328838],"elbow":[-318.136,107.659,222.735],"grabAngle":0.928004,"grabStrength":0,"id":148,"palmNormal":[0.529589,-0.628956,-0.569166],"palmPosition":[-139.119,260.07,-6.92773],"palmVelocity":[-31.4843,-12.1101,-15.8199],"palmWidth":88.6836,"pinchDistance":84.9449,"pinchStrength":0,"r":[[0.90348,-0.34052,-0.260326],[0.328432,0.940228,-0.0900203],[0.27542,-0.00416785,0.961315]],"s":1.53547,"sphereCenter":[-110.597,284.227,-21.0036],"sphereRadius":53.4548,"stabilizedPalmPosition":[-136.504,260.473,-4.64759],"t":[39.1346,12.645,-148.594],"timeVisible":0.632738,"type":"left","wrist":[-186.89,210.81,19.3012]}],"id":53106,"interactionBox":{"center":[0,200,0],"size":[235.247,235.247,147.751]},"pointables":[{"bases":[[[-0.623791,0.768646,0.141663],[0.0633854,-0.130902,0.989367],[-0.779017,-0.626137,-0.0329346]],[[-0.233738,0.96184,0.142235],[-0.0215398,-0.151374,0.988242],[-0.972061,-0.227926,-0.0560996]],[[-0.233738,0.96184,0.142235],[0.292397,-0.0699803,0.953733],[-0.927292,-0.264512,0.264882]],[[-0.233738,0.96184,0.142235],[0.655409,0.0478071,0.75376],[-0.718197,-0.269404,0.641572]]],"btipPosition":[-60.845,235.954,3.30672],"carpPosition":[-153.74,210.434,23.2217],"dipPosition":[-76.6734,230.016,17.4463],"direction":[0.927292,0.264512,-0.264882],"extended":true,"handId":148,"id":1480,"length":49.0776,"mcpPosition":[-153.74,210.434,23.2217],"pipPosition":[-106.447,221.524,25.9511],"stabilizedTipPosition":[-60.3287,234.032,12.5616],"timeVisible":0.632738,"tipPosition":[-62.018,233.902,11.4249],"tipVelocity":[-41.3885,6.9879,-35.7563],"tool":false,"touchDistance":0.333333,"touchZone":"hovering","type":0,"width":20.1473},{"bases":[[[-0.539719,0.267795,-0.798116],[-0.426655,0.730266,0.533551],[-0.72572,-0.628488,0.279882]],[[-0.599641,0.213223,-0.771341],[-0.639725,0.45138,0.622099],[-0.480814,-0.866482,0.134262]],[[-0.599641,0.213223,-0.771341],[-0.512619,0.637811,0.574821],[-0.614534,-0.74009,0.273156]],[[-0.599641,0.213223,-0.771341],[-0.270353,0.853211,0.446027],[-0.753219,-0.47599,0.453975]]],"btipPosition":[-65.4992,336.13,-14.3071],"carpPosition":[-163.096,231.506,24.7152],"dipPosition":[-77.618,328.472,-7.00292],"direction":[0.614534,0.74009,-0.273156],"extended":true,"handId":148,"id":1481,"length":55.3787,"mcpPosition":[-111.058,276.571,4.64631],"pipPosition":[-91.6055,311.627,-0.785592],"stabilizedTipPosition":[-67.3048,334.777,-11.5258],"timeVisible":0.632738,"tipPosition":[-65.1671,328.366,-15.5638],"tipVelocity":[-21.0925,-29.412,-32.9571],"tool":false,"touchDistance":0.205812,"touchZone":"hovering","type":1,"width":19.2447},{"bases":[[[-0.552109,0.0519796,-0.83215],[-0.527588,0.751051,0.396954],[-0.645621,-0.658195,0.387238]],[[-0.589039,0.0132707,-0.807996],[-0.651948,0.582993,0.484854],[-0.47749,-0.812369,0.334754]],[[-0.589039,0.0132707,-0.807996],[-0.484704,0.794237,0.3664],[-0.646603,-0.607463,0.461404]],[[-0.589039,0.0132707,-0.807996],[-0.234657,0.953973,0.186736],[-0.773285,-0.299597,0.558814]]],"btipPosition":[-73.2199,339.456,-47.8066],"carpPosition":[-169.794,236.257,15.9644],"dipPosition":[-86.9041,334.155,-37.9177],"direction":[0.646603,0.607463,-0.461404],"extended":true,"handId":148,"id":1482,"length":63.0995,"mcpPosition":[-125.892,281.014,-10.3676],"pipPosition":[-104.219,317.888,-25.562],"stabilizedTipPosition":[-75.4798,338.639,-44.808],"timeVisible":0.632738,"tipPosition":[-72.3415,330.472,-47.1125],"tipVelocity":[-25.3782,-25.3338,-12.8487],"tool":false,"touchDistance":-0.354375,"touchZone":"hovering","type":2,"width":18.9008},{"bases":[[[-0.599746,-0.102212,-0.793636],[-0.585998,0.731481,0.348628],[-0.544895,-0.674157,0.498599]],[[-0.610075,-0.115108,-0.783938],[-0.568435,0.752844,0.331824],[-0.551988,-0.648055,0.524723]],[[-0.610075,-0.115108,-0.783938],[-0.34497,0.929284,0.132012],[-0.713306,-0.350972,0.606642]],[[-0.610075,-0.115108,-0.783938],[-0.154189,0.987724,-0.025038],[-0.777197,-0.1056,0.620334]]],"btipPosition":[-87.5454,317.501,-73.1698],"carpPosition":[-176.319,238.062,6.08812],"dipPosition":[-101.22,315.643,-62.2552],"direction":[0.713306,0.350972,-0.606642],"extended":true,"handId":148,"id":1483,"length":60.6719,"mcpPosition":[-143.052,279.221,-24.3524],"pipPosition":[-119.828,306.487,-46.4299],"stabilizedTipPosition":[-89.1359,317.435,-69.4535],"timeVisible":0.632738,"tipPosition":[-89.0107,307.508,-70.4302],"tipVelocity":[-26.4379,-25.0681,-8.17718],"tool":false,"touchDistance":0.333333,"touchZone":"hovering","type":3,"width":17.9853},{"bases":[[[-0.553657,-0.298999,-0.777215],[-0.717969,0.644225,0.263616],[-0.421881,-0.70397,0.571352]],[[-0.542508,-0.280606,-0.791799],[-0.402824,0.914022,-0.0479218],[-0.737169,-0.292958,0.608899]],[[-0.542508,-0.280606,-0.791799],[0.528148,0.61904,-0.581247],[-0.653257,0.733519,0.187633]],[[-0.542508,-0.280606,-0.791799],[0.830013,-0.0337823,-0.556719],[-0.12947,0.959228,-0.251234]]],"btipPosition":[-118.639,253.835,-57.9798],"carpPosition":[-181.161,233.375,-6.03682],"dipPosition":[-120.74,269.405,-62.0578],"direction":[0.653257,-0.733519,-0.187633],"extended":false,"handId":148,"id":1484,"length":47.5656,"mcpPosition":[-157.318,273.161,-38.327],"pipPosition":[-132.772,282.915,-58.6019],"stabilizedTipPosition":[-119.08,254.098,-54.7024],"timeVisible":0.632738,"tipPosition":[-119.746,256.337,-58.4998],"tipVelocity":[27.2453,100.844,-98.8833],"tool":false,"touchDistance":0.333333,"touchZone":"hovering","type":4,"width":15.976}],"r":[[0.90348,-0.34052,-0.260326],[0.328432,0.940228,-0.0900203],[0.27542,-0.00416785,0.961315]],"s":1.53547,"t":[39.1346,12.645,-148.594],"timestamp":630185875750},{"currentFrameRate":54.8348,"devices":[],"gestures":[],"hands":[{"armBasis":[[-0.844138,0.018573,-0.535804],[-0.196021,0.919512,0.340697],[-0.499006,-0.392624,0.772554]],"armWidth":63.0026,"confidence":1,"direction":[0.554346,0.76438,-0.329279],"elbow":[-318.709,107.168,222.362],"grabAngle":0.925771,"grabStrength":0,"id":148,"palmNormal":[0.528689,-0.628961,-0.569997],"palmPosition":[-139.627,259.746,-7.19946],"palmVelocity":[-27.8515,-17.7884,-14.8878],"palmWidth":88.6836,"pinchDistance":84.6594,"pinchStrength":0,"r":[[0.902885,-0.340538,-0.262361],[0.328618,0.940215,-0.0894754],[0.277145,-0.00543067,0.960813]],"s":1.52823,"sphereCenter":[-110.737,282.965,-22.1044],"sphereRadius":53.3384,"stabilizedPalmPosition":[-136.884,260.384,-4.95779],"t":[38.5739,12.4317,-148.924],"timeVisible":0.65099,"type":"left","wrist":[-187.392,210.49,19.0593]}],"id":53107,"interactionBox":{"center":[0,200,0],"size":[235.247,235.247,147.751]},"pointables":[{"bases":[[[-0.623363,0.76881,0.142651],[0.064541,-0.131222,0.98925],[-0.779264,-0.625869,-0.0321789]],[[-0.23513,0.961406,0.142869],[-0.0214666,-0.15209,0.988133],[-0.971727,-0.229273,-0.0563992]],[[-0.23513,0.961406,0.142869],[0.29817,-0.0685547,0.952048],[-0.925099,-0.266454,0.270544]],[[-0.23513,0.961406,0.142869],[0.664726,0.0518187,0.745288],[-0.709121,-0.270208,0.651256]]],"btipPosition":[-61.62,235.77,2.65712],"carpPosition":[-154.228,210.106,22.9527],"dipPosition":[-77.2484,229.815,17.0102],"direction":[0.925099,0.266454,-0.270544],"extended":true,"handId":148,"id":1480,"length":49.0776,"mcpPosition":[-154.228,210.106,22.9527],"pipPosition":[-106.951,221.26,25.6967],"stabilizedTipPosition":[-60.6476,234.056,12.1305],"timeVisible":0.65099,"tipPosition":[-62.5774,233.566,10.9302],"tipVelocity":[-39.9395,-10.2654,-32.9012],"tool":false,"touchDistance":0.333333,"touchZone":"hovering","type":0,"width":20.1473},{"bases":[[[-0.540597,0.268215,-0.797381],[-0.425766,0.730247,0.534288],[-0.725589,-0.628331,0.280572]],[[-0.600036,0.214104,-0.770789],[-0.636226,0.456367,0.622049],[-0.484946,-0.863648,0.137618]],[[-0.600036,0.214104,-0.770789],[-0.504842,0.646078,0.572467],[-0.620557,-0.732628,0.279581]],[[-0.600036,0.214104,-0.770789],[-0.257197,0.860732,0.439307],[-0.7575,-0.461845,0.461403]]],"btipPosition":[-65.6149,335.281,-15.0094],"carpPosition":[-163.575,231.179,24.4639],"dipPosition":[-77.8026,327.85,-7.58571],"direction":[0.620557,0.732628,-0.279581],"extended":true,"handId":148,"id":1481,"length":55.3787,"mcpPosition":[-111.547,276.234,4.34553],"pipPosition":[-91.9272,311.175,-1.22214],"stabilizedTipPosition":[-67.5547,334.506,-11.9245],"timeVisible":0.65099,"tipPosition":[-65.782,328.258,-15.7925],"tipVelocity":[-7.20707,-43.6802,-36.9723],"tool":false,"touchDistance":0.194565,"touchZone":"hovering","type":1,"width":19.2447},{"bases":[[[-0.5531,0.052414,-0.831465],[-0.526857,0.751107,0.39782],[-0.64537,-0.658097,0.387822]],[[-0.588462,0.0153816,-0.808378],[-0.650282,0.585136,0.484509],[-0.480464,-0.810789,0.334328]],[[-0.588462,0.0153816,-0.808378],[-0.479096,0.79875,0.363958],[-0.65129,-0.601467,0.462665]],[[-0.588462,0.0153816,-0.808378],[-0.22321,0.957873,0.180713],[-0.777103,-0.286781,0.560238]]],"btipPosition":[-73.3973,338.669,-48.1277],"carpPosition":[-170.283,235.936,15.7227],"dipPosition":[-87.1492,333.594,-38.2136],"direction":[0.65129,0.601467,-0.462665],"extended":true,"handId":148,"id":1482,"length":63.0995,"mcpPosition":[-126.398,280.686,-10.649],"pipPosition":[-104.59,317.488,-25.8242],"stabilizedTipPosition":[-75.8482,338.251,-45.1624],"timeVisible":0.65099,"tipPosition":[-73.0004,330.388,-47.3897],"tipVelocity":[-10.5754,-40.265,-17.2748],"tool":false,"touchDistance":-0.352001,"touchZone":"hovering","type":2,"width":18.9008},{"bases":[[[-0.600742,-0.101773,-0.792939],[-0.585332,0.731571,0.349559],[-0.544515,-0.674127,0.499056]],[[-0.609915,-0.113223,-0.784337],[-0.564649,0.756543,0.329871],[-0.556035,-0.644068,0.525358]],[[-0.609915,-0.113223,-0.784337],[-0.33263,0.934909,0.1237],[-0.719278,-0.336341,0.607877]],[[-0.609915,-0.113223,-0.784337],[-0.133929,0.990231,-0.0387994],[-0.781068,-0.0813813,0.619121]]],"btipPosition":[-87.6743,316.207,-73.4685],"carpPosition":[-176.819,237.746,5.85485],"dipPosition":[-101.417,314.776,-62.5754],"direction":[0.719278,0.336341,-0.607877],"extended":true,"handId":148,"id":1483,"length":60.6719,"mcpPosition":[-143.575,278.903,-24.6136],"pipPosition":[-120.181,306.002,-46.7178],"stabilizedTipPosition":[-89.6129,316.998,-69.8772],"timeVisible":0.65099,"tipPosition":[-89.6576,307.722,-70.7616],"tipVelocity":[-7.91982,-65.5079,-16.6388],"tool":false,"touchDistance":0.333333,"touchZone":"hovering","type":3,"width":17.9853},{"bases":[[[-0.554699,-0.298581,-0.776633],[-0.717435,0.644384,0.26468],[-0.421422,-0.704002,0.571651]],[[-0.544095,-0.281059,-0.790549],[-0.424595,0.904903,-0.0294875],[-0.723658,-0.319619,0.611689]],[[-0.544095,-0.281059,-0.790549],[0.47774,0.670785,-0.567284],[-0.689729,0.686333,0.230698]],[[-0.544095,-0.281059,-0.790549],[0.819065,0.0263662,-0.573095],[-0.181917,0.959328,-0.21586]]],"btipPosition":[-118.108,255.281,-59.6857],"carpPosition":[-181.677,233.064,-6.26563],"dipPosition":[-121.06,270.853,-63.1895],"direction":[0.689729,-0.686333,-0.230698],"extended":false,"handId":148,"id":1484,"length":47.5656,"mcpPosition":[-157.86,272.851,-38.5727],"pipPosition":[-133.764,283.494,-58.9405],"stabilizedTipPosition":[-119.045,254.675,-55.4031],"timeVisible":0.65099,"tipPosition":[-120.104,256.419,-59.0334],"tipVelocity":[18.3731,79.2472,-86.2315],"tool":false,"touchDistance":0.333333,"touchZone":"hovering","type":4,"width":15.976}],"r":[[0.902885,-0.340538,-0.262361],[0.328618,0.940215,-0.0894754],[0.277145,-0.00543067,0.960813]],"s":1.52823,"t":[38.5739,12.4317,-148.924],"timestamp":630185894002},{"currentFrameRate":54.9344,"devices":[],"gestures":[],"hands":[{"armBasis":[[-0.84289,0.0193335,-0.537738],[-0.194782,0.920616,0.338416],[-0.501593,-0.389989,0.772213]],"armWidth":63.0026,"confidence":1,"direction":[0.552005,0.766813,-0.327549],"elbow":[-319.617,107.256,221.964],"grabAngle":0.931771,"grabStrength":0,"id":148,"palmNormal":[0.531363,-0.626218,-0.57053],"palmPosition":[-139.958,259.292,-7.40073],"palmVelocity":[-18.5556,-25.3827,-11.2711],"palmWidth":88.6836,"pinchDistance":84.3653,"pinchStrength":0,"r":[[0.902687,-0.339845,-0.263934],[0.328137,0.940459,-0.0886781],[0.278356,-0.00655805,0.960456]],"s":1.52063,"sphereCenter":[-110.565,281.223,-23.4554],"sphereRadius":53.2502,"stabilizedPalmPosition":[-137.269,260.247,-5.26423],"t":[38.1279,12.0984,-149.189],"timeVisible":0.668847,"type":"left","wrist":[-187.62,209.884,18.7513]}],"id":53108,"interactionBox":{"center":[0,200,0],"size":[235.247,235.247,147.751]},"pointables":[{"bases":[[[-0.626135,0.766429,0.143323],[0.0641048,-0.132592,0.989096],[-0.777075,-0.628495,-0.0338886]],[[-0.23941,0.960146,0.144228],[-0.0219885,-0.153871,0.987846],[-0.970669,-0.233329,-0.0579506]],[[-0.23941,0.960146,0.144228],[0.302123,-0.0675012,0.950876],[-0.922716,-0.271224,0.273922]],[[-0.23941,0.960146,0.144228],[0.670671,0.0561277,0.739629],[-0.702057,-0.273804,0.65738]]],"btipPosition":[-62.0911,235.649,2.19485],"carpPosition":[-154.415,209.554,22.6584],"dipPosition":[-77.5637,229.614,16.6829],"direction":[0.922716,0.271224,-0.273922],"extended":true,"handId":148,"id":1480,"length":49.0776,"mcpPosition":[-154.415,209.554,22.6584],"pipPosition":[-107.19,220.906,25.4778],"stabilizedTipPosition":[-60.9369,234.068,11.7487],"timeVisible":0.668847,"tipPosition":[-62.8948,233.368,10.646],"tipVelocity":[-24.3723,-7.85134,-24.1486],"tool":false,"touchDistance":0.333333,"touchZone":"hovering","type":0,"width":20.1473},{"bases":[[[-0.540801,0.267637,-0.797436],[-0.428757,0.727915,0.535076],[-0.723672,-0.631277,0.278906]],[[-0.599519,0.213817,-0.771271],[-0.633752,0.461718,0.620624],[-0.48881,-0.860871,0.141302]],[[-0.599519,0.213817,-0.771271],[-0.496361,0.656626,0.567862],[-0.627856,-0.723273,0.287529]],[[-0.599519,0.213817,-0.771271],[-0.242664,0.869734,0.42974],[-0.762687,-0.444797,0.469537]]],"btipPosition":[-65.6076,334.306,-15.6196],"carpPosition":[-163.836,230.593,24.195],"dipPosition":[-77.8788,327.149,-8.06509],"direction":[0.627856,0.723273,-0.287529],"extended":true,"handId":148,"id":1481,"length":55.3787,"mcpPosition":[-111.945,275.858,4.1961],"pipPosition":[-92.1695,310.687,-1.5206],"stabilizedTipPosition":[-67.7421,334.111,-12.3436],"timeVisible":0.668847,"tipPosition":[-66.4833,328.383,-15.6861],"tipVelocity":[-0.669856,-51.0614,-32.4879],"tool":false,"touchDistance":0.184897,"touchZone":"hovering","type":1,"width":19.2447},{"bases":[[[-0.55253,0.0518487,-0.831879],[-0.529798,0.748647,0.398551],[-0.643447,-0.660939,0.386181]],[[-0.586466,0.0160868,-0.809814],[-0.65091,0.585667,0.483022],[-0.482052,-0.810392,0.333003]],[[-0.586466,0.0160868,-0.809814],[-0.474844,0.803144,0.359836],[-0.656186,-0.595567,0.463378]],[[-0.586466,0.0160868,-0.809814],[-0.214182,0.961135,0.174203],[-0.781142,-0.275611,0.560227]]],"btipPosition":[-73.5231,337.893,-48.2422],"carpPosition":[-170.553,235.34,15.4554],"dipPosition":[-87.3465,333.016,-38.3282],"direction":[0.656186,0.595567,-0.463378],"extended":true,"handId":148,"id":1482,"length":63.0995,"mcpPosition":[-126.798,280.284,-10.8047],"pipPosition":[-104.918,317.068,-25.9197],"stabilizedTipPosition":[-76.1461,337.735,-45.4412],"timeVisible":0.668847,"tipPosition":[-73.6828,330.525,-47.3512],"tipVelocity":[-7.96512,-40.9105,-6.41082],"tool":false,"touchDistance":-0.346851,"touchZone":"hovering","type":2,"width":18.9008},{"bases":[[[-0.599676,-0.102564,-0.793643],[-0.588161,0.728987,0.350206],[-0.542638,-0.6768,0.49748]],[[-0.607739,-0.112693,-0.786101],[-0.564765,0.75724,0.328067],[-0.558296,-0.643341,0.523849]],[[-0.607739,-0.112693,-0.786101],[-0.32274,0.939496,0.114829],[-0.725598,-0.323492,0.607339]],[[-0.607739,-0.112693,-0.786101],[-0.124009,0.991204,-0.0462233],[-0.784395,-0.0693921,0.616368]]],"btipPosition":[-87.7374,315.192,-73.5166],"carpPosition":[-177.086,237.144,5.58461],"dipPosition":[-101.539,313.971,-62.6718],"direction":[0.725598,0.323492,-0.607339],"extended":true,"handId":148,"id":1483,"length":60.6719,"mcpPosition":[-143.957,278.464,-24.7876],"pipPosition":[-120.467,305.532,-46.8283],"stabilizedTipPosition":[-89.9956,316.383,-70.2146],"timeVisible":0.668847,"tipPosition":[-90.143,307.954,-70.8507],"tipVelocity":[-4.28933,-54.1601,-3.31438],"tool":false,"touchDistance":0.333333,"touchZone":"hovering","type":3,"width":17.9853},{"bases":[[[-0.55297,-0.299237,-0.777613],[-0.719887,0.641484,0.265068],[-0.419508,-0.706368,0.570138]],[[-0.542825,-0.282334,-0.790967],[-0.437093,0.899171,-0.0209891],[-0.717141,-0.334333,0.611499]],[[-0.542825,-0.282334,-0.790967],[0.454071,0.69362,-0.559206],[-0.706513,0.662706,0.248314]],[[-0.542825,-0.282334,-0.790967],[0.81304,0.0593866,-0.579171],[-0.210493,0.957476,-0.197312]]],"btipPosition":[-117.9,255.771,-60.5015],"carpPosition":[-181.917,232.465,-6.54776],"dipPosition":[-121.317,271.312,-63.7043],"direction":[0.706513,-0.662706,-0.248314],"extended":false,"handId":148,"id":1484,"length":47.5656,"mcpPosition":[-158.208,272.386,-38.7693],"pipPosition":[-134.329,283.518,-59.1307],"stabilizedTipPosition":[-119.014,255.07,-55.8972],"timeVisible":0.668847,"tipPosition":[-120.267,256.328,-59.3541],"tipVelocity":[5.66079,27.0298,-41.8074],"tool":false,"touchDistance":0.333333,"touchZone":"hovering","type":4,"width":15.976}],"r":[[0.902687,-0.339845,-0.263934],[0.328137,0.940459,-0.0886781],[0.278356,-0.00655805,0.960456]],"s":1.52063,"t":[38.1279,12.0984,-149.189],"timestamp":630185911859},{"currentFrameRate":54.9566,"devices":[],"gestures":[],"hands":[{"armBasis":[[-0.841174,0.0185303,-0.540446],[-0.195107,0.921696,0.335276],[-0.50434,-0.387471,0.771691]],"armWidth":63.0026,"confidence":1,"direction":[0.550417,0.767549,-0.328495],"elbow":[-320.642,107.432,221.766],"grabAngle":0.955233,"grabStrength":0,"id":148,"palmNormal":[0.533133,-0.625921,-0.569203],"palmPosition":[-140.323,258.848,-7.50711],"palmVelocity":[-20.1446,-24.5217,-5.87115],"palmWidth":88.6836,"pinchDistance":84.1087,"pinchStrength":0,"r":[[0.902714,-0.338958,-0.264979],[0.327327,0.940775,-0.088311],[0.279219,-0.0070153,0.960202]],"s":1.51281,"sphereCenter":[-110.24,279.081,-24.908],"sphereRadius":53.1874,"stabilizedPalmPosition":[-137.69,260.055,-5.57331],"t":[37.7223,11.7096,-149.375],"timeVisible":0.686966,"type":"left","wrist":[-187.922,209.398,18.6906]}],"id":53109,"interactionBox":{"center":[0,200,0],"size":[235.247,235.247,147.751]},"pointables":[{"bases":[[[-0.627986,0.765213,0.141714],[0.0638499,-0.130823,0.989348],[-0.775601,-0.630345,-0.0332961]],[[-0.242602,0.959596,0.142546],[-0.0226416,-0.152496,0.988045],[-0.969862,-0.236474,-0.0587226]],[[-0.242602,0.959596,0.142546],[0.307891,-0.0631794,0.949322],[-0.919971,-0.274196,0.280124]],[[-0.242602,0.959596,0.142546],[0.680115,0.0634518,0.730355],[-0.691801,-0.274133,0.668029]]],"btipPosition":[-62.7115,235.476,1.76556],"carpPosition":[-154.682,209.125,22.6254],"dipPosition":[-77.9582,229.434,16.4883],"direction":[0.919971,0.274196,-0.280124],"extended":true,"handId":148,"id":1480,"length":49.0776,"mcpPosition":[-154.682,209.125,22.6254],"pipPosition":[-107.496,220.63,25.4824],"stabilizedTipPosition":[-61.282,234.069,11.3176],"timeVisible":0.686966,"tipPosition":[-63.2967,233.159,10.4683],"tipVelocity":[-31.3763,-9.62066,-20.7136],"tool":false,"touchDistance":0.333333,"touchZone":"hovering","type":0,"width":20.1473},{"bases":[[[-0.540966,0.265079,-0.798179],[-0.430742,0.727797,0.533641],[-0.722369,-0.63249,0.279533]],[[-0.599484,0.211254,-0.772005],[-0.63162,0.467565,0.618417],[-0.491605,-0.858344,0.146865]],[[-0.599484,0.211254,-0.772005],[-0.486123,0.670155,0.560872],[-0.635849,-0.711523,0.299051]],[[-0.599484,0.211254,-0.772005],[-0.224311,0.881543,0.415412],[-0.768313,-0.422202,0.481084]]],"btipPosition":[-65.632,333.212,-16.4105],"carpPosition":[-164.153,230.145,24.1222],"dipPosition":[-77.9937,326.419,-8.67018],"direction":[0.635849,0.711523,-0.299051],"extended":true,"handId":148,"id":1481,"length":55.3787,"mcpPosition":[-112.355,275.498,4.07833],"pipPosition":[-92.4664,310.224,-1.86345],"stabilizedTipPosition":[-67.8865,333.626,-12.794],"timeVisible":0.686966,"tipPosition":[-67.0998,328.327,-15.7835],"tipVelocity":[-2.49607,-55.7542,-41.2911],"tool":false,"touchDistance":0.172427,"touchZone":"hovering","type":1,"width":19.2447},{"bases":[[[-0.552177,0.0492084,-0.832274],[-0.531752,0.748072,0.397024],[-0.642137,-0.661791,0.386901]],[[-0.584562,0.015009,-0.81121],[-0.650486,0.588909,0.479639],[-0.484928,-0.80806,0.334491]],[[-0.584562,0.015009,-0.81121],[-0.467219,0.811186,0.351688],[-0.663321,-0.584596,0.467176]],[[-0.584562,0.015009,-0.81121],[-0.200078,0.966285,0.162056],[-0.786293,-0.257037,0.56185]]],"btipPosition":[-73.522,336.745,-48.5735],"carpPosition":[-170.875,234.863,15.371],"dipPosition":[-87.4365,332.197,-38.6308],"direction":[0.663321,0.584596,-0.467176],"extended":true,"handId":148,"id":1482,"length":63.0995,"mcpPosition":[-127.21,279.864,-10.9381],"pipPosition":[-105.199,316.542,-26.1206],"stabilizedTipPosition":[-76.3455,337.031,-45.7338],"timeVisible":0.686966,"tipPosition":[-74.332,330.478,-47.4669],"tipVelocity":[-1.095,-59.1795,-17.9197],"tool":false,"touchDistance":-0.34537,"touchZone":"hovering","type":2,"width":18.9008},{"bases":[[[-0.598987,-0.10525,-0.793812],[-0.590043,0.728198,0.348679],[-0.541354,-0.677237,0.498283]],[[-0.606123,-0.114234,-0.787125],[-0.560463,0.763536,0.320772],[-0.564355,-0.635582,0.52682]],[[-0.606123,-0.114234,-0.787125],[-0.305012,0.947356,0.0973852],[-0.734563,-0.29911,0.609057]],[[-0.606123,-0.114234,-0.787125],[-0.0835062,0.993303,-0.0798523],[-0.790975,-0.0173295,0.611603]]],"btipPosition":[-87.5323,312.831,-73.7426],"carpPosition":[-177.407,236.635,5.4936],"dipPosition":[-101.449,312.526,-62.9817],"direction":[0.734563,0.29911,-0.609057],"extended":true,"handId":148,"id":1483,"length":60.6719,"mcpPosition":[-144.357,277.982,-24.9277],"pipPosition":[-120.612,304.723,-47.0934],"stabilizedTipPosition":[-90.2372,315.196,-70.5596],"timeVisible":0.686966,"tipPosition":[-90.6011,308.105,-71.0375],"tipVelocity":[9.85268,-118.659,-13.5385],"tool":false,"touchDistance":0.333333,"touchZone":"hovering","type":3,"width":17.9853},{"bases":[[[-0.551835,-0.301788,-0.777433],[-0.721518,0.640251,0.26361],[-0.418197,-0.706401,0.571059]],[[-0.54133,-0.284235,-0.79131],[-0.442246,0.896681,-0.0195468],[-0.715109,-0.339372,0.611102]],[[-0.54133,-0.284235,-0.79131],[0.450927,0.696197,-0.558547],[-0.709666,0.659182,0.248703]],[[-0.54133,-0.284235,-0.79131],[0.812152,0.0668562,-0.579602],[-0.217647,0.956421,-0.194651]]],"btipPosition":[-118.171,255.483,-60.6768],"carpPosition":[-182.22,231.925,-6.63381],"dipPosition":[-121.704,271.007,-63.8363],"direction":[0.709666,-0.659182,-0.248703],"extended":false,"handId":148,"id":1484,"length":47.5656,"mcpPosition":[-158.586,271.848,-38.9074],"pipPosition":[-134.774,283.148,-59.2556],"stabilizedTipPosition":[-119.01,255.576,-56.5962],"timeVisible":0.686966,"tipPosition":[-120.573,255.888,-59.4713],"tipVelocity":[-16.4226,-16.1173,-9.12273],"tool":false,"touchDistance":0.333333,"touchZone":"hovering","type":4,"width":15.976}],"r":[[0.902714,-0.338958,-0.264979],[0.327327,0.940775,-0.088311],[0.279219,-0.0070153,0.960202]],"s":1.51281,"t":[37.7223,11.7096,-149.375],"timestamp":630185929978},{"currentFrameRate":54.995,"devices":[],"gestures":[],"hands":[{"armBasis":[[-0.839385,0.0182569,-0.54323],[-0.195569,0.922356,0.333186],[-0.507134,-0.38591,0.770641]],"armWidth":63.0026,"confidence":1,"direction":[0.549668,0.767768,-0.329238],"elbow":[-321.566,107.217,221.461],"grabAngle":0.962824,"grabStrength":0,"id":148,"palmNormal":[0.534255,-0.62606,-0.567997],"palmPosition":[-140.526,258.231,-7.56105],"palmVelocity":[-11.2544,-34.1868,-2.98864],"palmWidth":88.6836,"pinchDistance":83.8349,"pinchStrength":0,"r":[[0.902851,-0.338099,-0.265609],[0.326457,0.941084,-0.0882411],[0.279795,-0.00704136,0.960034]],"s":1.50424,"sphereCenter":[-109.789,276.79,-26.3658],"sphereRadius":53.2222,"stabilizedPalmPosition":[-138.104,259.788,-5.86365],"t":[37.418,11.2067,-149.495],"timeVisible":0.705016,"type":"left","wrist":[-188.11,208.772,18.662]}],"id":53110,"interactionBox":{"center":[0,200,0],"size":[235.247,235.247,147.751]},"pointables":[{"bases":[[[-0.629019,0.764633,0.140255],[0.0634065,-0.129354,0.989569],[-0.7748,-0.631351,-0.0328831]],[[-0.244475,0.959339,0.141067],[-0.0227825,-0.151124,0.988252],[-0.969388,-0.238389,-0.0588022]],[[-0.244475,0.959339,0.141067],[0.313104,-0.0595864,0.947848],[-0.917713,-0.275894,0.285806]],[[-0.244475,0.959339,0.141067],[0.687681,0.0689723,0.72273],[-0.683613,-0.273698,0.676581]]],"btipPosition":[-63.1476,235.022,1.40568],"carpPosition":[-154.842,208.533,22.6325],"dipPosition":[-78.2137,228.99,16.3169],"direction":[0.917713,0.275894,-0.285806],"extended":true,"handId":148,"id":1480,"length":49.0776,"mcpPosition":[-154.842,208.533,22.6325],"pipPosition":[-107.679,220.131,25.4934],"stabilizedTipPosition":[-61.6752,234.037,10.8395],"timeVisible":0.705016,"tipPosition":[-63.5625,232.689,10.3467],"tipVelocity":[-21.8575,-25.0469,-17.5364],"tool":false,"touchDistance":0.333333,"touchZone":"hovering","type":0,"width":20.1473},{"bases":[[[-0.540805,0.263287,-0.79888],[-0.431969,0.728012,0.532354],[-0.721757,-0.632991,0.279981]],[[-0.600058,0.208665,-0.772262],[-0.627187,0.47652,0.616089],[-0.496554,-0.854042,0.155068]],[[-0.600058,0.208665,-0.772262],[-0.474604,0.68426,0.55366],[-0.643957,-0.698747,0.311562]],[[-0.600058,0.208665,-0.772262],[-0.20873,0.891097,0.40296],[-0.772245,-0.402994,0.491156]]],"btipPosition":[-65.4149,331.872,-17.2495],"carpPosition":[-164.34,229.543,24.094],"dipPosition":[-77.8398,325.388,-9.34711],"direction":[0.643957,0.698747,-0.311562],"extended":true,"handId":148,"id":1481,"length":55.3787,"mcpPosition":[-112.586,274.932,4.01803],"pipPosition":[-92.497,309.484,-2.2556],"stabilizedTipPosition":[-67.9608,333.001,-13.3019],"timeVisible":0.705016,"tipPosition":[-67.4466,327.972,-15.8581],"tipVelocity":[11.2256,-70.3037,-44.416],"tool":false,"touchDistance":0.159066,"touchZone":"hovering","type":1,"width":19.2447},{"bases":[[[-0.551728,0.0473552,-0.832679],[-0.532921,0.74797,0.395648],[-0.641554,-0.662041,0.387439]],[[-0.582252,0.0151274,-0.812867],[-0.648282,0.594725,0.475429],[-0.490624,-0.803787,0.336473]],[[-0.582252,0.0151274,-0.812867],[-0.458991,0.819133,0.344017],[-0.671051,-0.573403,0.469999]],[[-0.582252,0.0151274,-0.812867],[-0.188745,0.969995,0.153248],[-0.790795,-0.242654,0.561927]]],"btipPosition":[-73.2038,335.391,-48.8159],"carpPosition":[-171.062,234.24,15.3321],"dipPosition":[-87.198,331.097,-38.8719],"direction":[0.671051,0.573403,-0.469999],"extended":true,"handId":148,"id":1482,"length":63.0995,"mcpPosition":[-127.437,279.259,-11.0135],"pipPosition":[-105.168,315.743,-26.2861],"stabilizedTipPosition":[-76.3724,336.113,-46.0115],"timeVisible":0.705016,"tipPosition":[-74.7055,330.149,-47.5199],"tipVelocity":[16.6123,-71.7644,-13.4138],"tool":false,"touchDistance":-0.342798,"touchZone":"hovering","type":2,"width":18.9008},{"bases":[[[-0.59837,-0.107107,-0.794029],[-0.591157,0.727956,0.347295],[-0.54082,-0.677206,0.498904]],[[-0.603945,-0.114122,-0.788813],[-0.556625,0.768747,0.314954],[-0.570455,-0.629289,0.527804]],[[-0.603945,-0.114122,-0.788813],[-0.293439,0.952017,0.0869347],[-0.741042,-0.283973,0.608454]],[[-0.603945,-0.114122,-0.788813],[-0.0626338,0.993431,-0.0957701],[-0.794561,0.00843347,0.607126]]],"btipPosition":[-87.2597,311.072,-73.7728],"carpPosition":[-177.591,235.99,5.44824],"dipPosition":[-101.24,311.22,-63.0906],"direction":[0.741042,0.283973,-0.608454],"extended":true,"handId":148,"id":1483,"length":60.6719,"mcpPosition":[-144.573,277.335,-25.0109],"pipPosition":[-120.571,303.812,-47.218],"stabilizedTipPosition":[-90.3184,313.8,-70.8178],"timeVisible":0.705016,"tipPosition":[-90.8015,307.718,-71.1434],"tipVelocity":[14.2983,-91.7036,-2.6747],"tool":false,"touchDistance":0.333333,"touchZone":"hovering","type":3,"width":17.9853},{"bases":[[[-0.550986,-0.303563,-0.777344],[-0.722471,0.639727,0.26227],[-0.417672,-0.706116,0.571796]],[[-0.539697,-0.2847,-0.792258],[-0.452423,0.891719,-0.0122446],[-0.709958,-0.351828,0.610063]],[[-0.539697,-0.2847,-0.792258],[0.425925,0.719411,-0.548667],[-0.726165,0.633557,0.267003]],[[-0.539697,-0.2847,-0.792258],[0.805457,0.0991198,-0.584307],[-0.24488,0.953479,-0.175819]]],"btipPosition":[-117.796,255.733,-61.3682],"carpPosition":[-182.391,231.258,-6.67547],"dipPosition":[-121.771,271.21,-64.2221],"direction":[0.726165,-0.633557,-0.267003],"extended":false,"handId":148,"id":1484,"length":47.5656,"mcpPosition":[-158.786,271.164,-38.9907],"pipPosition":[-135.146,282.879,-59.3043],"stabilizedTipPosition":[-118.986,255.88,-57.0403],"timeVisible":0.705016,"tipPosition":[-120.593,255.52,-59.6929],"tipVelocity":[15.11,13.2769,-34.413],"tool":false,"touchDistance":0.333333,"touchZone":"hovering","type":4,"width":15.976}],"r":[[0.902851,-0.338099,-0.265609],[0.326457,0.941084,-0.0882411],[0.279795,-0.00704136,0.960034]],"s":1.50424,"t":[37.418,11.2067,-149.495],"timestamp":630185948028},{"currentFrameRate":55.0145,"devices":[],"gestures":[],"hands":[{"armBasis":[[-0.838892,0.0168062,-0.544038],[-0.19782,0.921759,0.333507],[-0.507077,-0.387398,0.769932]],"armWidth":63.0026,"confidence":1,"direction":[0.549857,0.766679,-0.331452],"elbow":[-321.878,106.362,221.296],"grabAngle":0.985966,"grabStrength":0,"id":148,"palmNormal":[0.533456,-0.627693,-0.566944],"palmPosition":[-140.85,257.71,-7.66159],"palmVelocity":[-17.8465,-28.7677,-5.55184],"palmWidth":88.6836,"pinchDistance":83.6497,"pinchStrength":0,"r":[[0.90288,-0.337641,-0.266094],[0.325856,0.941252,-0.0886744],[0.280401,-0.00664588,0.95986]],"s":1.4968,"sphereCenter":[-109.527,274.804,-27.5564],"sphereRadius":53.2865,"stabilizedPalmPosition":[-138.512,259.48,-6.13047],"t":[37.1042,10.6947,-149.605],"timeVisible":0.723125,"type":"left","wrist":[-188.438,208.308,18.684]},{"armBasis":[[-0.123497,-0.933164,-0.337571],[-0.991759,0.127752,0.00967556],[-0.0340965,-0.335984,0.94125]],"armWidth":62.1048,"confidence":0,"direction":[0.568608,0.219912,-0.792669],"elbow":[95.9712,37.7357,449.668],"grabAngle":0,"grabStrength":0,"id":149,"palmNormal":[0.813335,-0.29458,0.501706],"palmPosition":[145.825,149.497,145.907],"palmVelocity":[1.19209e-7,1.19209e-7,1.19209e-7],"palmWidth":88.6836,"pinchDistance":66.3338,"pinchStrength":0,"r":[[1,1.66533e-17,-2.22045e-17],[-1.66533e-17,1,-1.11022e-17],[2.22045e-17,1.11022e-17,1]],"s":1,"sphereCenter":[90.6363,191.444,67.7259],"sphereRadius":99.5375,"stabilizedPalmPosition":[145.825,149.497,145.907],"t":[0,0,0],"timeVisible":0,"type":"left","wrist":[104.944,126.152,201.972]}],"id":53111,"interactionBox":{"center":[0,200,0],"size":[235.247,235.247,147.751]},"pointables":[{"bases":[[[-0.628469,0.765323,0.138953],[0.0640938,-0.12708,0.98982],[-0.775189,-0.630977,-0.0308133]],[[-0.244141,0.959723,0.139025],[-0.0221996,-0.148856,0.98861],[-0.969486,-0.238274,-0.0576474]],[[-0.244141,0.959723,0.139025],[0.318081,-0.0561787,0.946398],[-0.916089,-0.275275,0.291554]],[[-0.244141,0.959723,0.139025],[0.695052,0.0732056,0.715223],[-0.676238,-0.271244,0.684929]]],"btipPosition":[-63.6861,234.5,1.00737],"carpPosition":[-155.171,208.091,22.659],"dipPosition":[-78.5897,228.522,16.1025],"direction":[0.916089,0.275275,-0.291554],"extended":true,"handId":148,"id":1480,"length":49.0776,"mcpPosition":[-155.171,208.091,22.659],"pipPosition":[-108.003,219.684,25.4636],"stabilizedTipPosition":[-62.117,233.963,10.3228],"timeVisible":0.723125,"tipPosition":[-63.9524,232.185,10.1292],"tipVelocity":[-27.674,-28.1163,-19.6584],"tool":false,"touchDistance":0.333333,"touchZone":"hovering","type":0,"width":20.1473},{"bases":[[[-0.541268,0.261735,-0.799077],[-0.431138,0.729503,0.530985],[-0.721906,-0.631918,0.282013]],[[-0.600643,0.207101,-0.772228],[-0.623057,0.484025,0.614426],[-0.501026,-0.850194,0.16169]],[[-0.600643,0.207101,-0.772228],[-0.463389,0.696921,0.547331],[-0.651535,-0.686593,0.322632]],[[-0.600643,0.207101,-0.772228],[-0.192104,0.90019,0.390838],[-0.776095,-0.383102,0.500908]]],"btipPosition":[-65.3042,330.61,-18.0874],"carpPosition":[-164.655,229.11,24.0787],"dipPosition":[-77.7911,324.446,-10.0281],"direction":[0.651535,0.686593,-0.322632],"extended":true,"handId":148,"id":1481,"length":55.3787,"mcpPosition":[-112.891,274.421,3.85699],"pipPosition":[-92.6207,308.818,-2.68458],"stabilizedTipPosition":[-68,332.309,-13.8348],"timeVisible":0.723125,"tipPosition":[-67.7601,327.488,-16.1808],"tipVelocity":[5.32711,-65.6541,-44.2744],"tool":false,"touchDistance":0.145703,"touchZone":"hovering","type":1,"width":19.2447},{"bases":[[[-0.552341,0.0457306,-0.832363],[-0.532184,0.7492,0.39431],[-0.641638,-0.660764,0.389477]],[[-0.58152,0.0150207,-0.813394],[-0.64475,0.601217,0.472054],[-0.496117,-0.798945,0.339935]],[[-0.58152,0.0150207,-0.813394],[-0.448863,0.827946,0.336195],[-0.678496,-0.560606,0.474725]],[[-0.58152,0.0150207,-0.813394],[-0.17291,0.974703,0.141618],[-0.794945,-0.222998,0.564212]]],"btipPosition":[-72.9954,333.944,-49.2997],"carpPosition":[-171.382,233.79,15.311],"dipPosition":[-87.063,329.998,-39.3152],"direction":[0.678496,0.560606,-0.474725],"extended":true,"handId":148,"id":1482,"length":63.0995,"mcpPosition":[-127.751,278.722,-11.1732],"pipPosition":[-105.232,314.986,-26.6029],"stabilizedTipPosition":[-76.3251,335.084,-46.3431],"timeVisible":0.723125,"tipPosition":[-75.0866,329.697,-47.7916],"tipVelocity":[10.5751,-75.4864,-26.2027],"tool":false,"touchDistance":-0.343969,"touchZone":"hovering","type":2,"width":18.9008},{"bases":[[[-0.599043,-0.108614,-0.793316],[-0.590469,0.729107,0.346048],[-0.540827,-0.675726,0.500899]],[[-0.603867,-0.114667,-0.788794],[-0.550678,0.775479,0.308845],[-0.576279,-0.620873,0.531431]],[[-0.603867,-0.114667,-0.788794],[-0.285559,0.955035,0.0797786],[-0.744178,-0.273423,0.609458]],[[-0.603867,-0.114667,-0.788794],[-0.0309478,0.992225,-0.120547],[-0.796484,0.0483831,0.602721]]],"btipPosition":[-87.2246,309.18,-74.0161],"carpPosition":[-177.917,235.521,5.42808],"dipPosition":[-101.238,310.031,-63.4114],"direction":[0.744178,0.273423,-0.609458],"extended":true,"handId":148,"id":1483,"length":60.67