{"frames":75,"data":[{"currentFrameRate":48.5173,"devices":[],"gestures":[],"hands":[{"armBasis":[[-0.745828,-0.0329159,-0.665325],[-0.404945,0.815448,0.413599],[-0.528924,-0.577894,0.621513]],"armWidth":55.4422,"confidence":0.363333,"direction":[0.41315,0.898227,-0.149986],"elbow":[-334.058,75.0153,283.817],"grabAngle":0.986329,"grabStrength":0.0694718,"id":164,"palmNormal":[0.709092,-0.42065,-0.5659],"palmPosition":[-171.136,269.278,122.933],"palmVelocity":[181.244,491.666,-492.115],"palmWidth":80.9306,"pinchDistance":80.2068,"pinchStrength":0,"r":[[0.997828,0.0321879,-0.0574734],[-0.0296563,0.998575,0.044371],[0.0588197,-0.0425702,0.997361]],"s":1.1446,"sphereCenter":[-116.468,263.212,74.8441],"sphereRadius":77.2635,"stabilizedPalmPosition":[-172.777,262.297,128.918],"t":[-1.97412,38.9034,-21.1974],"timeVisible":0.07227,"type":"left","wrist":[-207.037,213.796,134.56]}],"id":54670,"interactionBox":{"center":[0,200,0],"size":[235.247,235.247,147.751]},"pointables":[{"bases":[[[-0.783541,0.602798,0.150659],[-0.0184963,-0.264995,0.964072],[-0.621065,-0.752603,-0.218784]],[[-0.427452,0.87377,0.231973],[-0.181038,-0.334132,0.924976],[-0.885726,-0.353387,-0.301011]],[[-0.427452,0.87377,0.231973],[0.0820199,-0.218055,0.972484],[-0.90031,-0.434716,-0.0215415]],[[-0.427452,0.87377,0.231973],[0.336521,-0.0843678,0.937889],[-0.83907,-0.478966,0.257979]]],"btipPosition":[-92.5305,257.925,150.943],"carpPosition":[-177.536,218.61,142.392],"dipPosition":[-110.352,247.752,156.423],"direction":[0.90031,0.434716,0.0215415],"extended":true,"handId":164,"id":1640,"length":47.2974,"mcpPosition":[-177.536,218.61,142.392],"pipPosition":[-138.21,234.3,155.756],"stabilizedTipPosition":[-99.7322,246.63,162.76],"timeVisible":0.07227,"tipPosition":[-100.111,260.221,149.894],"tipVelocity":[161.648,363.466,-535.854],"tool":false,"touchDistance":1,"touchZone":"none","type":0,"width":17.4473},{"bases":[[[-0.474655,-0.0944756,-0.875087],[-0.761514,0.54263,0.354469],[-0.44136,-0.834642,0.329507]],[[-0.45227,-0.0531244,-0.890298],[-0.7407,0.578415,0.34176],[-0.496806,-0.814011,0.300949]],[[-0.45227,-0.0531244,-0.890298],[-0.405304,0.90144,0.152104],[-0.794469,-0.429633,0.429225]],[[-0.45227,-0.0531244,-0.890298],[0.0677359,0.993295,-0.0936801],[-0.889305,0.102674,0.445639]]],"btipPosition":[-121.382,330.007,78.4799],"carpPosition":[-201.17,241.438,127.389],"dipPosition":[-136.461,331.747,86.0363],"direction":[0.794469,0.429633,-0.429225],"extended":true,"handId":164,"id":1643,"length":58.4711,"mcpPosition":[-176.579,287.94,109.03],"pipPosition":[-156.435,320.946,96.8273],"stabilizedTipPosition":[-124.956,324.673,82.5856],"timeVisible":0.07227,"tipPosition":[-122.7,318.883,79.6352],"tipVelocity":[50.7134,964.775,-415.427],"tool":false,"touchDistance":1,"touchZone":"none","type":3,"width":15.5751},{"bases":[[[-0.390155,-0.278792,-0.877527],[-0.862052,0.445445,0.241755],[-0.323491,-0.850796,0.414126]],[[-0.37264,-0.233756,-0.898052],[-0.825179,0.52619,0.205438],[-0.424523,-0.817608,0.38897]],[[-0.37264,-0.233756,-0.898052],[-0.499757,0.865978,-0.0180377],[-0.78191,-0.442086,0.439519]],[[-0.37264,-0.233756,-0.898052],[-0.0179921,0.969392,-0.24486],[-0.927802,0.0750866,0.365439]]],"btipPosition":[-144.655,314.908,68.0111],"carpPosition":[-203.355,238.119,115.37],"dipPosition":[-159.169,316.083,73.7277],"direction":[0.78191,0.442086,-0.439519],"extended":true,"handId":164,"id":1644,"length":45.8402,"mcpPosition":[-186.671,281.999,94.0112],"pipPosition":[-173.048,308.235,81.5293],"stabilizedTipPosition":[-147.911,307.733,73.238],"timeVisible":0.07227,"tipPosition":[-145.402,304.136,70.9413],"tipVelocity":[23.1625,880.729,-483.096],"tool":false,"touchDistance":1,"touchZone":"none","type":4,"width":13.835},{"bases":[[[-0.493917,0.276453,-0.824391],[-0.626598,0.544173,0.557898],[-0.602844,-0.792117,0.0955518]],[[-0.581652,0.149914,-0.799504],[-0.662247,0.483458,0.572448],[-0.472345,-0.862435,0.181924]],[[-0.581652,0.149914,-0.799504],[-0.396784,0.80572,0.439747],[-0.710101,-0.57301,0.409165]],[[-0.581652,0.149914,-0.799504],[-0.0938805,0.963931,0.249046],[-0.808002,-0.219916,0.546598]]],"btipPosition":[-104.065,336.828,114.194],"carpPosition":[-190.035,235.389,144.99],"dipPosition":[-116.594,333.418,122.669],"direction":[0.710101,0.57301,-0.409165],"extended":true,"handId":164,"id":1641,"length":53.3698,"mcpPosition":[-150.587,287.222,138.738],"pipPosition":[-132.17,320.849,131.645],"stabilizedTipPosition":[-107.727,330.815,119.328],"timeVisible":0.07227,"tipPosition":[-104.419,327.073,113.828],"tipVelocity":[152.996,560.598,-398.905],"tool":false,"touchDistance":1,"touchZone":"none","type":1,"width":16.6657},{"bases":[[[-0.456717,0.0700469,-0.88685],[-0.714163,0.565554,0.412456],[-0.530453,-0.821731,0.208273]],[[-0.461454,0.0626786,-0.884947],[-0.730657,0.538923,0.41917],[-0.503191,-0.84002,0.202891]],[[-0.461454,0.0626786,-0.884947],[-0.427052,0.858635,0.2835],[-0.777616,-0.508741,0.369453]],[[-0.461454,0.0626786,-0.884947],[-0.0226434,0.996344,0.0823759],[-0.886875,-0.0580508,0.458347]]],"btipPosition":[-105.897,341.48,97.7024],"carpPosition":[-196.019,239.623,136.853],"dipPosition":[-121.022,340.49,105.519],"direction":[0.777616,0.508741,-0.369453],"extended":true,"handId":164,"id":1642,"length":60.8106,"mcpPosition":[-163.102,290.616,123.929],"pipPosition":[-141.09,327.361,115.054],"stabilizedTipPosition":[-109.573,336.657,101.289],"timeVisible":0.07227,"tipPosition":[-106.853,329.911,97.4755],"tipVelocity":[74.693,852.16,-357.995],"tool":false,"touchDistance":1,"touchZone":"none","type":2,"width":16.3679}],"r":[[0.997828,0.0321879,-0.0574734],[-0.0296563,0.998575,0.044371],[0.0588197,-0.0425702,0.997361]],"s":1.1446,"t":[-1.97412,38.9034,-21.1974],"timestamp":630218251090},{"currentFrameRate":49.0989,"devices":[],"gestures":[],"hands":[{"armBasis":[[-0.750711,-0.040366,-0.659396],[-0.4306,0.786871,0.442061],[-0.501015,-0.615797,0.608094]],"armWidth":55.4422,"confidence":0.443109,"direction":[0.434683,0.888765,-0.145419],"elbow":[-324.401,73.5772,270.922],"grabAngle":0.829566,"grabStrength":0,"id":164,"palmNormal":[0.699356,-0.434862,-0.567271],"palmPosition":[-167.334,276.508,113.701],"palmVelocity":[210.011,399.353,-509.956],"palmWidth":80.9306,"pinchDistance":81.4847,"pinchStrength":0,"r":[[0.997214,0.0281465,-0.0690768],[-0.0243543,0.998182,0.0551398],[0.0705032,-0.0533039,0.996086]],"s":1.18305,"sphereCenter":[-115.589,274.169,67.4975],"sphereRadius":75.2799,"stabilizedPalmPosition":[-170.286,268.799,121.955],"t":[0.773541,47.3942,-29.6654],"timeVisible":0.090374,"type":"left","wrist":[-204.083,221.461,124.888]}],"id":54671,"interactionBox":{"center":[0,200,0],"size":[235.247,235.247,147.751]},"pointables":[{"bases":[[[-0.769026,0.62068,0.152827],[-0.0257567,-0.268979,0.962802],[-0.638699,-0.736483,-0.222838]],[[-0.406506,0.882714,0.23573],[-0.197976,-0.336982,0.920461],[-0.891941,-0.327504,-0.311741]],[[-0.406506,0.882714,0.23573],[0.0803493,-0.222471,0.971623],[-0.910108,-0.413911,-0.0195103]],[[-0.406506,0.882714,0.23573],[0.356831,-0.0841303,0.930373],[-0.841086,-0.462318,0.28078]]],"btipPosition":[-89.3365,263.086,141.397],"carpPosition":[-174.963,225.918,132.916],"dipPosition":[-107.201,253.266,147.361],"direction":[0.910108,0.413911,0.0195103],"extended":true,"handId":164,"id":1640,"length":47.2974,"mcpPosition":[-174.963,225.918,132.916],"pipPosition":[-135.362,240.459,146.757],"stabilizedTipPosition":[-97.9347,250.689,157.044],"timeVisible":0.090374,"tipPosition":[-96.5059,265.526,140.723],"tipVelocity":[175.88,289.555,-521.161],"tool":false,"touchDistance":1,"touchZone":"none","type":0,"width":17.4473},{"bases":[[[-0.454062,0.0851091,-0.886896],[-0.70081,0.580562,0.414505],[-0.550176,-0.809756,0.203966]],[[-0.465443,0.0681946,-0.882447],[-0.745735,0.506778,0.432499],[-0.476699,-0.859375,0.185021]],[[-0.465443,0.0681946,-0.882447],[-0.500116,0.802338,0.325788],[-0.730237,-0.592962,0.339337]],[[-0.465443,0.0681946,-0.882447],[-0.167321,0.97227,0.163389],[-0.869118,-0.2237,0.441126]]],"btipPosition":[-104.272,354.352,90.4297],"carpPosition":[-192.933,247.393,127.461],"dipPosition":[-119.094,350.537,97.9529],"direction":[0.730237,0.592962,-0.339337],"extended":true,"handId":164,"id":1642,"length":60.8106,"mcpPosition":[-158.792,297.642,114.804],"pipPosition":[-137.939,335.234,106.71],"stabilizedTipPosition":[-108.11,349.66,94.2306],"timeVisible":0.090374,"tipPosition":[-103.786,342.103,89.8709],"tipVelocity":[93.6231,675.093,-405.449],"tool":false,"touchDistance":1,"touchZone":"none","type":2,"width":16.3679},{"bases":[[[-0.475946,-0.0789898,-0.87592],[-0.748641,0.559049,0.356372],[-0.461533,-0.825363,0.325212]],[[-0.45594,-0.0439093,-0.888926],[-0.752648,0.552091,0.358771],[-0.475015,-0.832627,0.284769]],[[-0.45594,-0.0439093,-0.888926],[-0.4783,0.854383,0.203123],[-0.750565,-0.517786,0.410549]],[[-0.45594,-0.0439093,-0.888926],[-0.0809366,0.996689,-0.00771907],[-0.886323,-0.0684273,0.457985]]],"btipPosition":[-119.156,343.298,70.2471],"carpPosition":[-198.03,249.374,118],"dipPosition":[-134.185,342.138,78.0129],"direction":[0.750565,0.517786,-0.410549],"extended":true,"handId":164,"id":1643,"length":58.4711,"mcpPosition":[-172.316,295.359,99.8812],"pipPosition":[-153.055,329.121,88.3343],"stabilizedTipPosition":[-123.21,338.355,74.7214],"timeVisible":0.090374,"tipPosition":[-119.368,331.257,71.1407],"tipVelocity":[123.587,697.342,-452.09],"tool":false,"touchDistance":1,"touchZone":"none","type":3,"width":15.5751},{"bases":[[[-0.395881,-0.265264,-0.879155],[-0.851369,0.464828,0.243118],[-0.344166,-0.844731,0.409854]],[[-0.377236,-0.220479,-0.89949],[-0.83372,0.50374,0.226178],[-0.403242,-0.835245,0.373847]],[[-0.377236,-0.220479,-0.89949],[-0.557712,0.829471,0.0305815],[-0.739358,-0.513192,0.43587]],[[-0.377236,-0.220479,-0.89949],[-0.111806,0.974987,-0.192095],[-0.919343,-0.0281033,0.392451]]],"btipPosition":[-142.087,326.084,58.9533],"carpPosition":[-200.282,246.165,105.964],"dipPosition":[-156.469,325.644,65.0925],"direction":[0.739358,0.513192,-0.43587],"extended":true,"handId":164,"id":1644,"length":45.8402,"mcpPosition":[-182.532,289.732,84.8259],"pipPosition":[-169.592,316.535,72.8293],"stabilizedTipPosition":[-146.282,319.547,64.9048],"timeVisible":0.090374,"tipPosition":[-141.865,314.647,61.5212],"tipVelocity":[143.537,596.796,-494.951],"tool":false,"touchDistance":1,"touchZone":"none","type":4,"width":13.835},{"bases":[[[-0.486369,0.292052,-0.823499],[-0.613921,0.55641,0.559919],[-0.621729,-0.77789,0.0913237]],[[-0.584301,0.15661,-0.796283],[-0.674153,0.452569,0.583694],[-0.451786,-0.877869,0.158857]],[[-0.584301,0.15661,-0.796283],[-0.450644,0.753405,0.478853],[-0.674917,-0.638634,0.36964]],[[-0.584301,0.15661,-0.796283],[-0.1746,0.933965,0.311808],[-0.792533,-0.32122,0.518372]]],"btipPosition":[-101.668,347.098,107.267],"carpPosition":[-187.06,242.979,135.583],"dipPosition":[-113.957,342.118,115.305],"direction":[0.674917,0.638634,-0.36964],"extended":true,"handId":164,"id":1641,"length":53.3698,"mcpPosition":[-146.376,293.881,129.607],"pipPosition":[-128.761,328.109,123.413],"stabilizedTipPosition":[-105.589,340.827,112.573],"timeVisible":0.090374,"tipPosition":[-100.723,336.456,106.105],"tipVelocity":[135.475,547.356,-388.173],"tool":false,"touchDistance":1,"touchZone":"none","type":1,"width":16.6657}],"r":[[0.997214,0.0281465,-0.0690768],[-0.0243543,0.998182,0.0551398],[0.0705032,-0.0533039,0.996086]],"s":1.18305,"t":[0.773541,47.3942,-29.6654],"timestamp":630218269194},{"currentFrameRate":49.6287,"devices":[],"gestures":[],"hands":[{"armBasis":[[-0.7626,-0.0300427,-0.646172],[-0.422643,0.779366,0.46256],[-0.489708,-0.625848,0.607042]],"armWidth":55.4422,"confidence":0.516457,"direction":[0.43856,0.888441,-0.135415],"elbow":[-318.422,76.6766,261.304],"grabAngle":0.794891,"grabStrength":0,"id":164,"palmNormal":[0.689375,-0.429237,-0.583539],"palmPosition":[-163.933,282.007,104.796],"palmVelocity":[187.797,303.625,-491.716],"palmWidth":80.9306,"pinchDistance":81.859,"pinchStrength":0,"r":[[0.996441,0.0240094,-0.0808046],[-0.0185844,0.997564,0.0672319],[0.082222,-0.0654909,0.99446]],"s":1.2136,"sphereCenter":[-115.22,283.712,62.072],"sphereRadius":71.5433,"stabilizedPalmPosition":[-168.019,273.513,115.831],"t":[3.84787,54.389,-38.3519],"timeVisible":0.108484,"type":"left","wrist":[-200.819,226.974,115.522]}],"id":54672,"interactionBox":{"center":[0,200,0],"size":[235.247,235.247,147.751]},"pointables":[{"bases":[[[-0.763027,0.622701,0.173303],[-0.0154364,-0.285598,0.958225],[-0.646183,-0.728476,-0.227531]],[[-0.405674,0.877708,0.255065],[-0.199862,-0.357488,0.912282],[-0.891899,-0.319111,-0.320444]],[[-0.405674,0.877708,0.255065],[0.0836362,-0.242242,0.966604],[-0.910183,-0.413459,-0.024863]],[[-0.405674,0.877708,0.255065],[0.375905,-0.0941538,0.921862],[-0.833141,-0.469855,0.291739]]],"btipPosition":[-86.1892,268.078,132.023],"carpPosition":[-171.648,231.137,123.223],"dipPosition":[-103.885,258.099,138.219],"direction":[0.910183,0.413459,0.024863],"extended":true,"handId":164,"id":1640,"length":47.2974,"mcpPosition":[-171.648,231.137,123.223],"pipPosition":[-132.049,245.305,137.45],"stabilizedTipPosition":[-96.2596,253.983,151.894],"timeVisible":0.108484,"tipPosition":[-92.6779,269.833,130.902],"tipVelocity":[175.932,273.648,-514.651],"tool":false,"touchDistance":1,"touchZone":"none","type":0,"width":17.4473},{"bases":[[[-0.494745,0.309428,-0.812085],[-0.603255,0.55036,0.577224],[-0.625548,-0.775473,0.0856236]],[[-0.594075,0.172805,-0.785629],[-0.676087,0.421937,0.604049],[-0.43587,-0.890004,0.133831]],[[-0.594075,0.172805,-0.785629],[-0.464347,0.723833,0.510341],[-0.656854,-0.667985,0.349769]],[[-0.594075,0.172805,-0.785629],[-0.182992,0.922015,0.341179],[-0.783319,-0.34645,0.516123]]],"btipPosition":[-99.1171,353.694,99.8424],"carpPosition":[-183.599,248.224,126.339],"dipPosition":[-111.263,348.322,107.845],"direction":[0.656854,0.667985,-0.349769],"extended":true,"handId":164,"id":1641,"length":53.3698,"mcpPosition":[-142.666,298.968,120.736],"pipPosition":[-125.671,333.669,115.518],"stabilizedTipPosition":[-103.54,347.305,106.508],"timeVisible":0.108484,"tipPosition":[-97.6467,343.013,97.9389],"tipVelocity":[142.656,359.199,-410.417],"tool":false,"touchDistance":1,"touchZone":"none","type":1,"width":16.6657},{"bases":[[[-0.464572,0.103427,-0.879475],[-0.6918,0.57759,0.433361],[-0.552797,-0.809748,0.196782]],[[-0.480511,0.0797461,-0.873356],[-0.7484,0.481852,0.455759],[-0.457173,-0.872616,0.171853]],[[-0.480511,0.0797461,-0.873356],[-0.507485,0.786901,0.351065],[-0.71524,-0.611905,0.337644]],[[-0.480511,0.0797461,-0.873356],[-0.175348,0.967012,0.184773],[-0.85928,-0.241927,0.450676]]],"btipPosition":[-102.13,361.153,82.2411],"carpPosition":[-189.545,252.816,118.369],"dipPosition":[-116.785,357.027,89.9271],"direction":[0.71524,0.611905,-0.337644],"extended":true,"handId":164,"id":1642,"length":60.8106,"mcpPosition":[-155.241,303.065,106.158],"pipPosition":[-135.243,341.236,98.6407],"stabilizedTipPosition":[-106.461,356.323,87.7715],"timeVisible":0.108484,"tipPosition":[-100.872,349.068,81.6223],"tipVelocity":[120.382,371.612,-450.092],"tool":false,"touchDistance":1,"touchZone":"none","type":2,"width":16.3679},{"bases":[[[-0.487376,-0.0606988,-0.87108],[-0.740494,0.557396,0.375471],[-0.462746,-0.828025,0.316609]],[[-0.473101,-0.0355302,-0.880291],[-0.750452,0.539676,0.381538],[-0.461516,-0.841123,0.281985]],[[-0.473101,-0.0355302,-0.880291],[-0.483796,0.845528,0.225883],[-0.736286,-0.532747,0.41721]],[[-0.473101,-0.0355302,-0.880291],[-0.123809,0.991952,0.0265026],[-0.872265,-0.121527,0.473693]]],"btipPosition":[-116.951,350.687,61.4153],"carpPosition":[-194.747,254.994,109.01],"dipPosition":[-131.741,348.627,69.4474],"direction":[0.736286,0.532747,-0.41721],"extended":true,"handId":164,"id":1643,"length":58.4711,"mcpPosition":[-168.965,301.127,91.3703],"pipPosition":[-150.252,335.233,79.9363],"stabilizedTipPosition":[-121.477,345.545,67.7734],"timeVisible":0.108484,"tipPosition":[-116.586,338.54,62.6616],"tipVelocity":[124.812,396.571,-484.294],"tool":false,"touchDistance":1,"touchZone":"none","type":3,"width":15.5751},{"bases":[[[-0.408562,-0.247384,-0.878566],[-0.845238,0.465812,0.261902],[-0.344456,-0.8496,0.399411]],[[-0.393537,-0.211012,-0.894764],[-0.83154,0.496736,0.248585],[-0.392007,-0.841859,0.370949]],[[-0.393537,-0.211012,-0.894764],[-0.543077,0.838678,0.0410724],[-0.741752,-0.50209,0.444646]],[[-0.393537,-0.211012,-0.894764],[-0.155858,0.974525,-0.161272],[-0.906001,-0.0759898,0.4164]]],"btipPosition":[-139.488,332.944,50.0397],"carpPosition":[-197.171,252.01,96.9491],"dipPosition":[-153.66,331.755,56.5534],"direction":[0.741752,0.50209,-0.444646],"extended":true,"handId":164,"id":1644,"length":45.8402,"mcpPosition":[-179.406,295.828,76.3496],"pipPosition":[-166.826,322.843,64.446],"stabilizedTipPosition":[-144.451,326.345,57.9805],"timeVisible":0.108484,"tipPosition":[-139.065,321.474,52.8994],"tipVelocity":[146.198,369.287,-487.438],"tool":false,"touchDistance":1,"touchZone":"none","type":4,"width":13.835}],"r":[[0.996441,0.0240094,-0.0808046],[-0.0185844,0.997564,0.0672319],[0.082222,-0.0654909,0.99446]],"s":1.2136,"t":[3.84787,54.389,-38.3519],"timestamp":630218287304},{"currentFrameRate":50.062,"devices":[],"gestures":[],"hands":[{"armBasis":[[-0.766179,-0.0257003,-0.642113],[-0.409566,0.789502,0.457101],[-0.495202,-0.613209,0.615426]],"armWidth":55.4422,"confidence":0.583674,"direction":[0.451409,0.880898,-0.142294],"elbow":[-316.204,84.4187,254.078],"grabAngle":0.63725,"grabStrength":0,"id":164,"palmNormal":[0.682138,-0.443471,-0.581396],"palmPosition":[-159.627,286.083,95.081],"palmVelocity":[234.99,222.477,-530.212],"palmWidth":80.9306,"pinchDistance":81.8308,"pinchStrength":0,"r":[[0.995736,0.0177633,-0.0905189],[-0.0109298,0.997091,0.0754355],[0.0915955,-0.0741245,0.993034]],"s":1.24146,"sphereCenter":[-115.912,293.351,57.2209],"sphereRadius":66.7494,"stabilizedPalmPosition":[-165.799,276.838,110.342],"t":[7.53777,59.9245,-47.5524],"timeVisible":0.126806,"type":"left","wrist":[-197.281,231.681,106.283]}],"id":54673,"interactionBox":{"center":[0,200,0],"size":[235.247,235.247,147.751]},"pointables":[{"bases":[[[-0.753519,0.635094,0.169897],[-0.0182698,-0.278557,0.960246],[-0.657172,-0.720459,-0.221501]],[[-0.399982,0.882243,0.248319],[-0.201777,-0.349053,0.915122],[-0.894036,-0.315927,-0.317631]],[[-0.399982,0.882243,0.248319],[0.0830259,-0.234943,0.968457],[-0.912755,-0.407982,-0.0207242]],[[-0.399982,0.882243,0.248319],[0.36584,-0.0947301,0.925844],[-0.840342,-0.461166,0.28487]]],"btipPosition":[-82.2787,271.91,122.572],"carpPosition":[-168.065,235.464,113.879],"dipPosition":[-100.127,262.115,128.622],"direction":[0.912755,0.407982,0.0207242],"extended":true,"handId":164,"id":1640,"length":47.2974,"mcpPosition":[-168.065,235.464,113.879],"pipPosition":[-128.37,249.491,127.981],"stabilizedTipPosition":[-94.6318,256.567,147.291],"timeVisible":0.126806,"tipPosition":[-88.4197,272.883,121.312],"tipVelocity":[211.514,211.449,-517.665],"tool":false,"touchDistance":0.899393,"touchZone":"none","type":0,"width":17.4473},{"bases":[[[-0.491295,0.31094,-0.8136],[-0.594252,0.563263,0.574108],[-0.636784,-0.76554,0.0919515]],[[-0.595764,0.171256,-0.784689],[-0.681024,0.410201,0.606582],[-0.425761,-0.895772,0.127753]],[[-0.595764,0.171256,-0.784689],[-0.505162,0.679652,0.531869],[-0.624402,-0.713263,0.3184]],[[-0.595764,0.171256,-0.784689],[-0.2676,0.878853,0.394979],[-0.757269,-0.445297,0.47776]]],"btipPosition":[-96.0511,360.317,91.4988],"carpPosition":[-179.759,252.747,116.889],"dipPosition":[-107.793,353.413,98.9069],"direction":[0.624402,0.713263,-0.3184],"extended":true,"handId":164,"id":1641,"length":53.3698,"mcpPosition":[-138.09,302.841,110.872],"pipPosition":[-121.49,337.767,105.891],"stabilizedTipPosition":[-101.363,352.5,100.458],"timeVisible":0.126806,"tipPosition":[-93.911,348.979,88.9724],"tipVelocity":[172.41,342.284,-462.853],"tool":false,"touchDistance":1,"touchZone":"none","type":1,"width":16.6657},{"bases":[[[-0.464258,0.104045,-0.879568],[-0.682592,0.590778,0.430173],[-0.564387,-0.800097,0.203253]],[[-0.485243,0.0737522,-0.871263],[-0.755374,0.466514,0.460189],[-0.440397,-0.881434,0.170662]],[[-0.485243,0.0737522,-0.871263],[-0.559059,0.739984,0.374002],[-0.672304,-0.668569,0.31784]],[[-0.485243,0.0737522,-0.871263],[-0.287941,0.927379,0.238869],[-0.825609,-0.366782,0.428768]]],"btipPosition":[-99.9297,369.086,73.3025],"carpPosition":[-185.648,257.37,108.896],"dipPosition":[-114.01,362.83,80.6149],"direction":[0.672304,0.668569,-0.31784],"extended":true,"handId":164,"id":1642,"length":60.8106,"mcpPosition":[-150.625,307.02,96.2827],"pipPosition":[-131.36,345.577,88.8174],"stabilizedTipPosition":[-104.749,362.211,81.1223],"timeVisible":0.126806,"tipPosition":[-97.7708,356.491,72.3854],"tipVelocity":[127.317,406.206,-492.553],"tool":false,"touchDistance":1,"touchZone":"none","type":2,"width":16.3679},{"bases":[[[-0.489465,-0.0596632,-0.869979],[-0.731661,0.570896,0.372493],[-0.474443,-0.818852,0.323087]],[[-0.47591,-0.0365791,-0.878733],[-0.760655,0.518666,0.39037],[-0.44149,-0.854194,0.274663]],[[-0.47591,-0.0365791,-0.878733],[-0.54691,0.794771,0.263115],[-0.688767,-0.605807,0.398245]],[[-0.47591,-0.0365791,-0.878733],[-0.254575,0.962092,0.0978254],[-0.841844,-0.27026,0.467181]]],"btipPosition":[-114.905,359.629,52.4563],"carpPosition":[-190.83,259.558,99.5279],"dipPosition":[-129.179,355.047,60.378],"direction":[0.688767,0.605807,-0.398245],"extended":true,"handId":164,"id":1643,"length":58.4711,"mcpPosition":[-164.397,305.18,81.5272],"pipPosition":[-146.495,339.816,70.3901],"stabilizedTipPosition":[-119.763,352.334,60.7423],"timeVisible":0.126806,"tipPosition":[-113.591,346.892,53.0427],"tipVelocity":[118.146,456.372,-490.36],"tool":false,"touchDistance":1,"touchZone":"none","type":3,"width":15.5751},{"bases":[[[-0.413422,-0.247538,-0.876246],[-0.837906,0.480064,0.259715],[-0.356365,-0.841584,0.405883]],[[-0.395672,-0.206476,-0.894881],[-0.839815,0.475704,0.261566],[-0.371691,-0.855028,0.361624]],[[-0.395672,-0.206476,-0.894881],[-0.616599,0.781856,0.0922325],[-0.680624,-0.588277,0.436671]],[[-0.395672,-0.206476,-0.894881],[-0.308247,0.947733,-0.0823785],[-0.865117,-0.243249,0.438637]]],"btipPosition":[-137.394,341.614,40.3414],"carpPosition":[-193.315,256.525,87.4917],"dipPosition":[-150.927,337.809,47.203],"direction":[0.680624,0.588277,-0.436671],"extended":true,"handId":164,"id":1644,"length":45.8402,"mcpPosition":[-174.936,299.929,66.5584],"pipPosition":[-163.008,327.367,54.954],"stabilizedTipPosition":[-142.737,332.601,51],"timeVisible":0.126806,"tipPosition":[-136.018,329.303,42.6043],"tipVelocity":[122.292,440.373,-524.96],"tool":false,"touchDistance":0.945874,"touchZone":"hovering","type":4,"width":13.835}],"r":[[0.995736,0.0177633,-0.0905189],[-0.0109298,0.997091,0.0754355],[0.0915955,-0.0741245,0.993034]],"s":1.24146,"t":[7.53777,59.9245,-47.5524],"timestamp":630218305626},{"currentFrameRate":50.5693,"devices":[],"gestures":[],"hands":[{"armBasis":[[-0.771183,-0.0217371,-0.636242],[-0.389773,0.806318,0.444892],[-0.503343,-0.591083,0.630291]],"armWidth":55.4422,"confidence":0.642305,"direction":[0.445518,0.883947,-0.141953],"elbow":[-314.126,92.1344,248.451],"grabAngle":0.568273,"grabStrength":0,"id":164,"palmNormal":[0.684282,-0.438457,-0.582678],"palmPosition":[-155.794,288.54,85.7132],"palmVelocity":[214.694,137.618,-524.6],"palmWidth":80.9306,"pinchDistance":81.0474,"pinchStrength":0,"r":[[0.99503,0.0141406,-0.098565],[-0.00602645,0.996603,0.0821395],[0.0993916,-0.0811372,0.991735]],"s":1.2643,"sphereCenter":[-117.764,303.061,55.9344],"sphereRadius":60.5311,"stabilizedPalmPosition":[-164.024,278.914,105.973],"t":[11.2996,63.921,-56.8365],"timeVisible":0.144663,"type":"left","wrist":[-193.248,234.083,97.0867]}],"id":54674,"interactionBox":{"center":[0,200,0],"size":[235.247,235.247,147.751]},"pointables":[{"bases":[[[-0.757408,0.630027,0.171461],[-0.0152852,-0.279634,0.959985],[-0.652763,-0.72448,-0.221427]],[[-0.424037,0.871298,0.247049],[-0.209983,-0.359942,0.909037],[-0.880965,-0.333589,-0.335586]],[[-0.424037,0.871298,0.247049],[0.0849051,-0.23334,0.968681],[-0.901656,-0.431732,-0.0249671]],[[-0.424037,0.871298,0.247049],[0.385405,-0.0732454,0.919836],[-0.819546,-0.485258,0.304744]]],"btipPosition":[-79.4591,276.326,113.67],"carpPosition":[-163.88,237.849,104.47],"dipPosition":[-96.8659,266.019,120.142],"direction":[0.901656,0.431732,0.0249671],"extended":true,"handId":164,"id":1640,"length":47.2974,"mcpPosition":[-163.88,237.849,104.47],"pipPosition":[-124.766,252.66,119.37],"stabilizedTipPosition":[-93.2181,258.768,143.224],"timeVisible":0.144663,"tipPosition":[-84.3553,275.569,112.22],"tipVelocity":[163.585,240.693,-493.101],"tool":false,"touchDistance":0.752638,"touchZone":"none","type":0,"width":17.4473},{"bases":[[[-0.494298,0.308568,-0.812684],[-0.597183,0.558824,0.575403],[-0.631698,-0.769742,0.0919542]],[[-0.593161,0.175221,-0.785785],[-0.693294,0.385002,0.609194],[-0.409272,-0.90613,0.106889]],[[-0.593161,0.175221,-0.785785],[-0.537043,0.641024,0.548336],[-0.599787,-0.747252,0.286129]],[[-0.593161,0.175221,-0.785785],[-0.301049,0.856948,0.418341],[-0.746679,-0.484704,0.455558]]],"btipPosition":[-93.6539,364.659,83.9873],"carpPosition":[-175.682,255.053,107.512],"dipPosition":[-105.232,357.143,91.0511],"direction":[0.599787,0.747252,-0.286129],"extended":true,"handId":164,"id":1641,"length":53.3698,"mcpPosition":[-134.346,305.422,101.495],"pipPosition":[-118.388,340.752,97.3275],"stabilizedTipPosition":[-99.6914,355.955,95.5404],"timeVisible":0.144663,"tipPosition":[-91.3256,353.448,80.4487],"tipVelocity":[136.355,235.241,-425.081],"tool":false,"touchDistance":1,"touchZone":"none","type":1,"width":16.6657},{"bases":[[[-0.466002,0.101919,-0.878894],[-0.685876,0.58591,0.431605],[-0.558942,-0.803941,0.203132]],[[-0.489389,0.0675803,-0.869443],[-0.76583,0.443587,0.465547],[-0.417136,-0.893679,0.165332]],[[-0.489389,0.0675803,-0.869443],[-0.580521,0.718742,0.382628],[-0.650764,-0.691984,0.312512]],[[-0.489389,0.0675803,-0.869443],[-0.322093,0.912491,0.252225],[-0.810404,-0.403477,0.424795]]],"btipPosition":[-98.063,373.366,64.3833],"carpPosition":[-181.61,259.645,99.5304],"dipPosition":[-111.884,366.484,71.6279],"direction":[0.650764,0.691984,-0.312512],"extended":true,"handId":164,"id":1642,"length":60.8106,"mcpPosition":[-146.925,309.534,86.9251],"pipPosition":[-128.678,348.626,79.693],"stabilizedTipPosition":[-103.525,365.551,75.8633],"timeVisible":0.144663,"tipPosition":[-95.2149,360.813,63.3662],"tipVelocity":[107.878,231.616,-500.35],"tool":false,"touchDistance":0.366703,"touchZone":"hovering","type":2,"width":16.3679},{"bases":[[[-0.490137,-0.0619592,-0.869441],[-0.734886,0.565768,0.373964],[-0.468731,-0.822233,0.322837]],[[-0.481047,-0.0461611,-0.875479],[-0.775907,0.487292,0.400642],[-0.40812,-0.872018,0.270227]],[[-0.481047,-0.0461611,-0.875479],[-0.586993,0.758694,0.28253],[-0.651178,-0.64981,0.392064]],[[-0.481047,-0.0461611,-0.875479],[-0.32779,0.935655,0.130776],[-0.81311,-0.349883,0.465225]]],"btipPosition":[-113.996,365.248,43.4822],"carpPosition":[-186.819,261.809,90.1714],"dipPosition":[-127.784,359.315,51.3707],"direction":[0.651178,0.64981,-0.392064],"extended":true,"handId":164,"id":1643,"length":58.4711,"mcpPosition":[-160.703,307.62,72.1846],"pipPosition":[-144.155,342.979,61.2274],"stabilizedTipPosition":[-118.804,356.601,55.036],"timeVisible":0.144663,"tipPosition":[-111.556,352.445,43.9942],"tipVelocity":[57.136,297.27,-502.985],"tool":false,"touchDistance":0.850156,"touchZone":"hovering","type":3,"width":15.5751},{"bases":[[[-0.412886,-0.249331,-0.87599],[-0.840678,0.474364,0.261225],[-0.350407,-0.844282,0.405466]],[[-0.397541,-0.213038,-0.892511],[-0.853958,0.44179,0.274915],[-0.335735,-0.871457,0.357555]],[[-0.397541,-0.213038,-0.892511],[-0.677209,0.724444,0.12872],[-0.619152,-0.655588,0.432267]],[[-0.397541,-0.213038,-0.892511],[-0.42004,0.907029,-0.0294099],[-0.815799,-0.363199,0.450065]]],"btipPosition":[-136.701,347.599,31.0363],"carpPosition":[-189.299,258.772,78.1351],"dipPosition":[-149.463,341.918,38.0767],"direction":[0.619152,0.655588,-0.432267],"extended":true,"handId":164,"id":1644,"length":45.8402,"mcpPosition":[-171.226,302.316,57.2234],"pipPosition":[-160.453,330.281,45.7496],"stabilizedTipPosition":[-141.774,336.854,45.3016],"timeVisible":0.144663,"tipPosition":[-134.052,335.035,33.1238],"tipVelocity":[48.7414,310.993,-518.783],"tool":false,"touchDistance":0.745661,"touchZone":"hovering","type":4,"width":13.835}],"r":[[0.99503,0.0141406,-0.098565],[-0.00602645,0.996603,0.0821395],[0.0993916,-0.0811372,0.991735]],"s":1.2643,"t":[11.2996,63.921,-56.8365],"timestamp":630218323483},{"currentFrameRate":50.9859,"devices":[],"gestures":[],"hands":[{"armBasis":[[-0.774478,-0.0256045,-0.632082],[-0.375448,0.82278,0.4267],[-0.509139,-0.567784,0.646838]],"armWidth":55.4422,"confidence":0.694805,"direction":[0.462547,0.871997,-0.160226],"elbow":[-312.387,99.2435,244.778],"grabAngle":0.456502,"grabStrength":0,"id":164,"palmNormal":[0.676731,-0.464,-0.571611],"palmPosition":[-151.671,289.08,76.9086],"palmVelocity":[228.366,29.91,-487.736],"palmWidth":80.9306,"pinchDistance":80.4421,"pinchStrength":0,"r":[[0.994481,0.00706859,-0.104674],[0.00166711,0.996537,0.0831344],[0.104899,-0.0828502,0.991026]],"s":1.28546,"sphereCenter":[-124.645,315.146,60.8323],"sphereRadius":52.8251,"stabilizedPalmPosition":[-162.491,280.176,102.366],"t":[15.2418,66.1892,-65.8809],"timeVisible":0.162715,"type":"left","wrist":[-190.118,235.597,89.44]}],"id":54675,"interactionBox":{"center":[0,200,0],"size":[235.247,235.247,147.751]},"pointables":[{"bases":[[[-0.745517,0.64793,0.156178],[-0.0221832,-0.258323,0.965804],[-0.666118,-0.716559,-0.206957]],[[-0.417201,0.880299,0.22587],[-0.214862,-0.337027,0.91665],[-0.88305,-0.333897,-0.32975]],[[-0.417201,0.880299,0.22587],[0.0886191,-0.207943,0.974118],[-0.904483,-0.42642,-0.00874296]],[[-0.417201,0.880299,0.22587],[0.387412,-0.0525551,0.920408],[-0.822104,-0.4715,0.319112]]],"btipPosition":[-76.0993,277.006,104.88],"carpPosition":[-160.754,238.973,96.7464],"dipPosition":[-93.5604,266.992,111.657],"direction":[0.904483,0.42642,0.00874296],"extended":true,"handId":164,"id":1640,"length":47.2974,"mcpPosition":[-160.754,238.973,96.7464],"pipPosition":[-121.548,253.797,111.387],"stabilizedTipPosition":[-92.1186,260.105,140.137],"timeVisible":0.162715,"tipPosition":[-80.5075,275.286,104.017],"tipVelocity":[185.427,41.4319,-483.033],"tool":false,"touchDistance":0.607309,"touchZone":"none","type":0,"width":17.4473},{"bases":[[[-0.486994,0.300162,-0.820207],[-0.587337,0.582498,0.561899],[-0.64643,-0.75538,0.107376]],[[-0.586595,0.171958,-0.791414],[-0.697872,0.388528,0.601681],[-0.410951,-0.905249,0.107904]],[[-0.586595,0.171958,-0.791414],[-0.566412,0.611349,0.552658],[-0.578864,-0.772453,0.261215]],[[-0.586595,0.171958,-0.791414],[-0.353795,0.824616,0.441405],[-0.728516,-0.538924,0.422878]]],"btipPosition":[-89.9138,366.486,75.8694],"carpPosition":[-172.23,256.46,99.3898],"dipPosition":[-101.21,358.129,82.4264],"direction":[0.578864,0.772453,-0.261215],"extended":true,"handId":164,"id":1641,"length":53.3698,"mcpPosition":[-129.931,305.89,92.3635],"pipPosition":[-113.908,341.185,88.1563],"stabilizedTipPosition":[-98.0522,357.92,91.3933],"timeVisible":0.162715,"tipPosition":[-87.2614,354.98,71.7527],"tipVelocity":[210.774,90.4947,-456.153],"tool":false,"touchDistance":0.940592,"touchZone":"hovering","type":1,"width":16.6657},{"bases":[[[-0.462541,0.0916188,-0.881851],[-0.675264,0.608133,0.417365],[-0.574521,-0.788531,0.21942]],[[-0.491159,0.0514018,-0.869552],[-0.767914,0.445669,0.460094],[-0.411182,-0.893721,0.179422]],[[-0.491159,0.0514018,-0.869552],[-0.614116,0.687525,0.387519],[-0.617758,-0.724339,0.306117]],[[-0.491159,0.0514018,-0.869552],[-0.39692,0.875391,0.275944],[-0.775382,-0.480675,0.409553]]],"btipPosition":[-95.2527,375.907,54.9488],"carpPosition":[-178.057,260.99,91.298],"dipPosition":[-108.476,367.71,61.9334],"direction":[0.617758,0.724339,-0.306117],"extended":true,"handId":164,"id":1642,"length":60.8106,"mcpPosition":[-142.405,309.922,77.682],"pipPosition":[-124.419,349.017,69.8334],"stabilizedTipPosition":[-102.369,367.423,71.5956],"timeVisible":0.162715,"tipPosition":[-91.7211,363.07,53.9314],"tipVelocity":[163.286,124.035,-525.944],"tool":false,"touchDistance":0.32709,"touchZone":"hovering","type":2,"width":16.3679},{"bases":[[[-0.489816,-0.0715246,-0.868887],[-0.724555,0.587678,0.360076],[-0.484871,-0.805927,0.339678]],[[-0.485853,-0.0649615,-0.871623],[-0.780447,0.481218,0.399165],[-0.39351,-0.874191,0.2845]],[[-0.485853,-0.0649615,-0.871623],[-0.624593,0.723399,0.294241],[-0.611417,-0.687367,0.39204]],[[-0.485853,-0.0649615,-0.871623],[-0.40719,0.899228,0.159953],[-0.773397,-0.43263,0.463344]]],"btipPosition":[-111.752,368.014,33.7097],"carpPosition":[-183.208,263.049,81.8835],"dipPosition":[-124.866,360.679,41.5664],"direction":[0.611417,0.687367,-0.39204],"extended":true,"handId":164,"id":1643,"length":58.4711,"mcpPosition":[-156.194,307.951,62.9584],"pipPosition":[-140.237,343.398,51.4225],"stabilizedTipPosition":[-117.885,358.817,50.5889],"timeVisible":0.162715,"tipPosition":[-108.362,355.084,34.3149],"tipVelocity":[132.905,135.366,-541.755],"tool":false,"touchDistance":0.651777,"touchZone":"hovering","type":3,"width":15.5751},{"bases":[[[-0.416147,-0.260433,-0.871204],[-0.83189,0.495873,0.249135],[-0.367124,-0.828423,0.423008]],[[-0.401457,-0.227805,-0.887095],[-0.849872,0.453694,0.268104],[-0.341394,-0.861549,0.375743]],[[-0.401457,-0.227805,-0.887095],[-0.714387,0.683997,0.147648],[-0.573135,-0.693003,0.437336]],[[-0.401457,-0.227805,-0.887095],[-0.50117,0.865336,0.0045888],[-0.76659,-0.446428,0.461564]]],"btipPosition":[-133.671,349.455,21.054],"carpPosition":[-185.726,259.798,69.9111],"dipPosition":[-145.663,342.472,28.2743],"direction":[0.573135,0.693003,-0.437336],"extended":true,"handId":164,"id":1644,"length":45.8402,"mcpPosition":[-166.792,302.524,48.0946],"pipPosition":[-155.837,330.171,36.0371],"stabilizedTipPosition":[-140.744,338.972,40.9506],"timeVisible":0.162715,"tipPosition":[-130.35,336.573,23.2443],"tipVelocity":[177.64,86.2294,-550.683],"tool":false,"touchDistance":0.555315,"touchZone":"hovering","type":4,"width":13.835}],"r":[[0.994481,0.00706859,-0.104674],[0.00166711,0.996537,0.0831344],[0.104899,-0.0828502,0.991026]],"s":1.28546,"t":[15.2418,66.1892,-65.8809],"timestamp":630218341535},{"currentFrameRate":51.3665,"devices":[],"gestures":[],"hands":[{"armBasis":[[-0.784861,-0.0111011,-0.619572],[-0.34846,0.834687,0.426466],[-0.512415,-0.550612,0.658982]],"armWidth":55.4422,"confidence":0.740816,"direction":[0.481777,0.858513,-0.175633],"elbow":[-310.89,103.9,240.275],"grabAngle":0.34415,"grabStrength":0,"id":164,"palmNormal":[0.654907,-0.485923,-0.578771],"palmPosition":[-148.26,288.517,68.3907],"palmVelocity":[188.943,-31.2176,-471.856],"palmWidth":80.9306,"pinchDistance":79.845,"pinchStrength":0,"r":[[0.993598,-0.00384548,-0.11291],[0.0131899,0.996534,0.08213],[0.112203,-0.0830935,0.990205]],"s":1.30474,"sphereCenter":[-134.58,329.616,69.4278],"sphereRadius":53.9325,"stabilizedPalmPosition":[-161.314,280.865,99.5569],"t":[18.9183,67.0415,-74.6621],"timeVisible":0.180767,"type":"left","wrist":[-187.833,236.13,82.0202]}],"id":54676,"interactionBox":{"center":[0,200,0],"size":[235.247,235.247,147.751]},"pointables":[{"bases":[[[-0.726043,0.668065,0.162947],[-0.0123314,-0.249573,0.968277],[-0.687539,-0.701001,-0.189439]],[[-0.402724,0.887579,0.223644],[-0.2028,-0.324785,0.923789],[-0.892573,-0.326677,-0.3108]],[[-0.402724,0.887579,0.223644],[0.103401,-0.198655,0.9746],[-0.909462,-0.41562,0.0117735]],[[-0.402724,0.887579,0.223644],[0.393134,-0.0529206,0.917957],[-0.826595,-0.457605,0.327625]]],"btipPosition":[-72.9489,275.91,95.2947],"carpPosition":[-158.276,238.826,88.8184],"dipPosition":[-90.5054,266.19,102.253],"direction":[0.909462,0.415619,-0.0117735],"extended":true,"handId":164,"id":1640,"length":47.2974,"mcpPosition":[-158.276,238.826,88.8184],"pipPosition":[-118.647,253.33,102.618],"stabilizedTipPosition":[-91.305,260.834,137.812],"timeVisible":0.180767,"tipPosition":[-77.0177,273.175,94.6054],"tipVelocity":[173.305,-57.0007,-528.662],"tool":false,"touchDistance":0.448253,"touchZone":"none","type":0,"width":17.4473},{"bases":[[[-0.49307,0.305635,-0.814536],[-0.562707,0.602011,0.566519],[-0.663508,-0.737679,0.12485]],[[-0.597242,0.177756,-0.782116],[-0.687115,0.389616,0.613247],[-0.413733,-0.90366,0.110556]],[[-0.597242,0.177756,-0.782116],[-0.582949,0.573552,0.575507],[-0.550884,-0.79965,0.238927]],[[-0.597242,0.177756,-0.782116],[-0.403913,0.7758,0.484757],[-0.692934,-0.605424,0.391542]]],"btipPosition":[-86.8803,367.055,67.7074],"carpPosition":[-169.257,256.623,91.4998],"dipPosition":[-97.6248,357.668,73.7786],"direction":[0.550884,0.79965,-0.238927],"extended":true,"handId":164,"id":1641,"length":53.3698,"mcpPosition":[-125.84,304.893,83.3301],"pipPosition":[-109.709,340.127,79.0196],"stabilizedTipPosition":[-96.7984,358.926,88.1813],"timeVisible":0.180767,"tipPosition":[-83.7703,355.255,63.1508],"tipVelocity":[175.075,18.4231,-458.328],"tool":false,"touchDistance":0.75576,"touchZone":"hovering","type":1,"width":16.6657},{"bases":[[[-0.474978,0.096026,-0.874743],[-0.652396,0.628673,0.423259],[-0.590571,-0.771718,0.235959]],[[-0.511182,0.0472986,-0.85817],[-0.75578,0.45071,0.475033],[-0.409254,-0.891416,0.194647]],[[-0.511182,0.0472986,-0.85817],[-0.631476,0.656668,0.412341],[-0.583036,-0.752695,0.305809]],[[-0.511182,0.0472986,-0.85817],[-0.45611,0.831355,0.31751],[-0.728462,-0.553725,0.4034]]],"btipPosition":[-93.0839,376.983,45.5386],"carpPosition":[-175.104,261.232,83.4673],"dipPosition":[-105.507,367.539,52.4184],"direction":[0.583036,0.752695,-0.305809],"extended":true,"handId":164,"id":1642,"length":60.8106,"mcpPosition":[-138.456,309.121,68.825],"pipPosition":[-120.554,348.114,60.3104],"stabilizedTipPosition":[-101.552,368.363,68.484],"timeVisible":0.180767,"tipPosition":[-88.9075,363.939,44.5218],"tipVelocity":[130.341,43.6942,-522.616],"tool":false,"touchDistance":0.325159,"touchZone":"hovering","type":2,"width":16.3679},{"bases":[[[-0.506168,-0.0662524,-0.859887],[-0.703158,0.609007,0.366988],[-0.499363,-0.790393,0.354845]],[[-0.507715,-0.0687049,-0.858781],[-0.770379,0.482441,0.416854],[-0.385671,-0.87323,0.297871]],[[-0.507715,-0.0687049,-0.858781],[-0.640842,0.696341,0.323159],[-0.575802,-0.714416,0.397571]],[[-0.507715,-0.0687049,-0.858781],[-0.463897,0.861769,0.205314],[-0.725965,-0.502627,0.469405]]],"btipPosition":[-110.114,369.271,24.3199],"carpPosition":[-180.36,263.343,74.1228],"dipPosition":[-122.424,360.748,32.2793],"direction":[0.575802,0.714415,-0.397571],"extended":true,"handId":164,"id":1643,"length":58.4711,"mcpPosition":[-152.538,307.379,54.3527],"pipPosition":[-136.9,342.787,42.2745],"stabilizedTipPosition":[-117.255,359.9,47.4716],"timeVisible":0.180767,"tipPosition":[-106.004,356.21,24.8651],"tipVelocity":[100.992,54.4746,-518.843],"tool":false,"touchDistance":0.479441,"touchZone":"hovering","type":3,"width":15.5751},{"bases":[[[-0.437375,-0.256995,-0.861775],[-0.814662,0.51905,0.258675],[-0.380826,-0.815194,0.436384]],[[-0.42386,-0.228477,-0.876436],[-0.838496,0.464844,0.284332],[-0.342443,-0.855405,0.388606]],[[-0.42386,-0.228477,-0.876436],[-0.730391,0.658451,0.181579],[-0.535604,-0.717106,0.445969]],[[-0.42386,-0.228477,-0.876436],[-0.569798,0.819447,0.0619439],[-0.70404,-0.525647,0.477517]]],"btipPosition":[-132.012,350.502,11.8609],"carpPosition":[-183.163,260.057,62.2234],"dipPosition":[-143.026,342.279,19.3307],"direction":[0.535604,0.717106,-0.445969],"extended":true,"handId":164,"id":1644,"length":45.8402,"mcpPosition":[-163.522,302.101,39.717],"pipPosition":[-152.533,329.55,27.2468],"stabilizedTipPosition":[-140.076,340.011,37.999],"timeVisible":0.180767,"tipPosition":[-128.03,337.372,13.8937],"tipVelocity":[104.374,42.1971,-506.078],