{"frames":65,"data":[{"currentFrameRate":54.9954,"devices":[],"gestures":[],"hands":[{"armBasis":[[-0.843348,-0.0605931,-0.533941],[-0.259469,0.916035,0.305871],[-0.470575,-0.396496,0.788258]],"armWidth":61.1728,"confidence":1,"direction":[0.524319,0.766727,-0.370432],"elbow":[-311.142,96.1932,209.865],"grabAngle":0.812086,"grabStrength":0,"id":151,"palmNormal":[0.557464,-0.637915,-0.531318],"palmPosition":[-146.25,246.255,-19.9681],"palmVelocity":[-3.2556,-37.6089,10.2954],"palmWidth":86.2877,"pinchDistance":75.5124,"pinchStrength":0,"r":[[0.954048,-0.211333,-0.212439],[0.224837,0.973522,0.0412724],[0.198092,-0.08714,0.976302]],"s":1.57496,"sphereCenter":[-119.371,259.928,-47.636],"sphereRadius":51.9867,"stabilizedPalmPosition":[-145.652,248.171,-20.0663],"t":[34.8058,34.4158,-142.557],"timeVisible":0.704991,"type":"left","wrist":[-190.653,197.715,8.03377]},{"armBasis":[[-0.997853,-0.0499685,-0.042348],[-0.0336503,0.945779,-0.323064],[-0.0561949,0.320945,0.945429]],"armWidth":61.1728,"confidence":0.985958,"direction":[0.0209196,0.849766,-0.526745],"elbow":[109.415,346.707,463.182],"grabAngle":1.38213,"grabStrength":0,"id":152,"palmNormal":[0.234682,-0.516313,-0.823617],"palmPosition":[133.87,313.616,173.025],"palmVelocity":[-49.2339,1033.2,15.7095],"palmWidth":86.2877,"pinchDistance":29.7575,"pinchStrength":0.730398,"r":[[-0.44492,-0.199766,-0.873006],[0.0888644,0.960146,-0.264994],[0.891151,-0.19548,-0.409436]],"s":1.03126,"sphereCenter":[129.149,291.281,104.907],"sphereRadius":69.4401,"stabilizedPalmPosition":[133.871,313.61,173.025],"t":[-19.57,121.826,-19.0793],"timeVisible":0.469987,"type":"left","wrist":[123.804,264.53,221.108]}],"id":53362,"interactionBox":{"center":[0,200,0],"size":[235.247,235.247,147.751]},"pointables":[{"bases":[[[-0.655314,0.749185,0.0963582],[0.0641005,-0.0719499,0.995346],[-0.752632,-0.658441,0.000873391]],[[-0.304588,0.948394,0.0881715],[0.0352195,-0.0812925,0.996068],[-0.951833,-0.306496,0.00864129]],[[-0.304588,0.948394,0.0881715],[0.451503,0.0622539,0.890095],[-0.838672,-0.310922,0.447165]],[[-0.304588,0.948394,0.0881715],[0.808147,0.208328,0.550907],[-0.504108,-0.239055,0.829896]]],"btipPosition":[-76.5935,228.491,-20.1169],"carpPosition":[-158.628,199.156,12.0286],"dipPosition":[-87.3935,223.369,-2.33716],"direction":[0.838672,0.310922,-0.447165],"extended":false,"handId":151,"id":1510,"length":47.7081,"mcpPosition":[-158.628,199.156,12.0286],"pipPosition":[-113.57,213.665,11.6196],"stabilizedTipPosition":[-76.5426,229.63,-13.4378],"timeVisible":0.704991,"tipPosition":[-73.3326,226.201,-8.04808],"tipVelocity":[-7.34435,-38.5461,10.7971],"tool":false,"touchDistance":-0.326623,"touchZone":"touching","type":0,"width":19.5446},{"bases":[[[-0.546507,0.19979,-0.813273],[-0.458591,0.741184,0.490246],[-0.700731,-0.640883,0.313441]],[[-0.624576,0.123605,-0.77112],[-0.58179,0.585054,0.565006],[-0.520984,-0.80152,0.293499]],[[-0.624576,0.123605,-0.77112],[-0.422005,0.777409,0.46642],[-0.657127,-0.616731,0.433389]],[[-0.624576,0.123605,-0.77112],[-0.201429,0.928491,0.311979],[-0.75454,-0.350181,0.555016]]],"btipPosition":[-72.8485,314.675,-39.3862],"carpPosition":[-168.567,219.316,12.2945],"dipPosition":[-84.6498,309.198,-30.7055],"direction":[0.657127,0.616731,-0.433389],"extended":true,"handId":151,"id":1511,"length":53.8333,"mcpPosition":[-119.679,264.029,-9.57354],"pipPosition":[-99.1894,295.552,-21.1164],"stabilizedTipPosition":[-75.5158,314.81,-37.1373],"timeVisible":0.704991,"tipPosition":[-77.3424,315.39,-34.2175],"tipVelocity":[3.89141,-44.8195,14.9871],"tool":false,"touchDistance":-0.139971,"touchZone":"touching","type":1,"width":18.669},{"bases":[[[-0.549915,-0.0179334,-0.835028],[-0.559655,0.75004,0.352457],[-0.619984,-0.661149,0.422494]],[[-0.572504,-0.042413,-0.818804],[-0.65875,0.618369,0.428565],[-0.488146,-0.784743,0.381958]],[[-0.572504,-0.042413,-0.818804],[-0.497525,0.811753,0.305819],[-0.651696,-0.582458,0.485834]],[[-0.572504,-0.042413,-0.818804],[-0.268288,0.953374,0.138202],[-0.774765,-0.298796,0.557189]]],"btipPosition":[-82.3784,321.85,-63.522],"carpPosition":[-175.229,223.179,3.51638],"dipPosition":[-95.7063,316.71,-53.937],"direction":[0.651696,0.582458,-0.485834],"extended":true,"handId":151,"id":1512,"length":61.3387,"mcpPosition":[-134.209,266.922,-24.4369],"pipPosition":[-112.671,301.548,-41.2902],"stabilizedTipPosition":[-85.5326,321.363,-61.4545],"timeVisible":0.704991,"tipPosition":[-86.0708,319.516,-61.1444],"tipVelocity":[10.2924,-49.8289,12.1109],"tool":false,"touchDistance":0.333333,"touchZone":"hovering","type":2,"width":18.3354},{"bases":[[[-0.591392,-0.171521,-0.787931],[-0.616993,0.725384,0.305186],[-0.519207,-0.666633,0.534814]],[[-0.583409,-0.16134,-0.795992],[-0.605831,0.739197,0.294206],[-0.540927,-0.653879,0.528999]],[[-0.583409,-0.16134,-0.795992],[-0.343755,0.937008,0.062027],[-0.735844,-0.309814,0.602121]],[[-0.583409,-0.16134,-0.795992],[-0.0662855,0.986259,-0.151323],[-0.809469,0.0355203,0.586087]]],"btipPosition":[-96.1282,297.718,-84.8909],"carpPosition":[-181.6,224.126,-6.19189],"dipPosition":[-109.973,298.326,-74.8667],"direction":[0.735844,0.309814,-0.602121],"extended":true,"handId":151,"id":1513,"length":58.9788,"mcpPosition":[-150.757,263.726,-37.9613],"pipPosition":[-128.633,290.469,-59.5976],"stabilizedTipPosition":[-99.4021,298.547,-82.7371],"timeVisible":0.704991,"tipPosition":[-101.331,298.831,-82.9666],"tipVelocity":[9.54701,-51.9822,12.4784],"tool":false,"touchDistance":0.333333,"touchZone":"hovering","type":3,"width":17.4473},{"bases":[[[-0.537381,-0.365005,-0.760259],[-0.744895,0.628111,0.224961],[-0.395415,-0.687203,0.609425]],[[-0.518214,-0.332323,-0.788045],[-0.606684,0.792295,0.0648374],[-0.602817,-0.511694,0.612194]],[[-0.518214,-0.332323,-0.788045],[-0.0255832,0.927031,-0.374111],[-0.854868,0.173709,0.488903]],[[-0.518214,-0.332323,-0.788045],[0.500675,0.629148,-0.594556],[-0.693382,0.702662,0.159648]]],"btipPosition":[-118.563,258.869,-82.3219],"carpPosition":[-186.066,218.715,-17.7222],"dipPosition":[-129.504,269.956,-79.8028],"direction":[0.854868,-0.173709,-0.488903],"extended":false,"handId":151,"id":1514,"length":46.2383,"mcpPosition":[-164.322,256.504,-51.2336],"pipPosition":[-144.81,273.066,-71.0493],"stabilizedTipPosition":[-121.117,261.938,-81.9225],"timeVisible":0.704991,"tipPosition":[-121.821,259.369,-80.4576],"tipVelocity":[11.0376,-153.538,53.7319],"tool":false,"touchDistance":0.333333,"touchZone":"hovering","type":4,"width":15.4981},{"bases":[[[-0.596893,0.584811,0.549286],[0.669019,-0.0151108,0.743091],[-0.442868,-0.811029,0.38223]],[[-0.45326,0.784067,0.424022],[0.778561,0.116598,0.616642],[-0.434048,-0.609626,0.663293]],[[-0.45326,0.784067,0.424022],[0.853673,0.244938,0.459616],[-0.256511,-0.570302,0.780357]],[[-0.45326,0.784067,0.424022],[0.888853,0.361778,0.281171],[-0.067055,-0.504337,0.860899]]],"btipPosition":[183.411,323.74,126.612],"carpPosition":[153.422,266.277,200.811],"dipPosition":[181.975,312.935,145.056],"direction":[0.256511,0.570302,-0.780357],"extended":false,"handId":152,"id":1520,"length":47.7081,"mcpPosition":[153.422,266.277,200.811],"pipPosition":[173.969,295.135,169.412],"stabilizedTipPosition":[183.102,321.122,130.872],"timeVisible":0.469987,"tipPosition":[184.726,325.1,136.198],"tipVelocity":[-152.698,979.208,-134.272],"tool":false,"touchDistance":0.367378,"touchZone":"none","type":0,"width":19.5446},{"bases":[[[-0.954538,0.0377998,-0.295683],[-0.204821,0.637516,0.742713],[-0.216577,-0.769509,0.600791]],[[-0.957041,0.0286646,-0.288532],[-0.057432,0.956645,0.285537],[-0.284208,-0.289842,0.913903]],[[-0.957041,0.0286646,-0.288532],[0.118939,0.946337,-0.300498],[-0.264435,0.321907,0.909093]],[[-0.957041,0.0286646,-0.288532],[0.182487,0.832847,-0.522555],[-0.225324,0.55276,0.8023]]],"btipPosition":[177.512,332.978,98.6093],"carpPosition":[141.849,283.66,209.13],"dipPosition":[173.987,341.623,111.158],"direction":[0.264435,-0.321907,-0.909093],"extended":false,"handId":152,"id":1521,"length":53.8333,"mcpPosition":[156.959,337.347,167.215],"pipPosition":[168.137,348.746,131.272],"stabilizedTipPosition":[176.706,334.874,101.498],"timeVisible":0.469987,"tipPosition":[174.824,329.374,103.724],"tipVelocity":[-74.2851,1271.48,-40.2004],"tool":false,"touchDistance":0.342913,"touchZone":"hovering","type":1,"width":18.669},{"bases":[[[-0.926026,-0.17575,-0.334049],[-0.367954,0.617679,0.695041],[-0.0841815,-0.766541,0.636655]],[[-0.925979,-0.17533,-0.334397],[-0.348173,0.739141,0.576581],[-0.146075,-0.65033,0.745475]],[[-0.925979,-0.17533,-0.334397],[-0.296726,0.885587,0.357337],[-0.233486,-0.430111,0.87206]],[[-0.925979,-0.17533,-0.334397],[-0.206676,0.976551,0.0602847],[-0.315986,-0.124934,0.940502]]],"btipPosition":[154.142,378.312,92.6829],"carpPosition":[130.613,285.555,206.578],"dipPosition":[148.706,376.163,108.862],"direction":[0.233486,0.430111,-0.87206],"extended":true,"handId":152,"id":1522,"length":61.3387,"mcpPosition":[136.183,336.272,164.455],"pipPosition":[142.628,364.966,131.563],"stabilizedTipPosition":[152.904,377.104,96.3713],"timeVisible":0.469987,"tipPosition":[150.474,380.335,97.0861],"tipVelocity":[-12.2688,983.592,44.0552],"tool":false,"touchDistance":0.33867,"touchZone":"hovering","type":2,"width":18.3354},{"bases":[[[-0.89793,-0.332697,-0.288157],[-0.43567,0.578794,0.68934],[0.0625577,-0.74452,0.664662]],[[-0.899915,-0.264286,-0.346852],[-0.415034,0.763146,0.495333],[-0.133789,-0.589713,0.796454]],[[-0.899915,-0.264286,-0.346852],[-0.341924,0.921311,0.185132],[-0.270631,-0.2852,0.919467]],[[-0.899915,-0.264286,-0.346852],[-0.27208,0.961896,-0.0270052],[-0.340772,-0.0700689,0.937531]]],"btipPosition":[134.076,361.419,91.3937],"carpPosition":[119.629,284.642,202.804],"dipPosition":[128.248,360.22,107.429],"direction":[0.270631,0.2852,-0.919467],"extended":true,"handId":152,"id":1523,"length":58.9788,"mcpPosition":[115.913,328.868,163.321],"pipPosition":[121.385,352.988,130.745],"stabilizedTipPosition":[132.748,361.008,95.072],"timeVisible":0.469987,"tipPosition":[130.066,362.768,96.0211],"tipVelocity":[-110.016,1206.4,87.6887],"tool":false,"touchDistance":0.418029,"touchZone":"hovering","type":3,"width":17.4473},{"bases":[[[-0.800244,-0.50766,-0.319204],[-0.562777,0.451936,0.692124],[0.207104,-0.733509,0.647358]],[[-0.801667,-0.502539,-0.323705],[-0.531477,0.847072,0.00117486],[-0.273611,-0.172984,0.946157]],[[-0.801667,-0.502539,-0.323705],[0.00122215,0.540141,-0.841573],[-0.59777,0.675057,0.432399]],[[-0.801667,-0.502539,-0.323705],[0.301668,0.127393,-0.944864],[-0.516069,0.855117,-0.0494734]]],"btipPosition":[126.608,298.252,122.581],"carpPosition":[110.294,277.898,195.765],"dipPosition":[118.465,311.745,121.801],"direction":[0.59777,-0.675057,-0.432399],"extended":false,"handId":152,"id":1524,"length":46.2383,"mcpPosition":[98.9055,318.232,160.168],"pipPosition":[107.762,323.832,129.542],"stabilizedTipPosition":[124.774,301.027,122.396],"timeVisible":0.469987,"tipPosition":[123.153,308.692,117.101],"tipVelocity":[-138.454,1151.84,17.9601],"tool":false,"touchDistance":0.873361,"touchZone":"none","type":4,"width":15.4981}],"r":[[-0.748399,0.133513,-0.649672],[-0.639327,0.115479,0.760214],[0.176522,0.984296,-0.00106528]],"s":-0.889535,"t":[-1112.09,-1063.99,1402.38],"timestamp":630191063712},{"currentFrameRate":55.0141,"devices":[],"gestures":[{"direction":[-0.0983546,0.994132,-0.0450377],"duration":0,"handIds":[152],"id":2,"pointableIds":[1520],"position":[179.394,338.597,128.163],"speed":404.05,"startPosition":[191.841,212.787,133.863],"state":"start","type":"swipe"},{"direction":[-0.0196072,0.999251,-0.0333476],"duration":0,"handIds":[152],"id":3,"pointableIds":[1521],"position":[175.371,356.217,100.587],"speed":409.589,"startPosition":[178.039,220.268,105.124],"state":"start","type":"swipe"}],"hands":[{"armBasis":[[-0.84274,-0.058585,-0.535123],[-0.25643,0.917721,0.303368],[-0.473321,-0.392883,0.788423]],"armWidth":61.1728,"confidence":1,"direction":[0.526707,0.764952,-0.370713],"elbow":[-311.995,96.6028,210.157],"grabAngle":0.832568,"grabStrength":0,"id":151,"palmNormal":[0.55662,-0.639975,-0.529722],"palmPosition":[-146.234,245.581,-19.7255],"palmVelocity":[0.890221,-37.2475,13.3919],"palmWidth":86.2877,"pinchDistance":75.5817,"pinchStrength":0,"r":[[0.954286,-0.210397,-0.212302],[0.2239,0.973731,0.0414243],[0.198009,-0.087065,0.976326]],"s":1.57521,"sphereCenter":[-119.053,259.219,-46.852],"sphereRadius":51.8055,"stabilizedPalmPosition":[-145.754,247.72,-20.007],"t":[34.7631,33.7655,-142.367],"timeVisible":0.723103,"type":"left","wrist":[-190.803,197.199,8.28398]},{"armBasis":[[-0.99795,-0.0604636,-0.0209532],[-0.0515027,0.953244,-0.29778],[-0.0379783,0.29609,0.954405]],"armWidth":61.1728,"confidence":0.988383,"direction":[0.00811946,0.854944,-0.518657],"elbow":[113.362,357.577,464.302],"grabAngle":1.33689,"grabStrength":0,"id":152,"palmNormal":[0.240298,-0.505144,-0.828907],"palmPosition":[132.103,331.591,172.345],"palmVelocity":[-97.5957,992.459,-37.5283],"palmWidth":86.2877,"pinchDistance":30.0868,"pinchStrength":0.731776,"r":[[-0.450396,-0.19941,-0.870275],[0.0739109,0.963066,-0.258923],[0.889764,-0.180941,-0.419023]],"s":1.02456,"sphereCenter":[128.197,308.879,103.493],"sphereRadius":70.0751,"stabilizedPalmPosition":[132.103,331.587,172.345],"t":[-20.8168,139.476,-19.233],"timeVisible":0.488099,"type":"left","wrist":[123.087,281.764,219.93]}],"id":53363,"interactionBox":{"center":[0,200,0],"size":[235.247,235.247,147.751]},"pointables":[{"bases":[[[-0.653602,0.750917,0.0944842],[0.0625641,-0.0708059,0.995526],[-0.754248,-0.656589,0.00070158]],[[-0.301463,0.949548,0.0864813],[0.0336973,-0.080034,0.996222],[-0.952882,-0.303238,0.00786994]],[[-0.301463,0.949548,0.0864813],[0.451475,0.0622667,0.890108],[-0.839816,-0.307379,0.447468]],[[-0.301463,0.949548,0.0864813],[0.809488,0.206954,0.549453],[-0.503835,-0.235645,0.831037]]],"btipPosition":[-76.6572,227.551,-19.8273],"carpPosition":[-158.771,198.554,12.3156],"dipPosition":[-87.4514,222.502,-2.02317],"direction":[0.839816,0.307379,-0.447468],"extended":false,"handId":151,"id":1510,"length":47.7081,"mcpPosition":[-158.771,198.554,12.3156],"pipPosition":[-113.663,212.909,11.943],"stabilizedTipPosition":[-76.8701,229.221,-13.7272],"timeVisible":0.723103,"tipPosition":[-73.4254,225.371,-7.73974],"tipVelocity":[-3.44564,-50.9749,16.2974],"tool":false,"touchDistance":0.333333,"touchZone":"hovering","type":0,"width":19.5446},{"bases":[[[-0.544904,0.200068,-0.814281],[-0.457437,0.742948,0.488651],[-0.702731,-0.63875,0.313316]],[[-0.621445,0.125965,-0.773266],[-0.582896,0.585144,0.563772],[-0.523487,-0.801087,0.29021]],[[-0.621445,0.125965,-0.773266],[-0.42153,0.778196,0.465535],[-0.660393,-0.615259,0.430508]],[[-0.621445,0.125965,-0.773266],[-0.198479,0.92948,0.310922],[-0.7579,-0.346697,0.552619]]],"btipPosition":[-72.5798,313.844,-38.8999],"carpPosition":[-168.661,218.739,12.5415],"dipPosition":[-84.4337,308.422,-30.2567],"direction":[0.660393,0.615259,-0.430508],"extended":true,"handId":151,"id":1511,"length":53.8333,"mcpPosition":[-119.633,263.303,-9.3178],"pipPosition":[-99.0455,294.808,-20.7313],"stabilizedTipPosition":[-75.4347,313.954,-37.0502],"timeVisible":0.723103,"tipPosition":[-77.1085,314.498,-34.0168],"tipVelocity":[14.1695,-45.1583,26.3743],"tool":false,"touchDistance":0.333333,"touchZone":"hovering","type":1,"width":18.669},{"bases":[[[-0.548816,-0.0176747,-0.835756],[-0.558292,0.751872,0.350713],[-0.622183,-0.659072,0.422507]],[[-0.571124,-0.0416793,-0.819805],[-0.657998,0.620345,0.426861],[-0.490771,-0.783221,0.381719]],[[-0.571124,-0.0416793,-0.819805],[-0.495909,0.813377,0.304126],[-0.654135,-0.580242,0.485208]],[[-0.571124,-0.0416793,-0.819805],[-0.263249,0.95526,0.134829],[-0.777507,-0.292817,0.556543]]],"btipPosition":[-82.079,320.912,-63.2519],"carpPosition":[-175.302,222.606,3.74931],"dipPosition":[-95.4541,315.875,-53.678],"direction":[0.654135,0.580242,-0.485208],"extended":true,"handId":151,"id":1512,"length":61.3387,"mcpPosition":[-134.136,266.212,-24.2048],"pipPosition":[-112.482,300.77,-41.0475],"stabilizedTipPosition":[-85.3471,320.571,-61.2556],"timeVisible":0.723103,"tipPosition":[-85.8159,318.644,-60.9155],"tipVelocity":[15.9321,-50.472,14.7707],"tool":false,"touchDistance":0.333333,"touchZone":"hovering","type":2,"width":18.3354},{"bases":[[[-0.590735,-0.171099,-0.788516],[-0.615625,0.727295,0.303395],[-0.521573,-0.664656,0.534971]],[[-0.582852,-0.161118,-0.796445],[-0.601377,0.744691,0.289449],[-0.54647,-0.64767,0.530937]],[[-0.582852,-0.161118,-0.796445],[-0.335867,0.940268,0.05558],[-0.739917,-0.299894,0.602151]],[[-0.582852,-0.161118,-0.796445],[-0.0600445,0.986006,-0.155524],[-0.810357,0.0428253,0.584369]]],"btipPosition":[-95.6994,296.401,-84.7279],"carpPosition":[-181.657,223.556,-5.9689],"dipPosition":[-109.559,297.133,-74.7331],"direction":[0.739917,0.299894,-0.602151],"extended":true,"handId":151,"id":1513,"length":58.9788,"mcpPosition":[-150.674,263.038,-37.7477],"pipPosition":[-128.323,289.528,-59.4632],"stabilizedTipPosition":[-99.1346,297.519,-82.5771],"timeVisible":0.723103,"tipPosition":[-101.033,297.921,-82.7217],"tipVelocity":[23.4829,-71.1597,8.62521],"tool":false,"touchDistance":0.333333,"touchZone":"hovering","type":3,"width":17.4473},{"bases":[[[-0.537237,-0.364678,-0.760517],[-0.743656,0.630232,0.223122],[-0.397934,-0.685433,0.609779]],[[-0.518293,-0.332644,-0.787858],[-0.588422,0.807229,0.0462708],[-0.62059,-0.487575,0.614116]],[[-0.518293,-0.332644,-0.787858],[0.0336826,0.912598,-0.407469],[-0.85454,0.237725,0.461788]],[[-0.518293,-0.332644,-0.787858],[0.551867,0.573676,-0.60526],[-0.653311,0.748495,0.113757]]],"btipPosition":[-118.542,255.548,-80.97],"carpPosition":[-186.12,218.142,-17.4982],"dipPosition":[-128.851,267.358,-79.1751],"direction":[0.85454,-0.237725,-0.461788],"extended":false,"handId":151,"id":1514,"length":46.2383,"mcpPosition":[-164.238,255.833,-51.0291],"pipPosition":[-144.151,271.615,-70.907],"stabilizedTipPosition":[-120.942,258.78,-80.7489],"timeVisible":0.723103,"tipPosition":[-121.575,258.512,-80.2518],"tipVelocity":[9.20057,-174.188,65.4431],"tool":false,"touchDistance":0.333333,"touchZone":"hovering","type":4,"width":15.4981},{"bases":[[[-0.603938,0.571198,0.55587],[0.670552,-0.0128601,0.741751],[-0.430835,-0.820712,0.375251]],[[-0.453965,0.783683,0.423977],[0.791439,0.136066,0.595912],[-0.409317,-0.606075,0.682006]],[[-0.453965,0.783683,0.423977],[0.861944,0.265687,0.431813],[-0.225759,-0.561473,0.796104]],[[-0.453965,0.783683,0.423977],[0.890254,0.379217,0.252274],[-0.0369233,-0.491971,0.869828]]],"btipPosition":[179.576,341.022,123.877],"carpPosition":[152.362,284.267,199.645],"dipPosition":[178.785,330.482,142.512],"direction":[0.225759,0.561473,-0.796104],"extended":false,"handId":152,"id":1520,"length":47.7081,"mcpPosition":[152.362,284.267,199.645],"pipPosition":[171.738,312.957,167.36],"stabilizedTipPosition":[179.417,338.489,128.18],"timeVisible":0.488099,"tipPosition":[182.124,343.134,134.21],"tipVelocity":[-203.574,957.515,-148.561],"tool":false,"touchDistance":0.365136,"touchZone":"none","type":0,"width":19.5446},{"bases":[[[-0.955522,0.0273184,-0.293652],[-0.212276,0.627514,0.74911],[-0.204735,-0.778126,0.593804]],[[-0.954696,0.030427,-0.296022],[-0.0643867,0.950075,0.305307],[-0.290532,-0.310536,0.905074]],[[-0.954696,0.030427,-0.296022],[0.106124,0.964164,-0.243158],[-0.278015,0.263557,0.923713]],[[-0.954696,0.030427,-0.296022],[0.169546,0.873129,-0.457055],[-0.244559,0.486538,0.838732]]],"btipPosition":[176.251,354.467,97.5699],"carpPosition":[140.565,301.407,208.149],"dipPosition":[172.426,362.077,110.688],"direction":[0.278015,-0.263557,-0.923713],"extended":false,"handId":152,"id":1521,"length":53.8333,"mcpPosition":[154.848,355.695,166.721],"pipPosition":[166.275,367.908,131.126],"stabilizedTipPosition":[175.375,356.163,100.589],"timeVisible":0.488099,"tipPosition":[173.056,349.587,102.791],"tipVelocity":[-73.4233,1173.32,-50.1517],"tool":false,"touchDistance":0.342156,"touchZone":"hovering","type":1,"width":18.669},{"bases":[[[-0.924115,-0.185439,-0.3341],[-0.375206,0.605862,0.701535],[-0.0723268,-0.773656,0.629465]],[[-0.923625,-0.180395,-0.338194],[-0.35326,0.743028,0.568434],[-0.148746,-0.64449,0.750005]],[[-0.923625,-0.180395,-0.338194],[-0.298274,0.892409,0.338583],[-0.240729,-0.413598,0.878058]],[[-0.923625,-0.180395,-0.338194],[-0.214041,0.974683,0.0646557],[-0.317969,-0.132105,0.938853]]],"btipPosition":[152.383,395.833,91.8879],"carpPosition":[129.299,303.171,205.635],"dipPosition":[146.914,393.561,108.038],"direction":[0.240729,0.413599,-0.878058],"extended":true,"handId":152,"id":1522,"length":61.3387,"mcpPosition":[134.084,354.357,163.988],"pipPosition":[140.647,382.795,130.895],"stabilizedTipPosition":[151.168,394.875,95.6209],"timeVisible":0.488099,"tipPosition":[148.043,398.793,96.8517],"tipVelocity":[-97.5174,965.84,-44.2561],"tool":false,"touchDistance":0.338002,"touchZone":"hovering","type":2,"width":18.3354},{"bases":[[[-0.893755,-0.342409,-0.289756],[-0.442386,0.566094,0.695581],[0.0741442,-0.749862,0.657426]],[[-0.896751,-0.269265,-0.351189],[-0.42334,0.75316,0.503521],[-0.128921,-0.600206,0.789387]],[[-0.896751,-0.269265,-0.351189],[-0.367278,0.89555,0.251193],[-0.24687,-0.354242,0.90198]],[[-0.896751,-0.269265,-0.351189],[-0.327672,0.937397,0.117977],[-0.297437,-0.22087,0.928842]]],"btipPosition":[130.537,383.993,91.772],"carpPosition":[118.321,302.14,201.871],"dipPosition":[125.45,380.216,107.659],"direction":[0.24687,0.354242,-0.90198],"extended":true,"handId":152,"id":1523,"length":58.9788,"mcpPosition":[113.917,346.684,162.818],"pipPosition":[119.19,371.232,130.532],"stabilizedTipPosition":[129.38,383.041,95.4246],"timeVisible":0.488099,"tipPosition":[127.839,381.747,95.7438],"tipVelocity":[-185.979,1213.65,19.0045],"tool":false,"touchDistance":0.337855,"touchZone":"hovering","type":3,"width":17.4473},{"bases":[[[-0.793703,-0.515693,-0.322639],[-0.567712,0.437458,0.697376],[0.218491,-0.736676,0.639977]],[[-0.792213,-0.520646,-0.318318],[-0.551399,0.834205,0.00785359],[-0.261454,-0.181742,0.947951]],[[-0.792213,-0.520646,-0.318318],[-0.00858834,0.531085,-0.847275],[-0.610184,0.668489,0.425204]],[[-0.792213,-0.520646,-0.318318],[0.301747,0.119183,-0.945909],[-0.530422,0.845413,-0.0626846]]],"btipPosition":[124.81,316.417,122.286],"carpPosition":[109.068,295.334,194.785],"dipPosition":[116.441,329.757,121.297],"direction":[0.610184,-0.668489,-0.425204],"extended":false,"handId":152,"id":1524,"length":46.2383,"mcpPosition":[97.0531,335.843,159.594],"pipPosition":[105.516,341.725,128.91],"stabilizedTipPosition":[122.903,319.309,122.062],"timeVisible":0.488099,"tipPosition":[121.401,326.803,116.581],"tipVelocity":[-102.103,1000.95,-18.9452],"tool":false,"touchDistance":0.867642,"touchZone":"none","type":4,"width":15.4981}],"r":[[-0.751784,0.0848318,-0.65393],[-0.645286,0.109504,0.756052],[0.135745,0.99036,-0.0275824]],"s":-0.88779,"t":[-1112.58,-1055.85,1402.58],"timestamp":630191081824},{"currentFrameRate":55.047,"devices":[],"gestures":[{"direction":[-0.12986,0.988732,-0.0744706],"duration":18052,"handIds":[152],"id":2,"pointableIds":[1520],"position":[174.673,355.682,124.103],"speed":415.237,"startPosition":[191.841,212.787,133.863],"state":"update","type":"swipe"},{"direction":[-0.0320011,0.998808,-0.0368655],"duration":18052,"handIds":[152],"id":3,"pointableIds":[1521],"position":[172.874,374.156,98.6948],"speed":423.814,"startPosition":[178.039,220.268,105.124],"state":"update","type":"swipe"},{"direction":[-0.100589,0.994351,0.0338758],"duration":0,"handIds":[152],"id":4,"pointableIds":[1523],"position":[125.372,402.842,94.2941],"speed":432.31,"startPosition":[137.684,281.13,90.1476],"state":"start","type":"swipe"}],"hands":[{"armBasis":[[-0.842254,-0.058592,-0.535887],[-0.25572,0.918539,0.301485],[-0.474569,-0.390964,0.788626]],"armWidth":61.1728,"confidence":1,"direction":[0.524621,0.767351,-0.368706],"elbow":[-312.235,96.4316,210.431],"grabAngle":0.868064,"grabStrength":0,"id":151,"palmNormal":[0.559353,-0.637181,-0.530212],"palmPosition":[-146.256,245.071,-19.3871],"palmVelocity":[-1.21916,-28.2335,18.7483],"palmWidth":86.2877,"pinchDistance":75.7539,"pinchStrength":0,"r":[[0.954663,-0.208943,-0.21204],[0.222499,0.97403,0.0419499],[0.197769,-0.0872268,0.97636]],"s":1.5764,"sphereCenter":[-118.442,258.244,-46.2043],"sphereRadius":51.7567,"stabilizedPalmPosition":[-145.822,247.358,-19.9223],"t":[34.7308,33.1856,-142.103],"timeVisible":0.741155,"type":"left","wrist":[-190.723,196.537,8.50582]},{"armBasis":[[-0.997957,-0.063827,-0.002745],[-0.0607035,0.96076,-0.270656],[-0.0199125,0.269937,0.962672]],"armWidth":61.1728,"confidence":1,"direction":[-0.000446122,0.862036,-0.506846],"elbow":[115.9,367.328,463.424],"grabAngle":1.33555,"grabStrength":0,"id":152,"palmNormal":[0.231191,-0.493026,-0.838735],"palmPosition":[129.207,348.84,169.985],"palmVelocity":[-160.389,955.529,-130.775],"palmWidth":86.2877,"pinchDistance":29.1304,"pinchStrength":0.770459,"r":[[-0.456837,-0.197038,-0.867454],[0.0608389,0.965956,-0.251452],[0.887467,-0.167648,-0.429297]],"s":1.02255,"sphereCenter":[126.518,327.57,101.851],"sphereRadius":68.824,"stabilizedPalmPosition":[129.208,348.834,169.985],"t":[-22.8879,156.926,-20.4902],"timeVisible":0.506151,"type":"left","wrist":[120.998,298.211,216.935]}],"id":53364,"interactionBox":{"center":[0,200,0],"size":[235.247,235.247,147.751]},"pointables":[{"bases":[[[-0.656185,0.748588,0.0950597],[0.0616184,-0.0723976,0.995471],[-0.75208,-0.659071,-0.00137946]],[[-0.302877,0.94898,0.0877642],[0.0321009,-0.081879,0.996125],[-0.952489,-0.304521,0.00566385]],[[-0.302877,0.94898,0.0877642],[0.450982,0.0615887,0.890406],[-0.839572,-0.309264,0.446627]],[[-0.302877,0.94898,0.0877642],[0.81155,0.208538,0.545802],[-0.499653,-0.236536,0.833305]]],"btipPosition":[-76.6779,227.081,-19.5065],"carpPosition":[-158.676,197.945,12.5543],"dipPosition":[-87.3825,222.013,-1.65377],"direction":[0.839572,0.309264,-0.446627],"extended":false,"handId":151,"id":1510,"length":47.7081,"mcpPosition":[-158.676,197.945,12.5543],"pipPosition":[-113.587,212.361,12.2862],"stabilizedTipPosition":[-77.1081,228.875,-13.9026],"timeVisible":0.741155,"tipPosition":[-73.4672,225.09,-7.45173],"tipVelocity":[-0.00500274,-26.2719,18.3894],"tool":false,"touchDistance":0.333333,"touchZone":"hovering","type":0,"width":19.5446},{"bases":[[[-0.544596,0.199742,-0.814567],[-0.460462,0.740553,0.489445],[-0.700992,-0.641626,0.311328]],[[-0.618456,0.127894,-0.775342],[-0.588404,0.578616,0.564787],[-0.520858,-0.80551,0.282595]],[[-0.618456,0.127894,-0.775342],[-0.421992,0.778277,0.464982],[-0.662899,-0.614759,0.42736]],[[-0.618456,0.127894,-0.775342],[-0.190662,0.932763,0.305943],[-0.762339,-0.337041,0.552488]]],"btipPosition":[-72.6512,313.415,-38.1267],"carpPosition":[-168.633,218.097,12.8048],"dipPosition":[-84.5745,308.144,-29.4855],"direction":[0.662899,0.614759,-0.42736],"extended":true,"handId":151,"id":1511,"length":53.8333,"mcpPosition":[-119.726,262.862,-8.91578],"pipPosition":[-99.2418,294.541,-20.0298],"stabilizedTipPosition":[-75.4254,313.559,-36.8449],"timeVisible":0.741155,"tipPosition":[-77.3022,314.2,-33.5252],"tipVelocity":[-4.84156,-21.845,42.8069],"tool":false,"touchDistance":0.333333,"touchZone":"hovering","type":1,"width":18.669},{"bases":[[[-0.547765,-0.0179727,-0.836439],[-0.561182,0.749394,0.351403],[-0.620507,-0.661881,0.420578]],[[-0.569208,-0.0411944,-0.821161],[-0.66035,0.617926,0.426738],[-0.489838,-0.785156,0.378931]],[[-0.569208,-0.0411944,-0.821161],[-0.491568,0.817634,0.299725],[-0.659062,-0.574263,0.485653]],[[-0.569208,-0.0411944,-0.821161],[-0.247991,0.960832,0.1237],[-0.783902,-0.274051,0.557129]]],"btipPosition":[-81.9667,320.057,-62.7606],"carpPosition":[-175.275,221.958,4.0117],"dipPosition":[-95.4518,315.343,-53.1766],"direction":[0.659062,0.574263,-0.485653],"extended":true,"handId":151,"id":1512,"length":61.3387,"mcpPosition":[-134.221,265.75,-23.8148],"pipPosition":[-112.608,300.394,-40.5345],"stabilizedTipPosition":[-85.2354,319.931,-60.9754],"timeVisible":0.741155,"tipPosition":[-85.9914,318.43,-60.3808],"tipVelocity":[4.82029,-43.247,27.3475],"tool":false,"touchDistance":0.333333,"touchZone":"hovering","type":2,"width":18.3354},{"bases":[[[-0.589234,-0.171619,-0.789525],[-0.618377,0.724714,0.303973],[-0.520012,-0.667336,0.533151]],[[-0.581601,-0.161885,-0.797204],[-0.599076,0.748207,0.285121],[-0.550316,-0.643412,0.532139]],[[-0.581601,-0.161885,-0.797204],[-0.321143,0.946091,0.0421709],[-0.747401,-0.280543,0.602236]],[[-0.581601,-0.161885,-0.797204],[-0.0386194,0.984388,-0.171721],[-0.812557,0.0690857,0.578773]]],"btipPosition":[-95.3729,294.795,-84.3188],"carpPosition":[-181.622,222.905,-5.71234],"dipPosition":[-109.271,295.977,-74.4197],"direction":[0.747401,0.280543,-0.602236],"extended":true,"handId":151,"id":1513,"length":58.9788,"mcpPosition":[-150.732,262.547,-37.383],"pipPosition":[-128.224,288.862,-59.1477],"stabilizedTipPosition":[-98.8601,296.328,-82.3172],"timeVisible":0.741155,"tipPosition":[-100.937,297.456,-82.2189],"tipVelocity":[17.6095,-83.2351,21.4423],"tool":false,"touchDistance":0.333333,"touchZone":"hovering","type":3,"width":17.4473},{"bases":[[[-0.535131,-0.365071,-0.761812],[-0.745993,0.627374,0.223373],[-0.396394,-0.68784,0.608068]],[[-0.517048,-0.334245,-0.787999],[-0.576969,0.816123,0.0324056],[-0.632273,-0.471406,0.614823]],[[-0.517048,-0.334245,-0.787999],[0.087246,0.895232,-0.436976],[-0.851499,0.294687,0.433716]],[[-0.517048,-0.334245,-0.787999],[0.597101,0.518773,-0.611837],[-0.613296,0.786864,0.0686527]]],"btipPosition":[-118.869,252.887,-79.443],"carpPosition":[-186.054,217.497,-17.2567],"dipPosition":[-128.546,265.302,-78.3598],"direction":[0.851499,-0.294687,-0.433716],"extended":false,"handId":151,"id":1514,"length":46.2383,"mcpPosition":[-164.257,255.32,-50.6935],"pipPosition":[-143.791,270.579,-70.5943],"stabilizedTipPosition":[-121.069,256.239,-79.4482],"timeVisible":0.741155,"tipPosition":[-121.5,257.842,-79.7652],"tipVelocity":[-10.0323,-139.703,75.5208],"tool":false,"touchDistance":0.333333,"touchZone":"hovering","type":4,"width":15.4981},{"bases":[[[-0.598367,0.561884,0.571177],[0.679773,-0.0213286,0.733113],[-0.424107,-0.826941,0.369191]],[[-0.44607,0.781423,0.436349],[0.808223,0.142281,0.571429],[-0.384444,-0.607564,0.695031]],[[-0.44607,0.781423,0.436349],[0.872346,0.270611,0.407163],[-0.200086,-0.56227,0.802383]],[[-0.44607,0.781423,0.436349],[0.894804,0.37922,0.235623],[-0.018649,-0.495551,0.868379]]],"btipPosition":[174.765,358.124,119.824],"carpPosition":[149.922,301.197,196.373],"dipPosition":[174.365,347.507,138.428],"direction":[0.200086,0.56227,-0.802383],"extended":false,"handId":152,"id":1520,"length":47.7081,"mcpPosition":[149.922,301.197,196.373],"pipPosition":[168.12,329.958,163.472],"stabilizedTipPosition":[174.71,355.549,124.135],"timeVisible":0.506151,"tipPosition":[178.24,360.403,130.528],"tipVelocity":[-261.503,946.43,-224.921],"tool":false,"touchDistance":0.361753,"touchZone":"none","type":0,"width":19.5446},{"bases":[[[-0.959171,0.0288538,-0.28135],[-0.204467,0.616559,0.760295],[-0.195406,-0.78678,0.585486]],[[-0.950947,0.0590917,-0.303659],[-0.0461665,0.943487,0.328178],[-0.305891,-0.326098,0.894478]],[[-0.950947,0.0590917,-0.303659],[0.135139,0.962326,-0.235936],[-0.278277,0.265399,0.923106]],[[-0.950947,0.0590917,-0.303659],[0.1978,0.870865,-0.449966],[-0.237857,0.487958,0.839834]]],"btipPosition":[173.729,372.4,95.6737],"carpPosition":[138.189,318.188,205.26],"dipPosition":[170.009,380.032,108.809],"direction":[0.278277,-0.265399,-0.923106],"extended":false,"handId":152,"id":1521,"length":53.8333,"mcpPosition":[151.822,373.079,164.412],"pipPosition":[163.852,385.904,129.234],"stabilizedTipPosition":[172.879,374.119,98.6987],"timeVisible":0.506151,"tipPosition":[169.596,368.503,100.039],"tipVelocity":[-138.344,993.71,-104.822],"tool":false,"touchDistance":0.340579,"touchZone":"hovering","type":1,"width":18.669},{"bases":[[[-0.927748,-0.183242,-0.325124],[-0.367923,0.595137,0.714454],[-0.0625751,-0.782454,0.619557]],[[-0.926614,-0.17055,-0.335112],[-0.34376,0.745375,0.571179],[-0.15237,-0.64446,0.749303]],[[-0.926614,-0.17055,-0.335112],[-0.285701,0.898757,0.332581],[-0.244463,-0.403916,0.881527]],[[-0.926614,-0.17055,-0.335112],[-0.212725,0.972659,0.093184],[-0.310057,-0.157632,0.937559]]],"btipPosition":[149.449,413.387,89.7817],"carpPosition":[126.888,319.956,202.91],"dipPosition":[144.115,410.675,105.91],"direction":[0.244463,0.403916,-0.881527],"extended":true,"handId":152,"id":1522,"length":61.3387,"mcpPosition":[131.028,371.725,161.919],"pipPosition":[137.752,400.161,128.857],"stabilizedTipPosition":[148.272,412.458,93.5275],"timeVisible":0.506151,"tipPosition":[144.425,416.719,95.0751],"tipVelocity":[-160.829,966.776,-116.956],"tool":false,"touchDistance":0.336243,"touchZone":"hovering","type":2,"width":18.3354},{"bases":[[[-0.896452,-0.340729,-0.283334],[-0.435074,0.555278,0.708785],[0.0841741,-0.758663,0.646022]],[[-0.900356,-0.260958,-0.348225],[-0.416671,0.747751,0.516965],[-0.125479,-0.610548,0.781976]],[[-0.900356,-0.260958,-0.348225],[-0.371534,0.8776,0.302955],[-0.226544,-0.402144,0.887107]],[[-0.900356,-0.260958,-0.348225],[-0.336881,0.924533,0.178184],[-0.275447,-0.277739,0.920321]]],"btipPosition":[126.455,403.935,90.6737],"carpPosition":[115.867,318.948,199.269],"dipPosition":[121.744,399.185,106.415],"direction":[0.226544,0.402144,-0.887106],"extended":true,"handId":152,"id":1523,"length":58.9788,"mcpPosition":[110.867,364.015,160.894],"pipPosition":[115.999,388.987,128.91],"stabilizedTipPosition":[125.382,402.793,94.2969],"timeVisible":0.506151,"tipPosition":[124.005,400.296,94.1568],"tipVelocity":[-221.333,1092.29,-62.7008],"tool":false,"touchDistance":0.336912,"touchZone":"hovering","type":3,"width":17.4473},{"bases":[[[-0.796392,-0.513279,-0.319851],[-0.560051,0.426301,0.71036],[0.22826,-0.744858,0.626965]],[[-0.796732,-0.512167,-0.320785],[-0.539559,0.841938,-0.00414485],[-0.272204,-0.16978,0.947143]],[[-0.796732,-0.512167,-0.320785],[0.0308827,0.49561,-0.867996],[-0.603544,0.701467,0.379051]],[[-0.796732,-0.512167,-0.320785],[0.312098,0.105839,-0.944136],[-0.517507,0.85234,-0.0755214]]],"btipPosition":[121.774,332.663,121.477],"carpPosition":[106.543,312.217,192.205],"dipPosition":[113.608,346.111,120.285],"direction":[0.603544,-0.701467,-0.379051],"extended":false,"handId":152,"id":1524,"length":46.2383,"mcpPosition":[93.9913,353.175,157.729],"pipPosition":[102.802,358.671,127.072],"stabilizedTipPosition":[119.914,335.653,121.208],"timeVisible":0.506151,"tipPosition":[118.109,343.548,115.248],"tipVelocity":[-165.616,901.326,-47.4047],"tool":false,"touchDistance":0.853379,"touchZone":"none","type":4,"width":15.4981}],"r":[[-0.753591,0.0340376,-0.656462],[-0.650689,0.103114,0.752311],[0.0932972,0.994087,-0.0555579]],"s":-0.885438,"t":[-1113.49,-1047.82,1402.55],"timestamp":630191099876},{"currentFrameRate":55.0587,"devices":[],"gestures":[{"direction":[-0.147036,0.984731,-0.0931916],"duration":36174,"handIds":[152],"id":2,"pointableIds":[1520],"position":[168.991,372.686,119.565],"speed":426.32,"startPosition":[191.841,212.787,133.863],"state":"update","type":"swipe"},{"direction":[-0.0581898,0.996096,-0.0663823],"duration":36174,"handIds":[152],"id":3,"pointableIds":[1521],"position":[168.56,393.661,94.3923],"speed":438.511,"startPosition":[178.039,220.268,105.124],"state":"update","type":"swipe"},{"direction":[-0.13902,0.990286,0.00260644],"duration":18122,"handIds":[152],"id":4,"pointableIds":[1523],"position":[119.785,419.452,90.9344],"speed":445.598,"startPosition":[137.684,281.13,90.1476],"state":"update","type":"swipe"},{"direction":[-0.119955,0.992475,0.0245956],"duration":0,"handIds":[152],"id":5,"pointableIds":[1524],"position":[115.361,350.101,119.02],"speed":387.355,"startPosition":[129.383,234.089,116.145],"state":"start","type":"swipe"}],"hands":[{"armBasis":[[-0.843741,-0.0564394,-0.533775],[-0.252881,0.918971,0.302562],[-0.473447,-0.390266,0.789646]],"armWidth":61.1728,"confidence":1,"direction":[0.527512,0.764869,-0.369738],"elbow":[-312.077,96.0926,211.022],"grabAngle":0.878801,"grabStrength":0,"id":151,"palmNormal":[0.55591,-0.639881,-0.530581],"palmPosition":[-146.23,244.362,-19.1368],"palmVelocity":[1.46925,-39.1248,13.8125],"palmWidth":86.2877,"pinchDistance":75.9381,"pinchStrength":0,"r":[[0.95473,-0.208635,-0.212045],[0.222239,0.974078,0.0422176],[0.19774,-0.0874311,0.976348]],"s":1.57757,"sphereCenter":[-118.243,257.563,-45.572],"sphereRadius":51.6801,"stabilizedPalmPosition":[-145.875,246.973,-19.8214],"t":[34.7279,32.5411,-141.846],"timeVisible":0.759277,"type":"left","wrist":[-190.852,196.019,8.83626]},{"armBasis":[[-0.996159,-0.0866519,0.0125659],[-0.0871243,0.966689,-0.240668],[-0.00870707,0.240839,0.970526]],"armWidth":61.1728,"confidence":1,"direction":[-0.0233414,0.859627,-0.510388],"elbow":[116.684,375.115,461.514],"grabAngle":1.32638,"grabStrength":0,"id":152,"palmNormal":[0.220587,-0.493516,-0.841299],"palmPosition":[125.484,364.301,165.819],"palmVelocity":[-205.473,853.154,-229.84],"palmWidth":86.2877,"pinchDistance":30.2764,"pinchStrength":0.736969,"r":[[-0.465044,-0.197292,-0.863024],[0.0466275,0.96804,-0.246425],[0.884059,-0.154839,-0.440982]],"s":1.02338,"sphereCenter":[125.423,342.739,97.6284],"sphereRadius":69.1328,"stabilizedPalmPosition":[125.492,364.267,165.828],"t":[-25.7853,173.381,-23.2014],"timeVisible":0.524273,"type":"left","wrist":[118.913,313.449,213.014]}],"id":53365,"interactionBox":{"center":[0,200,0],"size":[235.247,235.247,147.751]},"pointables":[{"bases":[[[-0.652791,0.751495,0.0954926],[0.0625307,-0.0721718,0.99543],[-0.754953,-0.655779,-0.000121691]],[[-0.296442,0.951027,0.0875743],[0.0321719,-0.0817,0.996138],[-0.954509,-0.298114,0.00637705]],[[-0.296442,0.951027,0.0875743],[0.451951,0.0589128,0.890096],[-0.841346,-0.303441,0.447281]],[[-0.296442,0.951027,0.0875743],[0.815141,0.204168,0.54209],[-0.497662,-0.232084,0.835745]]],"btipPosition":[-76.7092,225.862,-19.3237],"carpPosition":[-158.815,197.307,12.8435],"dipPosition":[-87.3711,220.89,-1.41873],"direction":[0.841346,0.303441,-0.447281],"extended":false,"handId":151,"id":1510,"length":47.7081,"mcpPosition":[-158.815,197.307,12.8435],"pipPosition":[-113.631,211.419,12.5416],"stabilizedTipPosition":[-77.3529,228.379,-14.0579],"timeVisible":0.759277,"tipPosition":[-73.5884,224.077,-7.38576],"tipVelocity":[-1.18527,-66.0476,10.7491],"tool":false,"touchDistance":0.333333,"touchZone":"hovering","type":0,"width":19.5446},{"bases":[[[-0.544723,0.201715,-0.813995],[-0.456618,0.7428,0.48964],[-0.703403,-0.638403,0.312514]],[[-0.617608,0.131481,-0.775418],[-0.586334,0.58014,0.565376],[-0.524187,-0.803835,0.281207]],[[-0.617608,0.131481,-0.775418],[-0.417612,0.780633,0.464987],[-0.666453,-0.611004,0.427217]],[[-0.617608,0.131481,-0.775418],[-0.184011,0.934406,0.305002],[-0.764657,-0.331057,0.552903]]],"btipPosition":[-72.2884,312.353,-37.8667],"carpPosition":[-168.684,217.502,13.0962],"dipPosition":[-84.248,307.175,-29.2191],"direction":[0.666453,0.611004,-0.427217],"extended":true,"handId":151,"id":1511,"length":53.8333,"mcpPosition":[-119.609,262.042,-8.70711],"pipPosition":[-98.9939,293.656,-19.7665],"stabilizedTipPosition":[-75.3267,312.947,-36.5978],"timeVisible":0.759277,"tipPosition":[-76.9732,313.163,-33.4183],"tipVelocity":[19.5602,-57.4399,14.4261],"tool":false,"touchDistance":0.333333,"touchZone":"hovering","type":1,"width":18.669},{"bases":[[[-0.54887,-0.015995,-0.835754],[-0.557469,0.752013,0.351718],[-0.622872,-0.658955,0.421674]],[[-0.570001,-0.0386846,-0.820733],[-0.657414,0.620648,0.427321],[-0.492855,-0.783135,0.379202]],[[-0.570001,-0.0386846,-0.820733],[-0.486134,0.821172,0.298916],[-0.6624,-0.569368,0.486875]],[[-0.570001,-0.0386846,-0.820733],[-0.236845,0.964227,0.119042],[-0.786768,-0.262241,0.558772]]],"btipPosition":[-81.586,318.873,-62.6075],"carpPosition":[-175.321,221.388,4.30936],"dipPosition":[-95.1204,314.362,-52.9952],"direction":[0.6624,0.569368,-