{"frames":65,"data":[{"currentFrameRate":55.3282,"devices":[],"gestures":[],"hands":[{"armBasis":[[0.728983,-0.0202036,-0.684234],[0.318643,0.894683,0.313065],[0.605847,-0.446245,0.658646]],"armWidth":55.9977,"confidence":1,"direction":[-0.301346,0.828858,-0.471365],"elbow":[44.9933,84.6919,261.603],"grabAngle":0,"grabStrength":0,"id":190,"palmNormal":[-0.540487,-0.555739,-0.631686],"palmPosition":[-137.103,247.761,65.1423],"palmVelocity":[4.21943,-3.00389,-3.92546],"palmWidth":83.544,"pinchDistance":55.1051,"pinchStrength":0,"r":[[-0.633587,0.631892,0.446409],[-0.132814,0.4796,-0.867378],[-0.762187,-0.608848,-0.219944]],"s":0.843986,"sphereCenter":[-52.836,381.573,125.626],"sphereRadius":168.27,"stabilizedPalmPosition":[-138.544,247.566,65.2537],"t":[-7.46619,50.4448,-79.9953],"timeVisible":6.20032,"type":"right","wrist":[-105.199,195.318,98.3214]}],"id":63296,"interactionBox":{"center":[0,200,0],"size":[235.247,235.247,147.751]},"pointables":[{"bases":[[[0.740721,0.632887,0.22536],[-0.272875,-0.0231024,0.961772],[0.613899,-0.7739,0.155586]],[[0.659752,0.723107,0.204555],[-0.245285,-0.0500804,0.968157],[0.710325,-0.688918,0.144327]],[[0.659752,0.723107,0.204555],[-0.57194,0.3066,0.760843],[0.487455,-0.618961,0.615854]],[[0.659752,0.723107,0.204555],[-0.72131,0.532993,0.442301],[0.210805,-0.439357,0.873228]]],"btipPosition":[-191.805,262.331,53.4473],"carpPosition":[-139.494,201.99,98.0378],"dipPosition":[-187.283,252.907,72.1779],"direction":[-0.487455,0.618961,-0.615854],"extended":false,"handId":190,"id":1900,"length":47.7656,"mcpPosition":[-139.494,201.99,98.0378],"pipPosition":[-172.051,233.565,91.4229],"stabilizedTipPosition":[-192.806,259.103,56.993],"timeVisible":6.20032,"tipPosition":[-193.242,258.676,57.0973],"tipVelocity":[9.03516,-1.4647,-7.23611],"tool":false,"touchDistance":0.33322,"touchZone":"hovering","type":0,"width":17.446},{"bases":[[[0.694328,-0.140247,-0.705861],[0.597421,0.659187,0.456685],[0.401245,-0.738785,0.541478]],[[0.709821,-0.169684,-0.683639],[0.623953,0.601842,0.498467],[0.32686,-0.780381,0.533074]],[[0.709821,-0.169684,-0.683639],[0.620237,0.610581,0.49244],[0.333858,-0.773562,0.538648]],[[0.709821,-0.169684,-0.683639],[0.614012,0.62466,0.482482],[0.345172,-0.762238,0.547584]]],"btipPosition":[-173.165,337.019,11.4624],"carpPosition":[-118.377,221.93,93.1678],"dipPosition":[-167.221,323.891,20.8935],"direction":[-0.333858,0.773562,-0.538648],"extended":true,"handId":190,"id":1902,"length":61.4127,"mcpPosition":[-144.08,269.255,58.4814],"pipPosition":[-158.519,303.73,34.932],"stabilizedTipPosition":[-173.734,334.171,14.6857],"timeVisible":6.20032,"tipPosition":[-173.165,333.505,13.9217],"tipVelocity":[8.85198,-8.23518,-16.1511],"tool":false,"touchDistance":0.333084,"touchZone":"hovering","type":2,"width":16.3667},{"bases":[[[0.698781,-0.296728,-0.65089],[0.657987,0.623595,0.422116],[0.280638,-0.723244,0.631]],[[0.667187,-0.222855,-0.710772],[0.681708,0.567265,0.462044],[0.300227,-0.792809,0.530394]],[[0.667187,-0.222855,-0.710772],[0.678958,0.574429,0.457217],[0.306395,-0.787633,0.534561]],[[0.667187,-0.222855,-0.710772],[0.671554,0.592819,0.444501],[0.3223,-0.773887,0.54518]]],"btipPosition":[-152.125,328.768,4.29585],"carpPosition":[-110.391,221.457,85.2146],"dipPosition":[-146.606,315.516,13.6316],"direction":[-0.306395,0.787633,-0.534561],"extended":true,"handId":190,"id":1903,"length":59.0499,"mcpPosition":[-126.532,263.053,48.9233],"pipPosition":[-138.826,295.519,27.2038],"stabilizedTipPosition":[-153.811,326.096,10.4894],"timeVisible":6.20032,"tipPosition":[-151.092,325.146,5.96216],"tipVelocity":[7.98277,-8.42923,-11.6922],"tool":false,"touchDistance":-0.233931,"touchZone":"touching","type":3,"width":15.5739},{"bases":[[[0.608177,-0.477371,-0.634222],[0.780854,0.503489,0.369818],[0.142783,-0.72015,0.678967]],[[0.563235,-0.311312,-0.765409],[0.797811,0.446012,0.405673],[0.21509,-0.839141,0.499578]],[[0.563235,-0.311312,-0.765409],[0.790741,0.471874,0.389953],[0.23978,-0.824875,0.511944]],[[0.563235,-0.311312,-0.765409],[0.779594,0.507216,0.367375],[0.273859,-0.803627,0.528379]]],"btipPosition":[-128.079,308.177,5.31411],"carpPosition":[-104.882,215.16,75.1768],"dipPosition":[-123.753,295.482,13.6614],"direction":[-0.23978,0.824875,-0.511944],"extended":true,"handId":190,"id":1904,"length":46.294,"mcpPosition":[-112.484,253.501,39.0285],"pipPosition":[-119.455,280.695,22.8385],"stabilizedTipPosition":[-131.842,305.949,16.9517],"timeVisible":6.20032,"tipPosition":[-129.675,302.527,4.82587],"tipVelocity":[6.48796,-7.14378,-4.73121],"tool":false,"touchDistance":-0.170997,"touchZone":"touching","type":4,"width":13.834},{"bases":[[[0.723786,0.0756707,-0.685863],[0.470875,0.672403,0.571096],[0.504391,-0.736307,0.451044]],[[0.823347,-0.10247,-0.558211],[0.489695,0.625437,0.607476],[0.286878,-0.773517,0.565131]],[[0.823347,-0.10247,-0.558211],[0.489695,0.625437,0.607476],[0.286878,-0.773517,0.565131]],[[0.823347,-0.10247,-0.558211],[0.476691,0.658641,0.582201],[0.308003,-0.745448,0.591137]]],"btipPosition":[-183.48,328.637,25.6938],"carpPosition":[-126.935,219.634,100.19],"dipPosition":[-178.657,316.964,34.9506],"direction":[-0.286878,0.773517,-0.565131],"extended":true,"handId":190,"id":1901,"length":53.8982,"mcpPosition":[-161.006,269.371,69.7222],"pipPosition":[-172.302,299.829,47.4697],"stabilizedTipPosition":[-184.45,325.956,28.8593],"timeVisible":6.20032,"tipPosition":[-186.887,324.331,28.6575],"tipVelocity":[22.9909,11.1904,-0.552938],"tool":false,"touchDistance":0.333317,"touchZone":"hovering","type":1,"width":16.6644}],"r":[[-0.633587,0.631892,0.446409],[-0.132814,0.4796,-0.867378],[-0.762187,-0.608848,-0.219944]],"s":0.843986,"t":[-7.46619,50.4448,-79.9953],"timestamp":630380209494},{"currentFrameRate":55.3242,"devices":[],"gestures":[],"hands":[{"armBasis":[[0.728685,-0.0230769,-0.68446],[0.319482,0.895473,0.309934],[0.605763,-0.444517,0.65989]],"armWidth":55.9977,"confidence":1,"direction":[-0.300678,0.828232,-0.472891],"elbow":[45.0979,85.0678,261.925],"grabAngle":0,"grabStrength":0,"id":190,"palmNormal":[-0.541818,-0.55639,-0.62997],"palmPosition":[-136.939,247.67,65.0611],"palmVelocity":[9.07802,-5.06709,-4.48842],"palmWidth":83.544,"pinchDistance":55.1034,"pinchStrength":0,"r":[[-0.633091,0.632821,0.445795],[-0.132474,0.478835,-0.867853],[-0.762658,-0.608485,-0.219314]],"s":0.843397,"sphereCenter":[-52.4247,381.421,125.031],"sphereRadius":168.168,"stabilizedPalmPosition":[-138.509,247.568,65.2494],"t":[-7.33284,50.399,-80.0593],"timeVisible":6.21841,"type":"right","wrist":[-105.074,195.266,98.3351]}],"id":63297,"interactionBox":{"center":[0,200,0],"size":[235.247,235.247,147.751]},"pointables":[{"bases":[[[0.741776,0.632384,0.223291],[-0.272008,-0.0206416,0.962073],[0.613009,-0.77438,0.156702]],[[0.661135,0.722444,0.202424],[-0.243929,-0.0481659,0.968596],[0.709506,-0.68975,0.144381]],[[0.661135,0.722444,0.202424],[-0.570512,0.308871,0.760995],[0.487253,-0.618606,0.616369]],[[0.661135,0.722444,0.202424],[-0.719946,0.534963,0.442146],[0.211136,-0.438052,0.873803]]],"btipPosition":[-191.634,262.314,53.4372],"carpPosition":[-139.361,201.974,98.0585],"dipPosition":[-187.106,252.918,72.1801],"direction":[-0.487253,0.618606,-0.616369],"extended":false,"handId":190,"id":1900,"length":47.7656,"mcpPosition":[-139.361,201.974,98.0585],"pipPosition":[-171.879,233.587,91.4411],"stabilizedTipPosition":[-192.754,259.128,57.011],"timeVisible":6.21841,"tipPosition":[-193.061,258.647,57.0471],"tipVelocity":[9.5126,-0.613804,-0.405484],"tool":false,"touchDistance":0.333322,"touchZone":"hovering","type":0,"width":17.446},{"bases":[[[0.693481,-0.142714,-0.706199],[0.598727,0.65938,0.454692],[0.400762,-0.73814,0.542714]],[[0.708954,-0.17212,-0.683929],[0.625047,0.602506,0.496289],[0.32665,-0.779334,0.534732]],[[0.708954,-0.17212,-0.683929],[0.621478,0.6109,0.490476],[0.333392,-0.772771,0.540069]],[[0.708954,-0.17212,-0.683929],[0.615473,0.624496,0.48083],[0.34435,-0.761826,0.548674]]],"btipPosition":[-172.943,336.848,11.2118],"carpPosition":[-118.221,221.874,93.1254],"dipPosition":[-167.012,323.727,20.6617],"direction":[-0.333392,0.772771,-0.540069],"extended":true,"handId":190,"id":1902,"length":61.4127,"mcpPosition":[-143.893,269.158,58.3599],"pipPosition":[-158.323,303.587,34.7373],"stabilizedTipPosition":[-173.706,334.167,14.6689],"timeVisible":6.21841,"tipPosition":[-172.932,333.351,13.6868],"tipVelocity":[12.1117,-9.35409,-13.6146],"tool":false,"touchDistance":0.333116,"touchZone":"hovering","type":2,"width":16.3667},{"bases":[[[0.697777,-0.29908,-0.65089],[0.659213,0.623632,0.420144],[0.28026,-0.722242,0.632314]],[[0.666171,-0.225181,-0.710992],[0.682732,0.567807,0.459861],[0.300154,-0.791763,0.531995]],[[0.666171,-0.225181,-0.710992],[0.679999,0.57492,0.455047],[0.306296,-0.786613,0.536118]],[[0.666171,-0.225181,-0.710992],[0.672779,0.59285,0.442604],[0.321845,-0.77319,0.546436]]],"btipPosition":[-151.942,328.547,4.04494],"carpPosition":[-110.244,221.373,85.1658],"dipPosition":[-146.43,315.306,13.4022],"direction":[-0.306296,0.786613,-0.536118],"extended":true,"handId":190,"id":1903,"length":59.0499,"mcpPosition":[-126.363,262.912,48.799],"pipPosition":[-138.654,295.335,27.014],"stabilizedTipPosition":[-153.768,326.088,10.4299],"timeVisible":6.21841,"tipPosition":[-150.879,324.945,5.72663],"tipVelocity":[10.0092,-12.1124,-13.5974],"tool":false,"touchDistance":-0.23803,"touchZone":"touching","type":3,"width":15.5739},{"bases":[[[0.606947,-0.479565,-0.633745],[0.781871,0.503248,0.367994],[0.142454,-0.71886,0.680403]],[[0.561966,-0.31332,-0.765522],[0.798687,0.446273,0.403657],[0.215158,-0.838255,0.501035]],[[0.561966,-0.31332,-0.765522],[0.791676,0.471898,0.388023],[0.239673,-0.824101,0.513239]],[[0.561966,-0.31332,-0.765522],[0.780696,0.506728,0.365707],[0.273328,-0.803155,0.529372]]],"btipPosition":[-127.924,307.946,5.11148],"carpPosition":[-104.752,215.047,75.1367],"dipPosition":[-123.606,295.258,13.4744],"direction":[-0.239673,0.824101,-0.513239],"extended":true,"handId":190,"id":1904,"length":46.294,"mcpPosition":[-112.337,253.319,38.912],"pipPosition":[-119.309,280.485,22.6747],"stabilizedTipPosition":[-131.797,305.94,16.8612],"timeVisible":6.21841,"tipPosition":[-129.487,302.301,4.62456],"tipVelocity":[8.49489,-12.7088,-11.0025],"tool":false,"touchDistance":-0.174314,"touchZone":"touching","type":4,"width":13.834},{"bases":[[[0.723246,0.0732073,-0.686699],[0.472306,0.673014,0.569191],[0.503827,-0.735998,0.452179]],[[0.822734,-0.104894,-0.558665],[0.490925,0.626546,0.605337],[0.286533,-0.772294,0.566975]],[[0.822734,-0.104894,-0.558665],[0.490925,0.626546,0.605337],[0.286533,-0.772294,0.566975]],[[0.822734,-0.104894,-0.558665],[0.478055,0.659406,0.580213],[0.307526,-0.744434,0.59266]]],"btipPosition":[-183.254,328.497,25.4504],"carpPosition":[-126.775,219.605,100.16],"dipPosition":[-178.438,316.839,34.731],"direction":[-0.286533,0.772294,-0.566975],"extended":true,"handId":190,"id":1901,"length":53.8982,"mcpPosition":[-160.808,269.321,69.6161],"pipPosition":[-172.091,299.731,47.291],"stabilizedTipPosition":[-184.403,325.953,28.8329],"timeVisible":6.21841,"tipPosition":[-186.643,324.231,28.4535],"tipVelocity":[12.4024,-7.58672,-13.1553],"tool":false,"touchDistance":0.333134,"touchZone":"hovering","type":1,"width":16.6644}],"r":[[-0.633091,0.632821,0.445795],[-0.132474,0.478835,-0.867853],[-0.762658,-0.608485,-0.219314]],"s":0.843397,"t":[-7.33284,50.399,-80.0593],"timestamp":630380227583},{"currentFrameRate":55.3254,"devices":[],"gestures":[],"hands":[{"armBasis":[[0.728447,-0.0259487,-0.684611],[0.320577,0.896044,0.307141],[0.605471,-0.443207,0.661039]],"armWidth":55.9977,"confidence":1,"direction":[-0.300322,0.828423,-0.472782],"elbow":[45.2661,85.27,262.162],"grabAngle":0,"grabStrength":0,"id":190,"palmNormal":[-0.544141,-0.555895,-0.628404],"palmPosition":[-136.675,247.562,65.0236],"palmVelocity":[14.6071,-5.95308,-2.07501],"palmWidth":83.544,"pinchDistance":55.0658,"pinchStrength":0,"r":[[-0.632283,0.633837,0.445498],[-0.132423,0.478151,-0.868237],[-0.763336,-0.607966,-0.218392]],"s":0.843029,"sphereCenter":[-54.1966,378.273,121.989],"sphereRadius":163.814,"stabilizedPalmPosition":[-138.467,247.568,65.2443],"t":[-7.13419,50.3224,-80.11],"timeVisible":6.23648,"type":"right","wrist":[-104.833,195.143,98.2875]}],"id":63298,"interactionBox":{"center":[0,200,0],"size":[235.247,235.247,147.751]},"pointables":[{"bases":[[[0.74333,0.63128,0.221236],[-0.269924,-0.0195427,0.962683],[0.612047,-0.775308,0.155871]],[[0.662371,0.721882,0.200375],[-0.242658,-0.0463157,0.969006],[0.708788,-0.690464,0.144493]],[[0.662371,0.721882,0.200375],[-0.568376,0.309968,0.762147],[0.488071,-0.618713,0.615615]],[[0.662371,0.721882,0.200375],[-0.718238,0.535818,0.443884],[0.213067,-0.437933,0.873394]]],"btipPosition":[-191.409,262.266,53.4627],"carpPosition":[-139.101,201.892,98.0568],"dipPosition":[-186.839,252.872,72.1968],"direction":[-0.488071,0.618713,-0.615615],"extended":false,"handId":190,"id":1900,"length":47.7656,"mcpPosition":[-139.101,201.892,98.0568],"pipPosition":[-171.587,233.538,91.4343],"stabilizedTipPosition":[-192.695,259.152,57.0296],"timeVisible":6.23648,"tipPosition":[-192.786,258.635,57.1286],"tipVelocity":[13.0089,-2.6214,1.30047],"tool":false,"touchDistance":0.33335,"touchZone":"hovering","type":0,"width":17.446},{"bases":[[[0.691683,-0.144353,-0.707627],[0.600836,0.658672,0.452932],[0.400712,-0.738454,0.542325]],[[0.70689,-0.173249,-0.685778],[0.62688,0.60251,0.493966],[0.327609,-0.77908,0.534515]],[[0.70689,-0.173249,-0.685778],[0.623118,0.611322,0.487862],[0.334709,-0.772185,0.540092]],[[0.70689,-0.173249,-0.685778],[0.617045,0.625008,0.478144],[0.345778,-0.761151,0.548714]]],"btipPosition":[-172.759,336.71,11.1835],"carpPosition":[-117.939,221.754,93.0639],"dipPosition":[-166.804,323.6,20.6342],"direction":[-0.334709,0.772186,-0.540092],"extended":true,"handId":190,"id":1902,"length":61.4127,"mcpPosition":[-143.608,269.058,58.3233],"pipPosition":[-158.08,303.475,34.7103],"stabilizedTipPosition":[-173.669,334.159,14.6476],"timeVisible":6.23648,"tipPosition":[-172.627,333.273,13.6689],"tipVelocity":[10.5042,-7.51301,-1.55407],"tool":false,"touchDistance":0.333299,"touchZone":"hovering","type":2,"width":16.3667},{"bases":[[[0.695838,-0.300689,-0.652224],[0.661186,0.622799,0.418275],[0.280433,-0.722293,0.632179]],[[0.664215,-0.226756,-0.71232],[0.684456,0.567603,0.457544],[0.300564,-0.791459,0.532215]],[[0.664215,-0.226756,-0.71232],[0.681539,0.575175,0.452414],[0.307121,-0.785974,0.536583]],[[0.664215,-0.226756,-0.71232],[0.674241,0.593228,0.439862],[0.322827,-0.772439,0.546919]]],"btipPosition":[-151.743,328.369,3.94493],"carpPosition":[-109.98,221.234,85.0872],"dipPosition":[-146.214,315.141,13.3105],"direction":[-0.307121,0.785974,-0.536583],"extended":true,"handId":190,"id":1903,"length":59.0499,"mcpPosition":[-126.109,262.776,48.7281],"pipPosition":[-138.417,295.186,26.934],"stabilizedTipPosition":[-153.714,326.075,10.3586],"timeVisible":6.23648,"tipPosition":[-150.615,324.825,5.67082],"tipVelocity":[11.2388,-9.67449,-5.42901],"tool":false,"touchDistance":-0.239665,"touchZone":"touching","type":3,"width":15.5739},{"bases":[[[0.604742,-0.481009,-0.634758],[0.783526,0.502173,0.365936],[0.14274,-0.718646,0.680568]],[[0.559975,-0.315447,-0.766107],[0.800118,0.445891,0.401238],[0.215031,-0.83766,0.502083]],[[0.559975,-0.315447,-0.766107],[0.792987,0.471921,0.385308],[0.239998,-0.823276,0.51441]],[[0.559975,-0.315447,-0.766107],[0.781997,0.506699,0.362955],[0.273693,-0.80234,0.530418]]],"btipPosition":[-127.715,307.732,4.94466],"carpPosition":[-104.521,214.892,75.0501],"dipPosition":[-123.392,295.057,13.3241],"direction":[-0.239998,0.823276,-0.51441],"extended":true,"handId":190,"id":1904,"length":46.294,"mcpPosition":[-112.121,253.153,38.8166],"pipPosition":[-119.089,280.299,22.5454],"stabilizedTipPosition":[-131.748,305.93,16.7645],"timeVisible":6.23648,"tipPosition":[-129.25,302.155,4.54729],"tipVelocity":[11.6042,-11.6454,-9.0208],"tool":false,"touchDistance":-0.177031,"touchZone":"touching","type":4,"width":13.834},{"bases":[[[0.721855,0.0715305,-0.688337],[0.474691,0.672595,0.5677],[0.50358,-0.736545,0.451562]],[[0.820831,-0.105515,-0.56134],[0.493036,0.627059,0.603085],[0.288359,-0.771792,0.566733]],[[0.820831,-0.105515,-0.56134],[0.488131,0.639913,0.593497],[0.296586,-0.761169,0.576766]],[[0.820831,-0.105515,-0.56134],[0.474661,0.672666,0.567642],[0.3177,-0.732385,0.602229]]],"btipPosition":[-183.397,327.977,25.0937],"carpPosition":[-126.481,219.504,100.119],"dipPosition":[-178.422,316.509,34.5242],"direction":[-0.296586,0.761169,-0.576766],"extended":true,"handId":190,"id":1901,"length":53.8982,"mcpPosition":[-160.498,269.257,69.6166],"pipPosition":[-171.852,299.647,47.3011],"stabilizedTipPosition":[-184.362,325.941,28.8032],"timeVisible":6.23648,"tipPosition":[-186.151,324.233,28.4212],"tipVelocity":[-5.90562,-26.3307,-17.8288],"tool":false,"touchDistance":0.333055,"touchZone":"hovering","type":1,"width":16.6644}],"r":[[-0.632283,0.633837,0.445498],[-0.132423,0.478151,-0.868237],[-0.763336,-0.607966,-0.218392]],"s":0.843029,"t":[-7.13419,50.3224,-80.11],"timestamp":630380245654},{"currentFrameRate":55.3298,"devices":[],"gestures":[],"hands":[{"armBasis":[[0.729755,-0.025276,-0.683241],[0.319411,0.896164,0.308003],[0.604511,-0.443002,0.662054]],"armWidth":55.9977,"confidence":1,"direction":[-0.300588,0.828827,-0.471904],"elbow":[45.4125,85.2839,262.276],"grabAngle":0,"grabStrength":0,"id":190,"palmNormal":[-0.543367,-0.555454,-0.629462],"palmPosition":[-136.297,247.541,64.92],"palmVelocity":[20.9183,-1.1958,-5.7363],"palmWidth":83.544,"pinchDistance":55.0402,"pinchStrength":0,"r":[[-0.63178,0.634448,0.445343],[-0.132338,0.477809,-0.868439],[-0.763768,-0.607597,-0.217908]],"s":0.842703,"sphereCenter":[-53.9229,378.161,122.001],"sphereRadius":163.729,"stabilizedPalmPosition":[-138.417,247.567,65.2369],"t":[-6.84599,50.2732,-80.1872],"timeVisible":6.25454,"type":"right","wrist":[-104.449,195.106,98.1496]}],"id":63299,"interactionBox":{"center":[0,200,0],"size":[235.247,235.247,147.751]},"pointables":[{"bases":[[[0.742761,0.6315,0.222516],[-0.270516,-0.0209662,0.962487],[0.612476,-0.775092,0.155258]],[[0.662026,0.721804,0.201792],[-0.243151,-0.0478319,0.968808],[0.708942,-0.690442,0.143842]],[[0.662026,0.721804,0.201792],[-0.569102,0.308934,0.762025],[0.487693,-0.619321,0.615303]],[[0.662026,0.721804,0.201792],[-0.718839,0.535313,0.443521],[0.212114,-0.438679,0.873252]]],"btipPosition":[-190.996,262.234,53.3414],"carpPosition":[-138.713,201.826,97.8929],"dipPosition":[-186.446,252.825,72.0725],"direction":[-0.487693,0.619321,-0.615303],"extended":false,"handId":190,"id":1900,"length":47.7656,"mcpPosition":[-138.713,201.826,97.8929],"pipPosition":[-171.206,233.471,91.3002],"stabilizedTipPosition":[-192.628,259.174,57.0447],"timeVisible":6.25454,"tipPosition":[-192.405,258.589,57.0055],"tipVelocity":[22.6246,-1.96157,-6.75725],"tool":false,"touchDistance":0.333232,"touchZone":"hovering","type":0,"width":17.446},{"bases":[[[0.692226,-0.142972,-0.707377],[0.600103,0.658496,0.454158],[0.400873,-0.738879,0.541626]],[[0.707409,-0.171828,-0.6856],[0.626048,0.602574,0.494943],[0.32808,-0.779345,0.533839]],[[0.707409,-0.171828,-0.6856],[0.62248,0.610928,0.489168],[0.3348,-0.772815,0.539135]],[[0.707409,-0.171828,-0.6856],[0.616555,0.624295,0.479705],[0.34559,-0.762057,0.547573]]],"btipPosition":[-172.412,336.736,11.1777],"carpPosition":[-117.561,221.709,92.9389],"dipPosition":[-166.459,323.61,20.6087],"direction":[-0.3348,0.772815,-0.539135],"extended":true,"handId":190,"id":1902,"length":61.4127,"mcpPosition":[-143.24,269.04,58.2431],"pipPosition":[-157.734,303.469,34.6599],"stabilizedTipPosition":[-173.618,334.151,14.6226],"timeVisible":6.25454,"tipPosition":[-172.275,333.293,13.6529],"tipVelocity":[19.1965,1.24253,-0.572059],"tool":false,"touchDistance":0.333323,"touchZone":"hovering","type":2,"width":16.3667},{"bases":[[[0.696452,-0.299376,-0.652172],[0.660499,0.622709,0.419493],[0.280527,-0.722916,0.631424]],[[0.664749,-0.225243,-0.712302],[0.683737,0.567618,0.4586],[0.301019,-0.791881,0.53133]],[[0.664749,-0.225243,-0.712302],[0.680977,0.574781,0.453759],[0.307211,-0.786698,0.53547]],[[0.664749,-0.225243,-0.712302],[0.673873,0.592383,0.441563],[0.322497,-0.77353,0.545571]]],"btipPosition":[-151.38,328.43,3.95519],"carpPosition":[-109.597,221.205,84.9665],"dipPosition":[-145.858,315.184,13.2977],"direction":[-0.307211,0.786698,-0.53547],"extended":true,"handId":190,"id":1903,"length":59.0499,"mcpPosition":[-125.731,262.783,48.6507],"pipPosition":[-138.058,295.21,26.8929],"stabilizedTipPosition":[-153.635,326.06,10.2659],"timeVisible":6.25454,"tipPosition":[-150.252,324.871,5.65863],"tipVelocity":[19.9951,3.13296,0.274221],"tool":false,"touchDistance":-0.239583,"touchZone":"touching","type":3,"width":15.5739},{"bases":[[[0.605468,-0.47978,-0.634996],[0.782954,0.502234,0.367076],[0.142801,-0.719425,0.679732]],[[0.560529,-0.313653,-0.766439],[0.799613,0.44579,0.402357],[0.21547,-0.838387,0.500679]],[[0.560529,-0.313653,-0.766439],[0.792626,0.4713,0.386808],[0.239899,-0.824317,0.512787]],[[0.560529,-0.313653,-0.766439],[0.78176,0.505773,0.364754],[0.273238,-0.803626,0.528702]]],"btipPosition":[-127.33,307.824,4.96547],"carpPosition":[-104.128,214.879,74.9247],"dipPosition":[-123.014,295.128,13.3178],"direction":[-0.239899,0.824317,-0.512787],"extended":true,"handId":190,"id":1904,"length":46.294,"mcpPosition":[-111.73,253.181,38.7357],"pipPosition":[-118.713,280.351,22.51],"stabilizedTipPosition":[-131.677,305.916,16.6342],"timeVisible":6.25454,"tipPosition":[-128.864,302.225,4.52618],"tipVelocity":[21.2363,4.80204,0.806718],"tool":false,"touchDistance":-0.176788,"touchZone":"touching","type":4,"width":13.834},{"bases":[[[0.722239,0.0729076,-0.68779],[0.473876,0.672186,0.568865],[0.503797,-0.736784,0.45093]],[[0.82124,-0.104196,-0.560989],[0.492125,0.626905,0.60399],[0.288753,-0.772097,0.566116]],[[0.82124,-0.104196,-0.560989],[0.487141,0.639949,0.594271],[0.297084,-0.76132,0.57631]],[[0.82124,-0.104196,-0.560989],[0.473736,0.672509,0.5686],[0.318024,-0.732717,0.601653]]],"btipPosition":[-183.069,327.954,25.0465],"carpPosition":[-126.107,219.444,99.9859],"dipPosition":[-178.089,316.48,34.4679],"direction":[-0.297084,0.76132,-0.57631],"extended":true,"handId":190,"id":1901,"length":53.8982,"mcpPosition":[-160.138,269.213,69.526],"pipPosition":[-171.508,299.615,47.2347],"stabilizedTipPosition":[-184.31,325.928,28.7692],"timeVisible":6.25454,"tipPosition":[-185.794,324.228,28.3827],"tipVelocity":[18.2551,-1.34848,-2.73215],"tool":false,"touchDistance":0.333278,"touchZone":"hovering","type":1,"width":16.6644}],"r":[[-0.63178,0.634448,0.445343],[-0.132338,0.477809,-0.868439],[-0.763768,-0.607597,-0.217908]],"s":0.842703,"t":[-6.84599,50.2732,-80.1872],"timestamp":630380263712},{"currentFrameRate":55.3217,"devices":[],"gestures":[],"hands":[{"armBasis":[[0.730125,-0.0274234,-0.682763],[0.320346,0.896323,0.306566],[0.60357,-0.442552,0.663213]],"armWidth":55.9977,"confidence":1,"direction":[-0.299579,0.829071,-0.472116],"elbow":[45.6383,85.2723,262.479],"grabAngle":0,"grabStrength":0,"id":190,"palmNormal":[-0.544578,-0.554907,-0.628898],"palmPosition":[-135.771,247.442,64.8151],"palmVelocity":[29.0853,-5.46025,-5.79189],"palmWidth":83.544,"pinchDistance":55.0124,"pinchStrength":0,"r":[[-0.63113,0.635172,0.445231],[-0.132221,0.477496,-0.868629],[-0.764325,-0.607087,-0.217379]],"s":0.842233,"sphereCenter":[-53.2611,377.561,121.247],"sphereRadius":163.192,"stabilizedPalmPosition":[-138.353,247.564,65.2265],"t":[-6.43861,50.1993,-80.2782],"timeVisible":6.27265,"type":"right","wrist":[-103.99,194.983,98.0657]}],"id":63300,"interactionBox":{"center":[0,200,0],"size":[235.247,235.247,147.751]},"pointables":[{"bases":[[[0.743859,0.630458,0.221804],[-0.270003,-0.0201058,0.96265],[0.61137,-0.775963,0.15527]],[[0.663804,0.720328,0.201228],[-0.242088,-0.0476277,0.969085],[0.707642,-0.691997,0.142768]],[[0.663804,0.720328,0.201228],[-0.567925,0.310406,0.762306],[0.486648,-0.620303,0.61514]],[[0.663804,0.720328,0.201228],[-0.717426,0.537243,0.443475],[0.211339,-0.438746,0.873406]]],"btipPosition":[-190.412,262.258,53.31],"carpPosition":[-138.238,201.747,97.8105],"dipPosition":[-185.879,252.847,72.0444],"direction":[-0.486648,0.620303,-0.61514],"extended":false,"handId":190,"id":1900,"length":47.7656,"mcpPosition":[-138.238,201.747,97.8105],"pipPosition":[-170.671,233.463,91.2671],"stabilizedTipPosition":[-192.54,259.199,57.0602],"timeVisible":6.27265,"tipPosition":[-191.853,258.581,56.9308],"tipVelocity":[32.0295,1.2808,-1.69114],"tool":false,"touchDistance":0.333303,"touchZone":"hovering","type":0,"width":17.446},{"bases":[[[0.691604,-0.144364,-0.707702],[0.601374,0.65778,0.453514],[0.400041,-0.739246,0.54174]],[[0.706841,-0.173401,-0.68579],[0.626904,0.602646,0.493769],[0.327669,-0.778941,0.534681]],[[0.706841,-0.173401,-0.68579],[0.623476,0.610684,0.488203],[0.334147,-0.772656,0.539767]],[[0.706841,-0.173401,-0.68579],[0.617833,0.623449,0.47916],[0.344469,-0.762393,0.547812]]],"btipPosition":[-171.801,336.628,11.0091],"carpPosition":[-117.058,221.594,92.8354],"dipPosition":[-165.868,323.497,20.4442],"direction":[-0.334147,0.772656,-0.539768],"extended":true,"handId":190,"id":1902,"length":61.4127,"mcpPosition":[-142.684,268.949,58.1322],"pipPosition":[-157.16,303.36,34.5119],"stabilizedTipPosition":[-173.548,334.139,14.5906],"timeVisible":6.27265,"tipPosition":[-171.64,333.228,13.5274],"tipVelocity":[33.47,-6.00987,-9.26245],"tool":false,"touchDistance":0.333193,"touchZone":"hovering","type":2,"width":16.3667},{"bases":[[[0.695621,-0.300749,-0.652428],[0.661695,0.621884,0.418832],[0.279771,-0.723056,0.6316]],[[0.663968,-0.22653,-0.712622],[0.68456,0.567601,0.457392],[0.300872,-0.791526,0.531942]],[[0.663968,-0.22653,-0.712622],[0.681846,0.574646,0.452623],[0.306973,-0.786426,0.536006]],[[0.663968,-0.22653,-0.712622],[0.675025,0.591574,0.440887],[0.321695,-0.773772,0.5457]]],"btipPosition":[-150.814,328.29,3.79644],"carpPosition":[-109.1,221.074,84.8587],"dipPosition":[-145.305,315.039,13.1411],"direction":[-0.306973,0.786426,-0.536006],"extended":true,"handId":190,"id":1903,"length":59.0499,"mcpPosition":[-125.19,262.66,48.5329],"pipPosition":[-137.511,295.073,26.75],"stabilizedTipPosition":[-153.508,326.035,10.1315],"timeVisible":6.27265,"tipPosition":[-149.64,324.768,5.52781],"tipVelocity":[31.1232,-7.78208,-8.74077],"tool":false,"touchDistance":-0.24222,"touchZone":"touching","type":3,"width":15.5739},{"bases":[[[0.604368,-0.481005,-0.635117],[0.783934,0.501196,0.366401],[0.142078,-0.719331,0.679983]],[[0.559439,-0.314355,-0.766947],[0.800329,0.445591,0.401151],[0.215641,-0.83823,0.500869]],[[0.559439,-0.314355,-0.766947],[0.793463,0.470664,0.385866],[0.239676,-0.824413,0.512737]],[[0.559439,-0.314355,-0.766947],[0.782849,0.504423,0.364287],[0.27235,-0.804201,0.528287]]],"btipPosition":[-126.797,307.681,4.84542],"carpPosition":[-103.646,214.735,74.8167],"dipPosition":[-122.495,294.976,13.1912],"direction":[-0.239676,0.824413,-0.512737],"extended":true,"handId":190,"id":1904,"length":46.294,"mcpPosition":[-111.21,253.033,38.6144],"pipPosition":[-118.198,280.198,22.3825],"stabilizedTipPosition":[-131.563,305.893,16.4422],"timeVisible":6.27265,"tipPosition":[-128.278,302.097,4.40051],"tipVelocity":[29.2547,-8.0183,-6.71457],"tool":false,"touchDistance":-0.178814,"touchZone":"touching","type":4,"width":13.834},{"bases":[[[0.721961,0.0714782,-0.688232],[0.475233,0.671718,0.568286],[0.502918,-0.737351,0.450985]],[[0.820934,-0.106121,-0.561075],[0.493085,0.627285,0.602811],[0.287983,-0.771526,0.567286]],[[0.820934,-0.106121,-0.561075],[0.488046,0.640495,0.592939],[0.296443,-0.760594,0.577597]],[[0.820934,-0.106121,-0.561075],[0.474821,0.672671,0.567503],[0.317195,-0.732292,0.602607]]],"btipPosition":[-182.449,327.849,24.8556],"carpPosition":[-125.603,219.346,99.8883],"dipPosition":[-177.482,316.382,34.292],"direction":[-0.296443,0.760594,-0.577597],"extended":true,"handId":190,"id":1901,"length":53.8982,"mcpPosition":[-159.575,269.153,69.4246],"pipPosition":[-170.915,299.533,47.0872],"stabilizedTipPosition":[-184.238,325.911,28.7276],"timeVisible":6.27265,"tipPosition":[-185.147,324.194,28.2627],"tipVelocity":[34.0875,-5.72919,-10.3543],"tool":false,"touchDistance":0.333174,"touchZone":"hovering","type":1,"width":16.6644}],"r":[[-0.63113,0.635172,0.445231],[-0.132221,0.477496,-0.868629],[-0.764325,-0.607087,-0.217379]],"s":0.842233,"t":[-6.43861,50.1993,-80.2782],"timestamp":630380281816},{"currentFrameRate":55.3233,"devices":[],"gestures":[],"hands":[{"armBasis":[[0.731784,-0.0264697,-0.681022],[0.318838,0.896451,0.307761],[0.602357,-0.442351,0.664449]],"armWidth":55.9977,"confidence":1,"direction":[-0.298731,0.830767,-0.469665],"elbow":[45.8432,85.17,262.648],"grabAngle":0,"grabStrength":0,"id":190,"palmNormal":[-0.544151,-0.552576,-0.631316],"palmPosition":[-135.208,247.391,64.7928],"palmVelocity":[31.1479,-2.81421,-1.23285],"palmWidth":83.544,"pinchDistance":54.9631,"pinchStrength":0,"r":[[-0.63065,0.635508,0.445432],[-0.131904,0.477835,-0.86849],[-0.764776,-0.606467,-0.21752]],"s":0.841477,"sphereCenter":[-52.9999,376.634,120.969],"sphereRadius":162.283,"stabilizedPalmPosition":[-138.268,247.56,65.215],"t":[-5.9535,50.1368,-80.3348],"timeVisible":6.29072,"type":"right","wrist":[-103.484,194.831,97.9273]}],"id":63301,"interactionBox":{"center":[0,200,0],"size":[235.247,235.247,147.751]},"pointables":[{"bases":[[[0.743892,0.629398,0.224686],[-0.271024,-0.0231984,0.962293],[0.610877,-0.776737,0.153325]],[[0.66445,0.718818,0.204467],[-0.243037,-0.050886,0.968681],[0.70671,-0.693334,0.140888]],[[0.66445,0.718818,0.204467],[-0.568763,0.308913,0.762286],[0.484782,-0.622795,0.614095]],[[0.66445,0.718818,0.204467],[-0.717562,0.537186,0.443324],[0.208832,-0.441285,0.872729]]],"btipPosition":[-189.748,262.292,53.2659],"carpPosition":[-137.729,201.587,97.6331],"dipPosition":[-185.269,252.826,71.9858],"direction":[-0.484782,0.622795,-0.614095],"extended":false,"handId":190,"id":1900,"length":47.7656,"mcpPosition":[-137.729,201.587,97.6331],"pipPosition":[-170.12,233.364,91.1758],"stabilizedTipPosition":[-192.426,259.227,57.0755],"timeVisible":6.29072,"tipPosition":[-191.263,258.588,56.8904],"tipVelocity":[36.0396,1.19408,-2.62232],"tool":false,"touchDistance":0.333292,"touchZone":"hovering","type":0,"width":17.446},{"bases":[[[0.692288,-0.1423,-0.707452],[0.601174,0.656008,0.456336],[0.399158,-0.741218,0.539693]],[[0.707535,-0.171509,-0.68555],[0.626347,0.601415,0.495974],[0.327236,-0.780311,0.532946]],[[0.707535,-0.171509,-0.68555],[0.622785,0.609788,0.490202],[0.333966,-0.773785,0.538259]],[[0.707535,-0.171509,-0.68555],[0.6172,0.622448,0.481272],[0.344177,-0.763638,0.546259]]],"btipPosition":[-171.193,336.714,11.1939],"carpPosition":[-116.536,221.442,92.7464],"dipPosition":[-165.266,323.561,20.6023],"direction":[-0.333966,0.773785,-0.538259],"extended":true,"handId":190,"id":1902,"length":61.4127,"mcpPosition":[-142.105,268.923,58.1744],"pipPosition":[-156.562,303.395,34.6307],"stabilizedTipPosition":[-173.457,334.128,14.5605],"timeVisible":6.29072,"tipPosition":[-170.98,333.364,13.7513],"tipVelocity":[33.5759,4.46567,9.88882],"tool":false,"touchDistance":0.333461,"touchZone":"hovering","type":2,"width":16.3667},{"bases":[[[0.696179,-0.29887,-0.652695],[0.661517,0.620203,0.421597],[0.278801,-0.725276,0.62948]],[[0.664502,-0.224178,-0.712868],[0.684033,0.566572,0.459451],[0.300892,-0.792932,0.529833]],[[0.664502,-0.224178,-0.712868],[0.68111,0.574166,0.454338],[0.307452,-0.78745,0.534224]],[[0.664502,-0.224178,-0.712868],[0.674293,0.59108,0.442665],[0.322127,-0.774834,0.543936]]],"btipPosition":[-150.248,328.39,3.9979],"carpPosition":[-108.569,220.945,84.7764],"dipPosition":[-144.731,315.122,13.3124],"direction":[-0.307452,0.78745,-0.534224],"extended":true,"handId":190,"id":1903,"length":59.0499,"mcpPosition":[-124.604,262.659,48.5725],"pipPosition":[-136.925,295.129,26.876],"stabilizedTipPosition":[-153.325,326.007,9.97059],"timeVisible":6.29072,"tipPosition":[-148.982,324.923,5.75187],"tipVelocity":[31.4173,5.33288,10.7641],"tool":false,"touchDistance":-0.238978,"touchZone":"touching","type":3,"width":15.5739},{"bases":[[[0.604833,-0.479144,-0.636081],[0.78376,0.499638,0.368892],[0.141058,-0.721653,0.677731]],[[0.559835,-0.311199,-0.767946],[0.79985,0.444993,0.402766],[0.21639,-0.839724,0.498035]],[[0.559835,-0.311199,-0.767946],[0.792855,0.470478,0.387339],[0.240762,-0.825716,0.510125]],[[0.559835,-0.311199,-0.767946],[0.782283,0.504037,0.366033],[0.273165,-0.805668,0.525623]]],"btipPosition":[-126.261,307.801,5.04849],"carpPosition":[-103.107,214.638,74.7192],"dipPosition":[-121.946,295.074,13.3522],"direction":[-0.240762,0.825716,-0.510125],"extended":true,"handId":190,"id":1904,"length":46.294,"mcpPosition":[-110.617,253.059,38.6367],"pipPosition":[-117.63,280.272,22.4967],"stabilizedTipPosition":[-131.401,305.867,16.1993],"timeVisible":6.29072,"tipPosition":[-127.611,302.263,4.5864],"tipVelocity":[29.8354,6.39667,10.7024],"tool":false,"touchDistance":-0.175591,"touchZone":"touching","type":4,"width":13.834},{"bases":[[[0.722715,0.0734632,-0.687231],[0.474919,0.669617,0.571021],[0.502131,-0.739064,0.449053]],[[0.821693,-0.1051,-0.560156],[0.49238,0.625883,0.60484],[0.287024,-0.772803,0.566033]],[[0.821693,-0.1051,-0.560156],[0.487363,0.639104,0.594999],[0.295463,-0.761906,0.576369]],[[0.821693,-0.1051,-0.560156],[0.474388,0.670853,0.57001],[0.315874,-0.734105,0.601093]]],"btipPosition":[-181.801,327.9,24.9809],"carpPosition":[-125.089,219.174,99.7828],"dipPosition":[-176.855,316.405,34.3935],"direction":[-0.295463,0.761906,-0.576369],"extended":true,"handId":190,"id":1901,"length":53.8982,"mcpPosition":[-159.008,269.097,69.4497],"pipPosition":[-170.31,299.527,47.1616],"stabilizedTipPosition":[-184.141,325.893,28.6848],"timeVisible":6.29072,"tipPosition":[-184.491,324.291,28.4372],"tipVelocity":[35.5608,2.49041,6.63182],"tool":false,"touchDistance":0.333416,"touchZone":"hovering","type":1,"width":16.6644}],"r":[[-0.63065,0.635508,0.445432],[-0.131904,0.477835,-0.86849],[-0.764776,-0.606467,-0.21752]],"s":0.841477,"t":[-5.9535,50.1368,-80.3348],"timestamp":630380299886},{"currentFrameRate":55.305,"devices":[],"gestures":[],"hands":[{"armBasis":[[0.732936,-0.0281215,-0.679716],[0.318704,0.896914,0.30655],[0.601026,-0.44131,0.666343]],"armWidth":55.9977,"confidence":1,"direction":[-0.297447,0.831395,-0.46937],"elbow":[46.1094,85.2293,262.924],"grabAngle":0,"grabStrength":0,"id":190,"palmNormal":[-0.544713,-0.551535,-0.631741],"palmPosition":[-134.527,247.232,64.5912],"palmVelocity":[37.5355,-8.74254,-11.1108],"palmWidth":83.544,"pinchDistance":54.9327,"pinchStrength":0,"r":[[-0.630118,0.635908,0.445614],[-0.131466,0.478223,-0.868343],[-0.765289,-0.605742,-0.217737]],"s":0.840749,"sphereCenter":[-53.0064,375.185,119.627],"sphereRadius":160.586,"stabilizedPalmPosition":[-138.16,247.55,65.1969],"t":[-5.3704,50.0263,-80.4639],"timeVisible":6.30886,"type":"right","wrist":[-102.888,194.632,97.734]}],"id":63302,"interactionBox":{"center":[0,200,0],"size":[235.247,235.247,147.751]},"pointables":[{"bases":[[[0.744684,0.628273,0.225208],[-0.271352,-0.0232747,0.962199],[0.609765,-0.777645,0.153151]],[[0.665456,0.717727,0.205028],[-0.243339,-0.0510755,0.968596],[0.705659,-0.694449,0.140662]],[[0.665456,0.717727,0.205028],[-0.56807,0.308777,0.762858],[0.484216,-0.624119,0.613197]],[[0.665456,0.717727,0.205028],[-0.71668,0.537569,0.444285],[0.208658,-0.442592,0.872109]]],"btipPosition":[-189.071,262.242,53.0939],"carpPosition":[-137.121,201.417,97.4094],"dipPosition":[-184.595,252.748,71.8005],"direction":[-0.484216,0.624119,-0.613197],"extended":false,"handId":190,"id":1900,"length":47.7656,"mcpPosition":[-137.121,201.417,97.4094],"pipPosition":[-169.464,233.245,90.9625],"stabilizedTipPosition":[-192.286,259.253,57.0857],"timeVisible":6.30886,"tipPosition":[-190.556,258.515,56.6792],"tipVelocity":[37.3047,-3.10568,-9.6486],"tool":false,"touchDistance":0.333185,"touchZone":"hovering","type":0,"width":17.446},{"bases":[[[0.69231,-0.142919,-0.707306],[0.601932,0.654971,0.456826],[0.397975,-0.742015,0.539471]],[[0.707607,-0.172351,-0.685264],[0.626489,0.60156,0.495617],[0.326808,-0.780013,0.533644]],[[0.707607,-0.172351,-0.685264],[0.622771,0.610302,0.489579],[0.333839,-0.773193,0.539189]],[[0.707607,-0.172351,-0.685264],[0.617229,0.622864,0.480697],[0.343978,-0.763109,0.547123]]],"btipPosition":[-170.455,336.53,10.9303],"carpPosition":[-115.899,221.245,92.5385],"dipPosition":[-164.531,323.387,20.3535],"direction":[-0.333839,0.773193,-0.539189],"extended":true,"handId":190,"id":1902,"length":61.4127,"mcpPosition":[-141.393,268.777,57.9807],"pipPosition":[-155.83,303.235,34.4061],"stabilizedTipPosition":[-173.338,334.111,14.5206],"timeVisible":6.30886,"tipPosition":[-170.155,333.281,13.574],"tipVelocity":[40.6443,-10.0159,-14.3408],"tool":false,"touchDistance":0.333123,"touchZone":"hovering","type":2,"width":16.3667},{"bases":[[[0.69597,-0.29952,-0.65262],[0.662236,0.619099,0.422089],[0.277612,-0.725951,0.629228]],[[0.664466,-0.22487,-0.712684],[0.684156,0.566756,0.459041],[0.300693,-0.792604,0.530436]],[[0.664466,-0.22487,-0.712684],[0.680957,0.575058,0.453439],[0.30787,-0.786602,0.535233]],[[0.664466,-0.22487,-0.712684],[0.674155,0.591896,0.441785],[0.322491,-0.77401,0.544892]]],"btipPosition":[-149.549,328.176,3.74003],"carpPosition":[-107.93,220.741,84.5707],"dipPosition":[-144.027,314.921,13.0709],"direction":[-0.30787,0.786602,-0.535233],"extended":true,"handId":190,"id":1903,"length":59.0499,"mcpPosition":[-123.897,262.493,48.3813],"pipPosition":[-136.21,294.95,26.6601],"stabilizedTipPosition":[-153.04,325.957,9.73985],"timeVisible":6.30886,"tipPosition":[-148.177,324.814,5.58553],"tipVelocity":[38.5644,-11.6527,-14.004],"tool":false,"touchDistance":-0.243213,"touchZone":"touching","type":3,"width":15.5739},{"bases":[[[0.604371,-0.479676,-0.636118],[0.784331,0.498391,0.369366],[0.139859,-0.722161,0.677438]],[[0.559709,-0.311805,-0.767791],[0.799912,0.445328,0.402274],[0.216488,-0.839322,0.49867]],[[0.559709,-0.311805,-0.767791],[0.792683,0.471588,0.38634],[0.241619,-0.824853,0.511115]],[[0.559709,-0.311805,-0.767791],[0.782136,0.504935,0.365109],[0.273842,-0.804871,0.526491]]],"btipPosition":[-125.593,307.58,4.80505],"carpPosition":[-102.474,214.431,74.5122],"dipPosition":[-121.267,294.865,13.1225],"direction":[-0.241619,0.824853,-0.511115],"extended":true,"handId":190,"id":1904,"length":46.294,"mcpPosition":[-109.92,252.878,38.4453],"pipPosition":[-116.936,280.079,22.2847],"stabilizedTipPosition":[-131.14,305.821,15.8356],"timeVisible":6.30886,"tipPosition":[-126.814,302.147,4.43512],"tipVelocity":[36.9308,-12.0354,-13.2425],"tool":false,"touchDistance":-0.179596,"touchZone":"touching","type":4,"width":13.834},{"bases":[[[0.723027,0.0727921,-0.686974],[0.475661,0.6687,0.571479],[0.500979,-0.739961,0.448863]],[[0.821719,-0.105963,-0.559955],[0.492425,0.626617,0.604044],[0.286871,-0.77209,0.567082]],[[0.821719,-0.105963,-0.559955],[0.487343,0.639998,0.594053],[0.295422,-0.761035,0.577539]],[[0.821719,-0.105963,-0.559955],[0.47455,0.671291,0.569359],[0.315562,-0.73358,0.601898]]],"btipPosition":[-181.08,327.717,24.7022],"carpPosition":[-124.458,218.985,99.5712],"dipPosition":[-176.139,316.229,34.1275],"direction":[-0.295422,0.761035,-0.577539],"extended":true,"handId":190,"id":1901,"length":53.8982,"mcpPosition":[-158.298,268.969,69.2508],"pipPosition":[-169.594,299.37,46.9215],"stabilizedTipPosition":[-184.019,325.869,28.6319],"timeVisible":6.30886,"tipPosition":[-183.653,324.226,28.2415],"tipVelocity":[39.6865,-10.0228,-15.1956],"tool":false,"touchDistance":0.333108,"touchZone":"hovering","type":1,"width":16.6644}],"r":[[-0.630118,0.635908,0.445614],[-0.131466,0.478223,-0.868343],[-0.765289,-0.605742,-0.217737]],"s":0.840749,"t":[-5.3704,50.0263,-80.4639],"timestamp":630380318031},{"currentFrameRate":55.3324,"devices":[],"ge