{"frames":62,"data":[{"currentFrameRate":55.3381,"devices":[],"gestures":[],"hands":[{"armBasis":[[0.764942,-0.0667695,-0.64063],[0.303241,0.91482,0.266737],[0.568251,-0.398303,0.720031]],"armWidth":55.9977,"confidence":1,"direction":[-0.248082,0.850319,-0.464126],"elbow":[49.261,89.9548,279.438],"grabAngle":0,"grabStrength":0,"id":190,"palmNormal":[-0.54799,-0.518261,-0.656591],"palmPosition":[-120.176,242.442,67.1529],"palmVelocity":[4.86973,-0.818258,6.17361],"palmWidth":83.544,"pinchDistance":45.4487,"pinchStrength":0,"r":[[-0.612314,0.660035,0.435231],[-0.0814753,0.494887,-0.865129],[-0.786406,-0.565191,-0.24925]],"s":0.812095,"sphereCenter":[-27.6282,356.627,110.779],"sphereRadius":152.211,"stabilizedPalmPosition":[-123.073,242.293,65.7514],"t":[9.46715,45.1077,-78.1341],"timeVisible":3.52495,"type":"right","wrist":[-91.6113,188.696,100.938]}],"id":63148,"interactionBox":{"center":[0,200,0],"size":[235.247,235.247,147.751]},"pointables":[{"bases":[[[0.763184,0.592673,0.257466],[-0.301024,-0.0264782,0.953249],[0.571782,-0.805008,0.158201]],[[0.742661,0.620541,0.25176],[-0.218147,-0.131263,0.967048],[0.63314,-0.77311,0.0378856]],[[0.742661,0.620541,0.25176],[-0.515841,0.290365,0.805975],[0.427039,-0.728434,0.535743]],[[0.742661,0.620541,0.25176],[-0.644498,0.560214,0.520368],[0.181871,-0.548716,0.815987]]],"btipPosition":[-171.94,266.247,63.1367],"carpPosition":[-125.676,196.281,99.1175],"dipPosition":[-168.039,254.477,80.6395],"direction":[-0.427039,0.728435,-0.535743],"extended":true,"handId":190,"id":1900,"length":47.7656,"mcpPosition":[-125.676,196.281,99.1175],"pipPosition":[-154.695,231.714,97.3811],"stabilizedTipPosition":[-172.57,263.615,66.6223],"timeVisible":3.52495,"tipPosition":[-174.059,261.104,63.537],"tipVelocity":[2.87335,-3.76781,4.38063],"tool":false,"touchDistance":0.333396,"touchZone":"hovering","type":0,"width":17.446},{"bases":[[[0.706767,-0.161262,-0.688821],[0.614744,0.621845,0.485178],[0.350099,-0.766357,0.538635]],[[0.723058,-0.198584,-0.661628],[0.630284,0.581647,0.514226],[0.282717,-0.788829,0.545729]],[[0.723058,-0.198584,-0.661628],[0.630284,0.581647,0.514226],[0.282717,-0.788829,0.545729]],[[0.723058,-0.198584,-0.661628],[0.630284,0.581647,0.514226],[0.282717,-0.788829,0.545729]]],"btipPosition":[-150.659,333.349,12.9692],"carpPosition":[-103.505,215.265,95.2041],"dipPosition":[-145.79,319.763,22.3684],"direction":[-0.282717,0.788829,-0.545729],"extended":true,"handId":190,"id":1902,"length":61.4127,"mcpPosition":[-125.932,264.356,60.6999],"pipPosition":[-138.421,299.204,36.5915],"stabilizedTipPosition":[-152.835,329.684,13.2086],"timeVisible":3.52495,"tipPosition":[-151.111,329.615,15.5008],"tipVelocity":[6.23572,2.69854,10.9105],"tool":false,"touchDistance":0.14317,"touchZone":"hovering","type":2,"width":16.3667},{"bases":[[[0.702217,-0.318696,-0.636651],[0.674516,0.583988,0.451648],[0.227858,-0.746586,0.625052]],[[0.672484,-0.233595,-0.702281],[0.688598,0.545294,0.478004],[0.27129,-0.805039,0.527554]],[[0.672484,-0.233595,-0.702281],[0.688598,0.545294,0.478004],[0.27129,-0.805039,0.527554]],[[0.672484,-0.233595,-0.702281],[0.688598,0.545294,0.478004],[0.27129,-0.805039,0.527554]]],"btipPosition":[-131.075,324.676,7.48727],"carpPosition":[-95.3275,214.546,87.4679],"dipPosition":[-126.43,310.89,16.5212],"direction":[-0.27129,0.805039,-0.527554],"extended":true,"handId":190,"id":1903,"length":59.0499,"mcpPosition":[-108.433,257.485,51.5187],"pipPosition":[-119.542,290.451,29.9155],"stabilizedTipPosition":[-132.948,320.896,7.41009],"timeVisible":3.52495,"tipPosition":[-130.142,320.563,8.68018],"tipVelocity":[7.48605,4.28729,11.8938],"tool":false,"touchDistance":0.156175,"touchZone":"hovering","type":3,"width":15.5739},{"bases":[[[0.602703,-0.495044,-0.625844],[0.792988,0.459041,0.400563],[0.0889915,-0.737707,0.66923]],[[0.560443,-0.291818,-0.775078],[0.803167,0.419831,0.422687],[0.202054,-0.859409,0.46967]],[[0.560443,-0.291818,-0.775078],[0.799714,0.433994,0.414857],[0.215316,-0.852345,0.4766]],[[0.560443,-0.291818,-0.775078],[0.795371,0.450505,0.4055],[0.230844,-0.843734,0.484586]]],"btipPosition":[-108.631,303.9,10.4223],"carpPosition":[-89.8389,208.165,77.4719],"dipPosition":[-104.985,290.571,18.0777],"direction":[-0.215316,0.852345,-0.4766],"extended":true,"handId":190,"id":1904,"length":46.294,"mcpPosition":[-94.5768,247.44,41.842],"pipPosition":[-101.125,275.292,26.6212],"stabilizedTipPosition":[-110.191,300.181,9.87634],"timeVisible":3.52495,"tipPosition":[-106.684,298.749,8.80773],"tipVelocity":[8.9777,5.11422,12.0947],"tool":false,"touchDistance":0.191209,"touchZone":"hovering","type":4,"width":13.834},{"bases":[[[0.745856,0.0526198,-0.664025],[0.485753,0.639151,0.596263],[0.455788,-0.767279,0.451155]],[[0.838501,-0.148042,-0.524404],[0.495473,0.60765,0.620699],[0.226765,-0.780285,0.582866]],[[0.838501,-0.148042,-0.524404],[0.495473,0.60765,0.620699],[0.226765,-0.780285,0.582866]],[[0.838501,-0.148042,-0.524404],[0.492955,0.616177,0.614265],[0.232189,-0.773569,0.589643]]],"btipPosition":[-160.736,325.214,26.3713],"carpPosition":[-112.359,213.262,101.943],"dipPosition":[-157.1,313.101,35.6047],"direction":[-0.226765,0.780285,-0.582866],"extended":true,"handId":190,"id":1901,"length":53.8982,"mcpPosition":[-143.147,265.091,71.4675],"pipPosition":[-152.077,295.815,48.5167],"stabilizedTipPosition":[-162.966,322.046,26.9842],"timeVisible":3.52495,"tipPosition":[-164.131,321.909,30.1238],"tipVelocity":[4.68912,1.05453,9.99324],"tool":false,"touchDistance":0.347223,"touchZone":"hovering","type":1,"width":16.6644}],"r":[[-0.612314,0.660035,0.435231],[-0.0814753,0.494887,-0.865129],[-0.786406,-0.565191,-0.24925]],"s":0.812095,"t":[9.46715,45.1077,-78.1341],"timestamp":630377534115},{"currentFrameRate":55.3016,"devices":[],"gestures":[],"hands":[{"armBasis":[[0.765571,-0.0666731,-0.639888],[0.302708,0.91497,0.266829],[0.567688,-0.397976,0.720657]],"armWidth":55.9977,"confidence":1,"direction":[-0.248162,0.849808,-0.465019],"elbow":[49.1465,90.146,279.806],"grabAngle":0,"grabStrength":0,"id":190,"palmNormal":[-0.546993,-0.519111,-0.656751],"palmPosition":[-120.15,242.512,67.3004],"palmVelocity":[1.44638,3.88168,8.09998],"palmWidth":83.544,"pinchDistance":45.5676,"pinchStrength":0,"r":[[-0.61255,0.659877,0.435138],[-0.081183,0.495074,-0.86505],[-0.786252,-0.565212,-0.249686]],"s":0.812412,"sphereCenter":[-26.7134,357.782,111.889],"sphereRadius":153.781,"stabilizedPalmPosition":[-123.057,242.295,65.7603],"t":[9.52827,45.1518,-78.009],"timeVisible":3.54315,"type":"right","wrist":[-91.5862,188.806,101.151]}],"id":63149,"interactionBox":{"center":[0,200,0],"size":[235.247,235.247,147.751]},"pointables":[{"bases":[[[0.762541,0.59336,0.257788],[-0.301968,-0.0259531,0.952965],[0.572142,-0.804519,0.159385]],[[0.74207,0.621128,0.252057],[-0.218991,-0.130752,0.966926],[0.633542,-0.772725,0.038994]],[[0.74207,0.621128,0.252057],[-0.51606,0.289389,0.806186],[0.427802,-0.728323,0.535286]],[[0.74207,0.621128,0.252057],[-0.644815,0.558702,0.521599],[0.183155,-0.549593,0.815108]]],"btipPosition":[-171.986,266.336,63.2958],"carpPosition":[-125.652,196.372,99.2943],"dipPosition":[-168.058,254.547,80.7798],"direction":[-0.427802,0.728323,-0.535286],"extended":true,"handId":190,"id":1900,"length":47.7656,"mcpPosition":[-125.652,196.372,99.2943],"pipPosition":[-154.689,231.788,97.5071],"stabilizedTipPosition":[-172.532,263.616,66.6404],"timeVisible":3.54315,"tipPosition":[-174.02,261.154,63.6413],"tipVelocity":[-2.17488,4.64959,8.50102],"tool":false,"touchDistance":0.333452,"touchZone":"hovering","type":0,"width":17.446},{"bases":[[[0.707565,-0.161326,-0.687986],[0.613854,0.622608,0.485328],[0.35005,-0.765724,0.539566]],[[0.723865,-0.198646,-0.660726],[0.629719,0.581519,0.515063],[0.281909,-0.788908,0.546033]],[[0.723865,-0.198646,-0.660726],[0.629719,0.581519,0.515063],[0.281909,-0.788908,0.546033]],[[0.723865,-0.198646,-0.660726],[0.629719,0.581519,0.515063],[0.281909,-0.788908,0.546033]]],"btipPosition":[-150.57,333.418,13.0678],"carpPosition":[-103.489,215.367,95.3889],"dipPosition":[-145.714,319.831,22.4722],"direction":[-0.281909,0.788908,-0.546033],"extended":true,"handId":190,"id":1902,"length":61.4127,"mcpPosition":[-125.913,264.418,60.8251],"pipPosition":[-138.367,299.27,36.7032],"stabilizedTipPosition":[-152.807,329.689,13.2255],"timeVisible":3.54315,"tipPosition":[-151.078,329.631,15.5493],"tipVelocity":[4.73007,3.77143,5.48079],"tool":false,"touchDistance":0.144833,"touchZone":"hovering","type":2,"width":16.3667},{"bases":[[[0.703064,-0.318723,-0.635702],[0.673683,0.584764,0.451887],[0.227709,-0.745967,0.625845]],[[0.673417,-0.233883,-0.70129],[0.688083,0.54513,0.478932],[0.27028,-0.805067,0.52803]],[[0.673417,-0.233883,-0.70129],[0.688083,0.54513,0.478932],[0.27028,-0.805067,0.52803]],[[0.673417,-0.233883,-0.70129],[0.688083,0.54513,0.478932],[0.27028,-0.805067,0.52803]]],"btipPosition":[-130.959,324.745,7.5955],"carpPosition":[-95.3037,214.648,87.6615],"dipPosition":[-126.33,310.959,16.6376],"direction":[-0.27028,0.805067,-0.52803],"extended":true,"handId":190,"id":1903,"length":59.0499,"mcpPosition":[-108.4,257.551,51.6667],"pipPosition":[-119.468,290.519,30.044],"stabilizedTipPosition":[-132.918,320.902,7.43243],"timeVisible":3.54315,"tipPosition":[-130.106,320.589,8.76461],"tipVelocity":[6.19148,3.77032,6.047],"tool":false,"touchDistance":0.15801,"touchZone":"hovering","type":3,"width":15.5739},{"bases":[[[0.603653,-0.495127,-0.624862],[0.792287,0.459855,0.401016],[0.0887922,-0.737144,0.669876]],[[0.56161,-0.292736,-0.773886],[0.802709,0.419567,0.423819],[0.20063,-0.859226,0.470614]],[[0.56161,-0.292736,-0.773886],[0.799217,0.433975,0.415834],[0.214118,-0.85204,0.477684]],[[0.56161,-0.292736,-0.773886],[0.794789,0.450876,0.406228],[0.230009,-0.843218,0.48588]]],"btipPosition":[-108.502,303.948,10.5214],"carpPosition":[-89.8009,208.263,77.6758],"dipPosition":[-104.868,290.627,18.1972],"direction":[-0.214118,0.85204,-0.477684],"extended":true,"handId":190,"id":1904,"length":46.294,"mcpPosition":[-94.5282,247.509,42.0116],"pipPosition":[-101.03,275.354,26.7602],"stabilizedTipPosition":[-110.158,300.191,9.90843],"timeVisible":3.54315,"tipPosition":[-106.641,298.796,8.94512],"tipVelocity":[6.94259,2.76969,5.69934],"tool":false,"touchDistance":0.192938,"touchZone":"hovering","type":4,"width":13.834},{"bases":[[[0.746492,0.0526001,-0.663312],[0.484739,0.639915,0.59627],[0.455827,-0.766644,0.452194]],[[0.838981,-0.147456,-0.523802],[0.494674,0.607753,0.621236],[0.226737,-0.780316,0.582835]],[[0.838981,-0.147456,-0.523802],[0.494674,0.607753,0.621236],[0.226737,-0.780316,0.582835]],[[0.838981,-0.147456,-0.523802],[0.492103,0.616453,0.61467],[0.232262,-0.773461,0.589756]]],"btipPosition":[-160.728,325.274,26.4786],"carpPosition":[-112.349,213.364,102.12],"dipPosition":[-157.091,313.162,35.7138],"direction":[-0.226737,0.780316,-0.582835],"extended":true,"handId":190,"id":1901,"length":53.8982,"mcpPosition":[-143.14,265.15,71.5748],"pipPosition":[-152.068,295.876,48.6251],"stabilizedTipPosition":[-162.943,322.05,26.9962],"timeVisible":3.54315,"tipPosition":[-164.097,321.926,30.1591],"tipVelocity":[0.453563,3.27836,5.91627],"tool":false,"touchDistance":0.34745,"touchZone":"hovering","type":1,"width":16.6644}],"r":[[-0.61255,0.659877,0.435138],[-0.081183,0.495074,-0.86505],[-0.786252,-0.565212,-0.249686]],"s":0.812412,"t":[9.52827,45.1518,-78.009],"timestamp":630377552324},{"currentFrameRate":55.3073,"devices":[],"gestures":[],"hands":[{"armBasis":[[0.765871,-0.0673749,-0.639455],[0.302779,0.915125,0.266217],[0.567244,-0.397501,0.721267]],"armWidth":55.9977,"confidence":1,"direction":[-0.24834,0.849244,-0.465953],"elbow":[49.0863,90.3983,280.212],"grabAngle":0,"grabStrength":0,"id":190,"palmNormal":[-0.546879,-0.519948,-0.656184],"palmPosition":[-120.105,242.607,67.4956],"palmVelocity":[2.47947,5.25252,10.8072],"palmWidth":83.544,"pinchDistance":45.6844,"pinchStrength":0,"r":[[-0.612767,0.65982,0.434918],[-0.0809693,0.495029,-0.865095],[-0.786105,-0.565317,-0.249912]],"s":0.812867,"sphereCenter":[-25.4899,359.127,113.129],"sphereRadius":155.659,"stabilizedPalmPosition":[-123.046,242.296,65.7664],"t":[9.58123,45.2213,-77.8488],"timeVisible":3.56121,"type":"right","wrist":[-91.5364,188.941,101.406]}],"id":63150,"interactionBox":{"center":[0,200,0],"size":[235.247,235.247,147.751]},"pointables":[{"bases":[[[0.762414,0.593805,0.25714],[-0.301968,-0.0249703,0.952991],[0.572312,-0.804221,0.160272]],[[0.742062,0.621398,0.251414],[-0.218672,-0.130141,0.967081],[0.633661,-0.772611,0.0393092]],[[0.742062,0.621398,0.251414],[-0.515608,0.289442,0.806457],[0.428361,-0.728072,0.535181]],[[0.742062,0.621398,0.251414],[-0.644573,0.558488,0.522127],[0.184037,-0.549505,0.814969]]],"btipPosition":[-171.974,266.45,63.5335],"carpPosition":[-125.598,196.501,99.5401],"dipPosition":[-168.026,254.663,81.0144],"direction":[-0.428361,0.728072,-0.535181],"extended":true,"handId":190,"id":1900,"length":47.7656,"mcpPosition":[-125.598,196.501,99.5401],"pipPosition":[-154.64,231.912,97.7384],"stabilizedTipPosition":[-172.51,263.617,66.6538],"timeVisible":3.56121,"tipPosition":[-173.965,261.246,63.8345],"tipVelocity":[0.937062,6.33133,13.1206],"tool":false,"touchDistance":0.333516,"touchZone":"hovering","type":0,"width":17.446},{"bases":[[[0.707604,-0.161931,-0.687805],[0.613718,0.623272,0.484647],[0.35021,-0.765056,0.540409]],[[0.723882,-0.199148,-0.660556],[0.630017,0.581039,0.51524],[0.2812,-0.789135,0.546071]],[[0.723882,-0.199148,-0.660556],[0.630017,0.581039,0.51524],[0.2812,-0.789135,0.546071]],[[0.723882,-0.199148,-0.660556],[0.630017,0.581039,0.51524],[0.2812,-0.789135,0.546071]]],"btipPosition":[-150.467,333.524,13.2356],"carpPosition":[-103.439,215.496,95.614],"dipPosition":[-145.624,319.933,22.6407],"direction":[-0.2812,0.789135,-0.546071],"extended":true,"handId":190,"id":1902,"length":61.4127,"mcpPosition":[-125.873,264.505,60.9962],"pipPosition":[-138.295,299.366,36.8726],"stabilizedTipPosition":[-152.784,329.694,13.2395],"timeVisible":3.56121,"tipPosition":[-151.037,329.668,15.6465],"tipVelocity":[5.50418,5.83965,9.29821],"tool":false,"touchDistance":0.147632,"touchZone":"hovering","type":2,"width":16.3667},{"bases":[[[0.703136,-0.319271,-0.635347],[0.673556,0.585404,0.451248],[0.227864,-0.74523,0.626665]],[[0.673426,-0.234396,-0.70111],[0.688376,0.544587,0.479128],[0.26951,-0.805285,0.528092]],[[0.673426,-0.234396,-0.70111],[0.688376,0.544587,0.479128],[0.26951,-0.805285,0.528092]],[[0.673426,-0.234396,-0.70111],[0.688376,0.544587,0.479128],[0.26951,-0.805285,0.528092]]],"btipPosition":[-130.853,324.843,7.76913],"carpPosition":[-95.2531,214.77,87.8874],"dipPosition":[-126.237,311.053,16.8123],"direction":[-0.26951,0.805285,-0.528092],"extended":true,"handId":190,"id":1903,"length":59.0499,"mcpPosition":[-108.358,257.632,51.8454],"pipPosition":[-119.395,290.608,30.2202],"stabilizedTipPosition":[-132.895,320.908,7.44995],"timeVisible":3.56121,"tipPosition":[-130.075,320.626,8.88178],"tipVelocity":[5.6992,5.39966,9.62677],"tool":false,"touchDistance":0.160908,"touchZone":"hovering","type":3,"width":15.5739},{"bases":[[[0.603762,-0.495685,-0.624314],[0.792187,0.460464,0.400515],[0.0889454,-0.736389,0.670686]],[[0.561676,-0.293464,-0.773562],[0.802977,0.418657,0.424209],[0.199367,-0.859421,0.470795]],[[0.561676,-0.293464,-0.773562],[0.799585,0.432754,0.416399],[0.212564,-0.85241,0.477717]],[[0.561676,-0.293464,-0.773562],[0.795155,0.449784,0.406721],[0.228578,-0.843548,0.485983]]],"btipPosition":[-108.367,304.039,10.7031],"carpPosition":[-89.7489,208.376,77.9088],"dipPosition":[-104.756,290.713,18.3806],"direction":[-0.212564,0.85241,-0.477717],"extended":true,"handId":190,"id":1904,"length":46.294,"mcpPosition":[-94.4843,247.581,42.2014],"pipPosition":[-100.945,275.433,26.9442],"stabilizedTipPosition":[-110.131,300.198,9.93411],"timeVisible":3.56121,"tipPosition":[-106.616,298.847,9.10594],"tipVelocity":[7.20042,4.9557,10.0858],"tool":false,"touchDistance":0.195974,"touchZone":"hovering","type":4,"width":13.834},{"bases":[[[0.746484,0.0520302,-0.663366],[0.484599,0.640673,0.595569],[0.455988,-0.766049,0.453038]],[[0.838949,-0.147652,-0.523797],[0.494876,0.607419,0.621402],[0.226413,-0.780539,0.582663]],[[0.838949,-0.147652,-0.523797],[0.494876,0.607419,0.621402],[0.226413,-0.780539,0.582663]],[[0.838949,-0.147652,-0.523797],[0.49228,0.61622,0.614763],[0.232003,-0.77361,0.589663]]],"btipPosition":[-160.664,325.384,26.6609],"carpPosition":[-112.299,213.499,102.347],"dipPosition":[-157.031,313.27,35.8946],"direction":[-0.226413,0.780539,-0.582663],"extended":true,"handId":190,"id":1901,"length":53.8982,"mcpPosition":[-143.1,265.245,71.745],"pipPosition":[-152.015,295.979,48.8021],"stabilizedTipPosition":[-162.926,322.053,27.0058],"timeVisible":3.56121,"tipPosition":[-164.04,321.975,30.2565],"tipVelocity":[3.48785,6.09937,10.073],"tool":false,"touchDistance":0.348767,"touchZone":"hovering","type":1,"width":16.6644}],"r":[[-0.612767,0.65982,0.434918],[-0.0809693,0.495029,-0.865095],[-0.786105,-0.565317,-0.249912]],"s":0.812867,"t":[9.58123,45.2213,-77.8488],"timestamp":630377570385},{"currentFrameRate":55.2428,"devices":[],"gestures":[],"hands":[{"armBasis":[[0.766536,-0.0674,-0.638655],[0.302655,0.915028,0.26669],[0.566413,-0.397719,0.721801]],"armWidth":55.9977,"confidence":1,"direction":[-0.248044,0.849792,-0.46511],"elbow":[49.0489,90.5071,280.593],"grabAngle":0,"grabStrength":0,"id":190,"palmNormal":[-0.546941,-0.51912,-0.656788],"palmPosition":[-119.911,242.807,67.7859],"palmVelocity":[10.578,10.8981,15.8421],"palmWidth":83.544,"pinchDistance":45.7577,"pinchStrength":0,"r":[[-0.612915,0.65972,0.434863],[-0.0807489,0.495177,-0.865032],[-0.786012,-0.565305,-0.25023]],"s":0.813225,"sphereCenter":[-24.5348,359.902,114.172],"sphereRadius":156.725,"stabilizedPalmPosition":[-123.036,242.298,65.7733],"t":[9.70462,45.3558,-77.6236],"timeVisible":3.57954,"type":"right","wrist":[-91.3676,189.104,101.655]}],"id":63151,"interactionBox":{"center":[0,200,0],"size":[235.247,235.247,147.751]},"pointables":[{"bases":[[[0.762547,0.593327,0.257847],[-0.302095,-0.0258672,0.952927],[0.572067,-0.804546,0.159516]],[[0.742369,0.620714,0.252194],[-0.218351,-0.131719,0.96694],[0.633412,-0.772894,0.0377494]],[[0.742369,0.620714,0.252194],[-0.515441,0.288644,0.806849],[0.428028,-0.728971,0.534222]],[[0.742369,0.620714,0.252194],[-0.64438,0.558402,0.522457],[0.183471,-0.550365,0.814516]]],"btipPosition":[-171.763,266.678,63.8868],"carpPosition":[-125.421,196.669,99.7822],"dipPosition":[-167.827,254.873,81.358],"direction":[-0.428028,0.728971,-0.534222],"extended":true,"handId":190,"id":1900,"length":47.7656,"mcpPosition":[-125.421,196.669,99.7822],"pipPosition":[-154.452,232.093,98.052],"stabilizedTipPosition":[-172.49,263.622,66.6688],"timeVisible":3.57954,"tipPosition":[-173.756,261.472,64.149],"tipVelocity":[11.3549,12.1977,19.1571],"tool":false,"touchDistance":0.333605,"touchZone":"hovering","type":0,"width":17.446},{"bases":[[[0.707645,-0.16142,-0.687882],[0.613831,0.622601,0.485366],[0.349928,-0.76571,0.539665]],[[0.723982,-0.198842,-0.660539],[0.630342,0.579667,0.516387],[0.280213,-0.790221,0.545007]],[[0.723982,-0.198842,-0.660539],[0.630342,0.579667,0.516387],[0.280213,-0.790221,0.545007]],[[0.723982,-0.198842,-0.660539],[0.630342,0.579667,0.516387],[0.280213,-0.790221,0.545007]]],"btipPosition":[-150.18,333.827,13.6408],"carpPosition":[-103.256,215.663,95.8785],"dipPosition":[-145.354,320.217,23.0275],"direction":[-0.280213,0.790221,-0.545007],"extended":true,"handId":190,"id":1902,"length":61.4127,"mcpPosition":[-125.672,264.713,61.3083],"pipPosition":[-138.051,299.622,37.2318],"stabilizedTipPosition":[-152.762,329.7,13.2549],"timeVisible":3.57954,"tipPosition":[-150.804,329.934,16.0215],"tipVelocity":[15.4534,16.299,21.8823],"tool":false,"touchDistance":0.154315,"touchZone":"hovering","type":2,"width":16.3667},{"bases":[[[0.703127,-0.318813,-0.635587],[0.673663,0.58475,0.451935],[0.227577,-0.745939,0.625926]],[[0.673446,-0.233852,-0.701273],[0.688679,0.543266,0.48019],[0.268684,-0.806334,0.526909]],[[0.673446,-0.233852,-0.701273],[0.688679,0.543266,0.48019],[0.268684,-0.806334,0.526909]],[[0.673446,-0.233852,-0.701273],[0.688679,0.543266,0.48019],[0.268684,-0.806334,0.526909]]],"btipPosition":[-130.584,325.143,8.17506],"carpPosition":[-95.0696,214.942,88.1522],"dipPosition":[-125.983,311.336,17.198],"direction":[-0.268684,0.806334,-0.526909],"extended":true,"handId":190,"id":1903,"length":59.0499,"mcpPosition":[-108.158,257.844,52.1527],"pipPosition":[-119.161,290.863,30.5759],"stabilizedTipPosition":[-132.873,320.915,7.46823],"timeVisible":3.57954,"tipPosition":[-129.851,320.893,9.25536],"tipVelocity":[14.4977,16.1524,21.8979],"tool":false,"touchDistance":0.167596,"touchZone":"hovering","type":3,"width":15.5739},{"bases":[[[0.603702,-0.495211,-0.624748],[0.792265,0.45983,0.401089],[0.0886546,-0.737104,0.669939]],[[0.561612,-0.292543,-0.773958],[0.803251,0.417119,0.425205],[0.198442,-0.860483,0.469245]],[[0.561612,-0.292543,-0.773958],[0.799845,0.43135,0.417354],[0.211752,-0.853438,0.476241]],[[0.561612,-0.292543,-0.773958],[0.795413,0.448472,0.407666],[0.227839,-0.844566,0.48456]]],"btipPosition":[-108.112,304.327,11.101],"carpPosition":[-89.5659,208.556,78.1677],"dipPosition":[-104.513,290.984,18.756],"direction":[-0.211752,0.853438,-0.476241],"extended":true,"handId":190,"id":1904,"length":46.294,"mcpPosition":[-94.2859,247.8,42.5001],"pipPosition":[-100.717,275.686,27.2931],"stabilizedTipPosition":[-110.107,300.208,9.95948],"timeVisible":3.57954,"tipPosition":[-106.402,299.112,9.4699],"tipVelocity":[13.7502,15.4861,21.4291],"tool":false,"touchDistance":0.202519,"touchZone":"hovering","type":4,"width":13.834},{"bases":[[[0.746583,0.0525045,-0.663217],[0.484703,0.639924,0.596289],[0.455716,-0.766643,0.452307]],[[0.839093,-0.14771,-0.52355],[0.495195,0.605791,0.622735],[0.225178,-0.781792,0.58146]],[[0.839093,-0.14771,-0.52355],[0.495195,0.605791,0.622735],[0.225178,-0.781792,0.58146]],[[0.839093,-0.14771,-0.52355],[0.492602,0.614645,0.616081],[0.230796,-0.774851,0.588506]]],"btipPosition":[-160.369,325.683,27.0638],"carpPosition":[-112.117,213.661,102.609],"dipPosition":[-156.755,313.549,36.2793],"direction":[-0.225178,0.781792,-0.58146],"extended":true,"handId":190,"id":1901,"length":53.8982,"mcpPosition":[-142.901,265.447,72.0557],"pipPosition":[-151.767,296.23,49.1602],"stabilizedTipPosition":[-162.908,322.057,27.0175],"timeVisible":3.57954,"tipPosition":[-163.794,322.229,30.6146],"tipVelocity":[15.8351,16.0344,21.756],"tool":false,"touchDistance":0.353204,"touchZone":"hovering","type":1,"width":16.6644}],"r":[[-0.612915,0.65972,0.434863],[-0.0807489,0.495177,-0.865032],[-0.786012,-0.565305,-0.25023]],"s":0.813225,"t":[9.70462,45.3558,-77.6236],"timestamp":630377588710},{"currentFrameRate":55.3329,"devices":[],"gestures":[],"hands":[{"armBasis":[[0.767601,-0.06817,-0.637293],[0.303263,0.914609,0.267438],[0.564642,-0.398552,0.722728]],"armWidth":55.9977,"confidence":1,"direction":[-0.247396,0.850857,-0.463505],"elbow":[49.2455,90.335,281.048],"grabAngle":0,"grabStrength":0,"id":190,"palmNormal":[-0.547809,-0.517408,-0.657415],"palmPosition":[-119.22,242.921,68.098],"palmVelocity":[38.9158,6.40994,17.57],"palmWidth":83.544,"pinchDistance":45.6805,"pinchStrength":0,"r":[[-0.612853,0.659614,0.43511],[-0.0805571,0.495612,-0.8648],[-0.78608,-0.565046,-0.250601]],"s":0.813305,"sphereCenter":[-23.7617,359.584,114.329],"sphereRadius":156.411,"stabilizedPalmPosition":[-123.015,242.301,65.7859],"t":[10.1119,45.4801,-77.355],"timeVisible":3.5973,"type":"right","wrist":[-90.732,189.138,101.88]}],"id":63152,"interactionBox":{"center":[0,200,0],"size":[235.247,235.247,147.751]},"pointables":[{"bases":[[[0.763291,0.592087,0.258496],[-0.301644,-0.0272139,0.953032],[0.571313,-0.805414,0.157827]],[[0.74351,0.619017,0.253004],[-0.218048,-0.133248,0.966799],[0.632177,-0.773991,0.0359047]],[[0.74351,0.619017,0.253004],[-0.514789,0.288329,0.807378],[0.426833,-0.730537,0.533038]],[[0.74351,0.619017,0.253004],[-0.643338,0.558857,0.523254],[0.18251,-0.551812,0.813753]]],"btipPosition":[-170.989,266.872,64.2591],"carpPosition":[-124.761,196.733,100.017],"dipPosition":[-167.074,255.036,81.714],"direction":[-0.426833,0.730537,-0.533038],"extended":true,"handId":190,"id":1900,"length":47.7656,"mcpPosition":[-124.761,196.733,100.017],"pipPosition":[-153.736,232.207,98.3711],"stabilizedTipPosition":[-172.452,263.63,66.6946],"timeVisible":3.5973,"tipPosition":[-173.036,261.658,64.5356],"tipVelocity":[43.3105,10.5319,20.7535],"tool":false,"touchDistance":0.333622,"touchZone":"hovering","type":0,"width":17.446},{"bases":[[[0.707132,-0.160955,-0.688518],[0.614719,0.621119,0.48614],[0.349405,-0.767011,0.538155]],[[0.723565,-0.198733,-0.661029],[0.631183,0.578127,0.517086],[0.279397,-0.791375,0.543749]],[[0.723565,-0.198733,-0.661029],[0.631183,0.578127,0.517086],[0.279397,-0.791375,0.543749]],[[0.723565,-0.198733,-0.661029],[0.631183,0.578127,0.517086],[0.279397,-0.791375,0.543749]]],"btipPosition":[-149.398,334.059,14.1039],"carpPosition":[-102.579,215.71,96.1349],"dipPosition":[-144.586,320.429,23.469],"direction":[-0.279397,0.791375,-0.543749],"extended":true,"handId":190,"id":1902,"length":61.4127,"mcpPosition":[-124.962,264.844,61.6614],"pipPosition":[-137.304,299.804,37.6405],"stabilizedTipPosition":[-152.725,329.71,13.2795],"timeVisible":3.5973,"tipPosition":[-150.045,330.171,16.5004],"tipVelocity":[43.8477,12.8072,25.7955],"tool":false,"touchDistance":0.161951,"touchZone":"hovering","type":2,"width":16.3667},{"bases":[[[0.702477,-0.318434,-0.636495],[0.674495,0.583265,0.452613],[0.227118,-0.747263,0.624512]],[[0.672906,-0.233467,-0.70192],[0.689421,0.541885,0.480686],[0.268135,-0.807375,0.525594]],[[0.672906,-0.233467,-0.70192],[0.689421,0.541885,0.480686],[0.268135,-0.807375,0.525594]],[[0.672906,-0.233467,-0.70192],[0.689421,0.541885,0.480686],[0.268135,-0.807375,0.525594]]],"btipPosition":[-129.839,325.359,8.61717],"carpPosition":[-94.3971,214.995,88.4032],"dipPosition":[-125.247,311.533,17.6176],"direction":[-0.268135,0.807375,-0.525594],"extended":true,"handId":190,"id":1903,"length":59.0499,"mcpPosition":[-107.46,257.973,52.485],"pipPosition":[-118.44,291.035,30.9621],"stabilizedTipPosition":[-132.838,320.926,7.49594],"timeVisible":3.5973,"tipPosition":[-129.107,321.121,9.70988],"tipVelocity":[41.8104,11.9147,24.6002],"tool":false,"touchDistance":0.174878,"touchZone":"hovering","type":3,"width":15.5739},{"bases":[[[0.602875,-0.494747,-0.625913],[0.792942,0.458311,0.401489],[0.0882271,-0.738361,0.66861]],[[0.560858,-0.291559,-0.774875],[0.803893,0.41559,0.42549],[0.197975,-0.861556,0.467469]],[[0.560858,-0.291559,-0.774875],[0.800613,0.42936,0.417934],[0.210848,-0.854777,0.474236]],[[0.560858,-0.291559,-0.774875],[0.796329,0.44602,0.408565],[0.22649,-0.846203,0.482331]]],"btipPosition":[-107.376,304.543,11.5376],"carpPosition":[-88.905,208.621,78.4048],"dipPosition":[-103.798,291.174,19.1574],"direction":[-0.210848,0.854777,-0.474236],"extended":true,"handId":190,"id":1904,"length":46.294,"mcpPosition":[-93.6022,247.931,42.808],"pipPosition":[-100.018,275.852,27.6585],"stabilizedTipPosition":[-110.068,300.221,9.99571],"timeVisible":3.5973,"tipPosition":[-105.684,299.317,9.87921],"tipVelocity":[41.1799,11.827,24.1259],"tool":false,"touchDistance":0.209661,"touchZone":"hovering","type":4,"width":13.834},{"bases":[[[0.746304,0.0528865,-0.663501],[0.485665,0.638382,0.597158],[0.455149,-0.767901,0.450742]],[[0.838895,-0.148338,-0.52369],[0.496053,0.604368,0.623435],[0.224022,-0.782774,0.580585]],[[0.838895,-0.148338,-0.52369],[0.496053,0.604368,0.623435],[0.224022,-0.782774,0.580585]],[[0.838895,-0.148338,-0.52369],[0.493592,0.61283,0.617095],[0.229394,-0.776167,0.587318]]],"btipPosition":[-159.56,325.894,27.4993],"carpPosition":[-111.439,213.706,102.866],"dipPosition":[-155.967,313.74,36.6962],"direction":[-0.224022,0.782774,-0.580585],"extended":true,"handId":190,"id":1901,"length":53.8982,"mcpPosition":[-142.184,265.577,72.4187],"pipPosition":[-151.005,296.399,49.5577],"stabilizedTipPosition":[-162.874,322.065,27.0384],"timeVisible":3.5973,"tipPosition":[-163.02,322.456,31.0807],"tipVelocity":[45.3126,11.624,24.2798],"tool":false,"touchDistance":0.357685,"touchZone":"hovering","type":1,"width":16.6644}],"r":[[-0.612853,0.659614,0.43511],[-0.0805571,0.495612,-0.8648],[-0.78608,-0.565046,-0.250601]],"s":0.813305,"t":[10.1119,45.4801,-77.355],"timestamp":630377606471},{"currentFrameRate":55.3142,"devices":[],"gestures":[],"hands":[{"armBasis":[[0.769424,-0.0685568,-0.635048],[0.304353,0.913451,0.270142],[0.561565,-0.401132,0.723697]],"armWidth":55.9977,"confidence":1,"direction":[-0.246825,0.853141,-0.459596],"elbow":[49.6353,89.4676,281.267],"grabAngle":0,"grabStrength":0,"id":190,"palmNormal":[-0.549371,-0.513883,-0.658875],"palmPosition":[-118.002,242.862,68.3034],"palmVelocity":[67.1374,-3.2282,11.3244],"palmWidth":83.544,"pinchDistance":45.0877,"pinchStrength":0,"r":[[-0.612509,0.659331,0.436022],[-0.0804921,0.496711,-0.864176],[-0.786355,-0.564412,-0.251169]],"s":0.813347,"sphereCenter":[-24.8575,356.51,112.168],"sphereRadius":152.214,"stabilizedPalmPosition":[-122.953,242.308,65.8168],"t":[10.9246,45.5129,-77.1179],"timeVisible":3.61544,"type":"right","wrist":[-89.5796,188.91,101.859]}],"id":63153,"interactionBox":{"center":[0,200,0],"size":[235.247,235.247,147.751]},"pointables":[{"bases":[[[0.764439,0.589946,0.259994],[-0.300447,-0.0308143,0.953301],[0.570408,-0.806854,0.153692]],[[0.745143,0.616325,0.254765],[-0.217527,-0.136506,0.966462],[0.630431,-0.775571,0.0323509]],[[0.745143,0.616325,0.254765],[-0.512806,0.285281,0.809719],[0.42637,-0.734002,0.52863]],[[0.745143,0.616325,0.254765],[-0.64106,0.556628,0.528401],[0.183858,-0.557054,0.809869]]],"btipPosition":[-169.727,266.98,64.661],"carpPosition":[-123.566,196.548,100.035],"dipPosition":[-165.784,255.031,82.0325],"direction":[-0.42637,0.734002,-0.52863],"extended":true,"handId":190,"id":1900,"length":47.7656,"mcpPosition":[-123.566,196.548,100.035],"pipPosition":[-152.46,232.094,98.5518],"stabilizedTipPosition":[-172.359,263.646,66.7448],"timeVisible":3.61544,"tipPosition":[-171.781,261.701,64.9095],"tipVelocity":[69.892,4.53539,21.0922],"tool":false,"touchDistance":0.333633,"touchZone":"hovering","type":0,"width":17.446},{"bases":[[[0.706018,-0.159022,-0.690109],[0.616203,0.618222,0.487951],[0.349045,-0.769749,0.534466]],[[0.722625,-0.197401,-0.662455],[0.631962,0.57696,0.517437],[0.280067,-0.792559,0.541676]],[[0.722625,-0.197401,-0.662455],[0.631962,0.57696,0.517437],[0.280067,-0.792559,0.541676]],[[0.722625,-0.197401,-0.662455],[0.631962,0.57696,0.517437],[0.280067,-0.792559,0.541676]]],"btipPosition":[-148.217,334.139,14.5905],"carpPosition":[-101.362,215.511,96.2039],"dipPosition":[-143.393,320.489,23.9199],"direction":[-0.280067,0.792559,-0.541676],"extended":true,"handId":190,"id":1902,"length":61.4127,"mcpPosition":[-123.722,264.82,61.9667],"pipPosition":[-136.094,299.833,38.0373],"stabilizedTipPosition":[-152.645,329.728,13.3287],"timeVisible":3.61544,"tipPosition":[-148.751,330.38,17.1087],"tipVelocity":[65.2565,4.13541,26.3662],"tool":false,"touchDistance":0.169924,"touchZone":"hovering","type":2,"width":16.3667},{"bases":[[[0.701214,-0.316713,-0.638743],[0.675882,0.580428,0.454188],[0.226897,-0.750198,0.621065]],[[0.671984,-0.232229,-0.703212],[0.690212,0.540555,0.481048],[0.268411,-0.808622,0.523532]],[[0.671984,-0.232229,-0.703212],[0.690212,0.540555,0.481048],[0.268411,-0.808622,0.523532]],[[0.671984,-0.232229,-0.703212],[0.690212,0.540555,0.481048],[0.268411,-0.808622,0.523532]]],"btipPosition":[-128.643,325.454,9.04299],"carpPosition":[-93.1912,214.817,88.4586],"dipPosition":[-124.047,311.607,18.0081],"direction":[-0.268411,0.808622,-0.523532],"extended":true,"handId":190,"id":1903,"length":59.0499,"mcpPosition":[-106.241,257.964,52.7387],"pipPosition":[-117.232,291.077,31.3002],"stabilizedTipPosition":[-132.758,320.946,7.55102],"timeVisible":3.61544,"tipPosition":[-127.854,321.332,10.2681],"tipVelocity":[65.9532,4.96637,23.0228],"tool":false,"touchDistance":0.18184,"touchZone":"hovering","type":3,"width":15.5739},{"bases":[[[0.601383,-0.492932,-0.628774],[0.794092,0.455528,0.402384],[0.0880761,-0.741291,0.66538]],[[0.559837,-0.290424,-0.776039],[0.804636,0.414171,0.425468],[0.197846,-0.862622,0.465553]],[[0.559837,-0.290424,-0.776039],[0.801414,0.427729,0.41807],[0.210517,-0.85598,0.472208]],[[0.559837,-0.290424,-0.776039],[0.797339,0.443657,0.409169],[0.225463,-0.847834,0.479942]]],"btipPosition":[-106.157,304.637,11.8672],"carpPosition":[-87.7209,208.477,78.4263],"dipPosition":[-102.595,291.243,19.4493],"direction":[-0.210517,0.85598,-0.472208],"extended":true,"handId":190,"id":1904,"length":46.294,"mcpPosition":[-92.41,247.944,43.0015],"pipPosition":[-98.8217,275.899,27.9141],"stabilizedTipPosition":[-109.979,300.247,10.0641],"timeVisible":3.61544,"tipPosition":[-104.471,299.502,10.3342],"tipVelocity":[66.955,4.89069,17.6906],"tool":false,"touchDistance":0.21501,"touchZone":"hovering","type":4,"width":13.834},{"bases":[[[0.745516,0.0546575,-0.664242],[0.487316,0.635195,0.599209],[0.454674,-0.770416,0.446912]],[[0.837898,-0.146931,-0.525678],[0.496839,0.604083,0.623085],[0.226002,-0.783259,0.579161]],[[0.837898,-0.146931,-0.525678],[0.496839,0.604083,0.623085],[0.226002,-0.783259,0.579161]],[[0.837898,-0.146931,-0.525678],[0.494435,0.612287,0.61696],[0.231215,-0.776863,0.585682]]],"btipPosition":[-158.455,325.889,27.9431],"carpPosition":[-110.216,213.49,102.938],"dipPosition":[-154.834,313.724,37.1145],"direction":[-0.226002,0.783259,-0.579161],"extended":true,"handId":190,"id":1901,"length":53.8982,"mcpPosition":[-140.929,265.531,72.7494],"pipPosition":[-149.828,296.373,49.9444],"stabilizedTipPosition":[-162.803,322.079,27.0795],"timeVisible":3.61544,"tipPosition":[-161.664,322.621,31.6482],"tipVelocity":[61.2414,-0.401004,24.1396],"tool":false,"touchDistance":0.36182,"touchZone":"hovering","type":1,"width":16.6644}],"r":[[-0.612509,0.659331,0.436022],[-0.0804921,0.496711,-0.864176],[-0.786355,-0.564412,-0.251169]],"s":0.813347,"t":[10.9246,45.5129,-77.1179],"timestamp":630377624614},{"currentFrameRate":55.3453,"devices":[],"gestures":[],"hands":[{"armBasis":[[0.770523,-0.0678119,-0.633795],[0.306579,0.911186,0.275227],[0.558841,-0.406377,0.722879]],"armWidth":55.9977,"confidence":1,"direction":[-0.245408,0.853896,-0.458952],"elbow":[50.4487,88.3138,281.164],"grabAngle":0,"grabStrength":0,"id":190,"palmNormal":[-0.548356,-0.512684,-0.660652],"palmPosition":[-116.398,243.102,68.4417],"palmVelocity":[89.3021,13.3497,7.69696],"palmWidth":83.544,"pinchDistance":44.5458,"pinchStrength":0,"r":[[-0.612331,0.65906,0.436682],[-0.0800366,0.497828,-0.863575],[-0.78654,-0.563744,-0.252087]],"s":0.813535,"sphereCenter":[-25.299,354.489,110.46],"sphereRadius":148.874,"stabilizedPalmPosition":[-122.785,242.328,65.8843],"t":[12.1329,45.6492,-76.9303],"timeVisible":3.6334,"type":"right","wrist":[-88.0908,189.057,101.959]}],"id":63154,"interactionBox":{"center":[0,200,0],"size":[235.247,235.247,147.751]},"pointables":[{"bases":[[[0.764264,0.58915,0.262302],[-0.302367,-0.0319046,0.952658],[0.569627,-0.807393,0.153756]],[[0.745717,0.614588,0.257268],[-0.220104,-0.137211,0.965778],[0.628856,-0.776823,0.0329527]],[[0.745717,0.614588,0.257268],[-0.512796,0.282905,0.810559],[0.425378,-0.736374,0.526125]],[[0.745717,0.614588,0.257268],[-0.640143,0.553857,0.532409],[0.184723,-0.561715,0.806445]]],"btipPosition":[-168.129,267.413,64.8506],"carpPosition":[-122.052,196.749,100.1],"dipPosition":[-164.167,255.364,82.1487],"direction":[-0.425378,0.736374,-0.526125],"extended":true,"handId":190,"id":1900,"length":47.7656,"mcpPosition":[-122.052,196.749,100.1],"pipPosition":[-150.874,232.353,98.5897],"stabilizedTipPosition":[-172.142,263.687,66.8326],"timeVisible":3.6334,"tipPosition":[-170.125,262.008,65.0108],"tipVelocity":[89.2191,22.7955,9.61443],"tool":false,"touchDistance":0.333476,"touchZone":"hovering","type":0,"width":17.446},{"bases":[[[0.707301,-0.15852,-0.68891],[0.615589,0.61721,0.490001],[0.347527,-0.770664,0.534137]],[[0.723859,-0.197019,-0.661219],[0.630746,0.577369,0.518464],[0.27962,-0.792357,0.542203]],[[0.723859,-0.197019,-0.661219],[0.630746,0.577369,0.518464],[0.27962,-0.792357,0.542203]],[[0.723859,-0.197019,-0.661219],[0.630746,0.577369,0.518464],[0.27962,-0.792357,0.542203]]],"btipPosition":[-146.548,334.373,14.7005],"carpPosition":[-99.8301,215.704,96.3388],"dipPosition":[-141.732,320.726,24.0389],"direction":[-0.27962,0.792356,-0.542203],"extended":true,"handId":190,"id":1902,"length":61.4127,"mcpPosition":[-122.092,265.072,62.1227],"pipPosition":[-134.445,300.075,38.1701],"stabilizedTipPosition":[-152.436,329.772,13.4309],"timeVisible":3.6334,"tipPosition":[-146.978,330.711,17.2975],"tipVelocity":[92.8009,13.0637,6.24011],"tool":false,"touchDistance":0.171792,"touchZone":"hovering","type":2,"width":16.3667},{"bases":[[[0.702301,-0.316276,-0.637764],[0.675314,0.579426,0.456307],[0.225218,-0.751156,0.620517]],[[0.673508,-0.23236,-0.701709],[0.689066,0.540951,0.482246],[0.267535,-0.80832,0.524446]],[[0.673508,-0.23236,-0.701709],[0.689066,0.540951,0.482246],[0.267535,-0.80832,0.524446]],[[0.673508,-0.23236,-0.701709],[0.689066,0.540951,0.482246],[0.267535,-0.80832,0.524446]]],"btipPosition":[-126.926,325.682,9.14851],"carpPosition":[-91.644,215.015,88.609],"dipPosition":[-122.345,311.841,18.1293],"direction":[-0.267535,0.80832,-0.524446],"extended":true,"handId":190,"id":1903,"length":59.0499,"mcpPosition":[-104.597,258.217,52.9206],"pipPosition":[-115.553,291.318,31.4446],"stabilizedTipPosition":[-132.544,320.994,7.66482],"timeVisible":3.6334,"tipPosition":[-126.086,321.664,10.4987],"tipVelocity":[95.4025,12.7776,6.07541],"tool":false,"touchDistance":0.183659,"touchZone":"hovering","type":3,"width":15.5739},{"bases":[[[0.602347,-0.492449,-0.628229],[0.793554,0.454525,0.404573],[0.0863142,-0.742226,0.664567]],[[0.561768,-0.29171,-0.774159],[0.803679,0.414419,0.427033],[0.196256,-0.862068,0.467249]],[[0.561768,-0.29171,-0.774159],[0.800253,0.428904,0.419089],[0.209788,-0.854954,0.474387]],[[0.561768,-0.29171,-0.774159],[0.796195,0.444801,0.410154],[0.224701,-0.846792,0.482133]]],"btipPosition":[-104.423,304.843,11.9348],"carpPosition":[-86.1573,208.686,78.5792],"dipPosition":[-100.873,291.465,19.5514],"direction":[-0.209788,0.854954,-0.474387],"extended":true,"handId":190,"id":1904,"length":46.294,"mcpPosition":[-90.7527,248.202,43.1976],"pipPosition":[-97.1128,276.139,28.0553],"stabilizedTipPosition":[-109.75,300.301,10.194],"timeVisible":3.6334,"tipPosition":[-102.729,299.836,10.6145],"tipVelocity":[96.3899,11.6553,4.20162],"tool":false,"touchDistance":0.216268,"touchZone":"hovering","type":4,"width":13.834},{"bases":[[[0.746872,0.0551019,-0.662681],[0.486491,0.634111,0.601024],[0.453331,-0.771276,0.446793]],[[0.838513,-0.14565,-0.525055],[0.495462,0.604804,0.623481],[0.226745,-0.782942,0.5793]],[[0.838513,-0.14565,-0.525055],[0.495462,0.604804,0.623481],[0.226745,-0.782942,0.5793]],[[0.838513,-0.14565,-0.525055],[0.492969,0.613277,0.617149],[0.232116,-0.776323,0.586042]]],"btipPosition":[-156.906,326.108,28.0516],"carpPosition":[-108.698,213.679,103.053],"dipPosition":[-153.272,313.952,37.2286],"direction":[-0.226745,0.782942,-0.5793],"extended":true,"handId":190,"id":1901,"length":53.8982,"mcpPosition":[-139.32,265.779,72.872],"pipPosition":[-148.249,296.608,50.0616],"stabilizedTipPosition":[-162.624,322.112,27.1611],"timeVisible":3.6334,"tipPosition":[-159.888,322.94,31.7832],"tipVelocity":[86.4011,12.3201,6.11178],"tool":false,"touchDistance":0.360618,"touchZone":"hovering","type":1,"width":16.6644}],"r":[[-0.612331,0.65906,0.436682],[-0.0800366,0.497828,-0.863575],[-0.78654,-0.563744,-0.252087]],"s":0.813535,"t":[12.1329,45.6492,-76.9303],"timestamp":630377642575},{"currentFrameRate":55.3359,"devices":[],"gestures":[],"hands":[{"armBasis":[[0.77125,-0.0674195,-0.632952],[0.310464,0.