{"frames":65,"data":[{"currentFrameRate":54.4461,"devices":[],"gestures":[],"hands":[{"armBasis":[[-0.953229,-0.287234,0.0940771],[0.111916,-0.624562,-0.772914],[0.280764,-0.726236,0.627497]],"armWidth":55.9977,"confidence":0.975265,"direction":[-0.0216249,0.799994,-0.599618],"elbow":[193.466,-7.84922,242.937],"grabAngle":0.302724,"grabStrength":0,"id":189,"palmNormal":[-0.111164,0.594115,0.796661],"palmPosition":[126.277,230.072,49.0587],"palmVelocity":[1.01975,6.77093,3.14788],"palmWidth":83.544,"pinchDistance":56.4052,"pinchStrength":0,"r":[[0.989766,-0.14264,0.00419449],[0.141425,0.984408,0.104594],[-0.0190484,-0.10293,0.994506]],"s":1.09196,"sphereCenter":[86.0261,311.933,136.592],"sphereRadius":129.318,"stabilizedPalmPosition":[124.639,230.355,48.5237],"t":[1.9904,-0.444506,0.57516],"timeVisible":0.415739,"type":"right","wrist":[123.863,172.188,87.3774]}],"id":62443,"interactionBox":{"center":[0,200,0],"size":[235.247,235.247,147.751]},"pointables":[{"bases":[[[-0.3046,-0.409043,-0.860176],[0.85777,-0.510397,-0.0610374],[-0.414064,-0.756425,0.506331]],[[-0.204916,-0.230626,-0.951221],[0.898846,-0.429003,-0.0896205],[-0.387407,-0.873366,0.295207]],[[-0.204916,-0.230626,-0.951221],[0.978598,-0.0669714,-0.194577],[-0.0188301,-0.970735,0.239414]],[[-0.204916,-0.230626,-0.951221],[0.946658,0.20023,-0.25248],[0.248691,-0.952218,0.177294]]],"btipPosition":[158.819,283.825,62.0566],"carpPosition":[145.809,193.037,86.8712],"dipPosition":[164.153,263.4,65.8596],"direction":[0.0188301,0.970735,-0.239414],"extended":false,"handId":189,"id":1890,"length":47.7656,"mcpPosition":[145.809,193.037,86.8712],"pipPosition":[163.565,233.066,73.3411],"stabilizedTipPosition":[159.634,278.643,56.968],"timeVisible":0.415739,"tipPosition":[161.42,278.005,61.4485],"tipVelocity":[-0.76209,11.9307,8.83371],"tool":false,"touchDistance":0.524083,"touchZone":"hovering","type":0,"width":17.446},{"bases":[[[-0.983093,0.0516277,-0.17568],[0.131518,-0.468466,-0.873637],[-0.127404,-0.881972,0.453756]],[[-0.990542,-0.0273448,-0.134454],[0.128159,-0.534358,-0.835486],[-0.0490006,-0.844816,0.532809]],[[-0.990542,-0.0273448,-0.134454],[0.131201,-0.475518,-0.869867],[-0.0401492,-0.879281,0.474609]],[[-0.990542,-0.0273448,-0.134454],[0.134232,-0.396078,-0.908352],[-0.0284157,-0.91781,0.396003]]],"btipPosition":[152.104,316.302,-2.23153],"carpPosition":[140.234,189.609,66.114],"dipPosition":[151.659,301.929,3.96958],"direction":[0.0401492,0.879281,-0.474609],"extended":true,"handId":189,"id":1891,"length":53.8982,"mcpPosition":[148.84,249.186,35.4632],"pipPosition":[150.77,282.451,14.4834],"stabilizedTipPosition":[151.492,312.602,-1.27577],"timeVisible":0.415739,"tipPosition":[149.605,314.452,2.51391],"tipVelocity":[2.34705,6.59339,2.13678],"tool":false,"touchDistance":0.444511,"touchZone":"hovering","type":1,"width":16.6644},{"bases":[[[-0.999187,0.0110959,0.0387646],[-0.0394077,-0.472244,-0.880587],[0.0085354,-0.881398,0.472297]],[[-0.998442,-0.0162319,0.0533867],[-0.0434275,-0.374727,-0.926117],[0.0350381,-0.926993,0.373439]],[[-0.998442,-0.0162319,0.0533867],[-0.0499702,-0.165664,-0.984915],[0.0248313,-0.986049,0.164595]],[[-0.998442,-0.0162319,0.0533867],[-0.0531889,-0.0123831,-0.998508],[0.0168688,-0.999792,0.0115005]]],"btipPosition":[126.482,330.263,11.2985],"carpPosition":[129.514,189.932,62.5383],"dipPosition":[126.772,313.043,11.4966],"direction":[-0.0248313,0.986049,-0.164595],"extended":true,"handId":189,"id":1892,"length":61.4127,"mcpPosition":[128.967,246.393,32.2836],"pipPosition":[127.419,287.344,15.7864],"stabilizedTipPosition":[125.684,325.975,10.8493],"timeVisible":0.415739,"tipPosition":[127.288,326.805,13.0575],"tipVelocity":[2.39044,9.54903,22.1464],"tool":false,"touchDistance":0.461967,"touchZone":"hovering","type":2,"width":16.3667},{"bases":[[[-0.981207,-0.0831621,0.174116],[-0.110402,-0.4981,-0.860062],[0.158252,-0.863122,0.479558]],[[-0.984519,-0.0637258,0.163284],[-0.123227,-0.410846,-0.903339],[0.124651,-0.909475,0.396633]],[[-0.984519,-0.0637258,0.163284],[-0.14161,-0.259796,-0.955224],[0.103293,-0.963558,0.24675]],[[-0.984519,-0.0637258,0.163284],[-0.152515,-0.147655,-0.977209],[0.0863832,-0.986984,0.13565]]],"btipPosition":[99.9517,318.579,9.47866],"carpPosition":[118.26,190.33,61.8897],"dipPosition":[101.431,301.678,11.8016],"direction":[-0.103293,0.963558,-0.24675],"extended":true,"handId":189,"id":1893,"length":59.0499,"mcpPosition":[109.158,239.971,34.3084],"pipPosition":[104.054,277.214,18.0664],"stabilizedTipPosition":[99.4452,314.241,9.45005],"timeVisible":0.415739,"tipPosition":[102.349,315.465,12.0038],"tipVelocity":[-0.36106,7.63016,13.398],"tool":false,"touchDistance":0.460643,"touchZone":"hovering","type":3,"width":15.5739},{"bases":[[[-0.924477,-0.0990487,0.368147],[-0.247254,-0.579256,-0.776742],[0.290187,-0.809105,0.511019]],[[-0.923482,-0.101808,0.369888],[-0.26498,-0.527953,-0.806877],[0.277429,-0.843149,0.460578]],[[-0.923482,-0.101808,0.369888],[-0.298044,-0.416687,-0.858802],[0.24156,-0.903331,0.35446]],[[-0.923482,-0.101808,0.369888],[-0.318038,-0.336046,-0.886524],[0.214554,-0.936327,0.277953]]],"btipPosition":[74.5422,293.159,14.9368],"carpPosition":[106.702,191.773,67.8147],"dipPosition":[77.9317,278.367,19.3279],"direction":[-0.24156,0.903331,-0.35446],"extended":true,"handId":189,"id":1894,"length":46.294,"mcpPosition":[91.2527,234.85,40.608],"pipPosition":[82.2619,262.174,25.6819],"stabilizedTipPosition":[74.3688,289.138,15.5826],"timeVisible":0.415739,"tipPosition":[79.2915,290.956,17.0273],"tipVelocity":[-2.36177,5.11384,6.12643],"tool":false,"touchDistance":0.464705,"touchZone":"hovering","type":4,"width":13.834}],"r":[[0.989766,-0.14264,0.00419449],[0.141425,0.984408,0.104594],[-0.0190484,-0.10293,0.994506]],"s":1.09196,"t":[1.9904,-0.444506,0.57516],"timestamp":630364735838},{"currentFrameRate":54.5194,"devices":[],"gestures":[],"hands":[{"armBasis":[[-0.953238,-0.286668,0.0957005],[0.110492,-0.625306,-0.772518],[0.281298,-0.72582,0.627739]],"armWidth":55.9977,"confidence":0.979513,"direction":[-0.0219263,0.799426,-0.600364],"elbow":[193.653,-7.49352,243.133],"grabAngle":0.306574,"grabStrength":0,"id":189,"palmNormal":[-0.109728,0.594956,0.796233],"palmPosition":[126.315,230.286,49.1364],"palmVelocity":[2.11363,11.8409,4.29472],"palmWidth":83.544,"pinchDistance":56.4049,"pinchStrength":0,"r":[[0.989703,-0.143076,0.00405182],[0.141875,0.98435,0.104533],[-0.0189447,-0.102882,0.994513]],"s":1.09185,"sphereCenter":[86.0886,312.006,136.511],"sphereRadius":129.051,"stabilizedPalmPosition":[124.65,230.354,48.5273],"t":[2.02301,-0.291095,0.64244],"timeVisible":0.433824,"type":"right","wrist":[123.918,172.441,87.5136]}],"id":62444,"interactionBox":{"center":[0,200,0],"size":[235.247,235.247,147.751]},"pointables":[{"bases":[[[-0.306005,-0.409685,-0.859371],[0.857369,-0.510993,-0.0616879],[-0.41386,-0.755675,0.507617]],[[-0.205319,-0.229644,-0.951372],[0.900404,-0.425288,-0.0916632],[-0.383557,-0.875439,0.294092]],[[-0.205319,-0.229644,-0.951372],[0.978584,-0.0628192,-0.196029],[-0.0147477,-0.971245,0.237624]],[[-0.205319,-0.229644,-0.951372],[0.945945,0.202799,-0.2531],[0.25106,-0.951912,0.175592]]],"btipPosition":[158.529,284.168,62.2877],"carpPosition":[145.874,193.276,86.9587],"dipPosition":[163.915,263.75,66.0541],"direction":[0.0147477,0.971245,-0.237624],"extended":false,"handId":189,"id":1890,"length":47.7656,"mcpPosition":[145.874,193.276,86.9587],"pipPosition":[163.454,233.399,73.4797],"stabilizedTipPosition":[159.637,278.66,57.0921],"timeVisible":0.433824,"tipPosition":[161.453,278.247,61.4839],"tipVelocity":[-15.349,19.0486,12.3107],"tool":false,"touchDistance":0.508348,"touchZone":"hovering","type":0,"width":17.446},{"bases":[[[-0.983294,0.0520728,-0.174417],[0.130058,-0.469395,-0.873358],[-0.127348,-0.881452,0.45478]],[[-0.990704,-0.0260959,-0.133508],[0.126752,-0.533405,-0.836309],[-0.0493894,-0.845458,0.531754]],[[-0.990704,-0.0260959,-0.133508],[0.129921,-0.472405,-0.871753],[-0.0403206,-0.880995,0.471404]],[[-0.990704,-0.0260959,-0.133508],[0.132999,-0.39196,-0.910318],[-0.0285741,-0.919612,0.391787]]],"btipPosition":[152.158,316.58,-2.02396],"carpPosition":[140.27,189.831,66.2123],"dipPosition":[151.71,302.18,4.11114],"direction":[0.0403206,0.880995,-0.471404],"extended":true,"handId":189,"id":1891,"length":53.8982,"mcpPosition":[148.872,249.373,35.4922],"pipPosition":[150.817,282.663,14.554],"stabilizedTipPosition":[151.54,312.659,-1.21944],"timeVisible":0.433824,"tipPosition":[149.675,314.584,2.42547],"tipVelocity":[2.93005,15.0303,10.6381],"tool":false,"touchDistance":0.436279,"touchZone":"hovering","type":1,"width":16.6644},{"bases":[[[-0.999127,0.0117589,0.0400882],[-0.0408791,-0.473072,-0.880075],[0.00861585,-0.880945,0.473139]],[[-0.998379,-0.0155604,0.0547386],[-0.0449745,-0.373607,-0.926496],[0.0348674,-0.927456,0.372302]],[[-0.998379,-0.0155604,0.0547386],[-0.0514878,-0.162683,-0.985334],[0.0242372,-0.986556,0.161618]],[[-0.998379,-0.0155604,0.0547386],[-0.0546197,-0.00796598,-0.998475],[0.0159727,-0.999847,0.00710317]]],"btipPosition":[126.546,330.493,11.5604],"carpPosition":[129.545,190.157,62.6506],"dipPosition":[126.821,313.273,11.6827],"direction":[-0.0242372,0.986556,-0.161618],"extended":true,"handId":189,"id":1892,"length":61.4127,"mcpPosition":[128.993,246.589,32.3419],"pipPosition":[127.453,287.561,15.8949],"stabilizedTipPosition":[125.707,325.989,10.8675],"timeVisible":0.433824,"tipPosition":[127.326,326.975,13.0147],"tipVelocity":[3.3682,12.7522,13.5134],"tool":false,"touchDistance":0.452769,"touchZone":"hovering","type":2,"width":16.3667},{"bases":[[[-0.981026,-0.0823792,0.175507],[-0.111862,-0.498864,-0.859431],[0.158353,-0.862756,0.480183]],[[-0.984272,-0.0633805,0.164901],[-0.124891,-0.410542,-0.903248],[0.124947,-0.909636,0.396169]],[[-0.984272,-0.0633805,0.164901],[-0.143363,-0.258875,-0.955212],[0.103231,-0.963829,0.245717]],[[-0.984272,-0.0633805,0.164901],[-0.154328,-0.145807,-0.977202],[0.0859792,-0.987281,0.133732]]],"btipPosition":[99.9728,318.809,9.6477],"carpPosition":[118.29,190.561,62.0166],"dipPosition":[101.445,301.902,11.9378],"direction":[-0.103231,0.963829,-0.245717],"extended":true,"handId":189,"id":1893,"length":59.0499,"mcpPosition":[109.183,240.182,34.3993],"pipPosition":[104.066,277.431,18.1764],"stabilizedTipPosition":[99.4724,314.263,9.47282],"timeVisible":0.433824,"tipPosition":[102.372,315.652,12.0139],"tipVelocity":[1.07814,12.6052,8.92916],"tool":false,"touchDistance":0.450334,"touchZone":"hovering","type":3,"width":15.5739},{"bases":[[[-0.924046,-0.0981133,0.369477],[-0.248653,-0.579854,-0.775849],[0.290364,-0.808791,0.511415]],[[-0.922714,-0.101794,0.371802],[-0.26695,-0.527071,-0.806805],[0.278094,-0.843703,0.459162]],[[-0.922714,-0.101794,0.371802],[-0.300083,-0.415739,-0.858552],[0.241968,-0.903769,0.353062]],[[-0.922714,-0.101794,0.371802],[-0.3201,-0.335083,-0.886146],[0.214789,-0.936674,0.276601]]],"btipPosition":[74.5396,293.418,15.1489],"carpPosition":[106.742,192.018,67.9556],"dipPosition":[77.9328,278.621,19.5186],"direction":[-0.241968,0.903769,-0.353062],"extended":true,"handId":189,"id":1894,"length":46.294,"mcpPosition":[91.2826,235.078,40.7279],"pipPosition":[82.2703,262.42,25.8476],"stabilizedTipPosition":[74.3941,289.162,15.5978],"timeVisible":0.433824,"tipPosition":[79.2901,291.158,17.1005],"tipVelocity":[-0.0973616,14.2585,11.4573],"tool":false,"touchDistance":0.454676,"touchZone":"hovering","type":4,"width":13.834}],"r":[[0.989703,-0.143076,0.00405182],[0.141875,0.98435,0.104533],[-0.0189447,-0.102882,0.994513]],"s":1.09185,"t":[2.02301,-0.291095,0.64244],"timestamp":630364753923},{"currentFrameRate":54.5971,"devices":[],"gestures":[],"hands":[{"armBasis":[[-0.953172,-0.285942,0.0984884],[0.108094,-0.626257,-0.772087],[0.282451,-0.725285,0.627839]],"armWidth":55.9977,"confidence":0.983029,"direction":[-0.0211139,0.800535,-0.598913],"elbow":[193.909,-7.14255,243.171],"grabAngle":0.30281,"grabStrength":0,"id":189,"palmNormal":[-0.107315,0.593771,0.797445],"palmPosition":[126.334,230.547,49.2282],"palmVelocity":[1.01113,14.4979,5.08972],"palmWidth":83.544,"pinchDistance":56.2979,"pinchStrength":0,"r":[[0.989594,-0.143844,0.0035982],[0.142679,0.984206,0.104792],[-0.0186151,-0.103189,0.994488]],"s":1.09135,"sphereCenter":[86.4655,311.766,136.009],"sphereRadius":128.21,"stabilizedPalmPosition":[124.661,230.355,48.5321],"t":[2.04844,-0.08359,0.721999],"timeVisible":0.451868,"type":"right","wrist":[123.888,172.659,87.5264]}],"id":62445,"interactionBox":{"center":[0,200,0],"size":[235.247,235.247,147.751]},"pointables":[{"bases":[[[-0.308118,-0.407513,-0.859649],[0.856199,-0.512687,-0.0638443],[-0.414714,-0.755702,0.50688]],[[-0.207453,-0.227985,-0.951308],[0.901117,-0.423011,-0.0951312],[-0.380725,-0.876975,0.293196]],[[-0.207453,-0.227985,-0.951308],[0.978208,-0.0567989,-0.199707],[-0.00850312,-0.972007,0.2348]],[[-0.207453,-0.227985,-0.951308],[0.94396,0.208544,-0.255829],[0.256714,-0.951069,0.171946]]],"btipPosition":[158.078,284.398,62.4928],"carpPosition":[145.87,193.429,86.9563],"dipPosition":[163.585,263.997,66.181],"direction":[0.00850312,0.972006,-0.2348],"extended":false,"handId":189,"id":1890,"length":47.7656,"mcpPosition":[145.87,193.429,86.9563],"pipPosition":[163.319,233.623,73.5183],"stabilizedTipPosition":[159.63,278.684,57.2361],"timeVisible":0.451868,"tipPosition":[161.507,278.46,61.6737],"tipVelocity":[-23.4514,12.9471,10.3695],"tool":false,"touchDistance":0.493653,"touchZone":"hovering","type":0,"width":17.446},{"bases":[[[-0.983435,0.0544535,-0.172889],[0.127797,-0.468116,-0.874377],[-0.128545,-0.881988,0.453403]],[[-0.990986,-0.0245466,-0.131699],[0.124503,-0.531684,-0.837742],[-0.0494585,-0.846587,0.529948]],[[-0.990986,-0.0245466,-0.131699],[0.127605,-0.472308,-0.872148],[-0.0407941,-0.881092,0.471183]],[[-0.990986,-0.0245466,-0.131699],[0.130663,-0.394085,-0.909739],[-0.0295695,-0.918746,0.39374]]],"btipPosition":[152.225,316.851,-1.88571],"carpPosition":[140.228,190.033,66.212],"dipPosition":[151.762,302.464,4.27996],"direction":[0.0407941,0.881092,-0.471183],"extended":true,"handId":189,"id":1891,"length":53.8982,"mcpPosition":[148.911,249.611,35.585],"pipPosition":[150.858,282.946,14.7179],"stabilizedTipPosition":[151.587,312.731,-1.15825],"timeVisible":0.451868,"tipPosition":[149.816,314.871,2.61575],"tipVelocity":[3.53481,15.2079,8.05155],"tool":false,"touchDistance":0.428164,"touchZone":"hovering","type":1,"width":16.6644},{"bases":[[[-0.999041,0.0137922,0.0415665],[-0.0431573,-0.471421,-0.880852],[0.00744643,-0.8818,0.471564]],[[-0.99829,-0.0144432,0.056641],[-0.0472194,-0.371905,-0.927069],[0.0344549,-0.928158,0.370587]],[[-0.99829,-0.0144432,0.056641],[-0.0535277,-0.163453,-0.985098],[0.0234861,-0.986445,0.162401]],[[-0.99829,-0.0144432,0.056641],[-0.056487,-0.0108592,-0.998344],[0.0150343,-0.999837,0.0100248]]],"btipPosition":[126.628,330.807,11.6823],"carpPosition":[129.498,190.388,62.6665],"dipPosition":[126.887,313.587,11.8549],"direction":[-0.0234861,0.986445,-0.162401],"extended":true,"handId":189,"id":1892,"length":61.4127,"mcpPosition":[129.021,246.875,32.4588],"pipPosition":[127.499,287.877,16.0875],"stabilizedTipPosition":[125.735,326.013,10.8919],"timeVisible":0.451868,"tipPosition":[127.487,327.294,13.2605],"tipVelocity":[4.3461,17.3862,7.39811],"tool":false,"touchDistance":0.442828,"touchZone":"hovering","type":2,"width":16.3667},{"bases":[[[-0.980941,-0.0806241,0.176791],[-0.114165,-0.497101,-0.86015],[0.157232,-0.863939,0.478422]],[[-0.98408,-0.0621254,0.166517],[-0.127105,-0.408857,-0.903704],[0.124225,-0.910481,0.394452]],[[-0.98408,-0.0621254,0.166517],[-0.145139,-0.259834,-0.954683],[0.102577,-0.963653,0.246681]],[[-0.98408,-0.0621254,0.166517],[-0.155849,-0.148729,-0.97652],[0.0854326,-0.986925,0.136679]]],"btipPosition":[100.046,319.156,9.77749],"carpPosition":[118.243,190.817,62.0497],"dipPosition":[101.509,302.256,12.118],"direction":[-0.102577,0.963653,-0.246681],"extended":true,"handId":189,"id":1893,"length":59.0499,"mcpPosition":[109.2,240.506,34.5338],"pipPosition":[104.113,277.789,18.3811],"stabilizedTipPosition":[99.5028,314.296,9.50095],"timeVisible":0.451868,"tipPosition":[102.494,316.021,12.2713],"tipVelocity":[3.94111,19.3548,7.83624],"tool":false,"touchDistance":0.440755,"touchZone":"hovering","type":3,"width":15.5739},{"bases":[[[-0.923712,-0.0968226,0.37065],[-0.251004,-0.57795,-0.776512],[0.289401,-0.810308,0.509556]],[[-0.922277,-0.100808,0.373153],[-0.269615,-0.523982,-0.80793],[0.276971,-0.845742,0.456078]],[[-0.922277,-0.100808,0.373153],[-0.302222,-0.413779,-0.858749],[0.240971,-0.904779,0.351152]],[[-0.922277,-0.100808,0.373153],[-0.321871,-0.334234,-0.885825],[0.214018,-0.937084,0.275809]]],"btipPosition":[74.6223,293.859,15.4471],"carpPosition":[106.707,192.287,68.0081],"dipPosition":[78.0033,279.055,19.8043],"direction":[-0.240971,0.904779,-0.351152],"extended":true,"handId":189,"id":1894,"length":46.294,"mcpPosition":[91.2989,235.428,40.8793],"pipPosition":[82.323,262.836,26.099],"stabilizedTipPosition":[74.4183,289.193,15.6183],"timeVisible":0.451868,"tipPosition":[79.3821,291.573,17.367],"tipVelocity":[4.42695,24.3573,16.3649],"tool":false,"touchDistance":0.446971,"touchZone":"hovering","type":4,"width":13.834}],"r":[[0.989594,-0.143844,0.0035982],[0.142679,0.984206,0.104792],[-0.0186151,-0.103189,0.994488]],"s":1.09135,"t":[2.04844,-0.08359,0.721999],"timestamp":630364771967},{"currentFrameRate":54.6566,"devices":[],"gestures":[],"hands":[{"armBasis":[[-0.952649,-0.288009,0.0975167],[0.110114,-0.625699,-0.772254],[0.283432,-0.724949,0.627786]],"armWidth":55.9977,"confidence":0.985954,"direction":[-0.0218688,0.801063,-0.59818],"elbow":[194.19,-6.82567,243.266],"grabAngle":0.301103,"grabStrength":0,"id":189,"palmNormal":[-0.109297,0.592821,0.797883],"palmPosition":[126.307,230.818,49.3902],"palmVelocity":[-1.46427,14.95,8.9554],"palmWidth":83.544,"pinchDistance":56.2578,"pinchStrength":0,"r":[[0.989557,-0.144102,0.00343504],[0.142945,0.984122,0.105218],[-0.0185426,-0.103628,0.994443]],"s":1.09095,"sphereCenter":[86.908,311.316,134.816],"sphereRadius":126.733,"stabilizedPalmPosition":[124.672,230.359,48.5377],"t":[2.04791,0.15537,0.842771],"timeVisible":0.469956,"type":"right","wrist":[123.926,172.893,87.6344]}],"id":62446,"interactionBox":{"center":[0,200,0],"size":[235.247,235.247,147.751]},"pointables":[{"bases":[[[-0.306399,-0.407252,-0.860387],[0.857193,-0.511085,-0.0633466],[-0.413933,-0.756927,0.505689]],[[-0.20677,-0.228893,-0.951238],[0.901567,-0.422221,-0.0943754],[-0.380031,-0.877119,0.293665]],[[-0.20677,-0.228893,-0.951238],[0.978379,-0.0528658,-0.199948],[-0.00452122,-0.972015,0.234875]],[[-0.20677,-0.228893,-0.951238],[0.941827,0.216739,-0.256877],[0.264968,-0.949016,0.170763]]],"btipPosition":[157.742,284.631,62.6436],"carpPosition":[145.867,193.699,87.1055],"dipPosition":[163.426,264.274,66.3064],"direction":[0.00452122,0.972015,-0.234875],"extended":false,"handId":189,"id":1890,"length":47.7656,"mcpPosition":[145.867,193.699,87.1055],"pipPosition":[163.284,233.9,73.6461],"stabilizedTipPosition":[159.616,278.715,57.3927],"timeVisible":0.469956,"tipPosition":[161.349,278.798,61.9426],"tipVelocity":[-16.3367,13.4267,8.01486],"tool":false,"touchDistance":0.479796,"touchZone":"hovering","type":0,"width":17.446},{"bases":[[[-0.983333,0.0528479,-0.173966],[0.129641,-0.467057,-0.874672],[-0.127477,-0.882647,0.452421]],[[-0.990797,-0.0264039,-0.132754],[0.126314,-0.532795,-0.836764],[-0.0486367,-0.845832,0.531227]],[[-0.990797,-0.0264039,-0.132754],[0.129235,-0.476105,-0.86984],[-0.0402376,-0.878992,0.475136]],[[-0.990797,-0.0264039,-0.132754],[0.132225,-0.398472,-0.907599],[-0.0289345,-0.9168,0.398296]]],"btipPosition":[152.125,317.068,-1.88909],"carpPosition":[140.255,190.313,66.3516],"dipPosition":[151.672,302.712,4.34794],"direction":[0.0402376,0.878992,-0.475136],"extended":true,"handId":189,"id":1891,"length":53.8982,"mcpPosition":[148.866,249.935,35.791],"pipPosition":[150.781,283.24,14.8734],"stabilizedTipPosition":[151.626,312.825,-1.09432],"timeVisible":0.469956,"tipPosition":[149.736,315.2,2.82016],"tipVelocity":[-5.39393,12.3964,0.720423],"tool":false,"touchDistance":0.418876,"touchZone":"hovering","type":1,"width":16.6644},{"bases":[[[-0.999111,0.0119555,0.0404332],[-0.0412994,-0.470663,-0.881346],[0.00849354,-0.882232,0.470738]],[[-0.998335,-0.0161196,0.0553897],[-0.0454421,-0.371739,-0.927224],[0.0355371,-0.928197,0.370388]],[[-0.998335,-0.0161196,0.0553897],[-0.0520279,-0.163165,-0.985226],[0.0249191,-0.986467,0.162055]],[[-0.998335,-0.0161196,0.0553897],[-0.0552248,-0.0105038,-0.998419],[0.0166759,-0.999815,0.00959615]]],"btipPosition":[126.478,331.1,11.888],"carpPosition":[129.529,190.651,62.7942],"dipPosition":[126.765,313.88,12.0533],"direction":[-0.0249191,0.986467,-0.162055],"extended":true,"handId":189,"id":1892,"length":61.4127,"mcpPosition":[128.985,247.166,32.6393],"pipPosition":[127.415,288.17,16.2768],"stabilizedTipPosition":[125.757,326.044,10.9207],"timeVisible":0.469956,"tipPosition":[127.325,327.599,13.5097],"tipVelocity":[-7.93868,16.204,11.2802],"tool":false,"touchDistance":0.434939,"touchZone":"hovering","type":2,"width":16.3667},{"bases":[[[-0.980996,-0.0825562,0.175589],[-0.112284,-0.49649,-0.86075],[0.158239,-0.864108,0.477785]],[[-0.984166,-0.0639945,0.165296],[-0.125226,-0.408963,-0.903918],[0.125446,-0.910304,0.394474]],[[-0.984166,-0.0639945,0.165296],[-0.143482,-0.259915,-0.954912],[0.104072,-0.963509,0.246617]],[[-0.984166,-0.0639945,0.165296],[-0.154415,-0.148336,-0.976807],[0.0870297,-0.986864,0.136106]]],"btipPosition":[99.9032,319.398,9.93978],"carpPosition":[118.274,191.061,62.1648],"dipPosition":[101.394,302.499,12.2705],"direction":[-0.104072,0.963509,-0.246617],"extended":true,"handId":189,"id":1893,"length":59.0499,"mcpPosition":[109.173,240.759,34.6855],"pipPosition":[104.036,278.036,18.532],"stabilizedTipPosition":[99.5259,314.334,9.53134],"timeVisible":0.469956,"tipPosition":[102.348,316.281,12.4793],"tipVelocity":[-7.54989,13.3678,8.8478],"tool":false,"touchDistance":0.432414,"touchZone":"hovering","type":3,"width":15.5739},{"bases":[[[-0.92396,-0.0988355,0.369499],[-0.249074,-0.577665,-0.777345],[0.290276,-0.810269,0.509122]],[[-0.922633,-0.102512,0.371805],[-0.267658,-0.523894,-0.808637],[0.277682,-0.845592,0.455924]],[[-0.922633,-0.102512,0.371805],[-0.300382,-0.413663,-0.859449],[0.241906,-0.90464,0.350867]],[[-0.922633,-0.102512,0.371805],[-0.320136,-0.334059,-0.88652],[0.215084,-0.936961,0.275396]]],"btipPosition":[74.54,294.065,15.5901],"carpPosition":[106.728,192.505,68.1114],"dipPosition":[77.9379,279.263,19.9408],"direction":[-0.241906,0.90464,-0.350867],"extended":true,"handId":189,"id":1894,"length":46.294,"mcpPosition":[91.2732,235.643,41.0057],"pipPosition":[82.2743,263.047,26.2304],"stabilizedTipPosition":[74.4379,289.225,15.6394],"timeVisible":0.469956,"tipPosition":[79.2754,291.787,17.5312],"tipVelocity":[-4.33363,11.4131,7.82486],"tool":false,"touchDistance":0.43773,"touchZone":"hovering","type":4,"width":13.834}],"r":[[0.989557,-0.144102,0.00343504],[0.142945,0.984122,0.105218],[-0.0185426,-0.103628,0.994443]],"s":1.09095,"t":[2.04791,0.15537,0.842771],"timestamp":630364790055},{"currentFrameRate":54.7018,"devices":[],"gestures":[],"hands":[{"armBasis":[[-0.952232,-0.289293,0.0977933],[0.11081,-0.625749,-0.772114],[0.284561,-0.724395,0.627915]],"armWidth":55.9977,"confidence":0.988381,"direction":[-0.0219919,0.801512,-0.597575],"elbow":[194.421,-6.52424,243.36],"grabAngle":0.303006,"grabStrength":0,"id":189,"palmNormal":[-0.109974,0.592153,0.798286],"palmPosition":[126.236,231.005,49.4914],"palmVelocity":[-3.91611,10.3249,5.58488],"palmWidth":83.544,"pinchDistance":56.2685,"pinchStrength":0,"r":[[0.989542,-0.144209,0.00337575],[0.143048,0.984053,0.105724],[-0.0185682,-0.104135,0.99439]],"s":1.09041,"sphereCenter":[87.2074,311.034,134.133],"sphereRadius":125.795,"stabilizedPalmPosition":[124.682,230.363,48.544],"t":[2.01216,0.36841,0.953765],"timeVisible":0.488079,"type":"right","wrist":[123.877,173.057,87.6966]}],"id":62447,"interactionBox":{"center":[0,200,0],"size":[235.247,235.247,147.751]},"pointables":[{"bases":[[[-0.305787,-0.406745,-0.860844],[0.857481,-0.510603,-0.0633344],[-0.413788,-0.757524,0.504912]],[[-0.206115,-0.228109,-0.951569],[0.90215,-0.420944,-0.0945029],[-0.379,-0.877936,0.292552]],[[-0.206115,-0.228109,-0.951569],[0.978526,-0.0495843,-0.200068],[-0.00154545,-0.972372,0.233431]],[[-0.206115,-0.228109,-0.951569],[0.940078,0.22376,-0.257266],[0.271607,-0.947575,0.16832]]],"btipPosition":[157.39,284.816,62.8741],"carpPosition":[145.797,193.867,87.1874],"dipPosition":[163.215,264.491,66.4845],"direction":[0.00154545,0.972372,-0.233431],"extended":false,"handId":189,"id":1890,"length":47.7656,"mcpPosition":[145.797,193.867,87.1874],"pipPosition":[163.167,234.105,73.779],"stabilizedTipPosition":[159.595,278.749,57.5422],"timeVisible":0.488079,"tipPosition":[161.21,279.01,62.1212],"tipVelocity":[-17.6493,10.6411,12.0522],"tool":false,"touchDistance":0.468426,"touchZone":"hovering","type":0,"width":17.446},{"bases":[[[-0.983277,0.0524843,-0.17439],[0.13029,-0.466318,-0.874969],[-0.127243,-0.883059,0.451682]],[[-0.990696,-0.0262368,-0.13354],[0.126881,-0.53293,-0.836592],[-0.049218,-0.845753,0.5313]],[[-0.990696,-0.0262368,-0.13354],[0.129908,-0.474766,-0.870472],[-0.0405618,-0.879721,0.473757]],[[-0.990696,-0.0262368,-0.13354],[0.132975,-0.395441,-0.908815],[-0.0289629,-0.918117,0.395251]]],"btipPosition":[152.082,317.311,-1.68716],"carpPosition":[140.196,190.494,66.4283],"dipPosition":[151.628,302.934,4.50218],"direction":[0.0405618,0.879721,-0.473757],"extended":true,"handId":189,"id":1891,"length":53.8982,"mcpPosition":[148.791,250.144,35.9175],"pipPosition":[150.729,283.446,14.9971],"stabilizedTipPosition":[151.651,312.91,-1.03447],"timeVisible":0.488079,"tipPosition":[149.652,315.43,2.98696],"tipVelocity":[-2.41807,13.125,10.537],"tool":false,"touchDistance":0.413186,"touchZone":"hovering","type":1,"width":16.6644},{"bases":[[[-0.999136,0.011419,0.0399705],[-0.0406452,-0.470006,-0.881727],[0.0087179,-0.882589,0.470064]],[[-0.998345,-0.0168384,0.0549967],[-0.0447957,-0.372125,-0.927101],[0.0360766,-0.92803,0.370755]],[[-0.998345,-0.0168384,0.0549967],[-0.0515056,-0.163855,-0.985139],[0.0255997,-0.986341,0.162716]],[[-0.998345,-0.0168384,0.0549967],[-0.0548215,-0.0106954,-0.998439],[0.0174004,-0.999801,0.00975454]]],"btipPosition":[126.353,331.291,11.9669],"carpPosition":[129.472,190.83,62.866],"dipPosition":[126.652,314.071,12.1349],"direction":[-0.0255997,0.986341,-0.162716],"extended":true,"handId":189,"id":1892,"length":61.4127,"mcpPosition":[128.913,247.367,32.7543],"pipPosition":[127.32,288.364,16.3757],"stabilizedTipPosition":[125.778,326.084,10.954],"timeVisible":0.488079,"tipPosition":[127.216,327.811,13.6745],"tipVelocity":[-6.76043,10.5101,4.38673],"tool":false,"touchDistance":0.425971,"touchZone":"hovering","type":2,"width":16.3667},{"bases":[[[-0.981037,-0.0831873,0.175062],[-0.111626,-0.495885,-0.861184],[0.15845,-0.864395,0.477195]],[[-0.984243,-0.0644165,0.164669],[-0.124496,-0.408859,-0.904066],[0.125563,-0.910321,0.394397]],[[-0.984243,-0.0644165,0.164669],[-0.142864,-0.259038,-0.955243],[0.104189,-0.963717,0.245754]],[[-0.984243,-0.0644165,0.164669],[-0.153964,-0.145746,-0.977268],[0.086952,-0.987223,0.133531]]],"btipPosition":[99.8277,319.6,10.1097],"carpPosition":[118.217,191.234,62.2317],"dipPosition":[101.317,302.694,12.3963],"direction":[-0.104189,0.963717,-0.245754],"extended":true,"handId":189,"id":1893,"length":59.0499,"mcpPosition":[109.104,240.949,34.7863],"pipPosition":[103.962,278.226,18.6359],"stabilizedTipPosition":[99.5429,314.371,9.56049],"timeVisible":0.488079,"tipPosition":[102.248,316.483,12.6322],"tipVelocity":[-4.1837,11.0605,8.81539],"tool":false,"touchDistance":0.424902,"touchZone":"hovering","type":3,"width":15.5739},{"bases":[[[-0.924084,-0.0995868,0.368986],[-0.248414,-0.577193,-0.777907],[0.290445,-0.810513,0.508636]],[[-0.923012,-0.102562,0.370851],[-0.267274,-0.52244,-0.809704],[0.276793,-0.846485,0.454806]],[[-0.923012,-0.102562,0.370851],[-0.300245,-0.410772,-0.860883],[0.240629,-0.905951,0.348353]],[[-0.923012,-0.102562,0.370851],[-0.320215,-0.329635,-0.888146],[0.213336,-0.938521,0.271415]]],"btipPosition":[74.5499,294.318,15.8227],"carpPosition":[106.667,192.667,68.1739],"dipPosition":[77.9202,279.492,20.1105],"direction":[-0.240629,0.905951,-0.348353],"extended":true,"handId":189,"id":1894,"length":46.294,"mcpPosition":[91.2038,235.819,41.0941],"pipPosition":[82.2337,263.252,26.355],"stabilizedTipPosition":[74.4534,289.254,15.6598],"timeVisible":0.488079,"tipPosition":[79.1519,291.965,17.649],"tipVelocity":[0.194346,13.6437,12.0344],"tool":false,"touchDistance":0.430562,"touchZone":"hovering","type":4,"width":13.834}],"r":[[0.989542,-0.144209,0.00337575],[0.143048,0.984053,0.105724],[-0.0185682,-0.104135,0.99439]],"s":1.09041,"t":[2.01216,0.36841,0.953765],"timestamp":630364808178},{"currentFrameRate":54.7481,"devices":[],"gestures":[],"hands":[{"armBasis":[[-0.951975,-0.289186,0.10057],[0.108891,-0.626782,-0.771549],[0.286156,-0.723544,0.628171]],"armWidth":55.9977,"confidence":1,"direction":[-0.020717,0.802386,-0.596446],"elbow":[194.656,-6.25209,243.398],"grabAngle":0.308344,"grabStrength":0,"id":189,"palmNormal":[-0.108069,0.591281,0.799192],"palmPosition":[126.144,231.094,49.5265],"palmVelocity":[-5.09221,4.92505,1.93914],"palmWidth":83.544,"pinchDistance":56.342,"pinchStrength":0,"r":[[0.989467,-0.144724,0.00313399],[0.143574,0.983906,0.106378],[-0.0184791,-0.104808,0.994321]],"s":1.08993,"sphereCenter":[87.7136,310.458,133.267],"sphereRadius":124.536,"stabilizedPalmPosition":[124.693,230.368,48.5511],"t":[1.94819,0.519511,1.02681],"timeVisible":0.506183,"type":"right","wrist":[123.716,173.118,87.671]}],"id":62448,"interactionBox":{"center":[0,200,0],"size":[235.247,235.247,147.751]},"pointables":[{"bases":[[[-0.307337,-0.404886,-0.861169],[0.856322,-0.512373,-0.0647108],[-0.415039,-0.757325,0.504184]],[[-0.206007,-0.223991,-0.95257],[0.903097,-0.418354,-0.0969344],[-0.376799,-0.880232,0.288469]],[[-0.206007,-0.223991,-0.95257],[0.97855,-0.0468743,-0.200604],[0.000282379,-0.973463,0.228843]],[[-0.206007,-0.223991,-0.95257],[0.939307,0.227648,-0.256669],[0.274342,-0.947631,0.163499]]],"btipPosition":[157.029,284.951,63.2762],"carpPosition":[145.653,193.861,87.1558],"dipPosition":[162.914,264.625,66.7833],"direction":[-0.000282379,0.973463,-0.228843],"extended":false,"handId":189,"id":1890,"length":47.7656,"mcpPosition":[145.653,193.861,87.1558],"pipPosition":[162.923,234.205,73.9344],"stabilizedTipPosition":[159.573,278.777,57.6595],"timeVisible":0.506183,"tipPosition":[161.139,279.047,62.2566],"tipVelocity":[-19.1516,7.44434,20.9018],"tool":false,"touchDistance":0.460593,"touchZone":"hovering","type":0,"width":17.446},{"bases":[[[-0.983296,0.0548584,-0.17355],[0.128599,-0.465385,-0.875716],[-0.128808,-0.883407,0.450556]],[[-0.990751,-0.0217369,-0.13394],[0.124902,-0.531832,-0.837588],[-0.0530269,-0.846571,0.529628]],[[-0.990751,-0.0217369,-0.13394],[0.128382,-0.469786,-0.873395],[-0.0439381,-0.882513,0.468231]],[[-0.990751,-0.0217369,-0.13394],[0.131852,-0.387385,-0.912441],[-0.0320526,-0.921662,0.386668]]],"btipPosition":[152.293,317.52,-1.32045],"carpPosition":[140.029,190.529,66.3963],"dipPosition":[151.792,303.087,4.73449],"direction":[0.0439381,0.882513,-0.468231],"extended":true,"handId":189,"id":1891,"length":53.8982,"mcpPosition":[148.73,250.203,35.9616],"pipPosition":[150.818,283.537,15.107],"stabilizedTipPosition":[151.677,312.973,-0.980326],"timeVisible":0.506183,"tipPosition":[149.751,315.509,3.06637],"tipVelocity":[11.0894,10.8171,18.5483],"tool":false,"touchDistance":0.410238,"touchZone":"hovering","type":1,"width":16.6644},{"bases":[[[-0.999077,0.0135302,0.0407653],[-0.0423497,-0.468693,-0.882346],[0.0071681,-0.883258,0.468833]],[[-0.998363,-0.0141235,0.0554204],[-0.0462953,-0.369396,-0.928118],[0.0335803,-0.929165,0.368138]],[[-0.998363,-0.0141235,0.0554204],[-0.0525028,-0.157932,-0.986053],[0.0226792,-0.987349,0.156932]],[[-0.998363,-0.0141235,0.0554204],[-0.0553667,-0.00416537,-0.998457],[0.0143325,-0.999892,0.00337658]]],"btipPosition":[126.522,331.475,12.3988],"carpPosition":[129.303,190.893,62.8429],"dipPosition":[126.769,314.254,12.457],"direction":[-0.0226792,0.987349,-0.156932],"extended":true,"handId":189,"id":1892,"length":61.4127,"mcpPosition":[128.844,247.474,32.8101],"pipPosition":[127.36,288.521,16.547],"stabilizedTipPosition":[125.793,326.111,10.9811],"timeVisible":0.506183,"tipPosition":[127.294,327.94,13.8193],"tipVelocity":[8.69307,10.1713,22.4626],"tool":false,"touchDistance":0.422807,"touchZone":"hovering","type":2,"width":16.3667},{"bases":[[[-0.981079,-0.0813026,0.175712],[-0.113371,-0.494446,-0.861783],[0.156945,-0.865398,0.475873]],[[-0.984267,-0.0624165,0.165295],[-0.126186,-0.406511,-0.90489],[0.123674,-0.911511,0.392239]],[[-0.984267,-0.0624165,0.165295],[-0.144427,-0.254695,-0.956175],[0.101781,-0.965005,0.241673]],[[-0.984267,-0.0624165,0.165295],[-0.155367,-0.139763,-0.97792],[0.0841406,-0.988216,0.127867]]],"btipPosition":[99.9324,319.845,10.4609],"carpPosition":[118.048,191.323,62.2179],"dipPosition":[101.373,302.922,12.6505],"direction":[-0.101781,0.965005,-0.241673],"extended":true,"handId":189,"id":1893,"length":59.0499,"mcpPosition":[109.022,241.095,34.8486],"pipPosition":[103.957,278.422,18.7865],"stabilizedTipPosition":[99.5559,314.399,9.58568],"timeVisible":0.506183,"tipPosition":[102.291,316.667,12.7845],"tipVelocity":[5.16828,13.3251,18.1691],"tool":false,"touchDistance":0.420679,"touchZone":"hovering","type":3,"width":15.5739},{"bases":[[[-0.924011,-0.0980947,0.369568],[-0.25027,-0.575573,-0.778512],[0.289081,-0.811846,0.507285]],[[-0.922627,-0.101951,0.371974],[-0.269444,-0.51969,-0.810754],[0.275969,-0.84825,0.45201]],[[-0.922627,-0.101951,0.371974],[-0.302613,-0.406606,-0.86203],[0.239132,-0.907897,0.344294]],[[-0.922627,-0.101951,0.371974],[-0.322805,-0.323699,-0.889391],[0.211082,-0.940651,0.265743]]],"btipPosition":[74.5509,294.621,16.1448],"carpPosition":[106.506,192.773,68.1711],"dipPosition":[77.8855,279.76,20.3429],"direction":[-0.239132,0.907897,-0.344294],"extended":true,"handId":189,"id":1894,"length":46.294,"mcpPosition":[91.1156,235.996,41.1632],"pipPosition":[82.1722,263.486,26.5148],"stabilizedTipPosition":[74.465,289.28,15.6793],"timeVisible":0.506183,"tipPosition":[79.1283,292.19,17.7983],"tipVelocity":[-0.399541,16.2812,16.6518],"tool":false,"touchDistance":0.425361,"touchZone":"hovering","type":4,"width":13.834}],"r":[[0.989467,-0.144724,0.00313399],[0.143574,0.983906,0.106378],[-0.0184791,-0.104808,0.994321]],"s":1.08993,"t":[1.94819,0.519511,1.02681],"timestamp":630364826282},{"currentFrameRate":54.8233,"devices":[],"gestures":[],"hands":[{"armBasis":[[-0.951658,-0.289308,0.103192],[0.10727,-0.627834,-0.77092],[0.287821,-0.722583,0.628517]],"armWidth":55.9977,"confidence":1,"direction":[-0.0200608,0.803508,-0.594957],"elbow":[194.926,-5.95926,243.45],"grabAngle":0.310329,"grabStrength":0,"id":189,"palmNormal":[-0.10643,0.589979,0.800373],"palmPosition":[126.031,231.192,49.5748],"palmVelocity":[-6.26581,5.47447,2.68639],"palmWidth":83.544,"pinchDistance":56.4308,"pinchStrength":0,"r":[[0.989364,-0.145436,0.00270232],[0.144311,0.983705,0.107235],[-0.0182542,-0.105705,0.99423]],"s":1.08976,"sphereCenter":[88.5028,309.255,130.924],"sphereRadius":121.843,"stabilizedPalmPosition":[124.703,230.374,48.5587],"t":[1.85988,0.644271,1.08749],"timeVisible":0.524161,"type":"right","wrist":[123.574,173.173,87.6374]}],"id":62449,"interactionBox":{"center":[0,200,0],"size":[235.247,235.247,147.751]},"pointables":[{"bases":[[[-0.308751,-0.402844,-0.86162],[0.855486,-0.513545,-0.0664489],[-0.415712,-0.75762,0.503185]],[[-0.206282,-0.220275,-0.953376],[0.904073,-0.415612,-0.0995887],[-0.374298,-0.882465,0.284878]],[[-0.206282,-0.220275,-0.953376],[0.978487,-0.0432259,-0.201728],[0.00322508,-0.97448,0.224453]],[[-0.206282,-0.220275,-0.953376],[0.93844,0.231372,-0.256508],[0.277087,-0.9476,0.158987]]],"btipPosition":[156.63,285.085,63.6367],"carpPosition":[145.519,193.862,87.1176],"dipPosition":[162.574,264.759,67.0469],"direction":[-0.00322508,0.97448,-0.224453],"extended":false,"handId":189,"id":1890,"length":47.7656,"mcpPosition":[145.519,193.862,87.1176],"pipPosition":[162.674,234.307,74.0609],"stabilizedTipPosition":[159.548,278.802,57.7642],"timeVisible":0.524161,"tipPosition":[161.021,279.108,62.4193],"tipVelocity":[-21.4571,7.44225,18.8095],"tool":false,"touchDistance":0.452939,"touchZone":"hovering","type":0,"width":17.446},{"bases":[[[-0.983373,0.0566599,-0.17253],[0.127079,-0.463974,-0.876686],[-0.129722,-0.884035,0.449059]],[[-0.990789,-0.0177031,-0.13425],[0.122988,-0.532489,-0.837454],[-0.0566611,-0.846252,0.529762]],[[-0.990789,-0.0177031,-0.13425],[0.1268,-0.469209,-0.873936],[-0.0475199,-0.882909,0.467132]],[[-0.990789,-0.0177031,-0.13425],[0.130649,-0.385611,-0.913365],[-0.0355988,-0.922492,0.384372]]],"btipPosition":[152.475,317.618,-1.20324],"carpPosition":[139.871,190.576,66.3573],"dipPosition":[151.918,303.172,4.81574],"direction":[0.0475199,0.882909,-0.467132],"extended":true,"handId":189,"id":1891,"length":53.8982,"mcpPosition":[148.634,250.292,36.0238],"pipPosition":[150.865,283.614,15.164],"stabilizedTipPosition":[151.709,313.035,-0.925687],"timeVisible":0.524161,"tipPosition":[149.76,315.637,3.20279],"tipVelocity":[9.38604,5.30395,6.05977],"tool":false,"touchDistance":0.404182,"touchZone":"hovering","type":1,"width":16.6644},{"bases":[[[-0.999017,0.0149631,0.041724],[-0.0438801,-0.467011,-0.883162],[0.00627078,-0.884125,0.467209]],[[-0.998376,-0.0116384,0.0557589],[-0.0475748,-0.367929,-0.928636],[0.0313232,-0.929781,0.366778]],[[-0.998376,-0.0116384,0.0557589],[-0.0533259,-0.153106,-0.98677],[0.0200215,-0.988141,0.152237]],[[-0.998376,-0.0116384,0.0557589],[-0.0558094,0.00405807,-0.998433],[0.0113939,-0.999924,-0.00470101]]],"btipPosition":[126.638,331.648,12.7961],"carpPosition":[129.142,190.963,62.8146],"dipPosition":[126.835,314.426,12.7152],"direction":[-0.0200215,0.988141,-0.152237],"extended":true,"handId":189,"id":1892,"length":61.4127,"mcpPosition":[128.74,247.599,32.8859],"pipPosition":[127.356,288.673,16.6828],"stabilizedTipPosition":[125.803,326.128,11.0012],"timeVisible":0.524161,"tipPosition":[127.288,328.097,14.0291],"tipVelocity":[5.81052,9.63515,20.3213],"tool":false,"touchDistance":0.41934,"touchZone":"hovering","type":2,"width":16.3667},{"bases":[[[-0.981036,-0.0801438,0.17648],[-0.114921,-0.492695,-0.86258],[0.156081,-0.866504,0.474141]],[[-0.984298,-0.060638,0.165773],[-0.127466,-0.405488,-0.90517],[0.122107,-0.912087,0.391391]],[[-0.984298,-0.060638,0.165773],[-0.145516,-0.252839,-0.956503],[0.0999144,-0.965606,0.240046]],[[-0.984298,-0.060638,0.165773],[-0.156427,-0.135463,-0.978356],[0.0817817,-0.988925,0.12385]]],"btipPosition":[99.9731,320.047,10.6884],"carpPosition":[117.887,191.411,62.2009],"dipPosition":[101.374,303.112,12.8092],"direction":[-0.0999144,0.965606,-0.240046],"extended":true,"handId":189,"id":1893,"length":59.0499,"mcpPosition":[108.911,241.247,34.9312],"pipPosition":[103.91,278.596,18.9038],"stabilizedTipPosition":[99.5661,314.423,9.60768],"timeVisible":0.524161,"tipPosition":[102.266,316.866,13.0051],"tipVelocity":[1.75262,11.0855,11.7718],"tool":false,"touchDistance":0.415119,"touchZone":"hovering","type":3,"width":15.5739},{"bases":[[[-0.923814,-0.097377,0.370252],[-0.251865,-0.573767,-0.77933],[0.288327,-0.813209,0.505528]],[[-0.922311,-0.101579,0.372859],[-0.270566,-0.519169,-0.810714],[0.275928,-0.848613,0.451352]],[[-0.922311,-0.101579,0.372859],[-0.303676,-0.406212,-0.861843],[0.239005,-0.908115,0.343807]],[[-0.922311,-0.101579,0.372859],[-0.324027,-0.322507,-0.889379],[0.210592,-0.941101,0.264538]]],"btipPosition":[74.4492,294.81,16.2839],"carpPosition":[106.353,192.867,68.1676],"dipPosition":[77.7761,279.943,20.463],"direction":[-0.239005,0.908