{"frames":57,"data":[{"currentFrameRate":55.2727,"devices":[],"gestures":[],"hands":[{"armBasis":[[0.691598,-0.000197729,-0.722283],[0.415673,0.817912,0.397789],[0.590685,-0.575344,0.565748]],"armWidth":55.9977,"confidence":1,"direction":[-0.282072,0.847941,-0.448811],"elbow":[55.6523,66.9218,249.694],"grabAngle":0.0441662,"grabStrength":0,"id":191,"palmNormal":[-0.575341,-0.523859,-0.628136],"palmPosition":[-121.282,264.532,78.8475],"palmVelocity":[-1.08103,-8.27417,1.66211],"palmWidth":83.544,"pinchDistance":53.4928,"pinchStrength":0,"r":[[0.744018,-0.138673,0.653611],[-0.0812814,0.952176,0.294542],[-0.663198,-0.272271,0.697164]],"s":0.895197,"sphereCenter":[-82.0372,335.216,83.7132],"sphereRadius":83.8673,"stabilizedPalmPosition":[-121.743,265.247,79.2412],"t":[-12.4422,76.2648,-37.7887],"timeVisible":2.81993,"type":"right","wrist":[-90.7815,209.552,109.442]}],"id":63563,"interactionBox":{"center":[0,200,0],"size":[235.247,235.247,147.751]},"pointables":[{"bases":[[[0.768494,0.601404,0.218472],[-0.250486,-0.0314236,0.96761],[0.58879,-0.798327,0.126495]],[[0.683013,0.702596,0.19963],[-0.249429,-0.0325189,0.967847],[0.686497,-0.710845,0.153037]],[[0.683013,0.702596,0.19963],[-0.543729,0.306595,0.781254],[0.487701,-0.642151,0.59143]],[[0.683013,0.702596,0.19963],[-0.685671,0.522586,0.506714],[0.251692,-0.482972,0.838683]]],"btipPosition":[-176.659,281.269,67.4763],"carpPosition":[-124.556,218.263,110.962],"dipPosition":[-171.26,270.91,85.4659],"direction":[-0.487701,0.642151,-0.59143],"extended":false,"handId":191,"id":1910,"length":47.7656,"mcpPosition":[-124.556,218.263,110.962],"pipPosition":[-156.02,250.843,103.948],"stabilizedTipPosition":[-175.986,279.277,71.7188],"timeVisible":2.81993,"tipPosition":[-178.981,277.079,71.675],"tipVelocity":[0.805357,-11.8827,-1.9273],"tool":false,"touchDistance":0.333307,"touchZone":"hovering","type":0,"width":17.446},{"bases":[[[0.67169,-0.151818,-0.72511],[0.631815,0.628476,0.453682],[0.386837,-0.762869,0.518062]],[[0.685028,-0.178865,-0.706218],[0.643833,0.602257,0.471981],[0.340904,-0.778006,0.527722]],[[0.685028,-0.178865,-0.706218],[0.635147,0.621438,0.458697],[0.356826,-0.762773,0.539308]],[[0.685028,-0.178865,-0.706218],[0.625552,0.641265,0.444369],[0.373391,-0.746181,0.551174]]],"btipPosition":[-158.418,353.486,25.8867],"carpPosition":[-102.847,237.517,105.935],"dipPosition":[-151.987,340.634,35.3797],"direction":[-0.356826,0.762773,-0.539308],"extended":true,"handId":191,"id":1912,"length":61.4127,"mcpPosition":[-127.627,286.385,72.7484],"pipPosition":[-142.687,320.755,49.4355],"stabilizedTipPosition":[-157.583,351.38,28.9196],"timeVisible":2.81993,"tipPosition":[-158.799,349.258,27.9554],"tipVelocity":[-7.26521,-7.20736,7.67636],"tool":false,"touchDistance":0.067333,"touchZone":"hovering","type":2,"width":16.3667},{"bases":[[[0.671742,-0.309368,-0.673093],[0.690199,0.591385,0.417001],[0.26905,-0.744685,0.610783]],[[0.643581,-0.238239,-0.727356],[0.700818,0.565439,0.434895],[0.307666,-0.789634,0.530867]],[[0.643581,-0.238239,-0.727356],[0.6941,0.582143,0.42348],[0.322536,-0.777401,0.540017]],[[0.643581,-0.238239,-0.727356],[0.682976,0.607705,0.405264],[0.345468,-0.757586,0.553819]]],"btipPosition":[-137.254,344.783,17.7188],"carpPosition":[-95.0764,236.907,97.7806],"dipPosition":[-131.338,331.809,27.2025],"direction":[-0.322536,0.777401,-0.540017],"extended":true,"handId":191,"id":1913,"length":59.0499,"mcpPosition":[-110.55,279.736,62.6521],"pipPosition":[-123.149,312.072,40.9132],"stabilizedTipPosition":[-136.583,342.764,20.7381],"timeVisible":2.81993,"tipPosition":[-137.394,340.185,18.9222],"tipVelocity":[-5.99737,-3.89387,8.82419],"tool":false,"touchDistance":0.0872717,"touchZone":"hovering","type":3,"width":15.5739},{"bases":[[[0.57503,-0.486911,-0.657463],[0.807317,0.467937,0.359546],[0.132585,-0.737531,0.66217]],[[0.541177,-0.344135,-0.767267],[0.812399,0.449535,0.371384],[0.217108,-0.824311,0.522853]],[[0.541177,-0.344135,-0.767267],[0.802737,0.483203,0.349468],[0.250481,-0.805038,0.537748]],[[0.541177,-0.344135,-0.767267],[0.790952,0.518119,0.325495],[0.285522,-0.783022,0.552589]]],"btipPosition":[-113.137,323.387,16.9311],"carpPosition":[-90.0419,230.606,87.4987],"dipPosition":[-108.627,311.017,25.6608],"direction":[-0.250481,0.805038,-0.537748],"extended":true,"handId":191,"id":1914,"length":46.294,"mcpPosition":[-97.1008,269.872,52.2448],"pipPosition":[-104.137,296.586,35.3005],"stabilizedTipPosition":[-112.756,321.622,19.6736],"timeVisible":2.81993,"tipPosition":[-117.006,315.85,16.4545],"tipVelocity":[-4.78251,-1.15575,9.11528],"tool":false,"touchDistance":0.120588,"touchZone":"hovering","type":4,"width":13.834},{"bases":[[[0.709477,0.0624813,-0.701954],[0.508605,0.64408,0.571386],[0.487815,-0.762402,0.425182]],[[0.79797,-0.103376,-0.593765],[0.510544,0.639501,0.574789],[0.320294,-0.761808,0.563081]],[[0.79797,-0.103376,-0.593765],[0.501695,0.659871,0.55935],[0.333985,-0.744234,0.57842]],[[0.79797,-0.103376,-0.593765],[0.482778,0.69939,0.527047],[0.36079,-0.707225,0.608]]],"btipPosition":[-169.924,344.457,39.8955],"carpPosition":[-111.313,235.399,113.122],"dipPosition":[-164.275,333.382,49.4164],"direction":[-0.333985,0.744234,-0.57842],"extended":true,"handId":191,"id":1911,"length":53.8982,"mcpPosition":[-144.264,286.898,84.4017],"pipPosition":[-156.876,316.895,62.2299],"stabilizedTipPosition":[-169.174,342.751,42.9557],"timeVisible":2.81993,"tipPosition":[-173.089,339.592,42.5497],"tipVelocity":[-7.29813,-11.1043,4.30348],"tool":false,"touchDistance":0.333398,"touchZone":"hovering","type":1,"width":16.6644}],"r":[[0.744018,-0.138673,0.653611],[-0.0812814,0.952176,0.294542],[-0.663198,-0.272271,0.697164]],"s":0.895197,"t":[-12.4422,76.2648,-37.7887],"timestamp":630385108284},{"currentFrameRate":55.2672,"devices":[],"gestures":[],"hands":[{"armBasis":[[0.692729,0.000462326,-0.721198],[0.414777,0.817812,0.398928],[0.589989,-0.575485,0.56633]],"armWidth":55.9977,"confidence":1,"direction":[-0.282321,0.849027,-0.446595],"elbow":[55.4985,66.6172,249.752],"grabAngle":0.0443204,"grabStrength":0,"id":191,"palmNormal":[-0.575242,-0.52238,-0.629457],"palmPosition":[-121.271,264.323,78.8838],"palmVelocity":[0.598954,-11.538,2.00353],"palmWidth":83.544,"pinchDistance":53.4283,"pinchStrength":0,"r":[[0.744023,-0.138799,0.653578],[-0.0815042,0.952026,0.294964],[-0.663164,-0.272729,0.697017]],"s":0.894716,"sphereCenter":[-82.5764,334.232,83.1754],"sphereRadius":82.9586,"stabilizedPalmPosition":[-121.733,265.228,79.2339],"t":[-12.4383,76.12,-37.7517],"timeVisible":2.83804,"type":"right","wrist":[-90.7626,209.283,109.356]}],"id":63564,"interactionBox":{"center":[0,200,0],"size":[235.247,235.247,147.751]},"pointables":[{"bases":[[[0.76835,0.601037,0.219984],[-0.250419,-0.0339968,0.96754],[0.589007,-0.798498,0.12439]],[[0.683164,0.701921,0.201481],[-0.250136,-0.0342903,0.967603],[0.68609,-0.711429,0.15215]],[[0.683164,0.701921,0.201481],[-0.544251,0.305428,0.781348],[0.486907,-0.643444,0.590679]],[[0.683164,0.701921,0.201481],[-0.685833,0.521924,0.507177],[0.250841,-0.484667,0.83796]]],"btipPosition":[-176.572,281.08,67.4724],"carpPosition":[-124.531,217.97,110.878],"dipPosition":[-171.192,270.684,85.4465],"direction":[-0.486907,0.643444,-0.590679],"extended":false,"handId":191,"id":1910,"length":47.7656,"mcpPosition":[-124.531,217.97,110.878],"pipPosition":[-155.976,250.577,103.905],"stabilizedTipPosition":[-175.971,279.264,71.7162],"timeVisible":2.83804,"tipPosition":[-178.947,276.888,71.7463],"tipVelocity":[4.55259,-10.9183,-0.411694],"tool":false,"touchDistance":0.333326,"touchZone":"hovering","type":0,"width":17.446},{"bases":[[[0.671685,-0.149762,-0.725541],[0.631678,0.627464,0.455272],[0.387068,-0.764108,0.51606]],[[0.685042,-0.176875,-0.706705],[0.643519,0.601622,0.473217],[0.341469,-0.778952,0.525959]],[[0.685042,-0.176875,-0.706705],[0.634822,0.62082,0.459982],[0.357377,-0.763739,0.537572]],[[0.685042,-0.176875,-0.706705],[0.62528,0.640538,0.445798],[0.373821,-0.747279,0.549392]]],"btipPosition":[-158.46,353.377,26.1339],"carpPosition":[-102.827,237.242,105.9],"dipPosition":[-152.021,340.506,35.5962],"direction":[-0.357377,0.763739,-0.537572],"extended":true,"handId":191,"id":1912,"length":61.4127,"mcpPosition":[-127.622,286.19,72.8417],"pipPosition":[-142.707,320.601,49.6067],"stabilizedTipPosition":[-157.578,351.372,28.9143],"timeVisible":2.83804,"tipPosition":[-158.808,349.174,28.2139],"tipVelocity":[-2.22485,-6.26052,13.2555],"tool":false,"touchDistance":0.0713346,"touchZone":"hovering","type":2,"width":16.3667},{"bases":[[[0.671782,-0.307447,-0.673933],[0.690069,0.590483,0.418491],[0.269282,-0.746195,0.608835]],[[0.643589,-0.236162,-0.728025],[0.700537,0.564902,0.436042],[0.308287,-0.790641,0.529005]],[[0.643589,-0.236162,-0.728025],[0.693809,0.581621,0.424671],[0.323144,-0.778424,0.538176]],[[0.643589,-0.236162,-0.728025],[0.682697,0.607147,0.406568],[0.346002,-0.758683,0.55198]]],"btipPosition":[-137.298,344.704,17.9484],"carpPosition":[-95.0571,236.656,97.7437],"dipPosition":[-131.373,331.712,27.4006],"direction":[-0.323144,0.778424,-0.538176],"extended":true,"handId":191,"id":1913,"length":59.0499,"mcpPosition":[-110.545,279.572,62.7272],"pipPosition":[-123.169,311.949,41.0646],"stabilizedTipPosition":[-136.579,342.757,20.734],"timeVisible":2.83804,"tipPosition":[-137.403,340.131,19.1583],"tipVelocity":[-2.31851,-4.55777,12.2759],"tool":false,"touchDistance":0.0909776,"touchZone":"hovering","type":3,"width":15.5739},{"bases":[[[0.575118,-0.485055,-0.658758],[0.807217,0.467215,0.360709],[0.132818,-0.73921,0.660248]],[[0.541137,-0.341715,-0.768376],[0.812186,0.449246,0.3722],[0.218004,-0.825475,0.520639]],[[0.541137,-0.341715,-0.768376],[0.802551,0.482755,0.350512],[0.251162,-0.806336,0.53548]],[[0.541137,-0.341715,-0.768376],[0.790821,0.517498,0.3268],[0.285961,-0.784491,0.550273]]],"btipPosition":[-113.178,323.338,17.1288],"carpPosition":[-90.0217,230.383,87.4452],"dipPosition":[-108.66,310.944,25.822],"direction":[-0.251162,0.806336,-0.53548],"extended":true,"handId":191,"id":1914,"length":46.294,"mcpPosition":[-97.0929,269.738,52.2935],"pipPosition":[-104.158,296.49,35.421],"stabilizedTipPosition":[-112.753,321.616,19.671],"timeVisible":2.83804,"tipPosition":[-117.002,315.813,16.6292],"tipVelocity":[-2.13974,-3.02857,10.4536],"tool":false,"touchDistance":0.123743,"touchZone":"hovering","type":4,"width":13.834},{"bases":[[[0.709418,0.0644861,-0.701832],[0.508471,0.64273,0.573023],[0.488041,-0.763374,0.423175]],[[0.798094,-0.10194,-0.593847],[0.510208,0.638624,0.576062],[0.320521,-0.762737,0.561693]],[[0.798094,-0.10194,-0.593847],[0.501472,0.658753,0.560866],[0.334023,-0.745421,0.576867]],[[0.798094,-0.10194,-0.593847],[0.48271,0.69803,0.528909],[0.360606,-0.708775,0.606301]]],"btipPosition":[-169.926,344.314,40.1068],"carpPosition":[-111.292,235.104,113.082],"dipPosition":[-164.279,333.215,49.601],"direction":[-0.334023,0.745421,-0.576867],"extended":true,"handId":191,"id":1911,"length":53.8982,"mcpPosition":[-144.259,286.669,84.4973],"pipPosition":[-156.879,316.702,62.3802],"stabilizedTipPosition":[-169.167,342.739,42.9475],"timeVisible":2.83804,"tipPosition":[-173.088,339.47,42.7823],"tipVelocity":[-0.122583,-8.16616,11.3261],"tool":false,"touchDistance":0.33349,"touchZone":"hovering","type":1,"width":16.6644}],"r":[[0.744023,-0.138799,0.653578],[-0.0815042,0.952026,0.294964],[-0.663164,-0.272729,0.697017]],"s":0.894716,"t":[-12.4383,76.12,-37.7517],"timestamp":630385126397},{"currentFrameRate":55.2751,"devices":[],"gestures":[],"hands":[{"armBasis":[[0.693786,0.00172978,-0.720179],[0.413515,0.817769,0.400324],[0.589632,-0.575544,0.566641]],"armWidth":55.9977,"confidence":1,"direction":[-0.28307,0.848423,-0.447269],"elbow":[55.4681,66.4529,249.849],"grabAngle":0.0425734,"grabStrength":0,"id":191,"palmNormal":[-0.573392,-0.523529,-0.63019],"palmPosition":[-121.254,264.123,78.85],"palmVelocity":[0.978672,-11.0615,-1.87108],"palmWidth":83.544,"pinchDistance":53.3989,"pinchStrength":0,"r":[[0.743875,-0.138612,0.653787],[-0.0820949,0.951895,0.295222],[-0.663258,-0.27328,0.696711]],"s":0.894199,"sphereCenter":[-81.3212,335.51,84.3451],"sphereRadius":84.7651,"stabilizedPalmPosition":[-121.723,265.205,79.2257],"t":[-12.4275,75.9477,-37.7501],"timeVisible":2.85611,"type":"right","wrist":[-90.7047,209.133,109.376]}],"id":63565,"interactionBox":{"center":[0,200,0],"size":[235.247,235.247,147.751]},"pointables":[{"bases":[[[0.766994,0.602398,0.220991],[-0.251845,-0.0341478,0.967165],[0.590164,-0.797465,0.12552]],[[0.682435,0.702337,0.2025],[-0.251364,-0.0346462,0.967272],[0.686367,-0.711001,0.152899]],[[0.682435,0.702337,0.2025],[-0.545741,0.305278,0.780367],[0.486261,-0.643062,0.591626]],[[0.682435,0.702337,0.2025],[-0.686958,0.521606,0.50598],[0.249743,-0.484408,0.838438]]],"btipPosition":[-176.494,280.847,67.3726],"carpPosition":[-124.484,217.774,110.853],"dipPosition":[-171.137,270.456,85.3569],"direction":[-0.486261,0.643062,-0.591626],"extended":false,"handId":191,"id":1910,"length":47.7656,"mcpPosition":[-124.484,217.774,110.853],"pipPosition":[-155.942,250.361,103.845],"stabilizedTipPosition":[-175.955,279.246,71.7117],"timeVisible":2.85611,"tipPosition":[-178.916,276.6,71.6198],"tipVelocity":[4.01807,-12.8483,-5.39579],"tool":false,"touchDistance":0.333252,"touchZone":"hovering","type":0,"width":17.446},{"bases":[[[0.67305,-0.148831,-0.724468],[0.629917,0.628659,0.456061],[0.387567,-0.763307,0.51687]],[[0.686611,-0.176307,-0.705324],[0.641816,0.602722,0.474128],[0.341522,-0.77823,0.526992]],[[0.686611,-0.176307,-0.705324],[0.633483,0.621123,0.461416],[0.356742,-0.763624,0.538157]],[[0.686611,-0.176307,-0.705324],[0.624154,0.640447,0.447504],[0.372824,-0.747492,0.54978]]],"btipPosition":[-158.438,353.133,26.0166],"carpPosition":[-102.805,237.081,105.902],"dipPosition":[-152.017,340.259,35.4856],"direction":[-0.356742,0.763624,-0.538157],"extended":true,"handId":191,"id":1912,"length":61.4127,"mcpPosition":[-127.632,285.978,72.792],"pipPosition":[-142.719,320.357,49.5113],"stabilizedTipPosition":[-157.572,351.359,28.9069],"timeVisible":2.85611,"tipPosition":[-158.847,348.903,28.099],"tipVelocity":[0.963458,-13.528,-6.40945],"tool":false,"touchDistance":0.0694049,"touchZone":"hovering","type":2,"width":16.3667},{"bases":[[[0.673334,-0.3065,-0.672814],[0.688428,0.591766,0.41938],[0.269609,-0.745567,0.609459]],[[0.645146,-0.235377,-0.726901],[0.698984,0.566017,0.437088],[0.308558,-0.790077,0.529688]],[[0.645146,-0.235377,-0.726901],[0.692475,0.582183,0.426076],[0.322901,-0.778242,0.538586]],[[0.645146,-0.235377,-0.726901],[0.681546,0.60732,0.408236],[0.345372,-0.758788,0.55223]]],"btipPosition":[-137.276,344.492,17.884],"carpPosition":[-95.0217,236.505,97.7579],"dipPosition":[-131.362,331.498,27.3406],"direction":[-0.322901,0.778242,-0.538586],"extended":true,"handId":191,"id":1913,"length":59.0499,"mcpPosition":[-110.528,279.386,62.7055],"pipPosition":[-123.163,311.739,41.0149],"stabilizedTipPosition":[-136.573,342.745,20.7276],"timeVisible":2.85611,"tipPosition":[-137.417,339.892,19.0818],"tipVelocity":[1.10804,-11.7676,-3.50639],"tool":false,"touchDistance":0.089922,"touchZone":"hovering","type":3,"width":15.5739},{"bases":[[[0.576947,-0.484267,-0.657737],[0.805872,0.468681,0.361813],[0.133055,-0.738799,0.660661]],[[0.542794,-0.340681,-0.767666],[0.810945,0.450393,0.373516],[0.218502,-0.825277,0.520744]],[[0.542794,-0.340681,-0.767666],[0.801482,0.483282,0.35223],[0.251002,-0.806458,0.535372]],[[0.542794,-0.340681,-0.767666],[0.789905,0.517629,0.328801],[0.28535,-0.784855,0.550071]]],"btipPosition":[-113.132,323.173,17.1323],"carpPosition":[-89.9598,230.238,87.4689],"dipPosition":[-108.624,310.774,25.8223],"direction":[-0.251002,0.806458,-0.535372],"extended":true,"handId":191,"id":1914,"length":46.294,"mcpPosition":[-97.0437,269.572,52.2953],"pipPosition":[-104.125,296.317,35.4194],"stabilizedTipPosition":[-112.748,321.606,19.6667],"timeVisible":2.85611,"tipPosition":[-116.957,315.622,16.5975],"tipVelocity":[2.40381,-9.20199,0.152783],"tool":false,"touchDistance":0.123789,"touchZone":"hovering","type":4,"width":13.834},{"bases":[[[0.710383,0.065488,-0.700762],[0.506504,0.64375,0.573619],[0.488681,-0.762428,0.42414]],[[0.799556,-0.101652,-0.591926],[0.50834,0.639407,0.576844],[0.319844,-0.762119,0.562916]],[[0.799556,-0.101652,-0.591926],[0.500082,0.658492,0.562412],[0.332608,-0.745691,0.577336]],[[0.799556,-0.101652,-0.591926],[0.481572,0.697442,0.53072],[0.358885,-0.709396,0.606597]]],"btipPosition":[-169.869,344.068,39.9682],"carpPosition":[-111.277,234.93,113.072],"dipPosition":[-164.25,332.96,49.4671],"direction":[-0.332608,0.745691,-0.577336],"extended":true,"handId":191,"id":1911,"length":53.8982,"mcpPosition":[-144.287,286.432,84.4219],"pipPosition":[-156.881,316.441,62.2566],"stabilizedTipPosition":[-169.159,342.723,42.9373],"timeVisible":2.85611,"tipPosition":[-173.107,339.19,42.644],"tipVelocity":[2.77378,-13.7288,-7.61162],"tool":false,"touchDistance":0.333227,"touchZone":"hovering","type":1,"width":16.6644}],"r":[[0.743875,-0.138612,0.653787],[-0.0820949,0.951895,0.295222],[-0.663258,-0.27328,0.696711]],"s":0.894199,"t":[-12.4275,75.9477,-37.7501],"timestamp":630385144461},{"currentFrameRate":55.2757,"devices":[],"gestures":[],"hands":[{"armBasis":[[0.693302,-0.000134317,-0.720647],[0.414538,0.818066,0.398656],[0.589483,-0.575125,0.567222]],"armWidth":55.9977,"confidence":1,"direction":[-0.282066,0.84885,-0.447093],"elbow":[55.5047,66.1248,249.893],"grabAngle":0.042567,"grabStrength":0,"id":191,"palmNormal":[-0.574967,-0.522621,-0.629508],"palmPosition":[-121.12,263.728,78.7617],"palmVelocity":[7.3581,-21.8351,-4.87935],"palmWidth":83.544,"pinchDistance":53.3938,"pinchStrength":0,"r":[[0.743845,-0.138701,0.653801],[-0.0821737,0.951828,0.295418],[-0.663281,-0.27347,0.696615]],"s":0.893801,"sphereCenter":[-81.4024,334.439,83.5614],"sphereRadius":84.0766,"stabilizedPalmPosition":[-121.71,265.171,79.2152],"t":[-12.3556,75.6641,-37.7934],"timeVisible":2.87419,"type":"right","wrist":[-90.6312,208.701,109.276]}],"id":63566,"interactionBox":{"center":[0,200,0],"size":[235.247,235.247,147.751]},"pointables":[{"bases":[[[0.768274,0.601094,0.220093],[-0.250882,-0.0335709,0.967435],[0.588908,-0.798473,0.125012]],[[0.684211,0.700822,0.201754],[-0.25005,-0.0344371,0.96762],[0.685077,-0.712505,0.151678]],[[0.684211,0.700822,0.201754],[-0.543821,0.305971,0.781435],[0.485916,-0.644384,0.59047]],[[0.684211,0.700822,0.201754],[-0.685088,0.522818,0.507264],[0.250021,-0.485294,0.837842]]],"btipPosition":[-176.344,280.591,67.3993],"carpPosition":[-124.398,217.389,110.774],"dipPosition":[-170.981,270.182,85.3708],"direction":[-0.485916,0.644384,-0.59047],"extended":false,"handId":191,"id":1910,"length":47.7656,"mcpPosition":[-124.398,217.389,110.774],"pipPosition":[-155.797,250.045,103.823],"stabilizedTipPosition":[-175.935,279.222,71.7075],"timeVisible":2.87419,"tipPosition":[-178.752,276.313,71.5903],"tipVelocity":[8.37893,-14.3636,1.31443],"tool":false,"touchDistance":0.333347,"touchZone":"hovering","type":0,"width":17.446},{"bases":[[[0.672024,-0.150106,-0.725157],[0.631492,0.627627,0.455304],[0.386784,-0.763906,0.516571]],[[0.685745,-0.177996,-0.705742],[0.643236,0.601943,0.473194],[0.34059,-0.778449,0.527272]],[[0.685745,-0.177996,-0.705742],[0.634988,0.620213,0.460572],[0.35573,-0.763972,0.538333]],[[0.685745,-0.177996,-0.705742],[0.625758,0.639397,0.446764],[0.371727,-0.74799,0.549846]]],"btipPosition":[-158.187,352.776,25.9138],"carpPosition":[-102.69,236.658,105.798],"dipPosition":[-151.785,339.893,35.3839],"direction":[-0.35573,0.763972,-0.538333],"extended":true,"handId":191,"id":1912,"length":61.4127,"mcpPosition":[-127.467,285.593,72.7073],"pipPosition":[-142.513,319.982,49.4142],"stabilizedTipPosition":[-157.56,351.338,28.8957],"timeVisible":2.87419,"tipPosition":[-158.614,348.57,28.0383],"tipVelocity":[13.6486,-19.8694,-5.66759],"tool":false,"touchDistance":0.0676962,"touchZone":"hovering","type":2,"width":16.3667},{"bases":[[[0.672088,-0.307768,-0.673481],[0.689899,0.590628,0.418567],[0.268955,-0.745948,0.609283]],[[0.644069,-0.236843,-0.727379],[0.700393,0.564943,0.436222],[0.307611,-0.790408,0.529745]],[[0.644069,-0.236843,-0.727379],[0.693942,0.581022,0.425275],[0.3219,-0.778665,0.538573]],[[0.644069,-0.236843,-0.727379],[0.683038,0.606189,0.407425],[0.344434,-0.759237,0.5522]]],"btipPosition":[-137.053,344.108,17.7808],"carpPosition":[-94.9167,236.068,97.646],"dipPosition":[-131.155,331.107,27.2368],"direction":[-0.3219,0.778665,-0.538573],"extended":true,"handId":191,"id":1913,"length":59.0499,"mcpPosition":[-110.385,278.97,62.6037],"pipPosition":[-122.982,311.337,40.9108],"stabilizedTipPosition":[-136.562,342.725,20.7178],"timeVisible":2.87419,"tipPosition":[-137.212,339.52,19.0012],"tipVelocity":[12.1136,-21.3254,-5.71563],"tool":false,"touchDistance":0.0881988,"touchZone":"hovering","type":3,"width":15.5739},{"bases":[[[0.575408,-0.485364,-0.658276],[0.807068,0.46733,0.360894],[0.132467,-0.738935,0.660627]],[[0.541476,-0.342036,-0.767994],[0.81213,0.44899,0.372631],[0.217368,-0.825481,0.520895]],[[0.541476,-0.342036,-0.767994],[0.802689,0.481961,0.35129],[0.249989,-0.806675,0.535519]],[[0.541476,-0.342036,-0.767994],[0.7912,0.516194,0.327944],[0.284265,-0.78521,0.550126]]],"btipPosition":[-112.946,322.748,17.0093],"carpPosition":[-89.8766,229.79,87.3525],"dipPosition":[-108.455,310.343,25.7001],"direction":[-0.249989,0.806675,-0.535519],"extended":true,"handId":191,"id":1914,"length":46.294,"mcpPosition":[-96.9292,269.131,52.1807],"pipPosition":[-103.974,295.883,35.2998],"stabilizedTipPosition":[-112.739,321.587,19.6594],"timeVisible":2.87419,"tipPosition":[-116.792,315.218,16.5011],"tipVelocity":[10.0916,-23.5561,-6.78948],"tool":false,"touchDistance":0.121743,"touchZone":"hovering","type":4,"width":13.834},{"bases":[[[0.709755,0.0641512,-0.701521],[0.50823,0.64295,0.57299],[0.487801,-0.763217,0.423734]],[[0.798967,-0.103634,-0.592379],[0.509921,0.638933,0.575973],[0.3188,-0.76225,0.563331]],[[0.798967,-0.103634,-0.592379],[0.501635,0.65814,0.561439],[0.331684,-0.745729,0.577818]],[[0.798967,-0.103634,-0.592379],[0.483335,0.696771,0.529998],[0.357826,-0.709768,0.606786]]],"btipPosition":[-169.613,343.726,39.871],"carpPosition":[-111.159,234.523,112.978],"dipPosition":[-164.01,332.612,49.3729],"direction":[-0.331684,0.745729,-0.577818],"extended":true,"handId":191,"id":1911,"length":53.8982,"mcpPosition":[-144.109,286.078,84.3547],"pipPosition":[-156.662,316.092,62.1731],"stabilizedTipPosition":[-169.146,342.698,42.9233],"timeVisible":2.87419,"tipPosition":[-172.863,338.889,42.5975],"tipVelocity":[13.9418,-18.9988,-5.3356],"tool":false,"touchDistance":0.333248,"touchZone":"hovering","type":1,"width":16.6644}],"r":[[0.743845,-0.138701,0.653801],[-0.0821737,0.951828,0.295418],[-0.663281,-0.27347,0.696615]],"s":0.893801,"t":[-12.3556,75.6641,-37.7934],"timestamp":630385162550},{"currentFrameRate":55.2731,"devices":[],"gestures":[],"hands":[{"armBasis":[[0.693308,-0.000896816,-0.72064],[0.415069,0.817966,0.398308],[0.589102,-0.575266,0.567475]],"armWidth":55.9977,"confidence":1,"direction":[-0.281182,0.849418,-0.446571],"elbow":[55.466,65.8397,249.81],"grabAngle":0.0438129,"grabStrength":0,"id":191,"palmNormal":[-0.575718,-0.521614,-0.629657],"palmPosition":[-121.01,263.522,78.644],"palmVelocity":[6.09449,-11.3528,-6.50339],"palmWidth":83.544,"pinchDistance":53.3689,"pinchStrength":0,"r":[[0.74382,-0.139016,0.653763],[-0.0820021,0.951761,0.295681],[-0.663331,-0.273543,0.696539]],"s":0.89332,"sphereCenter":[-82.9676,331.947,81.3929],"sphereRadius":81.3863,"stabilizedPalmPosition":[-121.695,265.138,79.2037],"t":[-12.2645,75.4195,-37.8739],"timeVisible":2.89229,"type":"right","wrist":[-90.5754,208.451,109.13]}],"id":63567,"interactionBox":{"center":[0,200,0],"size":[235.247,235.247,147.751]},"pointables":[{"bases":[[[0.769023,0.600082,0.22024],[-0.250699,-0.0338004,0.967475],[0.588009,-0.799224,0.124447]],[[0.685273,0.699706,0.202019],[-0.249784,-0.0347553,0.967678],[0.684112,-0.713585,0.150959]],[[0.685273,0.699706,0.202019],[-0.543086,0.30614,0.78188],[0.485241,-0.645515,0.58979]],[[0.685273,0.699706,0.202019],[-0.684115,0.523316,0.508062],[0.249775,-0.486365,0.837294]]],"btipPosition":[-176.209,280.48,67.3233],"carpPosition":[-124.334,217.17,110.632],"dipPosition":[-170.852,270.048,85.2831],"direction":[-0.48524,0.645515,-0.58979],"extended":false,"handId":191,"id":1910,"length":47.7656,"mcpPosition":[-124.334,217.17,110.632],"pipPosition":[-155.688,249.876,103.714],"stabilizedTipPosition":[-175.915,279.197,71.7022],"timeVisible":2.89229,"tipPosition":[-178.621,276.182,71.4926],"tipVelocity":[7.36164,-6.42942,-4.34494],"tool":false,"touchDistance":0.333268,"touchZone":"hovering","type":0,"width":17.446},{"bases":[[[0.671683,-0.150496,-0.725392],[0.632325,0.626648,0.455497],[0.386015,-0.764633,0.516071]],[[0.685472,-0.178613,-0.705851],[0.643681,0.601757,0.472824],[0.340299,-0.778451,0.527457]],[[0.685472,-0.178613,-0.705851],[0.635318,0.62029,0.460013],[0.355668,-0.763766,0.538667]],[[0.685472,-0.178613,-0.705851],[0.626098,0.639451,0.44621],[0.371658,-0.747797,0.550155]]],"btipPosition":[-158.037,352.572,25.7871],"carpPosition":[-102.605,236.417,105.662],"dipPosition":[-151.636,339.693,35.2625],"direction":[-0.355668,0.763766,-0.538667],"extended":true,"handId":191,"id":1912,"length":61.4127,"mcpPosition":[-127.333,285.398,72.6028],"pipPosition":[-142.366,319.787,49.3016],"stabilizedTipPosition":[-157.546,351.314,28.8826],"timeVisible":2.89229,"tipPosition":[-158.404,348.443,27.9749],"tipVelocity":[8.27113,-11.2009,-6.93175],"tool":false,"touchDistance":0.065605,"touchZone":"hovering","type":2,"width":16.3667},{"bases":[[[0.671576,-0.308186,-0.673801],[0.690681,0.5896,0.418726],[0.268228,-0.746588,0.608819]],[[0.643623,-0.237189,-0.727661],[0.700895,0.564547,0.435927],[0.307402,-0.790587,0.5296]],[[0.643623,-0.237189,-0.727661],[0.694251,0.581106,0.424653],[0.322126,-0.778496,0.538682]],[[0.643623,-0.237189,-0.727661],[0.683239,0.606489,0.406639],[0.344868,-0.758889,0.552407]]],"btipPosition":[-136.933,343.896,17.6684],"carpPosition":[-94.8342,235.821,97.5073],"dipPosition":[-131.028,330.901,27.128],"direction":[-0.322126,0.778496,-0.538682],"extended":true,"handId":191,"id":1913,"length":59.0499,"mcpPosition":[-110.261,278.761,62.4917],"pipPosition":[-122.849,311.135,40.8048],"stabilizedTipPosition":[-136.548,342.7,20.7058],"timeVisible":2.89229,"tipPosition":[-137.019,339.374,18.9336],"tipVelocity":[6.70793,-11.6486,-6.16283],"tool":false,"touchDistance":0.0863396,"touchZone":"hovering","type":3,"width":15.5739},{"bases":[[[0.574693,-0.485678,-0.658669],[0.807693,0.466198,0.36096],[0.13176,-0.739444,0.660199]],[[0.540866,-0.342123,-0.768385],[0.812541,0.448593,0.372211],[0.217351,-0.825661,0.520618]],[[0.540866,-0.342123,-0.768385],[0.803035,0.481782,0.350743],[0.250197,-0.806745,0.535316]],[[0.540866,-0.342123,-0.768385],[0.791558,0.51596,0.327446],[0.284429,-0.785326,0.549875]]],"btipPosition":[-112.841,322.538,16.9055],"carpPosition":[-89.8038,229.544,87.2094],"dipPosition":[-108.348,310.131,25.5924],"direction":[-0.250197,0.806745,-0.535316],"extended":true,"handId":191,"id":1914,"length":46.294,"mcpPosition":[-96.8187,268.912,52.0603],"pipPosition":[-103.862,295.669,35.1885],"stabilizedTipPosition":[-112.728,321.564,19.6503],"timeVisible":2.89229,"tipPosition":[-116.616,315.06,16.4208],"tipVelocity":[5.81926,-11.6456,-5.78366],"tool":false,"touchDistance":0.119998,"touchZone":"hovering","type":4,"width":13.834},{"bases":[[[0.709669,0.0637045,-0.70165],[0.509108,0.642051,0.573219],[0.487011,-0.764011,0.423211]],[[0.798822,-0.104509,-0.592419],[0.510432,0.638895,0.575562],[0.318342,-0.762162,0.563708]],[[0.798822,-0.104509,-0.592419],[0.50214,0.658142,0.560985],[0.331268,-0.745605,0.578217]],[[0.798822,-0.104509,-0.592419],[0.484002,0.696485,0.529765],[0.357246,-0.70992,0.60695]]],"btipPosition":[-169.44,343.54,39.7444],"carpPosition":[-111.075,234.287,112.842],"dipPosition":[-163.845,332.424,49.2488],"direction":[-0.331268,0.745605,-0.578217],"extended":true,"handId":191,"id":1911,"length":53.8982,"mcpPosition":[-143.972,285.896,84.2543],"pipPosition":[-156.507,315.907,62.0578],"stabilizedTipPosition":[-169.13,342.671,42.9076],"timeVisible":2.89229,"tipPosition":[-172.649,338.775,42.5288],"tipVelocity":[9.49265,-10.2851,-6.96384],"tool":false,"touchDistance":0.333224,"touchZone":"hovering","type":1,"width":16.6644}],"r":[[0.74382,-0.139016,0.653763],[-0.0820021,0.951761,0.295681],[-0.663331,-0.273543,0.696539]],"s":0.89332,"t":[-12.2645,75.4195,-37.8739],"timestamp":630385180651},{"currentFrameRate":55.2773,"devices":[],"gestures":[],"hands":[{"armBasis":[[0.693665,-0.00231955,-0.720294],[0.415732,0.817912,0.397728],[0.588215,-0.575339,0.568321]],"armWidth":55.9977,"confidence":1,"direction":[-0.28041,0.849724,-0.446474],"elbow":[55.5938,65.481,249.772],"grabAngle":0.0457172,"grabStrength":0,"id":191,"palmNormal":[-0.576475,-0.520989,-0.629482],"palmPosition":[-120.608,263.21,78.3957],"palmVelocity":[22.2169,-17.3045,-13.7404],"palmWidth":83.544,"pinchDistance":53.323,"pinchStrength":0,"r":[[0.74381,-0.139429,0.653686],[-0.0816421,0.951724,0.295898],[-0.663386,-0.27346,0.696519]],"s":0.892768,"sphereCenter":[-85.5756,327.697,77.5245],"sphereRadius":76.8517,"stabilizedPalmPosition":[-121.674,265.1,79.1878],"t":[-12.0181,75.1408,-38.0383],"timeVisible":2.91037,"type":"right","wrist":[-90.2276,208.11,108.882]}],"id":63568,"interactionBox":{"center":[0,200,0],"size":[235.247,235.247,147.751]},"pointables":[{"bases":[[[0.769735,0.599254,0.220006],[-0.250433,-0.0335421,0.967553],[0.58719,-0.799856,0.124255]],[[0.686399,0.698642,0.201881],[-0.249177,-0.0348566,0.967831],[0.683204,-0.714622,0.15016]],[[0.686399,0.698642,0.201881],[-0.542147,0.306573,0.782361],[0.484699,-0.646461,0.589198]],[[0.686399,0.698642,0.201881],[-0.683147,0.524274,0.508376],[0.249331,-0.486863,0.837137]]],"btipPosition":[-175.78,280.258,67.134],"carpPosition":[-123.972,216.861,110.385],"dipPosition":[-170.431,269.815,85.0904],"direction":[-0.484699,0.646461,-0.589198],"extended":false,"handId":191,"id":1910,"length":47.7656,"mcpPosition":[-123.972,216.861,110.385],"pipPosition":[-155.285,249.614,103.502],"stabilizedTipPosition":[-175.886,279.169,71.6929],"timeVisible":2.91037,"tipPosition":[-178.195,275.938,71.2624],"tipVelocity":[23.6621,-12.4035,-10.5184],"tool":false,"touchDistance":0.333172,"touchZone":"hovering","type":0,"width":17.446},{"bases":[[[0.671294,-0.151208,-0.725603],[0.633139,0.625964,0.455306],[0.385356,-0.765052,0.515942]],[[0.685216,-0.179672,-0.70583],[0.643853,0.602463,0.47169],[0.340487,-0.777661,0.5285]],[[0.685216,-0.179672,-0.70583],[0.635397,0.621165,0.45872],[0.356018,-0.762805,0.539796]],[[0.685216,-0.179672,-0.70583],[0.626262,0.640115,0.445027],[0.371853,-0.746975,0.551139]]],"btipPosition":[-157.635,352.192,25.4485],"carpPosition":[-102.224,236.084,105.407],"dipPosition":[-151.23,339.327,34.9409],"direction":[-0.356018,0.762805,-0.539796],"extended":true,"handId":191,"id":1912,"length":61.4127,"mcpPosition":[-126.91,285.092,72.3567],"pipPosition":[-141.951,319.446,49.0093],"stabilizedTipPosition":[-157.526,351.284,28.8646],"timeVisible":2.91037,"tipPosition":[-157.908,348.182,27.7379],"tipVelocity":[22.3032,-20.8445,-18.5154],"tool":false,"touchDistance":0.060027,"touchZone":"hovering","type":2,"width":16.3667},{"bases":[[[0.671034,-0.308898,-0.674014],[0.691444,0.588854,0.418517],[0.267617,-0.746882,0.608727]],[[0.643193,-0.237994,-0.727779],[0.701189,0.564935,0.434951],[0.307632,-0.790067,0.530241]],[[0.643193,-0.237994,-0.727779],[0.694493,0.581598,0.423584],[0.322464,-0.777883,0.539365]],[[0.643193,-0.237994,-0.727779],[0.683501,0.60689,0.405599],[0.345152,-0.758316,0.553017]]],"btipPosition":[-136.543,343.525,17.3628],"carpPosition":[-94.4565,235.48,97.2505],"dipPosition":[-130.633,330.54,26.8328],"direction":[-0.322464,0.777883,-0.539365],"extended":true,"handId":191,"id":1913,"length":59.0499,"mcpPosition":[-109.848,278.437,62.2402],"pipPosition":[-122.446,310.79,40.527],"stabilizedTipPosition":[-136.529,342.669,20.6892],"timeVisible":2.91037,"tipPosition":[-136.543,339.091,18.6979],"tipVelocity":[21.6387,-20.3891,-16.7737],"tool":false,"touchDistance":0.0812862,"touchZone":"hovering","type":3,"width":15.5739},{"bases":[[[0.573965,-0.486287,-0.658854],[0.808305,0.465327,0.360712],[0.131173,-0.739592,0.66015]],[[0.540276,-0.342757,-0.768518],[0.812848,0.448819,0.371268],[0.217671,-0.825275,0.521095]],[[0.540276,-0.342757,-0.768518],[0.80323,0.48231,0.34957],[0.250847,-0.80616,0.535893]],[[0.540276,-0.342757,-0.768518],[0.791786,0.516292,0.326369],[0.284915,-0.784831,0.55033]]],"btipPosition":[-112.472,322.168,16.6167],"carpPosition":[-89.436,229.197,86.9509],"dipPosition":[-107.97,309.77,25.3107],"direction":[-0.250847,0.80616,-0.535893],"extended":true,"handId":191,"id":1914,"length":46.294,"mcpPosition":[-96.4197,268.573,51.8045],"pipPosition":[-103.474,295.318,34.9171],"stabilizedTipPosition":[-112.711,321.535,19.6369],"timeVisible":2.91037,"tipPosition":[-116.149,314.772,16.1866],"tipVelocity":[20.5316,-20.3285,-15.8894],"tool":false,"touchDistance":0.115211,"touchZone":"hovering","type":4,"width":13.834},{"bases":[[[0.709517,0.0629508,-0.701871],[0.509975,0.641498,0.573067],[0.486324,-0.764538,0.42305]],[[0.79861,-0.105564,-0.592518],[0.510525,0.640188,0.574042],[0.318725,-0.760931,0.565153]],[[0.79861,-0.105564,-0.592518],[0.502012,0.659876,0.559059],[0.331972,-0.743922,0.579978]],[[0.79861,-0.105564,-0.592518],[0.483928,0.697948,0.527903],[0.35782,-0.708325,0.608474]]],"btipPosition":[-169.052,343.142,39.3837],"carpPosition":[-110.694,233.964,112.59],"dipPosition":[-163.449,332.05,48.9119],"direction":[-0.331972,0.743922,-0.579978],"extended":true,"handId":191,"id":1911,"length":53.8982,"mcpPosition":[-143.545,285.608,84.0134],"pipPosition":[-156.095,315.57,61.76],"stabilizedTipPosition":[-169.109,342.639,42.8871],"timeVisible":2.91037,"tipPosition":[-172.12,338.545,42.2879],"tipVelocity":[21.5628,-21.7543,-19.6529],"tool":false,"touchDistance":0.333032,"touchZone":"hovering","type":1,"width":16.6644}],"r":[[0.74381,-0.139429,0.653686],[-0.0816421,0.951724,0.295898],[-0.663386,-0.27346,0.696519]],"s":0.892768,"t":[-12.0181,75.1408,-38.0383],"timestamp":630385198727},{"currentFrameRate":55.2793,"devices":[],"gestures":[],"hands":[{"armBasis":[[0.693711,-0.00710041,-0.720218],[0.418306,0.817995,0.394847],[0.586331,-0.575182,0.570423]],"armWidth":55.9977,"confidence":1,"direction":[-0.27903,0.849491,-0.44778],"elbow":[55.9906,65.1408,249.961],"grabAngle":0.0473635,"grabStrength":0,"id":191,"palmNormal":[-0.578975,-0.520838,-0.627308],"palmPosition":[-119.643,262.839,77.9818],"palmVelocity":[53.3777,-20.5182,-22.8893],"palmWidth":83.544,"pinchDistance":53.2808,"pinchStrength":0,"r":[[0.743969,-0.139865,0.653412],[-0.0807525,0.951863,0.295694],[-0.663316,-0.272752,0.696863]],"s":0.892175,"sphereCenter":[-86.505,324.544,74.3865],"sphereRadius":73.8897,"stabilizedPalmPosition":[-121.622,265.042,79.157],"t":[-11.4123,74.816,-38.3275],"timeVisible":2.92845,"type":"right","wrist":[-89.3638,207.731,108.55]}],"id":63569,"interactionBox":{"center":[0,200,0],"size":[235.247,235.247,147.751]},"pointables":[{"bases":[[[0.771685,0.597727,0.217312],[-0.248742,-0.0308237,0.968079],[0.585345,-0.801107,0.124894]],[[0.688724,0.697133,0.19916],[-0.247969,-0.0316371,0.968251],[0.681301,-0.716243,0.151078]],[[0.688724,0.697133,0.19916],[-0.540165,0.310151,0.782322],[0.483613,-0.646383,0.590175]],[[0.688724,0.697133,0.19916],[-0.681027,0.527808,0.507564],[0.248721,-0.485205,0.83828]]],"btipPosition":[-174.741,280.001,66.7283],"carpPosition":[-123.068,216.567,110.076],"dipPosition":[-169.406,269.593,84.7093],"direction":[-0.483613,0.646383,-0.590175],"extended":false,"handId":191,"id":1910,"length":47.7656,"mcpPosition":[-123.068,216.567,110.076],"pipPosition":[-154.294,249.394,103.152],"stabilizedTipPosition":[-175.821,279.126,71.6699],"timeVisible":2.92845,"tipPosition":[-177.193,275.71,70.9263],"tipVelocity":[57.2505,-13.7784,-22.1225],"tool":false,"touchDistance":0.332992,"touchZone":"hovering","type":0,"width":17.446},{"bases":[[[0.669568,-0.154499,-0.726505],[0.635591,0.625294,0.452804],[0.384321,-0.764943,0.516874]],[[0.683629,-0.183329,-0.706429],[0.645877,0.60269,0.468623],[0.339846,-0.776631,0.530424]],[[0.683629,-0.183329,-0.706429],[0.63733,0.621593,0.455448],[0.355615,-0.761586,0.54178]],[[0.683629,-0.183329,-0.706429],[0.628231,0.640457,0.441746],[0.371453,-0.745792,0.553008]]],"btipPosition":[-156.578,351.727,24.8304],"carpPosition":[-101.28,235.723,105.018],"dipPosition":[-150.18,338.882,34.355],"direction":[-0.355615,0.761586,-0.54178],"extended":true,"handId":191,"id":1912,"length":61.4127,"mcpPosition":[-125.899,284.724,71.9074],"pipPosition":[-140.912,319.033,48.4751],"stabilizedTipPosition":[-157.479,351.234,28.8285],"timeVisible":2.92845,"tipPosition":[-156.803,347.806,27.2089],"tipVelocity":[58.3393,-25.4777,-33.7744],"tool":false,"touchDistance":0.0498479,"touchZone":"hovering","type":2,"width":16.3667},{"bases":[[[0.668994,-0.312077,-0.674577],[0.693732,0.587954,0.415987],[0.266801,-0.746269,0.609836]],[[0.641395,-0.241588,-0.728181],[0.703062,0.56501,0.431818],[0.307108,-0.788923,0.532246]],[[0.641395,-0.241588,-0.728181],[0.696342,0.581733,0.420351],[0.322055,-0.776674,0.541348]],[[0.641395,-0.241588,-0.728181],[0.685329,0.607059,0.402247],[0.344871,-0.757043,0.554932]]],"btipPosition":[-135.532,342.992,16.7314],"carpPosition":[-93.5285,235.082,96.8481],"dipPosition":[-129.626,330.028,26.2342],"direction":[-0.322055,0.776674,-0.541348],"extended":true,"handId":191,"id":1913,"length":59.0499,"mcpPosition":[-108.873,278.003,61.774],"pipPosition":[-121.449,310.309,39.9787],"stabilizedTipPosition":[-136.483,342.618,20.6552],"timeVisible":2.92845,"tipPosition":[-135.482,338.643,18.1563],"tipVelocity":[55.8795,-29.1935,-34.5002],"tool":false,"touchDistance":0.0708884,"touchZone":"hovering","type":3,"width":15.5739},{"bases":[[[0.571495,-0.489181,-0.65886],[0.810167,0.464001,0.358234],[0.13047,-0.738516,0.661492]],[[0.53814,-0.346377,-0.768393],[0.814395,0.44859,0.368142],[0.217178,-0.823887,0.523492]],[[0.53814,-0.346377,-0.768393],[0.804661,0.482457,0.346058],[0.25085,-0.804524,0.538345]],[[0.53814,-0.346377,-0.768393],[0.793235,0.516318,0.322792],[0.284928,-0.783224,0.552609]]],"btipPosition":[-111.526,321.578,15.9895],"carpPosition":[-88.5432,228.764,86.5528],"dipPosition":[-107.024,309.205,24.7195],"direction":[-0.25085,0.804524,-0.538345],"extended":true,"handId":191,"id":1914,"length":46.294,"mcpPosition":[-95.4895,268.083,51.3349],"pipPosition":[-102.528,294.783,34.3699],"stabilizedTipPosition":[-112.672,321.486,19.6082],"timeVisible":2.92845,"tipPosition":[-115.132,314.288,15.6709],"tipVelocity":[52.31,-32.3224,-34.2263],"tool":false,"touchDistance":0.104896,"touchZone":"hovering","type":4,"width":13.834},{"bases":[[[0.708388,0.0596108,-0.703301],[0.512684,0.641398,0.570756],[0.48512,-0.764889,0.423797]],[[0.79742,-0.109316,-0.59344],[0.512903,0.640876,0.571147],[0.317886,-0.759821,0.567116]],[[0.79742,-0.109316,-0.59344],[0.504068,0.661304,0.555512],[0.331718,-0.74211,0.582439]],[[0.79742,-0.109316,-0.59344],[0.486016,0.699237,0.524267],[0.357645,-0.706482,0.610715]]],"btipPosition":[-167.977,342.729,38.7968],"carpPosition":[-109.742,233.64,112.221],"dipPosition":[-162.376,331.666,48.3602],"direction":[-0.331718,0.74211,-0.582439],"extended":true,"handId":191,"id":1911,"length":53.8982,"mcpPosition":[-142.511,285.308,83.5934],"pipPosition":[-155.028,315.226,61.2627],"stabilizedTipPosition":[-169.059,342.588,42.8475],"timeVisible":2.92845,"tipPosition":[-170.992,338.246,41.8006],"tipVelocity":[59.4139,-22.4384,-32.0059],"tool":false,"touchDistance":0.332836,"touchZone":"hovering","type":1,"width":16.6644}],"r":[[0.743969,-0.139865,0.653412],[-0.0807525,0.951863,0.295694],[-0.663316,-0.272752,0.696863]],"s":0.892175,"t":[-11.412