{"frames":61,"data":[{"currentFrameRate":55.3387,"devices":[],"gestures":[],"hands":[{"armBasis":[[0.936755,-0.0576628,-0.345203],[0.282309,0.707474,0.647906],[0.206862,-0.704383,0.679008]],"armWidth":55.9977,"confidence":1,"direction":[0.115505,0.932596,-0.34194],"elbow":[174.711,24.0955,235.91],"grabAngle":0.0791891,"grabStrength":0,"id":189,"palmNormal":[-0.258354,-0.30419,-0.916909],"palmPosition":[120.48,261.917,37.9468],"palmVelocity":[7.67554,2.86211,8.04936],"palmWidth":83.544,"pinchDistance":63.7128,"pinchStrength":0,"r":[[0.835567,-0.151288,0.528147],[0.427379,0.783067,-0.451834],[-0.345218,0.603256,0.718962]],"s":1.1943,"sphereCenter":[135.509,335.44,96.312],"sphereRadius":98.4437,"stabilizedPalmPosition":[119.852,261.635,37.2415],"t":[-3.90154,31.4498,-10.6297],"timeVisible":3.23567,"type":"right","wrist":[123.429,198.716,67.5804]}],"id":62599,"interactionBox":{"center":[0,200,0],"size":[235.247,235.247,147.751]},"pointables":[{"bases":[[[0.639565,0.375891,0.670569],[-0.701432,-0.0715905,0.709132],[0.314562,-0.923895,0.217875]],[[0.507904,0.647803,0.567789],[-0.74635,0.00182457,0.665551],[0.43011,-0.761806,0.484415]],[[0.507904,0.647803,0.567789],[-0.841456,0.232046,0.487962],[0.18435,-0.725607,0.662955]],[[0.507904,0.647803,0.567789],[-0.861346,0.373701,0.344136],[0.0107492,-0.663851,0.747787]]],"btipPosition":[68.7561,286.492,-4.4927],"carpPosition":[94.4606,214.663,54.4661],"dipPosition":[68.9867,272.253,11.5472],"direction":[-0.18435,0.725607,-0.662955],"extended":false,"handId":189,"id":1890,"length":47.7656,"mcpPosition":[94.4606,214.663,54.4661],"pipPosition":[74.7475,249.578,32.2641],"stabilizedTipPosition":[68.0894,283.186,-0.906797],"timeVisible":3.23567,"tipPosition":[70.9274,285.783,2.91454],"tipVelocity":[4.66463,-0.796599,1.36646],"tool":false,"touchDistance":-0.276046,"touchZone":"touching","type":0,"width":17.446},{"bases":[[[0.964898,-0.0349069,-0.260295],[0.248498,0.442041,0.861887],[0.0849753,-0.896315,0.435199]],[[0.968491,-0.128613,-0.213271],[0.245531,0.349632,0.904141],[-0.0417178,-0.928017,0.370194]],[[0.968491,-0.128613,-0.213271],[0.248927,0.47294,0.8452],[-0.00783905,-0.871657,0.490054]],[[0.968491,-0.128613,-0.213271],[0.247873,0.580935,0.775289],[0.0241845,-0.803725,0.59451]]],"btipPosition":[103.034,356.83,1.90444],"carpPosition":[107.336,227.848,66.044],"dipPosition":[103.413,344.244,11.214],"direction":[0.00783905,0.871657,-0.490054],"extended":true,"handId":189,"id":1891,"length":53.8982,"mcpPosition":[101.596,288.393,36.6467],"pipPosition":[103.239,324.935,22.07],"stabilizedTipPosition":[100.215,353.366,2.34548],"timeVisible":3.23567,"tipPosition":[105.106,354.384,5.42269],"tipVelocity":[29.9161,7.05923,11.994],"tool":false,"touchDistance":-0.00138374,"touchZone":"touching","type":1,"width":16.6644},{"bases":[[[0.910912,-0.230524,-0.342196],[0.409853,0.40999,0.814818],[-0.0475379,-0.882478,0.467946]],[[0.909836,-0.247363,-0.333182],[0.397464,0.288735,0.871008],[-0.119254,-0.924902,0.36102]],[[0.909836,-0.247363,-0.333182],[0.409173,0.401065,0.819588],[-0.0691084,-0.882019,0.466118]],[[0.909836,-0.247363,-0.333182],[0.412967,0.460984,0.785462],[-0.0407031,-0.852235,0.521573]]],"btipPosition":[129.286,363.688,-2.81135],"carpPosition":[118.47,228.633,64.2446],"dipPosition":[128.585,349.01,6.17182],"direction":[0.0691084,0.882019,-0.466118],"extended":true,"handId":189,"id":1892,"length":61.4127,"mcpPosition":[121.515,285.163,34.2686],"pipPosition":[126.784,326.022,18.32],"stabilizedTipPosition":[129.488,360.711,-0.0617839],"timeVisible":3.23567,"tipPosition":[130.74,361.16,1.40496],"tipVelocity":[19.8099,-2.91248,-1.24573],"tool":false,"touchDistance":0.0813261,"touchZone":"hovering","type":2,"width":16.3667},{"bases":[[[0.860482,-0.388122,-0.330049],[0.472162,0.364132,0.802789],[-0.191399,-0.846623,0.496585]],[[0.86864,-0.347251,-0.353385],[0.445934,0.237177,0.86307],[-0.215887,-0.907284,0.360873]],[[0.86864,-0.347251,-0.353385],[0.468164,0.341883,0.814824],[-0.162132,-0.873231,0.459544]],[[0.86864,-0.347251,-0.353385],[0.476648,0.391127,0.78729],[-0.135169,-0.852313,0.505265]]],"btipPosition":[155.349,349.661,-2.93329],"carpPosition":[129.069,227.049,60.7247],"dipPosition":[153.034,335.066,5.71898],"direction":[0.162132,0.873231,-0.459544],"extended":true,"handId":189,"id":1893,"length":59.0499,"mcpPosition":[140.077,275.742,32.1642],"pipPosition":[148.918,312.895,17.3865],"stabilizedTipPosition":[155.288,346.648,0.275463],"timeVisible":3.23567,"tipPosition":[154.38,347.482,1.56804],"tipVelocity":[15.8871,-6.71812,-4.41218],"tool":false,"touchDistance":0.120902,"touchZone":"hovering","type":3,"width":15.5739},{"bases":[[[0.742624,-0.538294,-0.398433],[0.581474,0.223095,0.782379],[-0.332262,-0.812692,0.47868]],[[0.764022,-0.480203,-0.430901],[0.555271,0.1493,0.818159],[-0.328549,-0.864358,0.380711]],[[0.764022,-0.480203,-0.430901],[0.586622,0.238989,0.773795],[-0.268598,-0.843972,0.464291]],[[0.764022,-0.480203,-0.430901],[0.597803,0.275654,0.752759],[-0.242698,-0.832718,0.497672]]],"btipPosition":[174.499,320.403,-1.08652],"carpPosition":[137.513,220.839,52.9213],"dipPosition":[170.665,307.247,6.77563],"direction":[0.268598,0.843972,-0.464291],"extended":true,"handId":189,"id":1894,"length":46.294,"mcpPosition":[155.203,264.107,27.4364],"pipPosition":[165.85,292.118,15.0985],"stabilizedTipPosition":[174.523,317.995,3.03261],"timeVisible":3.23567,"tipPosition":[173.066,318.94,3.89937],"tipVelocity":[12.7822,-9.75411,-5.01709],"tool":false,"touchDistance":0.333246,"touchZone":"hovering","type":4,"width":13.834}],"r":[[0.835567,-0.151288,0.528147],[0.427379,0.783067,-0.451834],[-0.345218,0.603256,0.718962]],"s":1.1943,"t":[-3.90154,31.4498,-10.6297],"timestamp":630367555769},{"currentFrameRate":55.3381,"devices":[],"gestures":[],"hands":[{"armBasis":[[0.93722,-0.0578623,-0.343904],[0.282024,0.705823,0.649827],[0.205135,-0.706021,0.677831]],"armWidth":55.9977,"confidence":1,"direction":[0.117104,0.931728,-0.343758],"elbow":[174.343,23.8821,235.891],"grabAngle":0.0808749,"grabStrength":0,"id":189,"palmNormal":[-0.2571,-0.305898,-0.916693],"palmPosition":[120.657,262.07,38.1141],"palmVelocity":[9.83066,8.50631,9.25854],"palmWidth":83.544,"pinchDistance":63.9069,"pinchStrength":0,"r":[[0.835006,-0.152309,0.528741],[0.428274,0.783213,-0.450732],[-0.345466,0.60281,0.719218]],"s":1.19372,"sphereCenter":[136.103,335.18,95.3895],"sphereRadius":97.5755,"stabilizedPalmPosition":[119.855,261.636,37.2442],"t":[-3.75195,31.5483,-10.4711],"timeVisible":3.25374,"type":"right","wrist":[123.488,198.908,67.8536]}],"id":62600,"interactionBox":{"center":[0,200,0],"size":[235.247,235.247,147.751]},"pointables":[{"bases":[[[0.638813,0.376653,0.670858],[-0.702732,-0.069298,0.708071],[0.313186,-0.923759,0.220418]],[[0.507216,0.649104,0.566918],[-0.746568,0.00230662,0.665305],[0.430545,-0.760696,0.48577]],[[0.507216,0.649104,0.566918],[-0.841937,0.23273,0.486804],[0.184048,-0.724224,0.664549]],[[0.507216,0.649104,0.566918],[-0.861759,0.3742,0.342558],[0.0102154,-0.662297,0.749171]]],"btipPosition":[68.8552,286.583,-4.40977],"carpPosition":[94.5587,214.88,54.6907],"dipPosition":[69.0743,272.376,11.6598],"direction":[-0.184048,0.724224,-0.664549],"extended":false,"handId":189,"id":1890,"length":47.7656,"mcpPosition":[94.5587,214.88,54.6907],"pipPosition":[74.8256,249.745,32.4265],"stabilizedTipPosition":[68.1152,283.19,-0.900682],"timeVisible":3.25374,"tipPosition":[71.1638,285.883,2.90052],"tipVelocity":[5.33496,5.4197,4.96659],"tool":false,"touchDistance":-0.27455,"touchZone":"touching","type":0,"width":17.446},{"bases":[[[0.965307,-0.0365105,-0.258551],[0.247488,0.443639,0.861356],[0.0832547,-0.895462,0.437284]],[[0.968653,-0.133012,-0.209809],[0.243918,0.349214,0.904739],[-0.0470732,-0.927555,0.370711]],[[0.968653,-0.133012,-0.209809],[0.248023,0.470129,0.847032],[-0.0140284,-0.872517,0.488381]],[[0.968653,-0.133012,-0.209809],[0.247796,0.577128,0.778152],[0.0175831,-0.805749,0.591997]]],"btipPosition":[103.694,357.034,2.03787],"carpPosition":[107.429,228.077,66.2622],"dipPosition":[103.969,344.416,11.3081],"direction":[0.0140284,0.872517,-0.488381],"extended":true,"handId":189,"id":1891,"length":53.8982,"mcpPosition":[101.805,288.564,36.7241],"pipPosition":[103.658,325.088,22.127],"stabilizedTipPosition":[100.325,353.39,2.40201],"timeVisible":3.25374,"tipPosition":[105.4,354.476,5.33479],"tipVelocity":[35.1998,10.8693,6.88211],"tool":false,"touchDistance":0.0506893,"touchZone":"hovering","type":1,"width":16.6644},{"bases":[[[0.911251,-0.232246,-0.340122],[0.408889,0.411312,0.814636],[-0.0492998,-0.88141,0.469772]],[[0.910037,-0.250428,-0.330332],[0.396054,0.29003,0.87122],[-0.122371,-0.923671,0.363121]],[[0.910037,-0.250428,-0.330332],[0.40824,0.403162,0.819024],[-0.071929,-0.880197,0.469127]],[[0.910037,-0.250428,-0.330332],[0.412245,0.463227,0.784522],[-0.0434474,-0.850122,0.524791]]],"btipPosition":[129.753,363.695,-2.91923],"carpPosition":[118.566,228.846,64.4804],"dipPosition":[129.005,349.053,6.11936],"direction":[0.071929,0.880197,-0.469127],"extended":true,"handId":189,"id":1892,"length":61.4127,"mcpPosition":[121.725,285.308,34.3874],"pipPosition":[127.13,326.113,18.346],"stabilizedTipPosition":[129.49,360.705,-0.0738927],"timeVisible":3.25374,"tipPosition":[131.075,361.215,1.35595],"tipVelocity":[25.2731,0.812238,-5.26358],"tool":false,"touchDistance":0.0797406,"touchZone":"hovering","type":2,"width":16.3667},{"bases":[[[0.86063,-0.389763,-0.32772],[0.471169,0.365361,0.802814],[-0.193171,-0.845338,0.498085]],[[0.868675,-0.350072,-0.350505],[0.44475,0.239506,0.863038],[-0.218177,-0.905586,0.363748]],[[0.868675,-0.350072,-0.350505],[0.467435,0.344943,0.813952],[-0.164038,-0.870898,0.46328]],[[0.868675,-0.350072,-0.350505],[0.47621,0.395173,0.785533],[-0.136483,-0.849287,0.509985]]],"btipPosition":[155.716,349.6,-3.05541],"carpPosition":[129.17,227.243,60.9823],"dipPosition":[153.379,335.057,5.67769],"direction":[0.164038,0.870898,-0.46328],"extended":true,"handId":189,"id":1893,"length":59.0499,"mcpPosition":[140.28,275.862,32.3354],"pipPosition":[149.214,312.945,17.4401],"stabilizedTipPosition":[155.286,346.643,0.260706],"timeVisible":3.25374,"tipPosition":[154.719,347.506,1.57899],"tipVelocity":[20.0354,-2.68977,-5.72832],"tool":false,"touchDistance":0.119176,"touchZone":"hovering","type":3,"width":15.5739},{"bases":[[[0.742728,-0.539956,-0.395983],[0.580363,0.224162,0.782898],[-0.333966,-0.811294,0.479863]],[[0.763714,-0.483551,-0.42769],[0.553502,0.149529,0.819315],[-0.332228,-0.86245,0.381844]],[[0.763714,-0.483551,-0.42769],[0.58635,0.242437,0.772928],[-0.270062,-0.841073,0.468682]],[[0.763714,-0.483551,-0.42769],[0.598978,0.283699,0.748825],[-0.240759,-0.828066,0.506302]]],"btipPosition":[174.812,320.309,-1.11561],"carpPosition":[137.621,221.007,53.2069],"dipPosition":[171.009,307.227,6.88287],"direction":[0.270062,0.841073,-0.468682],"extended":true,"handId":189,"id":1894,"length":46.294,"mcpPosition":[155.401,264.2,27.659],"pipPosition":[166.168,292.15,15.2845],"stabilizedTipPosition":[174.517,317.988,3.00968],"timeVisible":3.25374,"tipPosition":[173.37,318.945,3.9979],"tipVelocity":[17.7056,-4.25233,0.125464],"tool":false,"touchDistance":0.333331,"touchZone":"hovering","type":4,"width":13.834}],"r":[[0.835006,-0.152309,0.528741],[0.428274,0.783213,-0.450732],[-0.345466,0.60281,0.719218]],"s":1.19372,"t":[-3.75195,31.5483,-10.4711],"timestamp":630367573842},{"currentFrameRate":55.3197,"devices":[],"gestures":[],"hands":[{"armBasis":[[0.938406,-0.0563285,-0.340914],[0.279458,0.703983,0.652925],[0.203219,-0.70798,0.676363]],"armWidth":55.9977,"confidence":1,"direction":[0.11659,0.930152,-0.348173],"elbow":[174.031,23.7108,235.94],"grabAngle":0.0785379,"grabStrength":0,"id":189,"palmNormal":[-0.254334,-0.310913,-0.915777],"palmPosition":[120.816,262.272,38.2669],"palmVelocity":[8.74842,11.1085,8.42031],"palmWidth":83.544,"pinchDistance":64.0839,"pinchStrength":0,"r":[[0.834336,-0.152342,0.529788],[0.428982,0.783001,-0.450427],[-0.346206,0.603077,0.718637]],"s":1.19345,"sphereCenter":[136.434,336.398,96.6893],"sphereRadius":98.9688,"stabilizedPalmPosition":[119.859,261.639,37.2484],"t":[-3.59781,31.6984,-10.3155],"timeVisible":3.27188,"type":"right","wrist":[123.652,199.222,68.2658]}],"id":62601,"interactionBox":{"center":[0,200,0],"size":[235.247,235.247,147.751]},"pointables":[{"bases":[[[0.63656,0.380995,0.670547],[-0.704412,-0.0667659,0.706644],[0.313997,-0.922163,0.225877]],[[0.504996,0.652457,0.565047],[-0.746667,0.00183518,0.665195],[0.432974,-0.757823,0.488095]],[[0.504996,0.652457,0.565047],[-0.843061,0.232546,0.484944],[0.185006,-0.721264,0.667496]],[[0.504996,0.652457,0.565047],[-0.863055,0.373594,0.339946],[0.0107014,-0.659338,0.75177]]],"btipPosition":[68.8904,286.542,-4.33845],"carpPosition":[94.7456,215.127,55.0163],"dipPosition":[69.1199,272.399,11.7869],"direction":[-0.185006,0.721264,-0.667496],"extended":false,"handId":189,"id":1890,"length":47.7656,"mcpPosition":[94.7456,215.127,55.0163],"pipPosition":[74.9012,249.86,32.6456],"stabilizedTipPosition":[68.1302,283.192,-0.895768],"timeVisible":3.27188,"tipPosition":[71.3352,285.789,2.75086],"tipVelocity":[2.07264,-1.43368,4.63814],"tool":false,"touchDistance":-0.273147,"touchZone":"touching","type":0,"width":17.446},{"bases":[[[0.966009,-0.0363757,-0.255935],[0.244658,0.448359,0.859719],[0.0834777,-0.893113,0.442018]],[[0.969287,-0.135973,-0.204926],[0.240549,0.350759,0.905044],[-0.0511821,-0.926542,0.372694]],[[0.969287,-0.135973,-0.204926],[0.24515,0.467723,0.849198],[-0.0196195,-0.873353,0.486692]],[[0.969287,-0.135973,-0.204926],[0.245682,0.573048,0.781829],[0.0111248,-0.808163,0.588854]]],"btipPosition":[104.204,357.216,2.0177],"carpPosition":[107.567,228.401,66.5533],"dipPosition":[104.378,344.561,11.2387],"direction":[0.0196195,0.873353,-0.486692],"extended":true,"handId":189,"id":1891,"length":53.8982,"mcpPosition":[101.928,288.73,36.6954],"pipPosition":[103.943,325.214,22.0202],"stabilizedTipPosition":[100.475,353.425,2.4682],"timeVisible":3.27188,"tipPosition":[105.461,354.481,4.95323],"tipVelocity":[26.8228,9.57511,-1.73566],"tool":false,"touchDistance":0.0501645,"touchZone":"hovering","type":1,"width":16.6644},{"bases":[[[0.912449,-0.232602,-0.33665],[0.406224,0.416037,0.813569],[-0.0491789,-0.879096,0.474101]],[[0.911107,-0.252381,-0.325865],[0.393056,0.29405,0.87123],[-0.124062,-0.921867,0.367111]],[[0.911107,-0.252381,-0.325865],[0.405398,0.405993,0.819037],[-0.0744109,-0.878335,0.472218]],[[0.911107,-0.252381,-0.325865],[0.409548,0.465309,0.784702],[-0.0464166,-0.848405,0.527308]]],"btipPosition":[130.078,363.721,-3.18154],"carpPosition":[118.708,229.178,64.7956],"dipPosition":[129.278,349.108,5.90041],"direction":[0.0744109,0.878335,-0.472218],"extended":true,"handId":189,"id":1892,"length":61.4127,"mcpPosition":[121.858,285.492,34.4253],"pipPosition":[127.339,326.217,18.2076],"stabilizedTipPosition":[129.495,360.701,-0.087666],"timeVisible":3.27188,"tipPosition":[131.161,361.233,1.00381],"tipVelocity":[17.222,1.81597,-13.9108],"tool":false,"touchDistance":0.0755349,"touchZone":"hovering","type":2,"width":16.3667},{"bases":[[[0.86203,-0.390129,-0.323579],[0.468602,0.37012,0.802137],[-0.193174,-0.843096,0.50187]],[[0.869904,-0.351494,-0.346005],[0.442064,0.244517,0.863013],[-0.218739,-0.903695,0.368088]],[[0.869904,-0.351494,-0.346005],[0.464738,0.34919,0.813686],[-0.165184,-0.86863,0.467114]],[[0.869904,-0.351494,-0.346005],[0.473674,0.399826,0.784711],[-0.137479,-0.846517,0.514304]]],"btipPosition":[155.938,349.619,-3.27209],"carpPosition":[129.322,227.574,61.3323],"dipPosition":[153.584,335.123,5.53497],"direction":[0.165184,0.86863,-0.467114],"extended":true,"handId":189,"id":1893,"length":59.0499,"mcpPosition":[140.433,276.063,32.4678],"pipPosition":[149.39,313.069,17.3947],"stabilizedTipPosition":[155.287,346.64,0.246215],"timeVisible":3.27188,"tipPosition":[154.846,347.565,1.36989],"tipVelocity":[12.0174,1.64585,-11.0072],"tool":false,"touchDistance":0.115848,"touchZone":"hovering","type":3,"width":15.5739},{"bases":[[[0.744523,-0.540842,-0.391376],[0.578055,0.228986,0.78321],[-0.333974,-0.809355,0.483121]],[[0.765199,-0.485482,-0.422821],[0.55002,0.151654,0.821267],[-0.334588,-0.860992,0.38307]],[[0.765199,-0.485482,-0.422821],[0.583714,0.246143,0.773752],[-0.271568,-0.83888,0.471731]],[[0.765199,-0.485482,-0.422821],[0.597659,0.29154,0.746865],[-0.239321,-0.824203,0.513239]]],"btipPosition":[175.075,320.362,-1.09013],"carpPosition":[137.802,221.311,53.6099],"dipPosition":[171.294,307.341,7.01794],"direction":[0.271568,0.83888,-0.471731],"extended":true,"handId":189,"id":1894,"length":46.294,"mcpPosition":[155.583,264.401,27.8885],"pipPosition":[166.426,292.303,15.4742],"stabilizedTipPosition":[174.513,317.98,2.98068],"timeVisible":3.27188,"tipPosition":[173.536,319.039,3.97269],"tipVelocity":[14.7594,3.69247,2.79431],"tool":false,"touchDistance":0.333371,"touchZone":"hovering","type":4,"width":13.834}],"r":[[0.834336,-0.152342,0.529788],[0.428982,0.783001,-0.450427],[-0.346206,0.603077,0.718637]],"s":1.19345,"t":[-3.59781,31.6984,-10.3155],"timestamp":630367591982},{"currentFrameRate":55.2988,"devices":[],"gestures":[],"hands":[{"armBasis":[[0.939319,-0.0545078,-0.338687],[0.277261,0.702012,0.655977],[0.202006,-0.710076,0.674526]],"armWidth":55.9977,"confidence":1,"direction":[0.117365,0.929678,-0.349175],"elbow":[173.766,23.4686,235.737],"grabAngle":0.07612,"grabStrength":0,"id":189,"palmNormal":[-0.251403,-0.312338,-0.916101],"palmPosition":[120.918,262.53,38.4592],"palmVelocity":[5.59284,14.1949,10.592],"palmWidth":83.544,"pinchDistance":64.1978,"pinchStrength":0,"r":[[0.833481,-0.152157,0.531185],[0.429775,0.782727,-0.450147],[-0.34728,0.603479,0.717781]],"s":1.19325,"sphereCenter":[136.744,337.455,98.3265],"sphereRadius":100.38,"stabilizedPalmPosition":[119.864,261.643,37.254],"t":[-3.46997,31.9023,-10.1415],"timeVisible":3.29004,"type":"right","wrist":[123.688,199.5,68.5187]}],"id":62602,"interactionBox":{"center":[0,200,0],"size":[235.247,235.247,147.751]},"pointables":[{"bases":[[[0.634363,0.382185,0.671951],[-0.70657,-0.0659608,0.704562],[0.313596,-0.921729,0.228198]],[[0.50358,0.652627,0.566114],[-0.746838,-0.000577129,0.665006],[0.434328,-0.757679,0.487116]],[[0.50358,0.652627,0.566114],[-0.844022,0.231708,0.483672],[0.184484,-0.72138,0.667515]],[[0.50358,0.652627,0.566114],[-0.863898,0.373308,0.338113],[0.00932706,-0.659332,0.751794]]],"btipPosition":[68.9393,286.813,-4.11389],"carpPosition":[94.8107,215.401,55.1972],"dipPosition":[69.1393,272.67,12.012],"direction":[-0.184484,0.72138,-0.667515],"extended":false,"handId":189,"id":1890,"length":47.7656,"mcpPosition":[94.8107,215.401,55.1972],"pipPosition":[74.9043,250.127,32.8713],"stabilizedTipPosition":[68.1443,283.198,-0.887708],"timeVisible":3.29004,"tipPosition":[71.4896,285.932,2.69471],"tipVelocity":[2.31966,14.9079,12.3753],"tool":false,"touchDistance":-0.269402,"touchZone":"touching","type":0,"width":17.446},{"bases":[[[0.966807,-0.0364344,-0.252896],[0.241856,0.449698,0.859812],[0.0824002,-0.892437,0.443583]],[[0.969857,-0.139168,-0.200023],[0.237104,0.349655,0.906379],[-0.0561996,-0.926485,0.372112]],[[0.969857,-0.139168,-0.200023],[0.24229,0.46343,0.852366],[-0.025925,-0.875137,0.48318]],[[0.969857,-0.139168,-0.200023],[0.243639,0.567597,0.786431],[0.00408683,-0.811459,0.584395]]],"btipPosition":[104.749,357.554,2.28341],"carpPosition":[107.592,228.696,66.7542],"dipPosition":[104.813,344.847,11.4346],"direction":[0.025925,0.875137,-0.48318],"extended":true,"handId":189,"id":1891,"length":53.8982,"mcpPosition":[102.026,288.979,36.7905],"pipPosition":[104.239,325.461,22.1383],"stabilizedTipPosition":[100.656,353.476,2.54926],"timeVisible":3.29004,"tipPosition":[105.611,354.683,4.94665],"tipVelocity":[28.6441,17.9679,13.7501],"tool":false,"touchDistance":0.0543253,"touchZone":"hovering","type":1,"width":16.6644},{"bases":[[[0.91356,-0.232796,-0.333488],[0.403574,0.417362,0.814209],[-0.0503595,-0.878416,0.475236]],[[0.912066,-0.25408,-0.321837],[0.389949,0.294764,0.872384],[-0.12679,-0.921172,0.367922]],[[0.912066,-0.25408,-0.321837],[0.402571,0.405685,0.820583],[-0.0779294,-0.877988,0.472297]],[[0.912066,-0.25408,-0.321837],[0.406905,0.463889,0.786915],[-0.0506428,-0.848676,0.526484]]],"btipPosition":[130.469,363.938,-3.04371],"carpPosition":[118.738,229.474,65.0298],"dipPosition":[129.596,349.321,6.02404],"direction":[0.0779294,0.877988,-0.472297],"extended":true,"handId":189,"id":1892,"length":61.4127,"mcpPosition":[121.964,285.744,34.5868],"pipPosition":[127.565,326.439,18.3333],"stabilizedTipPosition":[129.507,360.699,-0.101566],"timeVisible":3.29004,"tipPosition":[131.332,361.428,1.05727],"tipVelocity":[20.6089,11.9107,7.41169],"tool":false,"touchDistance":0.0777777,"touchZone":"hovering","type":2,"width":16.3667},{"bases":[[[0.863152,-0.390321,-0.320342],[0.466002,0.371448,0.803037],[-0.194451,-0.842423,0.502507]],[[0.870982,-0.352267,-0.342488],[0.439247,0.245998,0.864029],[-0.220118,-0.902991,0.368992]],[[0.870982,-0.352267,-0.342488],[0.461953,0.349797,0.81501],[-0.1673,-0.868072,0.467398]],[[0.870982,-0.352267,-0.342488],[0.471068,0.400701,0.785833],[-0.139588,-0.845782,0.514945]]],"btipPosition":[156.199,349.819,-3.09459],"carpPosition":[129.364,227.868,61.6017],"dipPosition":[153.809,335.336,5.72345],"direction":[0.1673,0.868072,-0.467398],"extended":true,"handId":189,"id":1893,"length":59.0499,"mcpPosition":[140.548,276.319,32.7005],"pipPosition":[149.561,313.296,17.5904],"stabilizedTipPosition":[155.291,346.638,0.232338],"timeVisible":3.29004,"tipPosition":[155.036,347.775,1.5325],"tipVelocity":[13.93,11.1783,9.91563],"tool":false,"touchDistance":0.118849,"touchZone":"hovering","type":3,"width":15.5739},{"bases":[[[0.745903,-0.541171,-0.388281],[0.575558,0.230322,0.784656],[-0.335203,-0.808755,0.483274]],[[0.766643,-0.485894,-0.41972],[0.546188,0.149869,0.824147],[-0.337545,-0.861073,0.380285]],[[0.766643,-0.485894,-0.41972],[0.580697,0.245795,0.776129],[-0.273951,-0.838744,0.470594]],[[0.766643,-0.485894,-0.41972],[0.595773,0.294596,0.747173],[-0.239399,-0.822873,0.515333]]],"btipPosition":[175.347,320.595,-0.715936],"carpPosition":[137.869,221.597,53.9147],"dipPosition":[171.565,307.595,7.42521],"direction":[0.273951,0.838744,-0.470594],"extended":true,"handId":189,"id":1894,"length":46.294,"mcpPosition":[155.715,264.655,28.1851],"pipPosition":[166.654,292.56,15.8611],"stabilizedTipPosition":[174.513,317.976,2.96218],"timeVisible":3.29004,"tipPosition":[173.731,319.25,4.21837],"tipVelocity":[14.9948,13.1018,21.0289],"tool":false,"touchDistance":0.333621,"touchZone":"hovering","type":4,"width":13.834}],"r":[[0.833481,-0.152157,0.531185],[0.429775,0.782727,-0.450147],[-0.34728,0.603479,0.717781]],"s":1.19325,"t":[-3.46997,31.9023,-10.1415],"timestamp":630367610138},{"currentFrameRate":55.3085,"devices":[],"gestures":[],"hands":[{"armBasis":[[0.939351,-0.053916,-0.338694],[0.277454,0.699966,0.658078],[0.201593,-0.712138,0.672473]],"armWidth":55.9977,"confidence":1,"direction":[0.117982,0.929619,-0.349126],"elbow":[173.589,23.2156,235.448],"grabAngle":0.0742836,"grabStrength":0,"id":189,"palmNormal":[-0.251276,-0.312191,-0.916186],"palmPosition":[120.885,262.805,38.7039],"palmVelocity":[-1.79977,15.2452,13.5628],"palmWidth":83.544,"pinchDistance":64.2541,"pinchStrength":0,"r":[[0.832744,-0.152101,0.532355],[0.430523,0.782462,-0.449892],[-0.348119,0.603836,0.717074]],"s":1.193,"sphereCenter":[137.019,338.448,100.095],"sphereRadius":101.806,"stabilizedPalmPosition":[119.868,261.648,37.2604],"t":[-3.42229,32.1418,-9.9321],"timeVisible":3.30809,"type":"right","wrist":[123.613,199.758,68.739]}],"id":62603,"interactionBox":{"center":[0,200,0],"size":[235.247,235.247,147.751]},"pointables":[{"bases":[[[0.634352,0.381833,0.672161],[-0.706834,-0.0655866,0.704332],[0.313022,-0.921901,0.228288]],[[0.504333,0.651459,0.566788],[-0.745926,-0.00199569,0.666026],[0.43502,-0.758681,0.484934]],[[0.504333,0.651459,0.566788],[-0.84363,0.231696,0.484361],[0.184219,-0.722439,0.666443]],[[0.504333,0.651459,0.566788],[-0.863464,0.373763,0.338719],[0.00881738,-0.660228,0.751013]]],"btipPosition":[68.8633,287.2,-3.72787],"carpPosition":[94.7473,215.69,55.4329],"dipPosition":[69.0525,273.038,12.3812],"direction":[-0.184219,0.722439,-0.666443],"extended":false,"handId":189,"id":1890,"length":47.7656,"mcpPosition":[94.7473,215.69,55.4329],"pipPosition":[74.8092,250.462,33.2071],"stabilizedTipPosition":[68.1554,283.208,-0.875063],"timeVisible":3.30809,"tipPosition":[71.4496,286.206,2.88744],"tipVelocity":[-4.34713,21.2167,21.1758],"tool":false,"touchDistance":-0.263033,"touchZone":"touching","type":0,"width":17.446},{"bases":[[[0.966869,-0.0369553,-0.252584],[0.241821,0.449556,0.859896],[0.0817729,-0.892487,0.443599]],[[0.969769,-0.141851,-0.198559],[0.236584,0.347147,0.907478],[-0.0597977,-0.927021,0.370212]],[[0.969769,-0.141851,-0.198559],[0.242143,0.458544,0.855046],[-0.0302412,-0.877277,0.47903]],[[0.969769,-0.141851,-0.198559],[0.244023,0.561864,0.790419],[-0.000558557,-0.814977,0.579493]]],"btipPosition":[105.041,357.963,2.76588],"carpPosition":[107.532,228.978,66.9942],"dipPosition":[105.033,345.201,11.8403],"direction":[0.0302412,0.877277,-0.47903],"extended":true,"handId":189,"id":1891,"length":53.8982,"mcpPosition":[102.008,289.265,37.0295],"pipPosition":[104.363,325.767,22.4521],"stabilizedTipPosition":[100.804,353.528,2.62726],"timeVisible":3.30809,"tipPosition":[105.626,354.968,5.1799],"tipVelocity":[15.2768,21.9596,25.7558],"tool":false,"touchDistance":0.0620722,"touchZone":"hovering","type":1,"width":16.6644},{"bases":[[[0.913541,-0.233287,-0.333195],[0.403537,0.417133,0.814345],[-0.0509894,-0.878395,0.475208]],[[0.911959,-0.255431,-0.321069],[0.389586,0.293726,0.872897],[-0.128658,-0.92113,0.367378]],[[0.911959,-0.255431,-0.321069],[0.40236,0.40378,0.821625],[-0.0802269,-0.878474,0.471007]],[[0.911959,-0.255431,-0.321069],[0.406823,0.461598,0.788304],[-0.0531524,-0.849519,0.524873]]],"btipPosition":[130.636,364.238,-2.7129],"carpPosition":[118.679,229.75,65.2734],"dipPosition":[129.72,349.607,6.3271],"direction":[0.0802269,0.878474,-0.471007],"extended":true,"handId":189,"id":1892,"length":61.4127,"mcpPosition":[121.945,286.019,34.8322],"pipPosition":[127.629,326.711,18.6027],"stabilizedTipPosition":[129.519,360.701,-0.108229],"timeVisible":3.30809,"tipPosition":[131.356,361.69,1.28775],"tipVelocity":[8.7035,16.4356,17.9767],"tool":false,"touchDistance":0.0831848,"touchZone":"hovering","type":2,"width":16.3667},{"bases":[[[0.863044,-0.390784,-0.320067],[0.465943,0.371186,0.803192],[-0.195071,-0.842323,0.502433]],[[0.870861,-0.352963,-0.342081],[0.439095,0.245872,0.864143],[-0.220902,-0.902754,0.369104]],[[0.870861,-0.352963,-0.342081],[0.461721,0.348758,0.815586],[-0.168568,-0.868208,0.46669]],[[0.870861,-0.352963,-0.342081],[0.471081,0.400688,0.785832],[-0.140302,-0.845498,0.515217]]],"btipPosition":[156.253,350.073,-2.83454],"carpPosition":[129.305,228.138,61.8487],"dipPosition":[153.85,335.594,5.98816],"direction":[0.168568,0.868208,-0.46669],"extended":true,"handId":189,"id":1893,"length":59.0499,"mcpPosition":[140.524,276.584,32.9518],"pipPosition":[149.57,313.551,17.8371],"stabilizedTipPosition":[155.295,346.639,0.223476],"timeVisible":3.30809,"tipPosition":[155.063,348.03,1.78503],"tipVelocity":[2.80191,14.105,14.4687],"tool":false,"touchDistance":0.123201,"touchZone":"hovering","type":3,"width":15.5739},{"bases":[[[0.745735,-0.541571,-0.388046],[0.575429,0.230001,0.784845],[-0.335798,-0.80858,0.483155]],[[0.766538,-0.486239,-0.419513],[0.545254,0.147644,0.825166],[-0.339289,-0.861262,0.378299]],[[0.766538,-0.486239,-0.419513],[0.580345,0.244762,0.776718],[-0.27499,-0.838846,0.469806]],[[0.766538,-0.486239,-0.419513],[0.596065,0.295568,0.746556],[-0.23901,-0.82232,0.516395]]],"btipPosition":[175.388,320.85,-0.398138],"carpPosition":[137.81,221.862,54.1644],"dipPosition":[171.612,307.86,7.75979],"direction":[0.27499,0.838846,-0.469806],"extended":true,"handId":189,"id":1894,"length":46.294,"mcpPosition":[155.687,264.911,28.4412],"pipPosition":[166.683,292.822,16.1815],"stabilizedTipPosition":[174.513,317.976,2.95119],"timeVisible":3.30809,"tipPosition":[173.744,319.489,4.46731],"tipVelocity":[2.34989,14.2762,17.8233],"tool":false,"touchDistance":0.333588,"touchZone":"hovering","type":4,"width":13.834}],"r":[[0.832744,-0.152101,0.532355],[0.430523,0.782462,-0.449892],[-0.348119,0.603836,0.717074]],"s":1.193,"t":[-3.42229,32.1418,-9.9321],"timestamp":630367628185},{"currentFrameRate":55.3292,"devices":[],"gestures":[],"hands":[{"armBasis":[[0.939685,-0.0516204,-0.338124],[0.275315,0.700741,0.658152],[0.202963,-0.711546,0.672687]],"armWidth":55.9977,"confidence":1,"direction":[0.11724,0.924996,-0.361439],"elbow":[173.721,23.7687,236.195],"grabAngle":0.0549209,"grabStrength":0,"id":189,"palmNormal":[-0.249158,-0.324911,-0.912334],"palmPosition":[120.624,262.866,38.6557],"palmVelocity":[-14.5118,3.41468,-2.68035],"palmWidth":83.544,"pinchDistance":63.8291,"pinchStrength":0,"r":[[0.832008,-0.150367,0.533997],[0.431051,0.781161,-0.451645],[-0.349225,0.605952,0.714748]],"s":1.19349,"sphereCenter":[135.706,347.038,113.724],"sphereRadius":115.971,"stabilizedPalmPosition":[119.873,261.656,37.2694],"t":[-3.52907,32.2922,-9.85154],"timeVisible":3.32609,"type":"right","wrist":[123.405,200.165,69.4323]}],"id":62604,"interactionBox":{"center":[0,200,0],"size":[235.247,235.247,147.751]},"pointables":[{"bases":[[[0.632572,0.391827,0.668075],[-0.708009,-0.0571298,0.703889],[0.31397,-0.918263,0.241278]],[[0.506063,0.654159,0.562118],[-0.746433,0.00563762,0.665437],[0.432133,-0.756336,0.491139]],[[0.506063,0.654159,0.562118],[-0.8424,0.235011,0.484904],[0.185101,-0.71892,0.669994]],[[0.506063,0.654159,0.562118],[-0.86238,0.373049,0.34225],[0.0141883,-0.657959,0.75292]]],"btipPosition":[68.631,287.186,-3.62431],"carpPosition":[94.5254,215.943,55.9727],"dipPosition":[68.9354,273.073,12.5257],"direction":[-0.185101,0.71892,-0.669994],"extended":false,"handId":189,"id":1890,"length":47.7656,"mcpPosition":[94.5254,215.943,55.9727],"pipPosition":[74.7196,250.607,33.4625],"stabilizedTipPosition":[68.164,283.22,-0.859831],"timeVisible":3.32609,"tipPosition":[71.0959,285.621,2.32356],"tipVelocity":[-11.4311,-0.134184,6.27572],"tool":false,"touchDistance":-0.26115,"touchZone":"touching","type":0,"width":17.446},{"bases":[[[0.967378,-0.0389119,-0.250333],[0.239602,0.46149,0.854177],[0.0822884,-0.886292,0.455759]],[[0.97045,-0.139759,-0.196709],[0.234612,0.355847,0.904616],[-0.0564302,-0.924035,0.378121]],[[0.97045,-0.139759,-0.196709],[0.239608,0.461664,0.854081],[-0.0285524,-0.875976,0.481509]],[[0.97045,-0.139759,-0.196709],[0.241302,0.564639,0.789276],[0.000761006,-0.813419,0.581678]]],"btipPosition":[104.554,357.8,1.92612],"carpPosition":[107.27,229.405,67.3764],"dipPosition":[104.566,345.063,11.0348],"direction":[0.0285524,0.875976,-0.481509],"extended":true,"handId":189,"id":1891,"length":53.8982,"mcpPosition":[101.711,289.273,36.5903],"pipPosition":[103.933,325.658,21.7015],"stabilizedTipPosition":[100.892,353.56,2.66002],"timeVisible":3.32609,"tipPosition":[105.262,354.558,3.86854],"tipVelocity":[-26.8386,-8.72636,-46.2112],"tool":false,"touchDistance":0.0482073,"touchZone":"hovering","type":1,"width":16.6644},{"bases":[[[0.914486,-0.236394,-0.32838],[0.401448,0.428697,0.809357],[-0.0505515,-0.871973,0.486938]],[[0.912902,-0.258524,-0.315873],[0.386858,0.301153,0.871578],[-0.130198,-0.917863,0.374935]],[[0.912902,-0.258524,-0.315873],[0.398506,0.397018,0.826783],[-0.0883364,-0.880648,0.465462]],[[0.912902,-0.258524,-0.315873],[0.403081,0.44905,0.79742],[-0.0643101,-0.855289,0.514145]]],"btipPosition":[130.819,364.258,-3.07703],"carpPosition":[118.419,230.17,65.6652],"dipPosition":[129.711,349.528,5.77821],"direction":[0.0883364,0.880648,-0.465462],"extended":true,"handId":189,"id":1892,"length":61.4127,"mcpPosition":[121.657,286.028,34.4727],"pipPosition":[127.409,326.576,17.9093],"stabilizedTipPosition":[129.526,360.702,-0.114319],"timeVisible":3.32609,"tipPosition":[130.984,361.225,-0.144077],"tipVelocity":[7.71213,-0.139397,-22.5875],"tool":false,"touchDistance":0.0764078,"touchZone":"hovering","type":2,"width":16.3667},{"bases":[[[0.864197,-0.393775,-0.313216],[0.463942,0.382698,0.798937],[-0.194735,-0.835753,0.513415]],[[0.872216,-0.355047,-0.336424],[0.435742,0.251585,0.864196],[-0.222191,-0.900359,0.374146]],[[0.872216,-0.355047,-0.336424],[0.45655,0.344173,0.820431],[-0.175503,-0.869187,0.46229]],[[0.872216,-0.355047,-0.336424],[0.465921,0.39378,0.792373],[-0.148853,-0.847867,0.508885]]],"btipPosition":[156.357,350.052,-3.01957],"carpPosition":[129.053,228.528,62.2816],"dipPosition":[153.808,335.533,5.69469],"direction":[0.175503,0.869187,-0.46229],"extended":true,"handId":189,"id":1893,"length":59.0499,"mcpPosition":[140.253,276.596,32.7531],"pipPosition":[149.352,313.465,17.432],"stabilizedTipPosition":[155.297,346.64,0.217816],"timeVisible":3.32609,"tipPosition":[154.811,347.574,0.538496],"tipVelocity":[3.90889,-1.66502,-11.6635],"tool":false,"touchDistance":0.119701,"touchZone":"hovering","type":3,"width":15.5739},{"bases":[[[0.747235,-0.545642,-0.379362],[0.573669,0.241442,0.782694],[-0.335477,-0.802484,0.493431]],[[0.769381,-0.486653,-0.41379],[0.539622,0.148489,0.828709],[-0.341851,-0.860883,0.376853]],[[0.769381,-0.486653,-0.41379],[0.575053,0.245595,0.780383],[-0.278151,-0.838363,0.468807]],[[0.769381,-0.486653,-0.41379],[0.589743,0.292211,0.752872],[-0.245473,-0.823275,0.511822]]],"btipPosition":[175.384,320.819,-0.274678],"carpPosition":[137.581,222.162,54.698],"dipPosition":[171.506,307.813,7.81101],"direction":[0.278151,0.838363,-0.468807],"extended":true,"handId":189,"id":1894,"length":46.294,"mcpPosition":[155.442,264.886,28.4277],"pipPosition":[166.52,292.785,16.2148],"stabilizedTipPosition":[174.513,317.975,2.94556],"timeVisible":3.32609,"tipPosition":[173.52,319.086,3.62692],"tipVelocity":[-1.53344,-1.91269,5.93512],"tool":false,"touchDistance":0.333425,"touchZone":"hovering","type":4,"width":13.834}],"r":[[0.832008,-0.150367,0.533997],[0.431051,0.781161,-0.451645],[-0.349225,0.605952,0.714748]],"s":1.19349,"t":[-3.52907,32.2922,-9.85154],"timestamp":630367646187},{"currentFrameRate":55.3291,"devices":[],"gestures":[],"hands":[{"armBasis":[[0.938411,-0.0516659,-0.341635],[0.278101,0.699711,0.658077],[0.205046,-0.712556,0.670985]],"armWidth":55.9977,"confidence":1,"direction":[0.11974,0.927404,-0.35438],"elbow":[173.718,23.5085,235.78],"grabAngle":0.0549178,"grabStrength":0,"id":189,"palmNormal":[-0.251069,-0.317059,-0.91457],"palmPosition":[120.231,263.068,39.1014],"palmVelocity":[-21.7531,11.1408,24.6588],"palmWidth":83.544,"pinchDistance":63.951,"pinchStrength":0,"r":[[0.831434,-0.150316,0.534904],[0.431862,0.780552,-0.451922],[-0.349589,0.606748,0.713893]],"s":1.19387,"sphereCenter":[135.416,346.874,115.365],"sphereRadius":116.466,"stabilizedPalmPosition":[119.875,261.664,37.2798],"t":[-3.77904,32.4682,-9.58841],"timeVisible":3.34416,"type":"right","wrist":[122.886,200.155,69.4394]}],"id":62605,"interactionBox":{"center":[0,200,0],"size":[235.247,235.247,147.751]},"pointables":[{"bases":[[[0.634444,0.384683,0.670447],[-0.707482,-0.0604003,0.704146],[0.311368,-0.92107,0.233836]],[[0.508414,0.648571,0.566455],[-0.745125,0.00161869,0.666923],[0.43163,-0.761153,0.484089]],[[0.508414,0.648571,0.566455],[-0.841078,0.232942,0.488187],[0.184672,-0.724634,0.663929]],[[0.508414,0.648571,0.566455],[-0.860985,0.371541,0.347363],[0.0148281,-0.664314,0.747307]]],"btipPosition":[68.1328,287.871,-2.88315],"carpPosition":[94.0045,216.092,56.0809],"dipPosition":[68.4509,273.622,13.1465],"direction":[-0.184672,0.724634,-0.663929],"extended":false,"handId":189,"id":1890,"length":47.7656,"mcpPosition":[94.0045,216.092,56.0809],"pipPosition":[74.2218,250.978,33.8938],"stabilizedTipPosition":[68.1649,283.249,-0.825016],"timeVisible":3.34416,"tipPosition":[70.7141,286.241,2.97699],"tipVelocity":[-27.3908,36.1584,39.4743],"tool":false,"touchDistance":-0.249259,"touchZone":"touching","type":0,"width":17.446},{"bases":[[[0.967003,-0.039954,-0.251612],[0.241877,0.454113,0.857483],[0.0800003,-0.890048,0.448793]],[[0.969782,-0.142211,-0.198241],[0.236356,0.346161,0.907914],[-0.0604925,-0.927334,0.369313]],[[0.969782,-0.142211,-0.198241],[0.241795,0.451855,0.858698],[-0.0325403,-0.880683,0.472587]],[[0.969782,-0.142211,-0.198241],[0.243955,0.554944,0.795313],[-0.00308988,-0.819642,0.572868]]],"btipPosition":[104.549,358.407,3.27817],"carpPosition":[106.802,229.426,67.5755],"dipPosition":[104.5,345.572,12.2489],"direction":[0.0325403,0.880683,-0.472587],"extended":true,"handId":189,"id":1891,"length":53.8982,"mcpPosition":[101.398,289.548,37.2599],"pipPosition":[103.779,326.062,22.7179],"stabilizedTipPosition":[100.943,353.586,2.6975],"timeVisible":3.34416,"tipPosition":[105.11,355.078,5.04543],"tipVelocity":[-1.036,32.3127,73.0511],"tool":false,"touchDistance":0.0702127,"touchZone":"hovering","type":1,"width":16.6644},{"bases":[[[0.913423,-0.236661,-0.331133],[0.403576,0.42117,0.812245],[-0.0527636,-0.875561,0.480217]],[[0.911807,-0.258617,-0.318945],[0.388514,0.291934,0.873975],[-0.132913,-0.920811,0.366663]],[[0.911807,-0.258617,-0.318945],[0.400552,0.389241,0.829487],[-0.0903724,-0.884086,0.458502]],[[0.911807,-0.258617,-0.318945],[0.405262,0.441706,0.800412],[-0.0661195,-0.859077,0.507558]]],"btipPosition":[130.697,364.773,-1.79252],"carpPosition":[117.951,230.17,65.859],"dipPosition":[129.558,349.977,6.94926],"direction":[0.0903724,0.884086,-0.458502],"extended":true,"handId":189,"id":1892,"length":61.4127,"mcpPosition":[121.331,286.257,35.0969],"pipPosition":[127.203,326.936,18.899],"stabilizedTipPosition":[129.529,360.705,-0.112991],"timeVisible":3.34416,"tipPosition":[130.854,361.69,1.05068],"tipVelocity":[-7.12057,27.6558,69.6253],"tool":false,"touchDistance":0.0973812,"touchZone":"hovering","type":2,"width":16.3667},{"bases":[[[0.862663,-0.394,-0.317138],[0.465917,0.37506,0.801406],[-0.196808,-0.839103,0.507121]],[[0.870883,-0.354548,-0.34038],[0.437194,0.242416,0.866081],[-0.224553,-0.903067,0.366122]],[[0.870883,-0.354548,-0.34038],[0.458389,0.336062,0.822765],[-0.177321,-0.872558,0.455192]],[[0.870883,-0.354548,-0.34038],[0.468028,0.386822,0.794555],[-0.150041,-0.851272,0.502815]]],"btipPosition":[156.163,350.493,-1.87459],"carpPosition":[128.577,228.521,62.4519],"dipPosition":[153.594,335.916,6.73573],"direction":[0.177321,0.872558,-0.455192],"extended":true,"handId":189,"id":1893,"length":59.0499,"mcpPosition":[139.896,276.782,33.2854],"pipPosition":[149.092,313.762,18.2928],"stabilizedTipPosition":[155.298,346.641,0.217497],"timeVisible":3.34416,"tipPosition":[154.647,347.959,1.59977],"tipVelocity":[-10.9622,23.6513,62.0271],"tool":false,"touchDistance":0.138386,"touchZone":"hovering","type":3,"width":15.5739},{"bases":[[[0.745166,-0.544987,-0.38434],[0.575191,0.233596,0.783957],[-0.337466,-0.805246,0.48754]],[[0.767766,-0.48489,-0.418828],[0.540231,0.138426,0.830053],[-0.344508,-0.86355,0.368232]],[[0.767766,-0.48489,-0.418828],[0.57648,0.237461,0.781846],[-0.279654,-0.841721,0.461844]],[[0.767766,-0.48489,-0.418828],[0.591968,0.286683,0.753251],[-0.245174,-0.826253,0.507144]]],"btipPosition":[175.095,321.186,0.629612],"carpPosition":[137.078,222.188,54.8105],"dipPosition":[171.222,308.133,8.6414],"direction":[0.279654,0.841721,-0.461844],"extended":true,"handId":189,"id":1894,"length":46.294,"mcpPosition":[155.044,265.059,28.8539],"pipPosition":[166.209,293.045,16.9204],"stabilizedTipPosition":[174.512,317.976,2.94423],"timeVisible":3.34416,"tipPosition":[173.271,319.387,4.44457],"tipVelocity":[-15.9262,19.6989,49.0923],"tool":false,"touchDistance":0.334003,"touchZone":"hovering","type":4,"width":13.834}],"r":[[0.831434,-0.150316,0.534904],[0.431862,0.780552,-0.451922],[-0.349589,0.606748,0.713893]],"s":1.19387,"t":[-3.77904,32.4682,-9.58841],"timestamp":630367664261},{"currentFrameRate":55.3242,"devices":[],"gestures":[],"hands":[