{"frames":57,"data":[{"currentFrameRate":55.292,"devices":[],"gestures":[],"hands":[{"armBasis":[[0.872589,0.0234513,-0.487892],[0.289741,0.779292,0.555657],[0.393241,-0.626223,0.673206]],"armWidth":64.6251,"confidence":1,"direction":[0.0932241,0.880229,-0.465302],"elbow":[160.733,-4.42562,258.139],"grabAngle":2.24475,"grabStrength":0.528225,"id":123,"palmNormal":[-0.277708,-0.425802,-0.861145],"palmPosition":[52.5154,219.05,45.6516],"palmVelocity":[-13.5138,-3.21331,-4.53665],"palmWidth":87.1252,"pinchDistance":42.5154,"pinchStrength":0.787734,"r":[[-0.108694,0.834921,-0.53953],[-0.896026,-0.317328,-0.31055],[-0.430493,0.449678,0.782602]],"s":0.978468,"sphereCenter":[45.2698,213.865,-2.45535],"sphereRadius":43.6465,"stabilizedPalmPosition":[48.4081,220.168,46.1251],"t":[-86.8873,53.355,-11.3222],"timeVisible":5.54964,"type":"right","wrist":[59.068,157.473,84.0941]}],"id":45396,"interactionBox":{"center":[0,200,0],"size":[235.247,235.247,147.751]},"pointables":[{"bases":[[[0.651325,0.468309,0.597044],[-0.681676,0.0155048,0.73149],[0.333306,-0.883429,0.329334]],[[0.43467,0.812798,0.387842],[-0.837637,0.206691,0.505612],[0.330797,-0.544645,0.770672]],[[0.43467,0.812798,0.387842],[-0.899451,0.370152,0.232327],[0.0452749,-0.44983,0.891966]],[[0.43467,0.812798,0.387842],[-0.847905,0.514484,-0.12792],[-0.303512,-0.27325,0.912806]]],"btipPosition":[15.8215,218.118,-14.2247],"carpPosition":[26.5456,172.2,69.9868],"dipPosition":[9.32189,212.266,5.32295],"direction":[-0.0452749,0.44983,-0.891966],"extended":false,"handId":123,"id":1230,"length":47.6877,"mcpPosition":[26.5456,172.2,69.9868],"pipPosition":[10.7344,198.233,33.1507],"stabilizedTipPosition":[12.3842,217.838,-9.10143],"timeVisible":5.54964,"tipPosition":[12.1371,218.401,-8.45723],"tipVelocity":[-14.5269,-7.1016,-2.87526],"tool":false,"touchDistance":-0.288211,"touchZone":"touching","type":0,"width":21.0415},{"bases":[[[0.958211,-0.0587312,-0.27997],[0.264454,0.555029,0.788674],[0.109072,-0.829755,0.547367]],[[0.959474,-0.0688873,-0.273246],[0.206377,0.832032,0.514909],[0.191879,-0.550434,0.81253]],[[0.959474,-0.0688873,-0.273246],[0.0294924,0.988883,-0.145745],[0.280248,0.13178,0.950839]],[[0.959474,-0.0688873,-0.273246],[-0.106083,0.810031,-0.576712],[0.261066,0.582327,0.769896]]],"btipPosition":[14.5781,255.645,-23.8053],"carpPosition":[40.0842,187.573,79.7612],"dipPosition":[18.6596,264.749,-11.769],"direction":[-0.280248,-0.13178,-0.950839],"extended":false,"handId":123,"id":1231,"length":53.8102,"mcpPosition":[32.4007,246.025,41.2021],"pipPosition":[24.8577,267.663,9.2602],"stabilizedTipPosition":[15.373,258.076,-20.3834],"timeVisible":5.54964,"tipPosition":[15.818,259.216,-20.6598],"tipVelocity":[-16.6805,-13.8482,-4.23404],"tool":false,"touchDistance":-0.275027,"touchZone":"touching","type":1,"width":20.0989},{"bases":[[[0.90492,-0.264047,-0.333765],[0.424974,0.518758,0.741814],[-0.0227306,-0.813123,0.581647]],[[0.905197,-0.240049,-0.350706],[0.368935,0.853468,0.368074],[0.21096,-0.462567,0.86112]],[[0.905197,-0.240049,-0.350706],[0.0864576,0.911962,-0.401061],[0.416104,0.332718,0.84626]],[[0.905197,-0.240049,-0.350706],[-0.19095,0.507501,-0.840227],[0.379679,0.827538,0.413551]]],"btipPosition":[26.4884,240.096,-28.4942],"carpPosition":[51.6298,188.261,77.4725],"dipPosition":[33.017,254.325,-21.3831],"direction":[-0.416104,-0.332718,-0.84626],"extended":false,"handId":123,"id":1232,"length":61.3124,"mcpPosition":[53.1483,242.581,38.6158],"pipPosition":[43.844,262.982,0.63655],"stabilizedTipPosition":[27.5215,238.91,-23.8635],"timeVisible":5.54964,"tipPosition":[27.5945,240.446,-25.6217],"tipVelocity":[-12.4826,33.2982,-23.1224],"tool":false,"touchDistance":-0.215725,"touchZone":"touching","type":2,"width":19.7398},{"bases":[[[0.857084,-0.419176,-0.299497],[0.487599,0.472382,0.734236],[-0.166297,-0.775336,0.609261]],[[0.854615,-0.430235,-0.290743],[0.450906,0.89256,0.0046107],[0.257522,-0.135038,0.95679]],[[0.854615,-0.430235,-0.290743],[-0.0575123,0.478045,-0.87645],[0.516068,0.765749,0.3838]],[[0.854615,-0.430235,-0.290743],[-0.342961,-0.0472673,-0.93816],[0.389886,0.901479,-0.187949]]],"btipPosition":[42.3059,203.459,-8.42651],"carpPosition":[62.6066,186.256,73.7482],"dipPosition":[48.9715,218.871,-11.6397],"direction":[-0.516068,-0.765749,-0.3838],"extended":false,"handId":123,"id":1233,"length":58.9535,"mcpPosition":[72.581,232.76,37.2051],"pipPosition":[62.0528,238.281,-1.91118],"stabilizedTipPosition":[42.5195,209.306,-10.2968],"timeVisible":5.54964,"tipPosition":[44.7781,211.838,-13.2349],"tipVelocity":[-15.7252,-5.37994,-4.79079],"tool":false,"touchDistance":-0.134089,"touchZone":"touching","type":3,"width":18.7836},{"bases":[[[0.73965,-0.578346,-0.344142],[0.598351,0.331067,0.729638],[-0.308049,-0.745594,0.590928]],[[0.733449,-0.592898,-0.332453],[0.619753,0.784176,-0.0312213],[0.279213,-0.18314,0.942603]],[[0.733449,-0.592898,-0.332453],[-0.027962,0.462355,-0.886254],[0.67917,0.659318,0.322535]],[[0.733449,-0.592898,-0.332453],[-0.405253,0.0112587,-0.914135],[0.545732,0.805199,-0.232016]]],"btipPosition":[58.5975,201.676,0.877675],"carpPosition":[71.29,178.853,66.2977],"dipPosition":[67.2049,214.376,-2.7817],"direction":[-0.67917,-0.659318,-0.322535],"extended":false,"handId":123,"id":1234,"length":46.2185,"mcpPosition":[88.3936,220.25,33.4881],"pipPosition":[79.3598,226.175,2.99063],"stabilizedTipPosition":[59.2158,206.682,-0.59719],"timeVisible":5.54964,"tipPosition":[61.5552,207.236,-2.46846],"tipVelocity":[-15.4423,-6.33019,-3.88658],"tool":false,"touchDistance":-0.22639,"touchZone":"touching","type":4,"width":16.6851}],"r":[[-0.108694,0.834921,-0.53953],[-0.896026,-0.317328,-0.31055],[-0.430493,0.449678,0.782602]],"s":0.978468,"t":[-86.8873,53.355,-11.3222],"timestamp":630023962654},{"currentFrameRate":55.3335,"devices":[],"gestures":[],"hands":[{"armBasis":[[0.87171,0.0239985,-0.489434],[0.289743,0.780252,0.554307],[0.395184,-0.625005,0.6732]],"armWidth":64.6251,"confidence":1,"direction":[0.0930371,0.881123,-0.463645],"elbow":[161.019,-4.3543,258.018],"grabAngle":2.23901,"grabStrength":0.53205,"id":123,"palmNormal":[-0.277972,-0.424162,-0.861869],"palmPosition":[52.2635,218.86,45.6314],"palmVelocity":[-14.0498,-10.5685,-1.12877],"palmWidth":87.1252,"pinchDistance":42.3125,"pinchStrength":0.7894,"r":[[-0.108916,0.834963,-0.53942],[-0.89598,-0.317485,-0.310521],[-0.430532,0.449489,0.782689]],"s":0.983363,"sphereCenter":[44.9353,213.751,-2.53355],"sphereRadius":43.7281,"stabilizedPalmPosition":[48.4488,220.154,46.1199],"t":[-87.13,53.2211,-11.3657],"timeVisible":5.56757,"type":"right","wrist":[58.8511,157.229,83.9738]}],"id":45397,"interactionBox":{"center":[0,200,0],"size":[235.247,235.247,147.751]},"pointables":[{"bases":[[[0.651502,0.46719,0.597728],[-0.681438,0.0140754,0.731741],[0.333449,-0.884045,0.327531]],[[0.434784,0.812052,0.389274],[-0.837584,0.205878,0.50603],[0.33078,-0.546064,0.769674]],[[0.434784,0.812052,0.389274],[-0.899403,0.369908,0.232898],[0.0451293,-0.451375,0.891193]],[[0.434784,0.812052,0.389274],[-0.84757,0.515065,-0.127803],[-0.304285,-0.27437,0.912213]]],"btipPosition":[15.6014,218.021,-14.2417],"carpPosition":[26.3035,171.963,69.8852],"dipPosition":[9.08515,212.145,5.29315],"direction":[-0.0451293,0.451375,-0.891192],"extended":false,"handId":123,"id":1230,"length":47.6877,"mcpPosition":[26.3035,171.963,69.8852],"pipPosition":[10.4931,198.063,33.0968],"stabilizedTipPosition":[12.429,217.807,-9.11832],"timeVisible":5.56757,"tipPosition":[11.875,218.308,-8.46966],"tipVelocity":[-12.4934,-5.7225,-1.11565],"tool":false,"touchDistance":-0.288023,"touchZone":"touching","type":0,"width":21.0415},{"bases":[[[0.958121,-0.058156,-0.280395],[0.26469,0.553527,0.78965],[0.109283,-0.830798,0.54574]],[[0.95931,-0.0676677,-0.274126],[0.205834,0.832172,0.5149],[0.193278,-0.550373,0.81224]],[[0.95931,-0.0676677,-0.274126],[0.0275191,0.988643,-0.147742],[0.28101,0.134187,0.950277]],[[0.95931,-0.0676677,-0.274126],[-0.108662,0.807608,-0.579623],[0.260608,0.585825,0.767393]]],"btipPosition":[14.259,255.353,-23.7043],"carpPosition":[39.8447,187.318,79.6846],"dipPosition":[18.3333,264.511,-11.7071],"direction":[-0.28101,-0.134187,-0.950277],"extended":false,"handId":123,"id":1231,"length":53.8102,"mcpPosition":[32.1463,245.843,41.2401],"pipPosition":[24.5482,267.479,9.30968],"stabilizedTipPosition":[15.3633,258.042,-20.4143],"timeVisible":5.56757,"tipPosition":[15.5378,259.127,-20.5961],"tipVelocity":[-17.8907,-15.5913,5.13283],"tool":false,"touchDistance":-0.273493,"touchZone":"touching","type":1,"width":20.0989},{"bases":[[[0.904821,-0.26337,-0.334566],[0.425196,0.517352,0.742668],[-0.0225082,-0.814238,0.580095]],[[0.905094,-0.239639,-0.351253],[0.370606,0.849565,0.375355],[0.208463,-0.469908,0.857747]],[[0.905094,-0.239639,-0.351253],[0.095006,0.919152,-0.382275],[0.414463,0.312623,0.854686]],[[0.905094,-0.239639,-0.351253],[-0.181234,0.529866,-0.828491],[0.384656,0.81352,0.436147]]],"btipPosition":[26.3005,241.007,-28.9285],"carpPosition":[51.3895,188.01,77.3935],"dipPosition":[32.9147,254.996,-21.4289],"direction":[-0.414463,-0.312623,-0.854685],"extended":false,"handId":123,"id":1232,"length":61.3124,"mcpPosition":[52.8932,242.405,38.6405],"pipPosition":[43.6991,263.13,0.80997],"stabilizedTipPosition":[27.5419,239.272,-24.0911],"timeVisible":5.56757,"tipPosition":[27.35,240.633,-25.6937],"tipVelocity":[-9.37946,47.7548,-19.2422],"tool":false,"touchDistance":-0.221475,"touchZone":"touching","type":2,"width":19.7398},{"bases":[[[0.857002,-0.418567,-0.300581],[0.487821,0.470994,0.73498],[-0.166067,-0.776509,0.607828]],[[0.854584,-0.429437,-0.29201],[0.450975,0.892507,0.00726336],[0.257502,-0.137897,0.956388]],[[0.854584,-0.429437,-0.29201],[-0.0568088,0.481621,-0.874536],[0.516196,0.763954,0.38719]],[[0.854584,-0.429437,-0.29201],[-0.342556,-0.0435327,-0.938488],[0.390309,0.902047,-0.184308]]],"btipPosition":[42.041,203.439,-8.55873],"carpPosition":[62.3652,186.013,73.6618],"dipPosition":[48.7139,218.861,-11.7097],"direction":[-0.516196,-0.763954,-0.38719],"extended":false,"handId":123,"id":1233,"length":58.9535,"mcpPosition":[72.3258,232.588,37.2046],"pipPosition":[61.7984,238.225,-1.89524],"stabilizedTipPosition":[42.5395,209.262,-10.2776],"timeVisible":5.56757,"tipPosition":[44.5009,211.728,-13.2392],"tipVelocity":[-14.6808,-0.983648,-6.57598],"tool":false,"touchDistance":-0.136054,"touchZone":"touching","type":3,"width":18.7836},{"bases":[[[0.73956,-0.577656,-0.345491],[0.598576,0.329692,0.730075],[-0.307827,-0.746737,0.589598]],[[0.733424,-0.592091,-0.333942],[0.619783,0.784228,-0.0292593],[0.279211,-0.185512,0.94214]],[[0.733424,-0.592091,-0.333942],[-0.027311,0.465193,-0.884788],[0.679223,0.658045,0.325013]],[[0.733424,-0.592091,-0.333942],[-0.40474,0.0143277,-0.91432],[0.546145,0.805743,-0.229135]]],"btipPosition":[58.3342,201.602,0.773222],"carpPosition":[71.0464,178.625,66.1943],"dipPosition":[66.9481,214.311,-2.84071],"direction":[-0.679223,-0.658045,-0.325013],"extended":false,"handId":123,"id":1234,"length":46.2185,"mcpPosition":[88.1377,220.085,33.4584],"pipPosition":[79.104,226.087,2.97597],"stabilizedTipPosition":[59.2406,206.634,-0.585018],"timeVisible":5.56757,"tipPosition":[61.2846,207.13,-2.50555],"tipVelocity":[-14.6029,-4.00568,-5.24297],"tool":false,"touchDistance":-0.227957,"touchZone":"touching","type":4,"width":16.6851}],"r":[[-0.108916,0.834963,-0.53942],[-0.89598,-0.317485,-0.310521],[-0.430532,0.449489,0.782689]],"s":0.983363,"t":[-87.13,53.2211,-11.3657],"timestamp":630023980583},{"currentFrameRate":55.3203,"devices":[],"gestures":[],"hands":[{"armBasis":[[0.871362,0.0258469,-0.48996],[0.288398,0.780902,0.554092],[0.396932,-0.624118,0.672994]],"armWidth":64.6251,"confidence":1,"direction":[0.0918205,0.880872,-0.464364],"elbow":[161.344,-4.12097,258.03],"grabAngle":2.23285,"grabStrength":0.536359,"id":123,"palmNormal":[-0.277063,-0.425319,-0.861591],"palmPosition":[52.0428,218.826,45.651],"palmVelocity":[-12.179,-1.89382,1.08331],"palmWidth":87.1252,"pinchDistance":42.1667,"pinchStrength":0.79011,"r":[[-0.109319,0.834872,-0.53948],[-0.895827,-0.317939,-0.310498],[-0.430748,0.449337,0.782657]],"s":0.988237,"sphereCenter":[44.6916,213.642,-2.57931],"sphereRadius":43.8296,"stabilizedPalmPosition":[48.4887,220.139,46.1147],"t":[-87.3617,53.1369,-11.3776],"timeVisible":5.58569,"type":"right","wrist":[58.7246,157.233,84.0392]}],"id":45398,"interactionBox":{"center":[0,200,0],"size":[235.247,235.247,147.751]},"pointables":[{"bases":[[[0.650605,0.468697,0.597525],[-0.681676,0.0136474,0.731527],[0.33471,-0.883253,0.328379]],[[0.43353,0.81294,0.38882],[-0.837956,0.204957,0.505789],[0.331485,-0.545089,0.770062]],[[0.43353,0.81294,0.38882],[-0.899995,0.368864,0.232267],[0.0453972,-0.450631,0.891555]],[[0.43353,0.81294,0.38882],[-0.847947,0.51406,-0.129338],[-0.305021,-0.273627,0.91219]]],"btipPosition":[15.4193,217.882,-14.2194],"carpPosition":[26.1477,171.909,69.9369],"dipPosition":[8.88732,212.022,5.31496],"direction":[-0.0453972,0.450631,-0.891555],"extended":false,"handId":123,"id":1230,"length":47.6877,"mcpPosition":[26.1477,171.909,69.9369],"pipPosition":[10.3036,197.963,33.1299],"stabilizedTipPosition":[12.4697,217.772,-9.13493],"timeVisible":5.58569,"tipPosition":[11.6742,218.164,-8.46318],"tipVelocity":[-10.2469,-7.48771,1.22388],"tool":false,"touchDistance":-0.287222,"touchZone":"touching","type":0,"width":21.0415},{"bases":[[[0.958293,-0.0569203,-0.280062],[0.263603,0.554602,0.789259],[0.110398,-0.830167,0.546476]],[[0.959441,-0.0659765,-0.274081],[0.204074,0.833293,0.513786],[0.194492,-0.54888,0.812959]],[[0.959441,-0.0659765,-0.274081],[0.0246692,0.988148,-0.15151],[0.280829,0.138603,0.949697]],[[0.959441,-0.0659765,-0.274081],[-0.111542,0.804046,-0.584011],[0.258905,0.590895,0.764075]]],"btipPosition":[13.9811,255.048,-23.6771],"carpPosition":[39.6624,187.293,79.7272],"dipPosition":[18.0287,264.286,-11.7318],"direction":[-0.280829,-0.138603,-0.949697],"extended":false,"handId":123,"id":1231,"length":53.8102,"mcpPosition":[31.8854,245.774,41.2309],"pipPosition":[24.2396,267.351,9.27218],"stabilizedTipPosition":[15.337,257.991,-20.4443],"timeVisible":5.58569,"tipPosition":[15.2714,258.963,-20.6244],"tipVelocity":[-15.6758,-15.8042,0.843207],"tool":false,"touchDistance":-0.273238,"touchZone":"touching","type":1,"width":20.0989},{"bases":[[[0.905325,-0.262262,-0.334074],[0.424179,0.518634,0.742355],[-0.0214292,-0.81378,0.580778]],[[0.905567,-0.238843,-0.350574],[0.370682,0.847374,0.380199],[0.20626,-0.474247,0.855889]],[[0.905567,-0.238843,-0.350574],[0.102155,0.924894,-0.366245],[0.411719,0.295847,0.861952]],[[0.905567,-0.238843,-0.350574],[-0.171668,0.5494,-0.817735],[0.387915,0.800696,0.456517]]],"btipPosition":[26.1582,241.816,-29.386],"carpPosition":[51.2068,188.002,77.439],"dipPosition":[32.8285,255.584,-21.5362],"direction":[-0.411719,-0.295847,-0.861952],"extended":false,"handId":123,"id":1232,"length":61.3124,"mcpPosition":[52.6384,242.366,38.6403],"pipPosition":[43.5414,263.282,0.891781],"stabilizedTipPosition":[27.5534,239.706,-24.3562],"timeVisible":5.58569,"tipPosition":[27.1526,240.776,-25.8158],"tipVelocity":[-7.14208,41.8502,-20.8017],"tool":false,"touchDistance":-0.227758,"touchZone":"touching","type":2,"width":19.7398},{"bases":[[[0.857734,-0.417504,-0.299972],[0.486877,0.472366,0.734725],[-0.165054,-0.776248,0.608437]],[[0.855394,-0.428091,-0.291615],[0.449758,0.893113,0.00818618],[0.25694,-0.138158,0.956501]],[[0.855394,-0.428091,-0.291615],[-0.0562937,0.482821,-0.873908],[0.514909,0.763952,0.388903]],[[0.855394,-0.428091,-0.291615],[-0.3415,-0.0427909,-0.938907],[0.389459,0.902722,-0.182796]]],"btipPosition":[41.8718,203.427,-8.61869],"carpPosition":[62.1866,186.018,73.7122],"dipPosition":[48.5301,218.861,-11.7438],"direction":[-0.514909,-0.763952,-0.388903],"extended":false,"handId":123,"id":1233,"length":58.9535,"mcpPosition":[72.0865,232.577,37.2186],"pipPosition":[61.582,238.225,-1.88592],"stabilizedTipPosition":[42.5562,209.218,-10.2594],"timeVisible":5.58569,"tipPosition":[44.3015,211.596,-13.1853],"tipVelocity":[-9.52114,-0.483828,-2.98074],"tool":false,"touchDistance":-0.136955,"touchZone":"touching","type":3,"width":18.7836},{"bases":[[[0.74055,-0.576811,-0.344782],[0.597851,0.33123,0.729973],[-0.306854,-0.74671,0.59014]],[[0.734523,-0.591038,-0.333391],[0.618785,0.785045,-0.0284333],[0.278532,-0.185412,0.94236]],[[0.734523,-0.591038,-0.333391],[-0.0267843,0.465669,-0.884553],[0.678055,0.658655,0.326214]],[[0.734523,-0.591038,-0.333391],[-0.403535,0.0145444,-0.914849],[0.545559,0.806513,-0.227821]]],"btipPosition":[58.1673,201.587,0.75311],"carpPosition":[70.8814,178.637,66.2535],"dipPosition":[66.7719,214.307,-2.8401],"direction":[-0.678055,-0.658655,-0.326214],"extended":false,"handId":123,"id":1234,"length":46.2185,"mcpPosition":[87.9187,220.096,33.4876],"pipPosition":[78.9069,226.095,2.99808],"stabilizedTipPosition":[59.2617,206.584,-0.573079],"timeVisible":5.58569,"tipPosition":[61.0917,207.057,-2.46203],"tipVelocity":[-9.32774,-0.714414,-0.846827],"tool":false,"touchDistance":-0.228213,"touchZone":"touching","type":4,"width":16.6851}],"r":[[-0.109319,0.834872,-0.53948],[-0.895827,-0.317939,-0.310498],[-0.430748,0.449337,0.782657]],"s":0.988237,"t":[-87.3617,53.1369,-11.3776],"timestamp":630023998705},{"currentFrameRate":55.3213,"devices":[],"gestures":[],"hands":[{"armBasis":[[0.870952,0.0267896,-0.490637],[0.287754,0.781573,0.55348],[0.398297,-0.623238,0.673004]],"armWidth":64.6251,"confidence":1,"direction":[0.0911947,0.881168,-0.463925],"elbow":[161.627,-3.95711,257.998],"grabAngle":2.22694,"grabStrength":0.535099,"id":123,"palmNormal":[-0.276725,-0.425094,-0.861811],"palmPosition":[51.919,218.77,45.6417],"palmVelocity":[-6.84984,-3.11424,-0.519044],"palmWidth":87.1252,"pinchDistance":42.2483,"pinchStrength":0.79024,"r":[[-0.10976,0.834836,-0.539446],[-0.895656,-0.318402,-0.310516],[-0.430991,0.449076,0.782673]],"s":0.993538,"sphereCenter":[44.5011,213.596,-2.65116],"sphereRadius":43.9381,"stabilizedPalmPosition":[48.527,220.124,46.1094],"t":[-87.5395,53.0667,-11.3883],"timeVisible":5.60377,"type":"right","wrist":[58.6551,157.17,84.0054]}],"id":45399,"interactionBox":{"center":[0,200,0],"size":[235.247,235.247,147.751]},"pointables":[{"bases":[[[0.650244,0.468875,0.597778],[-0.68171,0.0127896,0.73151],[0.335342,-0.883172,0.327953]],[[0.433261,0.81273,0.389556],[-0.837983,0.204155,0.506069],[0.331768,-0.545701,0.769507]],[[0.433261,0.81273,0.389556],[-0.90012,0.368389,0.232538],[0.045483,-0.451397,0.891163]],[[0.433261,0.81273,0.389556],[-0.848005,0.513998,-0.129208],[-0.305242,-0.274364,0.911894]]],"btipPosition":[15.3174,217.863,-14.2078],"carpPosition":[26.0573,171.822,69.9034],"dipPosition":[8.78067,211.988,5.32031],"direction":[-0.045483,0.451397,-0.891163],"extended":false,"handId":123,"id":1230,"length":47.6877,"mcpPosition":[26.0573,171.822,69.9034],"pipPosition":[10.1997,197.905,33.1231],"stabilizedTipPosition":[12.5052,217.739,-9.15028],"timeVisible":5.60377,"tipPosition":[11.5594,218.1,-8.47792],"tipVelocity":[-5.69902,-1.20504,0.565979],"tool":false,"touchDistance":-0.286679,"touchZone":"touching","type":0,"width":21.0415},{"bases":[[[0.958343,-0.0560843,-0.280058],[0.263174,0.554404,0.789542],[0.110984,-0.830356,0.546069]],[[0.959479,-0.0649926,-0.274181],[0.203718,0.832246,0.515621],[0.194675,-0.550583,0.811763]],[[0.959479,-0.0649926,-0.274181],[0.0244937,0.98859,-0.148624],[0.280712,0.135886,0.950124]],[[0.959479,-0.0649926,-0.274181],[-0.112043,0.804809,-0.582862],[0.258545,0.589964,0.764916]]],"btipPosition":[13.8388,255.121,-23.6494],"carpPosition":[39.5604,187.211,79.7019],"dipPosition":[17.8808,264.344,-11.6909],"direction":[-0.280712,-0.135886,-0.950124],"extended":false,"handId":123,"id":1231,"length":53.8102,"mcpPosition":[31.7422,245.705,41.2342],"pipPosition":[24.0892,267.35,9.32247],"stabilizedTipPosition":[15.3062,257.951,-20.4689],"timeVisible":5.60377,"tipPosition":[15.1178,258.899,-20.6175],"tipVelocity":[-7.94116,3.84391,1.69989],"tool":false,"touchDistance":-0.272726,"touchZone":"touching","type":1,"width":20.0989},{"bases":[[[0.905526,-0.261438,-0.334174],[0.423777,0.518576,0.742625],[-0.0208561,-0.814082,0.580375]],[[0.905753,-0.238099,-0.350601],[0.371279,0.844703,0.385524],[0.204361,-0.47936,0.853493]],[[0.905753,-0.238099,-0.350601],[0.108837,0.930201,-0.350542],[0.409593,0.279346,0.868446]],[[0.905753,-0.238099,-0.350601],[-0.163094,0.56773,-0.806897],[0.391168,0.78803,0.475391]]],"btipPosition":[26.1007,242.637,-29.7716],"carpPosition":[51.1044,187.929,77.4143],"dipPosition":[32.8269,256.187,-21.5972],"direction":[-0.409593,-0.279346,-0.868446],"extended":false,"handId":123,"id":1232,"length":61.3124,"mcpPosition":[52.4977,242.313,38.6426],"pipPosition":[43.4844,263.455,0.999733],"stabilizedTipPosition":[27.5615,240.225,-24.6594],"timeVisible":5.60377,"tipPosition":[27.0503,241.016,-25.9306],"tipVelocity":[-2.47215,42.6125,-17.2036],"tool":false,"touchDistance":-0.23294,"touchZone":"touching","type":2,"width":19.7398},{"bases":[[[0.858048,-0.416731,-0.300149],[0.486509,0.472356,0.734975],[-0.164509,-0.776669,0.608048]],[[0.855717,-0.427318,-0.291802],[0.449197,0.893387,0.00899624],[0.256848,-0.138775,0.956436]],[[0.855717,-0.427318,-0.291802],[-0.0565272,0.483355,-0.873597],[0.514348,0.764046,0.38946]],[[0.855717,-0.427318,-0.291802],[-0.341405,-0.0424887,-0.938956],[0.388834,0.903103,-0.182247]]],"btipPosition":[41.767,203.406,-8.64148],"carpPosition":[62.0858,185.955,73.687],"dipPosition":[48.4146,218.846,-11.7572],"direction":[-0.514348,-0.764046,-0.38946],"extended":false,"handId":123,"id":1233,"length":58.9535,"mcpPosition":[71.953,232.539,37.2167],"pipPosition":[61.4523,238.213,-1.88519],"stabilizedTipPosition":[42.5706,209.174,-10.2418],"timeVisible":5.60377,"tipPosition":[44.1839,211.557,-13.194],"tipVelocity":[-5.93756,-1.09153,-1.14121],"tool":false,"touchDistance":-0.137298,"touchZone":"touching","type":3,"width":18.7836},{"bases":[[[0.740981,-0.576101,-0.345043],[0.597586,0.331304,0.730157],[-0.30633,-0.747225,0.58976]],[[0.734943,-0.590388,-0.333618],[0.618376,0.785397,-0.0276299],[0.278335,-0.185995,0.942303]],[[0.734943,-0.590388,-0.333618],[-0.0270297,0.466074,-0.884333],[0.67759,0.658952,0.32658]],[[0.734943,-0.590388,-0.333618],[-0.403555,0.0145957,-0.914839],[0.544979,0.806988,-0.227527]]],"btipPosition":[58.0668,201.568,0.736215],"carpPosition":[70.7862,178.584,66.2249],"dipPosition":[66.6623,214.296,-2.85236],"direction":[-0.67759,-0.658952,-0.32658],"extended":false,"handId":123,"id":1234,"length":46.2185,"mcpPosition":[87.7943,220.072,33.4801],"pipPosition":[78.7889,226.089,2.99236],"stabilizedTipPosition":[59.2795,206.537,-0.562098],"timeVisible":5.60377,"tipPosition":[60.9772,207.029,-2.47459],"tipVelocity":[-5.67693,-0.907002,-0.875778],"tool":false,"touchDistance":-0.228476,"touchZone":"touching","type":4,"width":16.6851}],"r":[[-0.10976,0.834836,-0.539446],[-0.895656,-0.318402,-0.310516],[-0.430991,0.449076,0.782673]],"s":0.993538,"t":[-87.5395,53.0667,-11.3883],"timestamp":630024016778},{"currentFrameRate":55.3261,"devices":[],"gestures":[],"hands":[{"armBasis":[[0.870887,0.0285391,-0.490654],[0.286221,0.782109,0.55352],[0.399541,-0.622488,0.67296]],"armWidth":64.6251,"confidence":1,"direction":[0.0904068,0.881468,-0.463509],"elbow":[161.917,-3.7528,257.985],"grabAngle":2.22097,"grabStrength":0.535044,"id":123,"palmNormal":[-0.275438,-0.42513,-0.862206],"palmPosition":[51.8258,218.784,45.6575],"palmVelocity":[-5.15762,0.758203,0.875698],"palmWidth":87.1252,"pinchDistance":42.2808,"pinchStrength":0.790252,"r":[[-0.110244,0.834819,-0.539373],[-0.895382,-0.318988,-0.310706],[-0.431436,0.448691,0.782649]],"s":0.998956,"sphereCenter":[44.4218,213.594,-2.72014],"sphereRadius":44.0544,"stabilizedPalmPosition":[48.5629,220.109,46.1045],"t":[-87.6749,53.0385,-11.3857],"timeVisible":5.62182,"type":"right","wrist":[58.6232,157.18,84.0036]}],"id":45400,"interactionBox":{"center":[0,200,0],"size":[235.247,235.247,147.751]},"pointables":[{"bases":[[[0.649118,0.469511,0.598502],[-0.682337,0.0115979,0.730945],[0.336246,-0.88285,0.327893]],[[0.432111,0.8129,0.390478],[-0.838433,0.202663,0.505923],[0.33213,-0.546005,0.769135]],[[0.432111,0.8129,0.390478],[-0.900692,0.367366,0.23194],[0.0450953,-0.451924,0.890916]],[[0.432111,0.8129,0.390478],[-0.848176,0.513444,-0.130281],[-0.306394,-0.274898,0.911347]]],"btipPosition":[15.2861,217.876,-14.1945],"carpPosition":[26.0065,171.792,69.8795],"dipPosition":[8.72469,211.989,5.3219],"direction":[-0.0450953,0.451924,-0.890916],"extended":false,"handId":123,"id":1230,"length":47.6877,"mcpPosition":[26.0065,171.792,69.8795],"pipPosition":[10.1316,197.89,33.1169],"stabilizedTipPosition":[12.5358,217.71,-9.16366],"timeVisible":5.62182,"tipPosition":[11.5182,218.077,-8.49914],"tipVelocity":[-2.04855,0.53253,0.58709],"tool":false,"touchDistance":-0.286186,"touchZone":"touching","type":0,"width":21.0415},{"bases":[[[0.958651,-0.0546981,-0.279278],[0.261774,0.554449,0.789975],[0.111635,-0.830418,0.545842]],[[0.959791,-0.0635838,-0.27342],[0.202361,0.831769,0.516925],[0.194554,-0.551469,0.811191]],[[0.959791,-0.0635838,-0.27342],[0.0235633,0.988821,-0.147236],[0.279725,0.134873,0.950559]],[[0.959791,-0.0635838,-0.27342],[-0.112634,0.804937,-0.582571],[0.257128,0.589943,0.76541]]],"btipPosition":[13.7622,255.167,-23.6349],"carpPosition":[39.481,187.195,79.6952],"dipPosition":[17.7821,264.39,-11.6687],"direction":[-0.279725,-0.134873,-0.950559],"extended":false,"handId":123,"id":1231,"length":53.8102,"mcpPosition":[31.6168,245.694,41.2435],"pipPosition":[23.9686,267.373,9.3543],"stabilizedTipPosition":[15.2753,257.918,-20.4896],"timeVisible":5.62182,"tipPosition":[15.0252,258.883,-20.618],"tipVelocity":[-4.52422,2.54362,0.900143],"tool":false,"touchDistance":-0.272456,"touchZone":"touching","type":1,"width":20.0989},{"bases":[[[0.906153,-0.260101,-0.333517],[0.422464,0.518853,0.743179],[-0.020255,-0.814333,0.580044]],[[0.906363,-0.236924,-0.349818],[0.371082,0.842264,0.391012],[0.201999,-0.48421,0.851315]],[[0.906363,-0.236924,-0.349818],[0.115132,0.935141,-0.335046],[0.40651,0.263398,0.874855]],[[0.906363,-0.236924,-0.349818],[-0.1541,0.585555,-0.79585],[0.393394,0.775237,0.494216]]],"btipPosition":[26.1281,243.503,-30.1406],"carpPosition":[51.0259,187.929,77.4176],"dipPosition":[32.8925,256.833,-21.6425],"direction":[-0.40651,-0.263398,-0.874855],"extended":false,"handId":123,"id":1232,"length":61.3124,"mcpPosition":[52.379,242.331,38.668],"pipPosition":[43.4699,263.686,1.12117],"stabilizedTipPosition":[27.5735,240.846,-25.0051],"timeVisible":5.62182,"tipPosition":[27.0258,241.33,-26.0518],"tipVelocity":[2.00544,45.1547,-16.3117],"tool":false,"touchDistance":-0.237849,"touchZone":"touching","type":2,"width":19.7398},{"bases":[[[0.858853,-0.41547,-0.299593],[0.485264,0.472721,0.735563],[-0.163981,-0.777123,0.607611]],[[0.856532,-0.42605,-0.291263],[0.448211,0.893865,0.0105631],[0.255849,-0.139595,0.956585]],[[0.856532,-0.42605,-0.291263],[-0.0560092,0.48429,-0.873113],[0.513045,0.764163,0.390947]],[[0.856532,-0.42605,-0.291263],[-0.340372,-0.0421141,-0.939347],[0.387942,0.903719,-0.181087]]],"btipPosition":[41.7516,203.47,-8.66719],"carpPosition":[62.013,185.972,73.6986],"dipPosition":[48.384,218.92,-11.7631],"direction":[-0.513045,-0.764163,-0.390947],"extended":false,"handId":123,"id":1233,"length":58.9535,"mcpPosition":[71.8485,232.583,37.2545],"pipPosition":[61.3886,238.29,-1.8534],"stabilizedTipPosition":[42.5837,209.134,-10.2258],"timeVisible":5.62182,"tipPosition":[44.1466,211.568,-13.1745],"tipVelocity":[-1.04555,3.6603,-1.1717],"tool":false,"touchDistance":-0.137651,"touchZone":"touching","type":3,"width":18.7836},{"bases":[[[0.742037,-0.574979,-0.344645],[0.596533,0.331819,0.730783],[-0.305825,-0.747861,0.589216]],[[0.735956,-0.589398,-0.333134],[0.61773,0.785964,-0.0258879],[0.27709,-0.186735,0.942524]],[[0.735956,-0.589398,-0.333134],[-0.026321,0.466773,-0.883986],[0.676518,0.659343,0.32801]],[[0.735956,-0.589398,-0.333134],[-0.402468,0.0148021,-0.915315],[0.544416,0.807707,-0.22632]]],"btipPosition":[58.0504,201.64,0.730736],"carpPosition":[70.7295,178.615,66.241],"dipPosition":[66.637,214.379,-2.8388],"direction":[-0.676518,-0.659343,-0.32801],"extended":false,"handId":123,"id":1234,"length":46.2185,"mcpPosition":[87.7096,220.138,33.5264],"pipPosition":[78.7445,226.18,3.03152],"stabilizedTipPosition":[59.296,206.493,-0.551655],"timeVisible":5.62182,"tipPosition":[60.9374,207.066,-2.44927],"tipVelocity":[-1.02107,4.12115,-0.0609435],"tool":false,"touchDistance":-0.228495,"touchZone":"touching","type":4,"width":16.6851}],"r":[[-0.110244,0.834819,-0.539373],[-0.895382,-0.318988,-0.310706],[-0.431436,0.448691,0.782649]],"s":0.998956,"t":[-87.6749,53.0385,-11.3857],"timestamp":630024034836},{"currentFrameRate":55.322,"devices":[],"gestures":[],"hands":[{"armBasis":[[0.87027,0.0288144,-0.491731],[0.286417,0.782573,0.552761],[0.400743,-0.621892,0.672797]],"armWidth":64.6251,"confidence":1,"direction":[0.090266,0.881035,-0.464359],"elbow":[162.191,-3.60926,257.926],"grabAngle":2.21611,"grabStrength":0.536632,"id":123,"palmNormal":[-0.275728,-0.425928,-0.861719],"palmPosition":[51.7662,218.739,45.5904],"palmVelocity":[-3.29861,-2.45416,-3.70598],"palmWidth":87.1252,"pinchDistance":42.2511,"pinchStrength":0.790066,"r":[[-0.110665,0.834706,-0.539462],[-0.895184,-0.319511,-0.310738],[-0.431739,0.44853,0.782574]],"s":1.004,"sphereCenter":[44.2934,213.491,-2.82737],"sphereRadius":44.1328,"stabilizedPalmPosition":[48.5887,220.098,46.1004],"t":[-87.7725,53.0021,-11.418],"timeVisible":5.63991,"type":"right","wrist":[58.5863,157.17,83.9861]}],"id":45401,"interactionBox":{"center":[0,200,0],"size":[235.247,235.247,147.751]},"pointables":[{"bases":[[[0.649322,0.470059,0.597851],[-0.682096,0.0122872,0.731159],[0.336342,-0.88255,0.328604]],[[0.432274,0.813235,0.389601],[-0.838225,0.203101,0.506092],[0.332443,-0.545344,0.769469]],[[0.432274,0.813235,0.389601],[-0.900589,0.367501,0.232126],[0.045594,-0.451212,0.891251]],[[0.432274,0.813235,0.389601],[-0.848227,0.513335,-0.130378],[-0.306024,-0.274111,0.911709]]],"btipPosition":[15.1953,217.784,-14.2434],"carpPosition":[25.9542,171.771,69.8647],"dipPosition":[8.64183,211.914,5.28066],"direction":[-0.045594,0.451212,-0.891251],"extended":false,"handId":123,"id":1230,"length":47.6877,"mcpPosition":[25.9542,171.771,69.8647],"pipPosition":[10.0643,197.836,33.0861],"stabilizedTipPosition":[12.561,217.682,-9.17657],"timeVisible":5.63991,"tipPosition":[11.4427,217.981,-8.55334],"tipVelocity":[-4.91775,-4.88005,-2.60899],"tool":false,"touchDistance":-0.286608,"touchZone":"touching","type":0,"width":21.0415},{"bases":[[[0.958558,-0.0549711,-0.279543],[0.262042,0.55518,0.789373],[0.111804,-0.829912,0.546577]],[[0.95968,-0.0636903,-0.273783],[0.202511,0.832138,0.516271],[0.194944,-0.550899,0.811485]],[[0.95968,-0.0636903,-0.273783],[0.0231511,0.988592,-0.148826],[0.280139,0.136487,0.950207]],[[0.95968,-0.0636903,-0.273783],[-0.113304,0.803715,-0.584127],[0.257247,0.591596,0.764093]]],"btipPosition":[13.6751,255.035,-23.7035],"carpPosition":[39.4321,187.183,79.6616],"dipPosition":[17.6968,264.284,-11.7579],"direction":[-0.280139,-0.136487,-0.950207],"extended":false,"handId":123,"id":1231,"length":53.8102,"mcpPosition":[31.5561,245.646,41.1581],"pipPosition":[23.8925,267.302,9.25735],"stabilizedTipPosition":[15.2467,257.886,-20.5093],"timeVisible":5.63991,"tipPosition":[14.9436,258.775,-20.7106],"tipVelocity":[-4.79255,-6.97861,-4.05221],"tool":false,"touchDistance":-0.273677,"touchZone":"touching","type":1,"width":20.0989},{"bases":[[[0.90604,-0.260424,-0.333574],[0.422716,0.519538,0.742557],[-0.0200748,-0.813793,0.580808]],[[0.906243,-0.237043,-0.350048],[0.371899,0.840754,0.393476],[0.201034,-0.486768,0.850084]],[[0.906243,-0.237043,-0.350048],[0.12034,0.938403,-0.323911],[0.405267,0.251417,0.878947]],[[0.906243,-0.237043,-0.350048],[-0.147007,0.599642,-0.78665],[0.396374,0.764356,0.508574]]],"btipPosition":[26.0901,244.063,-30.5288],"carpPosition":[50.9762,187.915,77.3795],"dipPosition":[32.9058,257.206,-21.7838],"direction":[-0.405267,-0.251417,-0.878947],"extended":false,"handId":123,"id":1232,"length":61.3124,"mcpPosition":[52.3173,242.28,38.5789],"pipPosition":[43.4508,263.748,1.08635],"stabilizedTipPosition":[27.5809,241.395,-25.3138],"timeVisible":5.63991,"tipPosition":[26.9741,241.476,-26.236],"tipVelocity":[-1.44776,28.6186,-18.3202],"tool":false,"touchDistance":-0.243373,"touchZone":"touching","type":2,"width":19.7398},{"bases":[[[0.858749,-0.415761,-0.299489],[0.485513,0.473398,0.734963],[-0.163791,-0.776555,0.608387]],[[0.856449,-0.426253,-0.291211],[0.448342,0.893803,0.0102881],[0.2559,-0.139374,0.956603]],[[0.856449,-0.426253,-0.291211],[-0.0558411,0.484304,-0.873116],[0.513203,0.76404,0.390979]],[[0.856449,-0.426253,-0.291211],[-0.340364,-0.042122,-0.93935],[0.388134,0.903623,-0.181156]]],"btipPosition":[41.68,203.413,-8.75406],"carpPosition":[61.9621,185.953,73.6587],"dipPosition":[48.3156,218.862,-11.8512],"direction":[-0.513203,-0.76404,-0.390979],"extended":false,"handId":123,"id":1233,"length":58.9535,"mcpPosition":[71.7862,232.531,37.1681],"pipPosition":[61.3243,238.229,-1.94063],"stabilizedTipPosition":[42.592,209.105,-10.2156],"timeVisible":5.63991,"tipPosition":[44.0645,211.454,-13.2193],"tipVelocity":[-3.91799,-3.15987,-4.81702],"tool":false,"touchDistance":-0.139103,"touchZone":"touching","type":3,"width":18.7836},{"bases":[[[0.741915,-0.57531,-0.344355],[0.596779,0.33249,0.730278],[-0.305641,-0.747308,0.590012]],[[0.735839,-0.589717,-0.332829],[0.617896,0.785821,-0.0262605],[0.27703,-0.18633,0.942621]],[[0.735839,-0.589717,-0.332829],[-0.0261882,0.466359,-0.884208],[0.67665,0.65935,0.327721]],[[0.735839,-0.589717,-0.332829],[-0.402495,0.0143639,-0.91531],[0.544555,0.807482,-0.226788]]],"btipPosition":[57.9841,201.574,0.660028],"carpPosition":[70.676,178.589,66.2051],"dipPosition":[66.5729,214.31,-2.9169],"direction":[-0.67665,-0.65935,-0.327721],"extended":false,"handId":123,"id":1234,"length":46.2185,"mcpPosition":[87.6459,220.082,33.4463],"pipPosition":[78.6827,226.11,2.94825],"stabilizedTipPosition":[59.3072,206.46,-0.5451],"timeVisible":5.63991,"tipPosition":[60.8601,206.973,-2.5041],"tipVelocity":[-3.63661,-3.68486,-4.00263],"tool":false,"touchDistance":-0.229702,"touchZone":"touching","type":4,"width":16.6851}],"r":[[-0.110665,0.834706,-0.539462],[-0.895184,-0.319511,-0.310738],[-0.431739,0.44853,0.782574]],"s":1.004,"t":[-87.7725,53.0021,-11.418],"timestamp":630024052926},{"currentFrameRate":55.3178,"devices":[],"gestures":[],"hands":[{"armBasis":[[0.870016,0.0291962,-0.492158],[0.286112,0.78306,0.55223],[0.401512,-0.621261,0.672921]],"armWidth":64.6251,"confidence":1,"direction":[0.0898613,0.880258,-0.465908],"elbow":[162.361,-3.41619,257.949],"grabAngle":2.21117,"grabStrength":0.533009,"id":123,"palmNormal":[-0.275539,-0.427569,-0.860966],"palmPosition":[51.7038,218.706,45.4842],"palmVelocity":[-3.44847,-1.85393,-5.87432],"palmWidth":87.1252,"pinchDistance":42.5002,"pinchStrength":0.789363,"r":[[-0.111079,0.834415,-0.539827],[-0.894997,-0.320121,-0.310651],[-0.432022,0.448637,0.782357]],"s":1.0091,"sphereCenter":[44.1722,213.37,-2.97019],"sphereRadius":44.225,"stabilizedPalmPosition":[48.6046,220.091,46.0972],"t":[-87.8524,52.9672,-11.4872],"timeVisible":5.65801,"type":"right","wrist":[58.5574,157.2,83.9771]}],"id":45402,"interactionBox":{"center":[0,200,0],"size":[235.247,235.247,147.751]},"pointables":[{"bases":[[[0.649111,0.471406,0.597019],[-0.682098,0.0132623,0.731141],[0.336746,-0.881817,0.330153]],[[0.432148,0.813877,0.388397],[-0.838167,0.203573,0.505998],[0.332753,-0.544208,0.770138]],[[0.432148,0.813877,0.388397],[-0.900629,0.367533,0.231922],[0.0460072,-0.450026,0.891829]],[[0.432148,0.813877,0.388397],[-0.848444,0.512887,-0.130726],[-0.305598,-0.273041,0.912172]]],"btipPosition":[15.1176,217.667,-14.3269],"carpPosition":[25.9134,171.768,69.8412],"dipPosition":[8.57331,211.82,5.20708],"direction":[-0.0460072,0.450026,-0.891829],"extended":false,"handId":123,"id":1230,"length":47.6877,"mcpPosition":[25.9134,171.768,69.8412],"pipPosition":[10.0086,197.78,33.0306],"stabilizedTipPosition":[12.5803,217.657,-9.18863],"timeVisible":5.65801,"tipPosition":[11.387,217.83,-8.66141],"tipVelocity":[-4.17532,-6.16155,-4.48963],"tool":false,"touchDistance":-0.287499,"touchZone":"touching","type":0,"width":21.0415},{"bases":[[[0.958582,-0.0550255,-0.279452],[0.261793,0.556687,0.788393],[0.112186,-0.828898,0.548035]],[[0.959741,-0.0640053,-0.273497],[0.202952,0.831156,0.517677],[0.194184,-0.552343,0.810685]],[[0.959741,-0.0640053,-0.273497],[0.0245927,0.9891,-0.145176],[0.279808,0.132605,0.950854]],[[0.959741,-0.0640053,-0.273497],[-0.112032,0.805663,-0.581683],[0.257577,0.588906,0.766058]]],"btipPosition":[13.6324,255.169,-23.8706],"carpPosition":[39.3843,187.203,79.6108],"dipPosition":[17.6593,264.376,-11.8942],"direction":[-0.279808,-0.132605,-0.950854],"extended":false,"handId":123,"id":1231,"length":53.8102,"mcpPosition":[31.4814,245.595,41.0046],"pipPosition":[23.8477,267.308,9.13531],"stabilizedTipPosition":[15.2281,257.869,-20.5257],"timeVisible":5.65801,"tipPosition":[14.8567,258.582,-20.8914],"tipVelocity":[-2.29274,6.87592,-8.84354],"tool":false,"touchDistance":-0.276344,"touchZone":"touching","type":1,"width":20.0989},{"bases":[[[0.906156,-0.260597,-0.333121],[0.422484,0.521037,0.741639],[-0.0197002,-0.812779,0.582239]],[[0.906348,-0.237029,-0.349788],[0.372036,0.84012,0.394699],[0.200309,-0.487868,0.849624]],[[0.906348,-0.237029,-0.349788],[0.12399,0.940588,-0.316101],[0.403931,0.243127,0.881889]],[[0.906348,-0.237029,-0.349788],[-0.141515,0.60974,-0.779866],[0.39813,0.756329,0.519094]]],"btipPosition":[26.0535,244.42,-30.9137],"carpPosition":[50.9281,187.937,77.3274],"dipPosition":[32.8994,257.425,-21.9878],"direction":[-0.403931,-0.243127,-0.881889],"extended":false,"handId":123,"id":1232,"length":61.3124,"mcpPosition":[52.2442,242.234,38.4312],"pipPosition":[43.4096,263.751,0.958939],"stabilizedTipPosition":[27.5839,241.777,-25.539],"timeVisible":5.65801,"tipPosition":[26.9262,241.517,-26.4681],"tipVelocity":[-1.64216,17.9547,-18.9719],"tool":false,"touchDistance":-0.249093,"touchZone":"touching","type":2,"width":19.7398},{"bases":[[[0.858937,-0.415895,-0.298763],[0.485301,0.474912,0.734126],[-0.163433,-0.775558,0.609753]],[[0.856619,-0.426473,-0.290388],[0.448149,0.893912,0.00917129],[0.25567,-0.137993,0.956865]],[[0.856619,-0.426473,-0.290388],[-0.0559483,0.482723,-0.873984],[0.512907,0.764918,0.389649]],[[0.856619,-0.426473,-0.290388],[-0.340291,-0.0439433,-0.939293],[0.387822,0.903432,-0.182768]]],"btipPosition":[41.6335,203.298,-8.83415],"carpPosition":[61.9148,185.974,73.61],"dipPosition":[48.2638,218.744,-11.9588],"direction":[-0.512907,-0.764918,-0.389649],"extended":false,"handId":123,"id":1233,"length":58.9535,"mcpPosition":[71.7175,232.491,37.0374],"pipPosition":[61.265,238.133,-2.08199],"stabilizedTipPosition":[42.5986,209.079,-10.208],"timeVisible":5.65801,"tipPosition":[44.0039,211.307,-13.3073],"tipVelocity":[-2.63742,-6.37989,-4.77676],"tool":false,"touchDistance":-0.140544,"touchZone":"touching","type":3,"width":18.7836},{"bases":[[[0.742176,-0.575576,-0.343347],[0.596631,0.334046,0.729688],[-0.305297,-0.746408,0.591328]],[[0.736105,-0.589967,-0.331795],[0.617656,0.785976,-0.0272464],[0.276858,-0.184879,0.942958]],[[0.736105,-0.589967,-0.331795],[-0.0266352,0.464565,-0.885138],[0.676343,0.660392,0.326255]],[[0.736105,-0.589967,-0.331795],[-0.402798,0.0121364,-0.915208],[0.54397,0.807336,-0.228704]]],"btipPosition":[57.9414,201.473,0.596732],"carpPosition":[70.6321,178.601,66.1693],"dipPosition":[66.5209,214.206,-3.0104],"direction":[-0.676343,-0.660392,-0.326255],"extended":false,"handId":123,"id":1234,"length":46.2185,"mcpPosition":[87.5828,220.043,33.3374],"pipPosition":[78.6253,226.025,2.8285],"stabilizedTipPosition":[59.3159,206.43,-0.540643],"timeVisible":5.65801,"tipPosition":[60.8017,206.856,-2.586