{"frames":45,"data":[{"currentFrameRate":55.3231,"devices":[],"gestures":[],"hands":[{"armBasis":[[0.473881,-0.559616,-0.679901],[0.880578,0.304946,0.362754],[0.00433031,-0.770608,0.637294]],"armWidth":69.943,"confidence":1,"direction":[0.399761,0.387793,-0.830547],"elbow":[120.221,-0.0844733,315.848],"grabAngle":2.67728,"grabStrength":0,"id":42,"palmNormal":[-0.824885,-0.242905,-0.510452],"palmPosition":[139.02,254.821,75.1481],"palmVelocity":[-173.723,-12.7515,-40.5278],"palmWidth":93.5895,"pinchDistance":60.0912,"pinchStrength":0.635592,"r":[[-0.712844,-0.600661,-0.362023],[0.195742,-0.666087,0.719731],[-0.673453,0.442193,0.592391]],"s":1.10686,"sphereCenter":[117.068,245.82,39.1936],"sphereRadius":43.9364,"stabilizedPalmPosition":[149.464,255.392,77.8389],"t":[14.5297,47.6406,49.4759],"timeVisible":11.8764,"type":"right","wrist":[119.019,213.924,138.863]}],"id":20347,"interactionBox":{"center":[0,200,0],"size":[235.247,235.247,147.751]},"pointables":[{"bases":[[[0.46114,-0.81143,-0.359069],[0.864263,0.319073,0.388898],[-0.200995,-0.489667,0.848427]],[[0.401665,-0.903144,-0.151647],[0.902759,0.362652,0.231323],[-0.153923,-0.229815,0.960985]],[[0.401665,-0.903144,-0.151647],[0.910493,0.376051,0.17201],[-0.0983222,-0.207164,0.973353]],[[0.401665,-0.903144,-0.151647],[0.910493,0.376051,0.17201],[-0.0983222,-0.207164,0.973353]]],"btipPosition":[151.214,306.14,-18.527],"carpPosition":[125.631,251.176,124.863],"dipPosition":[149.581,302.699,-2.35713],"direction":[0.0983222,0.207164,-0.973353],"extended":true,"handId":42,"id":421,"length":57.1794,"mcpPosition":[140.84,288.23,60.6611],"pipPosition":[147.27,297.83,20.5179],"stabilizedTipPosition":[159.12,306.19,-12.8655],"timeVisible":11.8764,"tipPosition":[149.596,305.282,-14.5644],"tipVelocity":[-192.425,-25.2198,-49.2714],"tool":false,"touchDistance":0.310879,"touchZone":"hovering","type":1,"width":21.8186},{"bases":[[[0.976642,-0.0648651,0.204849],[-0.108784,0.672883,0.731707],[-0.185301,-0.7369,0.650109]],[[0.992111,0.11962,0.0374944],[-0.125327,0.939749,0.318065],[0.00281183,-0.320255,0.947327]],[[0.992111,0.11962,0.0374944],[-0.118789,0.992637,-0.0236825],[-0.0400512,0.0190417,0.999016]],[[0.992111,0.11962,0.0374944],[-0.0932927,0.904316,-0.416544],[-0.0837339,0.40976,0.908342]]],"btipPosition":[104.414,255.886,23.1576],"carpPosition":[101.325,249.399,125.586],"dipPosition":[102.509,265.211,43.8275],"direction":[0.0400512,-0.0190417,-0.999016],"extended":false,"handId":42,"id":420,"length":50.6735,"mcpPosition":[101.325,249.399,125.586],"pipPosition":[101.181,265.842,76.9465],"stabilizedTipPosition":[112.38,258.117,28.7603],"timeVisible":11.8764,"tipPosition":[102.98,261.155,28.6005],"tipVelocity":[-216.627,8.81104,-4.35219],"tool":false,"touchDistance":0.102454,"touchZone":"hovering","type":0,"width":22.8419},{"bases":[[[0.275608,-0.912551,-0.302143],[0.925159,0.166469,0.341127],[-0.260999,-0.373548,0.890136]],[[0.259461,-0.933309,-0.248223],[0.468759,0.346425,-0.81256],[0.84436,0.0944711,0.527381]],[[0.259461,-0.933309,-0.248223],[-0.797777,-0.0622792,-0.599728],[0.544272,0.353633,-0.760731]],[[0.259461,-0.933309,-0.248223],[-0.965068,-0.260247,-0.0302423],[-0.0363741,0.247399,-0.968231]]],"btipPosition":[97.8172,249.946,70.6623],"carpPosition":[133.043,241.865,120.531],"dipPosition":[97.1526,254.466,52.971],"direction":[-0.544272,-0.353633,0.760731],"extended":false,"handId":42,"id":422,"length":65.1514,"mcpPosition":[151.773,268.671,56.6537],"pipPosition":[112.201,264.244,31.9375],"stabilizedTipPosition":[106.805,249.756,67.3734],"timeVisible":11.8764,"tipPosition":[98.0043,251.303,65.7622],"tipVelocity":[-188.118,54.3637,-3.40658],"tool":false,"touchDistance":0.333333,"touchZone":"none","type":2,"width":21.4287},{"bases":[[[0.163664,-0.967511,-0.192709],[0.933695,0.0888537,0.346871],[-0.318478,-0.236702,0.917902]],[[0.173179,-0.959945,-0.22026],[0.449049,0.276001,-0.849811],[0.876564,0.0482618,0.47886]],[[0.173179,-0.959945,-0.22026],[-0.805274,-0.00925016,-0.592831],[0.567047,0.280036,-0.774621]],[[0.173179,-0.959945,-0.22026],[-0.981986,-0.185459,0.0361872],[-0.0755869,0.210026,-0.97477]]],"btipPosition":[106.125,232.656,74.9264],"carpPosition":[137.586,230.86,116.296],"dipPosition":[104.752,236.471,57.218],"direction":[-0.567047,-0.280036,0.774621],"extended":false,"handId":42,"id":423,"length":62.6448,"mcpPosition":[158.105,246.111,57.1565],"pipPosition":[120.025,244.014,36.3535],"stabilizedTipPosition":[114.803,232.736,71.9069],"timeVisible":11.8764,"tipPosition":[105.007,234.388,69.6557],"tipVelocity":[-207.925,46.3524,-9.00785],"tool":false,"touchDistance":0.333333,"touchZone":"none","type":3,"width":20.3908},{"bases":[[[-0.0308347,-0.989696,-0.139823],[0.915954,-0.0839747,0.392397],[-0.400096,-0.115972,0.909106]],[[0.0204566,-0.966816,-0.254654],[0.521899,0.227576,-0.822089],[0.852762,-0.116086,0.509236]],[[0.0204566,-0.966816,-0.254654],[-0.71783,0.163089,-0.676847],[0.695918,0.196644,-0.690673]],[[0.0204566,-0.966816,-0.254654],[-0.996021,0.00238905,-0.0890817],[0.086734,0.255463,-0.962921]]],"btipPosition":[115.024,220.078,69.1923],"carpPosition":[135.168,217.191,111.648],"dipPosition":[116.478,224.359,53.0541],"direction":[-0.695918,-0.196644,0.690673],"extended":false,"handId":42,"id":424,"length":49.1123,"mcpPosition":[159.03,224.108,57.4271],"pipPosition":[129.712,228.099,39.9194],"stabilizedTipPosition":[124.855,220.693,67.0686],"timeVisible":11.8764,"tipPosition":[115.511,222.264,65.5202],"tipVelocity":[-230.763,24.2084,-20.0407],"tool":false,"touchDistance":0.333333,"touchZone":"none","type":4,"width":18.1127}],"r":[[-0.712844,-0.600661,-0.362023],[0.195742,-0.666087,0.719731],[-0.673453,0.442193,0.592391]],"s":1.10686,"t":[14.5297,47.6406,49.4759],"timestamp":629544179294},{"currentFrameRate":55.3212,"devices":[],"gestures":[],"hands":[{"armBasis":[[0.439124,-0.569382,-0.694963],[0.898357,0.28791,0.331758],[0.0111895,-0.770008,0.637936]],"armWidth":69.943,"confidence":1,"direction":[0.387188,0.375431,-0.842102],"elbow":[118.968,0.343616,315.829],"grabAngle":2.68148,"grabStrength":0,"id":42,"palmNormal":[-0.843245,-0.225164,-0.488098],"palmPosition":[135.072,254.418,74.2968],"palmVelocity":[-218.363,-22.2953,-47.0818],"palmWidth":93.5895,"pinchDistance":60.4821,"pinchStrength":0.641595,"r":[[-0.72434,-0.591566,-0.354092],[0.196157,-0.669194,0.71673],[-0.660949,0.449699,0.600764]],"s":1.10528,"sphereCenter":[111.786,247.201,39.3497],"sphereRadius":43.5536,"stabilizedPalmPosition":[144.689,255.069,76.6636],"t":[11.258,47.3483,48.7431],"timeVisible":11.8945,"type":"right","wrist":[115.86,214.185,138.665]}],"id":20348,"interactionBox":{"center":[0,200,0],"size":[235.247,235.247,147.751]},"pointables":[{"bases":[[[0.432575,-0.823285,-0.367533],[0.881249,0.299967,0.365267],[-0.190471,-0.481894,0.855277]],[[0.376856,-0.912356,-0.159956],[0.91621,0.341777,0.209161],[-0.13616,-0.225376,0.96471]],[[0.376856,-0.912356,-0.159956],[0.923462,0.356626,0.141552],[-0.0721014,-0.201058,0.976922]],[[0.376856,-0.912356,-0.159956],[0.923462,0.356626,0.141552],[-0.0721014,-0.201058,0.976922]]],"btipPosition":[145.88,305.205,-19.8536],"carpPosition":[122.887,251.259,124.353],"dipPosition":[144.683,301.865,-3.6244],"direction":[0.0721014,0.201058,-0.976922],"extended":true,"handId":42,"id":421,"length":57.1794,"mcpPosition":[137.3,287.725,59.6333],"pipPosition":[142.988,297.139,19.3345],"stabilizedTipPosition":[152.681,305.355,-14.4165],"timeVisible":11.8945,"tipPosition":[144.522,304.31,-15.8633],"tipVelocity":[-289.43,-50.4382,-72.6056],"tool":false,"touchDistance":0.297185,"touchZone":"hovering","type":1,"width":21.8186},{"bases":[[[0.979811,-0.0871372,0.179937],[-0.0740696,0.677757,0.731546],[-0.185698,-0.730105,0.657619]],[[0.99525,0.0967083,0.0111723],[-0.0954156,0.946242,0.309065],[0.0193174,-0.308663,0.950975]],[[0.99525,0.0967083,0.0111723],[-0.0962903,0.994796,-0.0332997],[-0.0143345,0.0320658,0.999383]],[[0.99525,0.0967083,0.0111723],[-0.0825724,0.899371,-0.429317],[-0.0515665,0.426355,0.903085]]],"btipPosition":[99.23,255.14,23.2],"carpPosition":[98.5732,250.057,125.708],"dipPosition":[98.0566,264.842,43.7503],"direction":[0.0143345,-0.0320658,-0.999383],"extended":false,"handId":42,"id":420,"length":50.6735,"mcpPosition":[98.5732,250.057,125.708],"pipPosition":[97.5813,265.905,76.8815],"stabilizedTipPosition":[105.448,257.732,28.3297],"timeVisible":11.8945,"tipPosition":[98.0575,261.201,28.6225],"tipVelocity":[-277.367,-36.4665,0.826695],"tool":false,"touchDistance":0.144159,"touchZone":"hovering","type":0,"width":22.8419},{"bases":[[[0.246253,-0.919815,-0.305451],[0.937298,0.14581,0.316561],[-0.24664,-0.364253,0.898047]],[[0.23102,-0.940002,-0.251051],[0.458347,0.332751,-0.824133],[0.858224,0.0753229,0.507719]],[[0.23102,-0.940002,-0.251051],[-0.813317,-0.0449603,-0.580081],[0.53399,0.338194,-0.774906]],[[0.23102,-0.940002,-0.251051],[-0.971477,-0.237048,-0.00639349],[-0.0535012,0.245367,-0.967953]]],"btipPosition":[93.656,250.537,70.7419],"carpPosition":[129.965,241.762,119.87],"dipPosition":[92.6785,255.02,53.0557],"direction":[-0.53399,-0.338194,0.774906],"extended":false,"handId":42,"id":422,"length":65.1514,"mcpPosition":[147.664,267.901,55.425],"pipPosition":[107.443,264.371,31.6303],"stabilizedTipPosition":[101.196,250.516,67.0801],"timeVisible":11.8945,"tipPosition":[93.7527,251.832,65.9895],"tipVelocity":[-234.095,32.2006,4.46995],"tool":false,"touchDistance":0.333333,"touchZone":"none","type":2,"width":21.4287},{"bases":[[[0.135911,-0.971749,-0.192956],[0.944157,0.0680351,0.322396],[-0.30016,-0.225997,0.92673]],[[0.141305,-0.967513,-0.209647],[0.436788,0.250976,-0.863844],[0.888397,0.0304941,0.458062]],[[0.141305,-0.967513,-0.209647],[-0.819769,0.00436438,-0.572677],[0.554988,0.252784,-0.792521]],[[0.141305,-0.967513,-0.209647],[-0.98495,-0.158691,0.0684851],[-0.0995294,0.196815,-0.975376]]],"btipPosition":[101.742,233.49,75.0222],"carpPosition":[134.138,230.638,115.565],"dipPosition":[99.9339,237.066,57.3029],"direction":[-0.554987,-0.252784,0.792521],"extended":false,"handId":42,"id":423,"length":62.6448,"mcpPosition":[153.477,245.199,55.8557],"pipPosition":[114.883,243.874,35.9563],"stabilizedTipPosition":[108.652,233.456,71.4687],"timeVisible":11.8945,"tipPosition":[100.482,234.76,69.7946],"tipVelocity":[-247.903,43.088,5.16175],"tool":false,"touchDistance":0.333333,"touchZone":"none","type":3,"width":20.3908},{"bases":[[[-0.0576259,-0.989169,-0.134999],[0.92355,-0.104171,0.369059],[-0.379124,-0.103411,0.919549]],[[-0.00878675,-0.967893,-0.25121],[0.505795,0.212411,-0.836094],[0.862609,-0.134407,0.487689]],[[-0.00878675,-0.967893,-0.25121],[-0.732723,0.177186,-0.657055],[0.68047,0.178294,-0.710755]],[[-0.00878675,-0.967893,-0.25121],[-0.998153,0.0235895,-0.0559751],[0.0601038,0.250255,-0.966313]]],"btipPosition":[110.288,220.218,69.1358],"carpPosition":[131.281,217.014,111.035],"dipPosition":[111.295,224.412,52.9408],"direction":[-0.68047,-0.178294,0.710755],"extended":false,"handId":42,"id":424,"length":49.1123,"mcpPosition":[153.892,223.182,56.191],"pipPosition":[124.236,227.803,39.4241],"stabilizedTipPosition":[117.884,220.931,66.2624],"timeVisible":11.8945,"tipPosition":[110.564,222.379,65.4075],"tipVelocity":[-267.603,6.62975,-3.84815],"tool":false,"touchDistance":0.333333,"touchZone":"none","type":4,"width":18.1127}],"r":[[-0.72434,-0.591566,-0.354092],[0.196157,-0.669194,0.71673],[-0.660949,0.449699,0.600764]],"s":1.10528,"t":[11.258,47.3483,48.7431],"timestamp":629544197377},{"currentFrameRate":55.3242,"devices":[],"gestures":[],"hands":[{"armBasis":[[0.400392,-0.580193,-0.709269],[0.916119,0.270616,0.295793],[0.0203221,-0.768208,0.639878]],"armWidth":69.943,"confidence":1,"direction":[0.375877,0.366618,-0.851063],"elbow":[117.572,0.657046,315.774],"grabAngle":2.67708,"grabStrength":0,"id":42,"palmNormal":[-0.859987,-0.20408,-0.467732],"palmPosition":[130.42,253.792,73.2249],"palmVelocity":[-257.474,-34.6494,-59.3326],"palmWidth":93.5895,"pinchDistance":61.0207,"pinchStrength":0.647537,"r":[[-0.737897,-0.580567,-0.344165],[0.19659,-0.672717,0.713305],[-0.645647,0.458687,0.61053]],"s":1.10562,"sphereCenter":[106.303,249.71,39.5421],"sphereRadius":43.1474,"stabilizedPalmPosition":[138.099,254.479,75.0755],"t":[7.29645,46.8892,47.8408],"timeVisible":11.9126,"type":"right","wrist":[111.929,213.999,138.072]}],"id":20349,"interactionBox":{"center":[0,200,0],"size":[235.247,235.247,147.751]},"pointables":[{"bases":[[[0.403374,-0.833271,-0.378086],[0.896842,0.278043,0.344044],[-0.181558,-0.477862,0.859468]],[[0.35142,-0.920209,-0.172393],[0.928473,0.318917,0.190343],[-0.120176,-0.226953,0.966463]],[[0.35142,-0.920209,-0.172393],[0.928473,0.318917,0.190343],[-0.120176,-0.226953,0.966463]],[[0.35142,-0.920209,-0.172393],[0.93284,0.328538,0.147891],[-0.0794533,-0.212787,0.973863]]],"btipPosition":[142.273,305.397,-20.7413],"carpPosition":[119.37,250.887,123.559],"dipPosition":[140.953,301.862,-4.56295],"direction":[0.120176,0.226953,-0.966463],"extended":true,"handId":42,"id":421,"length":57.1794,"mcpPosition":[133.108,287.048,58.5221],"pipPosition":[138.129,296.528,18.1501],"stabilizedTipPosition":[147.095,304.953,-15.7743],"timeVisible":11.9126,"tipPosition":[139.322,303.66,-17.1079],"tipVelocity":[-201.253,8.14915,-49.7879],"tool":false,"touchDistance":0.287061,"touchZone":"hovering","type":1,"width":21.8186},{"bases":[[[0.981435,-0.111187,0.156279],[-0.039879,0.678711,0.733322],[-0.187604,-0.72594,0.661677]],[[0.997223,0.0732357,-0.0135516],[-0.0657764,0.95135,0.301009],[0.0349369,-0.299281,0.953525]],[[0.997223,0.0732357,-0.0135516],[-0.0737385,0.996421,-0.0413265],[0.0104766,0.042211,0.999054]],[[0.997223,0.0732357,-0.0135516],[-0.0717213,0.895214,-0.439826],[-0.0200794,0.439577,0.897981]]],"btipPosition":[93.3891,254.242,22.9865],"carpPosition":[95.0733,250.278,125.498],"dipPosition":[92.9322,264.245,43.4206],"direction":[-0.0104766,-0.042211,-0.999054],"extended":false,"handId":42,"id":420,"length":50.6735,"mcpPosition":[95.0733,250.278,125.498],"pipPosition":[93.2795,265.644,76.5409],"stabilizedTipPosition":[97.0144,256.907,27.8836],"timeVisible":11.9126,"tipPosition":[92.5511,261.164,28.402],"tipVelocity":[-314.202,-45.9008,-13.3007],"tool":false,"touchDistance":0.182124,"touchZone":"hovering","type":0,"width":22.8419},{"bases":[[[0.216297,-0.925279,-0.311567],[0.947922,0.122607,0.293957],[-0.233792,-0.358923,0.903612]],[[0.201889,-0.945137,-0.256822],[0.449116,0.322365,-0.833292],[0.870365,0.0528893,0.489558]],[[0.201889,-0.945137,-0.256822],[-0.826925,-0.0239796,-0.561801],[0.52482,0.325794,-0.786398]],[[0.201889,-0.945137,-0.256822],[-0.976916,-0.213023,0.0159931],[-0.0698245,0.247665,-0.966326]]],"btipPosition":[88.8555,250.968,70.5157],"carpPosition":[126.104,241.224,118.904],"dipPosition":[87.5797,255.494,52.8593],"direction":[-0.52482,-0.325794,0.786398],"extended":false,"handId":42,"id":422,"length":65.1514,"mcpPosition":[142.881,266.98,54.0596],"pipPosition":[102.091,264.502,31.116],"stabilizedTipPosition":[94.0658,251.359,66.7272],"timeVisible":11.9126,"tipPosition":[88.8596,252.22,65.9193],"tipVelocity":[-269.531,24.4327,-12.1434],"tool":false,"touchDistance":0.333333,"touchZone":"none","type":2,"width":21.4287},{"bases":[[[0.107457,-0.974605,-0.196464],[0.953018,0.0446822,0.299601],[-0.283215,-0.219428,0.933617]],[[0.109239,-0.973203,-0.202342],[0.426104,0.229756,-0.875013],[0.898055,0.00936689,0.439784]],[[0.109239,-0.973203,-0.202342],[-0.832517,0.0216486,-0.553577],[0.543123,0.228925,-0.807843]],[[0.109239,-0.973203,-0.202342],[-0.986437,-0.131224,0.0985967],[-0.122507,0.188827,-0.974339]]],"btipPosition":[96.7287,234.14,74.698],"carpPosition":[129.899,230.006,114.496],"dipPosition":[94.5032,237.57,56.9974],"direction":[-0.543123,-0.228925,0.807843],"extended":false,"handId":42,"id":423,"length":62.6448,"mcpPosition":[148.146,244.143,54.3435],"pipPosition":[109.132,243.736,35.2381],"stabilizedTipPosition":[101.086,234.352,70.9564],"timeVisible":11.9126,"tipPosition":[95.2891,234.987,69.5803],"tipVelocity":[-282.831,34.1081,-17.7111],"tool":false,"touchDistance":0.333333,"touchZone":"none","type":3,"width":20.3908},{"bases":[[[-0.0849974,-0.987347,-0.133872],[0.929339,-0.127011,0.346695],[-0.359311,-0.0949441,0.928375]],[[-0.0384047,-0.967131,-0.25136],[0.491719,0.200692,-0.84731],[0.869907,-0.156139,0.467849]],[[-0.0384047,-0.967131,-0.25136],[-0.74549,0.195235,-0.637282],[0.66541,0.162912,-0.728485]],[[-0.0384047,-0.967131,-0.25136],[-0.998607,0.0462551,-0.0253957],[0.0361877,0.250035,-0.96756]]],"btipPosition":[104.863,220.201,68.647],"carpPosition":[126.602,216.459,110.032],"dipPosition":[105.47,224.392,52.431],"direction":[-0.66541,-0.162912,0.728485],"extended":false,"handId":42,"id":424,"length":49.1123,"mcpPosition":[148.032,222.122,54.662],"pipPosition":[118.124,227.49,38.5772],"stabilizedTipPosition":[109.502,221.083,65.3871],"timeVisible":11.9126,"tipPosition":[104.932,222.357,64.9184],"tipVelocity":[-305.371,-0.96239,-27.3242],"tool":false,"touchDistance":0.333333,"touchZone":"none","type":4,"width":18.1127}],"r":[[-0.737897,-0.580567,-0.344165],[0.19659,-0.672717,0.713305],[-0.645647,0.458687,0.61053]],"s":1.10562,"t":[7.29645,46.8892,47.8408],"timestamp":629544215442},{"currentFrameRate":55.3269,"devices":[],"gestures":[],"hands":[{"armBasis":[[0.359363,-0.590693,-0.722454],[0.932708,0.252422,0.257562],[0.0302233,-0.766397,0.641655]],"armWidth":69.943,"confidence":1,"direction":[0.362361,0.350777,-0.86351],"elbow":[115.776,1.26347,315.61],"grabAngle":2.69045,"grabStrength":0,"id":42,"palmNormal":[-0.877213,-0.184713,-0.443145],"palmPosition":[125.018,253.001,71.8039],"palmVelocity":[-299.054,-43.7782,-78.6597],"palmWidth":93.5895,"pinchDistance":61.5105,"pinchStrength":0.652556,"r":[[-0.753278,-0.568203,-0.331237],[0.197134,-0.675528,0.710493],[-0.627464,0.4699,0.620872]],"s":1.10513,"sphereCenter":[99.743,251.07,39.2635],"sphereRadius":42.8981,"stabilizedPalmPosition":[130.149,253.581,73.0872],"t":[2.61449,46.2642,46.6792],"timeVisible":11.9306,"type":"right","wrist":[107.382,214.102,137.413]}],"id":20350,"interactionBox":{"center":[0,200,0],"size":[235.247,235.247,147.751]},"pointables":[{"bases":[[[0.371316,-0.846132,-0.382341],[0.912654,0.256831,0.317964],[-0.170843,-0.46701,0.867591]],[[0.323826,-0.929013,-0.179083],[0.940642,0.295799,0.166419],[-0.101633,-0.222344,0.969657]],[[0.323826,-0.929013,-0.179083],[0.940642,0.295799,0.166419],[-0.101633,-0.222344,0.969657]],[[0.323826,-0.929013,-0.179083],[0.945863,0.313504,0.0840167],[-0.0219095,-0.196595,0.98024]]],"btipPosition":[135.173,303.852,-22.7949],"carpPosition":[115.247,250.734,122.435],"dipPosition":[134.809,300.586,-6.51058],"direction":[0.101633,0.222344,-0.969657],"extended":true,"handId":42,"id":421,"length":57.1794,"mcpPosition":[128.175,286.073,56.783],"pipPosition":[132.42,295.361,16.2775],"stabilizedTipPosition":[138.171,303.576,-18.2089],"timeVisible":11.9306,"tipPosition":[132.859,302.028,-19.1076],"tipVelocity":[-380.85,-82.0762,-112.328],"tool":false,"touchDistance":0.27511,"touchZone":"hovering","type":1,"width":21.8186},{"bases":[[[0.982045,-0.135765,0.130976],[-0.00258149,0.684561,0.728951],[-0.188627,-0.716202,0.671919]],[[0.997949,0.0483916,-0.0419106],[-0.0343079,0.956996,0.288065],[0.0540482,-0.286036,0.956693]],[[0.997949,0.0483916,-0.0419106],[-0.0506371,0.997241,-0.054287],[0.0391679,0.0562979,0.997645]],[[0.997949,0.0483916,-0.0419106],[-0.06215,0.88933,-0.453022],[0.0153499,0.454698,0.890514]]],"btipPosition":[86.5807,253.247,22.5656],"carpPosition":[91.0035,250.774,125.024],"dipPosition":[86.93,263.594,42.8299],"direction":[-0.0391679,-0.0562979,-0.997645],"extended":false,"handId":42,"id":420,"length":50.6735,"mcpPosition":[91.0035,250.774,125.024],"pipPosition":[88.2285,265.46,75.9035],"stabilizedTipPosition":[88.073,255.801,27.316],"timeVisible":11.9306,"tipPosition":[86.1917,260.779,27.9123],"tipVelocity":[-366.619,-50.6978,-25.4575],"tool":false,"touchDistance":0.217233,"touchZone":"hovering","type":0,"width":22.8419},{"bases":[[[0.183759,-0.93275,-0.310176],[0.958318,0.099769,0.267718],[-0.218768,-0.346443,0.912205]],[[0.17031,-0.951846,-0.254919],[0.437201,0.304832,-0.846128],[0.883091,0.0326535,0.468064]],[[0.17031,-0.951846,-0.254919],[-0.840377,-0.00521571,-0.541977],[0.514549,0.306532,-0.800798]],[[0.17031,-0.951846,-0.254919],[-0.981426,-0.187034,0.0426835],[-0.0883065,0.242914,-0.96602]]],"btipPosition":[83.2994,251.282,70.0707],"carpPosition":[121.601,240.865,117.676],"dipPosition":[81.6859,255.721,52.4198],"direction":[-0.514549,-0.306532,0.800798],"extended":false,"handId":42,"id":422,"length":65.1514,"mcpPosition":[137.3,265.726,52.2147],"pipPosition":[95.9127,264.196,30.2784],"stabilizedTipPosition":[86.0425,252.039,66.2112],"timeVisible":11.9306,"tipPosition":[83.2464,252.466,65.6218],"tipVelocity":[-311.862,16.261,-24.5646],"tool":false,"touchDistance":0.333333,"touchZone":"none","type":2,"width":21.4287},{"bases":[[[0.076794,-0.978415,-0.19185],[0.961535,0.0217786,0.273816],[-0.263727,-0.205498,0.942453]],[[0.0737291,-0.980733,-0.180903],[0.412322,0.195144,-0.889893],[0.90805,-0.00897941,0.418766]],[[0.0737291,-0.980733,-0.180903],[-0.845896,0.0345803,-0.532226],[0.528227,0.192266,-0.827049]],[[0.0737291,-0.980733,-0.180903],[-0.985886,-0.0990182,0.135],[-0.150312,0.168396,-0.974191]]],"btipPosition":[91.0299,234.914,74.3139],"carpPosition":[124.983,229.521,113.254],"dipPosition":[88.2992,237.973,56.6161],"direction":[-0.528227,-0.192266,0.827049],"extended":false,"handId":42,"id":423,"length":62.6448,"mcpPosition":[141.975,242.762,52.5318],"pipPosition":[102.527,243.152,34.3395],"stabilizedTipPosition":[92.9257,235.319,70.4119],"timeVisible":11.9306,"tipPosition":[89.3671,235.118,69.2767],"tipVelocity":[-321.893,38.1236,-21.2234],"tool":false,"touchDistance":0.333333,"touchZone":"none","type":3,"width":20.3908},{"bases":[[[-0.114182,-0.985682,-0.12407],[0.934672,-0.148907,0.322824],[-0.336676,-0.0791037,0.938292]],[[-0.0702092,-0.967485,-0.24299],[0.474594,0.181859,-0.861213],[0.8774,-0.175787,0.446394]],[[-0.0702092,-0.967485,-0.24299],[-0.759782,0.209706,-0.615431],[0.646376,0.14141,-0.749801]],[[-0.0702092,-0.967485,-0.24299],[-0.9975,0.0700437,0.00933168],[0.00799166,0.243038,-0.969984]]],"btipPosition":[98.7056,220.035,68.1889],"carpPosition":[121.217,216.036,108.982],"dipPosition":[98.8395,224.108,51.9323],"direction":[-0.646376,-0.14141,0.749801],"extended":false,"handId":42,"id":424,"length":49.1123,"mcpPosition":[141.297,220.754,53.0203],"pipPosition":[111.132,226.797,37.6731],"stabilizedTipPosition":[100.757,220.993,64.6258],"timeVisible":11.9306,"tipPosition":[98.5106,222.172,64.417],"tipVelocity":[-346.885,-10.7169,-25.8752],"tool":false,"touchDistance":0.333333,"touchZone":"none","type":4,"width":18.1127}],"r":[[-0.753278,-0.568203,-0.331237],[0.197134,-0.675528,0.710493],[-0.627464,0.4699,0.620872]],"s":1.10513,"t":[2.61449,46.2642,46.6792],"timestamp":629544233507},{"currentFrameRate":55.3286,"devices":[],"gestures":[],"hands":[{"armBasis":[[0.315719,-0.601793,-0.733598],[0.947926,0.234204,0.215835],[0.0419233,-0.76354,0.644398]],"armWidth":69.943,"confidence":1,"direction":[0.34635,0.334962,-0.876266],"elbow":[113.575,2.21198,315.56],"grabAngle":2.70206,"grabStrength":0,"id":42,"palmNormal":[-0.893977,-0.165266,-0.416525],"palmPosition":[118.527,252.243,70.2029],"palmVelocity":[-359.272,-41.973,-88.6103],"palmWidth":93.5895,"pinchDistance":61.7632,"pinchStrength":0.654421,"r":[[-0.769947,-0.554669,-0.315474],[0.198063,-0.677706,0.708156],[-0.606591,0.482759,0.631658]],"s":1.10402,"sphereCenter":[92.1782,252.294,38.7954],"sphereRadius":42.7354,"stabilizedPalmPosition":[121.124,252.542,70.8476],"t":[-2.97215,45.5725,45.2978],"timeVisible":11.9487,"type":"right","wrist":[101.932,214.257,136.602]}],"id":20351,"interactionBox":{"center":[0,200,0],"size":[235.247,235.247,147.751]},"pointables":[{"bases":[[[0.338453,-0.858215,-0.385897],[0.927652,0.235524,0.289809],[-0.15783,-0.456065,0.875839]],[[0.295643,-0.937293,-0.184598],[0.951943,0.27287,0.139092],[-0.0799985,-0.216848,0.972922]],[[0.295643,-0.937293,-0.184598],[0.951943,0.27287,0.139092],[-0.0799985,-0.216848,0.972922]],[[0.295643,-0.937293,-0.184598],[0.954907,0.295481,0.0290315],[0.0273341,-0.184857,0.982385]]],"btipPosition":[126.865,302.336,-24.9949],"carpPosition":[110.154,250.6,121.108],"dipPosition":[127.319,299.265,-8.67494],"direction":[0.0799985,0.216848,-0.972922],"extended":true,"handId":42,"id":421,"length":57.1794,"mcpPosition":[122.097,285.111,54.8318],"pipPosition":[125.439,294.169,14.1899],"stabilizedTipPosition":[127.761,301.768,-21.0269],"timeVisible":11.9487,"tipPosition":[125.063,300.414,-21.2865],"tipVelocity":[-449.394,-81.4077,-121.308],"tool":false,"touchDistance":0.270825,"touchZone":"hovering","type":1,"width":21.8186},{"bases":[[[0.981597,-0.160094,0.104099],[0.035798,0.689732,0.723179],[-0.187577,-0.706144,0.68277]],[[0.997179,0.0231225,-0.0714143],[-0.00235846,0.960556,0.278077],[0.0750272,-0.277124,0.9579]],[[0.997179,0.0231225,-0.0714143],[-0.0277022,0.997577,-0.0638177],[0.0697656,0.065616,0.995403]],[[0.997179,0.0231225,-0.0714143],[-0.0535424,0.88589,-0.460795],[0.0526104,0.463318,0.884629]]],"btipPosition":[78.6414,252.795,22.0725],"carpPosition":[86.0037,251.285,124.384],"dipPosition":[79.8386,263.338,42.2029],"direction":[-0.0697656,-0.065616,-0.995403],"extended":false,"handId":42,"id":420,"length":50.6735,"mcpPosition":[86.0037,251.285,124.384],"pipPosition":[82.1515,265.513,75.2021],"stabilizedTipPosition":[79.0859,255.231,26.7138],"timeVisible":11.9487,"tipPosition":[78.6768,260.583,27.3574],"tipVelocity":[-428.617,-22.515,-28.9969],"tool":false,"touchDistance":0.249475,"touchZone":"hovering","type":0,"width":22.8419},{"bases":[[[0.150884,-0.939433,-0.307733],[0.967827,0.0769722,0.239555],[-0.201359,-0.333977,0.920822]],[[0.138538,-0.957769,-0.251963],[0.420847,0.287237,-0.860455],[0.89649,0.0131676,0.442868]],[[0.138538,-0.957769,-0.251963],[-0.853848,0.0133839,-0.52035],[0.501747,0.287227,-0.815935]],[[0.138538,-0.957769,-0.251963],[-0.983994,-0.161912,0.0744311],[-0.112084,0.237619,-0.96487]]],"btipPosition":[76.7243,251.602,69.6047],"carpPosition":[116.114,240.536,116.25],"dipPosition":[74.6763,255.944,51.9749],"direction":[-0.501747,-0.287227,0.815935],"extended":false,"handId":42,"id":422,"length":65.1514,"mcpPosition":[130.564,264.503,50.1704],"pipPosition":[88.5492,263.886,29.415],"stabilizedTipPosition":[77.4377,252.533,65.6299],"timeVisible":11.9487,"tipPosition":[76.5936,252.74,65.2169],"tipVelocity":[-369.439,16.4858,-25.5213],"tool":false,"touchDistance":0.333333,"touchZone":"none","type":2,"width":21.4287},{"bases":[[[0.0462164,-0.981453,-0.18605],[0.969221,-0.0010284,0.246188],[-0.241814,-0.191701,0.951198]],[[0.037899,-0.987448,-0.15333],[0.394369,0.155765,-0.905655],[0.91817,-0.0261451,0.395322]],[[0.037899,-0.987448,-0.15333],[-0.858911,0.0462319,-0.510034],[0.510721,0.151026,-0.846378]],[[0.037899,-0.987448,-0.15333],[-0.982482,-0.0648377,0.174713],[-0.182462,0.144022,-0.972607]]],"btipPosition":[84.3284,235.879,73.8323],"carpPosition":[119.078,229.077,111.825],"dipPosition":[81.0137,238.496,56.1632],"direction":[-0.510721,-0.151026,0.846378],"extended":false,"handId":42,"id":423,"length":62.6448,"mcpPosition":[134.658,241.428,50.5398],"pipPosition":[94.77,242.564,33.366],"stabilizedTipPosition":[84.3936,236.378,69.8253],"timeVisible":11.9487,"tipPosition":[82.4293,235.325,68.8792],"tipVelocity":[-378.338,47.807,-26.2897],"tool":false,"touchDistance":0.333333,"touchZone":"none","type":3,"width":20.3908},{"bases":[[[-0.142865,-0.983292,-0.112811],[0.939414,-0.1706,0.297316],[-0.311594,-0.0635006,0.948091]],[[-0.106012,-0.969427,-0.221297],[0.454041,0.150803,-0.878126],[0.884652,-0.19357,0.424172]],[[-0.106012,-0.969427,-0.221297],[-0.774109,0.220144,-0.593542],[0.624113,0.108385,-0.77378]],[[-0.106012,-0.969427,-0.221297],[-0.994101,0.0982038,0.0460249],[-0.0228856,0.224871,-0.97412]]],"btipPosition":[91.5312,220.274,67.683],"carpPosition":[114.847,215.662,107.771],"dipPosition":[91.1477,224.043,51.3572],"direction":[-0.624113,-0.108385,0.77378],"extended":false,"handId":42,"id":424,"length":49.1123,"mcpPosition":[133.431,219.449,51.2251],"pipPosition":[103.017,226.104,36.6419],"stabilizedTipPosition":[91.9231,221.133,63.964],"timeVisible":11.9487,"tipPosition":[91.0484,222.033,63.8241],"tipVelocity":[-403.662,9.36417,-28.8797],"tool":false,"touchDistance":0.333333,"touchZone":"none","type":4,"width":18.1127}],"r":[[-0.769947,-0.554669,-0.315474],[0.198063,-0.677706,0.708156],[-0.606591,0.482759,0.631658]],"s":1.10402,"t":[-2.97215,45.5725,45.2978],"timestamp":629544251575},{"currentFrameRate":55.3298,"devices":[],"gestures":[],"hands":[{"armBasis":[[0.27029,-0.613014,-0.7424],[0.961086,0.217504,0.170311],[0.0570715,-0.759543,0.647948]],"armWidth":69.943,"confidence":1,"direction":[0.325472,0.315327,-0.891424],"elbow":[111.212,3.39904,315.639],"grabAngle":2.73294,"grabStrength":0,"id":42,"palmNormal":[-0.91069,-0.149096,-0.385246],"palmPosition":[110.543,251.125,68.3097],"palmVelocity":[-441.858,-61.8307,-104.779],"palmWidth":93.5895,"pinchDistance":61.7967,"pinchStrength":0.657808,"r":[[-0.787398,-0.540652,-0.296142],[0.200099,-0.678554,0.70677],[-0.583065,0.497251,0.642476]],"s":1.09723,"sphereCenter":[82.5265,252.468,38.0267],"sphereRadius":42.3931,"stabilizedPalmPosition":[111.16,251.208,68.4578],"t":[-9.75744,44.6681,43.6606],"timeVisible":11.9668,"type":"right","wrist":[95.362,214.334,135.695]}],"id":20352,"interactionBox":{"center":[0,200,0],"size":[235.247,235.247,147.751]},"pointables":[{"bases":[[[0.305422,-0.870949,-0.384922],[0.941874,0.2169,0.25657],[-0.13997,-0.44091,0.88657]],[[0.267759,-0.945888,-0.183308],[0.962184,0.252625,0.101895],[-0.0500728,-0.203659,0.97776]],[[0.267759,-0.945888,-0.183308],[0.96299,0.268835,0.0194256],[0.0309053,-0.181725,0.982864]],[[0.267759,-0.945888,-0.183308],[0.950666,0.290303,-0.109353],[0.156651,-0.144985,0.976954]]],"btipPosition":[113.148,298.886,-27.7849],"carpPosition":[103.793,250.335,119.475],"dipPosition":[115.75,296.478,-11.5552],"direction":[-0.0309053,0.181725,-0.982864],"extended":true,"handId":42,"id":421,"length":57.1794,"mcpPosition":[114.385,283.699,52.3873],"pipPosition":[116.477,292.207,11.5433],"stabilizedTipPosition":[114.028,298.401,-23.9913],"timeVisible":11.9668,"tipPosition":[114.94,298.027,-24.0003],"tipVelocity":[-731.809,-182.52,-155.558],"tool":false,"touchDistance":0.293748,"touchZone":"hovering","type":1,"width":21.8186},{"bases":[[[0.98042,-0.18224,0.0746012],[0.0755249,0.697868,0.712233],[-0.181859,-0.692653,0.697967]],[[0.994495,-0.000686737,-0.104783],[0.0285832,0.963834,0.264967],[0.100811,-0.266503,0.958547]],[[0.994495,-0.000686737,-0.104783],[-0.00758812,0.996881,-0.0785523],[0.10451,0.0789149,0.991388]],[[0.994495,-0.000686737,-0.104783],[-0.0494814,0.878385,-0.475385],[0.0923663,0.477953,0.873516]]],"btipPosition":[69.0423,251.832,21.5591],"carpPosition":[79.7849,251.641,123.518],"dipPosition":[71.1442,262.708,41.4366],"direction":[-0.10451,-0.0789149,-0.991388],"extended":false,"handId":42,"id":420,"length":50.6735,"mcpPosition":[79.7849,251.641,123.518],"pipPosition":[74.6088,265.324,74.3027],"stabilizedTipPosition":[69.5294,254.333,26.1312],"timeVisible":11.9668,"tipPosition":[69.5284,259.798,26.6534],"tipVelocity":[-519.734,-49.0729,-31.6325],"tool":false,"touchDistance":0.279272,"touchZone":"hovering","type":0,"width":22.8419},{"bases":[[[0.118632,-0.94664,-0.299666],[0.976648,0.0568006,0.207203],[-0.179126,-0.317249,0.931272]],[[0.107677,-0.96396,-0.243284],[0.399038,0.266035,-0.877493],[0.91059,-0.00259342,0.413302]],[[0.107677,-0.96396,-0.243284],[-0.866955,0.0287322,-0.497558],[0.486616,0.264492,-0.832616]],[[0.107677,-0.96396,-0.243284],[-0.984007,-0.138261,0.112309],[-0.141898,0.2273,-0.963431]]],"btipPosition":[68.6704,251.492,68.9904],"carpPosition":[109.354,240.07,114.565],"dipPosition":[66.0777,255.645,51.3868],"direction":[-0.486616,-0.264492,0.832616],"extended":false,"handId":42,"id":422,"length":65.1514,"mcpPosition":[122.208,262.836,47.7355],"pipPosition":[79.5322,262.958,28.3657],"stabilizedTipPosition":[68.1464,252.447,64.9469],"timeVisible":11.9668,"tipPosition":[68.4899,252.563,64.6721],"tipVelocity":[-452.662,-8.53205,-33.6639],"tool":false,"touchDistance":0.333333,"touchZone":"none","type":2,"width":21.4287},{"bases":[[[0.0170153,-0.984578,-0.174117],[0.97642,-0.0211198,0.214845],[-0.215209,-0.173667,0.961002]],[[0.00407985,-0.99322,-0.116178],[0.370748,0.109402,-0.922267],[0.928725,-0.0393101,0.368681]],[[0.00407985,-0.99322,-0.116178],[-0.872135,0.0533066,-0.486352],[0.489247,0.103307,-0.866005]],[[0.00407985,-0.99322,-0.116178],[-0.975536,-0.0294895,0.217851],[-0.2198,0.112447,-0.969043]]],"btipPosition":[76.2357,236.559,73.1996],"carpPosition":[111.901,228.487,110.203],"dipPosition":[72.2426,238.602,55.5953],"direction":[-0.489248,-0.103307,0.866005],"extended":false,"handId":42,"id":423,"length":62.6448,"mcpPosition":[125.767,239.676,48.2858],"pipPosition":[85.4205,241.384,32.2694],"stabilizedTipPosition":[75.3336,237.027,69.1518],"timeVisible":11.9668,"tipPosition":[74.1014,235.168,68.4195],"tipVelocity":[-456.513,30.296,-34.1927],"tool":false,"touchDistance":0.333333,"touchZone":"none","type":3,"width":20.3908},{"bases":[[[-0.169575,-0.980946,-0.0948103],[0.944305,-0.18926,0.269201],[-0.282015,-0.0438799,0.958406]],[[-0.163589,-0.979802,-0.115005],[0.417857,0.0367838,-0.907768],[0.893663,-0.196557,0.4034]],[[-0.163589,-0.979802,-0.115005],[-0.792174,0.199943,-0.576613],[0.587961,-0.00322372,-0.808883]],[[-0.163589,-0.979802,-0.115005],[-0.984293,0.154261,0.0858576],[-0.0663827,0.127244,-0.989648]]],"btipPosition":[83.2526,222.43,67.4081],"carpPosition":[107.226,215.127,106.469],"dipPosition":[82.14,224.563,50.822],"direction":[-0.587961,0.00322372,0.808883],"extended":false,"handId":42,"id":424,"length":49.1123,"mcpPosition":[124.046,217.744,49.3082],"pipPosition":[93.3215,224.501,35.4392],"stabilizedTipPosition":[83.0099,222.918,63.5938],"timeVisible":11.9668,"tipPosition":[82.2845,221.704,63.2804],"tipVelocity":[-467.446,98.5029,-18.5292],"tool":false,"touchDistance":0.333333,"touchZone":"none","type":4,"width":18.1127}],"r":[[-0.787398,-0.540652,-0.296142],[0.200099,-0.678554,0.70677],[-0.583065,0.497251,0.642476]],"s":1.09723,"t":[-9.75744,44.6681,43.6606],"timestamp":629544269644},{"currentFrameRate":55.3284,"devices":[],"gestures":[],"hands":[{"armBasis":[[0.218568,-0.627628,-0.747202],[0.972916,0.199212,0.117259],[0.0752565,-0.752593,0.654171]],"armWidth":69.943,"confidence":1,"direction":[0.298666,0.292741,-0.908351],"elbow":[108.286,4.92484,316.331],"grabAngle":2.74485,"grabStrength":0,"id":42,"palmNormal":[-0.928203,-0.132199,-0.347798],"palmPosition":[100.733,249.295,66.1453],"palmVelocity":[-542.604,-101.255,-119.719],"palmWidth":93.5895,"pinchDistance":61.7737,"pinchStrength":0.66586,"r":[[-0.805598,-0.526037,-0.272575],[0.203713,-0.677961,0.706307],[-0.556339,0.513473,0.653325]],"s":1.08915,"sphereCenter":[71.4664,251.266,36.9778],"sphereRadius":42.2129,"stabilizedPalmPosition":[100.909,249.327,66.1843],"t":[-18.055,43.3005,41.7597],"timeVisible":11.9848,"type":"right","wrist":[87.3865,213.93,134.659]}],"id":20353,"interactionBox":{"center":[0,200,0],"size":[235.247,235.247,147.751]},"pointables":[{"bases":[[[0.268895,-0.884413,-0.381456],[0.956082,0.197132,0.216902],[-0.116634,-0.423027,0.898579]],[[0.237318,-0.954955,-0.17816],[0.971369,0.231195,0.0546863],[-0.0110333,-0.186037,0.982481]],[[0.237318,-0.954955,-0.17816],[0.968404,0.247036,-0.0341722],[0.0766448,-0.164421,0.983408]],[[0.237318,-0.954955,-0.17816],[0.946819,0.268405,-0.177463],[0.217288,-0.12657,0.967867]]],"btipPosition":[99.8112,295.241,-30.6916],"carpPosition":[95.9355,249.492,117.536],"dipPosition":[103.421,293.138,-14.6128],"direction":[-0.0766448,0.164421,-0.983408],"extended":true,"handId":42,"id":421,"length":57.1794,"mcpPosition":[104.761,281.503,49.5396],"pipPosition":[105.222,289.274,8.49849],"stabilizedTipPosition":[100.884,294.824,-26.939],"timeVisible":11.9848,"tipPosition":[102.612,294.601,-27.0423],"tipVelocity":[-724.872,-197.725,-162.696],"tool":false,"touchDistance":0.300861,"touchZone":"hovering","type":1,"width":21.8186},{"bases":[[[0.97778,-0.205708,0.0403786],[0.119964,0.707022,0.696942],[-0.171915,-0.676612,0.71599]],[[0.989113,-0.0248513,-0.145045],[0.0609133,0.966375,0.249817],[0.133959,-0.255932,0.957368]],[[0.989113,-0.0248513,-0.145045],[0.0108392,0.995264,-0.0966072],[0.146758,0.0939833,0.984697]],[[0.989113,-0.0248513,-0.145045],[-0.0505522,0.868275,-0.493501],[0.138203,0.49546,0.857566]]],"btipPosition":[57.2514,250.218,21.1519],"carpPosition":[72.1395,251.467,122.466],"dipPosition":[60.3963,261.492,40.6664],"direction":[-0.146758,-0.0939833,-0.984697],"extended":false,"handId":42,"id":420,"length":50.6735,"mcpPosition":[72.1395,251.467,122.466],"pipPosition":[65.2616,264.608,73.3107],"stabilizedTipPosition":[57.9777,252.811,25.6404],"timeVisible":11.9848,"tipPosition":[58.3679,258.231,25.9307],"tipVelocity":[-638.919,-84.2041,-27.1427],"tool":false,"touchDistance":0.304944,"touchZone":"hovering","type":0,"width":22.8419},{"bases":[[[0.0837099,-0.953995,-0.287898],[0.984985,0.0354386,0.168965],[-0.150989,-0.297719,0.942638]],[[0.0745053,-0.970131,-0.230856],[0.372647,0.241813,-0.895913],[0.924977,-0.0192774,0.379533]],[[0.0745053,-0.970131,-0.230856],[-0.879419,0.0452309,-0.473895],[0.470182,0.238327,-0.849782]],[[0.0745053,-0.970131,-0.230856],[-0.981214,-0.11263,0.156635],[-0.177958,0.214849,-0.960297]]],"btipPosition":[58.7858,250.766,68.2026],"carpPosition":[101.049,239.013,112.592],"dipPosition":[55.5342,254.691,50.6563],"direction":[-0.470182,-0.238327,0.849782],"extended":false,"handId":42,"id":422,"length":65.1514,"mcpPosition":[111.884,260.377,44.9477],"pipPosition":[68.5343,261.281,27.1605],"stabilizedTipPosition":[58.0425,251.669,64.1673],"timeVisible":11.9848,"tipPosition":[58.6092,251.734,64.0854],"tipVelocity":[-555.13,-43.0397,-42.8492],"tool":false,"touchDistance":0.333333,"touchZone":"none","type":2,"width":21.4287},{"bases":[[[-0.013914,-0.987348,-0.157956],[0.983133,-0.0423194,0.177928],[-0.182361,-0.152816,0.971284]],[[-0.024824,-0.994735,-0.0994296],[0.341856,0.0850174,-0.935899],[0.939424,-0.0572234,0.337946]],[[-0.024824,-0.994735,-0.0994296],[-0.886239,0.0679184,-0.458222],[0.462562,0.0767435,-0.883259]],[[-0.024824,-0.994735,-0.0994296],[-0.963878,-0.00256761,0.266333],[-0.265186,0.102449,-0.958739]]],"btipPosition":[66.438,235.705,72.2807],"carpPosition":[103.141,227.301,108.333],"dipPosition":[61.6205,237.566,54.8635],"direction":[-0.462562,-0.0767435,0.883259],"extended":false,"handId":42,"id":423,"length":62.6448,"mcpPosition":[114.891,237.147,45.7541],"pipPosition":[74.0796,239.633,31.0729],"stabilizedTipPosition":[65.336,236.133,68.2753],"timeVisible":11.9848,"tipPosition":[63.969,234.303,67.9165],"tipVelocity":[-552.424,-49.5491,-48.447],"tool":false,"touchDistance":0.333333,"touchZone":"none","type":3,"width":20.3908},{"bases":[[[-0.197176,-0.977743,-0.0716916],[0.949001,-0.208706,0.236301],[-0.246004,-0.0214426,0.969032]],[[-0.213148,-0.976996,-0.00688911],[0.372933,-0.0748402,-0.924835],[0.903044,-0.199696,0.380306]],[[-0.213148,-0.976996,-0.00688911],[-0.81286,0.181242,-0.553542],[0.542057,-0.112386,-0.832793]],[[-0.213148,-0.976996,-0.00688911],[-0.96952,0.210634,0.125156],[-0.120826,0.0333559,-0.992113]]],"btipPosition":[73.3408,223.728,66.6019],"carpPosition":[97.999,214.005,105.007],"dipPosition":[71.3158,224.287,49.9745],"direction":[-0.542057,0.112386,0.832793],"extended":false,"handId":42,"id":424,"length":49.1123,"mcpPosition":[112.671,215.284,47.2121],"pipPosition":[81.6242,222.15,34.137],"stabilizedTipPosition":[72.8862,223.855,62.7785],"timeVisible":11.9848,"tipPosition":[71.757,220.959,62.7028],"tipVelocity":[-559.859,51.7557,-45.1163],"tool":false,"touchDistance":0.333333,"touchZone":"none","type":4