{"frames":35,"data":[{"currentFrameRate":54.7994,"devices":[],"gestures":[],"hands":[{"armBasis":[[0.791323,0.191952,-0.580485],[0.254212,0.760178,0.597918],[0.556043,-0.620712,0.552749]],"armWidth":57.1674,"confidence":1,"direction":[-0.235861,0.179892,-0.954991],"elbow":[147.575,-39.0372,244.855],"grabAngle":0.458538,"grabStrength":0,"id":90,"palmNormal":[-0.158334,-0.976699,-0.144876],"palmPosition":[-14.2559,125.688,49.9111],"palmVelocity":[-36.7094,267.258,-35.3557],"palmWidth":81.8284,"pinchDistance":48.4373,"pinchStrength":0,"r":[[0.805297,0.366618,-0.465928],[-0.512377,0.825741,-0.23584],[0.298273,0.428652,0.852813]],"s":1.17006,"sphereCenter":[-45.8965,-13.9174,20.2738],"sphereRadius":149.417,"stabilizedPalmPosition":[-14.2219,125.405,49.9537],"t":[-127.625,-28.3134,0.328019],"timeVisible":11.6053,"type":"right","wrist":[12.5604,111.68,110.64]}],"id":32280,"interactionBox":{"center":[0,200,0],"size":[235.247,235.247,147.751]},"pointables":[{"bases":[[[0.481413,0.861593,-0.160929],[-0.60878,0.460779,0.64581],[0.630578,-0.212931,0.746346]],[[0.509802,0.850931,-0.12656],[-0.537928,0.43011,0.72501],[0.671368,-0.301531,0.677011]],[[0.509802,0.850931,-0.12656],[-0.792771,0.521809,0.315008],[0.33409,-0.0602585,0.940613]],[[0.509802,0.850931,-0.12656],[-0.848718,0.521521,0.0877078],[0.140637,0.0627004,0.988074]]],"btipPosition":[-63.8262,126.949,25.1841],"carpPosition":[-21.0073,112.905,103.245],"dipPosition":[-60.9836,128.216,45.1552],"direction":[-0.33409,0.0602585,-0.940613],"extended":true,"handId":90,"id":900,"length":45.0095,"mcpPosition":[-21.0073,112.905,103.245],"pipPosition":[-51.146,126.441,72.8526],"stabilizedTipPosition":[-63.1686,126.585,29.9681],"timeVisible":11.6053,"tipPosition":[-62.6907,127.027,31.3475],"tipVelocity":[-5.38177,256.899,-69.1163],"tool":false,"touchDistance":-0.341553,"touchZone":"touching","type":0,"width":18.1485},{"bases":[[[0.905588,-0.0851713,-0.415519],[0.0982108,0.995115,0.0100678],[0.412631,-0.0499257,0.909529]],[[0.970354,-0.0935123,-0.222866],[0.0844775,0.995182,-0.0497553],[0.226445,0.0294531,0.973579]],[[0.970354,-0.0935123,-0.222866],[0.0489939,0.979079,-0.197494],[0.236671,0.18072,0.954635]],[[0.970354,-0.0935123,-0.222866],[0.0180916,0.947633,-0.318848],[0.241011,0.305363,0.921231]]],"btipPosition":[-57.7374,124.894,-35.0958],"carpPosition":[-13.5383,130.962,94.7248],"dipPosition":[-54.1811,129.4,-21.5023],"direction":[-0.236671,-0.18072,-0.954635],"extended":true,"handId":90,"id":901,"length":50.7882,"mcpPosition":[-40.8388,134.265,34.5486],"pipPosition":[-49.2408,133.173,-1.57493],"stabilizedTipPosition":[-56.9172,125.532,-31.8789],"timeVisible":11.6053,"tipPosition":[-57.4401,124.642,-28.7012],"tipVelocity":[-11.2315,278.537,-53.4772],"tool":false,"touchDistance":-0.3402,"touchZone":"touching","type":1,"width":17.3355},{"bases":[[[0.92291,-0.25952,-0.284405],[0.258933,0.965052,-0.0403595],[0.28494,-0.0363937,0.957854]],[[0.951043,-0.262028,-0.163883],[0.259157,0.965046,-0.0390467],[0.168386,-0.00533642,0.985707]],[[0.951043,-0.262028,-0.163883],[0.224339,0.950024,-0.217085],[0.212575,0.169692,0.962297]],[[0.951043,-0.262028,-0.163883],[0.187906,0.911243,-0.366507],[0.245372,0.317769,0.915868]]],"btipPosition":[-37.7767,124.76,-49.9215],"carpPosition":[-3.6864,131.579,89.7066],"dipPosition":[-33.7945,129.917,-35.0575],"direction":[-0.212575,-0.169692,-0.962297],"extended":true,"handId":90,"id":902,"length":57.8691,"mcpPosition":[-21.5644,133.863,29.6078],"pipPosition":[-28.5739,134.085,-11.4247],"stabilizedTipPosition":[-36.8767,125.684,-46.4496],"timeVisible":11.6053,"tipPosition":[-38.4315,124.584,-42.9016],"tipVelocity":[7.38845,254.66,-45.2085],"tool":false,"touchDistance":-0.333745,"touchZone":"touching","type":2,"width":17.0257},{"bases":[[[0.932619,-0.334053,-0.136492],[0.33316,0.942392,-0.030021],[0.138658,-0.0174756,0.990186]],[[0.935763,-0.334383,-0.111966],[0.329515,0.94224,-0.0600301],[0.125572,0.0192795,0.991897]],[[0.935763,-0.334383,-0.111966],[0.295138,0.916432,-0.27027],[0.192983,0.219863,0.956252]],[[0.935763,-0.334383,-0.111966],[0.250406,0.853667,-0.456673],[0.248285,0.3993,0.882561]]],"btipPosition":[-14.8204,118.072,-45.3326],"carpPosition":[6.45939,129.534,85.8405],"dipPosition":[-10.814,124.515,-31.0915],"direction":[-0.192983,-0.219863,-0.956252],"extended":true,"handId":90,"id":903,"length":55.6427,"mcpPosition":[-1.3516,130.519,30.0605],"pipPosition":[-6.19701,129.775,-8.21369],"stabilizedTipPosition":[-13.9066,119.387,-42.03],"timeVisible":11.6053,"tipPosition":[-15.5617,118.143,-38.4126],"tipVelocity":[7.1432,253.905,-38.0853],"tool":false,"touchDistance":-0.325902,"touchZone":"touching","type":3,"width":16.2011},{"bases":[[[0.874445,-0.484918,-0.0141223],[0.485093,0.873691,0.0367144],[-0.00546491,-0.0389553,0.999226]],[[0.873346,-0.481925,-0.0708198],[0.474288,0.874465,-0.101797],[0.110988,0.0553148,0.992281]],[[0.873346,-0.481925,-0.0708198],[0.410912,0.806989,-0.42417],[0.261569,0.341346,0.902809]],[[0.873346,-0.481925,-0.0708198],[0.341309,0.709176,-0.61691],[0.347528,0.514604,0.783841]]],"btipPosition":[3.44207,108.256,-25.2169],"carpPosition":[16.1381,121.34,84.1096],"dipPosition":[8.61547,115.916,-13.5484],"direction":[-0.261569,-0.341346,-0.902809],"extended":true,"handId":90,"id":904,"length":43.6228,"mcpPosition":[16.4231,123.371,32.0032],"pipPosition":[13.0338,121.682,1.7015],"stabilizedTipPosition":[4.6381,109.892,-22.5183],"timeVisible":11.6053,"tipPosition":[4.15222,109.707,-19.6536],"tipVelocity":[-16.6134,243.016,-25.9292],"tool":false,"touchDistance":-0.316062,"touchZone":"touching","type":4,"width":14.3911}],"r":[[0.805297,0.366618,-0.465928],[-0.512377,0.825741,-0.23584],[0.298273,0.428652,0.852813]],"s":1.17006,"t":[-127.625,-28.3134,0.328019],"timestamp":629771575349},{"currentFrameRate":54.8069,"devices":[],"gestures":[],"hands":[{"armBasis":[[0.791309,0.20456,-0.576182],[0.252129,0.749344,0.612303],[0.557011,-0.629793,0.541387]],"armWidth":57.1675,"confidence":1,"direction":[-0.230997,0.194638,-0.953287],"elbow":[146.715,-35.9728,240.762],"grabAngle":0.460445,"grabStrength":0,"id":90,"palmNormal":[-0.1584,-0.974238,-0.160533],"palmPosition":[-15.0911,131.916,48.6982],"palmVelocity":[-45.841,341.799,-66.5699],"palmWidth":81.8285,"pinchDistance":48.1874,"pinchStrength":0,"r":[[0.805048,0.373919,-0.460523],[-0.516141,0.824178,-0.233087],[0.292397,0.425341,0.856498]],"s":1.16944,"sphereCenter":[-44.5094,-9.92661,16.7713],"sphereRadius":151.265,"stabilizedPalmPosition":[-15.0648,131.718,48.7363],"t":[-128.285,-23.2542,-0.573686],"timeVisible":11.6235,"type":"right","wrist":[11.4647,116.95,109.305]}],"id":32281,"interactionBox":{"center":[0,200,0],"size":[235.247,235.247,147.751]},"pointables":[{"bases":[[[0.482893,0.863524,-0.145396],[-0.611593,0.451412,0.649754],[0.626712,-0.224838,0.746109]],[[0.502131,0.856122,-0.122145],[-0.550729,0.425467,0.718105],[0.666754,-0.293315,0.685132]],[[0.502131,0.856122,-0.122145],[-0.798003,0.513134,0.316044],[0.333249,-0.061224,0.940849]],[[0.502131,0.856122,-0.122145],[-0.853623,0.513304,0.0885801],[0.138533,0.0597866,0.988552]]],"btipPosition":[-64.6607,132.089,23.3549],"carpPosition":[-22.1161,118.327,101.797],"dipPosition":[-61.8606,133.297,43.3357],"direction":[-0.333249,0.061224,-0.940849],"extended":true,"handId":90,"id":900,"length":45.0096,"mcpPosition":[-22.1161,118.327,101.797],"pipPosition":[-52.0477,131.494,71.0401],"stabilizedTipPosition":[-63.9492,131.907,28.111],"timeVisible":11.6235,"tipPosition":[-63.487,133.467,29.7352],"tipVelocity":[-46.3357,281.381,-100.272],"tool":false,"touchDistance":-0.363136,"touchZone":"touching","type":0,"width":18.1486},{"bases":[[[0.907561,-0.0796204,-0.412302],[0.0989576,0.994759,0.0257263],[0.408093,-0.0641487,0.910684]],[[0.971109,-0.0908987,-0.220645],[0.0850716,0.995732,-0.0357903],[0.222956,0.0159857,0.974697]],[[0.971109,-0.0908987,-0.220645],[0.0510049,0.982308,-0.180195],[0.233121,0.163735,0.958564]],[[0.971109,-0.0908987,-0.220645],[0.0209242,0.953485,-0.300713],[0.237716,0.287409,0.92784]]],"btipPosition":[-58.2374,132.498,-36.5281],"carpPosition":[-14.5907,136.505,93.5901],"dipPosition":[-54.7298,136.739,-22.8371],"direction":[-0.233121,-0.163735,-0.958564],"extended":true,"handId":90,"id":901,"length":50.7883,"mcpPosition":[-41.591,140.75,33.3374],"pipPosition":[-49.8635,140.156,-2.82761],"stabilizedTipPosition":[-57.4096,133.147,-33.3176],"timeVisible":11.6235,"tipPosition":[-57.8846,132.114,-30.1513],"tipVelocity":[-28.0568,413.959,-77.3792],"tool":false,"touchDistance":-0.355661,"touchZone":"touching","type":1,"width":17.3355},{"bases":[[[0.924095,-0.255963,-0.283779],[0.259903,0.965328,-0.024361],[0.280175,-0.051243,0.95858]],[[0.952296,-0.26041,-0.15912],[0.259416,0.965378,-0.0273559],[0.160734,-0.0152273,0.98688]],[[0.952296,-0.26041,-0.15912],[0.225771,0.95198,-0.206787],[0.205328,0.160998,0.96536]],[[0.952296,-0.26041,-0.15912],[0.190747,0.914914,-0.355735],[0.238218,0.308413,0.920942]]],"btipPosition":[-37.8924,132.08,-51.2497],"carpPosition":[-4.71362,137.19,88.6306],"dipPosition":[-34.0263,137.085,-36.3033],"direction":[-0.205328,-0.160998,-0.96536],"extended":true,"handId":90,"id":902,"length":57.8692,"mcpPosition":[-22.2927,140.405,28.4861],"pipPosition":[-28.9837,141.039,-12.5953],"stabilizedTipPosition":[-36.9994,133.005,-47.7711],"timeVisible":11.6235,"tipPosition":[-38.752,132.279,-44.3509],"tipVelocity":[-7.81587,399.821,-71.8576],"tool":false,"touchDistance":-0.348342,"touchZone":"touching","type":2,"width":17.0258},{"bases":[[[0.933014,-0.332751,-0.136974],[0.33406,0.942448,-0.0140037],[0.133751,-0.0326919,0.990476]],[[0.936693,-0.333601,-0.106383],[0.329751,0.94261,-0.0524527],[0.117776,0.0140521,0.992941]],[[0.936693,-0.333601,-0.106383],[0.29706,0.917942,-0.262941],[0.185371,0.214692,0.958929]],[[0.936693,-0.333601,-0.106383],[0.255816,0.859439,-0.442631],[0.239092,0.387395,0.890371]]],"btipPosition":[-14.9226,125.107,-46.6362],"carpPosition":[5.44952,135.195,84.7838],"dipPosition":[-11.0645,131.358,-32.269],"direction":[-0.185371,-0.214692,-0.958929],"extended":true,"handId":90,"id":903,"length":55.6427,"mcpPosition":[-2.08504,137.037,28.9874],"pipPosition":[-6.62966,136.495,-9.32715],"stabilizedTipPosition":[-14.0325,126.392,-43.3039],"timeVisible":11.6235,"tipPosition":[-15.8814,125.756,-39.8945],"tipVelocity":[-7.48231,383.736,-69.9555],"tool":false,"touchDistance":-0.340764,"touchZone":"touching","type":3,"width":16.2011},{"bases":[[[0.874115,-0.485413,-0.0172072],[0.485606,0.872604,0.052424],[-0.0104322,-0.0541805,0.998477]],[[0.87359,-0.482208,-0.0657001],[0.474615,0.874017,-0.104093],[0.107618,0.0597528,0.992395]],[[0.87359,-0.482208,-0.0657001],[0.410778,0.803013,-0.431777],[0.260964,0.350208,0.899584]],[[0.87359,-0.482208,-0.0657001],[0.347107,0.712001,-0.610387],[0.341112,0.510423,0.789374]]],"btipPosition":[2.90173,114.507,-26.3432],"carpPosition":[15.1301,127.02,82.9758],"dipPosition":[7.97963,122.105,-14.5923],"direction":[-0.260964,-0.350208,-0.899584],"extended":true,"handId":90,"id":904,"length":43.6229,"mcpPosition":[15.6741,129.845,30.9084],"pipPosition":[12.3878,128.021,0.603177],"stabilizedTipPosition":[4.07955,116.144,-23.621],"timeVisible":11.6235,"tipPosition":[3.67712,116.93,-21.1946],"tipVelocity":[-30.8618,342.298,-60.7746],"tool":false,"touchDistance":-0.329399,"touchZone":"touching","type":4,"width":14.3911}],"r":[[0.805048,0.373919,-0.460523],[-0.516141,0.824178,-0.233087],[0.292397,0.425341,0.856498]],"s":1.16944,"t":[-128.285,-23.2542,-0.573686],"timestamp":629771593569},{"currentFrameRate":54.8912,"devices":[],"gestures":[],"hands":[{"armBasis":[[0.792168,0.211797,-0.572373],[0.25177,0.740919,0.622616],[0.555951,-0.637324,0.533608]],"armWidth":57.1675,"confidence":1,"direction":[-0.220166,0.22483,-0.949199],"elbow":[144.723,-32.2928,237.052],"grabAngle":0.470336,"grabStrength":0,"id":90,"palmNormal":[-0.166552,-0.967451,-0.190521],"palmPosition":[-16.2054,139.31,47.0653],"palmVelocity":[-62.1662,412.531,-91.1015],"palmWidth":81.0967,"pinchDistance":47.8928,"pinchStrength":0,"r":[[0.806381,0.380787,-0.452494],[-0.517083,0.825291,-0.226979],[0.287009,0.417008,0.862398]],"s":1.16767,"sphereCenter":[-42.7022,-3.64319,10.3258],"sphereRadius":152.491,"stabilizedPalmPosition":[-16.1741,139.102,47.1112],"t":[-129.172,-17.0275,-1.84099],"timeVisible":11.6414,"type":"right","wrist":[9.73035,122.459,107.484]}],"id":32282,"interactionBox":{"center":[0,200,0],"size":[235.247,235.247,147.751]},"pointables":[{"bases":[[[0.492767,0.86245,-0.115591],[-0.613111,0.438387,0.6572],[0.617476,-0.252976,0.7448]],[[0.496388,0.860948,-0.111211],[-0.567539,0.418789,0.708883],[0.656885,-0.288764,0.696504]],[[0.496388,0.860948,-0.111211],[-0.805363,0.504536,0.311181],[0.32402,-0.0649008,0.943821]],[[0.496388,0.860948,-0.111211],[-0.859647,0.505339,0.0750993],[0.120856,0.058324,0.990955]]],"btipPosition":[-65.3316,137.939,20.5875],"carpPosition":[-23.8591,124.244,99.6759],"dipPosition":[-62.8888,139.118,40.6169],"direction":[-0.32402,0.0649008,-0.943821],"extended":true,"handId":90,"id":900,"length":45.0096,"mcpPosition":[-23.8591,124.244,99.6759],"pipPosition":[-53.3476,137.207,68.4088],"stabilizedTipPosition":[-64.6877,137.579,25.486],"timeVisible":11.6414,"tipPosition":[-64.4633,141.316,27.3153],"tipVelocity":[-42.0151,326,-153.774],"tool":false,"touchDistance":-0.396499,"touchZone":"touching","type":0,"width":18.1486},{"bases":[[[0.910527,-0.0767469,-0.406263],[0.108575,0.992518,0.0558455],[0.398938,-0.0949589,0.912048]],[[0.971737,-0.0941207,-0.21649],[0.0949289,0.995462,-0.00668658],[0.216137,-0.0140536,0.976262]],[[0.971737,-0.0941207,-0.21649],[0.0611976,0.986166,-0.154051],[0.227995,0.136449,0.964054]],[[0.971737,-0.0941207,-0.21649],[0.0320011,0.961134,-0.27422],[0.233886,0.259542,0.936982]]],"btipPosition":[-58.7021,142.703,-38.4407],"carpPosition":[-16.3136,142.633,91.5358],"dipPosition":[-55.2509,146.533,-24.6148],"direction":[-0.227995,-0.136449,-0.964054],"extended":true,"handId":90,"id":901,"length":50.7883,"mcpPosition":[-42.4721,148.86,31.7324],"pipPosition":[-50.4917,149.381,-4.4907],"stabilizedTipPosition":[-57.8917,143.235,-35.1958],"timeVisible":11.6414,"tipPosition":[-58.2541,142.272,-32.1675],"tipVelocity":[-26.6488,564.092,-104.976],"tool":false,"touchDistance":-0.376652,"touchZone":"touching","type":1,"width":17.3355},{"bases":[[[0.924114,-0.256939,-0.282835],[0.26968,0.962929,0.00636816],[0.270714,-0.0821597,0.959148]],[[0.950672,-0.265183,-0.160935],[0.268509,0.963277,-0.00112047],[0.155322,-0.0421472,0.986964]],[[0.950672,-0.265183,-0.160935],[0.234458,0.953981,-0.186951],[0.203105,0.139997,0.969097]],[[0.950672,-0.265183,-0.160935],[0.198232,0.918422,-0.342353],[0.238592,0.293563,0.925686]]],"btipPosition":[-38.4598,142.013,-52.8608],"carpPosition":[-6.30034,143.352,86.6892],"dipPosition":[-34.5876,146.777,-37.8374],"direction":[-0.203105,-0.139997,-0.969097],"extended":true,"handId":90,"id":902,"length":57.8692,"mcpPosition":[-23.1339,148.461,27.0474],"pipPosition":[-29.5996,150.215,-14.0376],"stabilizedTipPosition":[-37.5555,142.867,-49.3663],"timeVisible":11.6414,"tipPosition":[-38.9305,142.662,-46.2877],"tipVelocity":[-31.5752,551.085,-88.9004],"tool":false,"touchDistance":-0.365743,"touchZone":"touching","type":2,"width":17.0258},{"bases":[[[0.930903,-0.338082,-0.138275],[0.343507,0.939001,0.0167169],[0.124189,-0.0630604,0.990253]],[[0.934158,-0.339794,-0.109035],[0.338787,0.94044,-0.0282],[0.112123,-0.0105963,0.993638]],[[0.934158,-0.339794,-0.109035],[0.306807,0.920777,-0.240912],[0.182257,0.191597,0.964403]],[[0.934158,-0.339794,-0.109035],[0.265476,0.865892,-0.423974],[0.238476,0.367113,0.899087]]],"btipPosition":[-15.5011,134.775,-48.2905],"carpPosition":[3.96725,141.353,82.9166],"dipPosition":[-11.653,140.699,-33.7827],"direction":[-0.182257,-0.191597,-0.964403],"extended":true,"handId":90,"id":903,"length":55.6428,"mcpPosition":[-2.96613,144.874,27.6316],"pipPosition":[-7.2926,145.283,-10.7099],"stabilizedTipPosition":[-14.6056,135.963,-44.9241],"timeVisible":11.6414,"tipPosition":[-16.1718,135.771,-41.795],"tipVelocity":[-32.4036,535.171,-90.4947],"tool":false,"touchDistance":-0.359352,"touchZone":"touching","type":3,"width":16.2011},{"bases":[[[0.86938,-0.49358,-0.0235837],[0.493728,0.865701,0.0824269],[-0.0202679,-0.0833043,0.996318]],[[0.869474,-0.489709,-0.0648058],[0.484263,0.870898,-0.0838261],[0.0974896,0.0415016,0.994371]],[[0.869474,-0.489709,-0.0648058],[0.421336,0.803686,-0.420196],[0.257857,0.338045,0.905116]],[[0.869474,-0.489709,-0.0648058],[0.360387,0.718575,-0.594787],[0.33784,0.493797,0.801267]]],"btipPosition":[2.34024,123.12,-28.082],"carpPosition":[13.6547,133.143,80.9907],"dipPosition":[7.36944,130.471,-16.1541],"direction":[-0.257857,-0.338045,-0.905116],"extended":true,"handId":90,"id":904,"length":43.6229,"mcpPosition":[14.7022,137.448,29.5005],"pipPosition":[11.7251,136.181,-0.865112],"stabilizedTipPosition":[3.50642,124.67,-25.3107],"timeVisible":11.6414,"tipPosition":[3.08544,126.119,-23.181],"tipVelocity":[-31.9512,477.37,-94.7376],"tool":false,"touchDistance":-0.350264,"touchZone":"touching","type":4,"width":14.3911}],"r":[[0.806381,0.380787,-0.452494],[-0.517083,0.825291,-0.226979],[0.287009,0.417008,0.862398]],"s":1.16767,"t":[-129.172,-17.0275,-1.84099],"timestamp":629771611493},{"currentFrameRate":54.9261,"devices":[],"gestures":[],"hands":[{"armBasis":[[0.796451,0.219016,-0.563647],[0.247814,0.732023,0.63461],[0.551593,-0.645115,0.528745]],"armWidth":56.476,"confidence":1,"direction":[-0.221072,0.243729,-0.944311],"elbow":[140.496,-25.2756,232.013],"grabAngle":0.488079,"grabStrength":0,"id":90,"palmNormal":[-0.162184,-0.963973,-0.210835],"palmPosition":[-17.9261,147.782,45.1941],"palmVelocity":[-95.1457,468.468,-103.468],"palmWidth":80.5343,"pinchDistance":47.2924,"pinchStrength":0,"r":[[0.807068,0.388827,-0.44436],[-0.518607,0.826587,-0.218632],[0.282292,0.406899,0.86876]],"s":1.16414,"sphereCenter":[-37.8978,7.45079,5.04335],"sphereRadius":149.489,"stabilizedPalmPosition":[-17.8857,147.582,45.2383],"t":[-130.476,-9.67805,-3.41025],"timeVisible":11.6595,"type":"right","wrist":[7.75884,129.967,104.774]}],"id":32283,"interactionBox":{"center":[0,200,0],"size":[235.247,235.247,147.751]},"pointables":[{"bases":[[[0.4889,0.866891,-0.0973489],[-0.615145,0.421728,0.66614],[0.618525,-0.265792,0.739446]],[[0.476829,0.871876,-0.111652],[-0.585139,0.409637,0.699864],[0.655932,-0.268383,0.705496]],[[0.476829,0.871876,-0.111652],[-0.818414,0.486709,0.305472],[0.320676,-0.0542798,0.945632]],[[0.476829,0.871876,-0.111652],[-0.872623,0.484806,0.0591015],[0.105659,0.0692491,0.991988]]],"btipPosition":[-66.2194,143.864,17.6876],"carpPosition":[-25.4498,131.725,97.0075],"dipPosition":[-64.0822,145.265,37.7533],"direction":[-0.320676,0.0542798,-0.945632],"extended":false,"handId":90,"id":900,"length":45.0442,"mcpPosition":[-25.4498,131.725,97.0075],"pipPosition":[-54.6323,143.665,65.62],"stabilizedTipPosition":[-65.609,143.431,22.6667],"timeVisible":11.6595,"tipPosition":[-66.1103,148.981,24.9304],"tipVelocity":[-52.9797,330.44,-159.884],"tool":false,"touchDistance":-0.428555,"touchZone":"touching","type":0,"width":17.9038},{"bases":[[[0.910907,-0.0641074,-0.407601],[0.104109,0.991604,0.0767042],[0.399262,-0.112305,0.909933]],[[0.971003,-0.0846516,-0.22358],[0.0903945,0.995785,0.0155584],[0.22132,-0.0353176,0.974561]],[[0.971003,-0.0846516,-0.22358],[0.0536069,0.988493,-0.141448],[0.232981,0.125361,0.964367]],[[0.971003,-0.0846516,-0.22358],[0.023038,0.963992,-0.264932],[0.237956,0.252099,0.937989]]],"btipPosition":[-60.5977,152.416,-39.9901],"carpPosition":[-18.0004,150.134,89.4461],"dipPosition":[-57.0838,156.139,-26.1387],"direction":[-0.232981,-0.125361,-0.964367],"extended":true,"handId":90,"id":901,"length":50.8273,"mcpPosition":[-43.9986,157.447,30.1952],"pipPosition":[-52.2167,158.758,-5.9926],"stabilizedTipPosition":[-59.744,153.032,-36.7657],"timeVisible":11.6595,"tipPosition":[-59.9739,152.248,-34.0461],"tipVelocity":[-104.02,535.737,-85.3483],"tool":false,"touchDistance":-0.390473,"touchZone":"touching","type":1,"width":17.1017},{"bases":[[[0.92529,-0.24679,-0.287983],[0.265351,0.963784,0.0266489],[0.270976,-0.101074,0.957265]],[[0.951469,-0.257291,-0.168846],[0.263846,0.964411,0.0172122],[0.158408,-0.0609261,0.985492]],[[0.951469,-0.257291,-0.168846],[0.226845,0.957119,-0.180181],[0.207964,0.133134,0.969034]],[[0.951469,-0.257291,-0.168846],[0.187435,0.919641,-0.345149],[0.244081,0.296751,0.923235]]],"btipPosition":[-40.506,151.681,-54.3182],"carpPosition":[-8.09814,150.994,84.6606],"dipPosition":[-36.5417,156.501,-39.3231],"direction":[-0.207964,-0.133134,-0.969034],"extended":true,"handId":90,"id":902,"length":57.9137,"mcpPosition":[-24.8312,157.235,25.5486],"pipPosition":[-31.4304,159.773,-15.5066],"stabilizedTipPosition":[-39.5591,152.619,-50.8434],"timeVisible":11.6595,"tipPosition":[-40.599,152.981,-48.2225],"tipVelocity":[-111.972,535.32,-80.9453],"tool":false,"touchDistance":-0.379461,"touchZone":"touching","type":2,"width":16.7962},{"bases":[[[0.932427,-0.330921,-0.145158],[0.339283,0.939976,0.0365077],[0.124364,-0.0832905,0.988735]],[[0.935865,-0.333367,-0.114117],[0.334301,0.942397,-0.011426],[0.111353,-0.0274563,0.993402]],[[0.935865,-0.333367,-0.114117],[0.30045,0.924184,-0.235826],[0.184082,0.186415,0.965072]],[[0.935865,-0.333367,-0.114117],[0.257511,0.868148,-0.424273],[0.24051,0.367676,0.898315]]],"btipPosition":[-17.4195,144.418,-49.918],"carpPosition":[2.06694,149.141,80.8743],"dipPosition":[-13.5356,150.356,-35.4115],"direction":[-0.184082,-0.186415,-0.965072],"extended":true,"handId":90,"id":903,"length":55.6856,"mcpPosition":[-4.82805,153.759,26.0569],"pipPosition":[-9.12813,154.819,-12.3049],"stabilizedTipPosition":[-16.4997,145.648,-46.5586],"timeVisible":11.6595,"tipPosition":[-17.7945,146.093,-43.8757],"tipVelocity":[-105.62,533.379,-90.0048],"tool":false,"touchDistance":-0.376166,"touchZone":"touching","type":3,"width":15.9826},{"bases":[[[0.871591,-0.489068,-0.0337708],[0.489825,0.865986,0.100694],[-0.0200011,-0.104306,0.994344]],[[0.871814,-0.486085,-0.0605122],[0.482236,0.87339,-0.0681063],[0.0859562,0.0301948,0.995841]],[[0.871814,-0.486085,-0.0605122],[0.418837,0.803796,-0.422477],[0.253999,0.342977,0.904351]],[[0.871814,-0.486085,-0.0605122],[0.360895,0.720931,-0.591619],[0.331202,0.493943,0.803944]]],"btipPosition":[0.860088,132.362,-29.941],"carpPosition":[11.6884,141.088,78.7894],"dipPosition":[5.79426,139.72,-17.964],"direction":[-0.253999,-0.342977,-0.904351],"extended":true,"handId":90,"id":904,"length":43.6564,"mcpPosition":[12.7149,146.441,27.7576],"pipPosition":[10.088,145.518,-2.67624],"stabilizedTipPosition":[2.01595,133.924,-27.1602],"timeVisible":11.6595,"tipPosition":[1.46396,136.035,-25.4184],"tipVelocity":[-83.0526,511.103,-102.168],"tool":false,"touchDistance":-0.371286,"touchZone":"touching","type":4,"width":14.197}],"r":[[0.807068,0.388827,-0.44436],[-0.518607,0.826587,-0.218632],[0.282292,0.406899,0.86876]],"s":1.16414,"t":[-130.476,-9.67805,-3.41025],"timestamp":629771629578},{"currentFrameRate":54.9585,"devices":[],"gestures":[],"hands":[{"armBasis":[[0.79885,0.213183,-0.562487],[0.239672,0.744861,0.622688],[0.551721,-0.632246,0.543938]],"armWidth":55.8837,"confidence":1,"direction":[-0.211533,0.273448,-0.938339],"elbow":[137.338,-12.5581,232.94],"grabAngle":0.508134,"grabStrength":0,"id":90,"palmNormal":[-0.164526,-0.956327,-0.2416],"palmPosition":[-19.4385,157.768,43.9145],"palmVelocity":[-83.6373,552.197,-70.7599],"palmWidth":80.0362,"pinchDistance":50.1764,"pinchStrength":0,"r":[[0.808702,0.397112,-0.433938],[-0.518729,0.829302,-0.207797],[0.277347,0.393142,0.876652]],"s":1.15945,"sphereCenter":[-32.5504,22.7301,-1.04749],"sphereRadius":144.726,"stabilizedPalmPosition":[-19.413,157.6,43.9363],"t":[-131.885,-1.01062,-4.83466],"timeVisible":11.6776,"type":"right","wrist":[5.49134,138.532,102.953]}],"id":32284,"interactionBox":{"center":[0,200,0],"size":[235.247,235.247,147.751]},"pointables":[{"bases":[[[0.493559,0.867165,-0.0665131],[-0.619226,0.404081,0.67326],[0.610704,-0.291107,0.736408]],[[0.464192,0.879936,-0.101187],[-0.608133,0.39968,0.685879],[0.643972,-0.256844,0.720647]],[[0.464192,0.879936,-0.101187],[-0.830494,0.472106,0.295628],[0.307905,-0.0531929,0.949929]],[[0.464192,0.879936,-0.101187],[-0.881386,0.470195,0.0455488],[0.0876577,0.0680415,0.993824]]],"btipPosition":[-66.7498,151.834,14.806],"carpPosition":[-27.4406,140.294,94.7897],"dipPosition":[-64.9749,153.211,34.929],"direction":[-0.307905,0.0531929,-0.949929],"extended":false,"handId":90,"id":900,"length":45.0894,"mcpPosition":[-27.4406,140.294,94.7897],"pipPosition":[-55.8922,151.642,62.9505],"stabilizedTipPosition":[-66.2639,151.226,19.7771],"timeVisible":11.6776,"tipPosition":[-67.2336,158.406,22.5698],"tipVelocity":[-33.9383,440.44,-158.624],"tool":false,"touchDistance":-0.457059,"touchZone":"touching","type":0,"width":17.6879},{"bases":[[[0.91423,-0.0558963,-0.401322],[0.107777,0.988306,0.107868],[0.390599,-0.14187,0.909563]],[[0.971787,-0.081831,-0.221212],[0.0945368,0.99439,0.0474552],[0.216087,-0.067029,0.97407]],[[0.971787,-0.081831,-0.221212],[0.0560379,0.991134,-0.120467],[0.229109,0.104672,0.967757]],[[0.971787,-0.081831,-0.221212],[0.0249572,0.968296,-0.248556],[0.234538,0.236023,0.943019]]],"btipPosition":[-61.4431,164.749,-41.2907],"carpPosition":[-19.8764,158.755,87.9526],"dipPosition":[-57.9762,168.238,-27.3511],"direction":[-0.229109,-0.104672,-0.967757],"extended":true,"handId":90,"id":901,"length":50.8784,"mcpPosition":[-45.1533,167.936,29.092],"pipPosition":[-53.1852,170.427,-7.11388],"stabilizedTipPosition":[-60.6309,165.346,-38.063],"timeVisible":11.6776,"tipPosition":[-60.7518,164.865,-35.594],"tipVelocity":[-47.3481,679.041,-70.8048],"tool":false,"touchDistance":-0.398964,"touchZone":"touching","type":1,"width":16.8955},{"bases":[[[0.926738,-0.242207,-0.287216],[0.269336,0.961273,0.0584104],[0.261946,-0.131489,0.956083]],[[0.951718,-0.256402,-0.168793],[0.267718,0.962316,0.0477037],[0.150201,-0.0905894,0.984496]],[[0.951718,-0.256402,-0.168793],[0.229845,0.959678,-0.161828],[0.20348,0.115218,0.972276]],[[0.951718,-0.256402,-0.168793],[0.18877,0.922439,-0.336856],[0.242072,0.288729,0.926303]]],"btipPosition":[-41.2847,164.026,-55.3938],"carpPosition":[-10.004,159.708,83.3153],"dipPosition":[-37.3491,168.721,-40.3337],"direction":[-0.20348,-0.115218,-0.972276],"extended":true,"handId":90,"id":902,"length":57.9719,"mcpPosition":[-26.0794,167.778,24.6414],"pipPosition":[-32.343,171.555,-16.4135],"stabilizedTipPosition":[-40.37,164.962,-51.9174],"timeVisible":11.6776,"tipPosition":[-41.2092,165.88,-49.6124],"tipVelocity":[-43.4285,681.09,-58.6527],"tool":false,"touchDistance":-0.385757,"touchZone":"touching","type":2,"width":16.5936},{"bases":[[[0.932226,-0.330688,-0.146971],[0.343072,0.936831,0.0681889],[0.115138,-0.113989,0.986788]],[[0.935565,-0.334327,-0.113773],[0.338223,0.940925,0.0162841],[0.101608,-0.0537155,0.993373]],[[0.935565,-0.334327,-0.113773],[0.303878,0.926245,-0.222999],[0.179936,0.174057,0.968157]],[[0.935565,-0.334327,-0.113773],[0.260179,0.87035,-0.418089],[0.238801,0.361548,0.901253]]],"btipPosition":[-18.336,156.279,-50.9559],"carpPosition":[0.108305,157.938,79.5867],"dipPosition":[-14.4759,162.123,-36.3873],"direction":[-0.179936,-0.174057,-0.968157],"extended":true,"handId":90,"id":903,"length":55.7415,"mcpPosition":[-6.23567,164.219,25.2156],"pipPosition":[-10.1634,166.295,-13.1836],"stabilizedTipPosition":[-17.4394,157.512,-47.5954],"timeVisible":11.6776,"tipPosition":[-18.449,158.721,-45.3155],"tipVelocity":[-50.9886,654.735,-56.6099],"tool":false,"touchDistance":-0.382238,"touchZone":"touching","type":3,"width":15.7899},{"bases":[[[0.8697,-0.491874,-0.041006],[0.492706,0.860216,0.13141],[-0.0293632,-0.134491,0.99048]],[[0.870039,-0.489835,-0.0556235],[0.488144,0.871768,-0.0416713],[0.0689028,0.00910333,0.997582]],[[0.870039,-0.489835,-0.0556235],[0.426239,0.804134,-0.414353],[0.247693,0.336795,0.908415]],[[0.870039,-0.489835,-0.0556235],[0.370841,0.724641,-0.580838],[0.324822,0.484725,0.812116]]],"btipPosition":[-0.00549591,143.616,-31.1651],"carpPosition":[9.64006,149.963,77.3545],"dipPosition":[4.83849,150.845,-19.0542],"direction":[-0.247693,-0.336795,-0.908415],"extended":true,"handId":90,"id":904,"length":43.7003,"mcpPosition":[11.1377,156.822,26.8353],"pipPosition":[9.02987,156.544,-3.68234],"stabilizedTipPosition":[1.11746,145.168,-28.3677],"timeVisible":11.6776,"tipPosition":[0.565439,147.923,-26.9406],"tipVelocity":[-49.0144,620.731,-65.9915],"tool":false,"touchDistance":-0.380391,"touchZone":"touching","type":4,"width":14.0258}],"r":[[0.808702,0.397112,-0.433938],[-0.518729,0.829302,-0.207797],[0.277347,0.393142,0.876652]],"s":1.15945,"t":[-131.885,-1.01062,-4.83466],"timestamp":629771647661},{"currentFrameRate":54.9964,"devices":[],"gestures":[],"hands":[{"armBasis":[[0.805834,0.209837,-0.553715],[0.222118,0.759707,0.611154],[0.548904,-0.615479,0.565589]],"armWidth":55.3199,"confidence":1,"direction":[-0.213517,0.301612,-0.929215],"elbow":[133.978,2.92757,235.076],"grabAngle":0.525654,"grabStrength":0,"id":90,"palmNormal":[-0.151407,-0.949873,-0.273526],"palmPosition":[-21.1483,169.482,42.3891],"palmVelocity":[-94.7189,648.946,-84.5066],"palmWidth":79.5426,"pinchDistance":49.8364,"pinchStrength":0,"r":[[0.809061,0.408587,-0.422467],[-0.520998,0.831265,-0.193803],[0.271996,0.376903,0.885416]],"s":1.15316,"sphereCenter":[-24.6185,41.1901,-7.11743],"sphereRadius":138.946,"stabilizedPalmPosition":[-21.1273,169.338,42.4078],"t":[-133.444,9.18016,-6.30958],"timeVisible":11.6957,"type":"right","wrist":[3.61544,149.101,100.751]}],"id":32285,"interactionBox":{"center":[0,200,0],"size":[235.247,235.247,147.751]},"pointables":[{"bases":[[[0.482127,0.875334,-0.0366588],[-0.625695,0.373313,0.68494],[0.613237,-0.307291,0.727677]],[[0.432616,0.896713,-0.0935393],[-0.637617,0.377655,0.671432],[0.637407,-0.23083,0.735139]],[[0.432616,0.896713,-0.0935393],[-0.849656,0.440201,0.290358],[0.301544,-0.0461373,0.952335]],[[0.432616,0.896713,-0.0935393],[-0.897875,0.437907,0.0453522],[0.0816294,0.0643666,0.994582]]],"btipPosition":[-67.4701,160.538,11.9226],"carpPosition":[-28.9573,150.345,92.3289],"dipPosition":[-65.8208,161.839,32.0179],"direction":[-0.301544,0.0461373,-0.952335],"extended":false,"handId":90,"id":900,"length":44.9929,"mcpPosition":[-28.9573,150.345,92.3289],"pipPosition":[-56.9447,160.481,60.0501],"stabilizedTipPosition":[-67.0117,159.918,16.8537],"timeVisible":11.6957,"tipPosition":[-68.5516,168.351,20.0999],"tipVelocity":[-41.5015,481.239,-160.09],"tool":false,"touchDistance":-0.483033,"touchZone":"touching","type":0,"width":17.4788},{"bases":[[[0.915584,-0.0304781,-0.40097],[0.0944704,0.98552,0.140805],[0.390873,-0.166799,0.905205]],[[0.972088,-0.0608079,-0.226598],[0.0800744,0.993824,0.076819],[0.220527,-0.0928196,0.970954]],[[0.972088,-0.0608079,-0.226598],[0.0391644,0.994334,-0.0988186],[0.231323,0.0871859,0.968962]],[[0.972088,-0.0608079,-0.226598],[0.00823578,0.974078,-0.226064],[0.23447,0.217888,0.94739]]],"btipPosition":[-63.2751,178.141,-42.2602],"carpPosition":[-21.6718,169.004,86.1632],"dipPosition":[-59.8166,181.355,-28.2859],"direction":[-0.231323,-0.0871859,-0.968962],"extended":true,"handId":90,"id":901,"length":50.7695,"mcpPosition":[-46.8103,179.732,27.9459],"pipPosition":[-54.9897,183.174,-8.06688],"stabilizedTipPosition":[-62.4596,178.734,-39.0354],"timeVisible":11.6957,"tipPosition":[-62.4173,178.676,-37.0223],"tipVelocity":[-101.598,738.39,-53.2657],"tool":false,"touchDistance":-0.401824,"touchZone":"touching","type":1,"width":16.6957},{"bases":[[[0.930365,-0.220291,-0.293077],[0.256459,0.962278,0.0908289],[0.262012,-0.159666,0.951765]],[[0.955174,-0.23794,-0.176147],[0.254118,0.964221,0.0755093],[0.151878,-0.116886,0.981464]],[[0.955174,-0.23794,-0.176147],[0.216031,0.967034,-0.134821],[0.202419,0.0907242,0.975088]],[[0.955174,-0.23794,-0.176147],[0.175089,0.93382,-0.311967],[0.238719,0.267142,0.933621]]],"btipPosition":[-43.0084,178.275,-56.3642],"carpPosition":[-11.866,170.234,81.6098],"dipPosition":[-39.1356,182.608,-41.2176],"direction":[-0.202419,-0.0907242,-0.975088],"extended":true,"handId":90,"id":902,"length":57.8477,"mcpPosition":[-27.8463,179.972,23.5612],"pipPosition":[-34.1663,184.836,-17.2796],"stabilizedTipPosition":[-42.1043,179.162,-52.8731],"timeVisible":11.6957,"tipPosition":[-42.8357,180.364,-50.9378],"tipVelocity":[-96.2895,784.732,-52.6578],"tool":false,"touchDistance":-0.389773,"touchZone":"touching","type":2,"width":16.3974},{"bases":[[[0.936783,-0.313295,-0.15583],[0.330496,0.9385,0.0999517],[0.114932,-0.145134,0.982714]],[[0.94015,-0.31805,-0.122322],[0.325023,0.944794,0.0415247],[0.102362,-0.0787969,0.991621]],[[0.94015,-0.31805,-0.122322],[0.289043,0.934431,-0.208071],[0.180478,0.160262,0.970435]],[[0.94015,-0.31805,-0.122322],[0.244998,0.880387,-0.406073],[0.236842,0.351801,0.905617]]],"btipPosition":[-20.1661,170.211,-52.0087],"carpPosition":[-1.78757,168.731,77.8697],"dipPosition":[-16.3458,175.885,-37.4009],"direction":[-0.180478,-0.160262,-0.970435],"extended":true,"handId":90,"id":903,"length":55.6222,"mcpPosition":[-8.08115,176.678,24.057],"pipPosition":[-12.0295,179.718,-14.1924],"stabilizedTipPosition":[-19.2758,171.428,-48.6423],"timeVisible":11.6957,"tipPosition":[-19.9697,173.285,-46.8807],"tipVelocity":[-101.888,769.621,-57.8228],"tool":false,"touchDistance":-0.388004,"touchZone":"touching","type":3,"width":15.6032},{"bases":[[[0.876218,-0.478719,-0.0554025],[0.481024,0.861812,0.160923],[-0.0292904,-0.167654,0.985411]],[[0.876526,-0.476493,-0.0682448],[0.47598,0.879111,-0.0246326],[0.071732,-0.0108921,0.997364]],[[0.876526,-0.476493,-0.0682448],[0.407255,0.809681,-0.422564],[0.256605,0.342595,0.90376]],[[0.876526,-0.476493,-0.0682448],[0.352563,0.732042,-0.582936],[0.327723,0.486898,0.809647]]],"btipPosition":[-2.12141,156.809,-32.2946],"carpPosition":[7.79324,161.009,75.4102],"dipPosition":[2.75538,164.055,-20.2464],"direction":[-0.256605,-0.342595,-0.90376],"extended":true,"handId":90,"id":904,"length":43.6067,"mcpPosition":[9.27797,169.507,25.4597],"pipPosition":[7.08827,169.84,-4.98604],"stabilizedTipPosition":[-0.985577,158.387,-29.5158],"timeVisible":11.6957,"tipPosition":[-0.90314,161.896,-28.7877],"tipVelocity":[-116.801,731.099,-63.3723],"tool":false,"touchDistance":-0.387844,"touchZone":"touching","type":4,"width":13.86}],"r":[[0.809061,0.408587,-0.422467],[-0.520998,0.831265,-0.193803],[0.271996,0.376903,0.885416]],"s":1.15316,"t":[-133.444,9.18016,-6.30958],"timestamp":629771665712},{"currentFrameRate":55.0106,"devices":[],"gestures":[],"hands":[{"armBasis":[[0.813761,0.209512,-0.542124],[0.18728,0.788489,0.585842],[0.550199,-0.578264,0.602404]],"armWidth":54.7531,"confidence":1,"direction":[-0.215111,0.352972,-0.91057],"elbow":[131.471,23.32,240.341],"grabAngle":0.562558,"grabStrength":0,"id":90,"palmNormal":[-0.129512,-0.934473,-0.331642],"palmPosition":[-22.9574,182.343,40.7932],"palmVelocity":[-99.7905,709.392,-88.0302],"palmWidth":79.1085,"pinchDistance":49.4026,"pinchStrength":0,"r":[[0.807987,0.426042,-0.406996],[-0.526201,0.83255,-0.173128],[0.265084,0.354046,0.896873]],"s":1.14439,"sphereCenter":[-16.1528,66.6937,-15.0808],"sphereRadius":129.57,"stabilizedPalmPosition":[-22.9414,182.229,40.8073],"t":[-135.128,20.7058,-7.84499],"timeVisible":11.7138,"type":"right","wrist":[1.60696,159.809,98.1548]}],"id":32286,"interactionBox":{"center":[0,200,0],"size":[235.247,235.247,147.751]},"pointables":[{"bases":[[[0.46337,0.885947,0.0196646],[-0.637142,0.317652,0.702244],[0.615905,-0.337928,0.711664]],[[0.392496,0.917855,-0.0590721],[-0.67588,0.33139,0.658306],[0.623805,-0.218457,0.750429]],[[0.392496,0.917855,-0.0590721],[-0.876325,0.392694,0.27901],[0.279288,-0.057744,0.95847]],[[0.392496,0.917855,-0.0590721],[-0.917861,0.394998,0.0388331],[0.0589765,0.0389781,0.997498]]],"btipPosition":[-67.1677,170.623,8.17828],"carpPosition":[-30.5658,160.181,89.1278],"dipPosition":[-65.9801,171.408,28.264],"direction":[-0.279288,0.057744,-0.95847],"extended":false,"handId":90,"id":900,"length":44.8401,"mcpPosition":[-30.5658,160.181,89.1278],"pipPosition":[-57.7871,169.714,56.381],"stabilizedTipPosition":[-66.9055,169.788,13.1764],"timeVisible":11.7138,"tipPosition":[-69.4598,179.135,16.955],"tipVelocity":[10.8225,549.748,-206.661],"tool":false,"touchDistance":-0.519261,"touchZone":"touching","type":0,"width":17.2678},{"bases":[[[0.918105,0.0133361,-0.396113],[0.0725137,0.976912,0.200961],[0.389648,-0.213227,0.89594]],[[0.972458,-0.0245022,-0.231786],[0.0557045,0.990073,0.129047],[0.226323,-0.138404,0.964169]],[[0.972458,-0.0245022,-0.231786],[0.0107202,0.998109,-0.0605338],[0.232831,0.0563818,0.970881]],[[0.972458,-0.0245022,-0.231786],[-0.0209845,0.981216,-0.191765],[0.232131,0.191348,0.953678]]],"btipPosition":[-65.2193,193.972,-42.9312],"carpPosition":[-23.6762,179.203,84.225],"dipPosition":[-61.8069,196.785,-28.9119],"direction":[-0.232831,-0.0563818,-0.970881],"extended":true,"handId":90,"id":901,"length":50.597,"mcpPosition":[-48.5992,192.841,26.918],"pipPosition":[-56.965,197.957,-8.72166],"stabilizedTipPosition":[-64.4212,194.512,-39.7022],"timeVisible":11.7138,"tipPosition":[-64.0362,195.403,-38.3074],"tipVelocity":[-107.827,868.135,-36.4408],"tool":false,"touchDistance":-0.399884,"touchZone":"touching","type":1,"width":16.4942},{"bases":[[[0.936403,-0.182331,-0.299843],[0.235223,0.960184,0.150722],[0.260423,-0.211666,0.942007]],[[0.96061,-0.206058,-0.186463],[0.231594,0.964445,0.127316],[0.153599,-0.165485,0.974178]],[[0.96061,-0.206058,-0.186463],[0.19171,0.977115,-0.0921581],[0.201186,0.0527811,0.97813]],[[0.96061,-0.206058,-0.186463],[0.149495,0.948781,-0.278325],[0.234264,0.239487,0.942214]]],"btipPosition":[-44.819,195.442,-56.8595],"carpPosition":[-13.9426,180.904,79.8456],"dipPosition":[-41.0314,199.314,-41.6255],"direction":[-0.201186,-0.0527811,-0.97813],"extended":true,"handId":90,"id":902,"length":57.6513,"mcpPosition":[-29.7392,193.743,22.7056],"pipPosition":[-36.1091,200.606,-17.6944],"stabilizedTipPosition":[-43.9393,196.253,-53.3534],"timeVisible":11.7138,"tipPosition":[-44.3524,198.253,-51.9606],"tipVelocity":[-100.955,941.124,-26.2131],"tool":false,"touchDistance":-0.386257,"touchZone":"touching","type":2,"width":16.1995},{"bases":[[[0.944105,-0.283352,-0.168454],[0.309706,0.937467,0.158867],[0.112905,-0.202158,0.972823]],[[0.947335,-0.289911,-0.136049],[0.303342,0.948528,0.0909824],[0.102669,-0.12746,0.986516]],[[0.947335,-0.289911,-0.136049],[0.264472,0.947801,-0.178124],[0.180587,0.132762,0.974558]],[[0.947335,-0.289911,-0.136049],[0.219346,0.896927,-0.383938],[0.233333,0.333876,0.913281]]],"btipPosition":[-22.0348,187.231,-52.7059],"carpPosition":[-3.88411,179.853,76.1071],"dipPosition":[-18.2839,192.598,-38.0245],"direction":[-0.180587,-0.132762,-0.974558],"extended":true,"handId":90,"id":903,"length":55.4332,"mcpPosition":[-10.0329,190.862,23.1267],"pipPosition":[-13.9797,195.762,-14.7965],"stabilizedTipPosition":[-21.1647,188.399,-49.3265],"timeVisible":11.7138,"tipPosition":[-21.3727,191.269,-48.2013],"tipVelocity":[-103.961,934.935,-37.5222],"tool":false,"touchDistance":-0.38774,"touchZone":"touching","type":3,"width":15.4148},{"bases":[[[0.88659,-0.455821,-0.0786461],[0.461528,0.860415,0.21605],[-0.030812,-0.227846,0.97321]],[[0.886883,-0.453203,-0.0896986],[0.456386,0.889605,0.0177233],[0.0717641,-0.0566557,0.995811]],[[0.886883,-0.453203,-0.0896986],[0.379905,0.825901,-0.416605],[0.262889,0.335403,0.904652]],[[0.886883,-0.453203,-0.0896986],[0.322355,0.746127,-0.582565],[0.330946,0.487752,0.80782]]],"btipPosition":[-4.15424,172.876,-33.3009],"carpPosition":[5.80759,172.544,73.2608],"dipPosition":[0.75378,180.11,-21.3207],"direction":[-0.262889,-0.335403,-0.904652],"extended":true,"handId":90,"id":904,"length":43.4586,"mcpPosition":[7.36093,184.03,24.1979],"pipPosition":[5.17769,185.754,-6.09717],"stabilizedTipPosition":[-3.01663,174.47,-30.541],"time