{"frames":48,"data":[{"currentFrameRate":55.2933,"devices":[],"gestures":[],"hands":[{"armBasis":[[0.812127,0.150145,-0.563832],[0.1549,0.876171,0.456432],[0.562544,-0.458018,0.688305]],"armWidth":68.5066,"confidence":1,"direction":[-0.0201307,0.442304,-0.896639],"elbow":[196.273,206.971,218.745],"grabAngle":2.80858,"grabStrength":0,"id":22,"palmNormal":[-0.154447,-0.887431,-0.434294],"palmPosition":[26.8177,363.414,-37.2039],"palmVelocity":[3.00701,10.4883,-6.75038],"palmWidth":91.9162,"pinchDistance":53.5166,"pinchStrength":0.489548,"r":[[0.179483,-0.770198,0.61203],[0.611288,-0.400132,-0.682804],[0.770787,0.496678,0.398996]],"s":1.18731,"sphereCenter":[26.4906,333.425,-70.6515],"sphereRadius":44.6159,"stabilizedPalmPosition":[25.7444,362.804,-37.1089],"t":[-201.138,214.391,-64.3135],"timeVisible":10.7376,"type":"right","wrist":[42.8399,331.895,31.0108]}],"id":12249,"interactionBox":{"center":[0,200,0],"size":[235.247,235.247,147.751]},"pointables":[{"bases":[[[0.970393,-0.0536353,-0.235501],[0.125192,0.945525,0.300516],[0.206554,-0.321102,0.924245]],[[0.991132,-0.105587,-0.0806825],[0.111299,0.991325,0.0699114],[0.0726008,-0.0782712,0.994285]],[[0.991132,-0.105587,-0.0806825],[0.0964984,0.989316,-0.109275],[0.0913585,0.10052,0.990732]],[[0.991132,-0.105587,-0.0806825],[0.089951,0.979999,-0.177512],[0.0978118,0.16868,0.980806]]],"btipPosition":[-5.17823,377.897,-138.284],"carpPosition":[17.0151,355.939,11.9664],"dipPosition":[-3.54429,380.715,-121.9],"direction":[-0.0913585,-0.10052,-0.990732],"extended":true,"handId":22,"id":221,"length":57.4972,"mcpPosition":[1.66429,379.803,-56.7221],"pipPosition":[-1.38532,383.09,-98.4872],"stabilizedTipPosition":[-5.51477,378.814,-134.451],"timeVisible":10.7376,"tipPosition":[-6.43248,377.557,-133.964],"tipVelocity":[-0.71455,-29.9301,-7.72015],"tool":false,"touchDistance":0.333213,"touchZone":"hovering","type":1,"width":21.3473},{"bases":[[[0.5317,0.827843,0.178804],[-0.718045,0.328671,0.613504],[0.449117,-0.454589,0.769183]],[[0.415287,0.909689,-0.00129287],[-0.874631,0.399673,0.274378],[0.250115,-0.112815,0.961621]],[[0.415287,0.909689,-0.00129287],[-0.90684,0.413874,-0.0796832],[-0.0719519,0.0342639,0.996819]],[[0.415287,0.909689,-0.00129287],[-0.832556,0.379501,-0.403521],[-0.366588,0.168654,0.914969]]],"btipPosition":[4.30862,335.373,-88.8745],"carpPosition":[6.13395,334.686,13.7823],"dipPosition":[-4.0797,339.233,-67.938],"direction":[0.0719519,-0.0342639,-0.996819],"extended":false,"handId":22,"id":220,"length":50.9551,"mcpPosition":[6.13395,334.686,13.7823],"pipPosition":[-6.47828,340.375,-34.7082],"stabilizedTipPosition":[1.29291,335.714,-84.0976],"timeVisible":10.7376,"tipPosition":[2.40993,336.064,-83.8634],"tipVelocity":[-11.7846,3.75917,4.25248],"tool":false,"touchDistance":0.27846,"touchZone":"hovering","type":0,"width":22.3485},{"bases":[[[0.953722,-0.256922,-0.156224],[0.291951,0.915566,0.276594],[0.0719704,-0.309404,0.948203]],[[0.956321,-0.275013,-0.099085],[0.0364039,0.448369,-0.893107],[0.290042,0.85049,0.438797]],[[0.956321,-0.275013,-0.099085],[-0.285961,-0.809832,-0.512248],[0.0606325,0.518208,-0.853103]],[[0.956321,-0.275013,-0.099085],[-0.259284,-0.954561,0.146922],[-0.134988,-0.114813,-0.984173]]],"btipPosition":[11.1014,326.523,-36.6701],"carpPosition":[29.0479,357.096,9.03534],"dipPosition":[8.62118,324.414,-54.7526],"direction":[-0.0606325,-0.518208,0.853103],"extended":false,"handId":22,"id":222,"length":65.5134,"mcpPosition":[23.9756,378.902,-57.7923],"pipPosition":[10.3069,338.822,-78.4712],"stabilizedTipPosition":[9.39314,325.307,-40.8127],"timeVisible":10.7376,"tipPosition":[10.6075,324.109,-41.8632],"tipVelocity":[-1.54523,11.8382,8.47118],"tool":false,"touchDistance":0.333333,"touchZone":"none","type":2,"width":20.9659},{"bases":[[[0.929177,-0.367936,-0.0353889],[0.361489,0.88454,0.294812],[-0.077169,-0.286725,0.9549]],[[0.924097,-0.381942,0.0128637],[0.171657,0.384773,-0.906909],[0.341437,0.84028,0.421131]],[[0.924097,-0.381942,0.0128637],[-0.324161,-0.801236,-0.502932],[0.202398,0.460588,-0.86423]],[[0.924097,-0.381942,0.0128637],[-0.379319,-0.912615,0.152481],[-0.0464992,-0.145786,-0.988223]]],"btipPosition":[26.3668,326.637,-30.7886],"carpPosition":[41.0316,355.012,6.57185],"dipPosition":[25.5174,323.974,-48.8412],"direction":[-0.202398,-0.460588,0.86423],"extended":false,"handId":22,"id":223,"length":62.9929,"mcpPosition":[45.9146,373.156,-53.8519],"pipPosition":[30.9993,336.449,-72.2486],"stabilizedTipPosition":[25.6334,325.075,-34.8388],"timeVisible":10.7376,"tipPosition":[27.0811,324.584,-35.4491],"tipVelocity":[-3.92383,13.578,7.4973],"tool":false,"touchDistance":0.333333,"touchZone":"none","type":3,"width":19.9504},{"bases":[[[0.841414,-0.539709,0.0271466],[0.493362,0.787715,0.368916],[-0.220491,-0.297018,0.929066]],[[0.825564,-0.557625,0.0865989],[0.331758,0.355462,-0.873832],[0.456488,0.750134,0.478453]],[[0.825564,-0.557625,0.0865989],[-0.411325,-0.699688,-0.584165],[0.386337,0.446645,-0.807002]],[[0.825564,-0.557625,0.0865989],[-0.563123,-0.824016,0.0623791],[0.0365747,-0.100264,-0.994288]]],"btipPosition":[40.9007,330.322,-34.3951],"carpPosition":[51.7711,345.709,4.37729],"dipPosition":[41.5171,328.633,-51.1516],"direction":[-0.386337,-0.446645,0.807002],"extended":false,"handId":22,"id":224,"length":49.3853,"mcpPosition":[64.6864,363.107,-50.0432],"pipPosition":[48.905,337.174,-66.5839],"stabilizedTipPosition":[40.313,328.976,-38.0312],"timeVisible":10.7376,"tipPosition":[42.0527,328.385,-38.749],"tipVelocity":[0.0692161,9.67406,4.54641],"tool":false,"touchDistance":0.333333,"touchZone":"none","type":4,"width":17.7215}],"r":[[0.179483,-0.770198,0.61203],[0.611288,-0.400132,-0.682804],[0.770787,0.496678,0.398996]],"s":1.18731,"t":[-201.138,214.391,-64.3135],"timestamp":629391919107},{"currentFrameRate":55.2934,"devices":[],"gestures":[],"hands":[{"armBasis":[[0.811988,0.154775,-0.562779],[0.148361,0.877801,0.455471],[0.564503,-0.453332,0.689802]],"armWidth":68.5066,"confidence":1,"direction":[-0.015832,0.444799,-0.89549],"elbow":[196.713,207.133,219.206],"grabAngle":2.80749,"grabStrength":0,"id":22,"palmNormal":[-0.148077,-0.88677,-0.43785],"palmPosition":[26.9992,362.388,-37.1698],"palmVelocity":[10.0401,-56.7282,1.88655],"palmWidth":91.9162,"pinchDistance":53.6645,"pinchStrength":0.487477,"r":[[0.17932,-0.770123,0.612173],[0.612574,-0.399503,-0.682019],[0.769803,0.497301,0.400119]],"s":1.18846,"sphereCenter":[27.8423,332.224,-70.8209],"sphereRadius":44.9514,"stabilizedPalmPosition":[25.7755,362.794,-37.1104],"t":[-201.023,213.918,-64.3211],"timeVisible":10.7557,"type":"right","wrist":[42.7456,330.779,31.0638]}],"id":12250,"interactionBox":{"center":[0,200,0],"size":[235.247,235.247,147.751]},"pointables":[{"bases":[[[0.972153,-0.0492029,-0.229124],[0.119495,0.945134,0.304044],[0.201593,-0.322957,0.924694]],[[0.991979,-0.100944,-0.0760768],[0.106678,0.991423,0.0755009],[0.0678029,-0.0830111,0.994239]],[[0.991979,-0.100944,-0.0760768],[0.0929336,0.990398,-0.102352],[0.0856781,0.094461,0.991835]],[[0.991979,-0.100944,-0.0760768],[0.0868531,0.981613,-0.16998],[0.0918363,0.162009,0.982507]]],"btipPosition":[-4.49302,377.284,-138.425],"carpPosition":[16.896,354.734,11.912],"dipPosition":[-2.9589,379.99,-122.012],"direction":[-0.0856781,-0.094461,-0.991835],"extended":true,"handId":22,"id":221,"length":57.4972,"mcpPosition":[1.91389,378.735,-56.8099],"pipPosition":[-0.934173,382.222,-98.573],"stabilizedTipPosition":[-5.38267,378.727,-134.47],"timeVisible":10.7557,"tipPosition":[-5.62991,376.701,-134.12],"tipVelocity":[36.6187,-35.3454,-7.3979],"tool":false,"touchDistance":0.333216,"touchZone":"hovering","type":1,"width":21.3473},{"bases":[[[0.527265,0.829377,0.184732],[-0.723419,0.324125,0.609597],[0.445709,-0.455058,0.770886]],[[0.410372,0.911916,0.00212736],[-0.877606,0.394296,0.27265],[0.247795,-0.113755,0.962111]],[[0.410372,0.911916,0.00212736],[-0.9088,0.409161,-0.0816738],[-0.0753501,0.0315833,0.996657]],[[0.410372,0.911916,0.00212736],[-0.832525,0.375596,-0.407222],[-0.372151,0.165341,0.913327]]],"btipPosition":[4.61788,334.334,-89.0443],"carpPosition":[6.08565,333.434,13.5941],"dipPosition":[-3.89772,338.117,-68.1455],"direction":[0.0753501,-0.0315833,-0.996657],"extended":false,"handId":22,"id":220,"length":50.9551,"mcpPosition":[6.08565,333.434,13.5941],"pipPosition":[-6.40959,339.17,-34.921],"stabilizedTipPosition":[1.33427,335.698,-84.1019],"timeVisible":10.7557,"tipPosition":[3.00409,335.081,-84.0737],"tipVelocity":[15.4817,-58.4524,-9.86952],"tool":false,"touchDistance":0.275485,"touchZone":"hovering","type":0,"width":22.3485},{"bases":[[[0.955741,-0.25278,-0.150541],[0.286525,0.915889,0.281158],[0.0668073,-0.311848,0.94778]],[[0.958027,-0.271025,-0.0934369],[0.0401772,0.449645,-0.892303],[0.28385,0.851096,0.441661]],[[0.958027,-0.271025,-0.0934369],[-0.279367,-0.80947,-0.516442],[0.0643341,0.520869,-0.851209]],[[0.958027,-0.271025,-0.0934369],[-0.256431,-0.95587,0.143371],[-0.128171,-0.113393,-0.985248]]],"btipPosition":[11.4247,325.417,-36.7783],"carpPosition":[28.9437,355.946,9.06522],"dipPosition":[9.06974,323.334,-54.8805],"direction":[-0.0643341,-0.520869,0.851209],"extended":false,"handId":22,"id":222,"length":65.5134,"mcpPosition":[24.2352,377.924,-57.7326],"pipPosition":[10.8584,337.815,-78.5465],"stabilizedTipPosition":[9.41994,325.3,-40.8151],"timeVisible":10.7557,"tipPosition":[10.9732,323.044,-42.0446],"tipVelocity":[19.4697,-60.8536,-6.23308],"tool":false,"touchDistance":0.333333,"touchZone":"none","type":2,"width":20.9659},{"bases":[[[0.930818,-0.364235,-0.0301898],[0.35606,0.885081,0.299754],[-0.0824607,-0.289766,0.953539]],[[0.928284,-0.371842,-0.00471946],[0.154141,0.396292,-0.905093],[0.338422,0.839456,0.425187]],[[0.928284,-0.371842,-0.00471946],[-0.322784,-0.79938,-0.506756],[0.184661,0.471937,-0.862077]],[[0.928284,-0.371842,-0.00471946],[-0.367143,-0.918423,0.147323],[-0.0591154,-0.135025,-0.989077]]],"btipPosition":[27.4643,325.265,-30.8178],"carpPosition":[40.9516,353.916,6.67641],"dipPosition":[26.3843,322.798,-48.886],"direction":[-0.184661,-0.471937,0.862077],"extended":false,"handId":22,"id":223,"length":62.9929,"mcpPosition":[46.1695,372.251,-53.6612],"pipPosition":[31.3858,335.58,-72.2351],"stabilizedTipPosition":[25.6713,325.066,-34.8421],"timeVisible":10.7557,"tipPosition":[27.3925,323.612,-35.4961],"tipVelocity":[57.7522,-73.3782,-1.81421],"tool":false,"touchDistance":0.333333,"touchZone":"none","type":3,"width":19.9504},{"bases":[[[0.843305,-0.536525,0.0312645],[0.487808,0.788554,0.374467],[-0.225565,-0.300539,0.926713]],[[0.830173,-0.551691,0.0803075],[0.326984,0.365159,-0.871631],[0.451546,0.749864,0.483539]],[[0.830173,-0.551691,0.0803075],[-0.40717,-0.698384,-0.58862],[0.380822,0.455958,-0.804411]],[[0.830173,-0.551691,0.0803075],[-0.556347,-0.829088,0.0555876],[0.0359149,-0.0908262,-0.995219]]],"btipPosition":[41.4559,329.152,-34.3167],"carpPosition":[51.7417,344.66,4.52761],"dipPosition":[42.0612,327.621,-51.0888],"direction":[-0.380822,-0.455958,0.804411],"extended":false,"handId":22,"id":224,"length":49.3853,"mcpPosition":[64.9542,362.265,-49.755],"pipPosition":[49.3437,336.341,-66.4716],"stabilizedTipPosition":[40.3387,328.972,-38.0341],"timeVisible":10.7557,"tipPosition":[42.3654,327.449,-38.702],"tipVelocity":[30.5609,-62.6876,4.13976],"tool":false,"touchDistance":0.333333,"touchZone":"none","type":4,"width":17.7215}],"r":[[0.17932,-0.770123,0.612173],[0.612574,-0.399503,-0.682019],[0.769803,0.497301,0.400119]],"s":1.18846,"t":[-201.023,213.918,-64.3211],"timestamp":629391937192},{"currentFrameRate":55.29,"devices":[],"gestures":[],"hands":[{"armBasis":[[0.811002,0.149816,-0.565535],[0.151112,0.880212,0.449879],[0.56519,-0.450313,0.691215]],"armWidth":68.5066,"confidence":1,"direction":[-0.0164879,0.445647,-0.895057],"elbow":[196.905,207.082,219.399],"grabAngle":2.80791,"grabStrength":0,"id":22,"palmNormal":[-0.150912,-0.886033,-0.438374],"palmPosition":[26.9446,361.554,-37.335],"palmVelocity":[-3.0184,-46.1058,-9.12858],"palmWidth":91.9162,"pinchDistance":53.6802,"pinchStrength":0.488555,"r":[[0.179067,-0.770255,0.612081],[0.613166,-0.399156,-0.68169],[0.769391,0.497376,0.400818]],"s":1.18939,"sphereCenter":[27.6191,331.432,-71.0012],"sphereRadius":44.9392,"stabilizedPalmPosition":[25.8102,362.757,-37.1171],"t":[-200.993,213.264,-64.4075],"timeVisible":10.7738,"type":"right","wrist":[42.7504,329.904,30.8714]}],"id":12251,"interactionBox":{"center":[0,200,0],"size":[235.247,235.247,147.751]},"pointables":[{"bases":[[[0.97161,-0.0512073,-0.230982],[0.122214,0.944583,0.304675],[0.20258,-0.324254,0.924024]],[[0.991548,-0.10273,-0.079244],[0.108754,0.99117,0.0758619],[0.070751,-0.0838388,0.993964]],[[0.991548,-0.10273,-0.079244],[0.0946019,0.990451,-0.100282],[0.0887894,0.0919379,0.991798]],[[0.991548,-0.10273,-0.079244],[0.0882534,0.981753,-0.168441],[0.095102,0.160024,0.982521]]],"btipPosition":[-4.79883,376.652,-138.516],"carpPosition":[16.9155,353.878,11.7586],"dipPosition":[-3.21016,379.325,-122.103],"direction":[-0.0887894,-0.0919379,-0.991798],"extended":true,"handId":22,"id":221,"length":57.4972,"mcpPosition":[1.86,377.976,-56.9134],"pipPosition":[-1.1119,381.497,-98.6651],"stabilizedTipPosition":[-5.2931,378.589,-134.496],"timeVisible":10.7738,"tipPosition":[-5.82332,376.037,-134.214],"tipVelocity":[-16.2041,-35.3422,-5.04816],"tool":false,"touchDistance":0.333251,"touchZone":"hovering","type":1,"width":21.3473},{"bases":[[[0.529496,0.828006,0.184498],[-0.721541,0.325216,0.611238],[0.446108,-0.456771,0.769642]],[[0.412605,0.910907,0.00240447],[-0.876489,0.396294,0.273345],[0.248039,-0.114891,0.961913]],[[0.412605,0.910907,0.00240447],[-0.907705,0.411373,-0.0827313],[-0.0763496,0.0319528,0.996569]],[[0.412605,0.910907,0.00240447],[-0.831146,0.377554,-0.408227],[-0.372764,0.166438,0.912877]]],"btipPosition":[4.62706,333.521,-89.1736],"carpPosition":[6.05979,332.601,13.4416],"dipPosition":[-3.90259,337.329,-68.285],"direction":[0.0763496,-0.0319528,-0.996569],"extended":false,"handId":22,"id":220,"length":50.9551,"mcpPosition":[6.05979,332.601,13.4416],"pipPosition":[-6.44777,338.394,-35.0635],"stabilizedTipPosition":[1.38221,335.652,-84.1115],"timeVisible":10.7738,"tipPosition":[2.79798,334.344,-84.2209],"tipVelocity":[0.328643,-44.6003,-7.2733],"tool":false,"touchDistance":0.273291,"touchZone":"hovering","type":0,"width":22.3485},{"bases":[[[0.95488,-0.254817,-0.152552],[0.289134,0.914979,0.281451],[0.0678633,-0.31286,0.947372]],[[0.957231,-0.273119,-0.0954693],[0.03936,0.449835,-0.892244],[0.286634,0.850326,0.441346]],[[0.957231,-0.273119,-0.0954693],[-0.282158,-0.808246,-0.516841],[0.0639966,0.521674,-0.850741]],[[0.957231,-0.273119,-0.0954693],[-0.258221,-0.955311,0.143883],[-0.1305,-0.113077,-0.984979]]],"btipPosition":[11.288,324.616,-36.9273],"carpPosition":[28.9605,355.065,8.89046],"dipPosition":[8.89032,322.538,-55.0246],"direction":[-0.0639966,-0.521674,0.850741],"extended":false,"handId":22,"id":222,"length":65.5134,"mcpPosition":[24.1777,377.115,-57.8786],"pipPosition":[10.6696,337.042,-78.6776],"stabilizedTipPosition":[9.45106,325.273,-40.8216],"timeVisible":10.7738,"tipPosition":[10.8198,322.253,-42.2138],"tipVelocity":[-8.09258,-44.2078,-8.17323],"tool":false,"touchDistance":0.333333,"touchZone":"none","type":2,"width":20.9659},{"bases":[[[0.929928,-0.366325,-0.0322557],[0.358633,0.883996,0.299889],[-0.0813431,-0.290443,0.953429]],[[0.92813,-0.372017,-0.0133282],[0.146765,0.398593,-0.905309],[0.342103,0.838288,0.424545]],[[0.92813,-0.372017,-0.0133282],[-0.327003,-0.79767,-0.506746],[0.177886,0.474684,-0.861993]],[[0.92813,-0.372017,-0.0133282],[-0.366102,-0.918686,0.148274],[-0.0674047,-0.132738,-0.988857]]],"btipPosition":[27.5754,324.336,-30.9881],"carpPosition":[40.9593,353.01,6.47742],"dipPosition":[26.3441,321.912,-49.0522],"direction":[-0.177886,-0.474684,0.861993],"extended":false,"handId":22,"id":223,"length":62.9929,"mcpPosition":[46.1065,371.388,-53.8532],"pipPosition":[31.1621,334.768,-72.3991],"stabilizedTipPosition":[25.7218,325.026,-34.8514],"timeVisible":10.7738,"tipPosition":[27.2533,322.79,-35.6887],"tipVelocity":[4.21597,-50.7618,-9.35808],"tool":false,"touchDistance":0.333333,"touchZone":"none","type":3,"width":19.9504},{"bases":[[[0.842138,-0.538471,0.029206],[0.4903,0.787101,0.374269],[-0.224521,-0.300866,0.92686]],[[0.829697,-0.553006,0.0760705],[0.323697,0.365613,-0.872667],[0.454778,0.748673,0.482354]],[[0.829697,-0.553006,0.0760705],[-0.410058,-0.696266,-0.589123],[0.378754,0.457601,-0.804455]],[[0.829697,-0.553006,0.0760705],[-0.557304,-0.828393,0.0563614],[0.0318481,-0.0891573,-0.995508]]],"btipPosition":[41.3738,328.224,-34.5061],"carpPosition":[51.7243,343.732,4.30012],"dipPosition":[41.9105,326.722,-51.2832],"direction":[-0.378754,-0.457601,0.804455],"extended":false,"handId":22,"id":224,"length":49.3853,"mcpPosition":[64.8757,361.355,-49.9911],"pipPosition":[49.1534,335.473,-66.6667],"stabilizedTipPosition":[40.3693,328.943,-38.0428],"timeVisible":10.7738,"tipPosition":[42.2247,326.587,-38.9248],"tipVelocity":[-5.41176,-50.9056,-10.5298],"tool":false,"touchDistance":0.333333,"touchZone":"none","type":4,"width":17.7215}],"r":[[0.179067,-0.770255,0.612081],[0.613166,-0.399156,-0.68169],[0.769391,0.497376,0.400818]],"s":1.18939,"t":[-200.993,213.264,-64.4075],"timestamp":629391955290},{"currentFrameRate":55.2991,"devices":[],"gestures":[],"hands":[{"armBasis":[[0.809988,0.143263,-0.568679],[0.156655,0.881608,0.445227],[0.565136,-0.449715,0.691648]],"armWidth":68.5066,"confidence":1,"direction":[-0.0163622,0.443437,-0.896156],"elbow":[196.802,207.111,219.332],"grabAngle":2.80803,"grabStrength":0,"id":22,"palmNormal":[-0.156491,-0.886366,-0.435736],"palmPosition":[26.8473,361.307,-37.5716],"palmVelocity":[-5.39321,-13.6818,-13.1074],"palmWidth":91.9162,"pinchDistance":53.6712,"pinchStrength":0.489574,"r":[[0.17837,-0.770228,0.612317],[0.612905,-0.399855,-0.681515],[0.769761,0.496854,0.400755]],"s":1.19001,"sphereCenter":[27.1283,331.126,-71.1438],"sphereRadius":44.8916,"stabilizedPalmPosition":[25.8329,362.725,-37.127],"t":[-201.027,212.814,-64.569],"timeVisible":10.7918,"type":"right","wrist":[42.6621,329.77,30.686]}],"id":12252,"interactionBox":{"center":[0,200,0],"size":[235.247,235.247,147.751]},"pointables":[{"bases":[[[0.970777,-0.0567667,-0.233172],[0.12777,0.944721,0.301955],[0.203141,-0.322924,0.924367]],[[0.990733,-0.107431,-0.0831042],[0.1136,0.990808,0.0734434],[0.0744502,-0.0822034,0.993831]],[[0.990733,-0.107431,-0.0831042],[0.0985368,0.989621,-0.104595],[0.0934784,0.0954368,0.991037]],[[0.990733,-0.107431,-0.0831042],[0.0917743,0.980551,-0.173488],[0.100126,0.164254,0.981323]]],"btipPosition":[-5.20907,376.261,-138.691],"carpPosition":[16.897,353.808,11.5654],"dipPosition":[-3.53647,379.004,-122.298],"direction":[-0.0934784,-0.0954368,-0.991037],"extended":true,"handId":22,"id":221,"length":57.4972,"mcpPosition":[1.79989,377.807,-57.1321],"pipPosition":[-1.32741,381.26,-98.8781],"stabilizedTipPosition":[-5.253,378.444,-134.532],"timeVisible":10.7918,"tipPosition":[-6.0668,375.721,-134.414],"tipVelocity":[-21.656,-20.7593,-9.95306],"tool":false,"touchDistance":0.33318,"touchZone":"hovering","type":1,"width":21.3473},{"bases":[[[0.534162,0.825756,0.181105],[-0.718399,0.330464,0.612124],[0.445617,-0.457079,0.769743]],[[0.417672,0.908598,-0.000333135],[-0.874119,0.401922,0.272718],[0.247925,-0.113615,0.962094]],[[0.417672,0.908598,-0.000333135],[-0.905515,0.416224,-0.0824615],[-0.0747857,0.0347435,0.996594]],[[0.417672,0.908598,-0.000333135],[-0.830117,0.381446,-0.406701],[-0.3694,0.170144,0.913561]]],"btipPosition":[4.3808,333.269,-89.3119],"carpPosition":[5.93688,332.591,13.329],"dipPosition":[-4.07187,337.162,-68.4076],"direction":[0.0747857,-0.0347435,-0.996594],"extended":false,"handId":22,"id":220,"length":50.9551,"mcpPosition":[5.93688,332.591,13.329],"pipPosition":[-6.56492,338.32,-35.1853],"stabilizedTipPosition":[1.41842,335.601,-84.125],"timeVisible":10.7918,"tipPosition":[2.44918,334.102,-84.3311],"tipVelocity":[-12.6607,-12.8843,-7.46069],"tool":false,"touchDistance":0.271047,"touchZone":"hovering","type":0,"width":22.3485},{"bases":[[[0.953196,-0.260088,-0.15418],[0.294481,0.914204,0.278409],[0.0685409,-0.310781,0.948007]],[[0.955591,-0.278255,-0.0970558],[0.0397871,0.448144,-0.893076],[0.291998,0.849554,0.439313]],[[0.955591,-0.278255,-0.0970558],[-0.287459,-0.807581,-0.514956],[0.0649089,0.519987,-0.851704]],[[0.955591,-0.278255,-0.0970558],[-0.26288,-0.953717,0.14601],[-0.133192,-0.114012,-0.984511]]],"btipPosition":[10.9922,324.43,-37.0832],"carpPosition":[28.9411,354.926,8.6654],"dipPosition":[8.54501,322.336,-55.1719],"direction":[-0.0649089,-0.519987,0.851704],"extended":false,"handId":22,"id":222,"length":65.5134,"mcpPosition":[24.1105,376.829,-58.1484],"pipPosition":[10.3497,336.793,-78.8516],"stabilizedTipPosition":[9.47423,325.241,-40.8316],"timeVisible":10.7918,"tipPosition":[10.5099,322.084,-42.307],"tipVelocity":[-17.0197,-10.4725,-8.52456],"tool":false,"touchDistance":0.333333,"touchZone":"none","type":2,"width":20.9659},{"bases":[[[0.927964,-0.371158,-0.033538],[0.363865,0.882913,0.296761],[-0.080534,-0.287586,0.954363]],[[0.926483,-0.375929,-0.0175284],[0.144044,0.397258,-0.906332],[0.34768,0.837176,0.422203]],[[0.926483,-0.375929,-0.0175284],[-0.332757,-0.796549,-0.504759],[0.175791,0.473483,-0.863082]],[[0.926483,-0.375929,-0.0175284],[-0.36922,-0.916989,0.151025],[-0.0728482,-0.13345,-0.988374]]],"btipPosition":[27.4008,324.043,-31.1727],"carpPosition":[40.9234,352.803,6.22897],"dipPosition":[26.07,321.605,-49.228],"direction":[-0.175791,-0.473483,0.863082],"extended":false,"handId":22,"id":223,"length":62.9929,"mcpPosition":[46.0194,371.001,-54.1608],"pipPosition":[30.8313,334.43,-72.6044],"stabilizedTipPosition":[25.7624,324.981,-34.8655],"timeVisible":10.7918,"tipPosition":[26.9628,322.554,-35.8228],"tipVelocity":[-10.9375,-16.4093,-10.1107],"tool":false,"touchDistance":0.333333,"touchZone":"none","type":3,"width":19.9504},{"bases":[[[0.839443,-0.542695,0.0285752],[0.495214,0.785537,0.371074],[-0.223827,-0.297344,0.928164]],[[0.82824,-0.555818,0.071306],[0.319909,0.364513,-0.874522],[0.460083,0.747125,0.479716]],[[0.82824,-0.555818,0.071306],[-0.415674,-0.694716,-0.587013],[0.37581,0.456548,-0.806431]],[[0.82824,-0.555818,0.071306],[-0.559774,-0.826512,0.0594268],[0.0259047,-0.0891349,-0.995683]]],"btipPosition":[41.2174,327.824,-34.7009],"carpPosition":[51.6355,343.465,4.04977],"dipPosition":[41.654,326.322,-51.4809],"direction":[-0.37581,-0.456548,0.806431],"extended":false,"handId":22,"id":224,"length":49.3853,"mcpPosition":[64.7463,360.882,-50.3178],"pipPosition":[48.8406,335.053,-66.9022],"stabilizedTipPosition":[40.3941,328.905,-38.0563],"timeVisible":10.7918,"tipPosition":[41.9396,326.268,-39.1037],"tipVelocity":[-9.93735,-22.1581,-10.8259],"tool":false,"touchDistance":0.333333,"touchZone":"none","type":4,"width":17.7215}],"r":[[0.17837,-0.770228,0.612317],[0.612905,-0.399855,-0.681515],[0.769761,0.496854,0.400755]],"s":1.19001,"t":[-201.027,212.814,-64.569],"timestamp":629391973342},{"currentFrameRate":55.2852,"devices":[],"gestures":[],"hands":[{"armBasis":[[0.809783,0.140043,-0.569771],[0.158834,0.882513,0.442654],[0.564821,-0.448953,0.692401]],"armWidth":68.5066,"confidence":1,"direction":[-0.0163075,0.439072,-0.898304],"elbow":[196.72,207.04,219.157],"grabAngle":2.80812,"grabStrength":0,"id":22,"palmNormal":[-0.158639,-0.888179,-0.431244],"palmPosition":[26.851,360.743,-38.0816],"palmVelocity":[0.206971,-31.124,-28.1213],"palmWidth":91.9162,"pinchDistance":53.6457,"pinchStrength":0.491646,"r":[[0.177619,-0.769677,0.613229],[0.612413,-0.401324,-0.681094],[0.770326,0.496524,0.400077]],"s":1.18988,"sphereCenter":[26.7044,330.466,-71.4599],"sphereRadius":44.7536,"stabilizedPalmPosition":[25.8511,362.69,-37.1441],"t":[-201.041,212.307,-64.9047],"timeVisible":10.81,"type":"right","wrist":[42.6657,329.491,30.3056]}],"id":12253,"interactionBox":{"center":[0,200,0],"size":[235.247,235.247,147.751]},"pointables":[{"bases":[[[0.970449,-0.0598293,-0.23377],[0.129911,0.945935,0.297205],[0.20335,-0.318792,0.925754]],[[0.990343,-0.109152,-0.0854833],[0.114871,0.991245,0.0651052],[0.0776285,-0.074296,0.99421]],[[0.990343,-0.109152,-0.0854833],[0.0990525,0.988461,-0.114603],[0.097006,0.105029,0.989727]],[[0.990343,-0.109152,-0.0854833],[0.0921091,0.978835,-0.182752],[0.103622,0.173113,0.979436]]],"btipPosition":[-5.46586,374.943,-139.212],"carpPosition":[16.931,353.504,11.1005],"dipPosition":[-3.73487,377.835,-122.851],"direction":[-0.097006,-0.105029,-0.989727],"extended":true,"handId":22,"id":221,"length":57.4972,"mcpPosition":[1.81836,377.196,-57.7001],"pipPosition":[-1.44244,380.317,-99.462],"stabilizedTipPosition":[-5.23667,378.194,-134.613],"timeVisible":10.81,"tipPosition":[-6.09837,374.768,-134.975],"tipVelocity":[-13.4188,-70.7856,-29.1488],"tool":false,"touchDistance":0.332885,"touchZone":"hovering","type":1,"width":21.3473},{"bases":[[[0.535956,0.825575,0.176571],[-0.717184,0.33488,0.611148],[0.445418,-0.454183,0.77157]],[[0.418872,0.908025,-0.00600747],[-0.873786,0.40486,0.269419],[0.247071,-0.107603,0.963004]],[[0.418872,0.908025,-0.00600747],[-0.904973,0.416902,-0.0849519],[-0.074634,0.0410206,0.996367]],[[0.418872,0.908025,-0.00600747],[-0.830112,0.380232,-0.407845],[-0.368049,0.175822,0.913031]]],"btipPosition":[4.38161,332.353,-89.689],"carpPosition":[5.93062,332.318,12.978],"dipPosition":[-4.04014,336.376,-68.7969],"direction":[0.074634,-0.0410206,-0.996367],"extended":false,"handId":22,"id":220,"length":50.9551,"mcpPosition":[5.93062,332.318,12.978],"pipPosition":[-6.52813,337.744,-35.5821],"stabilizedTipPosition":[1.45613,335.515,-84.1529],"timeVisible":10.81,"tipPosition":[2.35748,333.356,-84.6873],"tipVelocity":[0.436849,-48.8399,-20.949],"tool":false,"touchDistance":0.264715,"touchZone":"hovering","type":0,"width":22.3485},{"bases":[[[0.952539,-0.262725,-0.153766],[0.29654,0.914973,0.273657],[0.0687955,-0.306267,0.949456]],[[0.954951,-0.280618,-0.0965566],[0.040257,0.444849,-0.8947],[0.294022,0.850507,0.436106]],[[0.954951,-0.280618,-0.0965566],[-0.28947,-0.809099,-0.511435],[0.0653939,0.516345,-0.85388]],[[0.954951,-0.280618,-0.0965566],[-0.264868,-0.952678,0.149161],[-0.133845,-0.116867,-0.984087]]],"btipPosition":[10.9109,323.879,-37.4627],"carpPosition":[28.9746,354.584,8.1842],"dipPosition":[8.4517,321.732,-55.5436],"direction":[-0.0653939,-0.516345,0.85388],"extended":false,"handId":22,"id":222,"length":65.5134,"mcpPosition":[24.126,376.169,-58.7317],"pipPosition":[10.2698,336.088,-79.2839],"stabilizedTipPosition":[9.49329,325.201,-40.8488],"timeVisible":10.81,"tipPosition":[10.4315,321.537,-42.6054],"tipVelocity":[-4.6356,-31.0654,-20.827],"tool":false,"touchDistance":0.333333,"touchZone":"none","type":2,"width":20.9659},{"bases":[[[0.927198,-0.373154,-0.0325592],[0.365879,0.883635,0.292099],[-0.0802275,-0.282746,0.955834]],[[0.925713,-0.377869,-0.0164359],[0.144535,0.393573,-0.90786],[0.349521,0.838042,0.418951]],[[0.925713,-0.377869,-0.0164359],[-0.334617,-0.797949,-0.501307],[0.176313,0.469566,-0.865113]],[[0.925713,-0.377869,-0.0164359],[-0.371003,-0.915629,0.154859],[-0.0735655,-0.137257,-0.9878]]],"btipPosition":[27.327,323.497,-31.5608],"carpPosition":[40.9504,352.425,5.74734],"dipPosition":[25.9831,320.99,-49.6056],"direction":[-0.176313,-0.469566,0.865113],"extended":false,"handId":22,"id":223,"length":62.9929,"mcpPosition":[46.027,370.317,-54.7355],"pipPosition":[30.7585,333.708,-73.037],"stabilizedTipPosition":[25.796,324.925,-34.8881],"timeVisible":10.81,"tipPosition":[26.8922,322.002,-36.1412],"tipVelocity":[-4.23484,-30.9904,-21.2682],"tool":false,"touchDistance":0.333333,"touchZone":"none","type":3,"width":19.9504},{"bases":[[[0.838396,-0.544209,0.0304743],[0.497103,0.786364,0.36677],[-0.223563,-0.292349,0.929813]],[[0.826029,-0.558285,0.077416],[0.324159,0.358209,-0.875561],[0.461082,0.748334,0.476864]],[[0.826029,-0.558285,0.077416],[-0.416101,-0.696688,-0.584368],[0.380179,0.450492,-0.807788]],[[0.826029,-0.558285,0.077416],[-0.562884,-0.824172,0.0624653],[0.0289306,-0.0951744,-0.99504]]],"btipPosition":[41.0395,327.298,-35.1293],"carpPosition":[51.6421,343.055,3.60424],"dipPosition":[41.5271,325.694,-51.8984],"direction":[-0.380179,-0.450492,0.807788],"extended":false,"handId":22,"id":224,"length":49.3853,"mcpPosition":[64.7374,360.18,-50.8599],"pipPosition":[48.7972,334.309,-67.3457],"stabilizedTipPosition":[40.4114,328.86,-38.0776],"timeVisible":10.81,"tipPosition":[41.8665,325.678,-39.4515],"tipVelocity":[-9.16333,-30.2998,-23.4842],"tool":false,"touchDistance":0.333333,"touchZone":"none","type":4,"width":17.7215}],"r":[[0.177619,-0.769677,0.613229],[0.612413,-0.401324,-0.681094],[0.770326,0.496524,0.400077]],"s":1.18988,"t":[-201.041,212.307,-64.9047],"timestamp":629391991478},{"currentFrameRate":55.2884,"devices":[],"gestures":[],"hands":[{"armBasis":[[0.808926,0.131855,-0.572934],[0.164965,0.884469,0.436465],[0.564292,-0.447582,0.693718]],"armWidth":68.5066,"confidence":1,"direction":[-0.0162589,0.439932,-0.897884],"elbow":[196.517,206.208,218.872],"grabAngle":2.8109,"grabStrength":0,"id":22,"palmNormal":[-0.164879,-0.886889,-0.43156],"palmPosition":[26.7833,359.625,-38.6898],"palmVelocity":[-3.74664,-61.843,-33.6446],"palmWidth":91.9162,"pinchDistance":53.6522,"pinchStrength":0.492186,"r":[[0.176478,-0.76954,0.61373],[0.611186,-0.403081,-0.681159],[0.771561,0.495312,0.399198]],"s":1.18953,"sphereCenter":[26.255,329.386,-72.0489],"sphereRadius":44.6732,"stabilizedPalmPosition":[25.8723,362.62,-37.1792],"t":[-201.083,211.494,-65.3767],"timeVisible":10.828,"type":"right","wrist":[42.607,328.286,29.6613]}],"id":12254,"interactionBox":{"center":[0,200,0],"size":[235.247,235.247,147.751]},"pointables":[{"bases":[[[0.96945,-0.0651577,-0.236477],[0.136115,0.944922,0.297649],[0.204058,-0.320744,0.924923]],[[0.989384,-0.114212,-0.0898639],[0.119935,0.990901,0.0610828],[0.0820698,-0.0712122,0.994079]],[[0.989384,-0.114212,-0.0898639],[0.103027,0.987346,-0.120556],[0.102496,0.110017,0.988631]],[[0.989384,-0.114212,-0.0898639],[0.0956571,0.977316,-0.188951],[0.109406,0.178349,0.977866]]],"btipPosition":[-5.90581,373.649,-139.68],"carpPosition":[16.9566,352.4,10.5132],"dipPosition":[-4.07819,376.629,-123.345],"direction":[-0.102496,-0.110017,-0.988631],"extended":true,"handId":22,"id":221,"length":57.4972,"mcpPosition":[1.79133,376.237,-58.2257],"pipPosition":[-1.65603,379.229,-99.9821],"stabilizedTipPosition":[-5.25968,377.837,-134.734],"timeVisible":10.828,"tipPosition":[-6.32466,373.933,-135.494],"tipVelocity":[-23.1091,-70.4429,-26.2234],"tool":false,"touchDistance":0.332916,"touchZone":"hovering","type":1,"width":21.3473},{"bases":[[[0.541136,0.822354,0.175802],[-0.71359,0.338435,0.613393],[0.444928,-0.457379,0.769963]],[[0.422862,0.906158,-0.00802989],[-0.871862,0.409242,0.269031],[0.247071,-0.106762,0.963098]],[[0.422862,0.906158,-0.00802989],[-0.903271,0.420771,-0.0839806],[-0.0727209,0.0427654,0.996435]],[[0.422862,0.906158,-0.00802989],[-0.829437,0.38346,-0.406193],[-0.364996,0.178424,0.913752]]],"btipPosition":[4.15815,331.151,-90.2877],"carpPosition":[5.84079,331.276,12.4029],"dipPosition":[-4.19373,335.233,-69.3791],"direction":[0.0727209,-0.0427654,-0.996435],"extended":false,"handId":22,"id":220,"length":50.9551,"mcpPosition":[5.84079,331.276,12.4029],"pipPosition":[-6.61794,336.659,-36.162],"stabilizedTipPosition":[1.4886,335.373,-84.208],"timeVisible":10.828,"tipPosition":[2.01111,332.412,-85.2557],"tipVelocity":[-11.4733,-65.7557,-32.9082],"tool":false,"touchDistance":0.2548,"touchZone":"hovering","type":0,"width":22.3485},{"bases":[[[0.950602,-0.268017,-0.156596],[0.302499,0.913032,0.273619],[0.0696428,-0.307473,0.949005]],[[0.953068,-0.285972,-0.0994085],[0.0402212,0.445028,-0.894613],[0.300074,0.848628,0.435643]],[[0.953068,-0.285972,-0.0994085],[-0.295561,-0.80766,-0.510225],[0.065622,0.51566,-0.854277]],[[0.953068,-0.285972,-0.0994085],[-0.269773,-0.951186,0.149894],[-0.137421,-0.116041,-0.983692]]],"btipPosition":[10.6489,322.887,-38.0247],"carpPosition":[28.9982,353.414,7.56482],"dipPosition":[8.12398,320.755,-56.0983],"direction":[-0.065622,-0.51566,0.854277],"extended":false,"handId":22,"id":222,"length":65.5134,"mcpPosition":[24.0899,375.084,-59.3193],"pipPosition":[9.94845,335.091,-79.8496],"stabilizedTipPosition":[9.50779,325.13,-40.8824],"timeVisible":10.828,"tipPosition":[10.128,320.524,-43.1985],"tipVelocity":[-15.3307,-54.7062,-30.9979],"tool":false,"touchDistance":0.333333,"touchZone":"none","type":2,"width":20.9659},{"bases":[[[0.924963,-0.378404,-0.0354137],[0.371708,0.881283,0.291845],[-0.0792256,-0.283109,0.95581]],[[0.923897,-0.381923,-0.023431],[0.140072,0.394557,-0.908133],[0.356081,0.835739,0.418027]],[[0.923897,-0.381923,-0.023431],[-0.341709,-0.795963,-0.499678],[0.172188,0.469658,-0.865894]],[[0.923897,-0.381923,-0.023431],[-0.373919,-0.914144,0.156603],[-0.0812296,-0.135924,-0.987384]]],"btipPosition":[27.2331,322.358,-32.1593],"carpPosition":[40.9548,351.19,5.09335],"dipPosition":[25.7492,319.875,-50.1966],"direction":[-0.172188,-0.469658,0.865894],"extended":false,"handId":22,"id":223,"length":62.9929,"mcpPosition":[45.968,369.104,-55.388],"pipPosition":[30.4129,332.596,-73.6491],"stabilizedTipPosition":[25.8302,324.828,-34.9323],"timeVisible":10.828,"tipPosition":[26.6118,320.892,-36.7774],"tipVelocity":[-6.97597,-62.7116,-33.0158],"tool":false,"touchDistance":0.333333,"touchZone":"none","type":3,"width":19.9504},{"bases":[[[0.83536,-0.549004,0.0277178],[0.502579,0.783202,0.366073],[-0.222684,-0.291872,0.930173]],[[0.823135,-0.562957,0.0743534],[0.323333,0.357019,-0.876352],[0.466803,0.745397,0.475898]],[[0.823135,-0.562957,0.0743534],[-0.422246,-0.694357,-0.582733],[0.379681,0.448272,-0.809255]],[[0.823135,-0.562957,0.0743534],[-0.56732,-0.820926,0.0650224],[0.0244338,-0.0957044,-0.99511]]],"btipPosition":[40.8204,326.128,-35.7789],"carpPosition":[51.587,341.761,2.91305],"dipPosition":[41.2322,324.516,-52.5493],"direction":[-0.379681,-0.448272,0.809255],"extended":false,"handId":22,"id":224,"length":49.3853,"mcpPosition":[64.6308,358.857,-51.5722],"pipPosition":[48.4928,333.088,-68.0247],"stabilizedTipPosition":[40.4255,328.773,-38.1213],"timeVisible":10.828,"tipPosition":[41.5927,324.48,-40.129],"tipVelocity":[-13.0867,-64.8314,-35.9558],"tool":false,"touchDistance":0.333333,"touchZone":"none","type":4,"width":17.7215}],"r":[[0.176478,-0.76954,0.61373],[0.611186,-0.403081,-0.681159],[0.771561,0.495312,0.399198]],"s":1.18953,"t":[-201.083,211.494,-65.3767],"timestamp":629392009554},{"currentFrameRate":55.2728,"devices":[],"gestures":[],"hands":[{"armBasis":[[0.810488,0.144325,-0.567697],[0.151899,0.88423,0.44166],[0.565717,-0.444193,0.694735]],"armWidth":68.5066,"confidence":1,"direction":[-0.0199132,0.428315,-0.90341],"elbow":[196.996,205.356,219.066],"grabAngle":2.81256,"grabStrength":0,"id":22,"palmNormal":[-0.151476,-0.894451,-0.420728],"palmPosition":[26.6595,356.912,-39.1333],"palmVelocity":[-6.82481,-149.465,-24.4417],"palmWidth":91.9162,"pinchDistance":53.777,"pinchStrength":0.490058,"r":[[0.177381,-0.767385,0.616162],[0.611662,-0.404515,-0.67988],[0.770977,0.497481,0.397628]],"s":1.18867,"sphereCenter":[25.8089,326.62,-71.992],"sphereRadius":44.3805,"stabilizedPalmPosition":[25.9246,362.24,-37.3092],"t":[-201.165,209.732,-65.8344],"timeVisible":10.8462,"type":"right","wrist":[42.6976,326.509,29.5785]}],"id":12255,"interactionBox":{"center":[0,200,0],"size":[235.247,235.247,147.751]},"pointables":[{"bases":[[[0.970887,-0.0547285,-0.233201],[0.122274,0.950389,0.286023],[0.205978,-0.306211,0.929413]],[[0.991075,-0.101502,-0.0864139],[0.105545,0.99346,0.0435663],[0.0814267,-0.052298,0.995306]],[[0.991075,-0.101502,-0.0864139],[0.0896001,0.987199,-0.131948],[0.0987007,0.123028,0.987483]],[[0.991075,-0.101502,-0.0864139],[0.0825691,0.976344,-0.199836],[0.104653,0.190918,0.976011]]],"btipPosition":[-6.00771,369.031,-140.388],"carpPosition":[16.8013,350.173,10.1322],"dipPosition":[-4.25949,372.22,-124.084],"direction":[-0.0987007,-0.123028,-0.987483],"extended":true,"handId":22,"id":221,"length":57.4972,"mcpPosition":[1.49333,372.931,-58.9403],"pipPosition":[-1.92701,375.127,-100.748],"stabilizedTipPosition":[-5.34761,375.785,-135.218],"timeVisible":10.8462,"tipPosition":[-6.37279,369.544,-136.199],"tipVelocity":[-6.62223,-251.866,-39.4106],"tool":false,"touchDistance":0.332808,"touchZone":"hovering","type":1,"width":21.3473},{"bases":[[[0.529272,0.831905,0.166751],[-0.719832,0.336245,0.607274],[0.449124,-0.441446,0.776797]],[[0.407221,0.913044,-0.0228488],[-0.879079,0.398614,0.261394],[0.247772,-0.0863592,0.964962]],[[0.407221,0.913044,-0.0228488],[-0.910349,0.403745,-0.0908603],[-0.0737344,0.0578006,0.995601]],[[0.407221,0.913044,-0.0228488],[-0.834367,0.361722,-0.415918],[-0.371487,0.188435,0.909115]]],"btipPosition":[4.43708,327.039,-90.3897],"carpPosition":[5.97276,328.923,12.2609],"dipPosition":[-4.06333,331.351,-69.5872],"direction":[0.0737344,-0.0578006,-0.995601],"extended":false,"handId":22,"id":220,"length":50.9551,"mcpPosition":[5.97276,328.923,12.2609],"pipPosition":[-6.52133,333.278,-36.398],"stabilizedTipPosition":[1.64069,334.249,-84.4219],"timeVisible":10.8462,"tipPosition":[2.39256,328.754,-85.4192],"tipVelocity":[13.4885,-223.695,-6.97085],"tool":false,"touchDistance":0.262691,"touchZone":"hovering","type":0,"width":22.3485},{"bases":[[[0.954624,-0.256806,-0.15081],[0.289146,0.920501,0.262816],[0.0713283,-0.294496,0.952987]],[[0.957183,-0.274004,-0.093394],[0.0354789,0.43123,-0.901544],[0.287301,0.859629,0.422488]],[[0.957183,-0.274004,-0.093394],[-0.283184,-0.819352,-0.498466],[0.0600589,0.503571,-0.861864]],[[0.957183,-0.274004,-0.093394],[-0.256694,-0.952523,0.163731],[-0.133823,-0.132747,-0.982074]]],"btipPosition":[11.058,319.999,-37.8674],"carpPosition":[28.8356,351.317,7.20151],"dipPosition":[8.59926,317.56,-55.9114],"direction":[-0.0600589,-0.503571,0.861864],"extended":false,"handId":22,"id":222,"length":65.5134,"mcpPosition":[23.8085,372.072,-59.9632],"pipPosition":[10.2691,331.561,-79.8736],"stabilizedTipPosition":[9.5857,324.68,-40.9723],"timeVisible":10.8462,"tipPosition":[10.5563,317.554,-43.1752],"tipVelocity":[23.3867,-163.017,9.04235],"tool":false,"touchDistance":0.333333,"touchZone":"none","type":2,"width":20.9659},{"bases":[[[0.930184,-0.366001,-0.0283068],[0.358737,0.889944,0.281614],[-0.0778796,-0.272108,0.95911]],[[0.927558,-0.37368,-0.000694464],[0.150925,0.376329,-0.91411],[0.341846,0.847785,0.405465]],[[0.927558,-0.37368,-0.000694464],[-0.326552,-0.80967,-0.487645],[0.181661,0.452546,-0.873042]],[[0.927558,-0.37368,-0.000694464],[-0.368099,-0.914021,0.170495],[-0.0643452,-0.157888,-0.985358]]],"btipPosition":[27.0784,320.037,-31.9678],"carpPosition":[40.8283,349.227,4.78838],"dipPosition":[25.9029,317.153,-49.968],"direction":[-0.181661,-0.452546,0.873042],"extended":false,"handId":22,"id":223,"length":62.9929,"mcpPosition":[45.7564,366.445,-55.9018],"pipPosition":[30.8232,329.41,-73.6141],"stabilizedTipPosition":[25.8958,324.462,-35.0112],"timeVisible":10.8462,"tipPosition":[27.0092,318.251,-36.709],"tipVelocity":[-4.61916,-132.975,11.0245],"tool":false,"touchDistance":0.333333,"touchZone":"none","type":3,"width":19.9504},{"bases":[[[0.842772,-0.537014,0.0367508],[0.490749,0.794624,0.357405],[-0.221134,-0.283175,0.933226]],[[0.822713,-0.55767,0.110218],[0.343415,0.333074,-0.878139],[0.453001,0.760307,0.465536]],[[0.822713,-0.55767,0.110218],[-0.405661,-0.711788,-0.573408],[0.398224,0.427039,-0.811822]],[[0.822713,-0.55767,0.110218],[-0.566362,-0.820757,0.0747831],[0.0487581,-0.123948,-0.99109]]],"btipPosition":[40.4506,324.144,-35.7772],"carpPosition":[51.5953,339.919,2.75411],"dipPosition":[41.2723,322.055,-52.4797],"direction":[-0.398224,-0.427039,0.811822],"extended":false,"handId":22,"id":224,"length":49.3853,"mcpPosition":[64.5484,356.506,-51.91],"pipPosition":[48.8876,330.221,-68.0042],"stabilizedTipPosition":[40.4377,328.484,-38.2061],"timeVisib