{"frames":45,"data":[{"currentFrameRate":55.3266,"devices":[],"gestures":[],"hands":[{"armBasis":[[0.504713,-0.5771,-0.642044],[0.862896,0.359636,0.355068],[0.0259927,-0.733224,0.67949]],"armWidth":69.943,"confidence":1,"direction":[0.304528,0.329193,-0.893809],"elbow":[128.791,47.0196,311.244],"grabAngle":2.74782,"grabStrength":0,"id":42,"palmNormal":[-0.845188,-0.339324,-0.412937],"palmPosition":[134.513,286.633,54.215],"palmVelocity":[-206.681,-1.86081,-18.0842],"palmWidth":93.5895,"pinchDistance":55.7073,"pinchStrength":0.537552,"r":[[0.989893,0.139675,0.0245546],[-0.139241,0.990084,-0.0185754],[-0.0269056,0.0149687,0.999526]],"s":0.964847,"sphereCenter":[109.93,269.724,20.5335],"sphereRadius":45.4697,"stabilizedPalmPosition":[135.285,286.604,54.2574],"t":[10.4476,79.1167,28.1131],"timeVisible":5.73035,"type":"right","wrist":[121.572,250.646,122.54]}],"id":20010,"interactionBox":{"center":[0,200,0],"size":[235.247,235.247,147.751]},"pointables":[{"bases":[[[0.484122,-0.813406,-0.322486],[0.86943,0.405656,0.282019],[-0.0985771,-0.41691,0.903586]],[[0.4552,-0.879617,-0.138083],[0.890212,0.446507,0.0902973],[-0.0177721,-0.164026,0.986296]],[[0.4552,-0.879617,-0.138083],[0.887855,0.460106,-0.00409923],[0.0671384,-0.120731,0.990412]],[[0.4552,-0.879617,-0.138083],[0.884034,0.464979,-0.0477362],[0.106195,-0.10034,0.98927]]],"btipPosition":[130.311,329.9,-44.2594],"carpPosition":[125.452,286.996,105.027],"dipPosition":[132.076,328.233,-27.825],"direction":[-0.0671384,0.120731,-0.990412],"extended":true,"handId":42,"id":421,"length":57.1794,"mcpPosition":[132.911,318.544,36.6514],"pipPosition":[133.653,325.396,-4.54912],"stabilizedTipPosition":[130.808,329.497,-40.4832],"timeVisible":5.73035,"tipPosition":[131.092,329.39,-39.909],"tipVelocity":[-227.5,46.7483,9.0171],"tool":false,"touchDistance":-0.257778,"touchZone":"touching","type":1,"width":21.8186},{"bases":[[[0.992126,0.013149,0.124553],[-0.0943536,0.732452,0.674249],[-0.0823633,-0.680691,0.727925]],[[0.986836,0.158168,-0.0337246],[-0.141546,0.945592,0.29295],[0.078225,-0.28432,0.955533]],[[0.986836,0.158168,-0.0337246],[-0.159371,0.98654,-0.0365916],[0.0274831,0.0414846,0.998761]],[[0.986836,0.158168,-0.0337246],[-0.159065,0.911628,-0.378988],[-0.0291993,0.379363,0.924787]]],"btipPosition":[97.1947,288.448,4.79507],"carpPosition":[101.458,283.858,108.01],"dipPosition":[96.5303,297.081,25.8392],"direction":[-0.0274831,-0.0414846,-0.998761],"extended":false,"handId":42,"id":420,"length":50.6735,"mcpPosition":[101.458,283.858,108.01],"pipPosition":[97.4414,298.456,58.9498],"stabilizedTipPosition":[97.3551,290.413,9.64157],"timeVisible":5.73035,"tipPosition":[96.4805,293.392,9.93331],"tipVelocity":[-215.857,11.2832,-6.27537],"tool":false,"touchDistance":-0.11073,"touchZone":"touching","type":0,"width":22.8419},{"bases":[[[0.310995,-0.91941,-0.240764],[0.936385,0.253049,0.243208],[-0.162683,-0.301084,0.939618]],[[0.300681,-0.93581,-0.183987],[0.335094,0.284275,-0.898276],[0.892918,0.208441,0.399061]],[[0.300681,-0.93581,-0.183987],[-0.857549,-0.180857,-0.48156],[0.417373,0.302574,-0.856883]],[[0.300681,-0.93581,-0.183987],[-0.929768,-0.330589,0.161994],[-0.21242,0.122357,-0.969488]]],"btipPosition":[95.2672,279.003,56.2088],"carpPosition":[133.099,277.768,100.933],"dipPosition":[91.3859,281.239,38.4946],"direction":[-0.417373,-0.302574,0.856883],"extended":false,"handId":42,"id":422,"length":65.1514,"mcpPosition":[144.773,299.374,33.5048],"pipPosition":[102.926,289.605,14.8025],"stabilizedTipPosition":[101.595,277.74,51.0859],"timeVisible":5.73035,"tipPosition":[93.9288,279.77,50.2033],"tipVelocity":[-206.597,34.9814,7.56138],"tool":false,"touchDistance":0.333333,"touchZone":"none","type":2,"width":21.4287},{"bases":[[[0.212186,-0.970138,-0.117511],[0.950548,0.176988,0.255214],[-0.226795,-0.165853,0.959717]],[[0.225404,-0.958447,-0.174848],[0.334387,0.244672,-0.910121],[0.915084,0.146678,0.375642]],[[0.225404,-0.958447,-0.174848],[-0.864904,-0.11424,-0.488764],[0.44848,0.261396,-0.854715]],[[0.225404,-0.958447,-0.174848],[-0.949449,-0.256344,0.181204],[-0.218496,0.125165,-0.967778]]],"btipPosition":[104.762,261.694,59.7881],"carpPosition":[138.014,266.695,97.3379],"dipPosition":[100.793,263.968,42.2067],"direction":[-0.44848,-0.261396,0.854715],"extended":false,"handId":42,"id":423,"length":62.6448,"mcpPosition":[152.626,277.381,35.5038],"pipPosition":[112.873,271.009,19.1849],"stabilizedTipPosition":[110.437,261.132,55.5576],"timeVisible":5.73035,"tipPosition":[102.84,263.18,54.752],"tipVelocity":[-217.707,25.3581,-13.4089],"tool":false,"touchDistance":0.333333,"touchZone":"none","type":3,"width":20.3908},{"bases":[[[0.0245165,-0.998632,-0.0461872],[0.948183,0.00858841,0.317609],[-0.316778,-0.0515806,0.947096]],[[0.0641546,-0.98422,-0.164911],[0.42375,0.176481,-0.88842],[0.903505,-0.0128849,0.428385]],[[0.0641546,-0.98422,-0.164911],[-0.803785,0.0469775,-0.593062],[0.591451,0.170601,-0.788087]],[[0.0641546,-0.98422,-0.164911],[-0.996715,-0.0713792,0.038257],[-0.0494245,0.161915,-0.985566]]],"btipPosition":[113.563,250.085,54.4669],"carpPosition":[136.152,252.524,94.1764],"dipPosition":[112.735,252.799,37.9492],"direction":[-0.591451,-0.170601,0.788087],"extended":false,"handId":42,"id":424,"length":49.1123,"mcpPosition":[155.046,255.6,37.6899],"pipPosition":[123.983,256.043,22.9619],"stabilizedTipPosition":[119.811,249.811,50.9332],"timeVisible":5.73035,"tipPosition":[113.172,252.009,50.5931],"tipVelocity":[-234.35,19.1824,-28.8101],"tool":false,"touchDistance":0.333333,"touchZone":"none","type":4,"width":18.1127}],"r":[[0.989893,0.139675,0.0245546],[-0.139241,0.990084,-0.0185754],[-0.0269056,0.0149687,0.999526]],"s":0.964847,"t":[10.4476,79.1167,28.1131],"timestamp":629538033223},{"currentFrameRate":55.332,"devices":[],"gestures":[],"hands":[{"armBasis":[[0.477202,-0.584499,-0.656231],[0.878299,0.34225,0.333848],[0.029461,-0.73568,0.676688]],"armWidth":69.943,"confidence":1,"direction":[0.305964,0.333961,-0.891547],"elbow":[124.948,45.6215,309.791],"grabAngle":2.75555,"grabStrength":0,"id":42,"palmNormal":[-0.855298,-0.314885,-0.411476],"palmPosition":[129.884,286.434,53.84],"palmVelocity":[-256.369,-11.0468,-20.7699],"palmWidth":93.5895,"pinchDistance":55.4781,"pinchStrength":0.534647,"r":[[0.991416,0.128826,0.0223139],[-0.128606,0.991635,-0.011006],[-0.0235451,0.00804186,0.99969]],"s":0.963358,"sphereCenter":[104.501,271.102,20.3443],"sphereRadius":45.1423,"stabilizedPalmPosition":[129.906,286.434,53.8417],"t":[6.62324,79.0943,27.8333],"timeVisible":5.7484,"type":"right","wrist":[116.767,249.93,121.866]}],"id":20011,"interactionBox":{"center":[0,200,0],"size":[235.247,235.247,147.751]},"pointables":[{"bases":[[[0.463588,-0.81975,-0.336298],[0.880163,0.382366,0.281263],[-0.101977,-0.426387,0.898774]],[[0.434578,-0.887463,-0.153467],[0.900633,0.427975,0.0754783],[-0.00130425,-0.171018,0.985267]],[[0.434578,-0.887463,-0.153467],[0.897126,0.441579,-0.0131197],[0.0794108,-0.131977,0.988067]],[[0.434578,-0.887463,-0.153467],[0.893192,0.446544,-0.0529691],[0.115538,-0.114056,0.986733]]],"btipPosition":[125.153,330.74,-44.0685],"carpPosition":[121.168,286.334,104.714],"dipPosition":[127.073,328.845,-27.6763],"direction":[-0.0794108,0.131977,-0.988067],"extended":true,"handId":42,"id":421,"length":57.1794,"mcpPosition":[128.885,318.599,36.7021],"pipPosition":[128.939,325.743,-4.45547],"stabilizedTipPosition":[125.657,330.294,-40.3005],"timeVisible":5.7484,"tipPosition":[126.737,330.474,-39.7317],"tipVelocity":[-283.718,43.6105,10.0376],"tool":false,"touchDistance":-0.260097,"touchZone":"touching","type":1,"width":21.8186},{"bases":[[[0.992969,-0.0106957,0.117895],[-0.0734318,0.725495,0.684299],[-0.092851,-0.688144,0.719608]],[[0.98981,0.136955,-0.0389843],[-0.119248,0.946862,0.298719],[0.0778239,-0.291026,0.953545]],[[0.98981,0.136955,-0.0389843],[-0.138182,0.98993,-0.0307219],[0.0343842,0.0357958,0.998767]],[[0.98981,0.136955,-0.0389843],[-0.141491,0.915141,-0.377488],[-0.0160229,0.379158,0.925193]]],"btipPosition":[92.3587,288.823,4.69811],"carpPosition":[97.1298,283.696,107.821],"dipPosition":[91.9941,297.451,25.7515],"direction":[-0.0343842,-0.0357958,-0.998767],"extended":false,"handId":42,"id":420,"length":50.6735,"mcpPosition":[97.1298,283.696,107.821],"pipPosition":[93.134,298.638,58.8623],"stabilizedTipPosition":[92.2813,290.807,9.54052],"timeVisible":5.7484,"tipPosition":[91.753,294.415,9.89161],"tipVelocity":[-264.043,20.7182,-5.25245],"tool":false,"touchDistance":-0.140495,"touchZone":"touching","type":0,"width":22.8419},{"bases":[[[0.288663,-0.922912,-0.254767],[0.943415,0.228819,0.240023],[-0.163225,-0.309636,0.936741]],[[0.278356,-0.939819,-0.198137],[0.330398,0.287394,-0.899023],[0.901862,0.184785,0.390512]],[[0.278356,-0.939819,-0.198137],[-0.867481,-0.157443,-0.4719],[0.412305,0.303237,-0.8591]],[[0.278356,-0.939819,-0.198137],[-0.934545,-0.312628,0.169967],[-0.221681,0.137857,-0.965325]]],"btipPosition":[90.6762,279.648,56.3162],"carpPosition":[128.579,276.991,100.448],"dipPosition":[86.6257,282.167,38.678],"direction":[-0.412305,-0.303237,0.8591],"extended":false,"handId":42,"id":422,"length":65.1514,"mcpPosition":[140.292,299.211,33.2264],"pipPosition":[98.0256,290.551,14.9247],"stabilizedTipPosition":[96.164,278.88,51.6237],"timeVisible":5.7484,"tipPosition":[89.145,280.527,50.0709],"tipVelocity":[-256.447,39.3187,6.91901],"tool":false,"touchDistance":0.333333,"touchZone":"none","type":2,"width":21.4287},{"bases":[[[0.189552,-0.973024,-0.131505],[0.955943,0.152309,0.250947],[-0.224148,-0.173279,0.959027]],[[0.202652,-0.960883,-0.188775],[0.330315,0.248552,-0.910557],[0.921859,0.12217,0.367764]],[[0.202652,-0.960883,-0.188775],[-0.873449,-0.0902079,-0.478487],[0.442741,0.261852,-0.857563]],[[0.202652,-0.960883,-0.188775],[-0.951534,-0.238763,0.193845],[-0.231335,0.140343,-0.962698]]],"btipPosition":[99.8912,262.114,59.4977],"carpPosition":[133.22,265.86,96.6764],"dipPosition":[95.6886,264.664,42.0086],"direction":[-0.442741,-0.261852,0.857563],"extended":false,"handId":42,"id":423,"length":62.6448,"mcpPosition":[147.662,277.024,34.8867],"pipPosition":[107.614,271.717,18.9101],"stabilizedTipPosition":[104.424,261.951,55.5146],"timeVisible":5.7484,"tipPosition":[97.7215,263.67,54.3157],"tipVelocity":[-272.772,26.7587,-14.9085],"tool":false,"touchDistance":0.333333,"touchZone":"none","type":3,"width":20.3908},{"bases":[[[0.00176257,-0.998241,-0.0592679],[0.950205,-0.0167973,0.311173],[-0.311621,-0.0568652,0.948503]],[[0.0408174,-0.983235,-0.177717],[0.418951,0.178316,-0.890328],[0.907091,-0.0381136,0.419205]],[[0.0408174,-0.983235,-0.177717],[-0.8097,0.0716629,-0.582452],[0.585423,0.167671,-0.7932]],[[0.0408174,-0.983235,-0.177717],[-0.997246,-0.0511122,0.0537389],[-0.0619215,0.175034,-0.982613]]],"btipPosition":[108.324,250.356,53.9146],"carpPosition":[131.02,251.776,93.3447],"dipPosition":[107.286,253.289,37.4464],"direction":[-0.585423,-0.167671,0.7932],"extended":false,"handId":42,"id":424,"length":49.1123,"mcpPosition":[149.605,255.168,36.7743],"pipPosition":[118.419,256.478,22.3619],"stabilizedTipPosition":[113.085,250.511,50.4707],"timeVisible":5.7484,"tipPosition":[107.752,252.327,49.9203],"tipVelocity":[-292.88,17.8005,-29.9625],"tool":false,"touchDistance":0.333333,"touchZone":"none","type":4,"width":18.1127}],"r":[[0.991416,0.128826,0.0223139],[-0.128606,0.991635,-0.011006],[-0.0235451,0.00804186,0.99969]],"s":0.963358,"t":[6.62324,79.0943,27.8333],"timestamp":629538051277},{"currentFrameRate":55.3283,"devices":[],"gestures":[],"hands":[{"armBasis":[[0.455342,-0.59282,-0.664249],[0.889687,0.331032,0.314445],[0.0334787,-0.734154,0.678157]],"armWidth":69.943,"confidence":1,"direction":[0.292,0.329286,-0.897946],"elbow":[122.044,44.9846,309.715],"grabAngle":2.75651,"grabStrength":0,"id":42,"palmNormal":[-0.867694,-0.303706,-0.393535],"palmPosition":[124.949,285.132,53.0542],"palmVelocity":[-272.88,-71.9704,-43.4465],"palmWidth":93.5895,"pinchDistance":54.7489,"pinchStrength":0.513009,"r":[[0.992938,0.117502,0.0163584],[-0.117442,0.993069,-0.00462099],[-0.016788,0.00266719,0.999856]],"s":0.964047,"sphereCenter":[98.5737,270.473,20.248],"sphereRadius":45.0863,"stabilizedPalmPosition":[124.967,285.137,53.0572],"t":[2.24327,78.4322,27.3006],"timeVisible":5.76649,"type":"right","wrist":[112.747,248.869,121.381]}],"id":20012,"interactionBox":{"center":[0,200,0],"size":[235.247,235.247,147.751]},"pointables":[{"bases":[[[0.445613,-0.826075,-0.345007],[0.890775,0.370766,0.262778],[-0.0891571,-0.424421,0.901065]],[[0.420186,-0.892222,-0.165482],[0.906943,0.418937,0.0441116],[0.0299691,-0.168618,0.985226]],[[0.420186,-0.892222,-0.165482],[0.901496,0.43127,-0.0362118],[0.103676,-0.133965,0.985548]],[[0.420186,-0.892222,-0.165482],[0.901496,0.43127,-0.0362118],[0.103676,-0.133965,0.985548]]],"btipPosition":[118.615,329.715,-44.7786],"carpPosition":[117.279,285.181,104.096],"dipPosition":[120.337,327.489,-28.4061],"direction":[-0.103676,0.133965,-0.985548],"extended":true,"handId":42,"id":421,"length":57.1794,"mcpPosition":[124.026,317.297,35.9113],"pipPosition":[122.774,324.341,-5.24455],"stabilizedTipPosition":[119.067,329.212,-41.007],"timeVisible":5.76649,"tipPosition":[120.432,329.153,-40.4858],"tipVelocity":[-364.005,-60.871,-39.5158],"tool":false,"touchDistance":-0.275032,"touchZone":"touching","type":1,"width":21.8186},{"bases":[[[0.994951,-0.0238682,0.0974826],[-0.0496785,0.726842,0.685005],[-0.0872044,-0.686389,0.721987]],[[0.991152,0.120399,-0.0558712],[-0.0983218,0.948763,0.300301],[0.0891644,-0.292151,0.952207]],[[0.991152,0.120399,-0.0558712],[-0.121891,0.992251,-0.0241018],[0.0525364,0.0306987,0.998147]],[[0.991152,0.120399,-0.0558712],[-0.132547,0.919951,-0.368946],[0.00697806,0.373087,0.92777]]],"btipPosition":[86.7985,288.358,4.6068],"carpPosition":[93.2769,282.865,107.699],"dipPosition":[86.9572,296.848,25.7188],"direction":[-0.0525364,-0.0306987,-0.998147],"extended":false,"handId":42,"id":420,"length":50.6735,"mcpPosition":[93.2769,282.865,107.699],"pipPosition":[88.6989,297.865,58.809],"stabilizedTipPosition":[86.8392,290.311,9.46262],"timeVisible":5.76649,"tipPosition":[86.057,293.491,9.8778],"tipVelocity":[-300.763,-27.4946,-4.30317],"tool":false,"touchDistance":-0.170382,"touchZone":"touching","type":0,"width":22.8419},{"bases":[[[0.271042,-0.926842,-0.259806],[0.951114,0.216363,0.220386],[-0.148051,-0.306839,0.940176]],[[0.261677,-0.943574,-0.202962],[0.302095,0.279797,-0.911292],[0.916659,0.17715,0.358265]],[[0.261677,-0.943574,-0.202962],[-0.884716,-0.150457,-0.44118],[0.385749,0.29501,-0.874166]],[[0.261677,-0.943574,-0.202962],[-0.931359,-0.302029,0.203345],[-0.253171,0.13582,-0.95784]]],"btipPosition":[86.1003,278.816,57.1005],"carpPosition":[124.476,275.737,99.6877],"dipPosition":[81.4744,281.297,39.5991],"direction":[-0.385749,-0.29501,0.874166],"extended":false,"handId":42,"id":422,"length":65.1514,"mcpPosition":[135.1,297.757,32.2196],"pipPosition":[92.14,289.454,15.4291],"stabilizedTipPosition":[89.7401,279.172,52.4616],"timeVisible":5.76649,"tipPosition":[84.1177,279.746,50.2866],"tipVelocity":[-260.312,-46.4893,45.1002],"tool":false,"touchDistance":0.333333,"touchZone":"none","type":2,"width":21.4287},{"bases":[[[0.173826,-0.97555,-0.134489],[0.962844,0.1397,0.231119],[-0.20668,-0.169667,0.963585]],[[0.185906,-0.96362,-0.192028],[0.304666,0.242335,-0.921115],[0.93414,0.112737,0.338634]],[[0.185906,-0.96362,-0.192028],[-0.889529,-0.0820471,-0.449451],[0.417345,0.25437,-0.872421]],[[0.185906,-0.96362,-0.192028],[-0.946906,-0.227879,0.226803],[-0.262311,0.139668,-0.954822]]],"btipPosition":[95.1486,261.188,59.8819],"carpPosition":[128.89,264.543,95.8316],"dipPosition":[90.3833,263.725,42.5359],"direction":[-0.417345,-0.25437,0.872422],"extended":false,"handId":42,"id":423,"length":62.6448,"mcpPosition":[142.206,275.474,33.7483],"pipPosition":[101.624,270.577,19.0371],"stabilizedTipPosition":[97.7012,261.835,55.7594],"timeVisible":5.76649,"tipPosition":[92.5664,262.757,54.2808],"tipVelocity":[-269.363,-51.3778,23.0592],"tool":false,"touchDistance":0.333333,"touchZone":"none","type":3,"width":20.3908},{"bases":[[[-0.0127585,-0.998212,-0.0583873],[0.956091,-0.0292767,0.291604],[-0.292793,-0.0521031,0.954755]],[[0.023754,-0.983983,-0.176673],[0.395182,0.171572,-0.902438],[0.918296,-0.0483816,0.392928]],[[0.023754,-0.983983,-0.176673],[-0.827293,0.0798694,-0.556063],[0.561268,0.15937,-0.812145]],[[0.023754,-0.983983,-0.176673],[-0.995567,-0.039371,0.0854214],[-0.091009,0.173861,-0.980556]]],"btipPosition":[103.177,249.314,53.9849],"carpPosition":[126.434,250.487,92.5586],"dipPosition":[101.651,252.227,37.5511],"direction":[-0.561268,-0.15937,0.812145],"extended":false,"handId":42,"id":424,"length":49.1123,"mcpPosition":[143.896,253.595,35.6153],"pipPosition":[112.325,255.258,22.1063],"stabilizedTipPosition":[105.778,250.135,50.2815],"timeVisible":5.76649,"tipPosition":[102.304,251.282,49.6377],"tipVelocity":[-290.781,-57.8765,4.32256],"tool":false,"touchDistance":0.333333,"touchZone":"none","type":4,"width":18.1127}],"r":[[0.992938,0.117502,0.0163584],[-0.117442,0.993069,-0.00462099],[-0.016788,0.00266719,0.999856]],"s":0.964047,"t":[2.24327,78.4322,27.3006],"timestamp":629538069364},{"currentFrameRate":55.3267,"devices":[],"gestures":[],"hands":[{"armBasis":[[0.413071,-0.606816,-0.679077],[0.909634,0.310963,0.275442],[0.0440253,-0.731489,0.68043]],"armWidth":69.943,"confidence":1,"direction":[0.278567,0.324955,-0.903773],"elbow":[118.783,44.7482,309.487],"grabAngle":2.76911,"grabStrength":0,"id":42,"palmNormal":[-0.885184,-0.278231,-0.372876],"palmPosition":[117.89,284.026,51.9692],"palmVelocity":[-390.393,-61.181,-60.0125],"palmWidth":93.5895,"pinchDistance":54.16,"pinchStrength":0.490342,"r":[[0.994658,0.103012,0.0066728],[-0.103026,0.994677,0.00171741],[-0.00646037,-0.0023957,0.999976]],"s":0.965878,"sphereCenter":[90.2526,270.157,19.8316],"sphereRadius":45.1426,"stabilizedPalmPosition":[117.916,284.03,51.973],"t":[-3.47586,77.5481,26.4917],"timeVisible":5.78457,"type":"right","wrist":[106.557,247.893,120.522]}],"id":20013,"interactionBox":{"center":[0,200,0],"size":[235.247,235.247,147.751]},"pointables":[{"bases":[[[0.414108,-0.836484,-0.358901],[0.906846,0.345185,0.241822],[-0.0783928,-0.425608,0.901506]],[[0.39187,-0.901777,-0.182307],[0.917884,0.396703,0.010714],[0.0626601,-0.171535,0.983183]],[[0.39187,-0.901777,-0.182307],[0.910296,0.408774,-0.0653045],[0.133412,-0.140362,0.981071]],[[0.39187,-0.901777,-0.182307],[0.910296,0.408774,-0.0653045],[0.133412,-0.140362,0.981071]]],"btipPosition":[109.456,329.072,-45.4571],"carpPosition":[111.493,284.07,103.186],"dipPosition":[111.672,326.74,-29.159],"direction":[-0.133412,0.140362,-0.981071],"extended":true,"handId":42,"id":421,"length":57.1794,"mcpPosition":[117.425,316.276,34.9679],"pipPosition":[114.807,323.442,-6.10263],"stabilizedTipPosition":[110.017,328.54,-41.7046],"timeVisible":5.78457,"tipPosition":[112.136,328.545,-41.2981],"tipVelocity":[-500.312,-36.9022,-38.4726],"tool":false,"touchDistance":-0.286296,"touchZone":"touching","type":1,"width":21.8186},{"bases":[[[0.996033,-0.0514506,0.0725957],[-0.0127348,0.725045,0.688584],[-0.0880632,-0.686777,0.721514]],[[0.992506,0.0928625,-0.079424],[-0.0643481,0.949747,0.306332],[0.103879,-0.298925,0.948606]],[[0.992506,0.0928625,-0.079424],[-0.0938059,0.995557,-0.00822254],[0.0783075,0.0156114,0.996807]],[[0.992506,0.0928625,-0.079424],[-0.11483,0.931042,-0.346375],[0.0417818,0.3529,0.934728]]],"btipPosition":[78.6525,289.196,4.35605],"carpPosition":[87.5329,282.396,107.377],"dipPosition":[79.6033,297.226,25.6264],"direction":[-0.0783075,-0.0156114,-0.996807],"extended":false,"handId":42,"id":420,"length":50.6735,"mcpPosition":[87.5329,282.396,107.377],"pipPosition":[82.1993,297.744,58.6722],"stabilizedTipPosition":[78.8751,291.042,9.24834],"timeVisible":5.78457,"tipPosition":[78.2118,293.521,9.78171],"tipVelocity":[-440.473,40.4967,-11.8544],"tool":false,"touchDistance":-0.21138,"touchZone":"touching","type":0,"width":22.8419},{"bases":[[[0.239006,-0.932802,-0.269735],[0.961859,0.18937,0.197398],[-0.133053,-0.306626,0.942485]],[[0.230597,-0.94951,-0.212735],[0.273639,0.273083,-0.922251],[0.933781,0.154456,0.322795]],[[0.230597,-0.94951,-0.212735],[-0.904003,-0.128165,-0.407863],[0.360004,0.286365,-0.887914]],[[0.230597,-0.94951,-0.212735],[-0.928905,-0.279914,0.242452],[-0.289758,0.141702,-0.946552]]],"btipPosition":[79.4425,278.71,57.6499],"carpPosition":[118.316,274.452,98.5666],"dipPosition":[74.1481,281.299,40.3548],"direction":[-0.360004,-0.286365,0.887914],"extended":false,"handId":42,"id":422,"length":65.1514,"mcpPosition":[127.864,296.456,30.9328],"pipPosition":[84.102,289.217,15.8047],"stabilizedTipPosition":[80.6084,279.278,53.4215],"timeVisible":5.78457,"tipPosition":[76.9408,279.745,50.3789],"tipVelocity":[-376.743,-4.47586,33.0134],"tool":false,"touchDistance":0.333333,"touchZone":"none","type":2,"width":21.4287},{"bases":[[[0.143627,-0.979361,-0.142209],[0.971746,0.112371,0.207566],[-0.187301,-0.168003,0.967829]],[[0.1546,-0.967525,-0.199988],[0.279412,0.236975,-0.930469],[0.947643,0.0879716,0.306974]],[[0.1546,-0.967525,-0.199988],[-0.907266,-0.0588987,-0.416413],[0.391111,0.24582,-0.886908]],[[0.1546,-0.967525,-0.199988],[-0.942751,-0.205012,0.263042],[-0.295499,0.147872,-0.943829]]],"btipPosition":[88.058,260.852,59.9051],"carpPosition":[122.325,263.157,94.5625],"dipPosition":[82.6898,263.538,42.7588],"direction":[-0.391111,-0.24582,0.886908],"extended":false,"handId":42,"id":423,"length":62.6448,"mcpPosition":[134.392,273.981,32.2057],"pipPosition":[93.2244,270.16,18.8699],"stabilizedTipPosition":[88.2603,261.518,55.9348],"timeVisible":5.78457,"tipPosition":[85.0203,262.497,54.0023],"tipVelocity":[-399.848,-16.6717,3.82696],"tool":false,"touchDistance":0.333333,"touchZone":"none","type":3,"width":20.3908},{"bases":[[[-0.0415642,-0.997237,-0.0615651],[0.961864,-0.0566107,0.267605],[-0.270351,-0.0480945,0.96156]],[[-0.00784939,-0.983658,-0.179875],[0.370725,0.1642,-0.914112],[0.928709,-0.0738596,0.363378]],[[-0.00784939,-0.983658,-0.179875],[-0.844275,0.102912,-0.525937],[0.535853,0.147736,-0.831286]],[[-0.00784939,-0.983658,-0.179875],[-0.992739,-0.0139268,0.119481],[-0.120033,0.179507,-0.976406]]],"btipPosition":[95.4201,248.778,53.6329],"carpPosition":[119.404,249.188,91.3021],"dipPosition":[93.4084,251.786,37.2688],"direction":[-0.535853,-0.147736,0.831286],"extended":false,"handId":42,"id":424,"length":49.1123,"mcpPosition":[135.528,252.056,33.953],"pipPosition":[103.599,254.596,21.46],"stabilizedTipPosition":[95.7306,249.517,49.8986],"timeVisible":5.78457,"tipPosition":[94.2661,250.788,49.0203],"tipVelocity":[-435.197,-28.4396,-18.579],"tool":false,"touchDistance":0.333333,"touchZone":"none","type":4,"width":18.1127}],"r":[[0.994658,0.103012,0.0066728],[-0.103026,0.994677,0.00171741],[-0.00646037,-0.0023957,0.999976]],"s":0.965878,"t":[-3.47586,77.5481,26.4917],"timestamp":629538087444},{"currentFrameRate":55.3284,"devices":[],"gestures":[],"hands":[{"armBasis":[[0.394141,-0.611875,-0.685757],[0.917205,0.309139,0.251334],[0.0582089,-0.72804,0.683059]],"armWidth":69.943,"confidence":1,"direction":[0.26248,0.323521,-0.909087],"elbow":[116.325,44.9763,309.525],"grabAngle":2.7808,"grabStrength":0,"id":42,"palmNormal":[-0.893383,-0.274551,-0.355651],"palmPosition":[110.274,283.187,51.0243],"palmVelocity":[-421.52,-46.4534,-52.2936],"palmWidth":93.5895,"pinchDistance":53.7777,"pinchStrength":0.476666,"r":[[0.995875,0.0905949,-0.00499026],[-0.090559,0.995866,0.00700225],[0.005604,-0.00652146,0.999963]],"s":0.967851,"sphereCenter":[81.8305,270.237,19.6999],"sphereRadius":44.8824,"stabilizedPalmPosition":[110.297,283.189,51.0271],"t":[-10.1434,76.6864,25.6148],"timeVisible":5.80264,"type":"right","wrist":[100.159,247.163,119.83]}],"id":20014,"interactionBox":{"center":[0,200,0],"size":[235.247,235.247,147.751]},"pointables":[{"bases":[[[0.403546,-0.838339,-0.366521],[0.912801,0.341377,0.224181],[-0.0628176,-0.425028,0.902998]],[[0.385087,-0.902251,-0.19404],[0.918021,0.396044,-0.0196478],[0.0945756,-0.170567,0.980797]],[[0.385087,-0.902251,-0.19404],[0.910111,0.406125,-0.0822256],[0.152993,-0.144934,0.977542]],[[0.385087,-0.902251,-0.19404],[0.910111,0.406125,-0.0822256],[0.152993,-0.144934,0.977542]]],"btipPosition":[99.531,328.373,-46.1599],"carpPosition":[104.865,283.271,102.355],"dipPosition":[102.073,325.965,-29.9204],"direction":[-0.152993,0.144934,-0.977542],"extended":true,"handId":42,"id":421,"length":57.1794,"mcpPosition":[109.619,315.434,34.0239],"pipPosition":[105.668,322.559,-6.94694],"stabilizedTipPosition":[100.153,327.822,-42.422],"timeVisible":5.80264,"tipPosition":[102.799,327.71,-42.1424],"tipVelocity":[-545.161,-39.6673,-39.6407],"tool":false,"touchDistance":-0.296743,"touchZone":"touching","type":1,"width":21.8186},{"bases":[[[0.997019,-0.055681,0.0534063],[0.00362751,0.725277,0.688448],[-0.0770678,-0.686202,0.723317]],[[0.991297,0.087991,-0.0979214],[-0.0544856,0.951341,0.303285],[0.119843,-0.29531,0.947855]],[[0.991297,0.087991,-0.0979214],[-0.0892441,0.995974,-0.00848299],[0.0967807,0.0171481,0.995158]],[[0.991297,0.087991,-0.0979214],[-0.116685,0.931671,-0.344055],[0.0609567,0.352487,0.933829]]],"btipPosition":[70.2349,288.274,4.10013],"carpPosition":[80.9837,281.701,107.008],"dipPosition":[71.622,296.295,25.35],"direction":[-0.0967807,-0.0171481,-0.995158],"extended":false,"handId":42,"id":420,"length":50.6735,"mcpPosition":[80.9837,281.701,107.008],"pipPosition":[74.8305,296.863,58.3412],"stabilizedTipPosition":[70.5566,290.119,8.98769],"timeVisible":5.80264,"tipPosition":[69.8435,292.793,9.59524],"tipVelocity":[-460.332,-51.1544,-14.4246],"tool":false,"touchDistance":-0.240262,"touchZone":"touching","type":0,"width":22.8419},{"bases":[[[0.229786,-0.933885,-0.273964],[0.966283,0.185317,0.178759],[-0.11617,-0.305803,0.944981]],[[0.222406,-0.950542,-0.216806],[0.245451,0.269804,-0.931107],[0.943551,0.153869,0.293318]],[[0.222406,-0.950542,-0.216806],[-0.915632,-0.127259,-0.381344],[0.334893,0.283328,-0.89865]],[[0.222406,-0.950542,-0.216806],[-0.91952,-0.278424,0.277423],[-0.324066,0.137657,-0.935966]]],"btipPosition":[72.3354,278.008,57.9973],"carpPosition":[111.558,273.623,97.6083],"dipPosition":[66.4141,280.523,40.8956],"direction":[-0.334893,-0.283328,0.89865],"extended":false,"handId":42,"id":422,"length":65.1514,"mcpPosition":[119.894,295.568,29.7953],"pipPosition":[75.6736,288.357,16.0487],"stabilizedTipPosition":[71.5653,278.629,54.0245],"timeVisible":5.80264,"tipPosition":[69.3567,279.059,50.3904],"tipVelocity":[-401.335,-39.8077,21.6895],"tool":false,"touchDistance":0.333333,"touchZone":"none","type":2,"width":21.4287},{"bases":[[[0.136685,-0.980003,-0.144607],[0.976035,0.108279,0.188762],[-0.169329,-0.166943,0.971318]],[[0.146593,-0.968229,-0.202591],[0.255402,0.234906,-0.937864],[0.955657,0.0857422,0.281723]],[[0.146593,-0.968229,-0.202591],[-0.91955,-0.0578947,-0.388685],[0.364608,0.243271,-0.898822]],[[0.146593,-0.968229,-0.202591],[-0.933037,-0.203365,0.29679],[-0.328561,0.145518,-0.933205]]],"btipPosition":[80.9815,260.145,59.8744],"carpPosition":[115.44,262.31,93.5316],"dipPosition":[75.0126,262.789,42.9211],"direction":[-0.364608,-0.243271,0.898822],"extended":false,"handId":42,"id":423,"length":62.6448,"mcpPosition":[126.35,273.066,30.95],"pipPosition":[84.8333,269.341,18.7113],"stabilizedTipPosition":[79.8416,260.774,55.974],"timeVisible":5.80264,"tipPosition":[77.4375,261.762,53.7784],"tipVelocity":[-399.309,-39.6565,0.754085],"tool":false,"touchDistance":0.333333,"touchZone":"none","type":3,"width":20.3908},{"bases":[[[-0.0469922,-0.997067,-0.0604037],[0.966593,-0.060643,0.249039],[-0.251972,-0.0466829,0.966608]],[[-0.0156179,-0.983738,-0.17893],[0.350319,0.162226,-0.922475],[0.9365,-0.0770898,0.342088]],[[-0.0156179,-0.983738,-0.17893],[-0.85931,0.1047,-0.500624],[0.511217,0.145938,-0.846971]],[[-0.0156179,-0.983738,-0.17893],[-0.9885,-0.0117283,0.150762],[-0.150409,0.179227,-0.972242]]],"btipPosition":[88.027,248.008,53.3232],"carpPosition":[112.397,248.353,90.333],"dipPosition":[85.5062,251.012,37.0288],"direction":[-0.511217,-0.145938,0.846971],"extended":false,"handId":42,"id":424,"length":49.1123,"mcpPosition":[127.425,251.137,32.6828],"pipPosition":[95.2281,253.788,20.9217],"stabilizedTipPosition":[87.4822,248.703,49.5769],"timeVisible":5.80264,"tipPosition":[86.479,250.018,48.5666],"tipVelocity":[-415.665,-42.6308,-16.2546],"tool":false,"touchDistance":0.333333,"touchZone":"none","type":4,"width":18.1127}],"r":[[0.995875,0.0905949,-0.00499026],[-0.090559,0.995866,0.00700225],[0.005604,-0.00652146,0.999963]],"s":0.967851,"t":[-10.1434,76.6864,25.6148],"timestamp":629538105512},{"currentFrameRate":55.3294,"devices":[],"gestures":[],"hands":[{"armBasis":[[0.363837,-0.62292,-0.692526],[0.928479,0.302,0.216155],[0.0744959,-0.721641,0.688247]],"armWidth":69.943,"confidence":1,"direction":[0.244117,0.316643,-0.916594],"elbow":[113.645,45.7843,310.237],"grabAngle":2.79467,"grabStrength":0,"id":42,"palmNormal":[-0.905174,-0.264735,-0.33253],"palmPosition":[101.73,281.767,49.8741],"palmVelocity":[-472.87,-78.5373,-63.6534],"palmWidth":93.5895,"pinchDistance":53.1781,"pinchStrength":0.463179,"r":[[0.996751,0.0781898,-0.0193204],[-0.0779935,0.996896,0.0107136],[0.0200982,-0.00917191,0.999756]],"s":0.96969,"sphereCenter":[72.3228,268.666,19.2987],"sphereRadius":44.9771,"stabilizedPalmPosition":[101.752,281.771,49.8772],"t":[-17.7496,75.5459,24.6013],"timeVisible":5.8207,"type":"right","wrist":[92.957,246.194,119.102]}],"id":20015,"interactionBox":{"center":[0,200,0],"size":[235.247,235.247,147.751]},"pointables":[{"bases":[[[0.383996,-0.844757,-0.372737],[0.922191,0.330797,0.200342],[-0.0459401,-0.420666,0.906052]],[[0.369203,-0.907252,-0.201454],[0.919858,0.387644,-0.0599472],[0.132479,-0.163176,0.977662]],[[0.369203,-0.907252,-0.201454],[0.910966,0.396196,-0.114757],[0.183929,-0.141149,0.972752]],[[0.369203,-0.907252,-0.201454],[0.910966,0.396196,-0.114757],[0.183929,-0.141149,0.972752]]],"btipPosition":[88.146,326.432,-47.102],"carpPosition":[97.5818,282.121,101.321],"dipPosition":[91.2015,324.087,-30.942],"direction":[-0.183929,0.141149,-0.972752],"extended":true,"handId":42,"id":421,"length":57.1794,"mcpPosition":[101.058,313.954,32.7587],"pipPosition":[95.5241,320.77,-8.08116],"stabilizedTipPosition":[88.8795,325.898,-43.3826],"timeVisible":5.8207,"tipPosition":[92.2868,326.007,-43.2767],"tipVelocity":[-623.506,-106.612,-53.1495],"tool":false,"touchDistance":-0.309808,"touchZone":"touching","type":1,"width":21.8186},{"bases":[[[0.99726,-0.0679509,0.0292379],[0.0295097,0.727867,0.685083],[-0.0678333,-0.682343,0.727878]],[[0.989537,0.0755639,-0.122907],[-0.0351069,0.952382,0.30288],[0.139941,-0.295396,0.94507]],[[0.989537,0.0755639,-0.122907],[-0.0769667,0.997011,-0.00669929],[0.122033,0.0160889,0.992396]],[[0.989537,0.0755639,-0.122907],[-0.113738,0.932679,-0.342305],[0.0887668,0.352703,0.931516]]],"btipPosition":[60.5531,287.475,3.94263],"carpPosition":[73.8037,280.868,106.563],"dipPosition":[62.573,295.501,25.1399],"direction":[-0.122033,-0.0160889,-0.992396],"extended":false,"handId":42,"id":420,"length":50.6735,"mcpPosition":[73.8037,280.868,106.563],"pipPosition":[66.6186,296.035,58.0394],"stabilizedTipPosition":[61.0195,289.322,8.81803],"timeVisible":5.8207,"tipPosition":[60.4296,291.67,9.39465],"tipVelocity":[-527.743,-44.112,-9.38646],"tool":false,"touchDistance":-0.260374,"touchZone":"touching","type":0,"width":22.8419},{"bases":[[[0.211384,-0.937756,-0.275555],[0.972602,0.173902,0.154286],[-0.0967628,-0.300619,0.948823]],[[0.205201,-0.954095,-0.218164],[0.21442,0.261317,-0.941136],[0.954943,0.146343,0.2582]],[[0.205201,-0.954095,-0.218164],[-0.928301,-0.119111,-0.352237],[0.310082,0.274801,-0.910128]],[[0.205201,-0.954095,-0.218164],[-0.9092,-0.26834,0.318354],[-0.362282,0.133028,-0.922527]]],"btipPosition":[64.2709,277.057,58.2837],"carpPosition":[104.035,272.371,96.4527],"dipPosition":[57.6513,279.488,41.4275],"direction":[-0.310082,-0.274801,0.910128],"extended":false,"handId":42,"id":422,"length":65.1514,"mcpPosition":[110.979,293.944,28.3641],"pipPosition":[66.2248,287.086,16.2633],"stabilizedTipPosition":[62.7693,277.618,54.4059],"timeVisible":5.8207,"tipPosition":[60.8365,278.13,50.4172],"tipVelocity":[-455.182,-53.6973,18.9731],"tool":false,"touchDistance":0.333333,"touchZone":"none","type":2,"width":21.4287},{"bases":[[[0.120916,-0.982197,-0.143766],[0.981638,0.0967879,0.164372],[-0.147531,-0.161001,0.975865]],[[0.129545,-0.970775,-0.202024],[0.228484,0.227483,-0.946597],[0.96489,0.0764678,0.251276]],[[0.129545,-0.970775,-0.202024],[-0.932925,-0.0502961,-0.35654],[0.335959,0.234661,-0.912176]],[[0.129545,-0.970775,-0.202024],[-0.921572,-0.193068,0.336795],[-0.365956,0.14255,-0.91965]]],"btipPosition":[72.8628,259.136,59.816],"carpPosition":[107.676,260.995,92.3301],"dipPosition":[66.2145,261.725,43.109],"direction":[-0.335959,-0.234661,0.912176],"extended":false,"handId":42,"id":423,"length":62.6448,"mcpPosition":[117.181,271.368,29.4556],"pipPosition":[75.2636,268.046,18.5395],"stabilizedTipPosition":[71.3353,259.732,55.9734],"timeVisible":5.8207,"tipPosition":[68.7945,260.732,53.6031],"tipVelocity":[-457.938,-56.5534,-0.0935529],"tool":false,"touchDistance":0.333333,"touchZone":"none","type":3,"width":20.3908},{"bases":[[[-0.0608401,-0.99663,-0.0550235],[0.971579,-0.0717648,0.225576],[-0.228764,-0.0397356,0.972671]],[[-0.0323521,-0.984252,-0.173787],[0.325051,0.154064,-0.933063],[0.945143,-0.0866761,0.314948]],[[-0.0323521,-0.984252,-0.173787],[-0.874744,0.111998,-0.471466],[0.483505,0.136766,-0.864591]],[[-0.0323521,-0.984252,-0.173787],[-0.982798,-0.000304874,0.184684],[-0.181829,0.176772,-0.967311]]],"btipPosition":[79.3845,246.85,53.0801],"carpPosition":[104.382,247.064,89.2659],"dipPosition":[76.3371,249.813,36.8683],"direction":[-0.483505,-0.136766,0.864591],"extended":false,"handId":42,"id":424,"length":49.1123,"mcpPosition":[118.026,249.434,31.2541],"pipPosition":[85.5321,252.414,20.4261],"stabilizedTipPosition":[78.686,247.532,49.3514],"timeVisible":5.8207,"tipPosition":[77.4968,248.861,48.1652],"tipVelocity":[-484.978,-64.6018,-12.4041],"tool":false,"touchDistance":0.333333,"touchZone":"none","type":4,"width":18.1127}],"r":[[0.996751,0.0781898,-0.0193204],[-0.0779935,0.996896,0.0107136],[0.0200982,-0.00917191,0.999756]],"s":0.96969,"t":[-17.7496,75.5459,24.6013],"timestamp":629538123582},{"currentFrameRate":55.3177,"devices":[],"gestures":[],"hands":[{"armBasis":[[0.330303,-0.633172,-0.699995],[0.939337,0.293146,0.178078],[0.0924465,-0.716351,0.691589]],"armWidth":69.943,"confidence":1,"direction":[0.215145,0.304316,-0.927957],"elbow":[111.456,45.7338,311.067],"grabAngle":2.80681,"grabStrength":0,"id":42,"palmNormal":[-0.919552,-0.256835,-0.297423],"palmPosition":[92.4893,279.449,49.1445],"palmVelocity":[-510.005,-127.975,-40.2713],"palmWidth":93.5895,"pinchDistance":52.8653,"pinchStrength":0.46329,"r":[[0.997109,0.0657746,-0.0380485],[-0.0653621,0.99779,0.011988],[0.0387529,-0.00946642,0.999204]],"s":0.970163,"sphereCenter":[61.6975,266.353,19.8276],"sphereRadius":44.9126,"stabilizedPalmPosition":[92.5063,279.453,49.1458],"t":[-26.1728,73.8164,23.7297],"timeVisible":5.83882,"type":"right","wrist":[85.7827,244.674,119.004]}],"id":20016,"interactionBox":{"center":[0,200,0],"size":[235.247,235.247,147.751]},"pointables":[{"bases":[[[0.360297,-0.853176,-0.377195],[0.93265,0.321341,0.164026],[-0.0187349,-0.410889,0.911493]],[[0.351001,-0.913317,-0.206519],[0.919699,0.377699,-0.107223],[0.175931,-0.1523,0.97255]],[[0.351001,-0.913317,-0.206519],[0.906982,0.386437,-0.167481],[0.23277,-0.128523,0.964002]],[[0.351001,-0.913317,-0.206519],[0.906982,0.386437,-0.167481],[0.23277,-0.128523,0.964002]]],"btipPosition":[74.9103,322.984,-47.5707],"carpPosition":[90.1791,280.374,100.699],"dipPosition":[78.7772,320.849,-31.5561],"direction":[-0.23277,0.128523,-0.964002],"extended":true,"handId":42,"id":421,"length":57.1794,"mcpPosition":[91.5968,311.466,31.7254],"pipPosition":[84.2476,317.828,-8.90086],"stabilizedTipPosition":[75.8219,322.499,-43.8865],"timeVisible":5.83882,"tipPosition":[79.9652,322.834,-44.0612],"tipVelocity":[-720.227,-187.652,-27.7137],"tool":false,"touchDistance":-0.314693,"touchZone":"touching","type":1,"width":21.8186},{"bases":[[[0.996779,-0.080015,-0.00542112],[0.0626232,0.734329,0.675899],[-0.0501012,-0.674061,0.736974]],[[0.985412,0.0618852,-0.158535],[-0.0129212,0.956059,0.292889],[0.169694,-0.286568,0.942912]],[[0.985412,0.0618852,-0.158535],[-0.0654903,0.997698,-0.0176124],[0.15708,0.027738,0.987196]],[[0.985412,0.0618852,-0.158535],[-0.114619,0.92992,-0.349444],[0.1258,0.362517,0.923448]]],"btipPosition":[49.8063,285.013,4.64048],"carpPosition":[66.5892,279.469,106.794],"dipPosition":[52.669,293.262,25.6541],"direction":[-0.15708,-0.027738,-0.987196],"extended":false,"handId":42,"id":420,"length":50.6735,"mcpPosition":[66.5892,279.469,106.794],"pipPosition":[57.8765,294.182,58.3813],"stabilizedTipPosition":[50.4664,286.911,9.47352],"timeVisible":5.83882,"tipPosition":[49.9043,289.422,10.0455],"tipVelocity":[-582.454,-133.071,36.1866],"tool":false,"touchDistance":-0.266267,"touchZone":"touching","type":0,"width":22.8419},{"bases":[[[0.190145,-0.943041,-0.27298],[0.979498,0.163376,0.117867],[-0.0665552,-0.289795,0.954772]],[[0.185811,-0.958722,-0.215237],[0.180934,0.24869,-0.951533],[0.965783,0.137862,0.219675]],[[0.185811,-0.958722,-0.215237],[-0.939597,-0.109283,-0.324369],[0.287458,0.262507,-0.921118]],[[0.185811,-0.958722,-0.215237],[-0.897306,-0.254825,0.360426],[-0.400396,0.126162,-0.907616]]],"btipPosition":[55.2192,275.268,58.9495],"carpPosition":[96.3375,270.496,95.7085],"dipPosition":[47.9033,277.573,42.3657],"direction":[-0.287458,-0.262507,0.921118],"extended":false,"handId":42,"id":422,"length":65.1514,"mcpPosition":[101.114,291.292,27.1929],"pipPosition":[55.8513,284.831,16.8976],"stabilizedTipPosition":[53.552,275.801,55.134],"timeVisible":5.83882,"tipPosition":[51.616,276.32,51.2066],"tipVelocity":[-508.434,-100.355,40.2044],"tool":false,"touchDistance":0.333333,"touchZone":"none","type":2,"width":21.4287},{"bases":[[[0.103895,-0.985023,-0.137605],[0.987959,0.0862616,0.128439],[-0.114645,-0.149293,0.982124]],[[0.110582,-0.974298,-0.19625],[0.196805,0.215017,-0.956575],[0.974187,0.0671572,0.215524]],[[0.110582,-0.974298,-0.19625],[-0.946068,-0.0426913,-0.321142],[0.30451,0.221178,-0.926474]],[[0.110582,-0.974298,-0.19625],[-0.90581,-0.18006,0.383518],[-0.408998,0.135355,-0.902441]]],"btipPosition":[63.9851,257.319,60.2878],"carpPosition":[99.6917,259.034,91.5795],"dipPosition":[56.555,259.778,43.8934],"direction":[-0.30451,-0.221179,0.926474],"extended":false,"handId":42,"id":423,"length":62.6448,"mcpPosition":[107.078,268.653,28.3017],"pipPosition":[64.757,265.735,18.9388],"stabilizedTipPosition":[62.2775,257.885,56.517],"timeVisible":5.83882,"tipPosition":[59.4968,258.848,54.292],"tipVelocity":[-499.917,-101.94,30.0066],"tool":false,"touchDistance":0.333333,"touchZone":"none","type":3,"width":20.3908},{"bases":[[[-0.0747498,-0.996304,-0.042328],[0.978055,-0.0815265,0.191733],[-0.194475,-0.0270671,0.980534]],[[-0.0503973,-0.985509,-0.161963],[0.291932,0.14055,-0.946056],[0.95511,-0.0949609,0.280618]],[[-0.0503973,-0.985509,-0.161963],[-0.892372,0.117256,-0.435802],[0.448478,0.122568,-0.88535]],[[-0.0503973,-0.985509,-0.161963],[-0.973336,0.0121296,0.229063],[-0.223779,0.169189,-0.959843]]],"btipPosition":[70.1076,244.828,53.576],"carpPosition":[96.1241,245.115,88.7809],"dipPosition":[66.3572,247.663,37.4894],"direction":[-0.448478,-0.122568,0.88535],"extended":false,"handId":42,"id":424,"length":49.1123,"mcpPosition":[107.723,246.729,30.3001],"pipPosition":[74.886,249.994,20.6524],"stabilizedTipPosition":[69.2469,245.48,49.876],"timeVisible":5.83882,"tipPosition":[67.8384,246.809,48.6612],"tipVelocity":[-520.951,-113.26,28.9601],"tool":false,"touchDistance":0.333333,"touchZone":"none","type":4,"width":18.1127}]