{"frames":39,"data":[{"currentFrameRate":55.3234,"devices":[],"gestures":[],"hands":[{"armBasis":[[-0.184897,-0.809953,-0.556587],[0.748867,0.250634,-0.613499],[0.636405,-0.530244,0.560206]],"armWidth":68.1948,"confidence":1,"direction":[-0.382543,0.442662,-0.810994],"elbow":[98.5563,23.2809,284.192],"grabAngle":1.1964,"grabStrength":0,"id":68,"palmNormal":[-0.921116,-0.114171,0.37217],"palmPosition":[-114.236,212.375,73.5008],"palmVelocity":[400.063,75.0825,-209.077],"palmWidth":93.486,"pinchDistance":26.3858,"pinchStrength":0.953183,"r":[[0.358686,-0.418349,0.834463],[0.668136,0.739342,0.0834699],[-0.651874,0.527595,0.544706]],"s":0.918852,"sphereCenter":[-188.843,194.737,72.9353],"sphereRadius":76.1534,"stabilizedPalmPosition":[-121.058,211.047,77.0914],"t":[22.3885,-77.9911,-5.15015],"timeVisible":14.0455,"type":"right","wrist":[-77.9866,170.374,128.787]}],"id":26083,"interactionBox":{"center":[0,200,0],"size":[235.247,235.247,147.751]},"pointables":[{"bases":[[[0.72019,-0.169393,-0.672779],[0.619297,0.59408,0.513362],[0.312725,-0.786369,0.532755]],[[0.518432,0.181633,-0.835606],[0.415332,0.800694,0.431727],[0.747481,-0.570875,0.339668]],[[0.518432,0.181633,-0.835606],[0.28453,0.884861,0.368869],[0.806394,-0.428989,0.40706]],[[0.518432,0.181633,-0.835606],[-0.0548125,0.98223,0.179497],[0.85336,-0.0472554,0.519175]]],"btipPosition":[-183.673,250.131,89.1738],"carpPosition":[-96.2515,204.584,133.512],"dipPosition":[-163.02,248.988,101.739],"direction":[-0.806394,0.428989,-0.40706],"extended":false,"handId":68,"id":680,"length":53.894,"mcpPosition":[-96.2515,204.584,133.512],"pipPosition":[-134.588,233.862,116.091],"stabilizedTipPosition":[-193.853,247.25,105.343],"timeVisible":14.0455,"tipPosition":[-174.845,257.542,94.4186],"tipVelocity":[377.281,111.325,-289.984],"tool":false,"touchDistance":0.335053,"touchZone":"hovering","type":0,"width":22.0525},{"bases":[[[-0.135359,-0.802441,-0.581178],[0.856781,0.199792,-0.475404],[0.497598,-0.562292,0.660472]],[[-0.146149,-0.790022,-0.595405],[0.483767,0.467917,-0.73961],[0.862908,-0.39613,0.313801]],[[-0.146149,-0.790022,-0.595405],[-0.376092,0.601047,-0.705193],[0.914984,0.120864,-0.384963]],[[-0.146149,-0.790022,-0.595405],[-0.795108,0.451908,-0.404453],[0.588594,0.414301,-0.694199]]],"btipPosition":[-191.769,254.134,71.4004],"carpPosition":[-82.5501,204.374,113.378],"dipPosition":[-181.369,261.454,59.135],"direction":[-0.914984,-0.120864,0.384963],"extended":false,"handId":68,"id":681,"length":60.8133,"mcpPosition":[-120.162,246.876,63.4544],"pipPosition":[-158.5,264.475,49.513],"stabilizedTipPosition":[-196.17,254.974,73.2173],"timeVisible":14.0455,"tipPosition":[-189.984,259.076,61.4626],"tipVelocity":[436.81,79.0314,-253.566],"tool":false,"touchDistance":0.333333,"touchZone":"none","type":1,"width":21.0646},{"bases":[[[-0.21095,-0.893254,-0.396985],[0.832279,0.0488605,-0.552199],[0.512651,-0.446889,0.73313]],[[-0.220919,-0.884359,-0.411222],[0.722074,0.135117,-0.678493],[0.655595,-0.446825,0.608723]],[[-0.220919,-0.884359,-0.411222],[0.320491,0.332397,-0.887016],[0.92113,-0.327752,0.209997]],[[-0.220919,-0.884359,-0.411222],[-0.0324943,0.42808,-0.903156],[0.974751,-0.186162,-0.123308]]],"btipPosition":[-198.502,262.582,18.2009],"carpPosition":[-83.0468,195.021,104.873],"dipPosition":[-179.559,258.965,15.8046],"direction":[-0.92113,0.327752,-0.209997],"extended":true,"handId":68,"id":682,"length":69.2919,"mcpPosition":[-119.795,227.055,52.3213],"pipPosition":[-152.472,249.327,21.9799],"stabilizedTipPosition":[-204.997,258.724,25.0955],"timeVisible":14.0455,"tipPosition":[-193.882,258.508,15.7083],"tipVelocity":[506.147,141.744,-317.661],"tool":false,"touchDistance":0.329958,"touchZone":"hovering","type":2,"width":20.6882},{"bases":[[[-0.195347,-0.950406,-0.242007],[0.830999,-0.0293541,-0.555499],[0.520846,-0.309623,0.795521]],[[-0.22932,-0.927882,-0.29402],[0.798041,-0.00629295,-0.60257],[0.557264,-0.372821,0.741931]],[[-0.22932,-0.927882,-0.29402],[0.521316,0.138008,-0.84213],[0.821974,-0.346395,0.452072]],[[-0.22932,-0.927882,-0.29402],[0.221604,0.244366,-0.944022],[0.947789,-0.281639,0.149584]]],"btipPosition":[-186.486,236.741,-2.56035],"carpPosition":[-85.3586,184.224,98.7585],"dipPosition":[-168.174,231.299,0.3298],"direction":[-0.821974,0.346395,-0.452072],"extended":true,"handId":68,"id":683,"length":66.626,"mcpPosition":[-118.879,204.15,47.5601],"pipPosition":[-144.627,221.376,13.2802],"stabilizedTipPosition":[-191.333,233.278,3.94803],"timeVisible":14.0455,"tipPosition":[-184.868,231.819,0.7204],"tipVelocity":[508.879,120.504,-298.81],"tool":false,"touchDistance":0.330218,"touchZone":"hovering","type":3,"width":19.6861},{"bases":[[[-0.268354,-0.961852,-0.0531745],[0.833228,-0.204058,-0.513898],[0.483443,-0.182213,0.856202]],[[-0.266673,-0.962479,-0.0502003],[0.744827,-0.172753,-0.644507],[0.611652,-0.209263,0.762949]],[[-0.266673,-0.962479,-0.0502003],[0.412663,-0.0669553,-0.90842],[0.870974,-0.262967,0.415035]],[[-0.266673,-0.962479,-0.0502003],[0.0853607,0.0282952,-0.995948],[0.96,-0.269877,0.0746123]]],"btipPosition":[-178.288,200.06,9.42343],"carpPosition":[-92.3935,171.424,98.0542],"dipPosition":[-161.176,195.25,10.7534],"direction":[-0.870974,0.262967,-0.415035],"extended":true,"handId":68,"id":684,"length":52.2336,"mcpPosition":[-121.195,182.279,47.0452],"pipPosition":[-143.56,189.931,19.1478],"stabilizedTipPosition":[-185.568,196.543,17.7798],"timeVisible":14.0455,"tipPosition":[-176.143,196.732,13.4227],"tipVelocity":[470.264,103.135,-297.756],"tool":false,"touchDistance":0.329984,"touchZone":"hovering","type":4,"width":17.4868}],"r":[[0.358686,-0.418349,0.834463],[0.668136,0.739342,0.0834699],[-0.651874,0.527595,0.544706]],"s":0.918852,"t":[22.3885,-77.9911,-5.15015],"timestamp":629654411124},{"currentFrameRate":55.2245,"devices":[],"gestures":[],"hands":[{"armBasis":[[-0.180772,-0.81247,-0.554268],[0.767822,0.235597,-0.595771],[0.614631,-0.533278,0.581243]],"armWidth":68.1948,"confidence":1,"direction":[-0.354994,0.449372,-0.819783],"elbow":[100.203,21.8962,287.459],"grabAngle":1.19192,"grabStrength":0,"id":68,"palmNormal":[-0.931544,-0.0961445,0.350687],"palmPosition":[-104.453,212.379,70.03],"palmVelocity":[530.24,0.241437,-188.122],"palmWidth":93.486,"pinchDistance":25.4045,"pinchStrength":0.976458,"r":[[0.340209,-0.420453,0.841116],[0.671573,0.734739,0.0956446],[-0.658215,0.532332,0.53233]],"s":0.923829,"sphereCenter":[-179.053,196.477,67.7632],"sphereRadius":75.7399,"stabilizedPalmPosition":[-107.475,212.137,71.3151],"t":[30.2556,-77.3074,-8.42752],"timeVisible":14.064,"type":"right","wrist":[-70.2997,169.831,126.218]}],"id":26084,"interactionBox":{"center":[0,200,0],"size":[235.247,235.247,147.751]},"pointables":[{"bases":[[[0.73223,-0.18371,-0.655812],[0.618536,0.582406,0.527463],[0.285048,-0.791867,0.540087]],[[0.5376,0.175902,-0.824648],[0.419827,0.792317,0.442696],[0.731253,-0.584203,0.352101]],[[0.5376,0.175902,-0.824648],[0.28862,0.880533,0.375978],[0.792265,-0.440136,0.422606]],[[0.5376,0.175902,-0.824648],[-0.0397874,0.982201,0.183571],[0.842261,-0.065877,0.53503]]],"btipPosition":[-173.843,251.361,84.5372],"carpPosition":[-88.0214,204.286,130.445],"dipPosition":[-153.459,249.766,97.486],"direction":[-0.792265,0.440136,-0.422606],"extended":false,"handId":68,"id":680,"length":53.894,"mcpPosition":[-88.0214,204.286,130.445],"pipPosition":[-125.525,234.248,112.386],"stabilizedTipPosition":[-181.092,249.185,96.1317],"timeVisible":14.064,"tipPosition":[-164.816,258.435,89.4474],"tipVelocity":[529.399,61.0154,-246.518],"tool":false,"touchDistance":0.331263,"touchZone":"hovering","type":0,"width":22.0525},{"bases":[[[-0.137257,-0.800097,-0.583956],[0.871288,0.182915,-0.455412],[0.471188,-0.571302,0.672008]],[[-0.147433,-0.787532,-0.598378],[0.494147,0.465425,-0.734302],[0.856786,-0.403947,0.320537]],[[-0.147433,-0.787532,-0.598378],[-0.375444,0.604269,-0.70278],[0.915044,0.121045,-0.384764]],[[-0.147433,-0.787532,-0.598378],[-0.784743,0.461387,-0.413885],[0.602031,0.408553,-0.686034]]],"btipPosition":[-181.052,254.684,67.3369],"carpPosition":[-73.8624,203.798,110.635],"dipPosition":[-170.415,261.902,55.2158],"direction":[-0.915044,-0.121045,0.384764],"extended":false,"handId":68,"id":681,"length":60.8133,"mcpPosition":[-109.478,246.981,59.8395],"pipPosition":[-147.544,264.928,45.5987],"stabilizedTipPosition":[-182.748,256.021,66.5937],"timeVisible":14.064,"tipPosition":[-178.952,260.133,56.9977],"tipVelocity":[583.828,28.511,-218.443],"tool":false,"touchDistance":0.333333,"touchZone":"none","type":1,"width":21.0646},{"bases":[[[-0.218845,-0.889307,-0.401547],[0.845673,0.032429,-0.532716],[0.48677,-0.456159,0.744966]],[[-0.22984,-0.878721,-0.418357],[0.73915,0.122031,-0.662394],[0.633112,-0.461473,0.621459]],[[-0.22984,-0.878721,-0.418357],[0.350995,0.326093,-0.877762],[0.907731,-0.348586,0.233477]],[[-0.22984,-0.878721,-0.418357],[0.00817512,0.428106,-0.903691],[0.973194,-0.211124,-0.0912122]]],"btipPosition":[-186.396,264.504,12.6536],"carpPosition":[-74.3415,194.45,102.124],"dipPosition":[-167.484,260.401,10.8811],"direction":[-0.907731,0.348586,-0.233477],"extended":true,"handId":68,"id":682,"length":69.2919,"mcpPosition":[-109.234,227.149,48.7231],"pipPosition":[-140.791,250.151,17.7468],"stabilizedTipPosition":[-191.201,261.631,17.3718],"timeVisible":14.064,"tipPosition":[-181.835,260.073,10.4293],"tipVelocity":[655.74,98.1051,-292.888],"tool":false,"touchDistance":0.330973,"touchZone":"hovering","type":2,"width":20.6882},{"bases":[[[-0.207951,-0.946639,-0.246234],[0.842962,-0.0457487,-0.536024],[0.496156,-0.319032,0.807494]],[[-0.239655,-0.923984,-0.298026],[0.809076,-0.0204049,-0.58735],[0.53662,-0.381887,0.752463]],[[-0.239655,-0.923984,-0.298026],[0.544307,0.126315,-0.829321],[0.803925,-0.360969,0.472659]],[[-0.239655,-0.923984,-0.298026],[0.25557,0.236104,-0.937518],[0.936616,-0.300847,0.179559]]],"btipPosition":[-174.57,238.025,-7.78554],"carpPosition":[-76.7182,183.695,95.9594],"dipPosition":[-156.474,232.213,-4.31623],"direction":[-0.803925,0.360969,-0.472659],"extended":true,"handId":68,"id":683,"length":66.626,"mcpPosition":[-108.65,204.227,43.9904],"pipPosition":[-133.444,221.872,9.22397],"stabilizedTipPosition":[-177.829,235.479,-3.10916],"timeVisible":14.064,"tipPosition":[-172.959,233.167,-4.40624],"tipVelocity":[643.165,64.9928,-275.988],"tool":false,"touchDistance":0.331066,"touchZone":"hovering","type":3,"width":19.6861},{"bases":[[[-0.285532,-0.956542,-0.0591457],[0.840857,-0.220434,-0.494337],[0.459816,-0.190882,0.867256]],[[-0.281489,-0.958179,-0.0515383],[0.752261,-0.187014,-0.631766],[0.595707,-0.216606,0.773444]],[[-0.281489,-0.958179,-0.0515383],[0.430262,-0.0780275,-0.899326],[0.857694,-0.275325,0.434232]],[[-0.281489,-0.958179,-0.0515383],[0.119211,0.0183738,-0.992699],[0.952131,-0.285578,0.109053]]],"btipPosition":[-167.475,200.984,4.41992],"carpPosition":[-83.9803,171.033,95.0952],"dipPosition":[-150.504,195.893,6.36377],"direction":[-0.857694,0.275325,-0.434232],"extended":true,"handId":68,"id":684,"length":52.2336,"mcpPosition":[-111.374,182.405,43.4277],"pipPosition":[-133.156,190.325,15.1465],"stabilizedTipPosition":[-172.778,198.444,10.2716],"timeVisible":14.064,"tipPosition":[-165.198,197.934,8.44598],"tipVelocity":[584.306,46.571,-263.54],"tool":false,"touchDistance":0.330901,"touchZone":"hovering","type":4,"width":17.4868}],"r":[[0.340209,-0.420453,0.841116],[0.671573,0.734739,0.0956446],[-0.658215,0.532332,0.53233]],"s":0.923829,"t":[30.2556,-77.3074,-8.42752],"timestamp":629654429574},{"currentFrameRate":55.3352,"devices":[],"gestures":[],"hands":[{"armBasis":[[-0.184407,-0.815234,-0.548987],[0.784911,0.214021,-0.581472],[0.59153,-0.538134,0.60042]],"armWidth":68.1948,"confidence":1,"direction":[-0.32033,0.44027,-0.83878],"elbow":[101.705,21.4984,289.954],"grabAngle":1.18795,"grabStrength":0,"id":68,"palmNormal":[-0.943833,-0.0725803,0.322352],"palmPosition":[-94.0162,212.945,65.4677],"palmVelocity":[590.034,32.0108,-257.916],"palmWidth":93.486,"pinchDistance":24.9232,"pinchStrength":0.987871,"r":[[0.318359,-0.420116,0.849794],[0.676162,0.728933,0.107054],[-0.664419,0.540517,0.516129]],"s":0.929536,"sphereCenter":[-169.225,197.801,61.1623],"sphereRadius":76.1362,"stabilizedPalmPosition":[-96.5145,212.795,66.5531],"t":[39.4077,-76.6824,-12.3473],"timeVisible":14.0817,"type":"right","wrist":[-62.3893,170.78,123.394]}],"id":26085,"interactionBox":{"center":[0,200,0],"size":[235.247,235.247,147.751]},"pointables":[{"bases":[[[0.749072,-0.209287,-0.628562],[0.612332,0.580869,0.536322],[0.252867,-0.786632,0.563266]],[[0.563977,0.154476,-0.811213],[0.42432,0.788536,0.445156],[0.708437,-0.595271,0.379169]],[[0.563977,0.154476,-0.811213],[0.297151,0.878582,0.373892],[0.770475,-0.451919,0.449598]],[[0.563977,0.154476,-0.811213],[-0.0181799,0.984432,0.174822],[0.82559,-0.083848,0.558006]]],"btipPosition":[-163.143,254.184,77.7118],"carpPosition":[-79.6624,205.691,126.515],"dipPosition":[-143.162,252.155,91.2166],"direction":[-0.770475,0.451919,-0.449598],"extended":false,"handId":68,"id":680,"length":53.894,"mcpPosition":[-79.6624,205.691,126.515],"pipPosition":[-115.996,236.221,107.069],"stabilizedTipPosition":[-169.069,251.602,87.9648],"timeVisible":14.0817,"tipPosition":[-154.353,260.049,82.0236],"tipVelocity":[599.702,153.961,-378.629],"tool":false,"touchDistance":0.329865,"touchZone":"hovering","type":0,"width":22.0525},{"bases":[[[-0.133677,-0.8083,-0.573395],[0.888566,0.15845,-0.430516],[0.43884,-0.567049,0.697047]],[[-0.143034,-0.795984,-0.588176],[0.51617,0.447069,-0.730547],[0.844458,-0.408092,0.346917]],[[-0.143034,-0.795984,-0.588176],[-0.364038,0.594937,-0.716607],[0.920335,0.111619,-0.374865]],[[-0.143034,-0.795984,-0.588176],[-0.770085,0.462813,-0.439058],[0.621699,0.390145,-0.679174]]],"btipPosition":[-169.571,255.883,60.4502],"carpPosition":[-64.8943,204.574,107.182],"dipPosition":[-158.586,262.776,48.4503],"direction":[-0.920335,-0.111619,0.374865],"extended":false,"handId":68,"id":681,"length":60.8133,"mcpPosition":[-98.0652,247.436,54.4933],"pipPosition":[-135.583,265.566,39.0806],"stabilizedTipPosition":[-171.22,257.084,60.0574],"timeVisible":14.0817,"tipPosition":[-167.146,261.491,49.781],"tipVelocity":[653.576,63.5688,-387.749],"tool":false,"touchDistance":0.333333,"touchZone":"none","type":1,"width":21.0646},{"bases":[[[-0.222666,-0.892568,-0.392099],[0.862593,0.0070279,-0.505849],[0.45426,-0.450858,0.768359]],[[-0.233829,-0.881148,-0.410977],[0.760237,0.0978047,-0.642241],[0.606105,-0.462615,0.647012]],[[-0.233829,-0.881148,-0.410977],[0.38643,0.303651,-0.870901],[0.892186,-0.362456,0.269499]],[[-0.233829,-0.881148,-0.410977],[0.0539014,0.410297,-0.910358],[0.970782,-0.235021,-0.0484443]]],"btipPosition":[-173.153,265.681,4.51981],"carpPosition":[-65.2788,195.078,98.8307],"dipPosition":[-154.288,261.114,3.57839],"direction":[-0.892186,0.362456,-0.269499],"extended":true,"handId":68,"id":682,"length":69.2919,"mcpPosition":[-97.841,227.396,43.7533],"pipPosition":[-128.052,250.455,11.5034],"stabilizedTipPosition":[-177.752,263.433,9.52067],"timeVisible":14.0817,"tipPosition":[-168.564,260.96,2.58335],"tipVelocity":[748.061,60.4968,-449.018],"tool":false,"touchDistance":0.329974,"touchZone":"hovering","type":2,"width":20.6882},{"bases":[[[-0.217779,-0.94716,-0.235499],[0.858522,-0.071136,-0.507819],[0.464233,-0.312773,0.82865]],[[-0.246086,-0.925992,-0.286321],[0.822252,-0.0430452,-0.567494],[0.51317,-0.375081,0.771991]],[[-0.246086,-0.925992,-0.286321],[0.568817,0.101211,-0.816213],[0.784786,-0.363723,0.501814]],[[-0.246086,-0.925992,-0.286321],[0.290433,0.211383,-0.933256],[0.924711,-0.312819,0.21692]]],"btipPosition":[-161.596,238.177,-14.7755],"carpPosition":[-67.6605,184.254,92.7903],"dipPosition":[-143.73,232.133,-10.5844],"direction":[-0.784786,0.363723,-0.501814],"extended":true,"handId":68,"id":683,"length":66.626,"mcpPosition":[-97.5377,204.383,39.4598],"pipPosition":[-121.248,221.714,3.79103],"stabilizedTipPosition":[-164.527,236.334,-10.1077],"timeVisible":14.0817,"tipPosition":[-159.645,233.69,-11.5754],"tipVelocity":[730.463,5.57446,-385.775],"tool":false,"touchDistance":0.277689,"touchZone":"hovering","type":3,"width":19.6861},{"bases":[[[-0.301424,-0.952134,-0.0508438],[0.851816,-0.244939,-0.463048],[0.42843,-0.182883,0.884874]],[[-0.294588,-0.954916,-0.0367958],[0.764776,-0.212493,-0.608247],[0.573006,-0.207323,0.792894]],[[-0.294588,-0.954916,-0.0367958],[0.457167,-0.107013,-0.882919],[0.839176,-0.276919,0.468081]],[[-0.294588,-0.954916,-0.0367958],[0.165885,-0.0131791,-0.986057],[0.941116,-0.296584,0.162289]]],"btipPosition":[-155.352,201.075,-2.1452],"carpPosition":[-75.1279,171.712,91.9244],"dipPosition":[-138.577,195.789,0.747545],"direction":[-0.839176,0.276919,-0.468081],"extended":true,"handId":68,"id":684,"length":52.2336,"mcpPosition":[-100.652,182.607,39.2073],"pipPosition":[-121.604,190.188,10.2149],"stabilizedTipPosition":[-159.933,199.298,3.17925],"timeVisible":14.0817,"tipPosition":[-152.991,198.496,2.1287],"tipVelocity":[682.798,2.62022,-358.804],"tool":false,"touchDistance":0.277163,"touchZone":"hovering","type":4,"width":17.4868}],"r":[[0.318359,-0.420116,0.849794],[0.676162,0.728933,0.107054],[-0.664419,0.540517,0.516129]],"s":0.929536,"t":[39.4077,-76.6824,-12.3473],"timestamp":629654447263},{"currentFrameRate":55.3261,"devices":[],"gestures":[],"hands":[{"armBasis":[[-0.170818,-0.820628,-0.545335],[0.805614,0.202333,-0.556819],[0.567281,-0.534444,0.626547]],"armWidth":68.1948,"confidence":1,"direction":[-0.289475,0.430751,-0.854785],"elbow":[106.18,21.8758,295.318],"grabAngle":1.2046,"grabStrength":0,"id":68,"palmNormal":[-0.954558,-0.0637955,0.291115],"palmPosition":[-80.6075,211.703,62.0097],"palmVelocity":[740.566,-68.648,-190.988],"palmWidth":93.486,"pinchDistance":24.7223,"pinchStrength":0.992635,"r":[[0.294531,-0.417719,0.859513],[0.679556,0.723915,0.118954],[-0.671904,0.549052,0.497079]],"s":0.935113,"sphereCenter":[-156.434,194.262,54.2967],"sphereRadius":77.3279,"stabilizedPalmPosition":[-82.7982,211.853,62.6354],"t":[50.6881,-76.9914,-16.0363],"timeVisible":14.0998,"type":"right","wrist":[-51.1875,170.134,121.51]}],"id":26086,"interactionBox":{"center":[0,200,0],"size":[235.247,235.247,147.751]},"pointables":[{"bases":[[[0.76878,-0.22113,-0.600065],[0.596897,0.58491,0.549176],[0.229545,-0.780373,0.581659]],[[0.591637,0.141448,-0.793699],[0.426187,0.78081,0.456838],[0.684346,-0.608546,0.401673]],[[0.591637,0.141448,-0.793699],[0.290868,0.880731,0.373776],[0.751905,-0.452002,0.479931]],[[0.591637,0.141448,-0.793699],[-0.00395585,0.984986,0.172589],[0.806195,-0.0989702,0.583314]]],"btipPosition":[-149.484,254.724,71.9576],"carpPosition":[-68.3638,205.182,123.597],"dipPosition":[-129.973,252.329,86.0749],"direction":[-0.751905,0.452002,-0.479931],"extended":false,"handId":68,"id":680,"length":53.894,"mcpPosition":[-68.3638,205.182,123.597],"pipPosition":[-103.462,236.392,102.997],"stabilizedTipPosition":[-154.28,253.182,80.1253],"timeVisible":14.0998,"tipPosition":[-141.546,258.868,75.8407],"tipVelocity":[748.388,25.1948,-310.023],"tool":false,"touchDistance":0.292741,"touchZone":"hovering","type":0,"width":22.0525},{"bases":[[[-0.118464,-0.81511,-0.567065],[0.903431,0.148502,-0.402193],[0.412041,-0.559949,0.718804]],[[-0.122472,-0.809617,-0.57404],[0.550448,0.425872,-0.718081],[0.825838,-0.403924,0.393494]],[[-0.122472,-0.809617,-0.57404],[-0.370582,0.573865,-0.730306],[0.92069,0.123286,-0.370312]],[[-0.122472,-0.809617,-0.57404],[-0.782087,0.434818,-0.446401],[0.611016,0.394277,-0.686444]]],"btipPosition":[-154.6,253.962,54.3603],"carpPosition":[-52.9567,203.739,104.791],"dipPosition":[-143.805,260.929,42.232],"direction":[-0.92069,-0.123286,0.370312],"extended":false,"handId":68,"id":681,"length":60.8133,"mcpPosition":[-84.102,246.065,50.4582],"pipPosition":[-120.792,264.01,32.9761],"stabilizedTipPosition":[-156.432,255.908,53.4879],"timeVisible":14.0998,"tipPosition":[-152.841,259.973,43.947],"tipVelocity":[824.425,-105.159,-337.975],"tool":false,"touchDistance":0.333333,"touchZone":"none","type":1,"width":21.0646},{"bases":[[[-0.213972,-0.89656,-0.38781],[0.879224,-0.0037699,-0.476393],[0.425653,-0.442907,0.789084]],[[-0.221302,-0.888766,-0.401399],[0.782454,0.0838464,-0.617038],[0.582058,-0.450628,0.676863]],[[-0.221302,-0.888766,-0.401399],[0.410503,0.288464,-0.86503],[0.884598,-0.356208,0.301003]],[[-0.221302,-0.888766,-0.401399],[0.0730885,0.395331,-0.915626],[0.972463,-0.231968,-0.022529]]],"btipPosition":[-157.543,263.329,-2.15876],"carpPosition":[-53.1086,194.137,96.5556],"dipPosition":[-138.645,258.821,-2.59657],"direction":[-0.884598,0.356208,-0.301003],"extended":true,"handId":68,"id":682,"length":69.2919,"mcpPosition":[-83.6201,225.885,39.9927],"pipPosition":[-112.633,248.347,6.25482],"stabilizedTipPosition":[-161.346,262.671,1.65021],"timeVisible":14.0998,"tipPosition":[-152.754,259.377,-3.90614],"tipVelocity":[862.559,-129.133,-362.462],"tool":false,"touchDistance":0.298755,"touchZone":"hovering","type":2,"width":20.6882},{"bases":[[[-0.214669,-0.949113,-0.230439],[0.874811,-0.0819324,-0.477486],[0.434307,-0.304092,0.847883]],[[-0.237034,-0.931956,-0.274359],[0.840239,-0.0549036,-0.53943],[0.487661,-0.35839,0.79608]],[[-0.237034,-0.931956,-0.274359],[0.590241,0.0861604,-0.802616],[0.771642,-0.352185,0.529656]],[[-0.237034,-0.931956,-0.274359],[0.312804,0.194154,-0.929762],[0.919766,-0.306206,0.245499]]],"btipPosition":[-145.701,235.381,-20.6874],"carpPosition":[-55.3415,183.246,90.5789],"dipPosition":[-127.93,229.465,-15.9441],"direction":[-0.771642,0.352185,-0.529656],"extended":true,"handId":68,"id":683,"length":66.626,"mcpPosition":[-83.2928,202.817,36.0106],"pipPosition":[-105.825,219.376,-0.77111],"stabilizedTipPosition":[-147.963,234.661,-16.967],"timeVisible":14.0998,"tipPosition":[-143.38,231.876,-17.5929],"tipVelocity":[876.704,-152.816,-319.501],"tool":false,"touchDistance":0.292367,"touchZone":"hovering","type":3,"width":19.6861},{"bases":[[[-0.304533,-0.951257,-0.0486738],[0.865683,-0.255098,-0.430718],[0.397307,-0.173304,0.901173]],[[-0.292015,-0.956192,-0.0205925],[0.784816,-0.227261,-0.576555],[0.546618,-0.184524,0.816799]],[[-0.292015,-0.956192,-0.0205925],[0.483074,-0.128877,-0.866043],[0.825449,-0.262845,0.499545]],[[-0.292015,-0.956192,-0.0205925],[0.1959,-0.0387247,-0.979859],[0.936136,-0.290168,0.198627]]],"btipPosition":[-139.88,198.29,-7.57551],"carpPosition":[-62.8413,170.729,89.6233],"dipPosition":[-123.194,193.117,-4.03504],"direction":[-0.825449,0.262845,-0.499545],"extended":true,"handId":68,"id":684,"length":52.2336,"mcpPosition":[-86.5112,181.054,35.9352],"pipPosition":[-106.498,187.801,6.06872],"stabilizedTipPosition":[-143.487,197.785,-3.6636],"timeVisible":14.0998,"tipPosition":[-137.397,196.73,-3.31609],"tipVelocity":[853.401,-152.399,-291.689],"tool":false,"touchDistance":0.292434,"touchZone":"hovering","type":4,"width":17.4868}],"r":[[0.294531,-0.417719,0.859513],[0.679556,0.723915,0.118954],[-0.671904,0.549052,0.497079]],"s":0.935113,"t":[50.6881,-76.9914,-16.0363],"timestamp":629654465369},{"currentFrameRate":55.3355,"devices":[],"gestures":[],"hands":[{"armBasis":[[-0.141513,-0.814715,-0.562329],[0.826856,0.215063,-0.51967],[0.544319,-0.538505,0.643218]],"armWidth":68.1948,"confidence":1,"direction":[-0.25092,0.439421,-0.862524],"elbow":[111.193,18.0999,296.552],"grabAngle":1.20579,"grabStrength":0,"id":68,"palmNormal":[-0.966938,-0.0719058,0.244663],"palmPosition":[-66.6494,209.61,57.8032],"palmVelocity":[773.77,-116.001,-233.19],"palmWidth":93.486,"pinchDistance":25.9836,"pinchStrength":0.962723,"r":[[0.267491,-0.41731,0.868505],[0.680022,0.72034,0.136678],[-0.682656,0.554043,0.476464]],"s":0.941892,"sphereCenter":[-143.961,189.162,45.8488],"sphereRadius":79.7973,"stabilizedPalmPosition":[-68.5048,209.868,58.3583],"t":[63.3073,-78.1922,-19.984],"timeVisible":14.1178,"type":"right","wrist":[-39.8051,167.485,118.119]}],"id":26087,"interactionBox":{"center":[0,200,0],"size":[235.247,235.247,147.751]},"pointables":[{"bases":[[[0.797588,-0.210246,-0.565375],[0.566963,0.581278,0.583668],[0.205927,-0.786074,0.582823]],[[0.63004,0.150456,-0.761848],[0.423355,0.755897,0.49939],[0.651015,-0.637168,0.412549]],[[0.63004,0.150456,-0.761848],[0.286923,0.86653,0.408412],[0.721612,-0.475908,0.50278]],[[0.63004,0.150456,-0.761848],[-0.0026899,0.981469,0.191604],[0.776558,-0.118669,0.61877]]],"btipPosition":[-134.933,254.751,65.9621],"carpPosition":[-57.3074,202.42,119.823],"dipPosition":[-116.139,251.879,80.9375],"direction":[-0.721612,0.475908,-0.50278],"extended":false,"handId":68,"id":680,"length":53.894,"mcpPosition":[-57.3074,202.42,119.823],"pipPosition":[-90.6959,235.099,98.6648],"stabilizedTipPosition":[-138.337,253.794,72.9055],"timeVisible":14.1178,"tipPosition":[-128.801,255.933,69.2919],"tipVelocity":[797.51,-4.62808,-321.423],"tool":false,"touchDistance":0.282543,"touchZone":"hovering","type":0,"width":22.0525},{"bases":[[[-0.0869735,-0.808908,-0.581467],[0.92068,0.15767,-0.357055],[0.380504,-0.566399,0.731032]],[[-0.0849904,-0.811847,-0.577651],[0.59213,0.425114,-0.684588],[0.801348,-0.400228,0.444588]],[[-0.0849904,-0.811847,-0.577651],[-0.355953,0.566231,-0.743425],[0.930631,0.142433,-0.337104]],[[-0.0849904,-0.811847,-0.577651],[-0.78078,0.414432,-0.467578],[0.618999,0.411279,-0.669096]]],"btipPosition":[-139.579,251.044,46.9935],"carpPosition":[-41.0174,201.276,101.755],"dipPosition":[-128.642,258.31,35.1716],"direction":[-0.930631,-0.142433,0.337104],"extended":false,"handId":68,"id":681,"length":60.8133,"mcpPosition":[-69.7789,244.089,46.4979],"pipPosition":[-105.381,261.87,26.7458],"stabilizedTipPosition":[-141.292,253.412,46.286],"timeVisible":14.1178,"tipPosition":[-138.138,257.435,37.3336],"tipVelocity":[834.529,-157.976,-404.478],"tool":false,"touchDistance":0.333333,"touchZone":"none","type":1,"width":21.0646},{"bases":[[[-0.190437,-0.892941,-0.40791],[0.900852,0.00617136,-0.434082],[0.390127,-0.450132,0.803232]],[[-0.19488,-0.887742,-0.417057],[0.809755,0.0943158,-0.579138],[0.55346,-0.450577,0.700473]],[[-0.19488,-0.887742,-0.417057],[0.45063,0.296637,-0.841985],[0.87118,-0.352025,0.342235]],[[-0.19488,-0.887742,-0.417057],[0.1223,0.399897,-0.908364],[0.973172,-0.228028,0.0306386]]],"btipPosition":[-140.808,261.279,-9.74019],"carpPosition":[-40.7259,191.771,93.411],"dipPosition":[-121.896,256.848,-9.14479],"direction":[-0.87118,0.352025,-0.342235],"extended":true,"handId":68,"id":682,"length":69.2919,"mcpPosition":[-68.6909,224.038,35.8338],"pipPosition":[-96.2778,246.496,0.919078],"stabilizedTipPosition":[-143.722,260.964,-6.31874],"timeVisible":14.1178,"tipPosition":[-135.864,257.79,-10.8676],"tipVelocity":[927.915,-112.658,-407.106],"tool":false,"touchDistance":0.292742,"touchZone":"hovering","type":2,"width":20.6882},{"bases":[[[-0.198316,-0.947356,-0.25137],[0.896922,-0.0719934,-0.436289],[0.395225,-0.311982,0.863982]],[[-0.214562,-0.933579,-0.287042],[0.861598,-0.0425005,-0.505808],[0.460013,-0.355842,0.813489]],[[-0.214562,-0.933579,-0.287042],[0.618091,0.0977688,-0.780003],[0.756258,-0.344777,0.55606]],[[-0.214562,-0.933579,-0.287042],[0.347769,0.201603,-0.915649],[0.912699,-0.296287,0.281414]]],"btipPosition":[-128.602,233.062,-27.3482],"carpPosition":[-42.6133,180.941,87.209],"dipPosition":[-110.968,227.337,-21.9109],"direction":[-0.756258,0.344777,-0.55606],"extended":true,"handId":68,"id":683,"length":66.626,"mcpPosition":[-68.0493,201.02,31.6046],"pipPosition":[-89.3035,217.461,-5.98153],"stabilizedTipPosition":[-130.069,232.433,-23.9442],"timeVisible":14.1178,"tipPosition":[-125.601,230.512,-24.5709],"tipVelocity":[946.106,-126.094,-360.394],"tool":false,"touchDistance":0.301053,"touchZone":"hovering","type":3,"width":19.6861},{"bases":[[[-0.296693,-0.952092,-0.0741181],[0.886527,-0.245744,-0.392019],[0.355024,-0.182017,0.916966]],[[-0.278602,-0.959991,-0.0282561],[0.813774,-0.220339,-0.537794],[0.510051,-0.172825,0.842603]],[[-0.278602,-0.959991,-0.0282561],[0.529379,-0.128952,-0.838528],[0.801336,-0.248574,0.544125]],[[-0.278602,-0.959991,-0.0282561],[0.256796,-0.0461115,-0.965365],[0.925438,-0.276209,0.259369]]],"btipPosition":[-122.495,195.514,-15.3147],"carpPosition":[-49.991,168.4,85.753],"dipPosition":[-106,190.591,-10.6915],"direction":[-0.801336,0.248574,-0.544125],"extended":true,"handId":68,"id":684,"length":52.2336,"mcpPosition":[-71.1419,179.244,31.1239],"pipPosition":[-89.792,185.563,0.313946],"stabilizedTipPosition":[-125.49,195.314,-11.3516],"timeVisible":14.1178,"tipPosition":[-120.071,195.073,-10.6358],"tipVelocity":[961.303,-150.685,-415.218],"tool":false,"touchDistance":0.296872,"touchZone":"hovering","type":4,"width":17.4868}],"r":[[0.267491,-0.41731,0.868505],[0.680022,0.72034,0.136678],[-0.682656,0.554043,0.476464]],"s":0.941892,"t":[63.3073,-78.1922,-19.984],"timestamp":629654483408},{"currentFrameRate":55.3188,"devices":[],"gestures":[],"hands":[{"armBasis":[[-0.104504,-0.802998,-0.586748],[0.847254,0.237073,-0.475349],[0.520806,-0.546801,0.655568]],"armWidth":68.1948,"confidence":1,"direction":[-0.222348,0.452146,-0.863785],"elbow":[117.486,12.0057,297.552],"grabAngle":1.20354,"grabStrength":0,"id":68,"palmNormal":[-0.974908,-0.093343,0.202092],"palmPosition":[-51.9644,206.596,55.1157],"palmVelocity":[809.761,-166.189,-148.193],"palmWidth":93.486,"pinchDistance":28.5347,"pinchStrength":0.902221,"r":[[0.239739,-0.419348,0.875598],[0.676156,0.719316,0.159368],[-0.696663,0.553834,0.455993]],"s":0.954374,"sphereCenter":[-130.258,182.979,38.747],"sphereRadius":82.3847,"stabilizedPalmPosition":[-53.3181,206.864,55.3811],"t":[76.9594,-80.2995,-23.3016],"timeVisible":14.136,"type":"right","wrist":[-26.9893,163.692,115.693]}],"id":26088,"interactionBox":{"center":[0,200,0],"size":[235.247,235.247,147.751]},"pointables":[{"bases":[[[0.824272,-0.185228,-0.535038],[0.531416,0.579177,0.618184],[0.195377,-0.793879,0.575833]],[[0.66053,0.17359,-0.730456],[0.416864,0.724369,0.549102],[0.624439,-0.6672,0.406104]],[[0.66053,0.17359,-0.730456],[0.285516,0.841734,0.458219],[0.694392,-0.511225,0.506428]],[[0.66053,0.17359,-0.730456],[0.0350751,0.964708,0.260977],[0.74998,-0.198004,0.63113]]],"btipPosition":[-119.766,255.37,63.368],"carpPosition":[-45.1066,198.334,117.326],"dipPosition":[-101.615,250.577,78.6425],"direction":[-0.694392,0.511225,-0.506428],"extended":false,"handId":68,"id":680,"length":53.894,"mcpPosition":[-45.1066,198.334,117.326],"pipPosition":[-77.1321,232.552,96.4984],"stabilizedTipPosition":[-120.905,254.157,68.2886],"timeVisible":14.136,"tipPosition":[-115.428,252.332,65.4024],"tipVelocity":[828.166,9.78111,-139.253],"tool":false,"touchDistance":0.306996,"touchZone":"hovering","type":0,"width":22.0525},{"bases":[[[-0.0479269,-0.798537,-0.600034],[0.931875,0.180523,-0.314676],[0.3596,-0.574238,0.735485]],[[-0.0406468,-0.809984,-0.585042],[0.617412,0.440002,-0.652074],[0.785589,-0.387717,0.482209]],[[-0.0406468,-0.809984,-0.585042],[-0.359935,0.558085,-0.747655],[0.932091,0.180187,-0.314226]],[[-0.0406468,-0.809984,-0.585042],[-0.793994,0.381638,-0.473209],[0.606566,0.445285,-0.658634]]],"btipPosition":[-124.152,246.089,42.4189],"carpPosition":[-28.0545,197.829,99.9451],"dipPosition":[-113.435,253.956,30.782],"direction":[-0.932091,-0.180187,0.314226],"extended":false,"handId":68,"id":681,"length":60.8133,"mcpPosition":[-55.2359,241.235,44.3514],"pipPosition":[-90.1378,258.46,22.9279],"stabilizedTipPosition":[-125.013,248.834,40.8525],"timeVisible":14.136,"tipPosition":[-123.249,253.151,33.1088],"tipVelocity":[847.851,-265.586,-249.904],"tool":false,"touchDistance":0.333333,"touchZone":"none","type":1,"width":21.0646},{"bases":[[[-0.157058,-0.887773,-0.432656],[0.918025,0.0302708,-0.395365],[0.364091,-0.459284,0.810244]],[[-0.159028,-0.885273,-0.437038],[0.840574,0.110773,-0.530249],[0.517827,-0.451688,0.726521]],[[-0.159028,-0.885273,-0.437038],[0.504223,0.307757,-0.806873],[0.848804,-0.34868,0.397433]],[[-0.159028,-0.885273,-0.437038],[0.18602,0.407875,-0.893887],[0.969591,-0.223451,0.0998144]]],"btipPosition":[-122.954,258.531,-16.4794],"carpPosition":[-27.2421,188.499,91.4401],"dipPosition":[-104.112,254.189,-14.5398],"direction":[-0.848804,0.34868,-0.397433],"extended":true,"handId":68,"id":682,"length":69.2919,"mcpPosition":[-53.3408,221.421,33.3603],"pipPosition":[-79.1516,243.935,-2.85271],"stabilizedTipPosition":[-124.634,258.354,-13.7059],"timeVisible":14.136,"tipPosition":[-119.029,255.278,-15.5576],"tipVelocity":[983.607,-150.409,-354.567],"tool":false,"touchDistance":0.308174,"touchZone":"hovering","type":2,"width":20.6882},{"bases":[[[-0.170522,-0.945424,-0.277662],[0.915597,-0.0478904,-0.399235],[0.364149,-0.322305,0.873793]],[[-0.181363,-0.935335,-0.303736],[0.88413,-0.0198418,-0.46682],[0.430607,-0.353206,0.830556]],[[-0.181363,-0.935335,-0.303736],[0.650815,0.117391,-0.750106],[0.737257,-0.333717,0.587439]],[[-0.181363,-0.935335,-0.303736],[0.388356,0.215635,-0.895925],[0.903486,-0.280445,0.324135]]],"btipPosition":[-110.581,229.804,-32.7443],"carpPosition":[-28.6725,177.764,84.9572],"dipPosition":[-93.1241,224.386,-26.4816],"direction":[-0.737257,0.333717,-0.587439],"extended":true,"handId":68,"id":683,"length":66.626,"mcpPosition":[-52.1085,198.507,28.7214],"pipPosition":[-72.004,214.826,-9.65328],"stabilizedTipPosition":[-110.875,229.269,-29.9546],"timeVisible":14.136,"tipPosition":[-107.693,228.149,-29.3969],"tipVelocity":[991.503,-175.754,-287.083],"tool":false,"touchDistance":0.317281,"touchZone":"hovering","type":3,"width":19.6861},{"bases":[[[-0.276153,-0.955377,-0.104857],[0.906479,-0.222641,-0.358785],[0.31943,-0.19413,0.927512]],[[-0.253799,-0.966364,-0.0415602],[0.840894,-0.199205,-0.503204],[0.477999,-0.16266,0.863168]],[[-0.253799,-0.966364,-0.0415602],[0.567388,-0.113941,-0.815529],[0.783363,-0.230561,0.577221]],[[-0.253799,-0.966364,-0.0415602],[0.300695,-0.0379884,-0.952963],[0.919331,-0.254358,0.300222]]],"btipPosition":[-104.495,191.84,-20.8954],"carpPosition":[-35.7558,165.129,82.95],"dipPosition":[-88.1085,187.306,-15.5441],"direction":[-0.783363,0.230561,-0.577221],"extended":true,"handId":68,"id":684,"length":52.2336,"mcpPosition":[-54.7861,176.695,27.6927],"pipPosition":[-72.2642,182.643,-3.86924],"stabilizedTipPosition":[-106.018,191.762,-17.8881],"timeVisible":14.136,"tipPosition":[-102.088,192.386,-16.0725],"tipVelocity":[991.184,-197.676,-298.5],"tool":false,"touchDistance":0.316309,"touchZone":"hovering","type":4,"width":17.4868}],"r":[[0.239739,-0.419348,0.875598],[0.676156,0.719316,0.159368],[-0.696663,0.553834,0.455993]],"s":0.954374,"t":[76.9594,-80.2995,-23.3016],"timestamp":629654501543},{"currentFrameRate":55.3288,"devices":[],"gestures":[],"hands":[{"armBasis":[[-0.082659,-0.806635,-0.585241],[0.870286,0.227699,-0.436755],[0.485561,-0.545429,0.683182]],"armWidth":68.1948,"confidence":1,"direction":[-0.166498,0.453315,-0.875662],"elbow":[119.26,13.6111,303.305],"grabAngle":1.12646,"grabStrength":0,"id":68,"palmNormal":[-0.986041,-0.0778854,0.147166],"palmPosition":[-36.4359,207.968,51.8335],"palmVelocity":[860.828,76.0499,-181.952],"palmWidth":93.486,"pinchDistance":37.4436,"pinchStrength":0.690938,"r":[[0.206175,-0.421304,0.883173],[0.672727,0.716459,0.184729],[-0.710584,0.556048,0.431138]],"s":0.959348,"sphereCenter":[-119.418,181.646,31.6414],"sphereRadius":88.3515,"stabilizedPalmPosition":[-37.5052,207.898,52.0581],"t":[91.5497,-80.6672,-26.6015],"timeVisible":14.154,"type":"right","wrist":[-15.4377,164.917,113.786]}],"id":26089,"interactionBox":{"center":[0,200,0],"size":[235.247,235.247,147.751]},"pointables":[{"bases":[[[0.850051,-0.199186,-0.487584],[0.504751,0.572528,0.646094],[0.150463,-0.795322,0.587217]],[[0.706815,0.155602,-0.690073],[0.406976,0.708454,0.576596],[0.578605,-0.68839,0.43742]],[[0.706815,0.155602,-0.690073],[0.284405,0.830688,0.478614],[0.647709,-0.534552,0.542888]],[[0.706815,0.155602,-0.690073],[0.0677924,0.956119,0.285029],[0.704143,-0.248245,0.66525]]],"btipPosition":[-102.763,259.92,56.669],"carpPosition":[-33.2098,199.759,114.345],"dipPosition":[-85.7219,253.912,72.7693],"direction":[-0.647709,0.534552,-0.542888],"extended":false,"handId":68,"id":680,"length":53.894,"mcpPosition":[-33.2098,199.759,114.345],"pipPosition":[-62.8846,235.064,91.9107],"stabilizedTipPosition":[-103.312,257.651,61.9754],"timeVisible":14.154,"tipPosition":[-99.5547,255.204,58.7151],"tipVelocity":[928.415,236.736,-360.833],"tool":false,"touchDistance":0.304694,"touchZone":"hovering","type":0,"width":22.0525},{"bases":[[[-0.0264877,-0.799223,-0.600451],[0.950747,0.16543,-0.262133],[0.308835,-0.57782,0.755477]],[[-0.0154068,-0.81941,-0.573001],[0.710956,0.393976,-0.582515],[0.703067,-0.416353,0.576495]],[[-0.0154068,-0.81941,-0.573001],[-0.0877974,0.571964,-0.815567],[0.996019,0.0377427,-0.0807541]],[[-0.0154068,-0.81941,-0.573001],[-0.568752,0.478509,-0.668992],[0.822365,0.315588,-0.473413]]],"btipPosition":[-109.224,254.604,25.6154],"carpPosition":[-15.2186,198.949,97.9496],"dipPosition":[-94.6938,260.18,17.2509],"direction":[-0.996019,-0.0377427,0.0807541],"extended":false,"handId":68,"id":681,"length":60.8133,"mcpPosition":[-38.5628,242.625,40.8449],"pipPosition":[-69.7985,261.123,15.2325],"stabilizedTipPosition":[-111.097,253.964,28.3694],"timeVisible":14.154,"tipPosition":[-105.751,255.702,24.8463],"tipVelocity":[876.189,442.803,-889.789],"tool":false,"touchDistance":0.333333,"touchZone":"none","type":1,"width":21.0646},{"bases":[[[-0.146208,-0.886353,-0.439319],[0.939131,0.0152039,-0.343223],[0.310896,-0.46276,0.830179]],[[-0.145513,-0.887384,-0.437464],[0.872709,0.0931646,-0.47927],[0.466053,-0.451519,0.760871]],[[-0.145513,-0.887384,-0.437464],[0.573393,0.284695,-0.768224],[0.806254,-0.362626,0.467393]],[[-0.145513,-0.887384,-0.437464],[0.276836,0.387987,-0.879106],[0.949836,-0.249027,0.189202]]],"btipPosition":[-101.757,260.766,-25.3358],"carpPosition":[-14.0742,189.586,89.5193],"dipPosition":[-83.299,255.927,-21.659],"direction":[-0.806254,0.362626,-0.467393],"extended":true,"handId":68,"id":682,"length":69.2919,"mcpPosition":[-36.3598,222.758,30.0105],"pipPosition":[-59.59,245.263,-7.91468],"stabilizedTipPosition":[-103.257,259.378,-22.2056],"timeVisible":14.154,"tipPosition":[-98.5532,257.707,-22.7662],"tipVelocity":[1170.16,117.555,-468.806],"tool":false,"touchDistance":0.329774,"touchZone":"hovering","type":2,"width":20.6882},{"bases":[[[-0.16924,-0.943399,-0.285231],[0.935717,-0.0629204,-0.347094],[0.309501,-0.325637,0.893403]],[[-0.175142,-0.936983,-0.302304],[0.904645,-0.0319887,-0.424964],[0.388514,-0.347907,0.85324]],[[-0.175142,-0.936983,-0.302304],[0.690773,0.101843,-0.715863],[0.701539,-0.334201,0.629406]],[[-0.175142,-0.936983,-0.302304],[0.439138,0.20047,-0.875768],[0.881183,-0.286137,0.376354]]],"btipPosition":[-90.2961,230.992,-39.2387],"carpPosition":[-15.3039,178.857,82.9841],"dipPosition":[-73.2705,225.463,-31.967],"direction":[-0.701539,0.334201,-0.629406],"extended":true,"handId":68,"id":683,"length":66.626,"mcpPosition":[-35.2229,199.815,25.4862],"pipPosition":[-53.1736,215.889,-13.9365],"stabilizedTipPosition":[-90.0881,229.652,-36.414],"timeVisible":14.154,"tipPosition":[-86.9525,230.13,-35.8333],"tipVelocity":[1118.99,64.4196,-347.155],"tool":false,"touchDistance":0.329206,"touchZone":"hovering","type":3,"width":19.6861},{"bases":[[[-0.284547,-0.951296,-0.118615],[0.921646,-0.237408,-0.30693],[0.263821,-0.196657,0.944312]],[[-0.262007,-0.964197,-0.0409522],[0.863176,-0.215156,-0.456766],[0.431601,-0.155025,0.888644]],[[-0.262007,-0.964197,-0.0409522],[0.614628,-0.134,-0.777352],[0.744033,-0.228842,0.627731]],[[-0.262007,-0.964197,-0.0409522],[0.36183,-0.0588059,-0.930388],[0.894668,-0.258585,0.364283]]],"btipPosition":[-84.9525,192.951,-27.3381],"carpPosition":[-22.4576,166.328,80.6032],"dipPosition":[-69.0053,188.341,-20.8449],"direction":[-0.744033,0.228842,-0.627731],"extended":true,"handId":68,"id":684,"length":52.2336,"mcpPosition":[-38.1749,178.044,24.345],"pipPosition":[-53.9565,183.713,-8.14847],"stabilizedTipPosition":[-85.6292,191.868,-2