{"frames":51,"data":[{"currentFrameRate":52.0982,"devices":[],"gestures":[],"hands":[{"armBasis":[[0.820202,0.156131,-0.550356],[0.0574039,0.934719,0.350721],[0.569187,-0.319255,0.757696]],"armWidth":52.9535,"confidence":1,"direction":[-0.27698,0.160538,-0.94737],"elbow":[149.804,108.013,281.402],"grabAngle":0.735247,"grabStrength":0,"id":90,"palmNormal":[-0.00258415,-0.986065,-0.16634],"palmPosition":[-5.44771,188.08,52.5425],"palmVelocity":[-2.92849,-7.48811,2.42543],"palmWidth":76.2515,"pinchDistance":47.3045,"pinchStrength":0.0396304,"r":[[0.760105,0.407653,-0.506024],[-0.58144,0.774371,-0.249554],[0.290119,0.48391,0.825629]],"s":1.02546,"sphereCenter":[20.9886,100.551,19.4984],"sphereRadius":97.2694,"stabilizedPalmPosition":[-7.28738,190.927,52.7386],"t":[-119.263,38.1177,2.34355],"timeVisible":4.35651,"type":"right","wrist":[21.0331,180.24,109.984]}],"id":31922,"interactionBox":{"center":[0,200,0],"size":[235.247,235.247,147.751]},"pointables":[{"bases":[[[0.334916,0.930844,-0.146154],[-0.664053,0.343221,0.664254],[0.668479,-0.125415,0.73308]],[[0.208292,0.938163,-0.276521],[-0.784421,0.32911,0.525709],[0.584207,0.107408,0.804466]],[[0.208292,0.938163,-0.276521],[-0.952355,0.258941,0.161149],[0.222787,0.22978,0.9474]],[[0.208292,0.938163,-0.276521],[-0.977486,0.189938,-0.0918901],[-0.033686,0.289436,0.956605]]],"btipPosition":[-38.8146,158.096,24.7465],"carpPosition":[-8.9503,174.238,102.008],"dipPosition":[-39.4433,163.498,42.6003],"direction":[-0.222787,-0.22978,-0.9474],"extended":false,"handId":90,"id":900,"length":41.5614,"mcpPosition":[-8.9503,174.238,102.008],"pipPosition":[-33.3857,169.746,68.3604],"stabilizedTipPosition":[-43.0663,164.454,29.4302],"timeVisible":4.35651,"tipPosition":[-39.4466,159.898,28.5167],"tipVelocity":[12.3171,-22.1499,-1.68122],"tool":false,"touchDistance":0.31736,"touchZone":"hovering","type":0,"width":16.7673},{"bases":[[[0.900726,0.06996,-0.428717],[-0.0618806,0.997545,0.0327741],[0.429958,-0.00299121,0.902844]],[[0.961914,0.0683657,-0.264664],[-0.0863945,0.994625,-0.0570755],[0.259339,0.0777672,0.96265]],[[0.961914,0.0683657,-0.264664],[-0.154809,0.934229,-0.321327],[0.225289,0.350061,0.909232]],[[0.961914,0.0683657,-0.264664],[-0.19898,0.838985,-0.506469],[0.187424,0.539843,0.820635]]],"btipPosition":[-47.1839,175.545,-22.9534],"carpPosition":[-4.89433,192.128,94.3983],"dipPosition":[-44.6302,182.9,-11.772],"direction":[-0.225289,-0.350061,-0.909232],"extended":true,"handId":90,"id":901,"length":46.8974,"mcpPosition":[-31.4024,192.312,38.7353],"pipPosition":[-40.2877,189.648,5.75366],"stabilizedTipPosition":[-48.4308,180.618,-20.1657],"timeVisible":4.35651,"tipPosition":[-47.8339,174.274,-19.9888],"tipVelocity":[-4.33263,-20.4655,3.99505],"tool":false,"touchDistance":0.295977,"touchZone":"hovering","type":1,"width":16.0161},{"bases":[[[0.947797,-0.102176,-0.302061],[0.100743,0.994704,-0.0203637],[0.302542,-0.0111301,0.953071]],[[0.977044,-0.102775,-0.18661],[0.0865987,0.991904,-0.0928798],[0.194645,0.0745874,0.978034]],[[0.977044,-0.102775,-0.18661],[0.0192083,0.914869,-0.403293],[0.212172,0.39045,0.895841]],[[0.977044,-0.102775,-0.18661],[-0.0303712,0.799796,-0.599503],[0.210864,0.591408,0.778314]]],"btipPosition":[-29.1448,174.333,-35.6728],"carpPosition":[3.99728,194.266,89.6237],"dipPosition":[-25.9848,183.196,-24.0089],"direction":[-0.212172,-0.39045,-0.895841],"extended":true,"handId":90,"id":902,"length":53.4358,"mcpPosition":[-13.6915,194.917,33.9005],"pipPosition":[-21.1733,192.05,-3.69369],"stabilizedTipPosition":[-29.8622,179.415,-33.0516],"timeVisible":4.35651,"tipPosition":[-29.6173,174.092,-33.0521],"tipVelocity":[-2.88287,-26.549,6.69745],"tool":false,"touchDistance":0.30302,"touchZone":"hovering","type":2,"width":15.73},{"bases":[[[0.971679,-0.177393,-0.156117],[0.177795,0.984,-0.0115004],[0.155659,-0.0165821,0.987672]],[[0.978622,-0.178027,-0.102982],[0.164963,0.978486,-0.123903],[0.122824,0.104266,0.986936]],[[0.978622,-0.178027,-0.102982],[0.1089,0.873307,-0.474843],[0.174469,0.453477,0.874025]],[[0.978622,-0.178027,-0.102982],[0.0612845,0.730395,-0.68027],[0.196324,0.659416,0.725691]]],"btipPosition":[-5.75429,171.29,-31.2746],"carpPosition":[13.5727,193.978,85.8586],"dipPosition":[-2.82907,181.115,-20.4618],"direction":[-0.174469,-0.453477,-0.874025],"extended":true,"handId":90,"id":903,"length":51.3799,"mcpPosition":[5.40156,194.848,34.0121],"pipPosition":[1.02523,191.133,-1.15318],"stabilizedTipPosition":[-6.46854,176.69,-29.1839],"timeVisible":4.35651,"tipPosition":[-6.03555,173.317,-29.4425],"tipVelocity":[-1.36012,-24.4575,8.40953],"tool":false,"touchDistance":0.322032,"touchZone":"hovering","type":3,"width":14.9681},{"bases":[[[0.94034,-0.33825,-0.0366945],[0.339811,0.939074,0.0516618],[0.0169842,-0.0610489,0.99799]],[[0.93945,-0.341509,0.0283875],[0.34215,0.930126,-0.133413],[0.0191576,0.135047,0.990654]],[[0.93945,-0.341509,0.0283875],[0.293018,0.757574,-0.583285],[0.177691,0.556285,0.811771]],[[0.93945,-0.341509,0.0283875],[0.226872,0.557732,-0.798413],[0.256832,0.75651,0.60144]]],"btipPosition":[15.9988,168.004,-13.4088],"carpPosition":[23.6663,187.922,83.9498],"dipPosition":[19.5292,178.403,-5.1415],"direction":[-0.177691,-0.556285,-0.811772],"extended":true,"handId":90,"id":904,"length":40.2809,"mcpPosition":[22.841,190.888,35.4546],"pipPosition":[22.3008,187.08,7.52019],"stabilizedTipPosition":[15.8004,173.719,-12.1534],"timeVisible":4.35651,"tipPosition":[16.9829,171.83,-13.0312],"tipVelocity":[-1.66546,-16.9557,7.76082],"tool":false,"touchDistance":0.336885,"touchZone":"hovering","type":4,"width":13.2958}],"r":[[0.760105,0.407653,-0.506024],[-0.58144,0.774371,-0.249554],[0.290119,0.48391,0.825629]],"s":1.02546,"t":[-119.263,38.1177,2.34355],"timestamp":629764326568},{"currentFrameRate":52.3309,"devices":[],"gestures":[],"hands":[{"armBasis":[[0.81982,0.154804,-0.551299],[0.0594362,0.934559,0.350809],[0.569528,-0.320367,0.75697]],"armWidth":52.9573,"confidence":1,"direction":[-0.277006,0.157407,-0.947888],"elbow":[149.845,107.695,281.359],"grabAngle":0.737878,"grabStrength":0,"id":90,"palmNormal":[-0.00358679,-0.986653,-0.162796],"palmPosition":[-5.51387,187.875,52.623],"palmVelocity":[-3.62319,-11.2,4.40959],"palmWidth":76.2594,"pinchDistance":47.3968,"pinchStrength":0.037714,"r":[[0.76011,0.407435,-0.506191],[-0.581445,0.77425,-0.249917],[0.290094,0.484286,0.825417]],"s":1.02454,"sphereCenter":[20.6766,100.624,19.9545],"sphereRadius":96.8117,"stabilizedPalmPosition":[-7.26409,190.887,52.7371],"t":[-119.315,37.9409,2.39647],"timeVisible":4.37477,"type":"right","wrist":[20.9805,180.184,110.083]}],"id":31923,"interactionBox":{"center":[0,200,0],"size":[235.247,235.247,147.751]},"pointables":[{"bases":[[[0.335804,0.929983,-0.14956],[-0.663586,0.346258,0.663143],[0.668498,-0.12344,0.733398]],[[0.208289,0.936901,-0.280772],[-0.785722,0.331239,0.52242],[0.582458,0.111795,0.805136]],[[0.208289,0.936901,-0.280772],[-0.952689,0.259315,0.158556],[0.221359,0.234463,0.946587]],[[0.208289,0.936901,-0.280772],[-0.977409,0.188855,-0.094898],[-0.0358848,0.294195,0.955071]]],"btipPosition":[-38.7375,157.666,24.8844],"carpPosition":[-9.02094,174.213,102.145],"dipPosition":[-39.4076,163.159,42.7168],"direction":[-0.221359,-0.234463,-0.946587],"extended":false,"handId":90,"id":900,"length":41.578,"mcpPosition":[-9.02094,174.213,102.145],"pipPosition":[-33.3863,169.536,68.465],"stabilizedTipPosition":[-42.9713,164.328,29.4201],"timeVisible":4.37477,"tipPosition":[-39.5351,159.63,28.7093],"tipVelocity":[3.70169,-22.4061,7.28238],"tool":false,"touchDistance":0.319576,"touchZone":"hovering","type":0,"width":16.7681},{"bases":[[[0.900711,0.0675327,-0.429137],[-0.0608925,0.997717,0.0292027],[0.43013,-0.000171954,0.902767]],[[0.96152,0.0664857,-0.266569],[-0.0852782,0.994577,-0.0595402],[0.261165,0.0799816,0.961975]],[[0.96152,0.0664857,-0.266569],[-0.154217,0.933608,-0.323409],[0.227369,0.352073,0.907936]],[[0.96152,0.0664857,-0.266569],[-0.19889,0.837815,-0.508437],[0.189532,0.541891,0.818799]]],"btipPosition":[-47.3897,175.168,-22.8363],"carpPosition":[-4.94898,192.074,94.4678],"dipPosition":[-44.8062,182.554,-11.6755],"direction":[-0.227369,-0.352073,-0.907936],"extended":true,"handId":90,"id":901,"length":46.9161,"mcpPosition":[-31.4705,192.084,38.8039],"pipPosition":[-40.4219,189.343,5.8322],"stabilizedTipPosition":[-48.4018,180.551,-20.1675],"timeVisible":4.37477,"tipPosition":[-47.9185,173.875,-19.8535],"tipVelocity":[-10.8936,-20.2762,6.15318],"tool":false,"touchDistance":0.297849,"touchZone":"hovering","type":1,"width":16.0169},{"bases":[[[0.947637,-0.104194,-0.301873],[0.101718,0.994525,-0.0239555],[0.302716,-0.0080049,0.953047]],[[0.976796,-0.104409,-0.186996],[0.0871825,0.991349,-0.0981117],[0.195622,0.0795325,0.977449]],[[0.976796,-0.104409,-0.186996],[0.0191065,0.91212,-0.409478],[0.213316,0.396404,0.89295]],[[0.976796,-0.104409,-0.186996],[-0.0309419,0.795161,-0.605609],[0.211923,0.597342,0.77348]]],"btipPosition":[-29.2945,173.648,-35.4848],"carpPosition":[3.94517,194.186,89.6833],"dipPosition":[-26.1173,182.603,-23.8887],"direction":[-0.213316,-0.396404,-0.89295],"extended":true,"handId":90,"id":902,"length":53.4571,"mcpPosition":[-13.7556,194.654,33.9557],"pipPosition":[-21.278,191.596,-3.63098],"stabilizedTipPosition":[-29.8212,179.298,-33.0442],"timeVisible":4.37477,"tipPosition":[-29.6995,173.63,-32.915],"tipVelocity":[-7.9806,-36.345,9.44175],"tool":false,"touchDistance":0.305894,"touchZone":"hovering","type":2,"width":15.7307},{"bases":[[[0.971473,-0.178909,-0.155663],[0.178761,0.983777,-0.0150684],[0.155834,-0.0131879,0.987695]],[[0.978438,-0.179359,-0.102418],[0.165641,0.977628,-0.129642],[0.123379,0.109882,0.986257]],[[0.978438,-0.179359,-0.102418],[0.109011,0.869632,-0.481516],[0.175431,0.459969,0.870433]],[[0.978438,-0.179359,-0.102418],[0.0609014,0.724363,-0.686723],[0.197358,0.665679,0.719668]]],"btipPosition":[-5.8769,170.562,-31.0554],"carpPosition":[13.521,193.875,85.917],"dipPosition":[-2.93509,180.485,-20.3281],"direction":[-0.175431,-0.459969,-0.870433],"extended":true,"handId":90,"id":903,"length":51.4005,"mcpPosition":[5.33986,194.567,34.064],"pipPosition":[0.942,190.65,-1.09117],"stabilizedTipPosition":[-6.42428,176.556,-29.1631],"timeVisible":4.37477,"tipPosition":[-6.11865,172.819,-29.2978],"tipVelocity":[-6.50552,-38.6063,10.9255],"tool":false,"touchDistance":0.325357,"touchZone":"hovering","type":3,"width":14.9687},{"bases":[[[0.94,-0.339306,-0.0356584],[0.340745,0.938918,0.0482238],[0.0171177,-0.0574808,0.9982]],[[0.939093,-0.34235,0.0300142],[0.343094,0.928931,-0.139188],[0.01977,0.141009,0.989811]],[[0.939093,-0.34235,0.0300142],[0.293515,0.753566,-0.588207],[0.178755,0.561191,0.808153]],[[0.939093,-0.34235,0.0300142],[0.227224,0.553016,-0.801587],[0.257825,0.759585,0.597124]]],"btipPosition":[15.8855,167.415,-13.2258],"carpPosition":[23.6098,187.801,84.0279],"dipPosition":[19.431,177.86,-5.01453],"direction":[-0.178755,-0.561191,-0.808153],"extended":true,"handId":90,"id":904,"length":40.297,"mcpPosition":[22.7779,190.595,35.5176],"pipPosition":[22.2202,186.617,7.59576],"stabilizedTipPosition":[15.8246,173.614,-12.1316],"timeVisible":4.37477,"tipPosition":[16.8864,171.355,-12.8831],"tipVelocity":[-6.01663,-31.7016,9.31721],"tool":false,"touchDistance":0.339081,"touchZone":"hovering","type":4,"width":13.2964}],"r":[[0.76011,0.407435,-0.506191],[-0.581445,0.77425,-0.249917],[0.290094,0.484286,0.825417]],"s":1.02454,"t":[-119.315,37.9409,2.39647],"timestamp":629764344828},{"currentFrameRate":52.6192,"devices":[],"gestures":[],"hands":[{"armBasis":[[0.819508,0.154213,-0.551929],[0.0606223,0.934379,0.351084],[0.569853,-0.321175,0.756382]],"armWidth":52.9613,"confidence":1,"direction":[-0.277469,0.155641,-0.948044],"elbow":[149.887,107.392,281.261],"grabAngle":0.739826,"grabStrength":0,"id":90,"palmNormal":[-0.0040382,-0.986971,-0.16085],"palmPosition":[-5.59141,187.68,52.6402],"palmVelocity":[-4.31831,-10.8892,0.959558],"palmWidth":76.2745,"pinchDistance":47.4912,"pinchStrength":0.0358534,"r":[[0.760089,0.407005,-0.506568],[-0.581419,0.774098,-0.250448],[0.2902,0.484891,0.825024]],"s":1.02375,"sphereCenter":[20.4084,100.731,20.1714],"sphereRadius":96.4164,"stabilizedPalmPosition":[-7.24201,190.844,52.7358],"t":[-119.381,37.7547,2.43154],"timeVisible":4.39272,"type":"right","wrist":[20.9358,180.071,110.1]}],"id":31924,"interactionBox":{"center":[0,200,0],"size":[235.247,235.247,147.751]},"pointables":[{"bases":[[[0.336062,0.929563,-0.151577],[-0.663095,0.347808,0.662823],[0.668856,-0.12224,0.733273]],[[0.207742,0.936218,-0.283442],[-0.786786,0.332096,0.520268],[0.581215,0.114927,0.805594]],[[0.207742,0.936218,-0.283442],[-0.953202,0.258819,0.156262],[0.219656,0.237716,0.946173]],[[0.207742,0.936218,-0.283442],[-0.977401,0.187078,-0.0984371],[-0.0391329,0.297486,0.953924]]],"btipPosition":[-38.639,157.281,24.9274],"carpPosition":[-9.07664,174.115,102.197],"dipPosition":[-39.3699,162.838,42.7457],"direction":[-0.219656,-0.237716,-0.946173],"extended":false,"handId":90,"id":900,"length":41.5954,"mcpPosition":[-9.07664,174.115,102.197],"pipPosition":[-33.3925,169.307,68.4935],"stabilizedTipPosition":[-42.8759,164.196,29.411],"timeVisible":4.39272,"tipPosition":[-39.6231,159.387,28.8045],"tipVelocity":[4.70888,-20.5969,2.21159],"tool":false,"touchDistance":0.320238,"touchZone":"hovering","type":0,"width":16.7691},{"bases":[[[0.9005,0.0663555,-0.429764],[-0.0605104,0.997795,0.0272697],[0.430626,0.0014488,0.90253]],[[0.961089,0.0656179,-0.268331],[-0.0847589,0.994571,-0.0603703],[0.262913,0.0807646,0.961433]],[[0.961089,0.0656179,-0.268331],[-0.154221,0.933356,-0.324133],[0.229179,0.352903,0.907158]],[[0.961089,0.0656179,-0.268331],[-0.199348,0.837191,-0.509285],[0.191226,0.54296,0.817696]]],"btipPosition":[-47.6006,174.89,-22.7918],"carpPosition":[-4.99945,191.961,94.4859],"dipPosition":[-44.9929,182.294,-11.6413],"direction":[-0.229179,-0.352903,-0.907158],"extended":true,"handId":90,"id":901,"length":46.9358,"mcpPosition":[-31.5567,191.871,38.8257],"pipPosition":[-40.5718,189.102,5.85872],"stabilizedTipPosition":[-48.3761,180.479,-20.1686],"timeVisible":4.39272,"tipPosition":[-48.0341,173.572,-19.7882],"tipVelocity":[-11.4347,-15.2176,2.34744],"tool":false,"touchDistance":0.298552,"touchZone":"hovering","type":1,"width":16.0179},{"bases":[[[0.947433,-0.105137,-0.302187],[0.10207,0.994438,-0.0259713],[0.303237,-0.00623816,0.952895]],[[0.976524,-0.105141,-0.188005],[0.087277,0.991059,-0.100918],[0.196934,0.0821405,0.97697]],[[0.976524,-0.105141,-0.188005],[0.0185111,0.910518,-0.413056],[0.214611,0.399879,0.891089]],[[0.976524,-0.105141,-0.188005],[-0.0320982,0.792016,-0.609656],[0.213003,0.601379,0.770048]]],"btipPosition":[-29.4833,173.171,-35.3953],"carpPosition":[3.89294,194.061,89.6919],"dipPosition":[-26.2886,182.19,-23.8458],"direction":[-0.214611,-0.399879,-0.891089],"extended":true,"handId":90,"id":902,"length":53.4796,"mcpPosition":[-13.8418,194.426,33.9622],"pipPosition":[-21.4178,191.266,-3.62181],"stabilizedTipPosition":[-29.7875,179.171,-33.0346],"timeVisible":4.39272,"tipPosition":[-29.8205,173.291,-32.8553],"tipVelocity":[-10.2881,-25.7485,4.38935],"tool":false,"touchDistance":0.307207,"touchZone":"hovering","type":2,"width":15.7317},{"bases":[[[0.971322,-0.179573,-0.155844],[0.179113,0.98368,-0.0171054],[0.156372,-0.0112989,0.987634]],[[0.97829,-0.17992,-0.102842],[0.16575,0.977178,-0.132851],[0.124398,0.112921,0.985786]],[[0.97829,-0.17992,-0.102842],[0.108506,0.867487,-0.485482],[0.176563,0.463783,0.868177]],[[0.97829,-0.17992,-0.102842],[0.0598419,0.720363,-0.691011],[0.198411,0.669855,0.715491]]],"btipPosition":[-6.04281,170.062,-30.9575],"carpPosition":[13.4667,193.738,85.9202],"dipPosition":[-3.08407,180.051,-20.288],"direction":[-0.176563,-0.463783,-0.868177],"extended":true,"handId":90,"id":903,"length":51.422,"mcpPosition":[5.2557,194.332,34.0602],"pipPosition":[0.819672,190.305,-1.09291],"stabilizedTipPosition":[-6.38732,176.41,-29.1402],"timeVisible":4.39272,"tipPosition":[-6.23858,172.461,-29.2436],"tipVelocity":[-9.02244,-27.0209,4.70938],"tool":false,"touchDistance":0.326767,"touchZone":"hovering","type":3,"width":14.9697},{"bases":[[[0.939856,-0.339721,-0.0355055],[0.341116,0.938886,0.0461863],[0.0176451,-0.0555199,0.998302]],[[0.938983,-0.342636,0.0301797],[0.34333,0.928324,-0.142613],[0.0208478,0.144273,0.989318]],[[0.938983,-0.342636,0.0301797],[0.293196,0.751433,-0.591087],[0.17985,0.56387,0.806043]],[[0.938983,-0.342636,0.0301797],[0.226701,0.550496,-0.803468],[0.258683,0.761285,0.594583]]],"btipPosition":[15.7403,167.008,-13.1698],"carpPosition":[23.5526,187.657,84.0371],"dipPosition":[19.299,177.482,-4.99007],"direction":[-0.17985,-0.56387,-0.806043],"extended":true,"handId":90,"id":904,"length":40.3139,"mcpPosition":[22.6949,190.355,35.5122],"pipPosition":[22.1066,186.284,7.59256],"stabilizedTipPosition":[15.8447,173.499,-12.1084],"timeVisible":4.39272,"tipPosition":[16.7658,171.014,-12.8378],"tipVelocity":[-7.91645,-22.2782,2.71312],"tool":false,"touchDistance":0.339237,"touchZone":"hovering","type":4,"width":13.2972}],"r":[[0.760089,0.407005,-0.506568],[-0.581419,0.774098,-0.250448],[0.2902,0.484891,0.825024]],"s":1.02375,"t":[-119.381,37.7547,2.43154],"timestamp":629764362785},{"currentFrameRate":52.7417,"devices":[],"gestures":[],"hands":[{"armBasis":[[0.819247,0.15317,-0.552606],[0.0618586,0.934438,0.350711],[0.570095,-0.321502,0.756061]],"armWidth":52.9721,"confidence":1,"direction":[-0.277985,0.154586,-0.948065],"elbow":[149.962,107.104,281.212],"grabAngle":0.740532,"grabStrength":0,"id":90,"palmNormal":[-0.00490907,-0.987182,-0.159525],"palmPosition":[-5.63511,187.434,52.6285],"palmVelocity":[-2.35995,-13.2814,-0.635141],"palmWidth":76.2881,"pinchDistance":47.6315,"pinchStrength":0.0326357,"r":[[0.760067,0.406407,-0.507081],[-0.581313,0.773998,-0.251002],[0.290471,0.485551,0.824541]],"s":1.02323,"sphereCenter":[20.2305,100.836,20.2352],"sphereRadius":96.0523,"stabilizedPalmPosition":[-7.21952,190.797,52.7343],"t":[-119.435,37.5387,2.4432],"timeVisible":4.41124,"type":"right","wrist":[20.9303,179.871,110.089]}],"id":31925,"interactionBox":{"center":[0,200,0],"size":[235.247,235.247,147.751]},"pointables":[{"bases":[[[0.336679,0.929099,-0.153047],[-0.66238,0.349208,0.662802],[0.669253,-0.121776,0.732987]],[[0.20753,0.935624,-0.285551],[-0.787687,0.332923,0.518373],[0.580069,0.117347,0.80607]],[[0.20753,0.935624,-0.285551],[-0.953692,0.258482,0.153814],[0.217722,0.240407,0.94594]],[[0.20753,0.935624,-0.285551],[-0.977289,0.185511,-0.102427],[-0.0428604,0.300323,0.952874]]],"btipPosition":[-38.4973,156.868,24.9264],"carpPosition":[-9.09821,173.935,102.215],"dipPosition":[-39.2983,162.48,42.7328],"direction":[-0.217722,-0.240407,-0.94594],"extended":false,"handId":90,"id":900,"length":41.6133,"mcpPosition":[-9.09821,173.935,102.215],"pipPosition":[-33.371,169.025,68.4854],"stabilizedTipPosition":[-42.7735,164.048,29.4016],"timeVisible":4.41124,"tipPosition":[-39.6871,159.118,28.8564],"tipVelocity":[6.77901,-21.6264,-0.200019],"tool":false,"touchDistance":0.320176,"touchZone":"hovering","type":0,"width":16.7726},{"bases":[[[0.900262,0.0650834,-0.430456],[-0.0597209,0.997877,0.0259741],[0.431233,0.00232372,0.902238]],[[0.960707,0.0645233,-0.26996],[-0.0835937,0.994708,-0.0597395],[0.264676,0.0799591,0.961017]],[[0.960707,0.0645233,-0.26996],[-0.153543,0.933781,-0.323229],[0.231228,0.351979,0.906998]],[[0.960707,0.0645233,-0.26996],[-0.199237,0.837477,-0.508859],[0.193252,0.542651,0.817425]]],"btipPosition":[-47.79,174.689,-22.7999],"carpPosition":[-5.01208,191.771,94.4753],"dipPosition":[-45.1536,182.092,-11.6483],"direction":[-0.231228,-0.351979,-0.906998],"extended":true,"handId":90,"id":901,"length":46.956,"mcpPosition":[-31.6116,191.628,38.823],"pipPosition":[-40.6911,188.885,5.85614],"stabilizedTipPosition":[-48.3531,180.4,-20.1699],"timeVisible":4.41124,"tipPosition":[-48.1283,173.292,-19.757],"tipVelocity":[-9.87377,-10.8752,-0.425488],"tool":false,"touchDistance":0.29842,"touchZone":"hovering","type":1,"width":16.0212},{"bases":[[[0.947148,-0.106275,-0.302682],[0.102821,0.994323,-0.0273714],[0.303872,-0.00519725,0.952699]],[[0.976215,-0.106152,-0.189038],[0.0880535,0.990909,-0.101715],[0.198117,0.0826504,0.976688]],[[0.976215,-0.106152,-0.189038],[0.018689,0.909891,-0.414427],[0.215996,0.401037,0.890233]],[[0.976215,-0.106152,-0.189038],[-0.0325781,0.790209,-0.611971],[0.214342,0.603574,0.767956]]],"btipPosition":[-29.6397,172.819,-35.3824],"carpPosition":[3.88062,193.859,89.6715],"dipPosition":[-26.4236,181.876,-23.8594],"direction":[-0.215996,-0.401037,-0.890233],"extended":true,"handId":90,"id":902,"length":53.5026,"mcpPosition":[-13.8944,194.163,33.9433],"pipPosition":[-21.5192,190.982,-3.64608],"stabilizedTipPosition":[-29.7591,179.034,-33.0249],"timeVisible":4.41124,"tipPosition":[-29.9298,172.955,-32.8311],"tipVelocity":[-8.18296,-18.5113,0.365331],"tool":false,"touchDistance":0.30732,"touchZone":"hovering","type":2,"width":15.7349},{"bases":[[[0.971078,-0.180533,-0.156255],[0.179862,0.983517,-0.0185428],[0.157027,-0.0100978,0.987543]],[[0.97806,-0.180815,-0.103459],[0.166427,0.976906,-0.134001],[0.125299,0.113843,0.985566]],[[0.97806,-0.180815,-0.103459],[0.108618,0.866407,-0.487381],[0.177763,0.465451,0.867039]],[[0.97806,-0.180815,-0.103459],[0.0593078,0.717762,-0.693758],[0.1997,0.672401,0.712738]]],"btipPosition":[-6.17452,169.666,-30.9431],"carpPosition":[13.4536,193.523,85.8932],"dipPosition":[-3.19527,179.697,-20.31],"direction":[-0.177763,-0.465451,-0.867039],"extended":true,"handId":90,"id":903,"length":51.4442,"mcpPosition":[5.20679,194.054,34.0286],"pipPosition":[0.736709,189.992,-1.1318],"stabilizedTipPosition":[-6.35521,176.251,-29.1172],"timeVisible":4.41124,"tipPosition":[-6.347,172.106,-29.2326],"tipVelocity":[-6.85851,-20.867,0.328274],"tool":false,"touchDistance":0.326868,"touchZone":"hovering","type":3,"width":14.9728},{"bases":[[[0.939569,-0.340496,-0.035681],[0.341872,0.938683,0.0447001],[0.018273,-0.0541972,0.998363]],[[0.938735,-0.343324,0.0300898],[0.343968,0.927874,-0.143997],[0.0215182,0.145525,0.989121]],[[0.938735,-0.343324,0.0300898],[0.29343,0.750402,-0.59228],[0.180765,0.564824,0.80517]],[[0.938735,-0.343324,0.0300898],[0.226602,0.549083,-0.804462],[0.259669,0.761995,0.593241]]],"btipPosition":[15.6429,166.648,-13.1908],"carpPosition":[23.5357,187.43,84.0111],"dipPosition":[19.2168,177.136,-5.026],"direction":[-0.180765,-0.564824,-0.80517],"extended":true,"handId":90,"id":904,"length":40.3313,"mcpPosition":[22.6473,190.065,35.4745],"pipPosition":[22.0398,185.956,7.54842],"stabilizedTipPosition":[15.8626,173.371,-12.0855],"timeVisible":4.41124,"tipPosition":[16.6649,170.66,-12.8396],"tipVelocity":[-5.0706,-19.2815,-1.31948],"tool":false,"touchDistance":0.338281,"touchZone":"hovering","type":4,"width":13.3}],"r":[[0.760067,0.406407,-0.507081],[-0.581313,0.773998,-0.251002],[0.290471,0.485551,0.824541]],"s":1.02323,"t":[-119.435,37.5387,2.4432],"timestamp":629764381302},{"currentFrameRate":53.0889,"devices":[],"gestures":[],"hands":[{"armBasis":[[0.818975,0.152035,-0.553322],[0.0634373,0.934364,0.350627],[0.570312,-0.322256,0.755576]],"armWidth":52.9823,"confidence":1,"direction":[-0.278017,0.153736,-0.948194],"elbow":[150.005,106.827,281.139],"grabAngle":0.740227,"grabStrength":0,"id":90,"palmNormal":[-0.0061726,-0.987375,-0.158279],"palmPosition":[-5.67791,187.312,52.6267],"palmVelocity":[-2.43371,-6.93938,-0.0986874],"palmWidth":76.3009,"pinchDistance":46.7846,"pinchStrength":0.0302638,"r":[[0.760127,0.405612,-0.507628],[-0.581047,0.773999,-0.251613],[0.290847,0.486214,0.824017]],"s":1.02298,"sphereCenter":[20.0786,100.918,20.2934],"sphereRadius":95.8363,"stabilizedPalmPosition":[-7.19921,190.751,52.7329],"t":[-119.484,37.3697,2.44816],"timeVisible":4.42883,"type":"right","wrist":[20.9014,179.778,110.096]}],"id":31926,"interactionBox":{"center":[0,200,0],"size":[235.247,235.247,147.751]},"pointables":[{"bases":[[[0.337796,0.928486,-0.154298],[-0.661789,0.350866,0.662516],[0.669275,-0.121683,0.732983]],[[0.208039,0.934962,-0.287342],[-0.78835,0.334171,0.516561],[0.578986,0.119062,0.806597]],[[0.208039,0.934962,-0.287342],[-0.954013,0.258779,0.151306],[0.215824,0.242651,0.945802]],[[0.208039,0.934962,-0.287342],[-0.977034,0.184793,-0.106098],[-0.046099,0.302816,0.951934]]],"btipPosition":[-38.3948,156.625,24.9259],"carpPosition":[-9.14667,173.878,102.24],"dipPosition":[-39.2566,162.286,42.7224],"direction":[-0.215824,-0.242651,-0.945802],"extended":false,"handId":90,"id":900,"length":41.6313,"mcpPosition":[-9.14667,173.878,102.24],"pipPosition":[-33.3784,168.895,68.4822],"stabilizedTipPosition":[-42.6783,163.909,29.3928],"timeVisible":4.42883,"tipPosition":[-39.7539,158.993,28.9001],"tipVelocity":[5.03541,-13.1885,-0.16066],"tool":false,"touchDistance":0.320129,"touchZone":"hovering","type":0,"width":16.7759},{"bases":[[[0.90024,0.0634222,-0.430749],[-0.0584756,0.997982,0.0247293],[0.431449,0.00292601,0.902133]],[[0.960528,0.0629952,-0.270957],[-0.0820718,0.99484,-0.0596484],[0.265802,0.0795319,0.960742]],[[0.960528,0.0629952,-0.270957],[-0.152422,0.93398,-0.323185],[0.23271,0.351728,0.906716]],[[0.960528,0.0629952,-0.270957],[-0.198503,0.837596,-0.50895],[0.194891,0.542646,0.817039]]],"btipPosition":[-47.9321,174.595,-22.8097],"carpPosition":[-5.0398,191.702,94.4747],"dipPosition":[-45.2722,182.001,-11.6585],"direction":[-0.23271,-0.351728,-0.906716],"extended":true,"handId":90,"id":901,"length":46.9762,"mcpPosition":[-31.6571,191.522,38.8196],"pipPosition":[-40.7791,188.792,5.848],"stabilizedTipPosition":[-48.3343,180.325,-20.1713],"timeVisible":4.42883,"tipPosition":[-48.2,173.152,-19.7343],"tipVelocity":[-7.77054,-5.31343,-0.560836],"tool":false,"touchDistance":0.298256,"touchZone":"hovering","type":1,"width":16.0244},{"bases":[[[0.946944,-0.107833,-0.30277],[0.104049,0.994159,-0.0286498],[0.304091,-0.00437312,0.952633]],[[0.975952,-0.107607,-0.189574],[0.0894598,0.990771,-0.101834],[0.198782,0.082426,0.976571]],[[0.975952,-0.107607,-0.189574],[0.0197478,0.909734,-0.414722],[0.217088,0.401006,0.889982]],[[0.975952,-0.107607,-0.189574],[-0.0320438,0.789396,-0.613047],[0.215617,0.604379,0.766965]]],"btipPosition":[-29.7564,172.673,-35.3988],"carpPosition":[3.85605,193.773,89.6654],"dipPosition":[-26.5197,181.746,-23.8857],"direction":[-0.217088,-0.401006,-0.889982],"extended":true,"handId":90,"id":902,"length":53.5256,"mcpPosition":[-13.9347,194.028,33.9316],"pipPosition":[-21.5885,190.855,-3.6694],"stabilizedTipPosition":[-29.7375,178.911,-33.017],"timeVisible":4.42883,"tipPosition":[-30.0056,172.766,-32.8085],"tipVelocity":[-6.36658,-8.09749,-1.06141],"tool":false,"touchDistance":0.307009,"touchZone":"hovering","type":2,"width":15.7381},{"bases":[[[0.970816,-0.181936,-0.156255],[0.181079,0.983269,-0.0198257],[0.157247,-0.00904734,0.987518]],[[0.97778,-0.18216,-0.103747],[0.167701,0.97665,-0.134281],[0.125785,0.113899,0.985497]],[[0.97778,-0.18216,-0.103747],[0.109561,0.865982,-0.487926],[0.178724,0.465718,0.866698]],[[0.97778,-0.18216,-0.103747],[0.0597472,0.716531,-0.694992],[0.200938,0.673351,0.711493]]],"btipPosition":[-6.27355,169.475,-30.9584],"carpPosition":[13.4296,193.421,85.8846],"dipPosition":[-3.27454,179.525,-20.3394],"direction":[-0.178724,-0.465718,-0.866698],"extended":true,"handId":90,"id":903,"length":51.4663,"mcpPosition":[5.16975,193.896,34.0126],"pipPosition":[0.680385,189.831,-1.16044],"stabilizedTipPosition":[-6.33012,176.106,-29.0976],"timeVisible":4.42883,"tipPosition":[-6.42512,171.881,-29.2123],"tipVelocity":[-5.37281,-10.5826,-1.05574],"tool":false,"touchDistance":0.326558,"touchZone":"hovering","type":3,"width":14.9758},{"bases":[[[0.939137,-0.341707,-0.0354721],[0.343048,0.938313,0.0434357],[0.0184416,-0.0529606,0.998426]],[[0.93832,-0.344448,0.0301856],[0.345082,0.927389,-0.144455],[0.0217633,0.145961,0.989051]],[[0.93832,-0.344448,0.0301856],[0.294337,0.74989,-0.592478],[0.181442,0.564819,0.805021]],[[0.93832,-0.344448,0.0301856],[0.227231,0.548487,-0.804691],[0.260618,0.761917,0.592926]]],"btipPosition":[15.5708,166.449,-13.2179],"carpPosition":[23.5055,187.312,84.0075],"dipPosition":[19.1593,176.939,-5.0539],"direction":[-0.181442,-0.564819,-0.805021],"extended":true,"handId":90,"id":904,"length":40.3486,"mcpPosition":[22.6088,189.887,35.4597],"pipPosition":[21.9941,185.764,7.52361],"stabilizedTipPosition":[15.8768,173.251,-12.0656],"timeVisible":4.42883,"tipPosition":[16.5851,170.422,-12.8199],"tipVelocity":[-3.91018,-11.3039,-1.55003],"tool":false,"touchDistance":0.337377,"touchZone":"hovering","type":4,"width":13.3026}],"r":[[0.760127,0.405612,-0.507628],[-0.581047,0.773999,-0.251613],[0.290847,0.486214,0.824017]],"s":1.02298,"t":[-119.484,37.3697,2.44816],"timestamp":629764398887},{"currentFrameRate":53.2781,"devices":[],"gestures":[],"hands":[{"armBasis":[[0.818793,0.152175,-0.553553],[0.0636585,0.934216,0.350982],[0.570549,-0.32262,0.755242]],"armWidth":52.9936,"confidence":1,"direction":[-0.278178,0.15352,-0.948182],"elbow":[150.082,106.574,281.05],"grabAngle":0.739733,"grabStrength":0,"id":90,"palmNormal":[-0.00618687,-0.987411,-0.158056],"palmPosition":[-5.69228,187.146,52.58],"palmVelocity":[-0.794413,-9.15845,-2.58366],"palmWidth":76.3154,"pinchDistance":45.5621,"pinchStrength":0.0281271,"r":[[0.760155,0.404954,-0.50811],[-0.580845,0.773987,-0.252118],[0.291174,0.486782,0.823566]],"s":1.02286,"sphereCenter":[20.0567,100.957,20.2293],"sphereRadius":95.6696,"stabilizedPalmPosition":[-7.17983,190.704,52.731],"t":[-119.515,37.2023,2.42727],"timeVisible":4.44692,"type":"right","wrist":[20.9025,179.619,110.054]}],"id":31927,"interactionBox":{"center":[0,200,0],"size":[235.247,235.247,147.751]},"pointables":[{"bases":[[[0.337759,0.928455,-0.154562],[-0.661682,0.351007,0.662549],[0.669399,-0.12151,0.732898]],[[0.207502,0.934865,-0.288044],[-0.789251,0.333959,0.51532],[0.57795,0.120409,0.807141]],[[0.207502,0.934865,-0.288044],[-0.954599,0.257847,0.149182],[0.213736,0.244011,0.945926]],[[0.207502,0.934865,-0.288044],[-0.976976,0.183119,-0.109473],[-0.0495963,0.304128,0.951339]]],"btipPosition":[-38.2415,156.344,24.854],"carpPosition":[-9.15313,173.721,102.205],"dipPosition":[-39.1691,162.032,42.6461],"direction":[-0.213736,-0.244011,-0.945926],"extended":false,"handId":90,"id":900,"length":41.6469,"mcpPosition":[-9.15313,173.721,102.205],"pipPosition":[-33.3456,168.681,68.419],"stabilizedTipPosition":[-42.5836,163.769,29.3828],"timeVisible":4.44692,"tipPosition":[-39.7553,158.807,28.8664],"tipVelocity":[7.63591,-15.1559,-4.02845],"tool":false,"touchDistance":0.318915,"touchZone":"hovering","type":0,"width":16.7798},{"bases":[[[0.900167,0.0633368,-0.430914],[-0.0584839,0.997987,0.0245155],[0.4316,0.00313354,0.90206]],[[0.960347,0.0629501,-0.271609],[-0.0818485,0.994908,-0.0588101],[0.266524,0.0787088,0.960609]],[[0.960347,0.0629501,-0.271609],[-0.152397,0.934289,-0.322302],[0.233472,0.350914,0.906835]],[[0.960347,0.0629501,-0.271609],[-0.198647,0.838055,-0.508137],[0.195636,0.541942,0.817328]]],"btipPosition":[-48.009,174.474,-22.8802],"carpPosition":[-5.04652,191.546,94.4351],"dipPosition":[-45.3379,181.873,-11.7209],"direction":[-0.233472,-0.350914,-0.906835],"extended":true,"handId":90,"id":901,"length":46.9939,"mcpPosition":[-31.6782,191.353,38.774],"pipPosition":[-40.8284,188.651,5.79451],"stabilizedTipPosition":[-48.3191,180.258,-20.1736],"timeVisible":4.44692,"tipPosition":[-48.2217,172.987,-19.7737],"tipVelocity":[-4.10834,-6.78481,-3.79412],"tool":false,"touchDistance":0.297112,"touchZone":"hovering","type":1,"width":16.0281},{"bases":[[[0.946894,-0.107889,-0.302904],[0.104032,0.994154,-0.0288901],[0.30425,-0.00415585,0.952583]],[[0.975867,-0.107639,-0.189991],[0.0895976,0.990829,-0.101147],[0.199135,0.0816829,0.976562]],[[0.975867,-0.107639,-0.189991],[0.0197641,0.910033,-0.414064],[0.217467,0.400317,0.890199]],[[0.975867,-0.107639,-0.189991],[-0.0323023,0.789333,-0.613115],[0.215961,0.604456,0.766807]]],"btipPosition":[-29.8087,172.54,-35.4771],"carpPosition":[3.8498,193.616,89.623],"dipPosition":[-26.5656,181.617,-23.962],"direction":[-0.217467,-0.400317,-0.890199],"extended":true,"handId":90,"id":902,"length":53.5458,"mcpPosition":[-13.9537,193.86,33.8817],"pipPosition":[-21.6239,190.713,-3.73315],"stabilizedTipPosition":[-29.7211,178.807,-33.0124],"timeVisible":4.44692,"tipPosition":[-30.0297,172.59,-32.8478],"tipVelocity":[-2.81035,-7.33615,-4.30045],"tool":false,"touchDistance":0.305712,"touchZone":"hovering","type":2,"width":15.7417},{"bases":[[[0.970792,-0.181959,-0.156377],[0.181063,0.983267,-0.0200764],[0.157413,-0.00882407,0.987493]],[[0.977734,-0.182171,-0.10416],[0.167738,0.976722,-0.133713],[0.126094,0.113264,0.985531]],[[0.977734,-0.182171,-0.10416],[0.109468,0.86625,-0.48747],[0.179032,0.465214,0.866905]],[[0.977734,-0.182171,-0.10416],[0.0594101,0.716357,-0.6952],[0.201261,0.673533,0.711229]]],"btipPosition":[-6.31629,169.329,-31.0378],"carpPosition":[13.4241,193.264,85.84],"dipPosition":[-3.31133,179.385,-20.4187],"direction":[-0.179032,-0.465214,-0.866905],"extended":true,"handId":90,"id":903,"length":51.4857,"mcpPosition":[5.15399,193.727,33.9595],"pipPosition":[0.651912,189.683,-1.22802],"stabilizedTipPosition":[-6.31066,175.983,-29.0838],"timeVisible":4.44692,"tipPosition":[-6.45001,171.697,-29.253],"tipVelocity":[-2.28677,-8.02576,-4.38907],"tool":false,"touchDistance":0.325235,"touchZone":"hovering","type":3,"width":14.9792},{"bases":[[[0.939135,-0.341703,-0.0355529],[0.343044,0.938327,0.0431678],[0.0186097,-0.0527366,0.998435]],[[0.938342,-0.344421,0.0298104],[0.345008,0.927466,-0.144141],[0.0219968,0.145538,0.989108]],[[0.938342,-0.344421,0.0298104],[0.294227,0.75036,-0.591938],[0.181507,0.564212,0.805432]],[[0.938342,-0.344421,0.0298104],[0.227088,0.549062,-0.80434],[0.260663,0.761515,0.593422]]],"btipPosition":[15.5474,166.298,-13.306],"carpPosition":[23.5013,187.153,83.9622],"dipPosition":[19.1378,176.787,-5.1321],"direction":[-0.181507,-0.564212,-0.805432],"extended":true,"handId":90,"id":904,"length":40.3638,"mcpPosition":[22.5962,189.718,35.4048],"pipPosition":[21.9747,185.606,7.45656],"stabilizedTipPosition":[15.8881,173.148,-12.0511],"timeVisible":4.44692,"tipPosition":[16.5593,170.237,-12.8619],"tipVelocity":[-1.2705,-8.34385,-4.74352],"tool":false,"touchDistance":0.335685,"touchZone":"hovering","type":4,"width":13.3057}],"r":[[0.760155,0.404954,-0.50811],[-0.580845,0.773987,-0.252118],[0.291174,0.486782,0.823566]],"s":1.02286,"t":[-119.515,37.2023,2.42727],"timestamp":629764416978},{"currentFrameRate":53.4542,"devices":[],"gestures":[],"hands":[{"armBasis":[[0.818618,0.151527,-0.553989],[0.0649111,0.93398,0.35138],[0.570659,-0.323606,0.754737]],"armWidth":53.0068,"confidence":1,"direction":[-0.27806,0.153096,-0.948285],"elbow":[150.139,106.216,280.939],"grabAngle":0.739077,"grabStrength":0,"id":90,"palmNormal":[-0.0071568,-0.98752,-0.157332],"palmPosition":[-5.68818,187.02,52.5399],"palmVelocity":[0.226828,-6.96933,-2.2149],"palmWidth":76.3296,"pinchDistance":44.5266,"pinchStrength":0.0261636,"r":[[0.760254,0.404205,-0.508559],[-0.580534,0.774053,-0.252631],[0.291537,0.487299,0.823132]],"s":1.0229,"sphereCenter":[19.9481,100.932,20.2261],"sphereRadius":95.5499,"stabilizedPalmPosition":[-7.16191,190.66,52.7287],"t":[-119.529,37.0556,2.3968],"timeVisible":4.465,"type":"right","wrist":[20.9108,179.498,110.025]}],"id":31928,"interactionBox":{"center":[0,200,0],"size":[235.247,235.247,147.751]},"pointables":[{"bases":[[[0.33866,0.928011,-0.155254],[-0.661317,0.352139,0.662313],[0.669305,-0.121627,0.732965]],[[0.208032,0.934423,-0.289095],[-0.789684,0.334855,0.514074],[0.577167,0.12135,0.80756]],[[0.208032,0.934423,-0.289095],[-0.954869,0.258077,0.147044],[0.21201,0.245458,0.94594]],[[0.208032,0.934423,-0.289095],[-0.976699,0.182515,-0.112901],[-0.0527328,0.305846,0.95062]]],"btipPosition":[-38.1177,156.139,24.8045],"carpPosition":[-9.16115,173.632,102.184],"dipPosition":[-39.1043,161.861,42.5904],"direction":[-0.21201,-0.245458,-0.94594],"extended":false,"handId":90,"id":900,"length":41.664,"mcpPosition":[-9.16115,173.632,102.184],"pipPosition":[-33.3254,168.552,68.3744],"stabilizedTipPosition":[-42.4938,163.635,29.3725],"timeVisible":4.465,"tipPosition":[-39.764,158.684,28.8488],"tipVelocity":[6.10097,-10.9414,-2.81621],"tool":false,"touchDistance":0.318066,"touchZone":"hovering","type":0,"width":16.7845},{"bases":[[[0.900214,0.0621414,-0.43099],[-0.057508,0.998062,0.0237856],[0.431633,0.00337328,0.902043]],[[0.960229,0.0618172,-0.272286],[-0.0806828,0.995014,-0.0586333],[0.267303,0.0782701,0.960428]],[[0.960229,0.0618172,-0.272286],[-0.151465,0.934552,-0.321978],[0.234561,0.350415,0.906747]],[[0.960229,0.0618172,-0.272286],[-0.19797,0.838416,-0.507806],[0.196897,0.541514,0.817309]]],"btipPosition":[-48.0779,174.387,-22.9423],"carpPosition":[-5.03669,191.451,94.3996],"dipPosition":[-45.3885,181.784,-11.7787],"direction":[-0.234561,-0.350415,-0.906747],"extended":true,"handId":90,"id":901,"length":47.0132,"mcpPosition":[-31.6753,191.243,38.7291],"pipPosition":[-40.8561,188.555,5.74226],"stabilizedTipPosition":[-48.3074,180.201,-20.1763],"timeVisible":4.465,"tipPosition":[-48.2297,172.867,-19.805],"tipVelocity":[-3.58046,-4.80998,-3.38007],"tool":false,"touchDistance":0.296094,"touchZone":"hovering","type":1,"width":16.0325},{"bases":[[[0.946778,-0.109036,-0.302856],[0.105002,0.994031,-0.0296224],[0.304278,-0.00375464,0.952576]],[[0.975691,-0.108735,-0.190272],[0.09071,0.990739,-0.10103],[0.199495,0.0813147,0.976519]],[[0.975691,-0.108735,-0.190272],[0.0207052,0.910081,-0.413913],[0.218169,0.399911,0.89021]],[[0.975691,-0.108735,-0.190272],[-0.0317248,0.789,-0.613574],[0.216841,0.604695,0.766371]]],"btipPosition":[-29.8498,172.42,-35.5459],"carpPosition":[3.8632,193.509,89.5847],"dipPosition":[-26.5922,181.505,-24.0326],"direction":[-0.218169,-0.399911,-0.89021],"extended":true,"handId":90,"id":902,"length":53.5678,"mcpPosition":[-13.9452,193.729,33.8334],"pipPosition":[-21.6325,190.596,-3.79523],"stabilizedTipPosition":[-29.7086,178.72,-33.0101],"timeVisible":4.465,"tipPosition":[-30.0384,172.434,-32.8765],"tipVelocity":[-2.08794,-6.50687,-3.83043],"tool":false,"touchDistance":0.304558,"touchZone":"hovering","type":2,"width":15.7461},{"bases":[[[0.970609,-0.183022,-0.156275],[0.182023,0.983074,-0.0208033],[0.157437,-0.0082538,0.987494]],[[0.977526,-0.183203,-0.104307],[0.168762,0.976556,-0.133635],[0.126344,0.113029,0.985526]],[[0.977526,-0.183203,-0.104307],[0.110329,0.866186,-0.487391],[0.17964,0.464929,0.866932]],[[0.977526,-0.183203,-0.104307],[0.0599454,0.715905,-0.69562],[0.202113,0.673734,0.710798]]],"btipPosition":[-6.34416,169.181,-31.1073],"carpPosition":[13.4389,193.145,85.8009],"dipPosition":[-3.32524,179.245,-20.4903],"direction":[-0.17964,-0.464929,-0.866932],"extended":true,"handId":90,"id":903,"length":51.5069,"mcpPosition":[5.16595,193.578,33.9107],"pipPosition":[0.653105,189.541,-1.29107],"stabilizedTipPosition":[-6.29492,175.876,-29.0738],"timeVisible":4.465,"tipPosition":[-6.46058,171.511,-29.2793],"tipVelocity":[-1.3644,-8.06043,-3.86955],"tool":false,"touchDistance":0.324069,"touchZone":"hovering","type":3,"width":14.9834},{"bases":[[[0.9388,-0.342647,-0.0353331],[0.343962,0.938023,0.0424686],[0.0185915,-0.0520227,0.998473]],[[0.938014,-0.34531,0.0298439],[0.345892,0.927141,-0.144111],[0.0220934,0.145501,0.989111]],[[0.938014,-0.34531,0.0298439],[0.295061,0.750398,-0.591475],[0.181847,0.563617,0.805771]],[[0.938014,-0.34531,0.0298439],[0.227804,0.549334,-0.803951],[0.261218,0.760916,0.593946]]],"btipPosition":[15.5402,166.141,-13.3848],"carpPosition":[23.512,187.022,83.927],"dipPosition":[19.1397,176.626,-5.20029],"direction":[-0.181847,-0.563617,-0.805771],"extended":true,"handId":90,"id":904,"length":40.3804,"mcpPosition":[22.6076,189.552,35.3587],"pipPosition":[21.9831,185.439,7.39886],"stabilizedTipPosition":[15.8976,173.057,-12.0402],"timeVisible":4.465,"tipPosition":[16.544,170.035,-12.8845],"tipVelocity":[-0.282213,-8.72298,-4.22348],"tool":fals