{"frames":48,"data":[{"currentFrameRate":55.2982,"devices":[],"gestures":[],"hands":[{"armBasis":[[0.329391,-0.76918,-0.547598],[0.943393,0.244237,0.224404],[-0.0388631,-0.590517,0.806089]],"armWidth":68.3654,"confidence":1,"direction":[0.279724,0.273371,-0.920338],"elbow":[143.166,42.3955,335.169],"grabAngle":0.400285,"grabStrength":0,"id":47,"palmNormal":[-0.915754,-0.211943,-0.341285],"palmPosition":[166.685,236.991,41.7848],"palmVelocity":[-72.5115,-7.41142,-9.7574],"palmWidth":93.2028,"pinchDistance":60.4288,"pinchStrength":0,"r":[[-0.173279,0.766438,-0.618504],[-0.514996,-0.605817,-0.606436],[-0.839496,0.213444,0.499688]],"s":0.891595,"sphereCenter":[29.2673,186.779,-31.0753],"sphereRadius":167.342,"stabilizedPalmPosition":[170.798,235.395,41.652],"t":[35.6078,-58.7071,17.3159],"timeVisible":6.85112,"type":"right","wrist":[153.914,205.713,112.232]}],"id":21653,"interactionBox":{"center":[0,200,0],"size":[235.247,235.247,147.751]},"pointables":[{"bases":[[[0.989692,-0.134646,0.0487861],[0.068304,0.74321,0.665563],[-0.125874,-0.65537,0.744745]],[[0.993541,-0.111263,0.0222803],[0.0603648,0.684516,0.726494],[-0.0960832,-0.720457,0.686811]],[[0.993541,-0.111263,0.0222803],[0.0939823,0.916904,0.387885],[-0.0635862,-0.383286,0.921438]],[[0.993541,-0.111263,0.0222803],[0.107112,0.984409,0.139519],[-0.0374562,-0.136231,0.989969]]],"btipPosition":[145.975,292.848,7.44415],"carpPosition":[137.985,239.577,97.7397],"dipPosition":[145.089,289.625,30.8642],"direction":[0.0635862,0.383286,-0.921438],"extended":true,"handId":47,"id":470,"length":52.6816,"mcpPosition":[137.985,239.577,97.7397],"pipPosition":[142.898,276.415,62.6219],"stabilizedTipPosition":[149.605,290.688,12.2055],"timeVisible":6.85112,"tipPosition":[143.458,292.189,12.897],"tipVelocity":[-83.6471,-0.311673,0.492279],"tool":false,"touchDistance":0.23407,"touchZone":"hovering","type":0,"width":22.1582},{"bases":[[[0.331229,-0.879049,-0.34287],[0.939346,0.272943,0.207682],[-0.0889788,-0.390864,0.916138]],[[0.296922,-0.950251,-0.094124],[0.930312,0.265642,0.252892],[-0.215308,-0.162654,0.962905]],[[0.296922,-0.950251,-0.094124],[0.953945,0.290769,0.0737732],[-0.0427347,-0.111694,0.992823]],[[0.296922,-0.950251,-0.094124],[0.951846,0.30241,-0.050375],[0.0763329,-0.0746341,0.994285]]],"btipPosition":[177.556,279.604,-59.3764],"carpPosition":[161.775,239.067,92.9093],"dipPosition":[178.874,278.315,-42.2043],"direction":[0.0427347,0.111694,-0.992823],"extended":true,"handId":47,"id":471,"length":59.4453,"mcpPosition":[168.48,268.522,23.8703],"pipPosition":[177.83,275.586,-17.9471],"stabilizedTipPosition":[182.731,278.15,-55.2743],"timeVisible":6.85112,"tipPosition":[174.065,279.053,-54.654],"tipVelocity":[-78.3651,-4.43569,-7.02436],"tool":false,"touchDistance":0.333225,"touchZone":"hovering","type":1,"width":21.1655},{"bases":[[[0.151141,-0.957338,-0.246291],[0.979639,0.111753,0.166789],[-0.13215,-0.266485,0.954737]],[[0.126425,-0.988739,-0.0800803],[0.973201,0.107995,0.203021],[-0.192086,-0.103601,0.975894]],[[0.126425,-0.988739,-0.0800803],[0.991878,0.127136,-0.00383066],[0.0139686,-0.0789456,0.996781]],[[0.126425,-0.988739,-0.0800803],[0.972863,0.139355,-0.184711],[0.19379,-0.0545552,0.979525]]],"btipPosition":[182.319,256.209,-74.5971],"carpPosition":[167.599,228.811,88.4406],"dipPosition":[186.001,255.172,-55.9902],"direction":[-0.0139686,0.0789456,-0.996781],"extended":true,"handId":47,"id":472,"length":67.7331,"mcpPosition":[177.043,247.855,20.2106],"pipPosition":[186.402,252.903,-27.338],"stabilizedTipPosition":[187.77,254.502,-70.0276],"timeVisible":6.85112,"tipPosition":[180.741,257.591,-69.9006],"tipVelocity":[-72.8499,4.54065,-7.97893],"tool":false,"touchDistance":0.333209,"touchZone":"hovering","type":2,"width":20.7874},{"bases":[[[0.0557645,-0.991802,-0.114977],[0.983222,0.0345175,0.179117],[-0.173679,-0.123037,0.977086]],[[0.0491553,-0.995746,-0.0779375],[0.98605,0.0359561,0.162521],[-0.159027,-0.084839,0.983622]],[[0.0491553,-0.995746,-0.0779375],[0.996997,0.0535919,-0.0558935],[0.0598325,-0.074956,0.99539]],[[0.0491553,-0.995746,-0.0779375],[0.969656,0.0662857,-0.235317],[0.239482,-0.0640055,0.968789]]],"btipPosition":[182.634,232.184,-68.58],"carpPosition":[170.506,217.15,84.708],"dipPosition":[187.157,230.975,-50.2829],"direction":[-0.0598325,0.0749561,-0.99539],"extended":true,"handId":47,"id":473,"length":65.1272,"mcpPosition":[181.65,225.045,22.0149],"pipPosition":[188.832,228.876,-22.4096],"stabilizedTipPosition":[188.13,230.475,-63.9743],"timeVisible":6.85112,"tipPosition":[182.564,233.699,-64.0642],"tipVelocity":[-63.6277,8.90467,-9.98123],"tool":false,"touchDistance":0.333178,"touchZone":"hovering","type":3,"width":19.7805},{"bases":[[[-0.12794,-0.991354,-0.0291216],[0.960693,-0.131171,0.244668],[-0.246372,0.00332598,0.96917]],[[-0.114535,-0.990104,-0.0810867],[0.977416,-0.126906,0.168975],[-0.177593,-0.0599019,0.982279]],[[-0.114535,-0.990104,-0.0810867],[0.986236,-0.10353,-0.128915],[0.119245,-0.094736,0.988335]],[[-0.114535,-0.990104,-0.0810867],[0.946203,-0.0838623,-0.312518],[0.302626,-0.112519,0.946445]]],"btipPosition":[179.685,209.228,-46.7293],"carpPosition":[166.335,203.451,81.975],"dipPosition":[184.958,207.268,-30.2387],"direction":[-0.119245,0.094736,-0.988335],"extended":true,"handId":47,"id":474,"length":51.0585,"mcpPosition":[180.968,203.254,24.4108],"pipPosition":[187.316,205.395,-10.6985],"stabilizedTipPosition":[185.305,207.384,-42.5022],"timeVisible":6.85112,"tipPosition":[181.648,209.423,-42.864],"tipVelocity":[-53.6956,7.25654,-12.4534],"tool":false,"touchDistance":0.33314,"touchZone":"hovering","type":4,"width":17.5706}],"r":[[-0.173279,0.766438,-0.618504],[-0.514996,-0.605817,-0.606436],[-0.839496,0.213444,0.499688]],"s":0.891595,"t":[35.6078,-58.7071,17.3159],"timestamp":629570083329},{"currentFrameRate":55.3344,"devices":[],"gestures":[],"hands":[{"armBasis":[[0.333386,-0.764469,-0.551762],[0.942063,0.247138,0.226804],[-0.0370228,-0.595408,0.80257]],"armWidth":68.3654,"confidence":1,"direction":[0.278862,0.277839,-0.919262],"elbow":[141.887,40.4863,333.721],"grabAngle":0.395254,"grabStrength":0,"id":47,"palmNormal":[-0.914729,-0.214624,-0.342355],"palmPosition":[164.793,236.762,41.4384],"palmVelocity":[-105.412,-12.7509,-19.3019],"palmWidth":93.2028,"pinchDistance":60.4969,"pinchStrength":0,"r":[[-0.174215,0.767067,-0.617461],[-0.515464,-0.605314,-0.606541],[-0.839015,0.21261,0.50085]],"s":0.891591,"sphereCenter":[24.9146,186.116,-32.0652],"sphereRadius":169.812,"stabilizedPalmPosition":[170.269,235.515,41.6332],"t":[34.1762,-58.835,17.0986],"timeVisible":6.86907,"type":"right","wrist":[152.127,205.156,111.757]}],"id":21654,"interactionBox":{"center":[0,200,0],"size":[235.247,235.247,147.751]},"pointables":[{"bases":[[[0.990241,-0.130602,0.0486494],[0.0649158,0.741117,0.66823],[-0.123327,-0.65855,0.742362]],[[0.993961,-0.107389,0.022543],[0.057049,0.681236,0.729837],[-0.0937336,-0.724144,0.683249]],[[0.993961,-0.107389,0.022543],[0.0900203,0.915511,0.392093],[-0.0627448,-0.387696,0.919649]],[[0.993961,-0.107389,0.022543],[0.102953,0.983765,0.146995],[-0.0379626,-0.143786,0.98888]]],"btipPosition":[143.917,292.817,7.36619],"carpPosition":[136.064,239.027,97.3922],"dipPosition":[143.019,289.415,30.7605],"direction":[0.0627448,0.387696,-0.919649],"extended":true,"handId":47,"id":470,"length":52.6816,"mcpPosition":[136.064,239.027,97.3922],"pipPosition":[140.856,276.053,62.4566],"stabilizedTipPosition":[148.977,290.832,12.2632],"timeVisible":6.86907,"tipPosition":[141.368,291.964,12.7394],"tipVelocity":[-114.841,-4.03462,-4.67343],"tool":false,"touchDistance":0.234163,"touchZone":"hovering","type":0,"width":22.1582},{"bases":[[[0.335085,-0.876403,-0.345884],[0.938105,0.2762,0.208979],[-0.0876163,-0.394502,0.914709]],[[0.300654,-0.948946,-0.0954422],[0.929401,0.269052,0.252635],[-0.214058,-0.16466,0.962843]],[[0.300654,-0.948946,-0.0954422],[0.952685,0.294124,0.0767031],[-0.0447153,-0.113987,0.992475]],[[0.300654,-0.948946,-0.0954422],[0.950991,0.305868,-0.0454016],[0.0722763,-0.0771145,0.994399]]],"btipPosition":[175.6,279.632,-59.6006],"carpPosition":[159.857,238.635,92.5682],"dipPosition":[176.848,278.3,-42.4264],"direction":[0.0447153,0.113987,-0.992475],"extended":true,"handId":47,"id":471,"length":59.4453,"mcpPosition":[166.46,268.364,23.6369],"pipPosition":[175.756,275.515,-18.1777],"stabilizedTipPosition":[181.873,278.298,-55.3215],"timeVisible":6.86907,"tipPosition":[172.068,279.2,-54.8561],"tipVelocity":[-109.891,1.0189,-12.4621],"tool":false,"touchDistance":0.333143,"touchZone":"hovering","type":1,"width":21.1655},{"bases":[[[0.155301,-0.955802,-0.249648],[0.979099,0.11533,0.167526],[-0.13133,-0.270447,0.953735]],[[0.130627,-0.987923,-0.0833324],[0.972919,0.111568,0.202439],[-0.190697,-0.10752,0.975743]],[[0.130627,-0.987923,-0.0833324],[0.991361,0.131156,-0.000877906],[0.0117968,-0.0824978,0.996521]],[[0.130627,-0.987923,-0.0833324],[0.973166,0.143827,-0.179615],[0.189431,-0.0576336,0.980201]]],"btipPosition":[180.466,256.452,-74.8991],"carpPosition":[165.726,228.42,88.0651],"dipPosition":[184.064,255.357,-56.2794],"direction":[-0.0117968,0.0824978,-0.996521],"extended":true,"handId":47,"id":472,"length":67.7331,"mcpPosition":[175.112,247.747,19.9066],"pipPosition":[184.403,252.986,-27.6346],"stabilizedTipPosition":[187.044,254.692,-70.0936],"timeVisible":6.86907,"tipPosition":[178.81,257.813,-70.1701],"tipVelocity":[-104.339,12.8192,-16.6617],"tool":false,"touchDistance":0.333079,"touchZone":"hovering","type":2,"width":20.7874},{"bases":[[[0.0600283,-0.991139,-0.11849],[0.983007,0.0380671,0.179579],[-0.173477,-0.127257,0.976581]],[[0.0536028,-0.995151,-0.0824672],[0.986089,0.0397398,0.161398],[-0.157338,-0.0899713,0.983438]],[[0.0536028,-0.995151,-0.0824672],[0.996921,0.0580646,-0.0526918],[0.0572247,-0.0793888,0.9952]],[[0.0536028,-0.995151,-0.0824672],[0.970796,0.0712742,-0.229075],[0.233842,-0.0677797,0.969909]]],"btipPosition":[180.902,232.517,-68.9712],"carpPosition":[168.684,216.785,84.292],"dipPosition":[185.319,231.237,-50.6529],"direction":[-0.0572247,0.0793888,-0.9952],"extended":true,"handId":47,"id":473,"length":65.1272,"mcpPosition":[179.815,224.95,21.6312],"pipPosition":[186.921,229.014,-22.7849],"stabilizedTipPosition":[187.501,230.652,-64.0537],"timeVisible":6.86907,"tipPosition":[180.731,233.901,-64.419],"tipVelocity":[-97.8305,17.6274,-21.5235],"tool":false,"touchDistance":0.333004,"touchZone":"hovering","type":3,"width":19.7805},{"bases":[[[-0.123705,-0.99178,-0.0326973],[0.961163,-0.127948,0.244532],[-0.246706,-0.00117752,0.96909]],[[-0.109721,-0.990163,-0.0868198],[0.978023,-0.123128,0.168258],[-0.177293,-0.0664503,0.981912]],[[-0.109721,-0.990163,-0.0868198],[0.987229,-0.0984106,-0.125278],[0.115502,-0.0994566,0.988316]],[[-0.109721,-0.990163,-0.0868198],[0.948681,-0.0782579,-0.3064],[0.296592,-0.115983,0.947935]]],"btipPosition":[178.111,209.51,-47.2033],"carpPosition":[164.573,203.078,81.5087],"dipPosition":[183.279,207.49,-30.6868],"direction":[-0.115502,0.0994566,-0.988316],"extended":true,"handId":47,"id":474,"length":51.0585,"mcpPosition":[179.226,203.148,23.9493],"pipPosition":[185.563,205.523,-11.1469],"stabilizedTipPosition":[184.804,207.523,-42.5775],"timeVisible":6.86907,"tipPosition":[179.894,209.553,-43.3042],"tipVelocity":[-89.0516,14.9497,-26.0785],"tool":false,"touchDistance":0.332934,"touchZone":"hovering","type":4,"width":17.5706}],"r":[[-0.174215,0.767067,-0.617461],[-0.515464,-0.605314,-0.606541],[-0.839015,0.21261,0.50085]],"s":0.891591,"t":[34.1762,-58.835,17.0986],"timestamp":629570101276},{"currentFrameRate":55.318,"devices":[],"gestures":[],"hands":[{"armBasis":[[0.337028,-0.757577,-0.559007],[0.940877,0.249507,0.229122],[-0.0341018,-0.603177,0.796878]],"armWidth":68.3654,"confidence":1,"direction":[0.273471,0.278646,-0.920636],"elbow":[140.543,38.0523,331.72],"grabAngle":0.385021,"grabStrength":0,"id":47,"palmNormal":[-0.915352,-0.218688,-0.338091],"palmPosition":[162.224,236.598,40.998],"palmVelocity":[-141.695,-9.06338,-24.2881],"palmWidth":93.2028,"pinchDistance":60.5707,"pinchStrength":0,"r":[[-0.176183,0.767369,-0.616526],[-0.515872,-0.605403,-0.606105],[-0.838353,0.211263,0.502526]],"s":0.892001,"sphereCenter":[18.9541,184.912,-32.5078],"sphereRadius":173.004,"stabilizedPalmPosition":[169.109,235.671,41.5416],"t":[32.1756,-58.9812,16.7696],"timeVisible":6.8872,"type":"right","wrist":[149.974,204.871,111.33]}],"id":21655,"interactionBox":{"center":[0,200,0],"size":[235.247,235.247,147.751]},"pointables":[{"bases":[[[0.991003,-0.126334,0.0441822],[0.0647834,0.741669,0.66763],[-0.117113,-0.658761,0.743181]],[[0.994514,-0.103045,0.0179698],[0.0573578,0.680901,0.730126],[-0.0874713,-0.72509,0.683077]],[[0.994514,-0.103045,0.0179698],[0.0877826,0.91563,0.39232],[-0.0568802,-0.38859,0.919653]],[[0.994514,-0.103045,0.0179698],[0.0991496,0.98341,0.151902],[-0.0333244,-0.149287,0.988232]]],"btipPosition":[140.962,292.762,7.07938],"carpPosition":[133.74,238.763,97.0814],"dipPosition":[140.173,289.231,30.4584],"direction":[0.0568802,0.38859,-0.919653],"extended":true,"handId":47,"id":470,"length":52.6816,"mcpPosition":[133.74,238.763,97.0814],"pipPosition":[138.213,275.838,62.1546],"stabilizedTipPosition":[147.52,291.031,12.2976],"timeVisible":6.8872,"tipPosition":[138.461,291.691,12.385],"tipVelocity":[-161.587,-4.67006,-16.0109],"tool":false,"touchDistance":0.235654,"touchZone":"hovering","type":0,"width":22.1582},{"bases":[[[0.337261,-0.875103,-0.347059],[0.937855,0.280308,0.204585],[-0.0817494,-0.394489,0.915257]],[[0.304174,-0.947788,-0.0957945],[0.929509,0.273277,0.247654],[-0.208545,-0.164372,0.964101]],[[0.304174,-0.947788,-0.0957945],[0.951572,0.297591,0.0771424],[-0.044607,-0.11462,0.992407]],[[0.304174,-0.947788,-0.0957945],[0.950077,0.309163,-0.0420887],[0.0695072,-0.0782099,0.994511]]],"btipPosition":[172.619,279.489,-60.116],"carpPosition":[157.513,238.471,92.149],"dipPosition":[173.82,278.138,-42.9399],"direction":[0.044607,0.11462,-0.992407],"extended":true,"handId":47,"id":471,"length":59.4453,"mcpPosition":[163.673,268.199,23.1764],"pipPosition":[172.73,275.338,-18.6929],"stabilizedTipPosition":[180.086,278.473,-55.4894],"timeVisible":6.8872,"tipPosition":[168.931,279.029,-55.3567],"tipVelocity":[-164.97,-8.13192,-28.3989],"tool":false,"touchDistance":0.332922,"touchZone":"hovering","type":1,"width":21.1655},{"bases":[[[0.158259,-0.955232,-0.249971],[0.979349,0.119597,0.16301],[-0.125816,-0.270607,0.954433]],[[0.134533,-0.987355,-0.0838554],[0.973391,0.115838,0.197716],[-0.185502,-0.108223,0.976666]],[[0.134533,-0.987355,-0.0838554],[0.990849,0.134975,0.000394136],[0.0109293,-0.0831411,0.996478]],[[0.134533,-0.987355,-0.0838554],[0.973558,0.14747,-0.174465],[0.184625,-0.0581668,0.981086]]],"btipPosition":[177.614,256.386,-75.4513],"carpPosition":[163.405,228.279,87.6232],"dipPosition":[181.121,255.281,-56.8148],"direction":[-0.0109293,0.0831411,-0.996478],"extended":true,"handId":47,"id":472,"length":67.7331,"mcpPosition":[172.397,247.618,19.4149],"pipPosition":[181.435,252.891,-28.1713],"stabilizedTipPosition":[185.491,254.952,-70.2865],"timeVisible":6.8872,"tipPosition":[175.696,257.631,-70.6913],"tipVelocity":[-158.428,-3.7874,-30.2403],"tool":false,"touchDistance":0.33289,"touchZone":"hovering","type":2,"width":20.7874},{"bases":[[[0.0637386,-0.990922,-0.118366],[0.983643,0.0423575,0.175076],[-0.168473,-0.127589,0.977414]],[[0.057585,-0.994898,-0.082831],[0.986689,0.0440775,0.156533],[-0.152084,-0.0907424,0.984193]],[[0.057585,-0.994898,-0.082831],[0.996799,0.0619067,-0.0505866],[0.0554564,-0.0796528,0.995279]],[[0.057585,-0.994898,-0.082831],[0.971979,0.0748117,-0.222847],[0.227907,-0.0676773,0.971328]]],"btipPosition":[178.217,232.449,-69.5384],"carpPosition":[166.396,216.655,83.8413],"dipPosition":[182.522,231.171,-51.1933],"direction":[-0.0554564,0.0796528,-0.995279],"extended":true,"handId":47,"id":473,"length":65.1272,"mcpPosition":[177.206,224.842,21.1272],"pipPosition":[184.075,228.94,-23.3231],"stabilizedTipPosition":[186.164,230.894,-64.2576],"timeVisible":6.8872,"tipPosition":[177.724,233.725,-64.9385],"tipVelocity":[-149.494,-3.71788,-30.9376],"tool":false,"touchDistance":0.332872,"touchZone":"hovering","type":3,"width":19.7805},{"bases":[[[-0.119597,-0.992315,-0.0317352],[0.962808,-0.123722,0.240194],[-0.242275,-0.00182831,0.970206]],[[-0.105649,-0.990611,-0.0867685],[0.9793,-0.118798,0.163887],[-0.172656,-0.0676579,0.982656]],[[-0.105649,-0.990611,-0.0867685],[0.988005,-0.0946861,-0.121985],[0.112624,-0.0986153,0.988732]],[[-0.105649,-0.990611,-0.0867685],[0.951275,-0.0752624,-0.299018],[0.28968,-0.114132,0.950294]]],"btipPosition":[175.618,209.395,-47.7719],"carpPosition":[162.33,202.93,81.0824],"dipPosition":[180.665,207.407,-31.2142],"direction":[-0.112624,0.0986153,-0.988732],"extended":true,"handId":47,"id":474,"length":51.0585,"mcpPosition":[176.72,203.039,23.4566],"pipPosition":[182.892,205.457,-11.6661],"stabilizedTipPosition":[183.733,207.712,-42.7625],"timeVisible":6.8872,"tipPosition":[177.048,209.408,-43.8052],"tipVelocity":[-139.047,-5.94502,-30.8324],"tool":false,"touchDistance":0.332865,"touchZone":"hovering","type":4,"width":17.5706}],"r":[[-0.176183,0.767369,-0.616526],[-0.515872,-0.605403,-0.606105],[-0.838353,0.211263,0.502526]],"s":0.892001,"t":[32.1756,-58.9812,16.7696],"timestamp":629570119410},{"currentFrameRate":55.3326,"devices":[],"gestures":[],"hands":[{"armBasis":[[0.336655,-0.751536,-0.567324],[0.941174,0.249849,0.227525],[-0.0292477,-0.610548,0.791439]],"armWidth":68.3654,"confidence":1,"direction":[0.269867,0.280678,-0.921082],"elbow":[138.741,35.658,329.654],"grabAngle":0.373879,"grabStrength":0,"id":47,"palmNormal":[-0.916292,-0.21914,-0.335241],"palmPosition":[158.78,236.46,40.4885],"palmVelocity":[-191.096,-7.61832,-28.2728],"palmWidth":93.2028,"pinchDistance":60.6359,"pinchStrength":0,"r":[[-0.178376,0.767795,-0.615364],[-0.516487,-0.605371,-0.605613],[-0.83751,0.209801,0.50454]],"s":0.892659,"sphereCenter":[10.8335,183.769,-33.5468],"sphereRadius":177.501,"stabilizedPalmPosition":[166.637,235.86,41.2895],"t":[29.4534,-59.1229,16.3504],"timeVisible":6.90522,"type":"right","wrist":[146.83,204.515,110.769]}],"id":21656,"interactionBox":{"center":[0,200,0],"size":[235.247,235.247,147.751]},"pointables":[{"bases":[[[0.991302,-0.125246,0.0404233],[0.0662878,0.740504,0.668775],[-0.113695,-0.660278,0.742365]],[[0.994793,-0.101049,0.0132849],[0.0592587,0.67952,0.73126],[-0.0829205,-0.726665,0.681969]],[[0.994793,-0.101049,0.0132849],[0.0876939,0.915069,0.393648],[-0.0519344,-0.390433,0.919165]],[[0.994793,-0.101049,0.0132849],[0.0976225,0.982176,0.160622],[-0.0292789,-0.158489,0.986927]]],"btipPosition":[137.216,292.849,6.77903],"carpPosition":[130.493,238.488,96.6767],"dipPosition":[136.523,289.1,30.1272],"direction":[0.0519344,0.390433,-0.919165],"extended":true,"handId":47,"id":470,"length":52.6816,"mcpPosition":[130.493,238.488,96.6767],"pipPosition":[134.733,275.643,61.8065],"stabilizedTipPosition":[144.542,291.303,12.2553],"timeVisible":6.90522,"tipPosition":[134.878,291.583,12.0638],"tipVelocity":[-206.614,2.03203,-17.0599],"tool":false,"touchDistance":0.241419,"touchZone":"hovering","type":0,"width":22.1582},{"bases":[[[0.337051,-0.874058,-0.349884],[0.938247,0.281034,0.201771],[-0.0780299,-0.396285,0.914806]],[[0.304795,-0.947388,-0.097756],[0.930339,0.274184,0.2435],[-0.203885,-0.165164,0.964962]],[[0.304795,-0.947388,-0.097756],[0.9514,0.298118,0.0772227],[-0.0440171,-0.116542,0.99221]],[[0.304795,-0.947388,-0.097756],[0.949964,0.309767,-0.0401605],[0.0683292,-0.0806239,0.9944]]],"btipPosition":[168.879,279.509,-60.6024],"carpPosition":[154.249,238.233,91.6593],"dipPosition":[170.059,278.117,-43.4282],"direction":[0.0440171,0.116542,-0.99221],"extended":true,"handId":47,"id":471,"length":59.4453,"mcpPosition":[160.129,268.097,22.7207],"pipPosition":[168.983,275.27,-19.186],"stabilizedTipPosition":[176.743,278.692,-55.8449],"timeVisible":6.90522,"tipPosition":[165.123,279.079,-55.8163],"tipVelocity":[-207.831,0.604251,-27.0118],"tool":false,"touchDistance":0.332952,"touchZone":"hovering","type":1,"width":21.1655},{"bases":[[[0.15849,-0.954579,-0.25231],[0.979782,0.12045,0.159749],[-0.122103,-0.272527,0.954369]],[[0.135474,-0.986979,-0.086718],[0.974023,0.116642,0.194098],[-0.181455,-0.11076,0.977142]],[[0.135474,-0.986979,-0.086718],[0.990741,0.135736,0.0028915],[0.00891691,-0.0863067,0.996229]],[[0.135474,-0.986979,-0.086718],[0.974572,0.148513,-0.167792],[0.178486,-0.0617815,0.982001]]],"btipPosition":[174.057,256.584,-76.0097],"carpPosition":[160.137,228.057,87.0936],"dipPosition":[177.448,255.41,-57.3559],"direction":[-0.00891691,0.0863068,-0.996229],"extended":true,"handId":47,"id":472,"length":67.7331,"mcpPosition":[168.863,247.533,18.8899],"pipPosition":[177.704,252.929,-28.7195],"stabilizedTipPosition":[182.524,255.331,-70.6856],"timeVisible":6.90522,"tipPosition":[171.889,257.69,-71.2187],"tipVelocity":[-198.826,10.1123,-30.7631],"tool":false,"touchDistance":0.332896,"touchZone":"hovering","type":2,"width":20.7874},{"bases":[[[0.0644798,-0.990625,-0.120436],[0.98421,0.043193,0.171656],[-0.164845,-0.129603,0.977767]],[[0.0585693,-0.994611,-0.0855443],[0.987077,0.0448952,0.153828],[-0.149159,-0.0934484,0.984388]],[[0.0585693,-0.994611,-0.0855443],[0.997027,0.0625782,-0.0449574],[0.0500684,-0.0826569,0.99532]],[[0.0585693,-0.994611,-0.0855443],[0.974163,0.0756672,-0.212795],[0.218121,-0.0708708,0.973345]]],"btipPosition":[174.92,232.633,-70.1709],"carpPosition":[163.128,216.443,83.2795],"dipPosition":[179.04,231.294,-51.7877],"direction":[-0.0500684,0.0826569,-0.99532],"extended":true,"handId":47,"id":473,"length":65.1272,"mcpPosition":[173.705,224.759,20.5427],"pipPosition":[180.442,228.98,-23.9164],"stabilizedTipPosition":[183.636,231.246,-64.6714],"timeVisible":6.90522,"tipPosition":[173.969,233.756,-65.5214],"tipVelocity":[-185.322,9.43793,-34.6116],"tool":false,"touchDistance":0.332835,"touchZone":"hovering","type":3,"width":19.7805},{"bases":[[[-0.118545,-0.992395,-0.0331567],[0.963801,-0.123032,0.236539],[-0.23882,-0.00391594,0.971056]],[[-0.104555,-0.990512,-0.089182],[0.979726,-0.117994,0.161908],[-0.170895,-0.0704456,0.982768]],[[-0.104555,-0.990512,-0.089182],[0.989013,-0.0941336,-0.113984],[0.104508,-0.10012,0.989472]],[[-0.104555,-0.990512,-0.089182],[0.954921,-0.0749352,-0.287246],[0.277838,-0.115195,0.953696]]],"btipPosition":[172.454,209.456,-48.4732],"carpPosition":[159.068,202.718,80.5095],"dipPosition":[177.295,207.448,-31.8563],"direction":[-0.104508,0.10012,-0.989472],"extended":true,"handId":47,"id":474,"length":51.0585,"mcpPosition":[173.253,202.951,22.8332],"pipPosition":[179.362,205.469,-12.2935],"stabilizedTipPosition":[181.599,207.981,-43.159],"timeVisible":6.90522,"tipPosition":[173.342,209.431,-44.4251],"tipVelocity":[-178.152,3.11359,-38.1567],"tool":false,"touchDistance":0.332781,"touchZone":"hovering","type":4,"width":17.5706}],"r":[[-0.178376,0.767795,-0.615364],[-0.516487,-0.605371,-0.605613],[-0.83751,0.209801,0.50454]],"s":0.892659,"t":[29.4534,-59.1229,16.3504],"timestamp":629570137432},{"currentFrameRate":55.3314,"devices":[],"gestures":[],"hands":[{"armBasis":[[0.330925,-0.747075,-0.576513],[0.943392,0.247444,0.220867],[-0.0223495,-0.616969,0.78667]],"armWidth":68.3654,"confidence":1,"direction":[0.264492,0.280787,-0.922606],"elbow":[136.258,33.7547,327.648],"grabAngle":0.359318,"grabStrength":0,"id":47,"palmNormal":[-0.919037,-0.216533,-0.329369],"palmPosition":[153.972,236.438,39.7843],"palmVelocity":[-265.984,-1.25096,-38.9544],"palmWidth":93.2028,"pinchDistance":60.5977,"pinchStrength":0,"r":[[-0.180551,0.768328,-0.614063],[-0.518083,-0.604983,-0.604637],[-0.836057,0.208968,0.507288]],"s":0.893183,"sphereCenter":[-2.03406,182.15,-34.8686],"sphereRadius":185.091,"stabilizedPalmPosition":[161.421,236.098,40.6696],"t":[25.6882,-59.2051,15.7887],"timeVisible":6.9233,"type":"right","wrist":[142.439,204.387,110.082]}],"id":21657,"interactionBox":{"center":[0,200,0],"size":[235.247,235.247,147.751]},"pointables":[{"bases":[[[0.991226,-0.127788,0.0337713],[0.0725778,0.739758,0.668947],[-0.110466,-0.660627,0.742542]],[[0.994788,-0.10186,0.00471235],[0.0662349,0.68062,0.729637],[-0.0775282,-0.725521,0.683819]],[[0.994788,-0.10186,0.00471235],[0.0918726,0.915381,0.391965],[-0.0442391,-0.389489,0.919968]],[[0.994788,-0.10186,0.00471235],[0.0995451,0.980119,0.171631],[-0.022101,-0.170267,0.98515]]],"btipPosition":[132.074,293.037,6.18187],"carpPosition":[126.062,238.488,96.1597],"dipPosition":[131.551,289.009,29.488],"direction":[0.0442391,0.389489,-0.919968],"extended":true,"handId":47,"id":470,"length":52.6816,"mcpPosition":[126.062,238.488,96.1597],"pipPosition":[130.026,275.585,61.195],"stabilizedTipPosition":[138.642,291.681,11.9212],"timeVisible":6.9233,"tipPosition":[130.058,291.654,11.5642],"tipVelocity":[-282.301,6.86375,-33.569],"tool":false,"touchDistance":0.249709,"touchZone":"hovering","type":0,"width":22.1582},{"bases":[[[0.332517,-0.874607,-0.35284],[0.940268,0.278486,0.195808],[-0.0729943,-0.396873,0.914966]],[[0.301607,-0.948201,-0.0997413],[0.933418,0.272333,0.233593],[-0.19433,-0.163554,0.967205]],[[0.301607,-0.948201,-0.0997413],[0.952644,0.29545,0.0719629],[-0.0387667,-0.116722,0.992408]],[[0.301607,-0.948201,-0.0997413],[0.950794,0.306899,-0.0424747],[0.0708851,-0.0820228,0.994106]]],"btipPosition":[163.446,279.457,-61.3855],"carpPosition":[149.783,238.178,90.9854],"dipPosition":[164.67,278.041,-44.2164],"direction":[0.0387667,0.116722,-0.992408],"extended":true,"handId":47,"id":471,"length":59.4453,"mcpPosition":[155.284,268.086,22.0347],"pipPosition":[163.723,275.189,-19.9694],"stabilizedTipPosition":[170.088,278.917,-56.6588],"timeVisible":6.9233,"tipPosition":[159.822,279.123,-56.5323],"tipVelocity":[-299.968,-3.19473,-43.3883],"tool":false,"touchDistance":0.332793,"touchZone":"hovering","type":1,"width":21.1655},{"bases":[[[0.1544,-0.954759,-0.254156],[0.981117,0.117834,0.153378],[-0.116491,-0.273039,0.954924]],[[0.132597,-0.987089,-0.08985],[0.97566,0.114011,0.187319],[-0.174657,-0.112501,0.978181]],[[0.132597,-0.987089,-0.08985],[0.991141,0.132745,0.00436096],[0.00762244,-0.0896323,0.995946]],[[0.132597,-0.987089,-0.08985],[0.976229,0.145741,-0.160428],[0.171452,-0.0664418,0.982949]]],"btipPosition":[168.974,256.823,-76.8312],"carpPosition":[155.615,227.991,86.3724],"dipPosition":[172.231,255.561,-58.1593],"direction":[-0.00762244,0.0896323,-0.995946],"extended":true,"handId":47,"id":472,"length":67.7331,"mcpPosition":[163.94,247.503,18.129],"pipPosition":[172.45,252.985,-29.531],"stabilizedTipPosition":[176.567,255.89,-71.547],"timeVisible":6.9233,"tipPosition":[166.49,257.696,-72.0043],"tipVelocity":[-282.906,12.115,-45.213],"tool":false,"touchDistance":0.332757,"touchZone":"hovering","type":2,"width":20.7874},{"bases":[[[0.0611718,-0.990681,-0.121696],[0.985427,0.0405554,0.165191],[-0.158716,-0.130027,0.978725]],[[0.0558306,-0.994474,-0.0889016],[0.987863,0.0420933,0.149516],[-0.144948,-0.0961701,0.984754]],[[0.0558306,-0.994474,-0.0889016],[0.997522,0.0593762,-0.0377487],[0.0428187,-0.0865737,0.995325]],[[0.0558306,-0.994474,-0.0889016],[0.977227,0.0726843,-0.199361],[0.204721,-0.0757465,0.975885]]],"btipPosition":[170.216,232.914,-71.0478],"carpPosition":[158.551,216.373,82.5288],"dipPosition":[174.083,231.484,-52.6166],"direction":[-0.0428187,0.0865737,-0.995325],"extended":true,"handId":47,"id":473,"length":65.1272,"mcpPosition":[168.735,224.716,19.7305],"pipPosition":[175.282,229.06,-24.7451],"stabilizedTipPosition":[178.496,231.795,-65.548],"timeVisible":6.9233,"tipPosition":[168.589,233.725,-66.3504],"tipVelocity":[-263.438,14.4028,-47.8962],"tool":false,"touchDistance":0.332706,"touchZone":"hovering","type":3,"width":19.7805},{"bases":[[[-0.121277,-0.992063,-0.0332111],[0.965026,-0.125673,0.230066],[-0.232414,-0.00414794,0.972608]],[[-0.106981,-0.989991,-0.0920433],[0.979981,-0.120625,0.158389],[-0.167906,-0.0732561,0.983077]],[[-0.106981,-0.989991,-0.0920433],[0.989695,-0.0971704,-0.105176],[0.0951792,-0.102347,0.990185]],[[-0.106981,-0.989991,-0.0920433],[0.958542,-0.0781042,-0.274038],[0.264106,-0.117544,0.957304]]],"btipPosition":[167.761,209.597,-49.3889],"carpPosition":[154.439,202.661,79.774],"dipPosition":[172.363,207.549,-32.7091],"direction":[-0.0951792,0.102347,-0.990185],"extended":true,"handId":47,"id":474,"length":51.0585,"mcpPosition":[168.243,202.907,22.0056],"pipPosition":[174.245,205.525,-13.1322],"stabilizedTipPosition":[176.825,208.409,-44.0532],"timeVisible":6.9233,"tipPosition":[167.946,209.43,-45.2603],"tipVelocity":[-262.666,7.30746,-49.8546],"tool":false,"touchDistance":0.332678,"touchZone":"hovering","type":4,"width":17.5706}],"r":[[-0.180551,0.768328,-0.614063],[-0.518083,-0.604983,-0.604637],[-0.836057,0.208968,0.507288]],"s":0.893183,"t":[25.6882,-59.2051,15.7887],"timestamp":629570155509},{"currentFrameRate":55.3245,"devices":[],"gestures":[],"hands":[{"armBasis":[[0.326101,-0.73999,-0.588279],[0.945265,0.247701,0.212409],[-0.0114629,-0.625346,0.780263]],"armWidth":68.3654,"confidence":1,"direction":[0.256944,0.284094,-0.923726],"elbow":[133.526,31.1538,325.013],"grabAngle":0.34076,"grabStrength":0,"id":47,"palmNormal":[-0.921526,-0.215934,-0.322743],"palmPosition":[147.603,236.475,38.9736],"palmVelocity":[-351.868,2.04515,-44.7923],"palmWidth":93.2028,"pinchDistance":60.3341,"pinchStrength":0,"r":[[-0.183356,0.769152,-0.612198],[-0.520256,-0.604319,-0.603434],[-0.834095,0.207856,0.510961]],"s":0.892506,"sphereCenter":[-18.9903,178.949,-36.7139],"sphereRadius":195.542,"stabilizedPalmPosition":[152.331,236.346,39.554],"t":[20.6213,-59.2276,15.1025],"timeVisible":6.9414,"type":"right","wrist":[136.697,204.103,109.219]}],"id":21658,"interactionBox":{"center":[0,200,0],"size":[235.247,235.247,147.751]},"pointables":[{"bases":[[[0.991535,-0.127332,0.0253994],[0.0775244,0.737507,0.670875],[-0.104156,-0.663227,0.741135]],[[0.995077,-0.0989103,-0.00625404],[0.0724537,0.682954,0.726859],[-0.0676227,-0.723734,0.686758]],[[0.995077,-0.0989103,-0.00625404],[0.0936956,0.918293,0.384654],[-0.0323032,-0.383346,0.92304]],[[0.995077,-0.0989103,-0.00625404],[0.0984538,0.979302,0.176844],[-0.0113671,-0.176589,0.984219]]],"btipPosition":[124.985,292.712,5.36531],"carpPosition":[120.145,238.316,95.5773],"dipPosition":[124.716,288.534,28.6494],"direction":[0.0323032,0.383346,-0.92304],"extended":true,"handId":47,"id":470,"length":52.6816,"mcpPosition":[120.145,238.316,95.5773],"pipPosition":[123.602,275.322,60.4623],"stabilizedTipPosition":[128.464,291.733,11.0305],"timeVisible":6.9414,"tipPosition":[123.504,291.772,11.1156],"tipVelocity":[-388.463,-19.8857,-45.3964],"tool":false,"touchDistance":0.263879,"touchZone":"hovering","type":0,"width":22.1582},{"bases":[[[0.330162,-0.873203,-0.358484],[0.941653,0.278357,0.18923],[-0.0654498,-0.400044,0.914156]],[[0.300961,-0.948049,-0.103076],[0.93613,0.27309,0.221543],[-0.181885,-0.163169,0.969687]],[[0.300961,-0.948049,-0.103076],[0.953067,0.295286,0.0668508],[-0.0329409,-0.118358,0.992424]],[[0.300961,-0.948049,-0.103076],[0.950924,0.306493,-0.0424857],[0.0718708,-0.0852313,0.993766]]],"btipPosition":[156.218,279.634,-62.1999],"carpPosition":[143.823,238.037,90.2123],"dipPosition":[157.459,278.162,-45.0367],"direction":[0.0329409,0.118358,-0.992424],"extended":true,"handId":47,"id":471,"length":59.4453,"mcpPosition":[148.756,268.184,21.3226],"pipPosition":[156.655,275.27,-20.7893],"stabilizedTipPosition":[159.438,279.214,-57.9081],"timeVisible":6.9414,"tipPosition":[152.717,279.49,-57.2553],"tipVelocity":[-399.133,9.07447,-45.0732],"tool":false,"touchDistance":0.323391,"touchZone":"hovering","type":1,"width":21.1655},{"bases":[[[0.152885,-0.953795,-0.258653],[0.982248,0.117874,0.145924],[-0.108693,-0.276371,0.954885]],[[0.132709,-0.986449,-0.0964686],[0.977254,0.113983,0.178838],[-0.165419,-0.118008,0.979138]],[[0.132709,-0.986449,-0.0964686],[0.991138,0.132651,0.00704957],[0.00584257,-0.0965492,0.995311]],[[0.132709,-0.986449,-0.0964686],[0.977855,0.146198,-0.149751],[0.161825,-0.0744589,0.984006]]],"btipPosition":[162.21,257.559,-77.7314],"carpPosition":[149.624,227.869,85.5178],"dipPosition":[165.284,256.145,-59.0394],"direction":[-0.00584257,0.0965492,-0.995311],"extended":true,"handId":47,"id":472,"length":67.7331,"mcpPosition":[157.392,247.62,17.2773],"pipPosition":[165.452,253.37,-30.4294],"stabilizedTipPosition":[166.641,256.867,-72.9179],"timeVisible":6.9414,"tipPosition":[159.345,258.092,-72.8591],"tipVelocity":[-376.062,38.741,-49.4815],"tool":false,"touchDistance":0.332771,"touchZone":"hovering","type":2,"width":20.7874},{"bases":[[[0.0607394,-0.990223,-0.125574],[0.986696,0.0405579,0.157437],[-0.150804,-0.133466,0.979512]],[[0.0562739,-0.993723,-0.0966861],[0.988623,0.0419307,0.144449],[-0.139488,-0.103715,0.984777]],[[0.0562739,-0.993723,-0.0966861],[0.997858,0.0592123,-0.0277937],[0.0333443,-0.094915,0.994927]],[[0.0562739,-0.993723,-0.0966861],[0.980576,0.0732329,-0.181953],[0.187892,-0.0845689,0.978542]]],"btipPosition":[164.03,233.77,-72.0561],"carpPosition":[152.536,216.267,81.6111],"dipPosition":[167.578,232.172,-53.5747],"direction":[-0.0333443,0.094915,-0.994927],"extended":true,"handId":47,"id":473,"length":65.1272,"mcpPosition":[162.212,224.83,18.7623],"pipPosition":[168.512,229.514,-25.7144],"stabilizedTipPosition":[169.653,232.836,-67.0104],"timeVisible":6.9414,"tipPosition":[161.601,234.086,-67.3178],"tipVelocity":[-345.852,45.1315,-55.0733],"tool":false,"touchDistance":0.332682,"touchZone":"hovering","type":3,"width":19.7805},{"bases":[[[-0.120994,-0.992013,-0.0356379],[0.966906,-0.125904,0.221904],[-0.224618,-0.00760948,0.974417]],[[-0.105853,-0.989332,-0.100089],[0.980649,-0.120532,0.154269],[-0.164687,-0.0818226,0.982946]],[[-0.105853,-0.989332,-0.100089],[0.990905,-0.0965373,-0.093748],[0.0830855,-0.109102,0.990552]],[[-0.105853,-0.989332,-0.100089],[0.962869,-0.0768394,-0.258802],[0.24835,-0.123768,0.960731]]],"btipPosition":[161.667,210.251,-50.4903],"carpPosition":[148.409,202.561,78.8423],"dipPosition":[165.994,208.095,-33.7508],"direction":[-0.0830855,0.109102,-0.990552],"extended":true,"handId":47,"id":474,"length":51.0585,"mcpPosition":[161.75,203.013,20.9665],"pipPosition":[167.637,205.938,-14.1666],"stabilizedTipPosition":[168.256,209.224,-45.6184],"timeVisible":6.9414,"tipPosition":[161.015,209.766,-46.2939],"tipVelocity":[-340.208,34.7824,-60.0948],"tool":false,"touchDistance":0.332616,"touchZone":"hovering","type":4,"width":17.5706}],"r":[[-0.183356,0.769152,-0.612198],[-0.520256,-0.604319,-0.603434],[-0.834095,0.207856,0.510961]],"s":0.892506,"t":[20.6213,-59.2276,15.1025],"timestamp":629570173608},{"currentFrameRate":55.296,"devices":[],"gestures":[],"hands":[{"armBasis":[[0.318605,-0.731392,-0.602956],[0.947875,0.249058,0.198752],[0.00480522,-0.634851,0.77262]],"armWidth":68.3654,"confidence":1,"direction":[0.243705,0.291997,-0.924849],"elbow":[130.931,27.654,321.604],"grabAngle":0.317501,"grabStrength":0,"id":47,"palmNormal":[-0.925329,-0.2156,-0.311902],"palmPosition":[139.432,236.228,37.8138],"palmVelocity":[-449.37,-13.5457,-63.7847],"palmWidth":93.2028,"pinchDistance":59.7619,"pinchStrength":0,"r":[[-0.187618,0.770685,-0.60897],[-0.52334,-0.603084,-0.602001],[-0.831213,0.205752,0.516479]],"s":0.891641,"sphereCenter":[-40.4128,172.98,-38.8474],"sphereRadius":209.049,"stabilizedPalmPosition":[140.591,236.239,37.9701],"t":[14.0025,-59.3621,14.1795],"timeVisible":6.95958,"type":"right","wrist":[129.602,203.232,107.924]}],"id":21659,"interactionBox":{"center":[0,200,0],"size":[235.247,235.247,147.751]},"pointables":[{"bases":[[[0.992079,-0.125138,0.0109232],[0.0849404,0.732372,0.675586],[-0.0925411,-0.669307,0.7372]],[[0.995475,-0.091369,-0.0261105],[0.0820994,0.688587,0.720491],[-0.0478512,-0.719374,0.692972]],[[0.995475,-0.091369,-0.0261105],[0.0944779,0.922147,0.375125],[-0.010197,-0.375894,0.926607]],[[0.995475,-0.091369,-0.0261105],[0.0946197,0.978461,0.183468],[0.00878477,-0.185109,0.982679]]],"btipPosition":[115.332,291.674,4.18171],"carpPosition":[112.742,237.557,94.7979],"dipPosition":[115.54,287.295,27.4293],"direction":[0.010197,0.375894,-0.926607],"extended":true,"handId":47,"id":470,"length":52.6816,"mcpPosition":[112.742,237.557,94.7979],"pipPosition":[115.188,274.34,59.3652],"stabilizedTipPosition":[115.568,290.682,9.55025],"timeVisible":6.95958,"tipPosition":[114.882,291.589,10.6113],"tipVelocity":[-524.82,-59.6165,-65.5547],"tool":false,"touchDistance":0.281894,"touchZone":"hovering","type":0,"width":22.1582},{"bases":[[[0.327267,-0.869547,-0.369845],[0.943495,0.279123,0.178627],[-0.0520922,-0.407405,0.911761]],[[0.302041,-0.946088,-0.117],[0.939334,0.27444,0.205751],[-0.162549,-0.172048,0.971585]],[[0.302041,-0.946088,-0.117],[0.953002,0.296622,0.0616689],[-0.0236393,-0.130128,0.991215]],[[0.302041,-0.946088,-0.117],[0.950409,0.308393,-0.0402093],[0.0741236,-0.0990531,0.992318]]],"btipPosition":[146.628,280.441,-63.1497],"carpPosition":[136.346,237.377,89.1099],"dipPosition":[147.908,278.73,-46.0115],"direction":[0.0236393,0.130128,-0.991215],"extended":true,"handId":47,"id":471,"length":59.4453,"mcpPosition":[140.272,268.079,20.4007],"pipPosition":[147.331,275.551,-21.7936],"stabilizedTipPosition":[146.998,280.042,-59.2001],"timeVisible":6.95958,"tipPosition":[143.191,280.014,-58.1467],"tipVelocity":[-526.919,41.3416,-52.5491],"tool":false,"touchDistance":0.318483,"touchZone":"hovering","type":1,"width":21.1655},{"bases":[[[0.15155,-0.951352,-0.268258],[0.983868,0.119085,0.133503],[-0.0950626,-0.284163,0.954052]],[[0.134147,-0.984821,-0.110149],[0.97936,0.114796,0.166361],[-0.151191,-0.130193,0.979893]],[[0.134147,-0.984821,-0.110149],[0.990953,0.133786,0.0106956],[0.00420315,-0.110587,0.993858]],[[0.134147,-0.984821,-0.110149],[0.979626,0.148555,-0.135144],[0.149456,-0.0897758,0.984684]]],"btipPosition":[153.306,258.796,-78.941],"carpPosition":[142.106,227.261,84.2566],"dipPosition":[156.145,257.09,-60.2361],"direction":[-0.00420315,0.110587,-0.993858],"extended":true,"handId":47,"id":472,"length":67.7331,"mcpPosition":[148.9,247.568,16.0756],"pipPosition":[156.266,253.912,-31.6679],"stabilizedTipPosition":[154.359,258.355,-74.5846],"timeVisible":6.95958,"tipPosition":[149.861,258.735,-74.0314],"tipVelocity":[-492.64,64.3163,-66.3605],"tool":false,"touchDistance":0.320772,"touchZone":"hovering","type":2,"width":20.7874},{"bases":[[[0.0613069,-0.989051,-0.134234],[0.988649,0.0416921,0.144341],[-0.137164,-0.141559,0.980381]],[[0.0576557,-0.992451,-0.108243],[0.989985,0.0428417,0.134513],[-0.12886,-0.114914,0.984982]],[[0.0576557,-0.992451,-0.108243],[0.998003,0.0600983,-0.0194378],[0.0257963,-0.106906,0.993934]],[[0.0576557,-0.992451,-0.108243],[0.98335,0.0751718,-0.165448],[0.172336,-0.0969018,0.98026]]],"btipPosition":[155.634,234.793,-73.518],"carpPosition":[144.991,215.696,80.2188],"dipPosition":[158.889,232.963,-55.0042],"direction":[-0.0257963,0.106906,-0.993934],"extended":true,"handId":47,"id":473,"length":65.1272,"mcpPosition":[153.792,224.779,17.3143],"pipPosition":[159.612,229.969,-27.1716],"stabilizedTipPosition":[157.478,234.245,-69.0742],"timeVisible":6.95958,"tipPosition":[152.32,234.687,-68.7177],"tipVelocity":[-465.419,53.3379,-79.9883],"tool":false,"touchDistance":0.317442,"touchZone":"hovering","type":3,"width":19.7805},{"bases":[[[-0.119182,-0.99199,-0.0418546],[0.970121,-0.12532,0.207749],[-0.21133,-0.015844,0.977286]],[[-0.104897,-0.988752,-0.106609],[0.982846,-0.119424,0.140544],[-0.151694,-0.0900371,0.984318]],[[-0.104897,-0.988752,-0.106609],[0.991449,-0.0956065,-0.0888206],[0.0776291,-0.115014,0.990326]],[[-0.104897,-0.988752,-0.106609],[0.965307,-0.0754571,-0.249976],[0.23912,-0.129132,0.962365]]],"btipPosition":[153.131,210.687,-52.1782],"carpPosition":[140.858,202.003,77.3978],"dipPosition":[157.298,208.437,-35.4102],"direction":[-0.0776291,0.115014,-0.990326],"extended":true,"handId":47,"id":474,"length":51.0585,"mcpPosition":[153.41,202.944,19.3515],"pipPosition":[158.832,206.