{"frames":48,"data":[{"currentFrameRate":55.149,"devices":[],"gestures":[],"hands":[{"armBasis":[[0.81074,0.185158,-0.555354],[0.132925,0.865658,0.482667],[0.570116,-0.465137,0.677211]],"armWidth":68.5066,"confidence":1,"direction":[0.00613639,0.451531,-0.892235],"elbow":[201.357,194.779,220.442],"grabAngle":2.79928,"grabStrength":0,"id":22,"palmNormal":[-0.133265,-0.883923,-0.448241],"palmPosition":[31.5138,353.865,-32.467],"palmVelocity":[0.854685,-7.6238,-4.70038],"palmWidth":91.9162,"pinchDistance":52.9213,"pinchStrength":0.459611,"r":[[0.160615,-0.778468,0.606787],[0.645319,-0.382348,-0.661342],[0.746837,0.497793,0.44095]],"s":1.20982,"sphereCenter":[37.1557,322.549,-66.8665],"sphereRadius":46.7456,"stabilizedPalmPosition":[30.7395,354.729,-31.7023],"t":[-196.43,204.983,-59.5685],"timeVisible":13.5033,"type":"right","wrist":[45.8586,321.644,35.7337]}],"id":12391,"interactionBox":{"center":[0,200,0],"size":[235.247,235.247,147.751]},"pointables":[{"bases":[[[0.978022,-0.0441142,-0.20378],[0.108004,0.943203,0.31417],[0.178346,-0.329274,0.927238]],[[0.994121,-0.100035,-0.0414273],[0.103505,0.990325,0.0924325],[0.0317799,-0.096177,0.994857]],[[0.994121,-0.100035,-0.0414273],[0.0972037,0.993107,-0.0654993],[0.0476939,0.0610874,0.996992]],[[0.994121,-0.100035,-0.0414273],[0.0938074,0.986824,-0.131829],[0.054069,0.127168,0.990406]]],"btipPosition":[3.52976,370.746,-134.533],"carpPosition":[20.1494,345.803,16.2726],"dipPosition":[4.43298,372.87,-117.988],"direction":[-0.0476939,-0.0610874,-0.996992],"extended":true,"handId":22,"id":221,"length":57.4972,"mcpPosition":[6.89499,370.274,-52.6383],"pipPosition":[5.56007,374.314,-94.4274],"stabilizedTipPosition":[2.67985,371.901,-130.143],"timeVisible":13.5033,"tipPosition":[2.52411,370.091,-130.387],"tipVelocity":[8.72701,-19.7076,-9.9084],"tool":false,"touchDistance":0.333177,"touchZone":"hovering","type":1,"width":21.3473},{"bases":[[[0.519194,0.82976,0.204784],[-0.740397,0.316993,0.592729],[0.426908,-0.459363,0.778933]],[[0.412252,0.910641,0.0279441],[-0.877704,0.388743,0.280205],[0.244303,-0.140042,0.959533]],[[0.412252,0.910641,0.0279441],[-0.907607,0.413163,-0.0744637],[-0.0793552,0.00533551,0.996832]],[[0.412252,0.910641,0.0279441],[-0.833325,0.389293,-0.392453],[-0.368263,0.138503,0.919347]]],"btipPosition":[8.12903,328.168,-85.1427],"carpPosition":[9.37617,324.453,17.5093],"dipPosition":[-0.297606,331.337,-64.1061],"direction":[0.0793552,-0.00533551,-0.996832],"extended":false,"handId":22,"id":220,"length":50.9551,"mcpPosition":[9.37617,324.453,17.5093],"pipPosition":[-2.94298,331.515,-30.8758],"stabilizedTipPosition":[5.1352,330.059,-80.0476],"timeVisible":13.5033,"tipPosition":[7.00156,328.085,-79.8704],"tipVelocity":[7.25781,-24.3199,-3.95569],"tool":false,"touchDistance":0.226483,"touchZone":"hovering","type":0,"width":22.3485},{"bases":[[[0.960288,-0.248337,-0.127185],[0.275685,0.914708,0.295477],[0.0429597,-0.318806,0.946846]],[[0.961136,-0.267007,-0.0701799],[0.0599964,0.45014,-0.89094],[0.269478,0.852104,0.448665]],[[0.961136,-0.267007,-0.0701799],[-0.26245,-0.804805,-0.532361],[0.0856632,0.53009,-0.843603]],[[0.961136,-0.267007,-0.0701799],[-0.256435,-0.957597,0.131334],[-0.102271,-0.108234,-0.988851]]],"btipPosition":[16.0335,316.641,-32.4994],"carpPosition":[32.2634,347.078,13.7536],"dipPosition":[14.1545,314.652,-50.6678],"direction":[-0.0856632,-0.53009,0.843603],"extended":false,"handId":22,"id":222,"length":65.5134,"mcpPosition":[29.2357,369.547,-52.9784],"pipPosition":[16.5361,329.39,-74.1224],"stabilizedTipPosition":[14.6539,317.148,-36.273],"timeVisible":13.5033,"tipPosition":[15.5099,313.5,-38.9097],"tipVelocity":[11.4114,-15.842,-4.32762],"tool":false,"touchDistance":0.333333,"touchZone":"none","type":2,"width":20.9659},{"bases":[[[0.93261,-0.360789,-0.00837292],[0.344817,0.883999,0.315668],[-0.106488,-0.297282,0.948833]],[[0.931834,-0.362882,-0.00166196],[0.156997,0.407269,-0.899713],[0.327167,0.838122,0.436478]],[[0.931834,-0.362882,-0.00166196],[-0.309487,-0.792314,-0.525791],[0.189483,0.490464,-0.850612]],[[0.931834,-0.362882,-0.00166196],[-0.359642,-0.924104,0.129192],[-0.0484174,-0.119788,-0.991618]]],"btipPosition":[32.536,316.21,-26.2868],"carpPosition":[44.3374,345.107,11.667],"dipPosition":[31.6515,314.022,-44.4014],"direction":[-0.189483,-0.490464,0.850612],"extended":false,"handId":22,"id":223,"length":62.9929,"mcpPosition":[51.0756,363.918,-48.3729],"pipPosition":[36.7837,327.306,-67.44],"stabilizedTipPosition":[31.9942,316.343,-30.0653],"timeVisible":13.5033,"tipPosition":[32.6084,314.242,-31.3796],"tipVelocity":[-4.38339,-4.62064,-2.34297],"tool":false,"touchDistance":0.333333,"touchZone":"none","type":3,"width":19.9504},{"bases":[[[0.844138,-0.533841,0.0494589],[0.474903,0.787362,0.393101],[-0.248795,-0.308343,0.918164]],[[0.83897,-0.539926,0.0678919],[0.318648,0.386293,-0.865587],[0.441127,0.747835,0.496135]],[[0.83897,-0.539926,0.0678919],[-0.391867,-0.685995,-0.613067],[0.377584,0.48774,-0.787109]],[[0.83897,-0.539926,0.0678919],[-0.542712,-0.839324,0.0316044],[0.0399193,-0.0633609,-0.997192]]],"btipPosition":[46.6436,319.854,-29.3426],"carpPosition":[55.2139,335.906,9.73401],"dipPosition":[47.3163,318.786,-46.148],"direction":[-0.377584,-0.48774,0.787108],"extended":false,"handId":22,"id":224,"length":49.3853,"mcpPosition":[69.7872,353.967,-44.0478],"pipPosition":[54.5369,328.113,-61.1999],"stabilizedTipPosition":[46.4412,320.175,-32.7411],"timeVisible":13.5033,"tipPosition":[47.2352,318.652,-33.8769],"tipVelocity":[-4.39058,2.46003,-2.98284],"tool":false,"touchDistance":0.333333,"touchZone":"none","type":4,"width":17.7215}],"r":[[0.160615,-0.778468,0.606787],[0.645319,-0.382348,-0.661342],[0.746837,0.497793,0.44095]],"s":1.20982,"t":[-196.43,204.983,-59.5685],"timestamp":629394684866},{"currentFrameRate":55.1821,"devices":[],"gestures":[],"hands":[{"armBasis":[[0.811004,0.196008,-0.551229],[0.121511,0.865226,0.486435],[0.572283,-0.461481,0.677884]],"armWidth":68.5066,"confidence":1,"direction":[0.00511245,0.458226,-0.888821],"elbow":[202.027,194.853,220.46],"grabAngle":2.79903,"grabStrength":0,"id":22,"palmNormal":[-0.121767,-0.881933,-0.455375],"palmPosition":[31.5397,353.264,-32.4707],"palmVelocity":[1.44057,-33.3636,-0.209634],"palmWidth":91.9162,"pinchDistance":53.0459,"pinchStrength":0.456002,"r":[[0.161949,-0.77802,0.607007],[0.647236,-0.380582,-0.660487],[0.744888,0.499842,0.441927]],"s":1.20994,"sphereCenter":[37.7927,322.266,-67.0952],"sphereRadius":46.8378,"stabilizedPalmPosition":[30.7561,354.698,-31.7183],"t":[-196.399,204.652,-59.599],"timeVisible":13.5214,"type":"right","wrist":[45.9377,320.721,35.5686]}],"id":12392,"interactionBox":{"center":[0,200,0],"size":[235.247,235.247,147.751]},"pointables":[{"bases":[[[0.979313,-0.0320507,-0.199795],[0.0964465,0.941938,0.321638],[0.177885,-0.334254,0.925544]],[[0.995305,-0.088643,-0.0388561],[0.092152,0.990663,0.100475],[0.0295869,-0.103584,0.994181]],[[0.995305,-0.088643,-0.0388561],[0.0864537,0.994747,-0.0548055],[0.0435101,0.051189,0.997741]],[[0.995305,-0.088643,-0.0388561],[0.0833615,0.989124,-0.121183],[0.0491754,0.117375,0.991869]]],"btipPosition":[3.73996,370.738,-134.536],"carpPosition":[20.0526,344.716,16.1571],"dipPosition":[4.56143,372.698,-117.967],"direction":[-0.0435101,-0.051189,-0.997741],"extended":true,"handId":22,"id":221,"length":57.4972,"mcpPosition":[6.83245,369.557,-52.6279],"pipPosition":[5.58965,373.908,-94.3885],"stabilizedTipPosition":[2.77434,371.847,-130.187],"timeVisible":13.5214,"tipPosition":[2.81044,369.92,-130.397],"tipVelocity":[10.6289,-2.53617,0.131708],"tool":false,"touchDistance":0.333327,"touchZone":"hovering","type":1,"width":21.3473},{"bases":[[[0.509307,0.833752,0.213224],[-0.746334,0.304559,0.591802],[0.428476,-0.460545,0.777371]],[[0.400848,0.9155,0.0343739],[-0.883184,0.376181,0.280131],[0.243529,-0.142649,0.959346]],[[0.400848,0.9155,0.0343739],[-0.912625,0.402312,-0.0725344],[-0.0802342,-0.00229524,0.996773]],[[0.400848,0.9155,0.0343739],[-0.837843,0.381507,-0.390477],[-0.370595,0.127722,0.919971]]],"btipPosition":[8.38001,327.59,-85.4671],"carpPosition":[9.50546,323.243,17.1878],"dipPosition":[-0.0999919,330.513,-64.4162],"direction":[0.0802342,0.00229524,-0.996773],"extended":false,"handId":22,"id":220,"length":50.9551,"mcpPosition":[9.50546,323.243,17.1878],"pipPosition":[-2.77467,330.436,-31.1879],"stabilizedTipPosition":[5.19275,329.979,-80.0733],"timeVisible":13.5214,"tipPosition":[7.49179,327.59,-80.1805],"tipVelocity":[13.2566,-35.2345,-17.8314],"tool":false,"touchDistance":0.221132,"touchZone":"hovering","type":0,"width":22.3485},{"bases":[[[0.963456,-0.23702,-0.124798],[0.264505,0.915392,0.303472],[0.0423101,-0.325392,0.944632]],[[0.964259,-0.256105,-0.0679294],[0.0584019,0.455506,-0.888315],[0.258444,0.852599,0.454183]],[[0.964259,-0.256105,-0.0679294],[-0.25156,-0.804391,-0.538213],[0.0831972,0.536065,-0.840067]],[[0.964259,-0.256105,-0.0679294],[-0.246519,-0.961135,0.124292],[-0.0971211,-0.103103,-0.989918]]],"btipPosition":[16.4727,315.884,-32.7347],"carpPosition":[32.1629,346.14,13.701],"dipPosition":[14.6883,313.989,-50.9227],"direction":[-0.0831972,-0.536065,0.840067],"extended":false,"handId":22,"id":222,"length":65.5134,"mcpPosition":[29.181,369.073,-52.8749],"pipPosition":[17.0014,328.893,-74.279],"stabilizedTipPosition":[14.6804,317.116,-36.2851],"timeVisible":13.5214,"tipPosition":[16.0014,312.798,-39.2656],"tipVelocity":[25.5995,-40.8396,-13.3176],"tool":false,"touchDistance":0.333333,"touchZone":"none","type":2,"width":20.9659},{"bases":[[[0.936482,-0.350648,-0.00694686],[0.333877,0.885279,0.323739],[-0.107368,-0.305495,0.946121]],[[0.93623,-0.351354,-0.00475516],[0.151331,0.415382,-0.896971],[0.31713,0.839052,0.442064]],[[0.93623,-0.351354,-0.00475516],[-0.299796,-0.791642,-0.532377],[0.183289,0.499853,-0.846494]],[[0.93623,-0.351354,-0.00475516],[-0.348226,-0.929535,0.121262],[-0.0470259,-0.111873,-0.992609]]],"btipPosition":[33.1016,315.498,-26.4667],"carpPosition":[44.2663,344.315,11.653],"dipPosition":[32.2425,313.455,-44.5994],"direction":[-0.183289,-0.499853,0.846494],"extended":false,"handId":22,"id":223,"length":62.9929,"mcpPosition":[51.0603,363.646,-48.2153],"pipPosition":[37.2068,326.993,-67.5264],"stabilizedTipPosition":[32.019,316.307,-30.0809],"timeVisible":13.5214,"tipPosition":[33.0558,313.665,-31.66],"tipVelocity":[31.7312,-37.6665,-10.2203],"tool":false,"touchDistance":0.333333,"touchZone":"none","type":3,"width":19.9504},{"bases":[[[0.849635,-0.52507,0.0492082],[0.464664,0.789473,0.401024],[-0.249414,-0.317859,0.914745]],[[0.844608,-0.531171,0.067045],[0.316664,0.394652,-0.862539],[0.431696,0.749738,0.501529]],[[0.844608,-0.531171,0.067045],[-0.381844,-0.685421,-0.619994],[0.375277,0.498051,-0.781737]],[[0.844608,-0.531171,0.067045],[-0.533542,-0.845457,0.0231459],[0.0443892,-0.0553205,-0.997481]]],"btipPosition":[47.0107,319.354,-29.461],"carpPosition":[55.25,335.246,9.69961],"dipPosition":[47.7588,318.421,-46.2713],"direction":[-0.375277,-0.498051,0.781737],"extended":false,"handId":22,"id":224,"length":49.3853,"mcpPosition":[69.8595,353.865,-43.8819],"pipPosition":[54.9352,327.946,-61.2205],"stabilizedTipPosition":[46.4576,320.152,-32.754],"timeVisible":13.5214,"tipPosition":[47.6441,318.239,-34.0688],"tipVelocity":[21.3492,-26.0567,-6.6395],"tool":false,"touchDistance":0.333333,"touchZone":"none","type":4,"width":17.7215}],"r":[[0.161949,-0.77802,0.607007],[0.647236,-0.380582,-0.660487],[0.744888,0.499842,0.441927]],"s":1.20994,"t":[-196.399,204.652,-59.599],"timestamp":629394702873},{"currentFrameRate":55.1683,"devices":[],"gestures":[],"hands":[{"armBasis":[[0.8089,0.182477,-0.558912],[0.135299,0.867333,0.478987],[0.572167,-0.463072,0.676897]],"armWidth":68.5066,"confidence":1,"direction":[0.00521941,0.462721,-0.886488],"elbow":[201.891,193.348,220.011],"grabAngle":2.79948,"grabStrength":0,"id":22,"palmNormal":[-0.135451,-0.878003,-0.45909],"palmPosition":[31.3984,352.616,-32.4477],"palmVelocity":[-7.77842,-35.6447,1.26771],"palmWidth":91.9162,"pinchDistance":53.0038,"pinchStrength":0.456473,"r":[[0.161869,-0.778675,0.606188],[0.647001,-0.380085,-0.661003],[0.745109,0.4992,0.44228]],"s":1.20995,"sphereCenter":[36.7708,321.802,-67.2318],"sphereRadius":46.7172,"stabilizedPalmPosition":[30.772,354.647,-31.7363],"t":[-196.454,204.162,-59.6028],"timeVisible":13.5395,"type":"right","wrist":[45.8335,319.65,35.3887]}],"id":12393,"interactionBox":{"center":[0,200,0],"size":[235.247,235.247,147.751]},"pointables":[{"bases":[[[0.977581,-0.0430414,-0.206112],[0.110039,0.939005,0.325822],[0.179516,-0.341198,0.922691]],[[0.993854,-0.0999596,-0.0475716],[0.104456,0.98908,0.103968],[0.0366596,-0.108298,0.993442]],[[0.993854,-0.0999596,-0.0475716],[0.0975478,0.993945,-0.0505788],[0.0523394,0.0456274,0.997586]],[[0.993854,-0.0999596,-0.0475716],[0.0938015,0.988615,-0.117648],[0.0587901,0.112463,0.991915]]],"btipPosition":[3.00969,370.908,-134.24],"carpPosition":[20.1099,343.958,16.2072],"dipPosition":[3.99178,372.786,-117.67],"direction":[-0.0523394,-0.0456274,-0.997586],"extended":true,"handId":22,"id":221,"length":57.4972,"mcpPosition":[6.76854,369.316,-52.3657],"pipPosition":[5.22865,373.865,-94.0954],"stabilizedTipPosition":[2.80689,371.811,-130.204],"timeVisible":13.5395,"tipPosition":[2.27798,370.144,-130.109],"tipVelocity":[-38.1492,8.3147,16.2999],"tool":false,"touchDistance":0.333555,"touchZone":"hovering","type":1,"width":21.3473},{"bases":[[[0.520853,0.826319,0.214263],[-0.738827,0.310636,0.59803],[0.427606,-0.469789,0.772303]],[[0.412517,0.910204,0.0368491],[-0.877257,0.386035,0.285301],[0.245457,-0.150018,0.957729]],[[0.412517,0.910204,0.0368491],[-0.907834,0.414113,-0.0659346],[-0.0752736,-0.00625366,0.997143]],[[0.412517,0.910204,0.0368491],[-0.834946,0.393966,-0.384259],[-0.364272,0.127747,0.922489]]],"btipPosition":[7.77305,327.462,-85.4485],"carpPosition":[9.30577,322.612,17.1948],"dipPosition":[-0.562264,330.385,-64.34],"direction":[0.0752736,0.00625366,-0.997143],"extended":false,"handId":22,"id":220,"length":50.9551,"mcpPosition":[9.30577,322.612,17.1948],"pipPosition":[-3.07158,330.177,-31.0994],"stabilizedTipPosition":[5.2239,329.892,-80.0977],"timeVisible":13.5395,"tipPosition":[6.72902,327.494,-80.1409],"tipVelocity":[-31.5662,-7.06214,1.7508],"tool":false,"touchDistance":0.221662,"touchZone":"hovering","type":0,"width":22.3485},{"bases":[[[0.959668,-0.248186,-0.132063],[0.277641,0.910492,0.306464],[0.0441818,-0.33077,0.942677]],[[0.960591,-0.267573,-0.0752982],[0.0583892,0.459082,-0.886473],[0.271765,0.847141,0.456613]],[[0.960591,-0.267573,-0.0752982],[-0.264738,-0.798096,-0.541254],[0.0847299,0.539858,-0.837481]],[[0.960591,-0.267573,-0.0752982],[-0.257515,-0.958626,0.121335],[-0.104649,-0.0971625,-0.989752]]],"btipPosition":[15.8671,315.411,-32.8051],"carpPosition":[32.2213,345.246,13.6823],"dipPosition":[13.9444,313.626,-50.9901],"direction":[-0.0847299,-0.539858,0.837481],"extended":false,"handId":22,"id":222,"length":65.5134,"mcpPosition":[29.1074,368.559,-52.7558],"pipPosition":[16.3001,328.636,-74.2744],"stabilizedTipPosition":[14.6989,317.064,-36.3025],"timeVisible":13.5395,"tipPosition":[15.321,312.383,-39.3483],"tipVelocity":[-35.0716,-24.595,-3.83277],"tool":false,"touchDistance":0.333333,"touchZone":"none","type":2,"width":20.9659},{"bases":[[[0.932032,-0.362082,-0.0146248],[0.346762,0.879425,0.32614],[-0.105228,-0.309044,0.945208]],[[0.931962,-0.362285,-0.0140016],[0.149253,0.418568,-0.895837],[0.330409,0.832797,0.444161]],[[0.931962,-0.362285,-0.0140016],[-0.313076,-0.784695,-0.535011],[0.18284,0.502993,-0.844729]],[[0.931962,-0.362285,-0.0140016],[-0.358179,-0.926008,0.119236],[-0.0561632,-0.106109,-0.992767]]],"btipPosition":[32.5871,314.774,-26.6495],"carpPosition":[44.2883,343.284,11.5489],"dipPosition":[31.5611,312.836,-44.7851],"direction":[-0.18284,-0.502993,0.844729],"extended":false,"handId":22,"id":223,"length":62.9929,"mcpPosition":[50.9469,362.839,-48.2616],"pipPosition":[36.5133,326.459,-67.6644],"stabilizedTipPosition":[32.0301,316.242,-30.1055],"timeVisible":13.5395,"tipPosition":[32.4315,313.003,-31.8445],"tipVelocity":[-30.42,-38.5107,-10.0974],"tool":false,"touchDistance":0.333333,"touchZone":"none","type":3,"width":19.9504},{"bases":[[[0.843395,-0.535713,0.0411857],[0.476838,0.781621,0.402112],[-0.247608,-0.319501,0.914664]],[[0.838723,-0.54147,0.0579163],[0.315102,0.395823,-0.862574],[0.444133,0.741711,0.502604]],[[0.838723,-0.54147,0.0579163],[-0.393913,-0.676694,-0.622028],[0.376001,0.498895,-0.78085]],[[0.838723,-0.54147,0.0579163],[-0.543323,-0.839234,0.0220633],[0.0366587,-0.0499723,-0.998078]]],"btipPosition":[46.4885,318.466,-29.7197],"carpPosition":[55.1471,334.091,9.48029],"dipPosition":[47.1063,317.623,-46.54],"direction":[-0.376001,-0.498895,0.78085],"extended":false,"handId":22,"id":224,"length":49.3853,"mcpPosition":[69.6508,352.806,-44.0965],"pipPosition":[54.2966,327.164,-61.4722],"stabilizedTipPosition":[46.4626,320.097,-32.7784],"timeVisible":13.5395,"tipPosition":[47.0588,317.408,-34.3235],"tipVelocity":[-30.3808,-47.7315,-14.3584],"tool":false,"touchDistance":0.333333,"touchZone":"none","type":4,"width":17.7215}],"r":[[0.161869,-0.778675,0.606188],[0.647001,-0.380085,-0.661003],[0.745109,0.4992,0.44228]],"s":1.20995,"t":[-196.454,204.162,-59.6028],"timestamp":629394721047},{"currentFrameRate":55.1858,"devices":[],"gestures":[],"hands":[{"armBasis":[[0.808954,0.179832,-0.559691],[0.139274,0.866332,0.479658],[0.571136,-0.465971,0.675777]],"armWidth":68.5066,"confidence":1,"direction":[0.00580262,0.46816,-0.883624],"elbow":[201.563,191.832,219.515],"grabAngle":2.79951,"grabStrength":0,"id":22,"palmNormal":[-0.139396,-0.874633,-0.464312],"palmPosition":[31.3898,352.322,-32.4396],"palmVelocity":[-0.473342,-16.2577,0.450109],"palmWidth":91.9162,"pinchDistance":52.8954,"pinchStrength":0.458469,"r":[[0.161375,-0.780067,0.604527],[0.646347,-0.379362,-0.662057],[0.745784,0.497574,0.442975]],"s":1.20958,"sphereCenter":[36.3672,321.731,-67.3978],"sphereRadius":46.6138,"stabilizedPalmPosition":[30.7876,354.588,-31.7541],"t":[-196.486,203.771,-59.6006],"timeVisible":13.5576,"type":"right","wrist":[45.7865,318.925,35.1986]}],"id":12394,"interactionBox":{"center":[0,200,0],"size":[235.247,235.247,147.751]},"pointables":[{"bases":[[[0.977136,-0.0454763,-0.207693],[0.11404,0.936553,0.331458],[0.179442,-0.347565,0.920326]],[[0.993382,-0.102909,-0.0510018],[0.107946,0.988215,0.108533],[0.0392317,-0.11332,0.992784]],[[0.993382,-0.102909,-0.0510018],[0.100555,0.993832,-0.0467665],[0.0555,0.0413285,0.997603]],[[0.993382,-0.102909,-0.0510018],[0.0965382,0.988704,-0.114653],[0.0622245,0.10897,0.992096]]],"btipPosition":[2.7983,371.201,-134.071],"carpPosition":[20.1331,343.407,16.1762],"dipPosition":[3.83776,373.021,-117.498],"direction":[-0.0555,-0.0413285,-0.997603],"extended":true,"handId":22,"id":221,"length":57.4972,"mcpPosition":[6.79726,369.238,-52.221],"pipPosition":[5.14933,373.998,-93.923],"stabilizedTipPosition":[2.82087,371.8,-130.207],"timeVisible":13.5576,"tipPosition":[2.2172,370.576,-129.955],"tipVelocity":[-10.9742,15.4907,9.39664],"tool":false,"touchDistance":0.333471,"touchZone":"hovering","type":1,"width":21.3473},{"bases":[[[0.524274,0.823,0.218651],[-0.736847,0.30974,0.60093],[0.426841,-0.476165,0.768814]],[[0.416747,0.908006,0.042989],[-0.875576,0.388254,0.287447],[0.244312,-0.157432,0.956831]],[[0.416747,0.908006,0.042989],[-0.905878,0.418771,-0.0633704],[-0.0755432,-0.0125334,0.997064]],[[0.416747,0.908006,0.042989],[-0.832907,0.400367,-0.382063],[-0.364127,0.123418,0.923136]]],"btipPosition":[7.77985,327.629,-85.5635],"carpPosition":[9.24918,322.096,17.0468],"dipPosition":[-0.55214,330.453,-64.4402],"direction":[0.0755432,0.0125334,-0.997064],"extended":false,"handId":22,"id":220,"length":50.9551,"mcpPosition":[9.24918,322.096,17.0468],"pipPosition":[-3.07044,330.035,-31.2021],"stabilizedTipPosition":[5.24639,329.835,-80.1191],"timeVisible":13.5576,"tipPosition":[6.5537,327.597,-80.2588],"tipVelocity":[0.418759,7.97934,-6.17544],"tool":false,"touchDistance":0.219803,"touchZone":"hovering","type":0,"width":22.3485},{"bases":[[[0.958542,-0.251004,-0.134886],[0.281506,0.907523,0.311698],[0.0441743,-0.336747,0.940558]],[[0.959466,-0.270745,-0.0782432],[0.0592905,0.465336,-0.883146],[0.275517,0.84271,0.462526]],[[0.959466,-0.270745,-0.0782432],[-0.268344,-0.792821,-0.547199],[0.0861187,0.546015,-0.833337]],[[0.959466,-0.270745,-0.0782432],[-0.261124,-0.958482,0.114575],[-0.106015,-0.0894997,-0.990329]]],"btipPosition":[15.7019,315.148,-33.0784],"carpPosition":[32.2459,344.665,13.6429],"dipPosition":[13.7541,313.504,-51.274],"direction":[-0.0861187,-0.546015,0.833337],"extended":false,"handId":22,"id":222,"length":65.5134,"mcpPosition":[29.1326,368.398,-52.6459],"pipPosition":[16.1484,328.685,-74.4431],"stabilizedTipPosition":[14.7092,317.021,-36.3203],"timeVisible":13.5576,"tipPosition":[15.1511,312.208,-39.5542],"tipVelocity":[-9.46702,-12.7769,-15.2704],"tool":false,"touchDistance":0.333333,"touchZone":"none","type":2,"width":20.9659},{"bases":[[[0.930628,-0.365517,-0.0181152],[0.350535,0.876074,0.331089],[-0.105148,-0.314471,0.943426]],[[0.930521,-0.365837,-0.0171542],[0.150353,0.4243,-0.892952],[0.333954,0.828331,0.449824]],[[0.930521,-0.365837,-0.0171542],[-0.316366,-0.779325,-0.540894],[0.18451,0.50874,-0.840916]],[[0.930521,-0.365837,-0.0171542],[-0.361728,-0.925379,0.113254],[-0.0573068,-0.0991801,-0.993418]]],"btipPosition":[32.4171,314.417,-26.9432],"carpPosition":[44.3026,342.67,11.4812],"dipPosition":[31.3702,312.605,-45.0906],"direction":[-0.18451,-0.50874,0.840916],"extended":false,"handId":22,"id":223,"length":62.9929,"mcpPosition":[50.9561,362.569,-48.2165],"pipPosition":[36.3676,326.384,-67.8667],"stabilizedTipPosition":[32.0339,316.183,-30.1321],"timeVisible":13.5576,"tipPosition":[32.2726,312.709,-32.0773],"tipVelocity":[-9.67984,-18.1874,-16.412],"tool":false,"touchDistance":0.333333,"touchZone":"none","type":3,"width":19.9504},{"bases":[[[0.841407,-0.539152,0.036743],[0.480339,0.77731,0.406281],[-0.247608,-0.324198,0.913009]],[[0.837122,-0.54453,0.0520974],[0.31479,0.401658,-0.859987],[0.447363,0.736314,0.507649]],[[0.837122,-0.54453,0.0520974],[-0.39695,-0.670237,-0.627067],[0.376374,0.504252,-0.777221]],[[0.837122,-0.54453,0.0520974],[-0.545924,-0.837668,0.0167001],[0.0345466,-0.0424212,-0.998502]]],"btipPosition":[46.3817,318.056,-29.9984],"carpPosition":[55.1235,333.449,9.34129],"dipPosition":[46.9639,317.341,-46.8259],"direction":[-0.376374,-0.504252,0.777221],"extended":false,"handId":22,"id":224,"length":49.3853,"mcpPosition":[69.6273,352.439,-44.1386],"pipPosition":[54.1613,326.984,-61.6887],"stabilizedTipPosition":[46.4639,320.043,-32.8049],"timeVisible":13.5576,"tipPosition":[46.9119,317.071,-34.5503],"tipVelocity":[-6.36677,-21.0784,-15.5263],"tool":false,"touchDistance":0.333333,"touchZone":"none","type":4,"width":17.7215}],"r":[[0.161375,-0.780067,0.604527],[0.646347,-0.379362,-0.662057],[0.745784,0.497574,0.442975]],"s":1.20958,"t":[-196.486,203.771,-59.6006],"timestamp":629394739107},{"currentFrameRate":55.1984,"devices":[],"gestures":[],"hands":[{"armBasis":[[0.807689,0.169344,-0.564766],[0.150256,0.867123,0.47489],[0.570141,-0.468423,0.674921]],"armWidth":68.5066,"confidence":1,"direction":[0.00524063,0.469643,-0.882841],"elbow":[201.239,191.079,219.133],"grabAngle":2.80106,"grabStrength":0,"id":22,"palmNormal":[-0.150324,-0.872451,-0.465008],"palmPosition":[31.2776,352.442,-32.4804],"palmVelocity":[-6.20818,6.61159,-2.2619],"palmWidth":91.9162,"pinchDistance":52.8209,"pinchStrength":0.45976,"r":[[0.160181,-0.78169,0.602746],[0.644351,-0.379776,-0.663763],[0.747766,0.494702,0.44285]],"s":1.2092,"sphereCenter":[35.866,321.796,-67.5176],"sphereRadius":46.6301,"stabilizedPalmPosition":[30.7995,354.536,-31.7717],"t":[-196.558,203.635,-59.62],"timeVisible":13.5757,"type":"right","wrist":[45.7338,318.84,35.0499]}],"id":12395,"interactionBox":{"center":[0,200,0],"size":[235.247,235.247,147.751]},"pointables":[{"bases":[[[0.975468,-0.0543768,-0.21332],[0.124804,0.934842,0.332406],[0.181345,-0.350874,0.918695]],[[0.992051,-0.112138,-0.0571009],[0.117857,0.986998,0.10929],[0.0441029,-0.115151,0.992368]],[[0.992051,-0.112138,-0.0571009],[0.109408,0.992794,-0.0488928],[0.0621721,0.0422569,0.99717]],[[0.992051,-0.112138,-0.0571009],[0.104837,0.987479,-0.117872],[0.0696039,0.110949,0.991386]]],"btipPosition":[2.25058,371.61,-133.903],"carpPosition":[20.2124,343.548,16.1832],"dipPosition":[3.41331,373.463,-117.342],"direction":[-0.0621721,-0.0422569,-0.997171],"extended":true,"handId":22,"id":221,"length":57.4972,"mcpPosition":[6.73509,369.625,-52.0928],"pipPosition":[4.88255,374.462,-93.7774],"stabilizedTipPosition":[2.80241,371.814,-130.2],"timeVisible":13.5757,"tipPosition":[1.73532,371.152,-129.801],"tipVelocity":[-28.7375,23.041,9.12724],"tool":false,"touchDistance":0.333463,"touchZone":"hovering","type":1,"width":21.3473},{"bases":[[[0.533296,0.817602,0.217076],[-0.730456,0.315655,0.605637],[0.426649,-0.481548,0.76556]],[[0.42645,0.903466,0.0434578],[-0.870477,0.396874,0.291138],[0.245786,-0.161985,0.955694]],[[0.42645,0.903466,0.0434578],[-0.90161,0.428436,-0.0595088],[-0.0723831,-0.0138044,0.997281]],[[0.42645,0.903466,0.0434578],[-0.830047,0.409981,-0.37807],[-0.359391,0.125156,0.924756]]],"btipPosition":[7.37438,328.105,-85.518],"carpPosition":[9.13174,322.34,17.0791],"dipPosition":[-0.849244,330.968,-64.3576],"direction":[0.0723831,0.0138044,-0.997281],"extended":false,"handId":22,"id":220,"length":50.9551,"mcpPosition":[9.13174,322.34,17.0791],"pipPosition":[-3.2622,330.508,-31.1124],"stabilizedTipPosition":[5.25545,329.794,-80.1395],"timeVisible":13.5757,"tipPosition":[5.93022,328.049,-80.2069],"tipVelocity":[-21.0559,26.8307,2.9856],"tool":false,"touchDistance":0.220703,"touchZone":"hovering","type":0,"width":22.3485},{"bases":[[[0.955336,-0.259847,-0.14076],[0.291873,0.904261,0.311645],[0.0463037,-0.33881,0.939715]],[[0.956393,-0.279696,-0.0841577],[0.058878,0.466829,-0.882386],[0.286087,0.838952,0.46294]],[[0.956393,-0.279696,-0.0841577],[-0.278988,-0.789472,-0.546718],[0.0864746,0.546356,-0.833077]],[[0.956393,-0.279696,-0.0841577],[-0.269501,-0.956116,0.114941],[-0.112613,-0.0872484,-0.989801]]],"btipPosition":[15.2412,315.45,-33.115],"carpPosition":[32.3221,344.696,13.5833],"dipPosition":[13.1722,313.847,-51.3009],"direction":[-0.0864746,-0.546356,0.833077],"extended":false,"handId":22,"id":222,"length":65.5134,"mcpPosition":[29.0587,368.574,-52.6461],"pipPosition":[15.5764,329.037,-74.4628],"stabilizedTipPosition":[14.7105,316.977,-36.3427],"timeVisible":13.5757,"tipPosition":[14.619,312.502,-39.5658],"tipVelocity":[-27.0341,17.2379,-1.90163],"tool":false,"touchDistance":0.333333,"touchZone":"none","type":2,"width":20.9659},{"bases":[[[0.926998,-0.374296,-0.0240289],[0.360709,0.872124,0.330589],[-0.102782,-0.315123,0.943469]],[[0.927278,-0.373423,-0.0266376],[0.146081,0.426423,-0.89265],[0.344695,0.823844,0.449963]],[[0.927278,-0.373423,-0.0266376],[-0.327695,-0.775202,-0.540073],[0.181026,0.509527,-0.841197]],[[0.927278,-0.373423,-0.0266376],[-0.368292,-0.922678,0.114131],[-0.0671971,-0.0960207,-0.993109]]],"btipPosition":[32.1174,314.495,-27.0816],"carpPosition":[44.3468,342.59,11.3497],"dipPosition":[30.8899,312.741,-45.2234],"direction":[-0.181026,-0.509527,0.841197],"extended":false,"handId":22,"id":223,"length":62.9929,"mcpPosition":[50.8506,362.53,-48.3508],"pipPosition":[35.7929,326.541,-68.007],"stabilizedTipPosition":[32.0287,316.128,-30.1616],"timeVisible":13.5757,"tipPosition":[31.7867,312.833,-32.1828],"tipVelocity":[-18.8812,5.06393,-7.58478],"tool":false,"touchDistance":0.333333,"touchZone":"none","type":3,"width":19.9504},{"bases":[[[0.836444,-0.547173,0.0310384],[0.489993,0.772001,0.404873],[-0.245497,-0.323445,0.913846]],[[0.834155,-0.550119,0.0394243],[0.307806,0.405034,-0.860931],[0.457646,0.730285,0.507192]],[[0.834155,-0.550119,0.0394243],[-0.408795,-0.664681,-0.625369],[0.370232,0.505538,-0.779333]],[[0.834155,-0.550119,0.0394243],[-0.55108,-0.834229,0.0193105],[0.0222658,-0.0378339,-0.999036]]],"btipPosition":[46.1709,317.94,-30.191],"carpPosition":[55.0674,333.27,9.13251],"dipPosition":[46.5462,317.302,-47.0275],"direction":[-0.370232,-0.505538,0.779333],"extended":false,"handId":22,"id":224,"length":49.3853,"mcpPosition":[69.4475,352.216,-44.3964],"pipPosition":[53.6261,326.969,-61.9307],"stabilizedTipPosition":[46.4597,319.997,-32.8307],"timeVisible":13.5757,"tipPosition":[46.4494,317.059,-34.7305],"tipVelocity":[-14.2973,-5.43961,-10.7704],"tool":false,"touchDistance":0.333333,"touchZone":"none","type":4,"width":17.7215}],"r":[[0.160181,-0.78169,0.602746],[0.644351,-0.379776,-0.663763],[0.747766,0.494702,0.44285]],"s":1.2092,"t":[-196.558,203.635,-59.62],"timestamp":629394757180},{"currentFrameRate":55.1642,"devices":[],"gestures":[],"hands":[{"armBasis":[[0.8068,0.162334,-0.568086],[0.156922,0.868103,0.470927],[0.569605,-0.469089,0.674912]],"armWidth":68.5066,"confidence":1,"direction":[0.0060258,0.472748,-0.881177],"elbow":[201.006,190.766,218.853],"grabAngle":2.80254,"grabStrength":0,"id":22,"palmNormal":[-0.156945,-0.869825,-0.467731],"palmPosition":[31.2283,352.581,-32.6365],"palmVelocity":[-2.70066,7.60718,-8.5515],"palmWidth":91.9162,"pinchDistance":52.7677,"pinchStrength":0.460761,"r":[[0.158534,-0.783611,0.600683],[0.641945,-0.380435,-0.665714],[0.750182,0.491144,0.442723]],"s":1.20867,"sphereCenter":[35.6973,321.917,-67.803],"sphereRadius":46.668,"stabilizedPalmPosition":[30.8066,354.504,-31.786],"t":[-196.618,203.636,-59.7077],"timeVisible":13.5939,"type":"right","wrist":[45.6471,318.71,34.7723]}],"id":12396,"interactionBox":{"center":[0,200,0],"size":[235.247,235.247,147.751]},"pointables":[{"bases":[[[0.974581,-0.059736,-0.215926],[0.131492,0.932848,0.335415],[0.18139,-0.355282,0.916991]],[[0.99118,-0.1181,-0.0601146],[0.124187,0.986106,0.110334],[0.046249,-0.116826,0.992075]],[[0.99118,-0.1181,-0.0601146],[0.115078,0.992022,-0.0514683],[0.0657134,0.0440965,0.996864]],[[0.99118,-0.1181,-0.0601146],[0.110202,0.986511,-0.121044],[0.073599,0.113351,0.990825]]],"btipPosition":[2.02116,371.959,-133.908],"carpPosition":[20.2269,343.583,16.0225],"dipPosition":[3.25062,373.852,-117.357],"direction":[-0.0657134,-0.0440965,-0.996864],"extended":true,"handId":22,"id":221,"length":57.4972,"mcpPosition":[6.74624,369.987,-52.1268],"pipPosition":[4.80355,374.894,-93.799],"stabilizedTipPosition":[2.77176,371.85,-130.194],"timeVisible":13.5939,"tipPosition":[1.58066,371.835,-129.822],"tipVelocity":[-11.7327,19.6408,-0.396063],"tool":false,"touchDistance":0.333334,"touchZone":"hovering","type":1,"width":21.3473},{"bases":[[[0.538955,0.813459,0.218658],[-0.726969,0.318069,0.608562],[0.425492,-0.486945,0.762785]],[[0.432199,0.900626,0.0455737],[-0.867558,0.401477,0.293528],[0.246062,-0.1664,0.954864]],[[0.432199,0.900626,0.0455737],[-0.89898,0.434286,-0.0568355],[-0.0709795,-0.0164056,0.997343]],[[0.432199,0.900626,0.0455737],[-0.828185,0.416417,-0.375109],[-0.356811,0.124379,0.92586]]],"btipPosition":[7.1383,328.533,-85.7121],"carpPosition":[9.01539,322.442,16.8705],"dipPosition":[-1.02629,331.379,-64.5265],"direction":[0.0709795,0.0164056,-0.997343],"extended":false,"handId":22,"id":220,"length":50.9551,"mcpPosition":[9.01539,322.442,16.8705],"pipPosition":[-3.39246,330.833,-31.2792],"stabilizedTipPosition":[5.25563,329.772,-80.1651],"timeVisible":13.5939,"tipPosition":[5.60866,328.523,-80.3896],"tipVelocity":[-12.1948,23.2798,-10.3182],"tool":false,"touchDistance":0.217565,"touchZone":"hovering","type":0,"width":22.3485},{"bases":[[[0.953335,-0.265334,-0.144048],[0.298314,0.901293,0.314133],[0.0464792,-0.342445,0.938387]],[[0.954407,-0.28539,-0.0875189],[0.0597651,0.469938,-0.880674],[0.292464,0.835291,0.465569]],[[0.954407,-0.28539,-0.0875189],[-0.285232,-0.785416,-0.549331],[0.088035,0.549248,-0.831009]],[[0.954407,-0.28539,-0.0875189],[-0.275318,-0.954879,0.111379],[-0.115356,-0.082205,-0.989917]]],"btipPosition":[14.9504,315.674,-33.3873],"carpPosition":[32.3371,344.664,13.3967],"dipPosition":[12.8309,314.164,-51.5753],"direction":[-0.088035,-0.549248,0.831009],"extended":false,"handId":22,"id":222,"length":65.5134,"mcpPosition":[29.0613,368.799,-52.7391],"pipPosition":[15.2785,329.434,-74.6797],"stabilizedTipPosition":[14.7055,316.943,-36.3673],"timeVisible":13.5939,"tipPosition":[14.302,312.777,-39.818],"tipVelocity":[-16.5758,13.4324,-14.9497],"tool":false,"touchDistance":0.333333,"touchZone":"none","type":2,"width":20.9659},{"bases":[[[0.924565,-0.380018,-0.0276542],[0.366993,0.868657,0.332792],[-0.102445,-0.317837,0.942595]],[[0.925191,-0.378014,-0.0335756],[0.143549,0.430487,-0.891109],[0.351306,0.819626,0.452546]],[[0.925191,-0.378014,-0.0335756],[-0.334615,-0.770822,-0.542094],[0.179038,0.512775,-0.839647]],[[0.925191,-0.378014,-0.0335756],[-0.372378,-0.921325,0.111779],[-0.073188,-0.0909138,-0.993166]]],"btipPosition":[31.9667,314.57,-27.4038],"carpPosition":[44.3429,342.491,11.1259],"dipPosition":[30.6297,312.91,-45.5467],"direction":[-0.179038,-0.512775,0.839647],"extended":false,"handId":22,"id":223,"length":62.9929,"mcpPosition":[50.8253,362.603,-48.5193],"pipPosition":[35.4789,326.798,-68.2883],"stabilizedTipPosition":[32.0228,316.097,-30.1841],"timeVisible":13.5939,"tipPosition":[31.4906,312.978,-32.4736],"tipVelocity":[-9.64118,5.30405,-17.6756],"tool":false,"touchDistance":0.333333,"touchZone":"none","type":3,"width":19.9504},{"bases":[[[0.833062,-0.552519,0.0270226],[0.495827,0.76746,0.406399],[-0.245282,-0.325157,0.913296]],[[0.831653,-0.554361,0.03222],[0.305664,0.408572,-0.860022],[0.463598,0.725088,0.509239]],[[0.831653,-0.554361,0.03222],[-0.415333,-0.659498,-0.626547],[0.368582,0.507687,-0.778717]],[[0.831653,-0.554361,0.03222],[-0.555041,-0.831628,0.0179967],[0.0168184,-0.0328505,-0.999319]]],"btipPosition":[46.0077,317.936,-30.52],"carpPosition":[54.9992,333.112,8.84906],"dipPosition":[46.2911,317.382,-47.3613],"direction":[-0.368582,-0.507687,0.778717],"extended":false,"handId":22,"id":224,"length":49.3853,"mcpPosition":[69.3667,352.158,-44.6476],"pipPosition":[53.3395,327.091,-62.2527],"stabilizedTipPosition":[46.455,319.971,-32.8495],"timeVisible":13.5939,"tipPosition":[46.1712,317.116,-35.0457],"tipVelocity":[-10.1033,0.86044,-18.0914],"tool":false,"touchDistance":0.333333,"touchZone":"none","type":4,"width":17.7215}],"r":[[0.158534,-0.783611,0.600683],[0.641945,-0.380435,-0.665714],[0.750182,0.491144,0.442723]],"s":1.20867,"t":[-196.618,203.636,-59.7077],"timestamp":629394775426},{"currentFrameRate":55.2243,"devices":[],"gestures":[],"hands":[{"armBasis":[[0.809367,0.176229,-0.560239],[0.142632,0.866379,0.478585],[0.56972,-0.467259,0.676083]],"armWidth":68.5066,"confidence":1,"direction":[0.00284862,0.454771,-0.890604],"elbow":[201.064,191.57,219.388],"grabAngle":2.80002,"grabStrength":0,"id":22,"palmNormal":[-0.142795,-0.881296,-0.450475],"palmPosition":[31.0888,351.53,-33.0323],"palmVelocity":[-7.7971,-58.683,-22.1113],"palmWidth":91.9162,"pinchDistance":52.9213,"pinchStrength":0.459008,"r":[[0.158999,-0.782241,0.602344],[0.641587,-0.381849,-0.66525],[0.75039,0.49223,0.441162]],"s":1.20818,"sphereCenter":[35.8126,320.437,-67.5429],"sphereRadius":46.5681,"stabilizedPalmPosition":[30.813,354.436,-31.8144],"t":[-196.719,203.112,-59.9494],"timeVisible":13.6118,"type":"right","wrist":[45.6736,319.014,34.9873]}],"id":12397,"interactionBox":{"center":[0,200,0],"size":[235.247,235.247,147.751]},"pointables":[{"bases":[[[0.976176,-0.0502764,-0.211076],[0.11698,0.941248,0.316808],[0.182747,-0.333952,0.924705]],[[0.99301,-0.105808,-0.0523064],[0.110309,0.989598,0.0923489],[0.041991,-0.0974732,0.994352]],[[0.99301,-0.105808,-0.0523064],[0.102513,0.992791,-0.0621111],[0.0585011,0.0563149,0.996698]],[[0.99301,-0.105808,-0.0523064],[0.0982273,0.98653,-0.130805],[0.065442,0.124753,0.990027]]],"btipPosition":[2.20142,368.867,-134.823],"carpPosition":[20.0224,343.369,15.7593],"dipPosition":[3.29462,370.951,-118.285],"direction":[-0.0585011,-0.0563149,-0.996698],"extended":true,"handId":22,"id":221,"length":57.4972,"mcpPosition":[6.44095,368.188,-52.9634],"pipPosition":[4.67711,372.282,-94.7313],"stabilizedTipPosition":[2.73034,371.525,-130.301],"timeVisible":13.6118,"tipPosition":[1.58377,368.41,-130.708],"tipVelocity":[8.31976,-170.273,-51.2866],"tool":false,"touchDistance":0.332616,"touchZone":"hovering","type":1,"width":21.3473},{"bases":[[[0.526547,0.825305,0.20401],[-0.733795,0.320028,0.599272],[0.429293,-0.465246,0.774115]],[[0.417938,0.90808,0.0268158],[-0.873503,0.393563,0.28653],[0.249639,-0.143176,0.957696]],[[0.417938,0.90808,0.0268158],[-0.905671,0.418784,-0.0661813],[-0.0713279,0.00337338,0.997447]],[[0.417938,0.90808,0.0268158],[-0.834059,0.395236,-0.384882],[-0.360102,0.138491,0.922576]]],"btipPosition":[7.13667,326.03,-85.657],"carpPosition":[9.10719,322.092,16.9968],"dipPosition":[-1.10324,329.199,-64.5464],"direction":[0.0713279,-0.00337338,-0.997447],"extended":false,"handId":22,"id":220,"length":50.9551,"mcpPosition":[9.10719,322.092,16.9968],"pipPosition":[-3.48102,329.312,-31.2957],"stabilizedTipPosition":[5.25447,329.525,-80.2174],"timeVisible":13.6118,"tipPosition":[5.98068,326.161,-80.3902],"tipVelocity":[-1.05876,-135.691,2.11622],"tool":false,"touchDistance":0.222304,"touchZone":"hovering","type":0,"width":22.3485},{"bases":[[[0.95755,-0.254651,-0.135099],[0.284314,0.911637,0.296787],[0.0475845,-0.322599,0.945339]],[[0.95868,-0.273537,-0.0781699],[0.0563132,0.451801,-0.89034],[0.278858,0.849149,0.448536]],[[0.95868,-0.273537,-0.0781699],[-0.271898,-0.800153,-0.534628],[0.0836924,0.533791,-0.841465]],[[0.95868,-0.273537,-0.0781699],[-0.262143,-0.956124,0.130796],[-0.110518,-0.1049,-0.988323]]],"btipPosition":[15.335,314.373,-33.0533],"carpPosition":[32.1265,344.567,13.1565],"dipPosition":[13.3044,312.445,-51.212],"direction":[-0.0836924,-0.533791,0.841465],"extended":false,"handId":22,"id":222,"length":65.5134,"mcpPosition":[28.7728,367.304,-53.4692],"pipPosition":[15.6313,327.286,-74.6071],"stabilizedTipPosition":[14.7108,316.845,-36.3954],"timeVisible":13.6118,"tipPosition":[14.7549,311.359,-39.4566],"tipVelocity":[22.6267,-78.0554,19.0347],"tool":false,"touchDistance":0.333333,"touchZone":"none","type":2,"width":20.9659},{"bases":[[[0.92994,-0.367342,-0.0164986],[0.353372,0.880366,0.316361],[-0.101688,-0.300027,0.948495]],[[0.929497,-0.36862,-0.0124487],[0.150722,0.410426,-0.899352],[0.336628,0.834068,0.437049]],[[0.929497,-0.36862,-0.0124487],[-0.319149,-0.786919,-0.528112],[0.184876,0.494851,-0.849084]],[[0.929497,-0.36862,-0.0124487],[-0.364045,-0.922336,0.129489],[-0.0592142,-0.115828,-0.991503]]],"btipPosition":[31.9743,313.782,-27.0262],"carpPosition":[44.1707,342.519,10.9746],"dipPosition":[30.8926,311.666,-45.1387],"direction":[-0.184876,-0.494851,0.849084],"extended":false,"handId":22,"id":223,"length":62.9929,"mcpPosition":[50.6052,361.504,-49.0439],"pipPosition":[35.9,325.069,-68.1359],"stabilizedTipPosition":[32.017,316.042,-30.2038],"timeVisible":13.6118,"tipPosition":[31.9051,311.978,-32.041],"tipVelocity":[3.70897,-49.9069,21.4853],"tool":false,"touchDistance":0.333333,"touchZone":"none","type":3,"width":19.9504},{"bases":[[[0.840664,-0.539976,0.0413467],[0.483328,0.782525,0.39249],[-0.24429,-0.309968,0.918827]],[[0.833021,-0.548963,0.0686758],[0.323436,0.382523,-0.865485],[0.448849,0.743179,0.496204]],[[0.833021,-0.548963,0.0686758],[-0.397452,-0.680168,-0.615957],[0.384849,0.48581,-0.784781]],[[0.833021,-0.548963,0.0686758],[-0.551781,-0.833411,0.0310648],[0.0401817,-0.0637716,-0.997155]]],"btipPosition":[45.7227,317.497,-30.2342],"carpPosition":[54.9673,333.248,8.92876],"dipPosition":[46.3999,316.422,-47.039],"direction":[-0.384849,-0.48581,0.784781],"extended":false,"handId":22,"id":224,"length":49.3853,"mcpPosition":[69.2767,351.405,-44.8919],"pipPosition":[53.7594,325.712,-62.0463],"stabilizedTipPosition":[46.4472,319.934,-32.8664],"timeVisible":13.6118,"tipPosition":[46.5131,316.281,-34