{"frames":63,"data":[{"currentFrameRate":54.2679,"devices":[],"gestures":[],"hands":[],"id":38097,"interactionBox":{"center":[0,200,0],"size":[235.247,235.247,147.751]},"pointables":[],"r":[[0.354948,0.42971,-0.830278],[-0.620722,-0.555778,-0.553005],[-0.699082,0.71166,0.0694586]],"s":0.281324,"t":[-873.126,-444.823,1068.35],"timestamp":629886525233},{"currentFrameRate":54.3671,"devices":[],"gestures":[],"hands":[],"id":38098,"interactionBox":{"center":[0,200,0],"size":[235.247,235.247,147.751]},"pointables":[],"r":[[0.354948,0.42971,-0.830278],[-0.620722,-0.555778,-0.553005],[-0.699082,0.71166,0.0694586]],"s":0.281324,"t":[-873.126,-444.823,1068.35],"timestamp":629886543278},{"currentFrameRate":54.4496,"devices":[],"gestures":[],"hands":[],"id":38099,"interactionBox":{"center":[0,200,0],"size":[235.247,235.247,147.751]},"pointables":[],"r":[[0.354948,0.42971,-0.830278],[-0.620722,-0.555778,-0.553005],[-0.699082,0.71166,0.0694586]],"s":0.281324,"t":[-873.126,-444.823,1068.35],"timestamp":629886561354},{"currentFrameRate":54.5237,"devices":[],"gestures":[],"hands":[],"id":38100,"interactionBox":{"center":[0,200,0],"size":[235.247,235.247,147.751]},"pointables":[],"r":[[0.354948,0.42971,-0.830278],[-0.620722,-0.555778,-0.553005],[-0.699082,0.71166,0.0694586]],"s":0.281324,"t":[-873.126,-444.823,1068.35],"timestamp":629886579435},{"currentFrameRate":54.5898,"devices":[],"gestures":[],"hands":[],"id":38101,"interactionBox":{"center":[0,200,0],"size":[235.247,235.247,147.751]},"pointables":[],"r":[[0.354948,0.42971,-0.830278],[-0.620722,-0.555778,-0.553005],[-0.699082,0.71166,0.0694586]],"s":0.281324,"t":[-873.126,-444.823,1068.35],"timestamp":629886597522},{"currentFrameRate":54.6259,"devices":[],"gestures":[],"hands":[],"id":38102,"interactionBox":{"center":[0,200,0],"size":[235.247,235.247,147.751]},"pointables":[],"r":[[0.354948,0.42971,-0.830278],[-0.620722,-0.555778,-0.553005],[-0.699082,0.71166,0.0694586]],"s":0.281324,"t":[-873.126,-444.823,1068.35],"timestamp":629886615702},{"currentFrameRate":54.6646,"devices":[],"gestures":[],"hands":[],"id":38103,"interactionBox":{"center":[0,200,0],"size":[235.247,235.247,147.751]},"pointables":[],"r":[[0.354948,0.42971,-0.830278],[-0.620722,-0.555778,-0.553005],[-0.699082,0.71166,0.0694586]],"s":0.281324,"t":[-873.126,-444.823,1068.35],"timestamp":629886633860},{"currentFrameRate":54.7659,"devices":[],"gestures":[],"hands":[],"id":38104,"interactionBox":{"center":[0,200,0],"size":[235.247,235.247,147.751]},"pointables":[],"r":[[0.354948,0.42971,-0.830278],[-0.620722,-0.555778,-0.553005],[-0.699082,0.71166,0.0694586]],"s":0.281324,"t":[-873.126,-444.823,1068.35],"timestamp":629886651766},{"currentFrameRate":54.8006,"devices":[],"gestures":[],"hands":[{"armBasis":[[-0.657987,-0.732639,-0.174052],[-0.538983,0.296789,0.788298],[0.525881,-0.612501,0.590163]],"armWidth":55.2217,"confidence":0,"direction":[-0.375295,0.925402,-0.052768],"elbow":[230.283,-19.5043,303.896],"grabAngle":0,"grabStrength":0,"id":102,"palmNormal":[0.417214,0.117816,-0.901139],"palmPosition":[87.7959,185.135,156.452],"palmVelocity":[1.19209e-7,1.19209e-7,1.19209e-7],"palmWidth":78.8548,"pinchDistance":55.0286,"pinchStrength":0,"r":[[1,0,2.08167e-18],[0,1,0],[-2.08167e-18,0,1]],"s":1,"sphereCenter":[17.3042,207.021,241.289],"sphereRadius":109.927,"stabilizedPalmPosition":[87.7959,185.135,156.452],"t":[0,0,0],"timeVisible":0,"type":"left","wrist":[107.232,123.815,165.804]}],"id":38105,"interactionBox":{"center":[0,200,0],"size":[235.247,235.247,147.751]},"pointables":[{"bases":[[[-0.779464,-0.0697491,0.622552],[0.626008,-0.123947,0.769904],[-0.0234631,-0.989834,-0.140275]],[[-0.758668,0.13157,0.638053],[0.65105,0.117655,0.749861],[-0.0235888,-0.9843,0.17492]],[[-0.758668,0.13157,0.638053],[0.620847,0.442795,0.646902],[0.197414,-0.886917,0.417619]],[[-0.758668,0.13157,0.638053],[0.548515,0.657432,0.516638],[0.351502,-0.741939,0.57094]]],"btipPosition":[111.854,230.101,130.319],"carpPosition":[123.796,146.265,161.806],"dipPosition":[118.983,215.053,141.899],"direction":[-0.197414,0.886917,-0.417619],"extended":false,"handId":102,"id":1020,"length":45.1657,"mcpPosition":[123.796,146.265,161.806],"pipPosition":[124.817,188.846,154.239],"stabilizedTipPosition":[113.494,226.64,132.982],"timeVisible":0,"tipPosition":[113.494,226.64,132.982],"tipVelocity":[1.19209e-7,1.19209e-7,1.19209e-7],"tool":false,"touchDistance":1,"touchZone":"none","type":0,"width":17.5493},{"bases":[[[-0.498189,-0.543144,-0.675871],[-0.685642,-0.230373,0.690524],[0.530756,-0.807417,0.257633]],[[-0.632788,-0.280278,-0.72182],[-0.61065,-0.392553,0.687756],[0.476115,-0.875983,-0.0772512]],[[-0.632788,-0.280278,-0.72182],[-0.61065,-0.392553,0.687756],[0.476115,-0.875983,-0.0772512]],[[-0.632788,-0.280278,-0.72182],[-0.61065,-0.392553,0.687756],[0.476115,-0.875983,-0.0772512]]],"btipPosition":[27.2306,236.425,146.57],"carpPosition":[83.6743,141.074,154.686],"dipPosition":[34.3427,223.339,145.416],"direction":[-0.476115,0.875983,0.0772512],"extended":true,"handId":102,"id":1024,"length":43.7742,"mcpPosition":[57.0028,181.648,141.739],"pipPosition":[42.413,208.491,144.106],"stabilizedTipPosition":[28.8664,233.415,146.304],"timeVisible":0,"tipPosition":[28.8664,233.415,146.304],"tipVelocity":[1.19209e-7,1.19209e-7,1.19209e-7],"tool":false,"touchDistance":1,"touchZone":"none","type":4,"width":13.9159},{"bases":[[[-0.878962,-0.199719,-0.433058],[-0.446864,0.0277847,0.89417],[0.16655,-0.979459,0.113669]],[[-0.719015,-0.605867,-0.340504],[-0.366097,-0.0862748,0.926569],[0.590754,-0.790874,0.159773]],[[-0.719015,-0.605867,-0.340504],[-0.366097,-0.0862748,0.926569],[0.590754,-0.790874,0.159773]],[[-0.719015,-0.605867,-0.340504],[-0.366097,-0.0862748,0.926569],[0.590754,-0.790874,0.159773]]],"btipPosition":[53.7248,270.504,154.67],"carpPosition":[107.461,150.333,173.579],"dipPosition":[62.4721,258.793,157.036],"direction":[-0.590754,0.790874,-0.159773],"extended":true,"handId":102,"id":1021,"length":50.9644,"mcpPosition":[96.8418,212.781,166.332],"pipPosition":[74.8465,242.227,160.383],"stabilizedTipPosition":[55.7367,267.81,155.215],"timeVisible":0,"tipPosition":[55.7367,267.81,155.215],"tipVelocity":[1.19209e-7,1.19209e-7,1.19209e-7],"tool":false,"touchDistance":1,"touchZone":"none","type":1,"width":16.7631},{"bases":[[[-0.759235,-0.332002,-0.559766],[-0.585265,-0.0278907,0.810362],[0.284654,-0.942866,0.173133]],[[-0.718022,-0.446487,-0.533941],[-0.447425,-0.29154,0.845467],[0.533156,-0.845963,-0.00956282]],[[-0.718022,-0.446487,-0.533941],[-0.447425,-0.29154,0.845467],[0.533156,-0.845963,-0.00956282]],[[-0.718022,-0.446487,-0.533941],[-0.447425,-0.29154,0.845467],[0.533156,-0.845963,-0.00956282]]],"btipPosition":[36.1339,275.737,160.591],"carpPosition":[97.4378,148.765,170.269],"dipPosition":[44.8167,261.959,160.436],"direction":[-0.533156,0.845963,0.00956281],"extended":true,"handId":102,"id":1022,"length":58.0699,"mcpPosition":[80.2267,205.774,159.8],"pipPosition":[57.9558,241.112,160.2],"stabilizedTipPosition":[38.131,272.568,160.555],"timeVisible":0,"tipPosition":[38.131,272.568,160.555],"tipVelocity":[1.19209e-7,1.19209e-7,1.19209e-7],"tool":false,"touchDistance":1,"touchZone":"none","type":2,"width":16.4636},{"bases":[[[-0.662776,-0.46408,-0.587672],[-0.628641,-0.0815817,0.773405],[0.406865,-0.882028,0.237669]],[[-0.753411,-0.182695,-0.63166],[-0.549433,-0.352835,0.757384],[0.361243,-0.917676,-0.165451]],[[-0.753411,-0.182695,-0.63166],[-0.549433,-0.352835,0.757384],[0.361243,-0.917676,-0.165451]],[[-0.753411,-0.182695,-0.63166],[-0.549433,-0.352835,0.757384],[0.361243,-0.917676,-0.165451]]],"btipPosition":[38.1388,266.202,165.003],"carpPosition":[88.7351,145.897,164.847],"dipPosition":[43.988,251.342,162.324],"direction":[-0.361243,0.917676,0.165451],"extended":true,"handId":102,"id":1023,"length":55.8357,"mcpPosition":[66.6481,193.778,151.945],"pipPosition":[52.6605,229.311,158.352],"stabilizedTipPosition":[39.4841,262.784,164.387],"timeVisible":0,"tipPosition":[39.4841,262.784,164.387],"tipVelocity":[1.19209e-7,1.19209e-7,1.19209e-7],"tool":false,"touchDistance":1,"touchZone":"none","type":3,"width":15.6661}],"r":[[1,0,2.08167e-18],[0,1,0],[-2.08167e-18,0,1]],"s":1,"t":[0,0,0],"timestamp":629886669893},{"currentFrameRate":54.8472,"devices":[],"gestures":[],"hands":[{"armBasis":[[-0.664085,-0.689567,-0.288945],[-0.659298,0.357849,0.661264],[0.352587,-0.629636,0.692272]],"armWidth":55.2759,"confidence":0.0949067,"direction":[-0.704696,0.468048,0.53323],"elbow":[181.838,17.5597,296.278],"grabAngle":0.55435,"grabStrength":0.16596,"id":102,"palmNormal":[-0.198664,0.59132,-0.781584],"palmPosition":[57.1976,206.754,156.516],"palmVelocity":[-1693.32,1196.38,3.56591],"palmWidth":78.8548,"pinchDistance":31.8976,"pinchStrength":0.0876869,"r":[[0.990275,0.128259,-0.053896],[-0.121776,0.986444,0.109996],[0.0672733,-0.102363,0.99247]],"s":0.955574,"sphereCenter":[45.2878,259.814,110.485],"sphereRadius":68.6749,"stabilizedPalmPosition":[67.4276,199.526,156.495],"t":[-15.2991,10.8093,0.032218],"timeVisible":0.01807,"type":"left","wrist":[99.3362,164.889,134.293]}],"id":38106,"interactionBox":{"center":[0,200,0],"size":[235.247,235.247,147.751]},"pointables":[{"bases":[[[-0.233903,-0.70182,0.672858],[0.912031,0.0814098,0.401959],[0.336881,-0.707687,-0.62104]],[[-0.301694,-0.530736,0.792023],[0.755059,0.374215,0.538376],[0.582123,-0.760449,-0.287839]],[[-0.301694,-0.530736,0.792023],[0.893365,0.132774,0.429268],[0.332988,-0.837072,-0.434084]],[[-0.301694,-0.530736,0.792023],[-0.1763,0.84746,0.500729],[0.936963,-0.0114332,0.349242]]],"btipPosition":[50.8351,255.336,149.371],"carpPosition":[103.479,198.669,131.451],"dipPosition":[68.9282,255.115,156.115],"direction":[-0.332988,0.837072,0.434084],"extended":true,"handId":102,"id":1020,"length":43.0013,"mcpPosition":[103.479,198.669,131.451],"pipPosition":[78.2959,231.566,143.903],"stabilizedTipPosition":[76.197,244.904,144.42],"timeVisible":0.01807,"tipPosition":[50.1144,257.828,151.682],"tipVelocity":[-3237.26,1585.22,992.784],"tool":false,"touchDistance":1,"touchZone":"none","type":0,"width":17.574},{"bases":[[[-0.593665,-0.588876,-0.54844],[-0.0395661,-0.659351,0.750793],[0.803739,-0.467419,-0.368134]],[[-0.759036,-0.468831,-0.451731],[-0.405716,-0.202027,0.891392],[0.509174,-0.859874,0.0368666]],[[-0.759036,-0.468831,-0.451731],[-0.405716,-0.202027,0.891392],[0.509174,-0.859874,0.0368666]],[[-0.759036,-0.468831,-0.451731],[-0.405716,-0.202027,0.891392],[0.509174,-0.859874,0.0368666]]],"btipPosition":[-2.83661,265.995,160.01],"carpPosition":[79.0535,176.011,142.795],"dipPosition":[5.01291,252.739,160.578],"direction":[-0.509174,0.859874,-0.0368666],"extended":true,"handId":102,"id":1023,"length":53.16,"mcpPosition":[35.4219,201.386,162.78],"pipPosition":[16.6511,233.085,161.421],"stabilizedTipPosition":[12.6893,262.891,161.578],"timeVisible":0.01807,"tipPosition":[-1.83258,259.507,166.372],"tipVelocity":[-2242.13,8.97979,-234.979],"tool":false,"touchDistance":1,"touchZone":"none","type":3,"width":15.6882},{"bases":[[[-0.481898,-0.521924,-0.703825],[-0.0602561,-0.781604,0.620857],[0.874153,-0.3416,-0.345204]],[[-0.674895,-0.426373,-0.602266],[-0.412297,-0.459008,0.786971],[0.611987,-0.779435,-0.13399]],[[-0.674895,-0.426373,-0.602266],[-0.412297,-0.459008,0.786971],[0.611987,-0.779435,-0.13399]],[[-0.674895,-0.426373,-0.602266],[-0.412297,-0.459008,0.786971],[0.611987,-0.779435,-0.13399]]],"btipPosition":[-8.18175,235.699,158.642],"carpPosition":[72.1806,172.129,133.318],"dipPosition":[0.521994,224.614,156.736],"direction":[-0.611987,0.779435,0.13399],"extended":true,"handId":102,"id":1024,"length":41.6764,"mcpPosition":[28.2529,189.295,150.665],"pipPosition":[10.3982,212.035,154.574],"stabilizedTipPosition":[6.98105,233.249,153.735],"timeVisible":0.01807,"tipPosition":[-7.46588,228.363,164.207],"tipVelocity":[-1939.47,-14.6997,658.514],"tool":false,"touchDistance":1,"touchZone":"none","type":4,"width":13.9355},{"bases":[[[-0.789779,-0.568804,-0.22959],[0.11038,-0.499976,0.858976],[0.603379,-0.653059,-0.457655]],[[-0.760314,-0.599097,-0.251009],[-0.209756,-0.139279,0.967783],[0.614756,-0.78847,0.0197688]],[[-0.760314,-0.599097,-0.251009],[-0.209756,-0.139279,0.967783],[0.614756,-0.78847,0.0197688]],[[-0.760314,-0.599097,-0.251009],[-0.209756,-0.139279,0.967783],[0.614756,-0.78847,0.0197688]]],"btipPosition":[14.3606,284.826,175.183],"carpPosition":[95.5493,188.399,147.377],"dipPosition":[23.0271,273.711,175.461],"direction":[-0.614756,0.788469,-0.0197688],"extended":true,"handId":102,"id":1021,"length":48.5221,"mcpPosition":[57.0792,230.037,176.556],"pipPosition":[35.2872,257.987,175.856],"stabilizedTipPosition":[32.4362,276.365,167.067],"timeVisible":0.01807,"tipPosition":[13.4392,277.158,179.996],"tipVelocity":[-2179.45,800.198,1108.59],"tool":false,"touchDistance":1,"touchZone":"none","type":1,"width":16.7867},{"bases":[[[-0.708166,-0.558181,-0.432358],[-0.0115103,-0.603158,0.797539],[0.705952,-0.569767,-0.420711]],[[-0.849739,-0.414521,-0.325755],[-0.30485,-0.117787,0.945089],[0.430129,-0.902385,0.0262788]],[[-0.849739,-0.414521,-0.325755],[-0.30485,-0.117787,0.945089],[0.430129,-0.902385,0.0262788]],[[-0.849739,-0.414521,-0.325755],[-0.30485,-0.117787,0.945089],[0.430129,-0.902385,0.0262788]]],"btipPosition":[10.5153,287.493,169.823],"carpPosition":[87.067,181.991,146.455],"dipPosition":[17.1845,273.501,170.23],"direction":[-0.430129,0.902385,-0.0262788],"extended":true,"handId":102,"id":1022,"length":55.2871,"mcpPosition":[44.3829,216.44,171.892],"pipPosition":[27.2766,252.328,170.847],"stabilizedTipPosition":[21.7758,279.909,166.426],"timeVisible":0.01807,"tipPosition":[9.3698,279.919,174.618],"tipVelocity":[-1443.37,647.861,518.056],"tool":false,"touchDistance":1,"touchZone":"none","type":2,"width":16.4868}],"r":[[0.990275,0.128259,-0.053896],[-0.121776,0.986444,0.109996],[0.0672733,-0.102363,0.99247]],"s":0.955574,"t":[-15.2991,10.8093,0.032218],"timestamp":629886687963},{"currentFrameRate":54.8869,"devices":[],"gestures":[],"hands":[{"armBasis":[[-0.861163,-0.24974,0.44275],[0.158722,0.695338,0.700936],[0.482913,-0.673895,0.559161]],"armWidth":55.2759,"confidence":0.188175,"direction":[-0.613157,0.780097,0.124446],"elbow":[193.222,3.45366,274.668],"grabAngle":2.592,"grabStrength":0.274973,"id":102,"palmNormal":[-0.573079,-0.330835,-0.749752],"palmPosition":[42.017,214.454,138.206],"palmVelocity":[-839.593,425.886,-1012.67],"palmWidth":78.8548,"pinchDistance":7.5933,"pinchStrength":1,"r":[[0.962139,0.20022,-0.184937],[-0.197489,0.979741,0.0332642],[0.18785,0.00451808,0.982187]],"s":0.822826,"sphereCenter":[7.24592,207.679,114.859],"sphereRadius":34.4625,"stabilizedPalmPosition":[53.2515,207.854,146.292],"t":[-30.539,20.0642,-9.10672],"timeVisible":0.036151,"type":"left","wrist":[80.2254,161.139,143.83]}],"id":38107,"interactionBox":{"center":[0,200,0],"size":[235.247,235.247,147.751]},"pointables":[{"bases":[[[-0.510268,-0.807292,0.29649],[0.339255,0.127844,0.931967],[0.790273,-0.576139,-0.208643]],[[-0.330801,-0.91123,0.245418],[-0.169504,0.313203,0.934437],[0.928353,-0.267514,0.258065]],[[-0.330801,-0.91123,0.245418],[-0.640205,0.407758,0.651054],[0.693331,-0.0582517,0.718261]],[[-0.330801,-0.91123,0.245418],[-0.898431,0.383676,0.213575],[0.288777,0.14984,0.945598]]],"btipPosition":[-23.9297,210.608,128.266],"carpPosition":[58.1635,175.042,150.35],"dipPosition":[-19.8227,212.739,141.715],"direction":[-0.693331,0.0582517,-0.718261],"extended":false,"handId":102,"id":1024,"length":41.6764,"mcpPosition":[18.4509,203.994,160.835],"pipPosition":[-8.63375,211.799,153.306],"stabilizedTipPosition":[-9.38587,221.151,141.514],"timeVisible":0.036151,"tipPosition":[-22.3708,219.087,136.148],"tipVelocity":[-929.441,-1219.6,-1484.68],"tool":false,"touchDistance":1,"touchZone":"none","type":4,"width":13.9355},{"bases":[[[0.174144,0.234444,0.956405],[0.933156,0.270883,-0.236312],[0.314475,-0.933627,0.1716]],[[0.10143,0.432262,0.896026],[0.752176,0.556154,-0.353446],[0.65111,-0.709818,0.268726]],[[0.10143,0.432262,0.896026],[0.415604,0.7999,-0.432935],[0.903872,-0.416305,0.0985164]],[[0.10143,0.432262,0.896026],[-0.114627,0.89975,-0.421083],[0.988217,0.0599989,-0.14081]]],"btipPosition":[6.47476,224.647,104.362],"carpPosition":[79.1527,183.388,116.04],"dipPosition":[25.5576,225.806,101.643],"direction":[-0.903872,0.416305,-0.0985164],"extended":false,"handId":102,"id":1020,"length":43.0013,"mcpPosition":[79.1527,183.388,116.04],"pipPosition":[50.9856,214.094,104.414],"stabilizedTipPosition":[38.623,233.407,121.022],"timeVisible":0.036151,"tipPosition":[14.5201,229.835,101.261],"tipVelocity":[-2440.83,-1679.73,-2609.65],"tool":false,"touchDistance":0.562278,"touchZone":"hovering","type":0,"width":17.574},{"bases":[[[-0.63894,-0.392515,0.66158],[0.490616,0.454478,0.743468],[0.592496,-0.799613,0.0978103]],[[-0.431921,-0.614183,0.660472],[-0.208488,0.78046,0.589419],[0.877483,-0.116882,0.465147]],[[-0.431921,-0.614183,0.660472],[-0.900414,0.251453,-0.355002],[-0.0519583,0.748031,0.661627]],[[-0.431921,-0.614183,0.660472],[-0.756971,-0.151273,-0.635698],[-0.490346,0.774529,0.399581]]],"btipPosition":[18.4447,221.804,92.8886],"carpPosition":[79.3774,192.516,134.441],"dipPosition":[11.5321,232.723,98.5216],"direction":[0.0519583,-0.748031,-0.661627],"extended":false,"handId":102,"id":1021,"length":48.5221,"mcpPosition":[41.6012,243.498,128.205],"pipPosition":[10.4959,247.641,111.716],"stabilizedTipPosition":[25.3851,252.811,134.085],"timeVisible":0.036151,"tipPosition":[13.4052,230.969,95.9713],"tipVelocity":[27.7022,-3205.27,-4483.31],"tool":false,"touchDistance":0.403069,"touchZone":"hovering","type":1,"width":16.7867},{"bases":[[[-0.627231,-0.568625,0.53221],[0.388421,0.363911,0.84658],[0.675063,-0.737723,0.0073898]],[[-0.585622,-0.611838,0.531696],[-0.292915,0.771351,0.564993],[0.755809,-0.175131,0.630938]],[[-0.585622,-0.611838,0.531696],[-0.770527,0.216538,-0.5995],[-0.251664,0.760766,0.598247]],[[-0.585622,-0.611838,0.531696],[-0.568203,-0.157948,-0.807588],[-0.578093,0.775052,0.255151]]],"btipPosition":[17.0471,211.154,98.9398],"carpPosition":[73.0539,189.451,142.472],"dipPosition":[8.08359,223.172,102.896],"direction":[0.251664,-0.760766,-0.598247],"extended":false,"handId":102,"id":1022,"length":55.2871,"mcpPosition":[32.2375,234.056,142.025],"pipPosition":[2.17881,241.021,116.933],"stabilizedTipPosition":[18.0897,244.086,130.285],"timeVisible":0.036151,"tipPosition":[11.6118,220.39,100.414],"tipVelocity":[162.397,-3891.18,-3875.17],"tool":false,"touchDistance":0.497496,"touchZone":"hovering","type":2,"width":16.4868},{"bases":[[[-0.548537,-0.696793,0.462153],[0.363938,0.298653,0.882245],[0.752766,-0.652139,-0.0897674]],[[-0.502411,-0.734644,0.455939],[-0.405948,0.666013,0.625806],[0.763406,-0.129324,0.63284]],[[-0.502411,-0.734644,0.455939],[-0.81623,0.229034,-0.530389],[-0.285222,0.638624,0.714708]],[[-0.502411,-0.734644,0.455939],[-0.353262,-0.306891,-0.883756],[-0.78917,0.605075,0.105336]]],"btipPosition":[15.9096,200.48,112.349],"carpPosition":[66.2319,184.236,148.766],"dipPosition":[3.74363,209.808,113.973],"direction":[0.285222,-0.638624,-0.714708],"extended":false,"handId":102,"id":1023,"length":53.16,"mcpPosition":[25.3674,219.637,153.639],"pipPosition":[-2.77567,224.405,130.309],"stabilizedTipPosition":[12.9514,225.471,131.243],"timeVisible":0.036151,"tipPosition":[9.04675,208.731,113.785],"tipVelocity":[782.183,-3336.14,-2622.53],"tool":false,"touchDistance":0.712044,"touchZone":"hovering","type":3,"width":15.6882}],"r":[[0.962139,0.20022,-0.184937],[-0.197489,0.979741,0.0332642],[0.18785,0.00451808,0.982187]],"s":0.822826,"t":[-30.539,20.0642,-9.10672],"timestamp":629886706044},{"currentFrameRate":54.9287,"devices":[],"gestures":[],"hands":[{"armBasis":[[-0.76003,-0.236545,0.60531],[0.316871,0.678311,0.662938],[0.567404,-0.695658,0.440583]],"armWidth":55.2759,"confidence":0.278066,"direction":[-0.609927,0.778505,0.148054],"elbow":[209.445,6.39584,236.359],"grabAngle":2.69201,"grabStrength":0.301667,"id":102,"palmNormal":[-0.644473,-0.378578,-0.664329],"palmPosition":[37.224,221.95,130],"palmVelocity":[-265.392,415.02,-454.386],"palmWidth":78.8548,"pinchDistance":8.40467,"pinchStrength":0.918856,"r":[[0.917248,0.245185,-0.31391],[-0.266423,0.963507,-0.0259258],[0.296098,0.107413,0.949099]],"s":0.789273,"sphereCenter":[6.38909,217.48,107.582],"sphereRadius":31.7715,"stabilizedPalmPosition":[45.1875,214.946,138.095],"t":[-40.5554,28.4392,-17.7793],"timeVisible":0.054211,"type":"left","wrist":[76.6777,169.173,133.267]}],"id":38108,"interactionBox":{"center":[0,200,0],"size":[235.247,235.247,147.751]},"pointables":[{"bases":[[[-0.461027,-0.795599,0.393036],[0.435245,0.183244,0.881467],[0.773315,-0.577446,-0.2618]],[[-0.44711,-0.805808,0.388286],[-0.0650766,0.462246,0.884361],[0.892109,-0.370138,0.259114]],[[-0.44711,-0.805808,0.388286],[-0.374406,0.562831,0.736913],[0.81235,-0.184104,0.553347]],[[-0.44711,-0.805808,0.388286],[-0.634047,0.591707,0.497862],[0.630933,0.0235928,0.775478]]],"btipPosition":[-31.6916,225.915,128.061],"carpPosition":[55.2789,183.463,142.424],"dipPosition":[-22.7185,226.251,139.09],"direction":[-0.81235,0.184104,-0.553347],"extended":true,"handId":102,"id":1024,"length":41.6764,"mcpPosition":[16.4184,212.481,155.58],"pipPosition":[-9.60876,223.28,148.02],"stabilizedTipPosition":[-23.0444,224.418,134.148],"timeVisible":0.054211,"tipPosition":[-28.0878,225.817,133.073],"tipVelocity":[-367.813,824.731,-42.1699],"tool":false,"touchDistance":1,"touchZone":"none","type":4,"width":13.9355},{"bases":[[[0.271859,0.289079,0.917892],[0.897367,0.26837,-0.3503],[0.347599,-0.918919,0.186451]],[[0.190447,0.480559,0.856033],[0.66917,0.574474,-0.471372],[0.71829,-0.662604,0.212169]],[[0.190447,0.480559,0.856033],[0.266065,0.814089,-0.516205],[0.944955,-0.326071,-0.0271809]],[[0.190447,0.480559,0.856033],[-0.21461,0.871282,-0.441373],[0.957952,0.0996551,-0.269066]]],"btipPosition":[-3.85207,226.056,102.423],"carpPosition":[72.3034,190.143,105.641],"dipPosition":[14.6463,227.981,97.2273],"direction":[-0.944955,0.326071,0.0271809],"extended":false,"handId":102,"id":1020,"length":43.0013,"mcpPosition":[72.3034,190.143,105.641],"pipPosition":[41.23,218.808,96.4626],"stabilizedTipPosition":[12.7238,228.726,107.609],"timeVisible":0.054211,"tipPosition":[4.2879,232.753,96.9665],"tipVelocity":[-579.25,87.7658,-138.907],"tool":false,"touchDistance":0.520467,"touchZone":"none","type":0,"width":17.574},{"bases":[[[-0.556994,-0.36279,0.747088],[0.559636,0.500703,0.660382],[0.613649,-0.785927,0.0758584]],[[-0.39257,-0.541613,0.743333],[-0.435081,0.821424,0.368737],[0.810304,0.178655,0.558112]],[[-0.39257,-0.541613,0.743333],[-0.902647,0.0718752,-0.424337],[-0.1764,0.837549,0.517102]],[[-0.39257,-0.541613,0.743333],[-0.69068,-0.360089,-0.627134],[-0.60733,0.759599,0.232721]]],"btipPosition":[18.576,216.643,85.1783],"carpPosition":[74.3451,200.279,123.392],"dipPosition":[10.0143,227.351,88.459],"direction":[0.1764,-0.837549,-0.517102],"extended":false,"handId":102,"id":1021,"length":48.5221,"mcpPosition":[35.2203,250.388,118.556],"pipPosition":[6.49635,244.055,98.7716],"stabilizedTipPosition":[22.4607,241.582,118.043],"timeVisible":0.054211,"tipPosition":[10.6054,227.001,87.9978],"tipVelocity":[-13.7313,-288.454,-456.883],"tool":false,"touchDistance":0.265548,"touchZone":"hovering","type":1,"width":16.7867},{"bases":[[[-0.556156,-0.545642,0.62687],[0.470749,0.414784,0.778684],[0.684898,-0.728168,-0.0261762]],[[-0.514086,-0.588324,0.624172],[-0.582469,0.773628,0.249458],[0.629639,0.235318,0.740392]],[[-0.514086,-0.588324,0.624172],[-0.761879,-0.0210819,-0.647376],[-0.394026,0.80835,0.437394]],[[-0.514086,-0.588324,0.624172],[-0.342584,-0.526298,-0.778233],[-0.786354,0.61391,-0.0690122]]],"btipPosition":[23.9633,203.773,95.159],"carpPosition":[68.9776,197.589,132.214],"dipPosition":[11.7707,213.291,94.0889],"direction":[0.394026,-0.80835,-0.437394],"extended":false,"handId":102,"id":1022,"length":55.2871,"mcpPosition":[27.5665,241.616,133.797],"pipPosition":[2.52568,232.258,104.351],"stabilizedTipPosition":[19.9183,221.373,109.211],"timeVisible":0.054211,"tipPosition":[14.353,213.188,95.1168],"tipVelocity":[341.833,-440.547,-273.36],"tool":false,"touchDistance":0.415215,"touchZone":"hovering","type":2,"width":16.4868},{"bases":[[[-0.483199,-0.676556,0.555689],[0.451405,0.351317,0.82025],[0.750168,-0.647185,-0.135645]],[[-0.437347,-0.714146,0.546555],[-0.463894,0.699814,0.543196],[0.770409,0.0159786,0.63735]],[[-0.437347,-0.714146,0.546555],[-0.834068,0.0948776,-0.543441],[-0.336241,0.693537,0.637141]],[[-0.437347,-0.714146,0.546555],[-0.393889,-0.394243,-0.830316],[-0.808442,0.578418,0.108874]]],"btipPosition":[13.9897,202.424,107.108],"carpPosition":[62.9659,192.65,139.482],"dipPosition":[1.52661,211.341,108.786],"direction":[0.336241,-0.693537,-0.637141],"extended":false,"handId":102,"id":1023,"length":53.16,"mcpPosition":[22.2424,227.783,146.845],"pipPosition":[-6.15883,227.193,123.349],"stabilizedTipPosition":[12.1703,216.501,121.097],"timeVisible":0.054211,"tipPosition":[4.90269,211.25,108.945],"tipVelocity":[-110.091,102.423,-289.521],"tool":false,"touchDistance":0.624898,"touchZone":"hovering","type":3,"width":15.6882}],"r":[[0.917248,0.245185,-0.31391],[-0.266423,0.963507,-0.0259258],[0.296098,0.107413,0.949099]],"s":0.789273,"t":[-40.5554,28.4392,-17.7793],"timestamp":629886724104},{"currentFrameRate":54.9013,"devices":[],"gestures":[],"hands":[{"armBasis":[[-0.748731,-0.236812,0.61913],[0.313248,0.696737,0.645316],[0.584189,-0.67711,0.447488]],"armWidth":55.2759,"confidence":0.36448,"direction":[-0.561073,0.816432,0.136513],"elbow":[208.908,14.8944,228.4],"grabAngle":2.86792,"grabStrength":0.376271,"id":102,"palmNormal":[-0.665307,-0.346658,-0.661207],"palmPosition":[35.4801,227.948,119.681],"palmVelocity":[-95.2397,327.602,-563.6],"palmWidth":78.8548,"pinchDistance":4.90653,"pinchStrength":0.875952,"r":[[0.872125,0.258134,-0.415649],[-0.312804,0.947382,-0.0679736],[0.376233,0.189298,0.906981]],"s":0.76878,"sphereCenter":[3.08686,223.86,100.051],"sphereRadius":32.1033,"stabilizedPalmPosition":[41.6397,219.698,131.365],"t":[-46.4356,35.626,-27.2753],"timeVisible":0.072521,"type":"left","wrist":[72.2129,173.332,123.692]}],"id":38109,"interactionBox":{"center":[0,200,0],"size":[235.247,235.247,147.751]},"pointables":[{"bases":[[[-0.509931,-0.76058,0.401857],[0.444023,0.167386,0.880242],[0.736759,-0.627296,-0.25236]],[[-0.47285,-0.790688,0.388878],[0.0331258,0.42507,0.904554],[0.88052,-0.4406,0.174802]],[[-0.47285,-0.790688,0.388878],[-0.488886,0.602592,0.630772],[0.733079,-0.108144,0.671491]],[[-0.47285,-0.790688,0.388878],[-0.798381,0.571191,0.190599],[0.372828,0.220348,0.901358]]],"btipPosition":[-28.7402,231.574,116.566],"carpPosition":[51.1052,188.585,132.64],"dipPosition":[-23.4378,234.708,129.386],"direction":[-0.733079,0.108144,-0.671491],"extended":false,"handId":102,"id":1024,"length":41.6764,"mcpPosition":[14.0817,220.108,145.322],"pipPosition":[-11.6074,232.963,140.222],"stabilizedTipPosition":[-25.2368,228.276,126.981],"timeVisible":0.072521,"tipPosition":[-28.9443,234.899,121.71],"tipVelocity":[115.085,344.197,-605.297],"tool":false,"touchDistance":0.825246,"touchZone":"hovering","type":4,"width":13.9355},{"bases":[[[0.287401,0.283542,0.914879],[0.912868,0.208067,-0.351254],[0.289951,-0.936115,0.199038]],[[0.218192,0.478542,0.850523],[0.761249,0.461875,-0.455162],[0.610649,-0.746772,0.263512]],[[0.218192,0.478542,0.850523],[0.330705,0.7837,-0.525784],[0.918165,-0.395994,-0.0127413]],[[0.218192,0.478542,0.850523],[-0.215236,0.873658,-0.436343],[0.951875,0.0878565,-0.293625]]],"btipPosition":[-2.04858,235.48,90.4509],"carpPosition":[68.5793,193.731,95.8221],"dipPosition":[16.3324,237.177,84.7809],"direction":[-0.918165,0.395994,0.0127413],"extended":false,"handId":102,"id":1020,"length":43.0013,"mcpPosition":[68.5793,193.731,95.8221],"pipPosition":[42.1625,226.037,84.4225],"stabilizedTipPosition":[7.03985,232.577,97.6574],"timeVisible":0.072521,"tipPosition":[3.09106,239.391,86.9996],"tipVelocity":[97.0236,511.832,-659.813],"tool":false,"touchDistance":0.333333,"touchZone":"none","type":0,"width":17.574},{"bases":[[[-0.579721,-0.318172,0.750127],[0.588164,0.473716,0.655482],[0.563903,-0.821194,0.0874854]],[[-0.439866,-0.492755,0.750806],[-0.462163,0.841028,0.281206],[0.770015,0.223302,0.597673]],[[-0.439866,-0.492755,0.750806],[-0.867498,0.0168774,-0.497155],[-0.232304,0.870004,0.434888]],[[-0.439866,-0.492755,0.750806],[-0.605999,-0.454143,-0.653084],[-0.662784,0.742258,0.0988466]]],"btipPosition":[21.9352,220.576,76.6178],"carpPosition":[71.2078,203.949,113.449],"dipPosition":[12.5918,231.04,78.0113],"direction":[0.232304,-0.870004,-0.434888],"extended":false,"handId":102,"id":1021,"length":48.5221,"mcpPosition":[35.2546,256.306,107.871],"pipPosition":[7.95892,248.391,86.6843],"stabilizedTipPosition":[21.8216,237.138,108.22],"timeVisible":0.072521,"tipPosition":[12.4374,230.769,77.3642],"tipVelocity":[173.644,211.737,-491.236],"tool":false,"touchDistance":0.115639,"touchZone":"hovering","type":1,"width":16.7867},{"bases":[[[-0.589922,-0.502257,0.632242],[0.493926,0.394961,0.774624],[0.638771,-0.769249,-0.0150814]],[[-0.550558,-0.54748,0.6302],[-0.562777,0.80099,0.204197],[0.616578,0.24224,0.749101]],[[-0.550558,-0.54748,0.6302],[-0.742789,-0.0232548,-0.669121],[-0.380986,0.836495,0.39386]],[[-0.550558,-0.54748,0.6302],[-0.361596,-0.52402,-0.771137],[-0.752419,0.652433,-0.090536]]],"btipPosition":[23.1299,208.843,85.5723],"carpPosition":[65.6679,201.708,122.29],"dipPosition":[11.4634,218.959,84.1685],"direction":[0.380986,-0.836495,-0.39386],"extended":false,"handId":102,"id":1022,"length":55.2871,"mcpPosition":[27.0458,248.219,123.201],"pipPosition":[2.52438,238.585,93.4096],"stabilizedTipPosition":[20.1387,217.115,99.2127],"timeVisible":0.072521,"tipPosition":[13.357,218.884,84.9067],"tipVelocity":[-38.9079,284.406,-527.772],"tool":false,"touchDistance":0.254156,"touchZone":"hovering","type":2,"width":16.4868},{"bases":[[[-0.525036,-0.638319,0.562926],[0.470627,0.333344,0.81694],[0.709117,-0.693852,-0.125392]],[[-0.490602,-0.6707,0.556301],[-0.426192,0.741531,0.518162],[0.760046,-0.01712,0.649644]],[[-0.490602,-0.6707,0.556301],[-0.77381,0.0417923,-0.632037],[-0.400658,0.740551,0.539498]],[[-0.490602,-0.6707,0.556301],[-0.294066,-0.473526,-0.83024],[-0.820265,0.570907,-0.035083]]],"btipPosition":[14.6383,209.812,100.67],"carpPosition":[59.3493,197.242,129.603],"dipPosition":[1.99293,218.613,100.129],"direction":[0.400658,-0.740551,-0.539498],"extended":false,"handId":102,"id":1023,"length":53.16,"mcpPosition":[20.8543,234.908,136.41],"pipPosition":[-7.16489,235.54,112.461],"stabilizedTipPosition":[11.993,214.623,112.825],"timeVisible":0.072521,"tipPosition":[4.86843,217.214,99.1405],"tipVelocity":[33.1325,402,-379.464],"tool":false,"touchDistance":0.509098,"touchZone":"hovering","type":3,"width":15.6882}],"r":[[0.872125,0.258134,-0.415649],[-0.312804,0.947382,-0.0679736],[0.376233,0.189298,0.906981]],"s":0.76878,"t":[-46.4356,35.626,-27.2753],"timestamp":629886742414},{"currentFrameRate":55.0049,"devices":[],"gestures":[],"hands":[{"armBasis":[[-0.75371,-0.21312,0.621693],[0.317872,0.709737,0.628674],[0.575221,-0.671456,0.467191]],"armWidth":55.2759,"confidence":0.442969,"direction":[-0.539907,0.832678,0.123078],"elbow":[204.796,20.2308,224.862],"grabAngle":3.12936,"grabStrength":1,"id":102,"palmNormal":[-0.675265,-0.341185,-0.653919],"palmPosition":[34.7603,232.707,110.541],"palmVelocity":[-40.3954,267.036,-512.89],"palmWidth":78.8548,"pinchDistance":5.67319,"pinchStrength":0.94055,"r":[[0.830173,0.255643,-0.495439],[-0.347016,0.932478,-0.100319],[0.43634,0.255208,0.86283]],"s":0.730062,"sphereCenter":[2.11651,229.163,93.3249],"sphereRadius":31.2669,"stabilizedPalmPosition":[39.9282,222.934,126.184],"t":[-49.7356,41.5986,-36.5932],"timeVisible":0.090341,"type":"left","wrist":[70.2001,177.345,115.544]}],"id":38110,"interactionBox":{"center":[0,200,0],"size":[235.247,235.247,147.751]},"pointables":[{"bases":[[[-0.528207,-0.740234,0.415994],[0.449967,0.171452,0.876433],[0.720088,-0.650121,-0.242519]],[[-0.538734,-0.730599,0.419513],[0.153648,0.404397,0.901585],[0.828347,-0.550172,0.105608]],[[-0.538734,-0.730599,0.419513],[-0.62455,0.68054,0.383147],[0.565423,0.0555925,0.822926]],[[-0.538734,-0.730599,0.419513],[-0.827211,0.364365,-0.427739],[-0.15965,0.577463,0.800655]]],"btipPosition":[-17.7974,232.804,108.603],"carpPosition":[49.4095,193.193,124.164],"dipPosition":[-20.068,241.017,119.99],"direction":[-0.565423,-0.0555925,-0.822926],"extended":false,"handId":102,"id":1024,"length":41.6764,"mcpPosition":[13.2237,225.863,136.351],"pipPosition":[-10.9432,241.914,133.27],"stabilizedTipPosition":[-22.1019,231.184,119.839],"timeVisible":0.090341,"tipPosition":[-24.4672,238.352,111.957],"tipVelocity":[516.329,134.581,-465.377],"tool":false,"touchDistance":0.687029,"touchZone":"hovering","type":4,"width":13.9355},{"bases":[[[0.296413,0.292136,0.909283],[0.917113,0.178641,-0.356359],[0.266541,-0.939545,0.21497]],[[0.225447,0.50482,0.833265],[0.766801,0.435658,-0.471401],[0.600991,-0.745224,0.288879]],[[0.225447,0.50482,0.833265],[0.288507,0.782329,-0.552019],[0.930557,-0.364854,-0.0307292]],[[0.225447,0.50482,0.833265],[-0.279881,0.852791,-0.440925],[0.933188,0.13381,-0.333549]]],"btipPosition":[-3.26656,237.167,82.0409],"carpPosition":[66.9313,197.248,87.2324],"dipPosition":[14.7536,239.751,75.6],"direction":[-0.930557,0.364854,0.0307292],"extended":false,"handId":102,"id":1020,"length":43.0013,"mcpPosition":[66.9313,197.248,87.2324],"pipPosition":[40.9323,229.486,74.7355],"stabilizedTipPosition":[5.09155,234.216,92.2512],"timeVisible":0.090341,"tipPosition":[2.27862,243.145,78.2524],"tipVelocity":[-73.0069,106.085,-481.894],"tool":false,"touchDistance":0.333333,"touchZone":"none","type":0,"width":17.574},{"bases":[[[-0.586029,-0.290165,0.756554],[0.601357,0.47004,0.64609],[0.543083,-0.833587,0.100964]],[[-0.444542,-0.475082,0.759394],[-0.40361,0.863066,0.303671],[0.799676,0.171504,0.575417]],[[-0.444542,-0.475082,0.759394],[-0.865634,0.00983678,-0.500581],[-0.230347,0.879886,0.41562]],[[-0.444542,-0.475082,0.759394],[-0.362163,-0.680062,-0.637459],[-0.81928,0.558402,-0.130259]]],"btipPosition":[23.0254,229.351,71.3853],"carpPosition":[69.8549,207.703,104.672],"dipPosition":[11.4758,237.223,69.549],"direction":[0.230347,-0.879886,-0.41562],"extended":false,"handId":102,"id":1021,"length":48.5221,"mcpPosition":[35.2291,260.85,98.2352],"pipPosition":[6.88196,254.771,77.8377],"stabilizedTipPosition":[21.4152,235.466,97.7964],"timeVisible":0.090341,"tipPosition":[14.0152,234.249,68.9504],"tipVelocity":[32.7033,458.966,-335.321],"tool":false,"touchDistance":0.0842917,"touchZone":"hovering","type":1,"width":16.7867},{"bases":[[[-0.601141,-0.475968,0.641937],[0.505402,0.395802,0.766753],[0.61903,-0.785363,-0.0026226]],[[-0.56294,-0.522205,0.640625],[-0.506193,0.830566,0.232226],[0.653351,0.193551,0.731895]],[[-0.56294,-0.522205,0.640625],[-0.719296,-0.0722178,-0.69094],[-0.407077,0.849756,0.334966]],[[-0.56294,-0.522205,0.640625],[-0.327921,-0.570369,-0.753092],[-0.758661,0.63402,-0.149842]]],"btipPosition":[22.1806,215.778,79.0755],"carpPosition":[64.2785,205.759,113.56],"dipPosition":[10.4173,225.609,76.7522],"direction":[0.407077,-0.849756,-0.334966],"extended":false,"handId":102,"id":1022,"length":55.2871,"mcpPosition":[26.85,253.244,113.719],"pipPosition":[0.866118,245.546,84.6114],"stabilizedTipPosition":[19.8871,217.465,91.3747],"timeVisible":0.090341,"tipPosition":[13.6248,222.599,76.4309],"tipVelocity":[-54.521,385.509,-376.445],"tool":false,"touchDistance":0.142352,"touchZone":"hovering","type":2,"width":16.4868},{"bases":[[[-0.539871,-0.614827,0.574915],[0.480637,0.335547,0.810182],[0.691033,-0.71372,-0.114357]],[[-0.580337,-0.570923,0.580737],[-0.457065,0.818544,0.347962],[0.674019,0.0634999,0.73598]],[[-0.580337,-0.570923,0.580737],[-0.723541,0.0341858,-0.689434],[-0.373761,0.820291,0.432926]],[[-0.580337,-0.570923,0.580737],[-0.341932,-0.476381,-0.810027],[-0.739116,0.668661,-0.0812446]]],"btipPosition":[15.4403,208.929,91.3946],"carpPosition":[57.864,201.583,120.962],"dipPosition":[4.04594,219.238,90.1421],"direction":[0.373761,-0.820291,-0.432926],"extended":false,"handId":102,"id":1023,"length":53.16,"mcpPosition":[20.3507,240.328,127.17],"pipPosition":[-4.49709,237.987,100.037],"stabilizedTipPosition":[12.1731,213.9,108.095],"timeVisible":0.090341,"tipPosition":[6.57588,219.017,90.5059],"tipVelocity":[61.1526,-30.051,-529.706],"tool":false,"touchDistance":0.351775,"touchZone":"hovering","type":3,"width":15.6882}],"r":[[0.830173,0.255643,-0.495439],[-0.347016,0.932478,-0.100319],[0.43634,0.255208,0.86283]],"s":0.730062,"t":[-49.7356,41.5986,-36.5932],"timestamp":629886760234},{"currentFrameRate":55.0276,"devices":[],"gestures":[],"hands":[{"armBasis":[[-0.740699,-0.147054,0.655546],[0.369039,0.726307,0.579904],[0.561405,-0.671456,0.483706]],"armWidth":55.2759,"confidence":0.516268,"direction":[-0.513593,0.854494,0.0778648],"elbow":[199.487,25.0327,221.162],"grabAngle":3.14159,"grabStrength":1,"id":102,"palmNormal":[-0.697856,-0.363193,-0.617324],"palmPosition":[34.2389,238.183,100.163],"palmVelocity":[-28.8179,302.677,-573.54],"palmWidth":78.8548,"pinchDistance":5.34594,"pinchStrength":0.983129,"r":[[0.791783,0.237616,-0.562688],[-0.371165,0.918806,-0.134283],[0.485094,0.315173,0.81569]],"s":0.687578,"sphereCenter":[0.191456,234.216,85.7955],"sphereRadius":31.1988,"stabilizedPalmPosition":[38.9097,225.664,121.526],"t":[-51.6463,47.3233,-46.441],"timeVisible":0.108435,"type":"left","wrist":[68.1234,182.147,107.979]}],"id":38111,"interactionBox":{"center":[0,200,0],"size":[235.247,235.247,147.751]},"pointables":[{"bases":[[[0.323078,0.342142,0.88236],[0.914296,0.12784,-0.384342],[0.2443,-0.930911,0.271517]],[[0.25346,0.559574,0.789072],[0.758687,0.391061,-0.521023],[0.600126,-0.730718,0.325424]],[[0.25346,0.559574,0.789072],[0.279929,0.73838,-0.613543],[0.925958,-0.376393,-0.030509]],[[0.25346,0.559574,0.789072],[-0.224712,0.827453,-0.514612],[0.940884,0.0468802,-0.335469]]],"btipPosition":[-5.26571,241.637,71.9106],"carpPosition":[64.9139,200.343,78.6522],"dipPosition":[12.9031,242.543,65.4326],"direction":[-0.925958,0.376393,0.030509],"extended":false,"handId":102,"id":1020,"length":43.0013,"mcpPosition":[64.9139,200.343,78.6522],"pipPosition":[38.9524,231.954,64.5743],"stabilizedTipPosition":[3.79483,235.818,87.6694],"timeVisible":0.108435,"tipPosition":[1.23939,247.057,68.0399],"tipVelocity":[-108.598,225.744,-560.342],"tool":false,"touchDistance":0.333333,"touchZone":"none","type":0,"width":17.574},{"bases":[[[-0.578365,-0.222648,0.784807],[0.627464,0.493381,0.602382],[0.521328,-0.840835,0.145651]],[[-0.432783,-0.422137,0.796554],[-0.311721,0.89916,0.30715],[0.845889,0.115374,0.52073]],[[-0.432783,-0.422137,0.796554],[-0.884235,0.0266838,-0.46628],[-0.175579,0.906139,0.384817]],[[-0.432783,-0.422137,0.796554],[-0.325903,-0.750567,-0.574835],[-0.840527,0.508378,-0.187257]]],"btipPosition":[20.6141,236.108,62.527],"carpPosition":[68.4874,211.826,95.307],"dipPosition":[8.76491,243.274,59.8872],"direction":[0.175579,-0.906139,-0.384817],"extended":false,"handId":102,"id":1021,"length":48.5221,"mcpPosition":[35.2487,265.435,86.0206],"pipPosition":[5.26333,261.345,67.5616],"stabilizedTipPosition":[21.4152,235.466,97.7964],"timeVisible":0.108435,"tipPosition":[13.7388,237.641,59.5485],"tipVelocity":[-137.074,364.446,-499.783],"tool":false,"touchDistance":-0.116426,"touchZone":"hovering","type":1,"width":16.7867},{"bases":[[[-0.601051,-0.415026,0.683002],[0.531944,0.430057,0.729443],[0.596467,-0.801751,0.0377153]],[[-0.564203,-0.462356,0.684034],[-0.448396,0.867255,0.216355],[0.693265,0.18465,0.696626]],[[-0.564203,-0.462356,0.684034],[-0.737267,-0.0907839,-0.669474],[-0.371634,0.882035,0.289659]],[[-0.564203,-0.462356,0.684034],[-0.379733,-0.59035,-0.712243],[-0.733129,0.6616,-0.157505]]],"btipPosition":