{"frames":66,"data":[{"currentFrameRate":55.3133,"devices":[],"gestures":[],"hands":[{"armBasis":[[0.287536,-0.357001,-0.888748],[0.8495,0.523631,0.0645011],[0.442349,-0.773538,0.453835]],"armWidth":55.2759,"confidence":1,"direction":[-0.569425,0.638344,-0.51795],"elbow":[207.18,-26.299,257.95],"grabAngle":3.14159,"grabStrength":1,"id":101,"palmNormal":[-0.75815,-0.651355,0.0307388],"palmPosition":[62.5729,198.125,124.141],"palmVelocity":[9.28022,23.5058,-3.40495],"palmWidth":78.8548,"pinchDistance":18.8756,"pinchStrength":0.573272,"r":[[0.602784,-0.106294,-0.790793],[0.270227,0.959714,0.0769815],[0.750753,-0.260097,0.607223]],"s":1.03004,"sphereCenter":[33.0914,181.077,110.546],"sphereRadius":34.2748,"stabilizedPalmPosition":[60.0634,199.972,119.342],"t":[-50.1241,59.5188,63.8418],"timeVisible":5.13381,"type":"right","wrist":[103.674,154.701,151.757]}],"id":37958,"interactionBox":{"center":[0,200,0],"size":[235.247,235.247,147.751]},"pointables":[{"bases":[[[0.694857,0.542093,-0.472555],[0.305561,0.372288,0.876376],[0.651004,-0.753351,0.0930447]],[[0.389781,0.790838,-0.471854],[0.114138,0.466942,0.876891],[0.913807,-0.395652,0.0917405]],[[0.389781,0.790838,-0.471854],[-0.0745336,0.537789,0.839778],[0.917886,-0.292161,0.268564]],[[0.389781,0.790838,-0.471854],[-0.304399,0.594221,0.744475],[0.869145,-0.146551,0.472346]]],"btipPosition":[-1.23636,198.29,144.916],"carpPosition":[80.9008,170.125,165.561],"dipPosition":[15.5471,195.46,154.037],"direction":[-0.917886,0.292161,-0.268564],"extended":false,"handId":101,"id":1010,"length":43.0013,"mcpPosition":[80.9008,170.125,165.561],"pipPosition":[41.3694,187.241,161.592],"stabilizedTipPosition":[1.63031,200.168,141.79],"timeVisible":5.13381,"tipPosition":[2.34118,194.927,144.313],"tipVelocity":[0.23826,53.656,18.5694],"tool":false,"touchDistance":1,"touchZone":"none","type":0,"width":17.574},{"bases":[[[0.217629,-0.297185,-0.929688],[0.658579,0.747713,-0.0848492],[0.720355,-0.593807,0.358443]],[[0.112775,-0.20955,-0.971273],[-0.547919,0.802339,-0.236722],[0.828895,0.558875,-0.0243323]],[[0.112775,-0.20955,-0.971273],[-0.916471,-0.399591,-0.0202014],[-0.383879,0.892421,-0.23711]],[[0.112775,-0.20955,-0.971273],[-0.522338,-0.844045,0.121452],[-0.845249,0.493636,-0.204643]]],"btipPosition":[34.9489,177.507,139.885],"carpPosition":[90.6885,184.215,154.262],"dipPosition":[23.0331,184.466,137],"direction":[0.383879,-0.892421,0.23711],"extended":false,"handId":101,"id":1011,"length":48.5221,"mcpPosition":[44.7603,222.075,131.408],"pipPosition":[15.3774,202.263,132.271],"stabilizedTipPosition":[28.5587,179.834,136.456],"timeVisible":5.13381,"tipPosition":[24.8983,180.645,138.052],"tipVelocity":[28.9136,61.8116,19.2882],"tool":false,"touchDistance":1,"touchZone":"none","type":1,"width":16.7867},{"bases":[[[0.197469,-0.497761,-0.844535],[0.701546,0.673487,-0.232912],[0.684719,-0.546487,0.482195]],[[0.156055,-0.464096,-0.87193],[-0.64396,0.621551,-0.446082],[0.748974,0.631102,-0.201863]],[[0.156055,-0.464096,-0.87193],[-0.794543,-0.583411,0.168324],[-0.586812,0.666518,-0.459788]],[[0.156055,-0.464096,-0.87193],[-0.205497,-0.878684,0.430912],[-0.966135,0.111933,-0.232494]]],"btipPosition":[51.1512,173.053,137.406],"carpPosition":[93.5897,182.484,144.14],"dipPosition":[36.171,174.789,133.801],"direction":[0.586812,-0.666518,0.459788],"extended":false,"handId":101,"id":1012,"length":55.2871,"mcpPosition":[52.1895,215.526,114.985],"pipPosition":[22.4026,190.427,123.013],"stabilizedTipPosition":[45.018,175.068,131.348],"timeVisible":5.13381,"tipPosition":[46.9941,173.965,137.167],"tipVelocity":[1.98763,40.6834,25.615],"tool":false,"touchDistance":1,"touchZone":"none","type":2,"width":16.4868},{"bases":[[[0.242627,-0.622101,-0.744394],[0.735331,0.61844,-0.277165],[0.632788,-0.480128,0.6075]],[[0.204246,-0.592191,-0.779483],[-0.592564,0.559021,-0.579969],[0.779199,0.58035,-0.236733]],[[0.204246,-0.592191,-0.779483],[-0.838569,-0.516666,0.172794],[-0.50506,0.618358,-0.60212]],[[0.204246,-0.592191,-0.779483],[-0.253666,-0.801088,0.542137],[-0.945482,0.0869988,-0.313838]]],"btipPosition":[58.7855,167.319,129.017],"carpPosition":[95.7423,178.124,134.668],"dipPosition":[44.2098,168.66,124.179],"direction":[0.50506,-0.618358,0.60212],"extended":false,"handId":101,"id":1013,"length":53.16,"mcpPosition":[61.391,204.189,101.689],"pipPosition":[32.6657,182.794,110.416],"stabilizedTipPosition":[52.5809,169.299,122.586],"timeVisible":5.13381,"tipPosition":[55.2097,168.269,128.251],"tipVelocity":[5.4948,32.2424,30.99],"tool":false,"touchDistance":0.965073,"touchZone":"none","type":3,"width":15.6882},{"bases":[[[0.189379,-0.767064,-0.612983],[0.817114,0.469287,-0.334804],[0.544482,-0.437472,0.715652]],[[0.122762,-0.709108,-0.694331],[-0.503101,0.558598,-0.659437],[0.855464,0.430272,-0.288178]],[[0.122762,-0.709108,-0.694331],[-0.934492,-0.318152,0.1597],[-0.334147,0.629242,-0.701713]],[[0.122762,-0.709108,-0.694331],[-0.439898,-0.66602,0.602418],[-0.889617,0.231481,-0.393697]]],"btipPosition":[60.9838,164.371,116.481],"carpPosition":[95.2584,168.387,127.113],"dipPosition":[48.3316,167.663,110.882],"direction":[0.334147,-0.629242,0.701713],"extended":false,"handId":101,"id":1014,"length":41.6764,"mcpPosition":[67.8972,190.37,91.1503],"pipPosition":[42.9391,177.817,99.5579],"stabilizedTipPosition":[54.8309,167.049,110.099],"timeVisible":5.13381,"tipPosition":[57.5583,165.974,115.007],"tipVelocity":[22.8847,15.9705,38.4186],"tool":false,"touchDistance":0.753224,"touchZone":"none","type":4,"width":13.9355}],"r":[[0.602784,-0.106294,-0.790793],[0.270227,0.959714,0.0769815],[0.750753,-0.260097,0.607223]],"s":1.03004,"t":[-50.1241,59.5188,63.8418],"timestamp":629883904151},{"currentFrameRate":55.3111,"devices":[],"gestures":[],"hands":[{"armBasis":[[0.295737,-0.350332,-0.888711],[0.847067,0.526249,0.0744302],[0.441608,-0.774809,0.452385]],"armWidth":55.2759,"confidence":1,"direction":[-0.570588,0.640553,-0.513927],"elbow":[206.959,-26.2635,257.165],"grabAngle":3.14159,"grabStrength":1,"id":101,"palmNormal":[-0.754756,-0.655678,0.0207385],"palmPosition":[62.4412,198.508,123.915],"palmVelocity":[-7.27911,21.2148,-12.4793],"palmWidth":78.8548,"pinchDistance":19.0421,"pinchStrength":0.5688,"r":[[0.60389,-0.10661,-0.789906],[0.268348,0.960356,0.0755395],[0.750537,-0.257587,0.608558]],"s":1.0297,"sphereCenter":[33.0829,181.481,110.072],"sphereRadius":34.2829,"stabilizedPalmPosition":[60.1015,199.948,119.416],"t":[-50.1452,59.8368,63.7257],"timeVisible":5.1519,"type":"right","wrist":[103.627,155.034,151.311]}],"id":37959,"interactionBox":{"center":[0,200,0],"size":[235.247,235.247,147.751]},"pointables":[{"bases":[[[0.693984,0.550602,-0.463922],[0.299717,0.364937,0.881471],[0.654642,-0.750772,0.0882358]],[[0.387258,0.797865,-0.461999],[0.110026,0.457524,0.882364],[0.915383,-0.392534,0.0893944]],[[0.387258,0.797865,-0.461999],[-0.0791818,0.528029,0.845527],[0.918565,-0.290855,0.26766]],[[0.387258,0.797865,-0.461999],[-0.308626,0.584373,0.750505],[0.868781,-0.148054,0.472545]]],"btipPosition":[-1.4788,198.207,144.606],"carpPosition":[80.7386,170.185,165.128],"dipPosition":[15.2977,195.348,153.731],"direction":[-0.918565,0.290855,-0.26766],"extended":false,"handId":101,"id":1010,"length":43.0013,"mcpPosition":[80.7386,170.185,165.128],"pipPosition":[41.139,187.166,161.261],"stabilizedTipPosition":[1.63844,200.139,141.843],"timeVisible":5.1519,"tipPosition":[2.14331,194.82,143.826],"tipVelocity":[-13.4929,-4.92818,-17.0729],"tool":false,"touchDistance":1,"touchZone":"none","type":0,"width":17.574},{"bases":[[[0.223288,-0.286497,-0.931698],[0.654904,0.75205,-0.0743034],[0.721972,-0.593582,0.355552]],[[0.118296,-0.199129,-0.972807],[-0.552547,0.800799,-0.231111],[0.825044,0.564861,-0.0152971]],[[0.118296,-0.199129,-0.972807],[-0.913667,-0.405491,-0.028102],[-0.388869,0.892146,-0.229906]],[[0.118296,-0.199129,-0.972807],[-0.516242,-0.849212,0.111054],[-0.848234,0.489067,-0.203257]]],"btipPosition":[34.9349,177.577,139.34],"carpPosition":[90.4995,184.442,154.017],"dipPosition":[22.9771,184.472,136.475],"direction":[0.388869,-0.892146,0.229906],"extended":false,"handId":101,"id":1011,"length":48.5221,"mcpPosition":[44.4683,222.287,131.348],"pipPosition":[15.2218,202.264,131.89],"stabilizedTipPosition":[28.656,179.816,136.515],"timeVisible":5.1519,"tipPosition":[24.837,180.679,137.486],"tipVelocity":[-1.30743,3.06773,-29.8398],"tool":false,"touchDistance":1,"touchZone":"none","type":1,"width":16.7867},{"bases":[[[0.203838,-0.488039,-0.848686],[0.698917,0.679573,-0.222924],[0.68554,-0.547721,0.479621]],[[0.162363,-0.454317,-0.875919],[-0.645345,0.622628,-0.442565],[0.746437,0.637126,-0.1921]],[[0.162363,-0.454317,-0.875919],[-0.792356,-0.589066,0.15866],[-0.588056,0.668279,-0.455623]],[[0.162363,-0.454317,-0.875919],[-0.201942,-0.884208,0.421184],[-0.965846,0.1085,-0.235308]]],"btipPosition":[51.0916,173.246,136.87],"carpPosition":[93.4542,182.83,143.89],"dipPosition":[36.1159,174.928,133.221],"direction":[0.588056,-0.668279,0.455623],"extended":false,"handId":101,"id":1012,"length":55.2871,"mcpPosition":[52.0043,215.947,114.891],"pipPosition":[22.3184,190.608,122.531],"stabilizedTipPosition":[45.04,175.056,131.387],"timeVisible":5.1519,"tipPosition":[46.9364,174.134,136.625],"tipVelocity":[-3.23652,9.99182,-30.1887],"tool":false,"touchDistance":1,"touchZone":"none","type":2,"width":16.4868},{"bases":[[[0.249228,-0.613152,-0.74962],[0.733192,0.625162,-0.267586],[0.632705,-0.482925,0.605366]],[[0.21084,-0.583091,-0.784571],[-0.593028,0.561746,-0.576853],[0.777087,0.586896,-0.227351]],[[0.21084,-0.583091,-0.784571],[-0.836767,-0.522575,0.16351],[-0.505339,0.622029,-0.598091]],[[0.21084,-0.583091,-0.784571],[-0.251457,-0.807955,0.532896],[-0.944625,0.0849301,-0.316971]]],"btipPosition":[58.7903,167.632,128.46],"carpPosition":[95.6717,178.579,134.384],"dipPosition":[44.2278,168.941,123.573],"direction":[0.505339,-0.622029,0.598091],"extended":false,"handId":101,"id":1013,"length":53.16,"mcpPosition":[61.3248,204.795,101.521],"pipPosition":[32.6773,183.159,109.903],"stabilizedTipPosition":[52.6071,169.286,122.63],"timeVisible":5.1519,"tipPosition":[55.2213,168.573,127.688],"tipVelocity":[0.435229,16.9091,-31.4298],"tool":false,"touchDistance":0.955599,"touchZone":"none","type":3,"width":15.6882},{"bases":[[[0.196188,-0.759735,-0.61993],[0.816028,0.477046,-0.326381],[0.543699,-0.441849,0.713555]],[[0.12969,-0.701376,-0.700894],[-0.50414,0.562039,-0.655709],[0.853829,0.438387,-0.280701]],[[0.12969,-0.701376,-0.700894],[-0.933343,-0.324982,0.152505],[-0.334741,0.634396,-0.696771]],[[0.12969,-0.701376,-0.700894],[-0.438737,-0.674493,0.593775],[-0.889208,0.230502,-0.395195]]],"btipPosition":[61.0895,164.814,115.925],"carpPosition":[95.2732,168.917,126.729],"dipPosition":[48.4431,168.093,110.305],"direction":[0.334741,-0.634396,0.696771],"extended":false,"handId":101,"id":1014,"length":41.6764,"mcpPosition":[67.9514,191.12,90.8711],"pipPosition":[43.041,178.331,99.0605],"stabilizedTipPosition":[54.871,167.032,110.153],"timeVisible":5.1519,"tipPosition":[57.6412,166.425,114.432],"tipVelocity":[5.91518,24.3676,-30.9992],"tool":false,"touchDistance":0.74388,"touchZone":"none","type":4,"width":13.9355}],"r":[[0.60389,-0.10661,-0.789906],[0.268348,0.960356,0.0755395],[0.750537,-0.257587,0.608558]],"s":1.0297,"t":[-50.1452,59.8368,63.7257],"timestamp":629883922238},{"currentFrameRate":55.3158,"devices":[],"gestures":[],"hands":[{"armBasis":[[0.288199,-0.348412,-0.891936],[0.850838,0.520528,0.0715887],[0.439336,-0.779525,0.446458]],"armWidth":55.2759,"confidence":1,"direction":[-0.570442,0.630418,-0.526467],"elbow":[206.358,-26.5492,256.202],"grabAngle":3.14159,"grabStrength":1,"id":101,"palmNormal":[-0.754124,-0.655971,0.0316223],"palmPosition":[62.3829,198.913,123.669],"palmVelocity":[-3.231,22.4288,-13.5927],"palmWidth":78.8548,"pinchDistance":19.5245,"pinchStrength":0.554644,"r":[[0.605042,-0.109633,-0.78861],[0.266626,0.961186,0.070938],[0.750224,-0.253184,0.610788]],"s":1.0291,"sphereCenter":[33.0118,181.738,110.247],"sphereRadius":34.27,"stabilizedPalmPosition":[60.1354,199.933,119.479],"t":[-50.1849,60.1984,63.5449],"timeVisible":5.16996,"type":"right","wrist":[103.557,155.852,151.735]}],"id":37960,"interactionBox":{"center":[0,200,0],"size":[235.247,235.247,147.751]},"pointables":[{"bases":[[[0.694142,0.542714,-0.472894],[0.297988,0.381367,0.875078],[0.655264,-0.748345,0.103]],[[0.383672,0.791567,-0.475623],[0.111801,0.471436,0.874785],[0.916677,-0.388805,0.0923785]],[[0.383672,0.791567,-0.475623],[-0.0779787,0.54097,0.837419],[0.920171,-0.284206,0.26928]],[[0.383672,0.791567,-0.475623],[-0.309351,0.595449,0.741446],[0.870114,-0.137337,0.47333]]],"btipPosition":[-1.69901,198.837,144.712],"carpPosition":[80.6453,171.37,165.424],"dipPosition":[15.1032,196.185,153.852],"direction":[-0.920171,0.284205,-0.26928],"extended":false,"handId":101,"id":1010,"length":43.0013,"mcpPosition":[80.6453,171.37,165.424],"pipPosition":[40.9897,188.19,161.427],"stabilizedTipPosition":[1.64676,200.109,141.922],"timeVisible":5.16996,"tipPosition":[2.06128,195.609,143.65],"tipVelocity":[-11.8643,37.52,6.03394],"tool":false,"touchDistance":1,"touchZone":"none","type":0,"width":17.574},{"bases":[[[0.225014,-0.303319,-0.925941],[0.654257,0.75124,-0.0870993],[0.722023,-0.586204,0.367488]],[[0.120292,-0.217076,-0.968715],[-0.555666,0.793898,-0.246903],[0.822657,0.567982,-0.0251223]],[[0.120292,-0.217076,-0.968715],[-0.90377,-0.427705,-0.0163842],[-0.410768,0.877466,-0.247636]],[[0.120292,-0.217076,-0.968715],[-0.499964,-0.856265,0.129794],[-0.857652,0.468709,-0.211532]]],"btipPosition":[35.4952,178.565,139.448],"carpPosition":[90.4089,185.431,154.067],"dipPosition":[23.4046,185.173,136.466],"direction":[0.410768,-0.877466,0.247636],"extended":false,"handId":101,"id":1011,"length":48.5221,"mcpPosition":[44.3744,222.806,130.637],"pipPosition":[15.2126,202.672,131.528],"stabilizedTipPosition":[28.805,179.826,136.598],"timeVisible":5.16996,"tipPosition":[25.1095,181.246,137.561],"tipVelocity":[29.3292,51.0449,4.48646],"tool":false,"touchDistance":1,"touchZone":"none","type":1,"width":16.7867},{"bases":[[[0.205639,-0.503323,-0.839272],[0.698572,0.676093,-0.234297],[0.685353,-0.538112,0.490639]],[[0.164173,-0.47015,-0.867183],[-0.645291,0.613728,-0.454903],[0.746087,0.634268,-0.202626]],[[0.164173,-0.47015,-0.867183],[-0.791738,-0.587175,0.168452],[-0.588386,0.658927,-0.468634]],[[0.164173,-0.47015,-0.867183],[-0.199733,-0.876745,0.437522],[-0.965999,0.101376,-0.237842]]],"btipPosition":[51.0535,173.915,137.053],"carpPosition":[93.3808,183.637,143.977],"dipPosition":[36.0754,175.487,133.365],"direction":[0.588386,-0.658927,0.468634],"extended":false,"handId":101,"id":1012,"length":55.2871,"mcpPosition":[51.9422,216.173,114.311],"pipPosition":[22.2702,190.948,122.37],"stabilizedTipPosition":[45.0702,175.047,131.443],"timeVisible":5.16996,"tipPosition":[46.8847,174.759,136.8],"tipVelocity":[-2.1375,35.646,9.64204],"tool":false,"touchDistance":1,"touchZone":"none","type":2,"width":16.4868},{"bases":[[[0.251003,-0.62655,-0.737857],[0.732971,0.620907,-0.277901],[0.632259,-0.471074,0.615092]],[[0.212638,-0.597175,-0.773413],[-0.592705,0.550446,-0.587971],[0.776843,0.583431,-0.236903]],[[0.212638,-0.597175,-0.773413],[-0.834427,-0.522835,0.174283],[-0.508445,0.608297,-0.609474]],[[0.212638,-0.597175,-0.773413],[-0.249066,-0.798494,0.548064],[-0.944855,0.0760917,-0.318527]]],"btipPosition":[58.8437,168.202,128.737],"carpPosition":[95.6173,179.214,134.553],"dipPosition":[44.2776,169.375,123.827],"direction":[0.508445,-0.608297,0.609474],"extended":false,"handId":101,"id":1013,"length":53.16,"mcpPosition":[61.2946,204.787,101.163],"pipPosition":[32.6561,183.279,109.896],"stabilizedTipPosition":[52.6379,169.277,122.683],"timeVisible":5.16996,"tipPosition":[55.1898,169.041,127.978],"tipVelocity":[2.9092,29.8056,15.0569],"tool":false,"touchDistance":0.960131,"touchZone":"none","type":3,"width":15.6882},{"bases":[[[0.197911,-0.770782,-0.60558],[0.816048,0.471823,-0.333841],[0.543044,-0.428111,0.722374]],[[0.131479,-0.713989,-0.687702],[-0.503697,0.549384,-0.666684],[0.853817,0.434048,-0.287401]],[[0.131479,-0.713989,-0.687702],[-0.931264,-0.326748,0.161193],[-0.339795,0.619238,-0.707872]],[[0.131479,-0.713989,-0.687702],[-0.435349,-0.664834,0.607014],[-0.890609,0.219581,-0.398246]]],"btipPosition":[61.1914,165.147,116.248],"carpPosition":[95.2404,169.413,127.076],"dipPosition":[48.525,168.269,110.584],"direction":[0.339795,-0.619238,0.707872],"extended":false,"handId":101,"id":1014,"length":41.6764,"mcpPosition":[67.9514,190.926,90.7752],"pipPosition":[43.0414,178.263,99.1601],"stabilizedTipPosition":[54.9035,167.021,110.199],"timeVisible":5.16996,"tipPosition":[57.6355,166.649,114.771],"tipVelocity":[5.38788,16.407,17.2819],"tool":false,"touchDistance":0.749082,"touchZone":"none","type":4,"width":13.9355}],"r":[[0.605042,-0.109633,-0.78861],[0.266626,0.961186,0.070938],[0.750224,-0.253184,0.610788]],"s":1.0291,"t":[-50.1849,60.1984,63.5449],"timestamp":629883940300},{"currentFrameRate":55.2695,"devices":[],"gestures":[],"hands":[{"armBasis":[[0.285152,-0.342669,-0.895135],[0.85292,0.516789,0.0738711],[0.437282,-0.784543,0.439633]],"armWidth":55.2759,"confidence":1,"direction":[-0.572162,0.621082,-0.535619],"elbow":[205.855,-26.7349,254.977],"grabAngle":3.14159,"grabStrength":1,"id":101,"palmNormal":[-0.750909,-0.659334,0.0376028],"palmPosition":[62.2565,199.483,123.565],"palmVelocity":[-6.92239,31.1916,-5.73453],"palmWidth":78.8548,"pinchDistance":20.0722,"pinchStrength":0.543179,"r":[[0.6065,-0.113351,-0.786962],[0.264248,0.962258,0.0650518],[0.749887,-0.247407,0.613563]],"s":1.02908,"sphereCenter":[32.9521,182.13,110.421],"sphereRadius":34.2874,"stabilizedPalmPosition":[60.1734,199.925,119.552],"t":[-50.2679,60.6639,63.4022],"timeVisible":5.18821,"type":"right","wrist":[103.535,156.841,152.107]}],"id":37961,"interactionBox":{"center":[0,200,0],"size":[235.247,235.247,147.751]},"pointables":[{"bases":[[[0.692696,0.540417,-0.477621],[0.293692,0.393481,0.871159],[0.658724,-0.743721,0.113846]],[[0.377832,0.789351,-0.483909],[0.112568,0.47961,0.870231],[0.919006,-0.383274,0.0923563]],[[0.377832,0.789351,-0.483909],[-0.0794163,0.548354,0.832467],[0.922462,-0.276102,0.269873]],[[0.377832,0.789351,-0.483909],[-0.312668,0.600727,0.735776],[0.871482,-0.126697,0.473779]]],"btipPosition":[-1.99274,199.336,144.963],"carpPosition":[80.5432,172.542,165.7],"dipPosition":[14.8359,196.89,154.112],"direction":[-0.922462,0.276102,-0.269873],"extended":false,"handId":101,"id":1010,"length":43.0013,"mcpPosition":[80.5432,172.542,165.7],"pipPosition":[40.7868,189.123,161.704],"stabilizedTipPosition":[1.65102,200.084,142.017],"timeVisible":5.18821,"tipPosition":[1.89745,196.207,143.547],"tipVelocity":[-15.7593,29.9269,13.8941],"tool":false,"touchDistance":1,"touchZone":"none","type":0,"width":17.574},{"bases":[[[0.229048,-0.31342,-0.921577],[0.650717,0.753417,-0.0945009],[0.72395,-0.578041,0.376517]],[[0.130426,-0.233508,-0.963568],[-0.560065,0.784602,-0.265947],[0.818118,0.574347,-0.0284469]],[[0.130426,-0.233508,-0.963568],[-0.893049,-0.449803,-0.0118771],[-0.430642,0.862062,-0.2672]],[[0.130426,-0.233508,-0.963568],[-0.482764,-0.863831,0.143992],[-0.865984,0.446396,-0.225395]]],"btipPosition":[35.9051,179.523,139.708],"carpPosition":[90.2671,186.513,154.199],"dipPosition":[23.6971,185.816,136.53],"direction":[0.430642,-0.862062,0.2672],"extended":false,"handId":101,"id":1011,"length":48.5221,"mcpPosition":[44.1096,223.367,130.193],"pipPosition":[15.1088,203.008,131.201],"stabilizedTipPosition":[28.9957,179.877,136.704],"timeVisible":5.18821,"tipPosition":[25.3276,181.768,137.623],"tipVelocity":[20.9798,48.4818,11.7511],"tool":false,"touchDistance":1,"touchZone":"none","type":1,"width":16.7867},{"bases":[[[0.210441,-0.51245,-0.832532],[0.695809,0.676709,-0.240655],[0.686706,-0.52864,0.498975]],[[0.168885,-0.479828,-0.860954],[-0.64712,0.604887,-0.464055],[0.743447,0.635513,-0.208351]],[[0.168885,-0.479828,-0.860954],[-0.788493,-0.589892,0.174089],[-0.591403,0.649455,-0.477965]],[[0.168885,-0.479828,-0.860954],[-0.193573,-0.872637,0.448368],[-0.966441,0.0909351,-0.240257]]],"btipPosition":[51.0489,174.651,137.195],"carpPosition":[93.2753,184.611,144.139],"dipPosition":[36.064,176.061,133.47],"direction":[0.591403,-0.649455,0.477965],"extended":false,"handId":101,"id":1012,"length":55.2871,"mcpPosition":[51.755,216.574,113.969],"pipPosition":[22.188,191.299,122.255],"stabilizedTipPosition":[45.1109,175.046,131.522],"timeVisible":5.18821,"tipPosition":[46.8471,175.41,136.944],"tipVelocity":[-0.338171,38.2791,7.31785],"tool":false,"touchDistance":1,"touchZone":"none","type":2,"width":16.4868},{"bases":[[[0.256146,-0.634204,-0.729503],[0.730602,0.621171,-0.283492],[0.632938,-0.460361,0.622461]],[[0.217731,-0.605457,-0.765516],[-0.593856,0.540256,-0.596203],[0.77455,0.584419,-0.241924]],[[0.217731,-0.605457,-0.765516],[-0.829898,-0.527643,0.181277],[-0.513675,0.595831,-0.617352]],[[0.217731,-0.605457,-0.765516],[-0.243327,-0.793241,0.558177],[-0.94519,0.0647379,-0.320037]]],"btipPosition":[58.9584,168.915,128.948],"carpPosition":[95.5595,180.085,134.776],"dipPosition":[44.3871,169.913,124.015],"direction":[0.513675,-0.595831,0.617352],"extended":false,"handId":101,"id":1013,"length":53.16,"mcpPosition":[61.2,205.077,100.985],"pipPosition":[32.6461,183.532,109.904],"stabilizedTipPosition":[52.6801,169.276,122.756],"timeVisible":5.18821,"tipPosition":[55.2053,169.624,128.214],"tipVelocity":[6.2169,36.8655,11.2735],"tool":false,"touchDistance":0.963561,"touchZone":"none","type":3,"width":15.6882},{"bases":[[[0.203419,-0.777082,-0.595621],[0.814577,0.471839,-0.337391],[0.543217,-0.416548,0.728974]],[[0.136926,-0.721628,-0.678605],[-0.50463,0.538686,-0.67466],[0.852408,0.434823,-0.290395]],[[0.136926,-0.721628,-0.678605],[-0.927818,-0.333401,0.167327],[-0.346995,0.60671,-0.71519]],[[0.136926,-0.721628,-0.678605],[-0.429154,-0.660644,0.615935],[-0.892792,0.206888,-0.400149]]],"btipPosition":[61.3827,165.705,116.49],"carpPosition":[95.2521,170.192,127.417],"dipPosition":[48.6853,168.647,110.799],"direction":[0.346995,-0.60671,0.71519],"extended":false,"handId":101,"id":1014,"length":41.6764,"mcpPosition":[67.9545,191.124,90.7851],"pipPosition":[43.0855,178.438,99.2574],"stabilizedTipPosition":[54.9453,167.013,110.258],"timeVisible":5.18821,"tipPosition":[57.7027,167.082,115.049],"tipVelocity":[10.0925,28.3024,12.9406],"tool":false,"touchDistance":0.753019,"touchZone":"none","type":4,"width":13.9355}],"r":[[0.6065,-0.113351,-0.786962],[0.264248,0.962258,0.0650518],[0.749887,-0.247407,0.613563]],"s":1.02908,"t":[-50.2679,60.6639,63.4022],"timestamp":629883958553},{"currentFrameRate":55.3275,"devices":[],"gestures":[],"hands":[{"armBasis":[[0.282135,-0.335975,-0.898621],[0.854623,0.513615,0.0762913],[0.435913,-0.789507,0.432041]],"armWidth":55.2759,"confidence":1,"direction":[-0.576294,0.6123,-0.541271],"elbow":[205.501,-26.8214,253.585],"grabAngle":3.14159,"grabStrength":1,"id":101,"palmNormal":[-0.746401,-0.664074,0.0434801],"palmPosition":[61.9891,200.143,123.689],"palmVelocity":[-14.9635,36.9514,6.94377],"palmWidth":78.8548,"pinchDistance":20.4815,"pinchStrength":0.540897,"r":[[0.60785,-0.116907,-0.785399],[0.261036,0.963549,0.0586004],[0.749919,-0.240637,0.61621]],"s":1.0301,"sphereCenter":[32.7441,182.579,110.829],"sphereRadius":34.3073,"stabilizedPalmPosition":[60.2124,199.93,119.641],"t":[-50.4432,61.2268,63.3929],"timeVisible":5.20609,"type":"right","wrist":[103.501,157.916,152.492]}],"id":37962,"interactionBox":{"center":[0,200,0],"size":[235.247,235.247,147.751]},"pointables":[{"bases":[[[0.689074,0.540792,-0.482412],[0.290856,0.403331,0.867598],[0.663762,-0.738152,0.120633]],[[0.36995,0.78886,-0.490751],[0.113405,0.485933,0.866607],[0.922104,-0.376255,0.0903101]],[[0.36995,0.78886,-0.490751],[-0.0801964,0.553371,0.829065],[0.925584,-0.267356,0.267984]],[[0.36995,0.78886,-0.490751],[-0.315661,0.603533,0.732193],[0.873782,-0.115964,0.472289]]],"btipPosition":[-2.35024,199.747,145.502],"carpPosition":[80.452,173.71,166.067],"dipPosition":[14.5228,197.508,154.622],"direction":[-0.925584,0.267356,-0.267984],"extended":false,"handId":101,"id":1010,"length":43.0013,"mcpPosition":[80.452,173.71,166.067],"pipPosition":[40.5616,189.987,162.161],"stabilizedTipPosition":[1.64918,200.071,142.102],"timeVisible":5.20609,"tipPosition":[1.64712,196.708,143.8],"tipVelocity":[-19.4299,25.6466,29.7431],"tool":false,"touchDistance":1,"touchZone":"none","type":0,"width":17.574},{"bases":[[[0.231335,-0.320165,-0.918683],[0.64558,0.756953,-0.101237],[0.727812,-0.569663,0.381802]],[[0.138617,-0.246505,-0.959177],[-0.561731,0.778085,-0.281144],[0.815625,0.577771,-0.0306133]],[[0.138617,-0.246505,-0.959177],[-0.886092,-0.463423,-0.00895728],[-0.442297,0.851161,-0.282664]],[[0.138617,-0.246505,-0.959177],[-0.471956,-0.867917,0.154846],[-0.870657,0.431225,-0.236648]]],"btipPosition":[35.8608,180.427,140.158],"carpPosition":[90.0823,187.642,154.442],"dipPosition":[23.5868,186.507,136.821],"direction":[0.442297,-0.851161,0.282664],"extended":false,"handId":101,"id":1011,"length":48.5221,"mcpPosition":[43.6786,223.962,130.099],"pipPosition":[14.7661,203.481,131.184],"stabilizedTipPosition":[29.1739,179.963,136.822],"timeVisible":5.20609,"tipPosition":[25.3318,182.295,137.931],"tipVelocity":[-3.33003,47.8785,23.1293],"tool":false,"touchDistance":1,"touchZone":"none","type":1,"width":16.7867},{"bases":[[[0.214071,-0.518505,-0.827844],[0.691218,0.679237,-0.246687],[0.690211,-0.519413,0.503805]],[[0.172298,-0.486426,-0.856565],[-0.651153,0.59624,-0.469572],[0.73913,0.638661,-0.214007]],[[0.172298,-0.486426,-0.856565],[-0.78374,-0.594455,0.17993],[-0.596711,0.640323,-0.483655]],[[0.172298,-0.486426,-0.856565],[-0.18535,-0.870046,0.456798],[-0.96745,0.0800589,-0.240066]]],"btipPosition":[50.9786,175.41,137.519],"carpPosition":[93.1051,185.67,144.4],"dipPosition":[35.978,176.651,133.797],"direction":[0.596711,-0.640323,0.483655],"extended":false,"handId":101,"id":1012,"length":55.2871,"mcpPosition":[51.3728,217.075,113.938],"pipPosition":[21.9775,191.675,122.449],"stabilizedTipPosition":[45.1546,175.057,131.615],"timeVisible":5.20609,"tipPosition":[46.7448,176.087,137.282],"tipVelocity":[-4.13438,40.2803,18.1875],"tool":false,"touchDistance":1,"touchZone":"none","type":2,"width":16.4868},{"bases":[[[0.260588,-0.639008,-0.723715],[0.726396,0.623553,-0.289016],[0.635958,-0.45039,0.626663]],[[0.221984,-0.610851,-0.75999],[-0.597427,0.530783,-0.601124],[0.770587,0.587478,-0.247113]],[[0.221984,-0.610851,-0.75999],[-0.824137,-0.534083,0.188555],[-0.521077,0.584479,-0.621983]],[[0.221984,-0.610851,-0.75999],[-0.235259,-0.789963,0.566226],[-0.946243,0.0531013,-0.319067]]],"btipPosition":[58.9881,169.69,129.305],"carpPosition":[95.4217,181.076,135.079],"dipPosition":[44.4006,170.509,124.386],"direction":[0.521077,-0.584479,0.621983],"extended":false,"handId":101,"id":1013,"length":53.16,"mcpPosition":[60.8982,205.525,101.06],"pipPosition":[32.4904,183.868,110.17],"stabilizedTipPosition":[52.7276,169.285,122.843],"timeVisible":5.20609,"tipPosition":[55.1449,170.277,128.603],"tipVelocity":[1.45428,41.046,20.141],"tool":false,"touchDistance":0.969561,"touchZone":"none","type":3,"width":15.6882},{"bases":[[[0.208813,-0.781027,-0.588552],[0.811397,0.474316,-0.341555],[0.545923,-0.406228,0.732766]],[[0.141958,-0.72678,-0.672041],[-0.508178,0.529113,-0.679555],[0.849472,0.437985,-0.294222]],[[0.141958,-0.72678,-0.672041],[-0.923389,-0.341842,0.174634],[-0.356652,0.595764,-0.719628]],[[0.141958,-0.72678,-0.672041],[-0.420602,-0.658868,0.623688],[-0.89607,0.194124,-0.399217]]],"btipPosition":[61.4658,166.374,116.862],"carpPosition":[95.183,171.114,127.81],"dipPosition":[48.7218,169.135,111.184],"direction":[0.356652,-0.595764,0.719628],"extended":false,"handId":101,"id":1014,"length":41.6764,"mcpPosition":[67.7494,191.528,90.9867],"pipPosition":[42.9661,178.75,99.5706],"stabilizedTipPosition":[54.9905,167.013,110.324],"timeVisible":5.20609,"tipPosition":[57.6659,167.631,115.466],"tipVelocity":[4.04699,35.1249,20.9613],"tool":false,"touchDistance":0.759263,"touchZone":"none","type":4,"width":13.9355}],"r":[[0.60785,-0.116907,-0.785399],[0.261036,0.963549,0.0586004],[0.749919,-0.240637,0.61621]],"s":1.0301,"t":[-50.4432,61.2268,63.3929],"timestamp":629883976427},{"currentFrameRate":55.2968,"devices":[],"gestures":[],"hands":[{"armBasis":[[0.281424,-0.326142,-0.902459],[0.85461,0.512891,0.0811484],[0.436397,-0.794087,0.423064]],"armWidth":55.2759,"confidence":1,"direction":[-0.580803,0.608537,-0.540695],"elbow":[205.402,-27.0286,251.555],"grabAngle":3.14159,"grabStrength":1,"id":101,"palmNormal":[-0.741672,-0.669362,0.0433396],"palmPosition":[61.5116,200.811,123.871],"palmVelocity":[-26.2482,36.7106,10.0222],"palmWidth":78.8548,"pinchDistance":20.8041,"pinchStrength":0.539398,"r":[[0.609049,-0.118784,-0.784188],[0.257108,0.964899,0.053528],[0.750304,-0.234222,0.618211]],"s":1.0317,"sphereCenter":[32.3383,183.134,111.117],"sphereRadius":34.323,"stabilizedPalmPosition":[60.2467,199.953,119.753],"t":[-50.7695,61.8422,63.4794],"timeVisible":5.22428,"type":"right","wrist":[103.289,158.78,152.562]}],"id":37963,"interactionBox":{"center":[0,200,0],"size":[235.247,235.247,147.751]},"pointables":[{"bases":[[[0.685061,0.545943,-0.482326],[0.288306,0.404853,0.867741],[0.669008,-0.733513,0.11995]],[[0.362314,0.792719,-0.490229],[0.113669,0.484459,0.867398],[0.925099,-0.369994,0.0854185]],[[0.362314,0.792719,-0.490229],[-0.0810215,0.550761,0.830721],[0.928528,-0.261263,0.263776]],[[0.362314,0.792719,-0.490229],[-0.31863,0.59962,0.734119],[0.875902,-0.10978,0.469835]]],"btipPosition":[-2.87943,199.959,146.039],"carpPosition":[80.1761,174.483,166.227],"dipPosition":[14.0345,197.839,155.111],"direction":[-0.928528,0.261263,-0.263776],"extended":false,"handId":101,"id":1010,"length":43.0013,"mcpPosition":[80.1761,174.483,166.227],"pipPosition":[40.1561,190.489,162.532],"stabilizedTipPosition":[1.64058,200.063,142.183],"timeVisible":5.22428,"tipPosition":[1.19851,196.991,144.09],"tipVelocity":[-28.5745,13.1459,28.9276],"tool":false,"touchDistance":1,"touchZone":"none","type":0,"width":17.574},{"bases":[[[0.233266,-0.317965,-0.918959],[0.640175,0.76156,-0.101004],[0.731958,-0.564734,0.381199]],[[0.146009,-0.249695,-0.957253],[-0.564332,0.773721,-0.287899],[0.812533,0.582245,-0.027941]],[[0.146009,-0.249695,-0.957253],[-0.879887,-0.475071,-0.0102882],[-0.452194,0.843777,-0.289068]],[[0.146009,-0.249695,-0.957253],[-0.462551,-0.872571,0.157054],[-0.874487,0.419847,-0.2429]]],"btipPosition":[35.5786,181.11,140.482],"carpPosition":[89.7035,188.49,154.607],"dipPosition":[23.2507,187.029,137.058],"direction":[0.452194,-0.843777,0.289068],"extended":false,"handId":101,"id":1011,"length":48.5221,"mcpPosition":[43.0355,224.496,130.302],"pipPosition":[14.2325,203.857,131.293],"stabilizedTipPosition":[29.3345,180.076,136.951],"timeVisible":5.22428,"tipPosition":[25.1054,182.692,138.14],"tipVelocity":[-16.194,35.5124,16.7172],"tool":false,"touchDistance":1,"touchZone":"none","type":1,"width":16.7867},{"bases":[[[0.217436,-0.516477,-0.828235],[0.68631,0.684257,-0.246517],[0.694046,-0.514824,0.503246]],[[0.175427,-0.484677,-0.856921],[-0.65552,0.591905,-0.46898],[0.73452,0.644001,-0.213879]],[[0.175427,-0.484677,-0.856921],[-0.778805,-0.600776,0.180365],[-0.602236,0.635733,-0.482861]],[[0.175427,-0.484677,-0.856921],[-0.177636,-0.871716,0.456679],[-0.968334,0.0721065,-0.239019]]],"btipPosition":[50.705,176.027,137.676],"carpPosition":[92.7366,186.545,144.562],"dipPosition":[35.6907,177.145,133.97],"direction":[0.602237,-0.635733,0.482861],"extended":false,"handId":101,"id":1012,"length":55.2871,"mcpPosition":[50.7724,217.673,114.134],"pipPosition":[21.5604,192.061,122.64],"stabilizedTipPosition":[45.2002,175.084,131.728],"timeVisible":5.22428,"tipPosition":[46.4448,176.638,137.453],"tipVelocity":[-15.2186,32.3497,8.80357],"tool":false,"touchDistance":1,"touchZone":"none","type":2,"width":16.4868},{"bases":[[[0.264841,-0.636711,-0.724195],[0.721866,0.628848,-0.288893],[0.63935,-0.446261,0.626165]],[[0.226027,-0.608806,-0.760439],[-0.60138,0.526909,-0.600591],[0.766325,0.593062,-0.247028]],[[0.226027,-0.608806,-0.760439],[-0.818513,-0.54195,0.190596],[-0.528156,0.579349,-0.62081]],[[0.226027,-0.608806,-0.760439],[-0.227455,-0.792047,0.566504],[-0.947194,0.0449211,-0.3175]]],"btipPosition":[58.7981,170.401,129.437],"carpPosition":[95.0823,181.973,135.238],"dipPosition":[44.196,171.094,124.542],"direction":[0.528156,-0.579349,0.62081],"extended":false,"handId":101,"id":1013,"length":53.16,"mcpPosition":[60.3747,206.199,101.246],"pipPosition":[32.124,184.336,110.352],"stabilizedTipPosition":[52.7834,169.312,122.955],"timeVisible":5.22428,"tipPosition":[54.8841,170.892,128.767],"tipVelocity":[-10.6301,37.5006,7.55394],"tool":false,"touchDistance":0.971851,"touchZone":"none","type":3,"width":15.6882},{"bases":[[[0.214121,-0.779174,-0.589101],[0.807901,0.480248,-0.341552],[0.549043,-0.402801,0.732327]],[[0.146854,-0.725351,-0.672533],[-0.512149,0.525917,-0.679054],[0.846249,0.444159,-0.294255]],[[0.146854,-0.725351,-0.672533],[-0.919198,-0.351223,0.178091],[-0.365388,0.592037,-0.71832]],[[0.146854,-0.725351,-0.672533],[-0.412675,-0.662834,0.624779],[-0.898962,0.185786,-0.396674]]],"btipPosition":[61.3136,167.101,116.98],"carpPosition":[94.9115,172.015,127.963],"dipPosition":[48.5285,169.744,111.339],"direction":[0.365388,-0.592037,0.71832],"extended":false,"handId":101,"id":1014,"length":41.6764,"mcpPosition":[67.321,192.256,91.1618],"pipPosition":[42.6318,179.298,99.7466],"stabilizedTipPosition":[55.0487,167.025,110.417],"timeVisible":5.22428,"tipPosition":[57.4222,168.27,115.631],"tipVelocity":[-8.88734,38.4742,6.98516],"tool":false,"touchDistance":0.761381,"touchZone":"none","type":4,"width":13.9355}],"r":[[0.609049,-0.118784,-0.784188],[0.257108,0.964899,0.053528],[0.750304,-0.234222,0.618211]],"s":1.0317,"t":[-50.7695,61.8422,63.4794],"timestamp":629883994617},{"currentFrameRate":55.3321,"devices":[],"gestures":[],"hands":[{"armBasis":[[0.282796,-0.313598,-0.906467],[0.853554,0.513402,0.0886744],[0.437574,-0.798796,0.412861]],"armWidth":55.2759,"confidence":1,"direction":[-0.58568,0.604414,-0.540058],"elbow":[205.493,-27.025,249.352],"grabAngle":3.14159,"grabStrength":1,"id":101,"palmNormal":[-0.735503,-0.676294,0.0407506],"palmPosition":[61.023,201.681,124.174],"palmVelocity":[-27.2166,48.4485,16.8879],"palmWidth":78.8548,"pinchDistance":21.0168,"pinchStrength":0.536476,"r":[[0.610445,-0.11878,-0.783102],[0.252163,0.966393,0.0499855],[0.750847,-0.227983,0.619881]],"s":1.03329,"sphereCenter":[31.9948,183.829,111.421],"sphereRadius":34.3277,"stabilizedPalmPosition":[60.2717,200.009,119.895],"t":[-51.177,62.5847,63.6742],"timeVisible":5.24223,"type":"right","wrist":[103.105,159.886,152.747]}],"id":37964,"interactionBox":{"center":[0,200,0],"size":[235.247,235.247,147.751]},"pointables":[{"bases":[[[0.680629,0.553395,-0.480103],[0.283378,0.40545,0.869084],[0.675604,-0.727574,0.119141]],[[0.355059,0.797476,-0.487816],[0.110683,0.482284,0.868994],[0.928268,-0.362537,0.0829724]],[[0.355059,0.797476,-0.487816],[-0.0847397,0.547123,0.832752],[0.930995,-0.254339,0.261839]],[[0.355059,0.797476,-0.487816],[-0.323933,0.59444,0.736008],[0.876927,-0.103307,0.46939]]],"btipPosition":[-3.40856,200.26,146.474],"carpPosition":[79.8733,175.426,166.494],"dipPosition":[13.5252,198.265,155.538],"direction":[-0.930995,0.254339,-0.261839],"extended":false,"handId":101,"id":1010,"length":43.0013,"mcpPosition":[79.8733,175.426,166.494],"pipPosition":[39.7162,191.11,162.904],"stabilizedTipPosition":[1.62495,200.06,142.27],"timeVisible":5.24223,"tipPosition":[0.717136,197.294,144.366],"tipVelocity":[-29.2227,18.374,24.153],"tool":false,"touchDistance":1,"touchZone":"none","type":0,"width":17.574},{"bases":[[[0.237436,-0.313621,-0.919384],[0.633236,0.767686,-0.0983373],[0.736639,-0.558838,0.380872]],[[0.152433,-0.248275,-0.956621],[-0.569881,0.768733,-0.29032],[0.807465,0.589414,-0.0243073]],[[0.152433,-0.248275,-0.956621],[-0.872665,-0.488164,-0.0123599],[-0.463919,0.836693,-0.291073]],[[0.152433,-0.248275,-0.956621],[-0.451742,-0.878405,0.155993],[-0.87903,0.408367,-0.246054]]],"btipPosition":[35.3405,181.842,140.771],"carpPosition":[89.2863,189.548,154.919],"dipPosition":[22.9486,187.599,137.302],"direction":[0.463919,-0.836693,0.291073],"extended":false,"handId":101,"id":1011,"length":48.5221,"mcpPosition":[42.3199,225.179,130.636],"pipPosition":[13.6966,204.285,131.497],"stabilizedTipPosition":[29.4786,180.217,137.089],"timeVisible":5.24223,"tipPosition":[24.8508,183.192,138.368],"tipVelocity":[-14.0828,38.6742,15.5385],"tool":false,"touchDistance":1,"touchZone":"none","type":1,"width":16.7867},{"bases":[[[0.223322,-0.512485,-0.829148],[0.68028,0.691157,-0.243969],[0.698102,-0.50957,0.502983]],[[0.181059,-0.481006,-0.857817],[-0.660337,0.586923,-0.468484],[0.728816,0.651271,-0.211359]],[[0.181059,-0.481006,-0.857817],[-0.773003,-0.608847,0.178244],[-0.608016,0.630823,-0.482057]],[[0.181059,-0.481006,-0.857817],[-0.169876,-0.874419,0.45446],[-0.96869,0.0634384,-0.240033]]],"btipPosition":[50.4419,176.78,137.901],"carpPosition":[92.3508,187.656,144.875],"dipPosition":[35.4221,177.764,134.179],"direction":[0.608016,-0.630823,0.482057],"extended":false,"handId":101,"id":1012,"length":55.2871,"mcpPosition":[50.1414,218.466,114.463],"pipPosition":[21.1563,192.565,122.868],"stabilizedTipPosition":[45.2453,175.132,131.862],"timeVisible":5.24223,"tipPosition":[46.1634,177.337,137.678],"tipVelocity":[-14.7255,40.2282,12.319],"tool":false,"touchDistance":1,"touchZone":"none","type":2,"width":16.4868},{"bases":[[[0.271697,-0.632521,-0.725327],[0.716404,0.63618,-0.286426],[0.642608,-0.441806,0.625989]],[[0.232675,-0.60489,-0.761558],[-0.60542,0.522741,-0.600173],[0.761137,0.600708,-0.244584]],[[0.232675,-0.60489,-0.761558],[-0.812473,-0.55129,0.189648],[-0.534555,0.57462,-0.619728]],[[0.232675,-0.60489,-0.761558],[-0.220078,-0.795484,0.564597],[-0.947327,0.0362349,-0.318212]]],"btipPosition":[58.6298,171.274,129.647],"carpPosition":[94.7513,183.128,135.542],"dipPosition":[44.0256,171.832,124.742],"direction":[0.534555,-0.57462,0.619728],"extended":false,"handId":101,"id":1013,"length":53.16,"mcpPosition":[59.8668,207.111,101.56],"pipPosition":[31.8073,184.966,110.577],"stabilizedTipPosition":[52.8466,169.365,123.097],"timeVisible":5.24223,"tipPosition":[54.6685,171.689,128.989],"tipVelocity":[-9.40214,46.8924,11.5854],"tool":false,"touchDistance":0.975317,"touchZone":"none","type":3,"width":15.6882},{"bases":[[[0.222115,-0.775766,-0.590637],[0.803882,0.488507,-0.339316],[0.55176,-0.399435,0.732129]],[[0.154465,-0.72237,-0.674034],[-0.516079,0.522761,-0.678516],[0.842498,0.452662,-0.292051]],[[0.154465,-0.72237,-0.674034],[-0.915086,-0.361819,0.178059],[-0.372503,0.589295,-0.716919]],[[0.154465,-0.72237,-0.674034],[-0.406196,-0.668329,0.62317],[-0.900636,0.177532,-0.396658]]],"btipPosition":[61.196,168.016,117.184],"carpPosition":[94.6824,173.185,128.244],"dipPosition":[48.3871,170.541,111.543],"direction":[0.372503,-0.589295,0.716919],"extended":false,"handId":101,"id":1014,"length":41.6764,"mcpPosition":[66.9555,193.257,91.4529],"pipPosition":[42.3757,180.051,99.9735],"stabilizedTipPosition":[55.1212,167.061,110.54],"timeVisible":5.24223,"tipPosition":[57.2498,169.121,115.852],"tipVelocity":[-6.8533,49.4512,11.3663],"tool":false,"touchDistance":0.764782,"touchZone":"none","type":4,"width":13.9355}],"r":[[0.610445,-0.11878,-0.783102],[0.252163,0.966393,0.0499855],[0.750847,-0.227983,0.619881]],"s":1.03329,"t":[-51.177,62.5847,63.6742],"timestamp":629884012568},{"currentFrameRate":55.3362,"devices":[],"gestures":[],"hands":[{"armBasis":[[0.275752,-0.307704,-0.910648],[0.854753,0.511884,0.0858627],[0.439725,-0.802056,0.404164]],"armWidth":55.2759,"confidence":1,"direction":[-0.590829,0.600858,-0.538415],"elbow":[205.793,-26.8178,247.297],"grab