{"frames":60,"data":[{"currentFrameRate":55.225,"devices":[],"gestures":[],"hands":[{"armBasis":[[0.501645,-0.74224,-0.444334],[0.859017,0.366729,0.35721],[-0.102186,-0.560883,0.821565]],"armWidth":55.2734,"confidence":1,"direction":[0.523805,0.3547,-0.774478],"elbow":[34.5934,20.1064,271.718],"grabAngle":1.42453,"grabStrength":0,"id":112,"palmNormal":[-0.734732,-0.271935,-0.621466],"palmPosition":[82.9948,180.159,28.5926],"palmVelocity":[-20.8923,1.66151,-31.0874],"palmWidth":78.1236,"pinchDistance":57.9415,"pinchStrength":0,"r":[[0.994678,-0.0411063,0.0944806],[0.051076,0.993091,-0.10565],[-0.0894849,0.109914,0.989905]],"s":0.969871,"sphereCenter":[55.6981,165.249,-21.0224],"sphereRadius":57.5177,"stabilizedPalmPosition":[82.5909,181.691,30.0083],"t":[-64.565,49.3098,-19.4189],"timeVisible":4.3566,"type":"right","wrist":[58.2822,150.131,81.2618]}],"id":41230,"interactionBox":{"center":[0,200,0],"size":[235.247,235.247,147.751]},"pointables":[{"bases":[[[0.932826,-0.047529,0.35718],[-0.22274,0.703124,0.675281],[-0.283237,-0.709477,0.645305]],[[0.969835,0.230181,0.0802273],[-0.227979,0.740008,0.632782],[0.0862853,-0.631985,0.770162]],[[0.969835,0.230181,0.0802273],[-0.239394,0.837371,0.491428],[0.045937,-0.49581,0.867215]],[[0.969835,0.230181,0.0802273],[-0.240874,0.854453,0.460316],[0.0374052,-0.465755,0.884123]]],"btipPosition":[39.5413,228.353,-11.0732],"carpPosition":[45.3528,177.2,65.4375],"dipPosition":[40.299,218.918,6.8364],"direction":[-0.045937,0.49581,-0.867215],"extended":true,"handId":112,"id":1120,"length":45.1091,"mcpPosition":[45.3528,177.2,65.4375],"pipPosition":[41.6547,204.286,32.4291],"stabilizedTipPosition":[40.8891,227.795,-5.19103],"timeVisible":4.3566,"tipPosition":[40.6502,228.139,-5.44027],"tipVelocity":[-41.1328,-19.8203,-35.1847],"tool":false,"touchDistance":0.261972,"touchZone":"hovering","type":0,"width":17.6444},{"bases":[[[0.512871,-0.822307,-0.246527],[0.792466,0.343077,0.504278],[-0.330093,-0.453994,0.827604]],[[0.507044,-0.830089,-0.232075],[0.818755,0.379722,0.430641],[-0.269346,-0.408366,0.872175]],[[0.507044,-0.830089,-0.232075],[0.859804,0.505977,0.0687384],[0.0603657,-0.234393,0.970266]],[[0.507044,-0.830089,-0.232075],[0.822053,0.546673,-0.159302],[0.259104,-0.110005,0.959564]]],"btipPosition":[91.2572,229.222,-51.2613],"carpPosition":[65.4851,178.829,67.9372],"dipPosition":[95.0889,227.595,-37.0709],"direction":[-0.0603657,0.234393,-0.970266],"extended":true,"handId":112,"id":1121,"length":50.9006,"mcpPosition":[86.3359,207.506,15.6603],"pipPosition":[96.3518,222.692,-16.7723],"stabilizedTipPosition":[93.0174,229.368,-46.8555],"timeVisible":4.3566,"tipPosition":[86.7633,225.661,-47.7083],"tipVelocity":[-33.8339,-4.08971,-36.2594],"tool":false,"touchDistance":-0.308288,"touchZone":"touching","type":1,"width":16.8539},{"bases":[[[0.320898,-0.92244,-0.214779],[0.860324,0.189066,0.473387],[-0.396064,-0.336689,0.854268]],[[0.291877,-0.944075,-0.153397],[0.926626,0.239372,0.28994],[-0.237006,-0.226768,0.944671]],[[0.291877,-0.944075,-0.153397],[0.934503,0.315651,-0.164528],[0.203747,-0.0953277,0.974372]],[[0.291877,-0.944075,-0.153397],[0.809129,0.329242,-0.486734],[0.510018,0.0179487,0.859976]]],"btipPosition":[92.4767,202.643,-62.8769],"carpPosition":[72.1741,170.96,65.6774],"dipPosition":[100.772,202.935,-48.889],"direction":[-0.203747,0.0953277,-0.974371],"extended":true,"handId":112,"id":1122,"length":57.9972,"mcpPosition":[95.8993,191.128,14.5046],"pipPosition":[105.787,200.589,-24.9068],"stabilizedTipPosition":[95.2471,203.132,-58.8398],"timeVisible":4.3566,"tipPosition":[90.78,201.896,-58.4523],"tipVelocity":[-33.9576,-5.05391,-32.0518],"tool":false,"touchDistance":-0.304461,"touchZone":"touching","type":2,"width":16.5528},{"bases":[[[0.193342,-0.973542,-0.121796],[0.867989,0.11185,0.483824],[-0.4574,-0.199261,0.866649]],[[0.160082,-0.985315,-0.0594054],[0.985834,0.162638,-0.0409977],[0.0500572,-0.0520009,0.997392]],[[0.160082,-0.985315,-0.0594054],[0.716184,0.157351,-0.679943],[0.679305,0.0663011,0.730855]],[[0.160082,-0.985315,-0.0594054],[0.398361,0.119549,-0.909404],[0.903151,0.121914,0.411649]]],"btipPosition":[68.257,170.828,-46.1758],"carpPosition":[76.4863,161.661,63.1872],"dipPosition":[82.8626,172.799,-39.5186],"direction":[-0.679305,-0.0663011,-0.730855],"extended":false,"handId":112,"id":1123,"length":55.7658,"mcpPosition":[101.086,172.378,16.5767],"pipPosition":[99.1506,174.389,-21.9946],"stabilizedTipPosition":[73.0208,172.318,-44.2854],"timeVisible":4.3566,"tipPosition":[68.5207,170.757,-42.3686],"tipVelocity":[-28.8691,-11.6551,-20.4185],"tool":false,"touchDistance":-0.292587,"touchZone":"touching","type":3,"width":15.751},{"bases":[[[-0.00698919,-0.99507,-0.0989286],[0.843651,-0.0589798,0.533643],[-0.536847,-0.0797315,0.839904]],[[-0.108303,-0.99221,0.0615572],[0.929833,-0.123011,-0.346813],[0.351683,0.0196771,0.935912]],[[-0.108303,-0.99221,0.0615572],[0.256022,-0.0876713,-0.962687],[0.960585,-0.088502,0.263523]],[[-0.108303,-0.99221,0.0615572],[-0.191719,-0.0399125,-0.980638],[0.975456,-0.118008,-0.185903]]],"btipPosition":[60.2664,156.702,-12.5975],"carpPosition":[75.1171,150.076,59.549],"dipPosition":[74.8194,154.942,-15.3711],"direction":[-0.960585,0.088502,-0.263523],"extended":false,"handId":112,"id":1124,"length":43.7194,"mcpPosition":[101.845,154.046,17.7337],"pipPosition":[91.0812,153.444,-10.9099],"stabilizedTipPosition":[62.7996,158.203,-12.7722],"timeVisible":4.3566,"tipPosition":[67.6096,157.899,-14.5268],"tipVelocity":[-12.4379,-9.09631,-24.0774],"tool":false,"touchDistance":-0.208162,"touchZone":"touching","type":4,"width":13.9913}],"r":[[0.994678,-0.0411063,0.0944806],[0.051076,0.993091,-0.10565],[-0.0894849,0.109914,0.989905]],"s":0.969871,"t":[-64.565,49.3098,-19.4189],"timestamp":629945943500},{"currentFrameRate":55.2398,"devices":[],"gestures":[],"hands":[{"armBasis":[[0.509757,-0.737972,-0.442205],[0.854692,0.375716,0.358245],[-0.098231,-0.560567,0.822263]],"armWidth":55.2734,"confidence":1,"direction":[0.520796,0.359214,-0.774427],"elbow":[35.1016,20.2667,271.26],"grabAngle":1.42836,"grabStrength":0,"id":112,"palmNormal":[-0.731374,-0.280139,-0.621783],"palmPosition":[82.3313,180.435,27.9617],"palmVelocity":[-36.7582,15.3008,-34.9501],"palmWidth":78.1236,"pinchDistance":58.1547,"pinchStrength":0,"r":[[0.994807,-0.0374049,0.0946582],[0.0474909,0.993162,-0.106648],[-0.0900217,0.11059,0.989781]],"s":0.969534,"sphereCenter":[55.3698,165.103,-21.639],"sphereRadius":57.466,"stabilizedPalmPosition":[82.5889,181.681,29.9922],"t":[-65.02,49.4312,-19.9401],"timeVisible":4.37465,"type":"right","wrist":[57.8736,150.218,80.6424]}],"id":41231,"interactionBox":{"center":[0,200,0],"size":[235.247,235.247,147.751]},"pointables":[{"bases":[[[0.93296,-0.0375634,0.358014],[-0.230518,0.701536,0.674321],[-0.276489,-0.711644,0.645846]],[[0.967304,0.240525,0.0804431],[-0.236088,0.738061,0.632082],[0.0926596,-0.630407,0.770715]],[[0.967304,0.240525,0.0804431],[-0.248657,0.836957,0.487517],[0.0499327,-0.49158,0.8694]],[[0.967304,0.240525,0.0804431],[-0.250342,0.854664,0.454838],[0.0406481,-0.460105,0.886934]]],"btipPosition":[38.422,227.976,-11.8775],"carpPosition":[44.6902,177.13,64.7782],"dipPosition":[39.2454,218.655,6.08898],"direction":[-0.0499327,0.49158,-0.8694],"extended":true,"handId":112,"id":1120,"length":45.1091,"mcpPosition":[44.6902,177.13,64.7782],"pipPosition":[40.7189,204.148,31.7461],"stabilizedTipPosition":[40.8264,227.741,-5.26137],"timeVisible":4.37465,"tipPosition":[39.5158,227.918,-6.17606],"tipVelocity":[-61.169,-19.4111,-43.8324],"tool":false,"touchDistance":0.248785,"touchZone":"hovering","type":0,"width":17.6444},{"bases":[[[0.521492,-0.817267,-0.245194],[0.788474,0.351741,0.504566],[-0.326121,-0.456456,0.827824]],[[0.51524,-0.825743,-0.229515],[0.814208,0.388001,0.431881],[-0.267571,-0.409395,0.872239]],[[0.51524,-0.825743,-0.229515],[0.855012,0.513684,0.0713019],[0.0590209,-0.232975,0.97069]],[[0.51524,-0.825743,-0.229515],[0.817722,0.553831,-0.156851],[0.256631,-0.106863,0.960584]]],"btipPosition":[90.3225,229.479,-51.9457],"carpPosition":[64.8026,178.968,67.293],"dipPosition":[94.1177,227.899,-37.7403],"direction":[-0.0590209,0.232975,-0.97069],"extended":true,"handId":112,"id":1121,"length":50.9006,"mcpPosition":[85.4025,207.801,15.0022],"pipPosition":[95.3524,223.025,-17.4328],"stabilizedTipPosition":[92.7582,229.332,-47.1149],"timeVisible":4.37465,"tipPosition":[85.7543,225.923,-48.3889],"tipVelocity":[-52.2432,14.8333,-37.7236],"tool":false,"touchDistance":-0.316008,"touchZone":"touching","type":1,"width":16.8539},{"bases":[[[0.33053,-0.919331,-0.213497],[0.857936,0.198402,0.473901],[-0.393314,-0.339805,0.854305]],[[0.301661,-0.941209,-0.152074],[0.923776,0.249079,0.290857],[-0.235879,-0.228223,0.944603]],[[0.301661,-0.941209,-0.152074],[0.930953,0.325202,-0.166045],[0.205738,-0.0914846,0.974322]],[[0.301661,-0.941209,-0.152074],[0.803985,0.336857,-0.490036],[0.512453,0.0255592,0.858335]]],"btipPosition":[91.5762,202.879,-63.4782],"carpPosition":[71.574,171.166,65.0474],"dipPosition":[99.9114,203.294,-49.5171],"direction":[-0.205738,0.0914846,-0.974322],"extended":true,"handId":112,"id":1122,"length":57.9972,"mcpPosition":[95.1344,191.521,13.8724],"pipPosition":[104.975,201.043,-25.5361],"stabilizedTipPosition":[94.9024,203.101,-59.1204],"timeVisible":4.37465,"tipPosition":[89.9872,202.16,-59.1072],"tipVelocity":[-49.3786,14.5958,-33.6528],"tool":false,"touchDistance":-0.311461,"touchZone":"touching","type":2,"width":16.5528},{"bases":[[[0.203426,-0.971639,-0.120565],[0.866383,0.121279,0.484429],[-0.456068,-0.203001,0.866483]],[[0.170379,-0.983643,-0.0584555],[0.98403,0.172948,-0.0421103],[0.0515313,-0.0503473,0.997401]],[[0.170379,-0.983643,-0.0584555],[0.710125,0.163697,-0.684781],[0.68315,0.0751614,0.7264]],[[0.170379,-0.983643,-0.0584555],[0.388003,0.121501,-0.913615],[0.905773,0.13298,0.402357]]],"btipPosition":[67.4909,170.822,-46.5262],"carpPosition":[75.9835,161.909,62.5711],"dipPosition":[82.139,172.972,-40.0194],"direction":[-0.68315,-0.0751614,-0.7264],"extended":false,"handId":112,"id":1123,"length":55.7658,"mcpPosition":[100.512,172.827,15.9696],"pipPosition":[98.5191,174.774,-22.6022],"stabilizedTipPosition":[72.7657,172.199,-44.3733],"timeVisible":4.37465,"tipPosition":[68.0801,170.819,-43.0479],"tipVelocity":[-41.8954,1.94076,-21.33],"tool":false,"touchDistance":-0.297438,"touchZone":"touching","type":3,"width":15.751},{"bases":[[[0.00330723,-0.995196,-0.0978419],[0.843758,-0.0497366,0.534415],[-0.536714,-0.0843223,0.83954]],[[-0.0965419,-0.993521,0.05996],[0.932342,-0.111358,-0.344003],[0.348451,0.0226926,0.937052]],[[-0.0965419,-0.993521,0.05996],[0.256713,-0.0830579,-0.962912],[0.961654,-0.0775688,0.263068]],[[-0.0965419,-0.993521,0.05996],[-0.193105,-0.0404005,-0.980346],[0.976417,-0.106223,-0.187954]]],"btipPosition":[59.9455,156.708,-13.1806],"carpPosition":[74.7364,150.307,58.9445],"dipPosition":[74.5129,155.124,-15.9847],"direction":[-0.961654,0.0775688,-0.263068],"extended":false,"handId":112,"id":1124,"length":43.7194,"mcpPosition":[101.457,154.505,17.1473],"pipPosition":[90.7928,153.81,-11.5312],"stabilizedTipPosition":[62.8035,158.189,-12.7806],"timeVisible":4.37465,"tipPosition":[67.193,157.964,-15.1398],"tipVelocity":[-17.5908,2.57465,-32.687],"tool":false,"touchDistance":-0.217997,"touchZone":"touching","type":4,"width":13.9913}],"r":[[0.994807,-0.0374049,0.0946582],[0.0474909,0.993162,-0.106648],[-0.0900217,0.11059,0.989781]],"s":0.969534,"t":[-65.02,49.4312,-19.9401],"timestamp":629945961552},{"currentFrameRate":55.2545,"devices":[],"gestures":[],"hands":[{"armBasis":[[0.522222,-0.73074,-0.439662],[0.847667,0.388239,0.361569],[-0.0935187,-0.561506,0.822171]],"armWidth":55.2734,"confidence":1,"direction":[0.514674,0.3686,-0.774109],"elbow":[35.8556,20.3936,270.467],"grabAngle":1.42664,"grabStrength":0,"id":112,"palmNormal":[-0.726894,-0.291216,-0.621948],"palmPosition":[81.5247,181.218,27.2253],"palmVelocity":[-44.6938,43.4117,-40.8037],"palmWidth":78.1236,"pinchDistance":58.3506,"pinchStrength":0,"r":[[0.995012,-0.0312317,0.0947372],[0.0413871,0.993376,-0.1072],[-0.0907615,0.110586,0.989714]],"s":0.969202,"sphereCenter":[54.8516,165.473,-22.4173],"sphereRadius":57.5112,"stabilizedPalmPosition":[82.5697,181.673,29.9423],"t":[-65.6508,49.8836,-20.5689],"timeVisible":4.3927,"type":"right","wrist":[57.5352,150.562,79.8709]}],"id":41232,"interactionBox":{"center":[0,200,0],"size":[235.247,235.247,147.751]},"pointables":[{"bases":[[[0.933546,-0.0228373,0.357729],[-0.241708,0.696852,0.675259],[-0.264705,-0.716851,0.645024]],[[0.963318,0.255943,0.0806909],[-0.247849,0.733221,0.633213],[0.102902,-0.629985,0.76976]],[[0.963318,0.255943,0.0806909],[-0.262254,0.834051,0.485367],[0.056926,-0.488725,0.870579]],[[0.963318,0.255943,0.0806909],[-0.264295,0.852672,0.450665],[0.0465418,-0.45546,0.889039]]],"btipPosition":[36.9195,227.905,-12.645],"carpPosition":[43.9525,177.256,64.0472],"dipPosition":[37.8622,218.679,5.36413],"direction":[-0.056926,0.488725,-0.870579],"extended":true,"handId":112,"id":1120,"length":45.1091,"mcpPosition":[43.9525,177.256,64.0472],"pipPosition":[39.5422,204.256,31.0561],"stabilizedTipPosition":[40.6941,227.67,-5.37753],"timeVisible":4.3927,"tipPosition":[37.9231,228.013,-6.86365],"tipVelocity":[-81.7335,-2.70905,-41.984],"tool":false,"touchDistance":0.236156,"touchZone":"hovering","type":0,"width":17.6444},{"bases":[[[0.534643,-0.808374,-0.246351],[0.78279,0.363883,0.504806],[-0.318429,-0.462732,0.827335]],[[0.528706,-0.816733,-0.23112],[0.80737,0.399862,0.433894],[-0.26196,-0.416002,0.870815]],[[0.528706,-0.816733,-0.23112],[0.846781,0.526309,0.0772065],[0.0585834,-0.236527,0.969857]],[[0.528706,-0.816733,-0.23112],[0.81034,0.566715,-0.148941],[0.252624,-0.108539,0.961457]]],"btipPosition":[88.9268,230.67,-52.5911],"carpPosition":[64.033,179.418,66.5592],"dipPosition":[92.6627,229.065,-38.3727],"direction":[-0.0585834,0.236527,-0.969857],"extended":true,"handId":112,"id":1121,"length":50.9006,"mcpPosition":[84.147,208.647,14.2994],"pipPosition":[93.8883,224.116,-18.0827],"stabilizedTipPosition":[92.1503,229.53,-47.5661],"timeVisible":4.3927,"tipPosition":[84.2868,226.914,-49.0736],"tipVelocity":[-78.094,65.6626,-35.5976],"tool":false,"touchDistance":-0.322377,"touchZone":"touching","type":1,"width":16.8539},{"bases":[[[0.345374,-0.913568,-0.214733],[0.854727,0.211732,0.473931],[-0.387502,-0.347222,0.853978]],[[0.317096,-0.935842,-0.153785],[0.919151,0.263297,0.292977],[-0.233689,-0.234253,0.943671]],[[0.317096,-0.935842,-0.153785],[0.925638,0.3407,-0.164678],[0.206507,-0.0901302,0.974285]],[[0.317096,-0.935842,-0.153785],[0.797973,0.350903,-0.490006],[0.512531,0.032663,0.858047]]],"btipPosition":[90.4722,203.989,-64.1595],"carpPosition":[70.9297,171.729,64.3021],"dipPosition":[98.8087,204.52,-50.203],"direction":[-0.206507,0.0901302,-0.974285],"extended":true,"handId":112,"id":1122,"length":57.9972,"mcpPosition":[94.142,192.529,13.1467],"pipPosition":[103.891,202.302,-26.2229],"stabilizedTipPosition":[94.3106,203.339,-59.5512],"timeVisible":4.3927,"tipPosition":[88.8307,203.182,-59.8271],"tipVelocity":[-61.1542,63.0039,-37.8085],"tool":false,"touchDistance":-0.318883,"touchZone":"touching","type":2,"width":16.5528},{"bases":[[[0.219163,-0.968052,-0.121835],[0.86443,0.134744,0.48436],[-0.452469,-0.211471,0.866344]],[[0.186405,-0.980647,-0.0598687],[0.98121,0.188909,-0.0392518],[0.0498019,-0.051427,0.997434]],[[0.186405,-0.980647,-0.0598687],[0.708301,0.176366,-0.683524],[0.680854,0.0850073,0.727469]],[[0.186405,-0.980647,-0.0598687],[0.384992,0.128972,-0.913864],[0.9039,0.1473,0.401582]]],"btipPosition":[66.9545,171.491,-47.2911],"carpPosition":[75.4885,162.549,61.8131],"dipPosition":[81.5723,173.873,-40.7968],"direction":[-0.680854,-0.0850073,-0.727469],"extended":false,"handId":112,"id":1123,"length":55.7658,"mcpPosition":[99.8233,173.922,15.219],"pipPosition":[97.8974,175.911,-23.354],"stabilizedTipPosition":[72.5088,172.183,-44.5227],"timeVisible":4.3927,"tipPosition":[67.439,171.467,-43.8111],"tipVelocity":[-30.1079,40.0275,-42.5436],"tool":false,"touchDistance":-0.307544,"touchZone":"touching","type":3,"width":15.751},{"bases":[[[0.0194598,-0.994888,-0.0990902],[0.844602,-0.0366795,0.534137],[-0.535042,-0.0940859,0.83957]],[[-0.0779564,-0.995443,0.0549103],[0.935913,-0.0920488,-0.339991],[0.343496,0.0248869,0.938824]],[[-0.0779564,-0.995443,0.0549103],[0.261866,-0.0735894,-0.962295],[0.961951,-0.0606378,0.26641]],[[-0.0779564,-0.995443,0.0549103],[-0.192098,-0.0390477,-0.980599],[0.978275,-0.0869921,-0.188179]]],"btipPosition":[59.6739,157.179,-14.0618],"carpPosition":[74.4292,150.932,58.1723],"dipPosition":[74.269,155.881,-16.8692],"direction":[-0.961951,0.0606378,-0.26641],"extended":false,"handId":112,"id":1124,"length":43.7194,"mcpPosition":[101.067,155.616,16.3736],"pipPosition":[90.5539,154.855,-12.3592],"stabilizedTipPosition":[62.8052,158.179,-12.7946],"timeVisible":4.3927,"tipPosition":[66.6931,158.536,-15.8847],"tipVelocity":[-14.6971,29.7366,-48.8705],"tool":false,"touchDistance":-0.232696,"touchZone":"touching","type":4,"width":13.9913}],"r":[[0.995012,-0.0312317,0.0947372],[0.0413871,0.993376,-0.1072],[-0.0907615,0.110586,0.989714]],"s":0.969202,"t":[-65.6508,49.8836,-20.5689],"timestamp":629945979599},{"currentFrameRate":55.2577,"devices":[],"gestures":[],"hands":[{"armBasis":[[0.533232,-0.722286,-0.440417],[0.841568,0.399868,0.363137],[-0.0861797,-0.564277,0.821075]],"armWidth":55.2734,"confidence":1,"direction":[0.513219,0.382018,-0.76855],"elbow":[36.9623,20.2202,268.978],"grabAngle":1.4247,"grabStrength":0,"id":112,"palmNormal":[-0.719139,-0.297356,-0.628028],"palmPosition":[80.7185,182.392,26.3123],"palmVelocity":[-44.5729,64.8765,-50.4822],"palmWidth":78.1236,"pinchDistance":57.8378,"pinchStrength":0,"r":[[0.995121,-0.0234658,0.0958325],[0.0336544,0.993783,-0.106126],[-0.0927464,0.108833,0.989724]],"s":0.968437,"sphereCenter":[54.473,166.339,-23.668],"sphereRadius":57.6443,"stabilizedPalmPosition":[82.5015,181.7,29.8087],"t":[-66.3693,50.6965,-21.3398],"timeVisible":4.41079,"type":"right","wrist":[56.9406,151.031,78.6356]}],"id":41233,"interactionBox":{"center":[0,200,0],"size":[235.247,235.247,147.751]},"pointables":[{"bases":[[[0.931866,-0.0115942,0.362617],[-0.255689,0.688096,0.679078],[-0.257389,-0.725527,0.638249]],[[0.958888,0.269956,0.0875029],[-0.262325,0.725574,0.636182],[0.108251,-0.632982,0.766561]],[[0.958888,0.269956,0.0875029],[-0.277677,0.828921,0.485577],[0.0585513,-0.489912,0.869803]],[[0.958888,0.269956,0.0875029],[-0.279974,0.849574,0.447033],[0.046339,-0.453154,0.890227]]],"btipPosition":[35.7082,228.36,-13.6572],"carpPosition":[43.0144,177.594,62.8991],"dipPosition":[36.6469,219.181,4.37606],"direction":[-0.0585513,0.489912,-0.869803],"extended":true,"handId":112,"id":1120,"length":45.1091,"mcpPosition":[43.0144,177.594,62.8991],"pipPosition":[38.3748,204.723,30.0451],"stabilizedTipPosition":[40.5204,227.619,-5.52799],"timeVisible":4.41079,"tipPosition":[36.5881,228.724,-7.70946],"tipVelocity":[-67.0245,25.7426,-55.6567],"tool":false,"touchDistance":0.21938,"touchZone":"hovering","type":0,"width":17.6444},{"bases":[[[0.547971,-0.798446,-0.249423],[0.774565,0.371724,0.511732],[-0.315874,-0.473609,0.822142]],[[0.542549,-0.806343,-0.23548],[0.800022,0.41052,0.437537],[-0.256136,-0.425774,0.867819]],[[0.542549,-0.806343,-0.23548],[0.838238,0.537959,0.0892021],[0.0547511,-0.245785,0.967777]],[[0.542549,-0.806343,-0.23548],[0.803683,0.579826,-0.133776],[0.244407,-0.116671,0.962628]]],"btipPosition":[87.7642,232.653,-53.1486],"carpPosition":[63.0466,180.036,65.5362],"dipPosition":[91.3786,230.927,-38.9129],"direction":[-0.0547511,0.245785,-0.967777],"extended":true,"handId":112,"id":1121,"length":50.9006,"mcpPosition":[82.9993,209.952,13.6043],"pipPosition":[92.524,225.785,-18.6664],"stabilizedTipPosition":[91.0549,230.37,-48.2774],"timeVisible":4.41079,"tipPosition":[83.2463,228.721,-49.6319],"tipVelocity":[-65.8262,108.099,-30.6026],"tool":false,"touchDistance":-0.326774,"touchZone":"touching","type":1,"width":16.8539},{"bases":[[[0.36013,-0.906684,-0.219614],[0.848932,0.220897,0.480123],[-0.386808,-0.359344,0.849265]],[[0.331865,-0.929833,-0.158987],[0.914119,0.275374,0.297584],[-0.232922,-0.244091,0.941364]],[[0.331865,-0.929833,-0.158987],[0.920957,0.355846,-0.15878],[0.204214,-0.0937266,0.974429]],[[0.331865,-0.929833,-0.158987],[0.79509,0.366411,-0.483296],[0.507639,0.03398,0.8609]]],"btipPosition":[89.6743,205.932,-64.8733],"carpPosition":[70.0694,172.469,63.2597],"dipPosition":[97.9313,206.484,-50.8705],"direction":[-0.204214,0.0937266,-0.974429],"extended":true,"handId":112,"id":1122,"length":57.9972,"mcpPosition":[93.2402,193.994,12.3866],"pipPosition":[102.958,204.178,-26.8868],"stabilizedTipPosition":[93.4392,204.205,-60.2202],"timeVisible":4.41079,"tipPosition":[88.1913,205.122,-60.5448],"tipVelocity":[-45.1282,107.693,-38.878],"tool":false,"touchDistance":-0.325876,"touchZone":"touching","type":2,"width":16.5528},{"bases":[[[0.234255,-0.963737,-0.127809],[0.859729,0.143987,0.490034],[-0.453861,-0.224674,0.862283]],[[0.200779,-0.977475,-0.0650412],[0.978649,0.203115,-0.0314829],[0.0439846,-0.0573314,0.997386]],[[0.200779,-0.977475,-0.0650412],[0.711023,0.191077,-0.67671],[0.673895,0.0896235,0.733371]],[[0.200779,-0.977475,-0.0650412],[0.39023,0.140701,-0.909903],[0.898559,0.157309,0.40969]]],"btipPosition":[66.7973,172.983,-48.429],"carpPosition":[74.7781,163.376,60.7275],"dipPosition":[81.3286,175.527,-41.8036],"direction":[-0.673895,-0.0896235,-0.733371],"extended":false,"handId":112,"id":1123,"length":55.7658,"mcpPosition":[99.1878,175.459,14.3519],"pipPosition":[97.4869,177.676,-24.2193],"stabilizedTipPosition":[72.2023,172.362,-44.8308],"timeVisible":4.41079,"tipPosition":[67.1833,172.968,-44.8868],"tipVelocity":[-9.79425,84.6012,-61.2488],"tool":false,"touchDistance":-0.321739,"touchZone":"touching","type":3,"width":15.751},{"bases":[[[0.0348573,-0.993718,-0.106349],[0.842201,-0.0280813,0.538432],[-0.538036,-0.108335,0.835931]],[[-0.0614837,-0.99713,0.044167],[0.939795,-0.0727386,-0.333909],[0.336163,0.020978,0.94157]],[[-0.0614837,-0.99713,0.044167],[0.270032,-0.0592183,-0.961029],[0.960886,-0.0471611,0.272898]],[[-0.0614837,-0.99713,0.044167],[-0.187011,-0.0319585,-0.981838],[0.980432,-0.0686268,-0.184509]]],"btipPosition":[59.516,158.346,-15.3064],"carpPosition":[73.9119,151.772,56.9951],"dipPosition":[74.1433,157.322,-18.0591],"direction":[-0.960886,0.0471611,-0.272898],"extended":false,"handId":112,"id":1124,"length":43.7194,"mcpPosition":[100.699,157.166,15.3776],"pipPosition":[90.4102,156.524,-13.4392],"stabilizedTipPosition":[62.8062,158.178,-12.8387],"timeVisible":4.41079,"tipPosition":[66.4386,159.805,-17.0387],"tipVelocity":[-8.32005,68.0097,-68.1214],"tool":false,"touchDistance":-0.25323,"touchZone":"touching","type":4,"width":13.9913}],"r":[[0.995121,-0.0234658,0.0958325],[0.0336544,0.993783,-0.106126],[-0.0927464,0.108833,0.989724]],"s":0.968437,"t":[-66.3693,50.6965,-21.3398],"timestamp":629945997685},{"currentFrameRate":55.1854,"devices":[],"gestures":[],"hands":[{"armBasis":[[0.550866,-0.708735,-0.440728],[0.831089,0.417486,0.367419],[-0.0764055,-0.568683,0.819001]],"armWidth":55.2734,"confidence":1,"direction":[0.508905,0.39291,-0.765923],"elbow":[38.7466,20.1872,267.301],"grabAngle":1.42453,"grabStrength":0,"id":112,"palmNormal":[-0.709521,-0.312366,-0.63167],"palmPosition":[79.8158,183.912,25.2496],"palmVelocity":[-49.1383,82.7576,-57.8482],"palmWidth":78.1236,"pinchDistance":57.0088,"pinchStrength":0,"r":[[0.995128,-0.0130516,0.0977192],[0.0233719,0.994174,-0.105224],[-0.0957765,0.106996,0.989636]],"s":0.96724,"sphereCenter":[54.0519,166.91,-24.9647],"sphereRadius":57.8125,"stabilizedPalmPosition":[82.3125,181.855,29.4877],"t":[-67.1799,51.8631,-22.2566],"timeVisible":4.42916,"type":"right","wrist":[56.459,152.02,77.4396]}],"id":41234,"interactionBox":{"center":[0,200,0],"size":[235.247,235.247,147.751]},"pointables":[{"bases":[[[0.930062,0.00802575,0.367314],[-0.273587,0.682421,0.677829],[-0.245223,-0.730916,0.636889]],[[0.952612,0.289663,0.0928708],[-0.280753,0.719733,0.634951],[0.11708,-0.630936,0.76695]],[[0.952612,0.289663,0.0928708],[-0.297643,0.824629,0.481036],[0.0627543,-0.485883,0.871768]],[[0.952612,0.289663,0.0928708],[-0.300402,0.847828,0.436974],[0.0478367,-0.444165,0.894667]]],"btipPosition":[34.1984,228.69,-15.0756],"carpPosition":[42.0373,178.312,61.6453],"dipPosition":[35.1675,219.693,3.04758],"direction":[-0.0627543,0.485883,-0.871768],"extended":true,"handId":112,"id":1120,"length":45.1091,"mcpPosition":[42.0373,178.312,61.6453],"pipPosition":[37.0194,205.353,28.7746],"stabilizedTipPosition":[40.2958,227.582,-5.72612],"timeVisible":4.42916,"tipPosition":[34.8806,229.261,-9.02458],"tipVelocity":[-81.8019,20.2332,-76.0834],"tool":false,"touchDistance":0.196084,"touchZone":"hovering","type":0,"width":17.6444},{"bases":[[[0.565964,-0.786649,-0.246712],[0.76395,0.387909,0.515661],[-0.309943,-0.480322,0.820504]],[[0.560697,-0.79458,-0.232942],[0.790653,0.43021,0.435646],[-0.245942,-0.428441,0.869454]],[[0.560697,-0.79458,-0.232942],[0.826252,0.555285,0.0946915],[0.0541093,-0.245562,0.96787]],[[0.560697,-0.79458,-0.232942],[0.792836,0.596325,-0.125728],[0.23881,-0.11419,0.964329]]],"btipPosition":[86.06,234.275,-54.2855],"carpPosition":[62,181.177,64.3836],"dipPosition":[89.5916,232.586,-40.0247],"direction":[-0.0541093,0.245562,-0.96787],"extended":true,"handId":112,"id":1121,"length":50.9006,"mcpPosition":[81.578,211.517,12.5552],"pipPosition":[90.7236,227.449,-19.7763],"stabilizedTipPosition":[89.4436,231.725,-49.3283],"timeVisible":4.42916,"tipPosition":[81.8138,230.345,-50.6818],"tipVelocity":[-93.8012,88.7755,-61.5736],"tool":false,"touchDistance":-0.339398,"touchZone":"touching","type":1,"width":16.8539},{"bases":[[[0.380304,-0.898836,-0.217859],[0.841645,0.238693,0.484417],[-0.38341,-0.367586,0.847276]],[[0.35187,-0.922852,-0.156624],[0.907883,0.295733,0.297137],[-0.227894,-0.24675,0.941902]],[[0.35187,-0.922852,-0.156624],[0.913429,0.375088,-0.157977],[0.204537,-0.0874777,0.974942]],[[0.35187,-0.922852,-0.156624],[0.789449,0.382483,-0.480079],[0.502948,0.0452786,0.86313]]],"btipPosition":[88.4524,207.49,-65.9431],"carpPosition":[69.1924,173.76,62.142],"dipPosition":[96.633,208.226,-51.904],"direction":[-0.204537,0.0874777,-0.974942],"extended":true,"handId":112,"id":1122,"length":57.9972,"mcpPosition":[92.1596,195.779,11.3881],"pipPosition":[101.667,206.073,-27.9078],"stabilizedTipPosition":[92.3127,205.458,-61.1249],"timeVisible":4.42916,"tipPosition":[87.3107,206.828,-61.5916],"tipVelocity":[-67.4688,87.1129,-57.7809],"tool":false,"touchDistance":-0.337544,"touchZone":"touching","type":2,"width":16.5528},{"bases":[[[0.2552,-0.958552,-0.126695],[0.854014,0.162026,0.494376],[-0.453358,-0.234364,0.859965]],[[0.220804,-0.973318,-0.062436],[0.974444,0.222864,-0.0281345],[0.0412985,-0.0546282,0.997652]],[[0.220804,-0.973318,-0.062436],[0.70991,0.204284,-0.674015],[0.668785,0.104501,0.736075]],[[0.220804,-0.973318,-0.062436],[0.392285,0.147237,-0.907983],[0.892949,0.175993,0.414329]]],"btipPosition":[66.414,174.134,-49.5491],"carpPosition":[74.1049,164.769,59.633],"dipPosition":[80.8547,176.98,-42.8486],"direction":[-0.668785,-0.104501,-0.736075],"extended":false,"handId":112,"id":1123,"length":55.7658,"mcpPosition":[98.4875,177.373,13.382],"pipPosition":[96.8904,179.486,-25.1995],"stabilizedTipPosition":[71.8876,172.671,-45.2361],"timeVisible":4.42916,"tipPosition":[66.863,174.222,-46.0321],"tipVelocity":[-21.9957,66.4196,-60.0273],"tool":false,"touchDistance":-0.33444,"touchZone":"touching","type":3,"width":15.751},{"bases":[[[0.0563746,-0.992741,-0.106243],[0.83988,-0.010383,0.542673],[-0.539837,-0.119825,0.833197]],[[-0.0384447,-0.998444,0.0403965],[0.942772,-0.0496414,-0.329721],[0.331214,0.0254087,0.943214]],[[-0.0384447,-0.998444,0.0403965],[0.275261,-0.0494439,-0.960097],[0.960601,-0.0257911,0.276733]],[[-0.0384447,-0.998444,0.0403965],[-0.183863,-0.0326682,-0.982409],[0.9822,-0.0451958,-0.182321]]],"btipPosition":[59.3265,159.449,-16.4179],"carpPosition":[73.5028,153.15,55.8954],"dipPosition":[73.9802,158.775,-19.1379],"direction":[-0.960601,0.0257911,-0.276733],"extended":false,"handId":112,"id":1124,"length":43.7194,"mcpPosition":[100.379,159.116,14.414],"pipPosition":[90.2422,158.338,-14.4531],"stabilizedTipPosition":[62.8039,158.202,-12.9279],"timeVisible":4.42916,"tipPosition":[66.2214,161.03,-18.1703],"tipVelocity":[-9.98618,64.4155,-60.0921],"tool":false,"touchDistance":-0.27163,"touchZone":"touching","type":4,"width":13.9913}],"r":[[0.995128,-0.0130516,0.0977192],[0.0233719,0.994174,-0.105224],[-0.0957765,0.106996,0.989636]],"s":0.96724,"t":[-67.1799,51.8631,-22.2566],"timestamp":629946016056},{"currentFrameRate":55.2875,"devices":[],"gestures":[],"hands":[{"armBasis":[[0.5639,-0.69784,-0.441628],[0.82325,0.432664,0.367506],[-0.0653837,-0.570807,0.818477]],"armWidth":55.2734,"confidence":1,"direction":[0.503717,0.406696,-0.762147],"elbow":[40.7718,21.0135,265.934],"grabAngle":1.41848,"grabStrength":0,"id":112,"palmNormal":[-0.701504,-0.322299,-0.635622],"palmPosition":[78.8121,185.921,24.223],"palmVelocity":[-56.5956,113.268,-57.8867],"palmWidth":78.1236,"pinchDistance":56.6404,"pinchStrength":0,"r":[[0.995001,-0.00105235,0.0998571],[0.0114313,0.994572,-0.103423],[-0.0992062,0.104048,0.989612]],"s":0.966098,"sphereCenter":[53.4798,168.009,-26.4451],"sphereRadius":58.2521,"stabilizedPalmPosition":[81.8409,182.403,28.7784],"t":[-68.087,53.4507,-23.2283],"timeVisible":4.44689,"type":"right","wrist":[55.9291,153.338,76.194]}],"id":41235,"interactionBox":{"center":[0,200,0],"size":[235.247,235.247,147.751]},"pointables":[{"bases":[[[0.928602,0.023654,0.370322],[-0.288592,0.673374,0.680649],[-0.233265,-0.738924,0.632122]],[[0.946764,0.306624,0.0980773],[-0.297003,0.714398,0.633581],[0.124205,-0.628981,0.767435]],[[0.946764,0.306624,0.0980773],[-0.314588,0.81651,0.484094],[0.0683538,-0.489177,0.869502]],[[0.946764,0.306624,0.0980773],[-0.317973,0.843075,0.433724],[0.0503038,-0.441821,0.895692]]],"btipPosition":[32.675,229.749,-16.2287],"carpPosition":[41.0345,179.405,60.4669],"dipPosition":[33.694,220.799,1.91526],"direction":[-0.0683538,0.489177,-0.869502],"extended":true,"handId":112,"id":1120,"length":45.1091,"mcpPosition":[41.0345,179.405,60.4669],"pipPosition":[35.7112,206.363,27.5754],"stabilizedTipPosition":[39.9612,227.587,-6.01287],"timeVisible":4.44689,"tipPosition":[33.1244,230.523,-10.0008],"tipVelocity":[-85.2581,60.3321,-64.752],"tool":false,"touchDistance":0.176946,"touchZone":"hovering","type":0,"width":17.6444},{"bases":[[[0.581562,-0.774402,-0.249172],[0.754847,0.399497,0.5202],[-0.3033,-0.490615,0.816888]],[[0.57651,-0.782344,-0.235743],[0.782322,0.44524,0.435584],[-0.235815,-0.435545,0.86873]],[[0.57651,-0.782344,-0.235743],[0.815223,0.570225,0.101263],[0.0552036,-0.250562,0.966525]],[[0.57651,-0.782344,-0.235743],[0.780223,0.612775,-0.125538],[0.242671,-0.111558,0.963673]]],"btipPosition":[84.1144,236.711,-55.0915],"carpPosition":[60.9306,182.633,63.2845],"dipPosition":[87.7031,235.062,-40.8403],"direction":[-0.0552036,0.250562,-0.966525],"extended":true,"handId":112,"id":1121,"length":50.9006,"mcpPosition":[80.089,213.624,11.6845],"pipPosition":[88.858,229.82,-20.62],"stabilizedTipPosition":[87.0017,234.223,-50.6759],"timeVisible":4.44689,"tipPosition":[80.2417,232.858,-51.4543],"tipVelocity":[-108.968,137.887,-45.5726],"tool":false,"touchDistance":-0.345914,"touchZone":"touching","type":1,"width":16.8539},{"bases":[[[0.397977,-0.890248,-0.221523],[0.835458,0.251955,0.488393],[-0.378978,-0.379442,0.844038]],[[0.370434,-0.914656,-0.161815],[0.900747,0.311195,0.303007],[-0.226791,-0.257998,0.93915]],[[0.370434,-0.914656,-0.161815],[0.908601,0.392999,-0.141411],[0.192935,-0.0946421,0.976637]],[[0.370434,-0.914656,-0.161815],[0.794848,0.402283,-0.454297],[0.480621,0.0396685,0.876031]]],"btipPosition":[87.8666,210.543,-67.0023],"carpPosition":[68.2695,175.366,61.0257],"dipPosition":[95.6841,211.189,-52.7533],"direction":[-0.192935,0.0946421,-0.976637],"extended":true,"handId":112,"id":1122,"length":57.9972,"mcpPosition":[90.9712,198.096,10.4657],"pipPosition":[100.433,208.859,-28.7153],"stabilizedTipPosition":[90.9443,208.163,-62.4685],"timeVisible":4.44689,"tipPosition":[86.2841,209.503,-62.5197],"tipVelocity":[-37.7419,171.005,-57.0016],"tool":false,"touchDistance":-0.347286,"touchZone":"touching","type":2,"width":16.5528},{"bases":[[[0.273749,-0.952827,-0.131084],[0.84925,0.175483,0.497976],[-0.451482,-0.247644,0.857226]],[[0.240178,-0.968318,-0.0683722],[0.970266,0.241641,-0.013883],[0.0299647,-0.0630048,0.997563]],[[0.240178,-0.968318,-0.0683722],[0.714236,0.223977,-0.6631],[0.657405,0.110428,0.745402]],[[0.240178,-0.968318,-0.0683722],[0.406132,0.164209,-0.898939],[0.881686,0.188137,0.432705]]],"btipPosition":[66.4611,176.549,-51.0686],"carpPosition":[73.3595,166.484,58.4835],"dipPosition":[80.7196,179.592,-44.071],"direction":[-0.657405,-0.110428,-0.745402],"extended":false,"handId":112,"id":1123,"length":55.7658,"mcpPosition":[97.6413,179.803,12.3798],"pipPosition":[96.4825,182.239,-26.1982],"stabilizedTipPosition":[71.4431,173.619,-46.1104],"timeVisible":4.44689,"tipPosition":[66.4306,176.419,-47.2606],"tipVelocity":[0.290715,138.719,-81.832],"tool":false,"touchDistance":-0.351097,"touchZone":"touching","type":3,"width":15.751},{"bases":[[[0.0755462,-0.990894,-0.111454],[0.838244,0.00257464,0.54529],[-0.540037,-0.13462,0.830805]],[[-0.011805,-0.999669,0.0228672],[0.944514,-0.0186552,-0.32794],[0.328258,0.0177271,0.944422]],[[-0.011805,-0.999669,0.0228672],[0.279351,-0.0252553,-0.959857],[0.960116,-0.00494311,0.279557]],[[-0.011805,-0.999669,0.0228672],[-0.189977,-0.02021,-0.98158],[0.981717,-0.0159318,-0.189676]]],"btipPosition":[58.9293,161.358,-17.4883],"carpPosition":[72.9898,154.877,54.6809],"dipPosition":[73.5758,161.12,-20.3181],"direction":[-0.960116,0.00494311,-0.279557],"extended":false,"handId":112,"id":1124,"length":43.7194,"mcpPosition":[99.876,161.579,13.3186],"pipPosition":[89.8297,161.036,-15.5854],"stabilizedTipPosition":[62.7759,158.374,-13.2166],"timeVisible":4.44689,"tipPosition":[65.7549,163.007,-19.3517],"tipVelocity":[-22.4906,113.297,-61.7817],"tool":false,"touchDistance":-0.289235,"touchZone":"touching","type":4,"width":13.9913}],"r":[[0.995001,-0.00105235,0.0998571],[0.0114313,0.994572,-0.103423],[-0.0992062,0.104048,0.989612]],"s":0.966098,"t":[-68.087,53.4507,-23.2283],"timestamp":629946033790},{"currentFrameRate":55.2881,"devices":[],"gestures":[],"hands":[{"armBasis":[[0.587065,-0.682371,-0.435574],[0.807757,0.458067,0.371084],[-0.0536951,-0.569689,0.820105]],"armWidth":55.2734,"confidence":1,"direction":[0.495854,0.434167,-0.752082],"elbow":[43.0671,22.8544,264.526],"grabAngle":1.41249,"grabStrength":0,"id":112,"palmNormal":[-0.685019,-0.336737,-0.646032],"palmPosition":[77.7115,188.843,23.0027],"palmVelocity":[-60.8583,161.586,-67.4754],"palmWidth":78.1236,"pinchDistance":58.1814,"pinchStrength":0,"r":[[0.994539,0.0149676,0.103291],[-0.0046698,0.995054,-0.0992267],[-0.104265,0.0982024,0.989689]],"s":0.965193,"sphereCenter":[53.2538,170.251,-28.4422],"sphereRadius":58.7554,"stabilizedPalmPosition":[80.6891,184.199,27.1674],"t":[-69.0909,55.7057,-24.3243],"timeVisible":4.46498,"type":"right","wrist":[55.5147,154.92,74.4088]}],"id":41236,"interactionBox":{"center":[0,200,0],"size":[235.247,235.247,147.751]},"pointables":[{"bases":[[[0.924232,0.0496922,0.378584],[-0.316715,0.653581,0.687403],[-0.213277,-0.755223,0.619799]],[[0.935124,0.336523,0.110885],[-0.326735,0.69794,0.637278],[0.137068,-0.632164,0.762615]],[[0.935124,0.336523,0.110885],[-0.345914,0.799318,0.49136],[0.0767216,-0.497839,0.863869]],[[0.935124,0.336523,0.110885],[-0.350226,0.830453,0.433231],[0.0537076,-0.44396,0.894436]]],"btipPosition":[30.6558,231.326,-17.4705],"carpPosition":[39.8825,180.547,58.8268],"dipPosition":[31.7438,222.333,0.64795],"direction":[-0.0767216,0.497839,-0.863869],"extended":true,"handId":112,"id":1120,"length":45.1091,"mcpPosition":[39.8825,180.547,58.8268],"pipPosition":[34.0079,207.641,26.1419],"stabilizedTipPosition":[39.3246,227.704,-6.52539],"timeVisible":4.46498,"tipPosition":[30.8237,232.277,-11.0534],"tipVelocity":[-110.77,86.6466,-68.9916],"tool":false,"touchDistance":0.160145,"touchZone":"hovering","type":0,"width":17.6444},{"bases":[[[0.609417,-0.750769,-0.254865],[0.736657,0.417312,0.532153],[-0.293166,-0.512051,0.807377]],[[0.605688,-0.757141,-0.244705],[0.764255,0.467954,0.443772],[-0.221487,-0.455804,0.862082]],[[0.605688,-0.757141,-0.244705],[0.793592,0.597189,0.116518],[0.0579151,-0.264769,0.962571]],[[0.605688,-0.757141,-0.244705],[0.757169,0.642967,-0.115276],[0.244618,-0.115462,0.96272]]],"btipPosition":[81.56,240.944,-55.5715],"carpPosition":[59.6346,184.403,61.8597],"dipPosition":[85.1775,239.236,-41.3344],"direction":[-0.0579151,0.264769,-0.962571],"extended":true,"handId":112,"id":1121,"length":50.9006,"mcpPosition":[78.1529,216.748,10.8605],"pipPosition":[86.3891,233.697,-21.1968],"stabilizedTipPosition":[83.0622,239.631,-52.0612],"timeVisible":4.46498,"tipPosition":[78.2679,236.954,-52.0091],"tipVelocity":[-140.882,233.288,-26.7183],"tool":false,"touchDistance":-0.346904,"touchZone":"touching","type":1,"width":16.8539},{"bases":[[[0.429635,-0.873114,-0.230402],[0.822466,0.273034,0.499001],[-0.372777,-0.403886,0.835412]],[[0.40386,-0.89807,-0.174263],[0.886039,0.336585,0.318819],[-0.227668,-0.283161,0.931658]],[[0.40386,-0.89807,-0.174263],[0.897475,0.425866,-0.11479],[0.177302,-0.110037,0.977986]],[[0.40386,-0.89807,-0.174263],[0.79379,0.438702,-0.421234],[0.454747,0.0317918,0.890053]]],"btipPosition":[87.301,215.619,-67.8963],"carpPosition":[67.2331,177.42,59.5636],"dipPosition":[94.6976,216.136,-53.4193],"direction":[-0.177302,0.110037,-0.977986],"extended":true,"handId":112,"id":1122,"length":57.9972,"mcpPosition":[89.5633,201.614,9.5204],"pipPosition":[99.0616,213.427,-29.3481],"stabilizedTipPosition":[89.2656,214.71,-64.2821],"timeVisible":4.46498,"tipPosition":[85.2822,213.98,-63.3991],"tipVelocity":[-36.6276,278.995,-46.5342],"tool":false,"touchDistance":-0.353514,"touchZone":"touching","type":2,"width":16.5528},{"bases":[[[0.306864,-0.941114,-0.14191],[0.838758,0.196942,0.507641],[-0.4498,-0.274805,0.849801]],[[0.275197,-0.957788,-0.0831195],[0.96133,0.275101,0.012839],[0.0105692,-0.0834385,0.996457]],[[0.275197,-0.957788,-0.0831195],[0.722874,0.263147,-0.638911],[0.633814,0.115742,0.764777]],[[0.275197,-0.957788,-0.0831195],[0.429628,0.199865,-0.88061],[0.86005,0.206631,0.466495]]],"btipPosition":[67.3178,180.641,-53.1784],"carpPosition":[72.641,168.751,56.9426],"dipPosition":[81.2264,183.983,-45.6343],"direction":[-0.633814,-0.115742,-0.764777],"extended":false,"handId":112,"id":1123,"length":55.7658,"mcpPosition":[96.8323,183.531,11.2383],"pipPosition":[96.4236,186.758,-27.297],"stabilizedTipPosition":[71.0101,177.261,-48.6033],"timeVisible":4.46498,"tipPosition":[66.5717,180.055,-48.9217],"tipVelocity":[42.9205,230.062,-109.711],"tool":false,"touchDistance":-0.374083,"touchZone":"touching","type":3,"width":15.751},{"bases":[[[0.109908,-0.986112,-0.124514],[0.833219,0.0231097,0.55246],[-0.541909,-0.164467,0.824187]],[[0.0313153,-0.999495,-0.00542016],[0.946928,0.0314031,-0.319908],[0.319917,0.00488551,0.947433]],[[0.0313153,-0.999495,-0.00542016],[0.279987,0.0139777,-0.959902],[0.959493,0.028542,0.280283]],[[0.0313153,-0.999495,-0.00542016],[-0.200803,-0.000978948,-0.979631],[0.979131,0.0317658,-0.200732]]],"btipPosition":[59.032,164.275,-18.8026],"carpPosition":[72.6948,157.193,52.9766],"dipPosition":[73.6399,164.749,-21.7974],"direction":[-0.959493,-0.028542,-0.280283],"extended":false,"handId":112,"id":1124,"length":43.7194,"mcpPosition":[99.6742,165.381,11.9437],"pipPosition":[89.8832,165.232,-17.0525],"stabilizedTipPosition":[62.7157,159.315,-14.1993],"timeVisible":4.46498,"tipPosition":[65.711