{"frames":56,"data":[{"currentFrameRate":107.804,"devices":[],"gestures":[],"hands":[{"armBasis":[[-0.926759,-0.300868,0.224937],[-0.0419644,-0.512119,-0.857889],[0.373305,-0.804495,0.461985]],"armWidth":59.0231,"confidence":1,"direction":[0.0405255,0.984331,-0.171612],"elbow":[150.814,-129.261,120.357],"grabAngle":0.754861,"grabStrength":0,"id":109,"palmNormal":[0.0293873,0.170504,0.984919],"palmPosition":[66.9492,128.569,-1.12066],"palmVelocity":[-11.8229,273.704,3.96295],"palmWidth":80.6694,"pinchDistance":52.2259,"pinchStrength":0,"r":[[0.680796,-0.120525,-0.722489],[0.0997352,0.992436,-0.0715774],[0.725651,-0.0233279,0.687667]],"s":1.37716,"sphereCenter":[66.9296,162.018,87.7765],"sphereRadius":98.5086,"stabilizedPalmPosition":[66.9605,120.503,-2.68002],"t":[-4.91159,-25.3202,-2.72861],"timeVisible":1.77782,"type":"right","wrist":[61.4545,63.3151,9.76938]}],"id":138676,"interactionBox":{"center":[0,200,0],"size":[235.247,235.247,147.751]},"pointables":[{"bases":[[[-0.42027,0.057662,-0.905565],[0.774827,-0.496583,-0.391215],[-0.472246,-0.866072,0.164021]],[[-0.278602,0.287273,-0.916436],[0.671438,-0.62401,-0.399728],[-0.686697,-0.726695,-0.0190351]],[[-0.278602,0.287273,-0.916436],[0.901442,-0.250981,-0.352718],[-0.331334,-0.924382,-0.189036]],[[-0.278602,0.287273,-0.916436],[0.821151,0.56613,-0.0721716],[0.498089,-0.772639,-0.393619]]],"btipPosition":[113.627,153.662,27.2502],"carpPosition":[83.5481,78.605,12.8666],"dipPosition":[123.709,138.023,19.2832],"direction":[0.331334,0.924382,0.189036],"extended":true,"handId":109,"id":1090,"length":45.0726,"mcpPosition":[83.5481,78.605,12.8666],"pipPosition":[113.938,110.765,13.709],"stabilizedTipPosition":[116.757,144.427,25.3569],"timeVisible":1.77782,"tipPosition":[115.552,152.288,27.9504],"tipVelocity":[-157.117,329.367,63.5812],"tool":false,"touchDistance":0.333333,"touchZone":"none","type":0,"width":19.1104},{"bases":[[[-0.977763,0.20959,-0.00710946],[0.00173948,-0.0257945,-0.999666],[-0.209704,-0.977449,0.0248563]],[[-0.975437,0.220157,-0.00737807],[-0.00117337,-0.0386864,-0.999251],[-0.220278,-0.974697,0.0379944]],[[-0.975437,0.220157,-0.00737807],[0.0832999,0.337651,-0.937578],[-0.203923,-0.915163,-0.347696]],[[-0.975437,0.220157,-0.00737807],[0.165239,0.709144,-0.685427],[-0.14567,-0.66981,-0.728104]]],"btipPosition":[104.559,214.306,9.3158],"carpPosition":[76.2815,85.3088,-5.67808],"dipPosition":[102.407,204.409,-1.44294],"direction":[0.203923,0.915163,0.347696],"extended":true,"handId":109,"id":1091,"length":50.8594,"mcpPosition":[89.9595,149.063,-7.29934],"pipPosition":[98.1441,185.278,-8.71105],"stabilizedTipPosition":[104.719,206.49,7.49878],"timeVisible":1.77782,"tipPosition":[97.3458,210.983,14.0865],"tipVelocity":[-60.6765,317.277,10.8518],"tool":false,"touchDistance":0.333333,"touchZone":"none","type":1,"width":18.2543},{"bases":[[[-0.98298,0.0769123,0.166838],[-0.168193,-0.0114428,-0.985688],[-0.0739024,-0.996972,0.0241842]],[[-0.985529,0.0233003,0.167895],[-0.168009,-0.00299388,-0.985781],[-0.0224664,-0.999724,0.00686522]],[[-0.985529,0.0233003,0.167895],[-0.152355,0.312373,-0.937663],[-0.0742937,-0.949674,-0.304302]],[[-0.985529,0.0233003,0.167895],[-0.116917,0.623724,-0.772851],[-0.122728,-0.781298,-0.611974]]],"btipPosition":[75.164,227.438,8.371],"carpPosition":[65.8346,88.0437,-7.27654],"dipPosition":[73.1694,214.741,-1.57489],"direction":[0.0742937,0.949674,0.304302],"extended":true,"handId":109,"id":1092,"length":57.9502,"mcpPosition":[70.4058,149.711,-8.77244],"pipPosition":[71.3423,191.385,-9.05862],"stabilizedTipPosition":[75.7685,216.614,5.88295],"timeVisible":1.77782,"tipPosition":[73.8061,223.547,10.0946],"tipVelocity":[-71.0429,270.052,99.3168],"tool":false,"touchDistance":0.333333,"touchZone":"none","type":2,"width":17.9281},{"bases":[[[-0.967647,-0.0699964,0.242406],[-0.240262,-0.037694,-0.969976],[0.0770321,-0.996835,0.019657]],[[-0.959104,-0.144825,0.243197],[-0.248657,0.0205926,-0.968373],[0.135236,-0.989243,-0.0557621]],[[-0.959104,-0.144825,0.243197],[-0.277117,0.305391,-0.911012],[0.0576667,-0.941149,-0.333035]],[[-0.959104,-0.144825,0.243197],[-0.276374,0.6647,-0.694112],[-0.0611289,-0.732939,-0.677543]]],"btipPosition":[45.2029,217.569,13.7174],"carpPosition":[55.1004,89.5933,-6.27272],"dipPosition":[44.2152,205.726,2.76915],"direction":[-0.0576667,0.941149,0.333035],"extended":true,"handId":109,"id":1093,"length":55.7206,"mcpPosition":[50.8224,144.953,-7.36437],"pipPosition":[45.5968,183.178,-5.20967],"stabilizedTipPosition":[47.5958,207.255,6.90772],"timeVisible":1.77782,"tipPosition":[45.6831,215.98,9.61825],"tipVelocity":[-84.406,231.522,106.969],"tool":false,"touchDistance":0.333333,"touchZone":"none","type":3,"width":17.0597},{"bases":[[[-0.899138,-0.177702,0.399965],[-0.380086,-0.136041,-0.914892],[0.21699,-0.974636,0.0547778]],[[-0.878211,-0.257376,0.403118],[-0.396915,-0.0780513,-0.914531],[0.266842,-0.963154,-0.0336109]],[[-0.878211,-0.257376,0.403118],[-0.448501,0.150439,-0.88103],[0.166111,-0.954529,-0.247551]],[[-0.878211,-0.257376,0.403118],[-0.477204,0.527904,-0.702563],[-0.0319849,-0.809367,-0.586431]]],"btipPosition":[23.0404,196.924,11.9829],"carpPosition":[44.6886,89.1552,0.84172],"dipPosition":[22.5636,184.859,3.24092],"direction":[-0.166111,0.954529,0.247551],"extended":true,"handId":109,"id":1094,"length":43.6839,"mcpPosition":[33.5335,139.259,-1.97431],"pipPosition":[25.3734,168.713,-0.946479],"stabilizedTipPosition":[26.0487,186.548,4.98415],"timeVisible":1.77782,"tipPosition":[24.5667,195.174,7.74669],"tipVelocity":[-61.2667,209.976,123.993],"tool":false,"touchDistance":0.333333,"touchZone":"none","type":4,"width":15.1538}],"r":[[0.680796,-0.120525,-0.722489],[0.0997352,0.992436,-0.0715774],[0.725651,-0.0233279,0.687667]],"s":1.37716,"t":[-4.91159,-25.3202,-2.72861],"timestamp":7996788632},{"currentFrameRate":107.846,"devices":[],"gestures":[],"hands":[{"armBasis":[[-0.924795,-0.306097,0.22596],[-0.0393743,-0.513717,-0.857056],[0.378422,-0.801498,0.463031]],"armWidth":59.0231,"confidence":1,"direction":[0.0359775,0.985448,-0.166127],"elbow":[152.115,-126.296,120.419],"grabAngle":0.757269,"grabStrength":0,"id":109,"palmNormal":[0.0281798,0.165168,0.985863],"palmPosition":[66.7048,130.877,-1.00281],"palmVelocity":[-26.5722,250.943,12.8133],"palmWidth":80.6694,"pinchDistance":51.8863,"pinchStrength":0,"r":[[0.683415,-0.115988,-0.720757],[0.0938233,0.993065,-0.0708465],[0.723976,-0.0192063,0.689558]],"s":1.37351,"sphereCenter":[67.3201,163.355,89.5148],"sphereRadius":99.4268,"stabilizedPalmPosition":[66.899,122.997,-2.27677],"t":[-5.09144,-23.1526,-2.6562],"timeVisible":1.78702,"type":"right","wrist":[61.5297,65.5625,9.58052]}],"id":138677,"interactionBox":{"center":[0,200,0],"size":[235.247,235.247,147.751]},"pointables":[{"bases":[[[-0.420161,0.0607185,-0.905416],[0.77731,-0.490764,-0.393625],[-0.468245,-0.869175,0.159003]],[[-0.27906,0.291787,-0.914869],[0.679516,-0.613173,-0.402836],[-0.678515,-0.734084,-0.0271621]],[[-0.27906,0.291787,-0.914869],[0.909483,-0.22543,-0.349316],[-0.308165,-0.929538,-0.202467]],[[-0.27906,0.291787,-0.914869],[0.819149,0.569509,-0.0682242],[0.501119,-0.768452,-0.397945]]],"btipPosition":[112.504,156.366,27.9411],"carpPosition":[83.5322,80.9146,12.7141],"dipPosition":[122.647,140.812,19.8865],"direction":[0.308165,0.929538,0.202467],"extended":true,"handId":109,"id":1090,"length":45.0726,"mcpPosition":[83.5322,80.9146,12.7141],"pipPosition":[113.56,113.402,13.9162],"stabilizedTipPosition":[116.001,147.721,25.6451],"timeVisible":1.78702,"tipPosition":[115.164,154.554,28.0979],"tipVelocity":[-120.512,296.092,72.9187],"tool":false,"touchDistance":0.333333,"touchZone":"none","type":0,"width":19.1104},{"bases":[[[-0.978733,0.205039,-0.00637552],[0.00227377,-0.0202342,-0.999793],[-0.205125,-0.978545,0.0193376]],[[-0.975896,0.218136,-0.00663414],[-0.000338961,-0.0319138,-0.999491],[-0.218237,-0.975396,0.0312185]],[[-0.975896,0.218136,-0.00663414],[0.0813297,0.335307,-0.938592],[-0.202516,-0.916507,-0.344966]],[[-0.975896,0.218136,-0.00663414],[0.163022,0.708442,-0.686684],[-0.145091,-0.671213,-0.726926]]],"btipPosition":[104.107,216.831,9.73493],"carpPosition":[76.2419,87.6872,-5.79621],"dipPosition":[101.963,206.913,-1.00642],"direction":[0.202516,0.916507,0.344966],"extended":true,"handId":109,"id":1091,"length":50.8594,"mcpPosition":[89.6212,151.513,-7.0575],"pipPosition":[97.7299,187.754,-8.21745],"stabilizedTipPosition":[104.299,209.555,7.40966],"timeVisible":1.78702,"tipPosition":[96.8305,213.369,14.5436],"tipVelocity":[-48.9344,273.964,46.0017],"tool":false,"touchDistance":0.333333,"touchZone":"none","type":1,"width":18.2543},{"bases":[[[-0.983399,0.0713739,0.16683],[-0.167729,-0.00675745,-0.98581],[-0.0692338,-0.997427,0.0186168]],[[-0.985629,0.0214843,0.167551],[-0.167378,0.00962759,-0.985846],[-0.0227933,-0.999723,-0.00589323]],[[-0.985629,0.0214843,0.167551],[-0.152461,0.313958,-0.937116],[-0.0727374,-0.949194,-0.306171]],[[-0.985629,0.0214843,0.167551],[-0.117397,0.626081,-0.77087],[-0.121462,-0.779462,-0.614562]]],"btipPosition":[74.7783,229.763,9.22771],"carpPosition":[65.7829,90.3819,-7.38405],"dipPosition":[72.8043,217.095,-0.760242],"direction":[0.0727374,0.949194,0.306171],"extended":true,"handId":109,"id":1092,"length":57.9502,"mcpPosition":[70.0653,152.077,-8.53558],"pipPosition":[71.0155,193.752,-8.28992],"stabilizedTipPosition":[75.4484,218.883,6.11516],"timeVisible":1.78702,"tipPosition":[73.1407,225.847,10.6504],"tipVelocity":[-41.4183,253.478,92.0892],"tool":false,"touchDistance":0.333333,"touchZone":"none","type":2,"width":17.9281},{"bases":[[[-0.967408,-0.0758786,0.241588],[-0.239682,-0.0334332,-0.970276],[0.0817002,-0.996556,0.0141568]],[[-0.958942,-0.147905,0.241979],[-0.250389,0.0408834,-0.967282],[0.133173,-0.988156,-0.0762385]],[[-0.958942,-0.147905,0.241979],[-0.277815,0.318438,-0.90632],[0.0569938,-0.936334,-0.346454]],[[-0.958942,-0.147905,0.241979],[-0.277414,0.666454,-0.692012],[-0.0589155,-0.730728,-0.680121]]],"btipPosition":[44.9445,219.643,15.0736],"carpPosition":[55.0411,91.8756,-6.37636],"dipPosition":[43.9925,207.835,4.08369],"direction":[-0.0569938,0.936334,0.346454],"extended":true,"handId":109,"id":1093,"length":55.7206,"mcpPosition":[50.5039,147.219,-7.16256],"pipPosition":[45.358,185.403,-4.21663],"stabilizedTipPosition":[47.3032,208.241,7.48235],"timeVisible":1.78702,"tipPosition":[45.0082,218.061,10.3384],"tipVelocity":[-27.2024,226.344,146.405],"tool":false,"touchDistance":0.333333,"touchZone":"none","type":3,"width":17.0597},{"bases":[[[-0.89846,-0.184135,0.398577],[-0.379065,-0.132739,-0.9158],[0.221538,-0.973897,0.0494618]],[[-0.877534,-0.262511,0.401276],[-0.402548,-0.0514164,-0.913954],[0.260555,-0.963558,-0.0605539]],[[-0.877534,-0.262511,0.401276],[-0.453006,0.179461,-0.873258],[0.157227,-0.948094,-0.276402]],[[-0.877534,-0.262511,0.401276],[-0.477976,0.545846,-0.688179],[-0.0383798,-0.795701,-0.604473]]],"btipPosition":[23.1844,198.78,13.7264],"carpPosition":[44.6285,91.3491,0.730963],"dipPosition":[22.6123,186.919,4.71541],"direction":[-0.157227,0.948094,0.276402],"extended":true,"handId":109,"id":1094,"length":43.6839,"mcpPosition":[33.2397,141.415,-1.81178],"pipPosition":[25.2718,170.881,0.0399752],"stabilizedTipPosition":[25.8592,187.149,5.406],"timeVisible":1.78702,"tipPosition":[23.9253,197.132,8.50833],"tipVelocity":[13.2722,206.844,182.82],"tool":false,"touchDistance":0.333333,"touchZone":"none","type":4,"width":15.1538}],"r":[[0.683415,-0.115988,-0.720757],[0.0938233,0.993065,-0.0708465],[0.723976,-0.0192063,0.689558]],"s":1.37351,"t":[-5.09144,-23.1526,-2.6562],"timestamp":7996797830},{"currentFrameRate":108.357,"devices":[],"gestures":[],"hands":[{"armBasis":[[-0.922834,-0.31237,0.225394],[-0.0355317,-0.513612,-0.857286],[0.383556,-0.799142,0.46288]],"armWidth":59.0231,"confidence":1,"direction":[0.0319723,0.985808,-0.164804],"elbow":[153.435,-123.397,120.365],"grabAngle":0.761126,"grabStrength":0,"id":109,"palmNormal":[0.0256025,0.164027,0.986124],"palmPosition":[66.5044,133.241,-0.931169],"palmVelocity":[-24.1346,284.7,8.62677],"palmWidth":80.6694,"pinchDistance":51.7425,"pinchStrength":0,"r":[[0.685855,-0.111563,-0.719136],[0.0882455,0.993637,-0.0699857],[0.722368,-0.0154605,0.691335]],"s":1.36947,"sphereCenter":[67.1106,165.168,90.608],"sphereRadius":99.9529,"stabilizedPalmPosition":[66.7929,125.751,-1.91511],"t":[-5.28157,-20.8867,-2.58417],"timeVisible":1.79532,"type":"right","wrist":[61.6217,67.8976,9.56302]}],"id":138678,"interactionBox":{"center":[0,200,0],"size":[235.247,235.247,147.751]},"pointables":[{"bases":[[[-0.41872,0.0600382,-0.906128],[0.780191,-0.486851,-0.392783],[-0.464731,-0.871419,0.157013]],[[-0.276821,0.294369,-0.914722],[0.691197,-0.600295,-0.402358],[-0.667545,-0.743635,-0.0372931]],[[-0.276821,0.294369,-0.914722],[0.914356,-0.212045,-0.344949],[-0.295505,-0.931871,-0.21046]],[[-0.276821,0.294369,-0.914722],[0.820026,0.568603,-0.0651793],[0.500927,-0.768139,-0.398792]]],"btipPosition":[111.642,159.271,28.682],"carpPosition":[83.5246,83.3354,12.7539],"dipPosition":[121.781,143.724,20.6102],"direction":[0.295505,0.931871,0.21046],"extended":true,"handId":109,"id":1090,"length":45.0726,"mcpPosition":[83.5246,83.3354,12.7539],"pipPosition":[113.067,116.245,14.4043],"stabilizedTipPosition":[115.133,151.137,26.1507],"timeVisible":1.79532,"tipPosition":[114.761,157.02,28.214],"tipVelocity":[-103.961,350.113,88.7476],"tool":false,"touchDistance":0.333333,"touchZone":"none","type":0,"width":19.1104},{"bases":[[[-0.979608,0.20076,-0.00796],[0.00424199,-0.0189431,-0.999812],[-0.200873,-0.979457,0.0177052]],[[-0.976157,0.21691,-0.00825135],[0.00200379,-0.0290067,-0.999577],[-0.217058,-0.975761,0.0278805]],[[-0.976157,0.21691,-0.00825135],[0.0814275,0.330681,-0.940223],[-0.201215,-0.918477,-0.340458]],[[-0.976157,0.21691,-0.00825135],[0.162614,0.70557,-0.689731],[-0.143788,-0.674627,-0.724019]]],"btipPosition":[103.737,219.408,9.86291],"carpPosition":[76.2396,90.0997,-5.76155],"dipPosition":[101.613,209.439,-0.835475],"direction":[0.201215,0.918477,0.340458],"extended":true,"handId":109,"id":1091,"length":50.8594,"mcpPosition":[89.3415,153.985,-6.91637],"pipPosition":[97.4064,190.24,-7.9523],"stabilizedTipPosition":[103.877,212.59,7.4067],"timeVisible":1.79532,"tipPosition":[96.3533,215.865,14.6569],"tipVelocity":[-44.0181,308.957,16.6023],"tool":false,"touchDistance":0.333333,"touchZone":"none","type":1,"width":18.2543},{"bases":[[[-0.984014,0.0668537,0.165066],[-0.165845,-0.00622878,-0.986132],[-0.0648984,-0.997743,0.0172165]],[[-0.985952,0.0211877,0.16568],[-0.165347,0.0166227,-0.986095],[-0.0236471,-0.999637,-0.0128858]],[[-0.985952,0.0211877,0.16568],[-0.150386,0.31904,-0.935734],[-0.0726847,-0.947505,-0.311371]],[[-0.985952,0.0211877,0.16568],[-0.115524,0.629912,-0.768027],[-0.120637,-0.776378,-0.618615]]],"btipPosition":[74.5201,232.056,9.81796],"carpPosition":[65.7719,92.7506,-7.36568],"dipPosition":[72.5595,219.438,-0.235867],"direction":[0.0726847,0.947505,0.311371],"extended":true,"handId":109,"id":1092,"length":57.9502,"mcpPosition":[69.7862,154.466,-8.4306],"pipPosition":[70.7719,196.136,-7.89344],"stabilizedTipPosition":[75.1215,221.317,6.44465],"timeVisible":1.79532,"tipPosition":[72.556,228.256,10.74],"tipVelocity":[-30.7321,277.528,69.2555],"tool":false,"touchDistance":0.333333,"touchZone":"none","type":2,"width":17.9281},{"bases":[[[-0.967519,-0.0804231,0.239667],[-0.237709,-0.0332392,-0.970768],[0.0860385,-0.996206,0.0130423]],[[-0.95901,-0.150683,0.239989],[-0.250654,0.0560183,-0.966455],[0.132184,-0.986994,-0.0914913]],[[-0.95901,-0.150683,0.239989],[-0.277428,0.326695,-0.903495],[0.057738,-0.933041,-0.355108]],[[-0.95901,-0.150683,0.239989],[-0.277629,0.669264,-0.689209],[-0.0567638,-0.727586,-0.683664]]],"btipPosition":[44.6699,221.769,15.9895],"carpPosition":[55.0218,94.1959,-6.37635],"dipPosition":[43.7526,210.012,4.9423],"direction":[-0.057738,0.933041,0.355108],"extended":true,"handId":109,"id":1093,"length":55.7206,"mcpPosition":[50.2436,149.52,-7.10065],"pipPosition":[45.1359,187.659,-3.56534],"stabilizedTipPosition":[46.9794,209.473,8.16161],"timeVisible":1.79532,"tipPosition":[44.4076,220.249,10.6368],"tipVelocity":[-32.1113,257.469,108.705],"tool":false,"touchDistance":0.333333,"touchZone":"none","type":3,"width":17.0597},{"bases":[[[-0.898393,-0.188578,0.396648],[-0.376758,-0.133224,-0.916681],[0.225709,-0.97298,0.0486397]],[[-0.876615,-0.268504,0.399313],[-0.407047,-0.0287926,-0.912953],[0.256629,-0.962848,-0.0840538]],[[-0.876615,-0.268504,0.399313],[-0.455682,0.196613,-0.868157],[0.154594,-0.943,-0.294707]],[[-0.876615,-0.268504,0.399313],[-0.479624,0.5545,-0.680067],[-0.0388182,-0.787677,-0.614864]]],"btipPosition":[23.1109,200.771,14.9315],"carpPosition":[44.5983,93.6148,0.710653],"dipPosition":[22.5322,189.029,5.76562],"direction":[-0.154594,0.943,0.294707],"extended":true,"handId":109,"id":1094,"length":43.6839,"mcpPosition":[32.995,143.634,-1.78982],"pipPosition":[25.1472,173.078,0.780557],"stabilizedTipPosition":[25.6538,187.928,5.93476],"timeVisible":1.79532,"tipPosition":[23.3852,199.207,8.89251],"tipVelocity":[-9.03666,243.085,140.834],"tool":false,"touchDistance":0.333333,"touchZone":"none","type":4,"width":15.1538}],"r":[[0.685855,-0.111563,-0.719136],[0.0882455,0.993637,-0.0699857],[0.722368,-0.0154605,0.691335]],"s":1.36947,"t":[-5.28157,-20.8867,-2.58417],"timestamp":7996806134},{"currentFrameRate":108.744,"devices":[],"gestures":[],"hands":[{"armBasis":[[-0.920747,-0.318209,0.22576],[-0.0325741,-0.513919,-0.85722],[0.388797,-0.796637,0.462824]],"armWidth":59.0231,"confidence":1,"direction":[0.0315372,0.98679,-0.158905],"elbow":[154.623,-120.321,120.181],"grabAngle":0.765245,"grabStrength":0,"id":109,"palmNormal":[0.0224551,0.158245,0.987145],"palmPosition":[66.3442,135.755,-0.74456],"palmVelocity":[-18.8429,295.811,21.9565],"palmWidth":80.6694,"pinchDistance":51.7338,"pinchStrength":0,"r":[[0.688238,-0.107038,-0.717545],[0.0836332,0.994168,-0.0680851],[0.720648,-0.0131518,0.693176]],"s":1.36498,"sphereCenter":[66.2559,166.753,91.2809],"sphereRadius":99.8701,"stabilizedPalmPosition":[66.6459,129.028,-1.53162],"t":[-5.4567,-18.4968,-2.45486],"timeVisible":1.80382,"type":"right","wrist":[61.5546,70.3737,9.39236]}],"id":138679,"interactionBox":{"center":[0,200,0],"size":[235.247,235.247,147.751]},"pointables":[{"bases":[[[-0.416026,0.0649794,-0.907028],[0.781841,-0.483805,-0.393266],[-0.464379,-0.87276,0.150472]],[[-0.270804,0.304645,-0.913158],[0.706029,-0.581966,-0.403532],[-0.654361,-0.753994,-0.0574891]],[[-0.270804,0.304645,-0.913158],[0.916383,-0.208921,-0.34146],[-0.294802,-0.92927,-0.222594]],[[-0.270804,0.304645,-0.913158],[0.82862,0.556581,-0.0600491],[0.489953,-0.772922,-0.403159]]],"btipPosition":[111.105,162.2,29.9665],"carpPosition":[83.3702,85.7857,12.6984],"dipPosition":[121.022,146.556,21.8063],"direction":[0.294802,0.92927,0.222594],"extended":true,"handId":109,"id":1090,"length":45.0726,"mcpPosition":[83.3702,85.7857,12.6984],"pipPosition":[112.329,119.154,15.2426],"stabilizedTipPosition":[114.298,154.704,27.0771],"timeVisible":1.80382,"tipPosition":[114.421,159.356,28.6492],"tipVelocity":[-69.1371,341.996,148.745],"tool":false,"touchDistance":0.333333,"touchZone":"none","type":0,"width":19.1104},{"bases":[[[-0.97977,0.199891,-0.00975636],[0.00729312,-0.0130556,-0.999888],[-0.199996,-0.979731,0.0113336]],[[-0.975617,0.219251,-0.00997886],[0.00550178,-0.021021,-0.999764],[-0.219409,-0.975442,0.0193021]],[[-0.975617,0.219251,-0.00997886],[0.0842143,0.331973,-0.939522],[-0.202679,-0.917454,-0.342343]],[[-0.975617,0.219251,-0.00997886],[0.165822,0.706559,-0.687951],[-0.143784,-0.672832,-0.725688]]],"btipPosition":[103.693,221.918,10.6239],"carpPosition":[76.135,92.652,-5.79899],"dipPosition":[101.569,211.976,-0.099193],"direction":[0.202679,0.917454,0.342343],"extended":true,"handId":109,"id":1091,"length":50.8594,"mcpPosition":[89.1797,156.555,-6.53822],"pipPosition":[97.332,192.798,-7.25541],"stabilizedTipPosition":[103.579,215.71,7.73933],"timeVisible":1.80382,"tipPosition":[96.1727,218.333,15.3126],"tipVelocity":[-5.16079,296.101,88.8663],"tool":false,"touchDistance":0.333333,"touchZone":"none","type":1,"width":18.2543},{"bases":[[[-0.984573,0.0649655,0.162465],[-0.162846,-0.000580239,-0.986651],[-0.064004,-0.997887,0.0111507]],[[-0.986367,0.0241271,0.162785],[-0.162125,0.0271955,-0.986395],[-0.0282259,-0.999339,-0.0229131]],[[-0.986367,0.0241271,0.162785],[-0.146123,0.326577,-0.933807],[-0.075692,-0.944863,-0.318599]],[[-0.986367,0.0241271,0.162785],[-0.110267,0.637389,-0.762612],[-0.122157,-0.770165,-0.626039]]],"btipPosition":[74.6521,234.439,10.8559],"carpPosition":[65.6697,95.3027,-7.4193],"dipPosition":[72.6667,221.922,0.681462],"direction":[0.075692,0.944863,0.318599],"extended":true,"handId":109,"id":1092,"length":57.9502,"mcpPosition":[69.6286,157.027,-8.10902],"pipPosition":[70.8052,198.685,-7.15387],"stabilizedTipPosition":[74.8717,224.08,7.00341],"timeVisible":1.80382,"tipPosition":[72.3288,230.731,11.4127],"tipVelocity":[14.862,283.062,118.864],"tool":false,"touchDistance":0.333333,"touchZone":"none","type":2,"width":17.9281},{"bases":[[[-0.968164,-0.0827323,0.236248],[-0.234731,-0.0277474,-0.971664],[0.0869433,-0.996185,0.00744427]],[[-0.960059,-0.149973,0.23621],[-0.249337,0.0755181,-0.965468],[0.126956,-0.985802,-0.109896]],[[-0.960059,-0.149973,0.23621],[-0.27451,0.341517,-0.898894],[0.05414,-0.927833,-0.369046]],[[-0.960059,-0.149973,0.23621],[-0.274035,0.674461,-0.685571],[-0.0564974,-0.722918,-0.68862]]],"btipPosition":[44.797,224.058,17.3477],"carpPosition":[54.9153,96.7321,-6.45416],"dipPosition":[43.8841,212.377,6.22045],"direction":[-0.05414,0.927833,0.369046],"extended":true,"handId":109,"id":1093,"length":55.7206,"mcpPosition":[50.0869,152.055,-6.86758],"pipPosition":[45.1812,190.148,-2.62111],"stabilizedTipPosition":[46.6553,211.085,9.05931],"timeVisible":1.80382,"tipPosition":[44.1539,222.605,11.4521],"tipVelocity":[15.0764,271.336,157.644],"tool":false,"touchDistance":0.333333,"touchZone":"none","type":3,"width":17.0597},{"bases":[[[-0.899412,-0.191744,0.392799],[-0.373849,-0.128178,-0.91859],[0.226483,-0.973039,0.043602]],[[-0.877844,-0.270787,0.395051],[-0.410105,-0.00108194,-0.912038],[0.247396,-0.962639,-0.110101]],[[-0.877844,-0.270787,0.395051],[-0.457014,0.226832,-0.86005],[0.14328,-0.935533,-0.322876]],[[-0.877844,-0.270787,0.395051],[-0.476931,0.569834,-0.669198],[-0.0439028,-0.775863,-0.629372]]],"btipPosition":[23.4932,202.95,16.5667],"carpPosition":[44.4708,96.0996,0.597582],"dipPosition":[22.8387,191.384,7.18457],"direction":[-0.14328,0.935533,0.322876],"extended":true,"handId":109,"id":1094,"length":43.6839,"mcpPosition":[32.8278,146.122,-1.64392],"pipPosition":[25.2623,175.559,1.72301],"stabilizedTipPosition":[25.4522,189.006,6.67398],"timeVisible":1.80382,"tipPosition":[23.1498,201.515,9.7438],"tipVelocity":[42.9311,261.145,186.548],"tool":false,"touchDistance":0.333333,"touchZone":"none","type":4,"width":15.1538}],"r":[[0.688238,-0.107038,-0.717545],[0.0836332,0.994168,-0.0680851],[0.720648,-0.0131518,0.693176]],"s":1.36498,"t":[-5.4567,-18.4968,-2.45486],"timestamp":7996814633},{"currentFrameRate":109.009,"devices":[],"gestures":[],"hands":[{"armBasis":[[-0.918703,-0.325198,0.224124],[-0.0277933,-0.512835,-0.858037],[0.393971,-0.79451,0.462104]],"armWidth":59.0231,"confidence":1,"direction":[0.0315126,0.987781,-0.152628],"elbow":[155.659,-117.048,119.841],"grabAngle":0.768268,"grabStrength":0,"id":109,"palmNormal":[0.0171944,0.152146,0.988208],"palmPosition":[66.0652,138.561,-0.511401],"palmVelocity":[-32.0784,322.469,26.8031],"palmWidth":80.6694,"pinchDistance":51.8872,"pinchStrength":0,"r":[[0.690884,-0.102407,-0.715676],[0.0798386,0.99467,-0.0652556],[0.718543,-0.0120545,0.695378]],"s":1.36016,"sphereCenter":[64.5065,168.685,91.5061],"sphereRadius":99.3931,"stabilizedPalmPosition":[66.4135,132.844,-1.12326],"t":[-5.6838,-15.8992,-2.27362],"timeVisible":1.81252,"type":"right","wrist":[61.3523,73.1381,9.22501]}],"id":138680,"interactionBox":{"center":[0,200,0],"size":[235.247,235.247,147.751]},"pointables":[{"bases":[[[-0.411368,0.0702519,-0.908758],[0.784287,-0.480712,-0.392185],[-0.464402,-0.87406,0.142652]],[[-0.261805,0.316661,-0.911693],[0.724923,-0.559098,-0.402364],[-0.637139,-0.766248,-0.0831802]],[[-0.261805,0.316661,-0.911693],[0.915874,-0.216381,-0.338162],[-0.304355,-0.923529,-0.233372]],[[-0.261805,0.316661,-0.911693],[0.840448,0.539188,-0.054068],[0.474453,-0.780386,-0.407299]]],"btipPosition":[110.633,165.461,31.5169],"carpPosition":[83.0642,88.5227,12.7103],"dipPosition":[120.236,149.666,23.273],"direction":[0.304355,0.923529,0.233372],"extended":true,"handId":109,"id":1090,"length":45.0726,"mcpPosition":[83.0642,88.5227,12.7103],"pipPosition":[111.261,122.433,16.3915],"stabilizedTipPosition":[113.523,158.497,28.4314],"timeVisible":1.81252,"tipPosition":[113.893,162.006,29.3002],"tipVelocity":[-62.6489,370.878,176.02],"tool":false,"touchDistance":0.333333,"touchZone":"none","type":0,"width":19.1104},{"bases":[[[-0.979877,0.199136,-0.0136098],[0.0124946,-0.00685575,-0.999898],[-0.199209,-0.979948,0.00422966]],[[-0.975342,0.220275,-0.0136981],[0.0110939,-0.013055,-0.999853],[-0.220421,-0.975351,0.0102894]],[[-0.975342,0.220275,-0.0136981],[0.0884389,0.33322,-0.938692],[-0.202206,-0.916757,-0.344484]],[[-0.975342,0.220275,-0.0136981],[0.169483,0.707799,-0.685781],[-0.141365,-0.671193,-0.727679]]],"btipPosition":[103.418,224.736,11.5137],"carpPosition":[75.9191,95.4974,-5.78159],"dipPosition":[101.329,214.818,0.761189],"direction":[0.202206,0.916757,0.344484],"extended":true,"handId":109,"id":1091,"length":50.8594,"mcpPosition":[88.9125,159.414,-6.05747],"pipPosition":[97.1025,195.654,-6.43978],"stabilizedTipPosition":[103.262,219.046,8.38306],"timeVisible":1.81252,"tipPosition":[95.8105,221.076,16.14],"tipVelocity":[-30.693,324.512,101.509],"tool":false,"touchDistance":0.333333,"touchZone":"none","type":1,"width":18.2543},{"bases":[[[-0.985459,0.0631424,0.157746],[-0.157722,0.00539642,-0.987469],[-0.0632024,-0.99799,0.00464098]],[[-0.987106,0.0267856,0.15781],[-0.156805,0.0362113,-0.986965],[-0.032151,-0.998985,-0.0315443]],[[-0.987106,0.0267856,0.15781],[-0.13986,0.335178,-0.931716],[-0.0778511,-0.941774,-0.32711]],[[-0.987106,0.0267856,0.15781],[-0.103794,0.643421,-0.758443],[-0.121854,-0.765044,-0.632345]]],"btipPosition":[74.6047,237.118,11.9097],"carpPosition":[65.4601,98.1494,-7.43983],"dipPosition":[72.6243,224.684,1.63269],"direction":[0.0778511,0.941774,0.32711],"extended":true,"handId":109,"id":1092,"length":57.9502,"mcpPosition":[69.3695,159.88,-7.72689],"pipPosition":[70.7097,201.523,-6.41194],"stabilizedTipPosition":[74.6452,227.271,7.80057],"timeVisible":1.81252,"tipPosition":[71.9634,233.485,12.1936],"tipVelocity":[-5.31588,310.184,118.421],"tool":false,"touchDistance":0.333333,"touchZone":"none","type":2,"width":17.9281},{"bases":[[[-0.969306,-0.0849959,0.230697],[-0.22966,-0.0219226,-0.973024],[0.0877606,-0.99614,0.00172959]],[[-0.961693,-0.148638,0.230334],[-0.245621,0.0941113,-0.964787],[0.121727,-0.984403,-0.127015]],[[-0.961693,-0.148638,0.230334],[-0.269374,0.35657,-0.894592],[0.0508403,-0.922369,-0.38295]],[[-0.961693,-0.148638,0.230334],[-0.268566,0.679294,-0.682959],[-0.0549508,-0.718656,-0.693191]]],"btipPosition":[44.7921,226.633,18.6659],"carpPosition":[54.6996,99.5639,-6.52175],"dipPosition":[43.9041,215.021,7.46484],"direction":[-0.0508403,0.922369,0.38295],"extended":true,"handId":109,"id":1093,"length":55.7206,"mcpPosition":[49.8258,154.885,-6.61781],"pipPosition":[45.1221,192.923,-1.70984],"stabilizedTipPosition":[46.3119,213.224,10.2272],"timeVisible":1.81252,"tipPosition":[43.7795,225.247,12.3054],"tipVelocity":[0.0916883,297.888,149.587],"tool":false,"touchDistance":0.333333,"touchZone":"none","type":3,"width":17.0597},{"bases":[[[-0.901274,-0.194919,0.386926],[-0.368965,-0.122796,-0.921296],[0.227091,-0.973102,0.0387545]],[[-0.880542,-0.271104,0.388778],[-0.410229,0.0250793,-0.911638],[0.237398,-0.962223,-0.133298]],[[-0.880542,-0.271104,0.388778],[-0.455471,0.257089,-0.852321],[0.131117,-0.927582,-0.349857]],[[-0.880542,-0.271104,0.388778],[-0.471493,0.584743,-0.660129],[-0.0483719,-0.764577,-0.642714]]],"btipPosition":[23.7884,205.418,18.0545],"carpPosition":[44.2192,98.8791,0.471577],"dipPosition":[23.0674,194.02,8.47351],"direction":[-0.131117,0.927582,0.349857],"extended":true,"handId":109,"id":1094,"length":43.6839,"mcpPosition":[32.5449,148.904,-1.52072],"pipPosition":[25.2852,178.329,2.55555],"stabilizedTipPosition":[25.2485,190.541,7.69542],"timeVisible":1.81252,"tipPosition":[22.8266,204.109,10.5963],"tipVelocity":[32.1811,288.082,165.777],"tool":false,"touchDistance":0.333333,"touchZone":"none","type":4,"width":15.1538}],"r":[[0.690884,-0.102407,-0.715676],[0.0798386,0.99467,-0.0652556],[0.718543,-0.0120545,0.695378]],"s":1.36016,"t":[-5.6838,-15.8992,-2.27362],"timestamp":7996823332},{"currentFrameRate":108.932,"devices":[],"gestures":[],"hands":[{"armBasis":[[-0.915806,-0.329993,0.228917],[-0.0292432,-0.513681,-0.857483],[0.400554,-0.791982,0.460782]],"armWidth":59.0231,"confidence":1,"direction":[0.0326201,0.989017,-0.144156],"elbow":[156.885,-113.897,119.351],"grabAngle":0.768868,"grabStrength":0,"id":109,"palmNormal":[0.0180676,0.143626,0.989467],"palmPosition":[65.7108,141.142,-0.194568],"palmVelocity":[-38.0361,277.086,34.0022],"palmWidth":80.6694,"pinchDistance":52.0143,"pinchStrength":0,"r":[[0.692856,-0.0976383,-0.714435],[0.077026,0.995143,-0.0613018],[0.71695,-0.0125568,0.697011]],"s":1.35516,"sphereCenter":[63.4944,170.285,91.4619],"sphereRadius":98.6268,"stabilizedPalmPosition":[66.0845,136.729,-0.688515],"t":[-5.97456,-13.3095,-2.02458],"timeVisible":1.82184,"type":"right","wrist":[61.0027,75.6836,9.05073]}],"id":138681,"interactionBox":{"center":[0,200,0],"size":[235.247,235.247,147.751]},"pointables":[{"bases":[[[-0.411912,0.0785627,-0.90783],[0.783424,-0.478282,-0.396855],[-0.465377,-0.874685,0.135462]],[[-0.258282,0.330242,-0.907871],[0.738607,-0.538233,-0.405912],[-0.622695,-0.7754,-0.104904]],[[-0.258282,0.330242,-0.907871],[0.913012,-0.22371,-0.34112],[-0.315753,-0.917003,-0.243735]],[[-0.258282,0.330242,-0.907871],[0.853688,0.517929,-0.0544682],[0.452225,-0.789107,-0.415696]]],"btipPosition":[110.373,168.3,32.8282],"carpPosition":[82.6574,90.972,12.5846],"dipPosition":[119.526,152.328,24.4143],"direction":[0.315753,0.917002,0.243735],"extended":true,"handId":109,"id":1090,"length":45.0726,"mcpPosition":[82.6574,90.972,12.5846],"pipPosition":[110.215,125.288,17.2272],"stabilizedTipPosition":[112.923,162.018,29.8453],"timeVisible":1.82184,"tipPosition":[113.522,164.294,29.8499],"tipVelocity":[-39.0026,300.267,136.526],"tool":false,"touchDistance":0.333333,"touchZone":"none","type":0,"width":19.1104},{"bases":[[[-0.979641,0.200444,-0.0112071],[0.0117918,0.00172313,-0.999929],[-0.20041,-0.979704,-0.00405163]],[[-0.974652,0.223449,-0.0111086],[0.0105885,-0.00352597,-0.999938],[-0.223474,-0.974709,0.00107061]],[[-0.974652,0.223449,-0.0111086],[0.0877655,0.336204,-0.937691],[-0.205791,-0.914897,-0.347293]],[[-0.974652,0.223449,-0.0111086],[0.170482,0.709633,-0.683635],[-0.144874,-0.6682,-0.72974]]],"btipPosition":[103.326,227.23,12.4255],"carpPosition":[75.5081,98.1142,-5.84159],"dipPosition":[101.185,217.356,1.64259],"direction":[0.205791,0.914898,0.347293],"extended":true,"handId":109,"id":1091,"length":50.8594,"mcpPosition":[88.5799,162.015,-5.57733],"pipPosition":[96.8832,198.231,-5.61711],"stabilizedTipPosition":[103.032,222.222,9.22224],"timeVisible":1.82184,"tipPosition":[95.6569,223.493,17.0572],"tipVelocity":[-11.1998,268.737,97.1076],"tool":false,"touchDistance":0.333333,"touchZone":"none","type":1,"width":18.2543},{"bases":[[[-0.985271,0.062989,0.158977],[-0.158401,0.0140761,-0.987275],[-0.0644252,-0.997915,-0.00389127]],[[-0.986786,0.0322663,0.158782],[-0.157225,0.0461572,-0.986484],[-0.0391591,-0.998413,-0.0404742]],[[-0.986786,0.0322663,0.158782],[-0.138616,0.339309,-0.930406],[-0.0838971,-0.940121,-0.330353]],[[-0.986786,0.0322663,0.158782],[-0.100194,0.648628,-0.754482],[-0.127335,-0.760421,-0.636824]]],"btipPosition":[74.8014,239.617,12.9325],"carpPosition":[65.0512,100.793,-7.4696],"dipPosition":[72.7319,227.259,2.58269],"direction":[0.0838971,0.940121,0.330353],"extended":true,"handId":109,"id":1092,"length":57.9502,"mcpPosition":[69.0362,162.519,-7.22891],"pipPosition":[70.6686,204.138,-5.54171],"stabilizedTipPosition":[74.5306,230.677,8.7865],"timeVisible":1.82184,"tipPosition":[71.806,235.969,13.245],"tipVelocity":[18.9078,270.092,107.969],"tool":false,"touchDistance":0.333333,"touchZone":"none","type":2,"width":17.9281},{"bases":[[[-0.969249,-0.0857905,0.230642],[-0.230362,-0.0132781,-0.973014],[0.0865379,-0.996225,-0.00689308]],[[-0.962455,-0.144422,0.229833],[-0.246907,0.114019,-0.962308],[0.112773,-0.982925,-0.145397]],[[-0.962455,-0.144422,0.229833],[-0.268153,0.374467,-0.88762],[0.0421271,-0.915924,-0.399134]],[[-0.962455,-0.144422,0.229833],[-0.264882,0.684728,-0.678959],[-0.0593164,-0.714346,-0.697274]]],"btipPosition":[45.0787,229.006,20.2988],"carpPosition":[54.2931,102.213,-6.53182],"dipPosition":[44.1203,217.463,9.03169],"direction":[-0.0421271,0.915924,0.399134],"extended":true,"handId":109,"id":1093,"length":55.7206,"mcpPosition":[49.4872,157.538,-6.14901],"pipPosition":[45.1295,195.519,-0.530741],"stabilizedTipPosition":[46.037,215.706,11.6416],"timeVisible":1.82184,"tipPosition":[43.6035,227.676,13.5892],"tipVelocity":[29.0252,256.327,173.605],"tool":false,"touchDistance":0.333333,"touchZone":"none","type":3,"width":17.0597},{"bases":[[[-0.901244,-0.197135,0.385872],[-0.369755,-0.114422,-0.922057],[0.225922,-0.973676,0.0302302]],[[-0.882376,-0.267591,0.387049],[-0.413952,0.0503371,-0.908906],[0.223732,-0.962217,-0.155186]],[[-0.882376,-0.267591,0.387049],[-0.456847,0.290166,-0.840889],[0.112706,-0.918803,-0.378284]],[[-0.882376,-0.267591,0.387049],[-0.466863,0.600568,-0.649121],[-0.0587501,-0.753467,-0.654855]]],"btipPosition":[24.3301,207.734,19.8151],"carpPosition":[43.8168,101.481,0.462755],"dipPosition":[23.4543,196.502,10.0531],"direction":[-0.112706,0.918803,0.378284],"extended":true,"handId":109,"id":1094,"length":43.6839,"mcpPosition":[32.2025,151.536,-1.09132],"pipPosition":[25.3608,180.96,3.6543],"stabilizedTipPosition":[25.1006,192.47,8.99947],"timeVisible":1.82184,"tipPosition":[22.6703,206.541,11.9315],"tipVelocity":[54.3099,252.729,184.476],"tool":false,"touchDistance":0.333333,"touchZone":"none","type":4,"width":15.1538}],"r":[[0.692856,-0.0976383,-0.714435],[0.077026,0.995143,-0.0613018],[0.71695,-0.0125568,0.697011]],"s":1.35516,"t":[-5.97456,-13.3095,-2.02458],"timestamp":7996832650},{"currentFrameRate":109.45,"devices":[],"gestures":[],"hands":[{"armBasis":[[-0.913657,-0.338697,0.224757],[-0.0220089,-0.510895,-0.859361],[0.40589,-0.790108,0.459328]],"armWidth":59.0231,"confidence":1,"direction":[0.0325363,0.990029,-0.137052],"elbow":[157.956,-111.203,118.991],"grabAngle":0.768722,"grabStrength":0,"id":109,"palmNormal":[0.0101598,0.13679,0.990548],"palmPosition":[65.4111,143.433,0.267597],"palmVelocity":[-36.5036,279.033,56.2999],"palmWidth":80.6694,"pinchDistance":52.0692,"pinchStrength":0,"r":[[0.695557,-0.0926695,-0.71247],[0.0746223,0.995602,-0.056645],[0.714585,-0.0137663,0.699413]],"s":1.35005,"sphereCenter":[62.0632,171.778,91.5119],"sphereRadius":97.9255,"stabilizedPalmPosition":[65.7741,139.819,-0.247837],"t":[-6.26976,-10.8693,-1.66898],"timeVisible":1.83005,"type":"right","wrist":[60.7955,77.9294,9.03953]}],"id":138682,"interactionBox":{"center":[0,200,0],"size":[235.247,235.247,147.751]},"pointables":[{"bases":[[[-0.404902,0.0843674,-0.91046],[0.787085,-0.474606,-0.394014],[-0.465351,-0.876146,0.125764]],[[-0.248956,0.340009,-0.906871],[0.753015,-0.520911,-0.402021],[-0.60909,-0.782973,-0.126348]],[[-0.248956,0.340009,-0.906871],[0.91465,-0.225375,-0.33559],[-0.31849,-0.913017,-0.254881]],[[-0.248956,0.340009,-0.906871],[0.864534,0.500097,-0.0498341],[0.436579,-0.796428,-0.418451]]],"btipPosition":[109.829,170.889,34.4087],"carpPosition":[82.3187,93.1951,12.8316],"dipPosition":[118.666,154.769,25.939],"direction":[0.31849,0.913017,0.254881],"extended":true,"handId":109,"id":1090,"length":45.0726,"mcpPosition":[82.3187,93.1951,12.8316],"pipPosition":[109.274,127.846,18.4232],"stabilizedTipPosition":[112.359,164.76,31.2344],"timeVisible":1.83005,"tipPosition":[112.908,166.466,30.9182],"tipVelocity":[-75.0737,311.218,190.969],"tool":false,"touchDistance":0.333333,"touchZone":"none","type":0,"width":19.1104},{"bases":[[[-0.979768,0.199372,-0.017483],[0.0196027,0.00866265,-0.99977],[-0.199174,-0.979886,-0.0123956]],[[-0.974505,0.223708,-0.0171689],[0.0187661,0.00501538,-0.999811],[-0.223579,-0.974643,-0.00908564]],[[-0.974505,0.223708,-0.0171689],[0.0944361,0.339556,-0.935833],[-0.203523,-0.913596,-0.352025]],[[-0.974505,0.223708,-0.0171689],[0.175185,0.710856,-0.681171],[-0.140179,-0.666813,-0.731923]]],"btipPosition":[102.929,229.534,13.7198],"carpPosition":[75.3049,100.456,-5.60011],"dipPosition":[100.858,219.68,2.90458],"direction":[0.203523,0.913596,0.352025],"extended":true,"handId":109,"id":1091,"length":50.8594,"mcpPosition":[88.296,164.369,-4.7916],"pipPosition":[96.6033,200.583,-4.45402],"stabilizedTipPosition":[102.746,224.708,10.2125],"timeVisible":1.83005,"tipPosition":[95.1793,225.709,18.2657],"tipVelocity":[-46.3833,281.23,156.759],"tool":false,"touchDistance":0.333333,"touchZone":"none","type":1,"width":18.2543},{"bases":[[[-0.986559,0.060735,0.151697],[-0.150699,0.0207288,-0.988362],[-0.0631727,-0.997939,-0.0112975]],[[-0.987829,0.0358003,0.151368],[-0.149315,0.0543853,-0.987293],[-0.0435776,-0.997878,-0.0483779]],[[-0.987829,0.0358003,0.151368],[-0.130333,0.340634,-0.931119],[-0.0848954,-0.939514,-0.331822]],[[-0.987829,0.0358003,0.151368],[-0.091824,0.651264,-0.753275],[-0.125548,-0.758006,-0.64005]]],"btipPosition":[74.7101,241.883,13.9869],"carpPosition":[64.8578,103.134,-7.29129],"dipPosition":[72.6697,229.564,3.5847],"direction":[0.0848954,0.939514,0.331822],"extended":true,"handId":109,"id":1092,"length":57.9502,"mcpPosition":[68.7653,164.861,-6.59249],"pipPosition":[70.5818,206.459,-4.57582],"stabilizedTipPosition":[74.4316,233.538,9.74591],"timeVisible":1.83005,"tipPosition":[71.3701,238.197,14.3292],"tipVelocity":[-10.3008,277.16,126.98],"tool":false,"touchDistance":0.333333,"touchZone":"none","type":2,"width":17.9281},{"bases":[[[-0.970916,-0.0885185,0.222454],[-0.222736,-0.0068076,-0.974855],[0.087807,-0.996051,-0.0131066]],[[-0.964848,-0.141543,0.221438],[-0.239847,0.129799,-0.962094],[0.107435,-0.981386,-0.159185]],[[-0.964848,-0.141543,0.221438],[-0.259971,0.390535,-0.883118],[0.0385199,-0.909642,-0.413603]],[[-0.964848,-0.141543,0.221438],[-0.25669,0.688312,-0.678481],[-0.056384,-0.711472,-0.700449]]],"btipPosition":[45.0514,231.062,21.6785],"carpPosition":[54.0909,104.535,-6.42789],"dipPosition":[44.1403,219.565,10.3601],"direction":[-0.0385199,0.909642,0.413603],"extended":true,"handId":109,"id":1093,"length":55.7206,"mcpPosition":[49.2145,159.851,-5.70002],"pipPosition":[45.0631,197.772,0.451019],"stabilizedTipPosition":[45.8253,217.958,12.9581],"timeVisible":1.83005,"tipPosition":[43.1704,229.779,14.6849],"tipVelocity":[-2.00541,251.761,166.634],"tool":false,"touchDistance":0.333333,"touchZone":"none","type":3,"width":17.0597},{"bases":[[[-0.90399,-0.200856,0.377438],[-0.362399,-0.108464,-0.92569],[0.226869,-0.973598,0.0252609]],[[-0.887166,-0.264272,0.378282],[-0.408837,0.0700044,-0.909919],[0.213984,-0.961904,-0.170149]],[[-0.887166,-0.264272,0.378282],[-0.450472,0.318233,-0.834148],[0.10006,-0.910433,-0.401372]],[[-0.887166,-0.264272,0.378282],[-0.457308,0.613112,-0.644176],[-0.061692,-0.744482,-0.664786]]],"btipPosition":[24.5817,209.707,21.0833],"carpPosition":[43.5611,103.742,0.479288],"dipPosition":[23.662,198.609,11.1732],"direction":[-0.10006,0.910433,0.401372],"extended":true,"handId":109,"id":1094,"len