{"frames":64,"data":[{"currentFrameRate":115.012,"devices":[],"gestures":[],"hands":[{"armBasis":[[-0.968215,-0.157402,0.19438],[-0.0319019,-0.69309,-0.720145],[0.248075,-0.703456,0.666039]],"armWidth":59.0231,"confidence":1,"direction":[0.0270005,0.970529,-0.239467],"elbow":[117.13,-134.937,183.413],"grabAngle":0.219348,"grabStrength":0,"id":109,"palmNormal":[0.0212301,0.238943,0.970801],"palmPosition":[63.6654,97.3516,7.08747],"palmVelocity":[61.5111,80.4642,43.8379],"palmWidth":80.6694,"pinchDistance":66.0507,"pinchStrength":0,"r":[[0.70493,-0.16139,-0.690671],[0.0455936,0.982065,-0.182946],[0.70781,0.097474,0.699645]],"s":1.27165,"sphereCenter":[75.754,141.578,103.359],"sphereRadius":112.489,"stabilizedPalmPosition":[61.7332,96.005,6.99796],"t":[-8.85914,-55.0395,5.18309],"timeVisible":3.46025,"type":"right","wrist":[57.7469,33.4527,23.9798]}],"id":138867,"interactionBox":{"center":[0,200,0],"size":[235.247,235.247,147.751]},"pointables":[{"bases":[[[-0.41588,-0.0117422,-0.909344],[0.784287,-0.510809,-0.352091],[-0.460366,-0.859614,0.221644]],[[-0.450028,-0.077767,-0.889622],[0.60806,-0.756272,-0.241486],[-0.654016,-0.649619,0.387631]],[[-0.450028,-0.077767,-0.889622],[0.858084,-0.313554,-0.406665],[-0.247319,-0.946381,0.207839]],[[-0.450028,-0.077767,-0.889622],[0.752581,0.503245,-0.424696],[0.480725,-0.860637,-0.167949]]],"btipPosition":[107.425,122.812,4.70953],"carpPosition":[80.9182,48.7364,24.5936],"dipPosition":[117.155,105.392,1.31017],"direction":[0.247319,0.946381,-0.207839],"extended":true,"handId":109,"id":1090,"length":45.0726,"mcpPosition":[80.9182,48.7364,24.5936],"pipPosition":[109.862,77.4857,7.43879],"stabilizedTipPosition":[109.948,117.142,4.59558],"timeVisible":3.46025,"tipPosition":[109.851,117.647,4.26487],"tipVelocity":[-206.883,113.967,-178.808],"tool":false,"touchDistance":0.309916,"touchZone":"hovering","type":0,"width":19.1104},{"bases":[[[-0.967883,-0.0675861,0.242146],[-0.234121,-0.108614,-0.966121],[0.0915969,-0.991784,0.0893027]],[[-0.953318,-0.169289,0.250051],[-0.251641,-0.0123511,-0.967742],[0.166916,-0.985489,-0.0308253]],[[-0.953318,-0.169289,0.250051],[-0.257999,0.0263449,-0.965786],[0.156909,-0.985214,-0.0687913]],[[-0.953318,-0.169289,0.250051],[-0.257999,0.0263449,-0.965786],[0.156909,-0.985214,-0.0687913]]],"btipPosition":[34.5905,190.62,3.5946],"carpPosition":[52.4218,57.9378,4.60323],"dipPosition":[37.126,174.7,2.48302],"direction":[-0.156909,0.985214,0.0687913],"extended":true,"handId":109,"id":1093,"length":55.7206,"mcpPosition":[47.335,113.017,-0.356194],"pipPosition":[40.8852,151.097,0.834924],"stabilizedTipPosition":[31.7378,184.067,3.70705],"timeVisible":3.46025,"tipPosition":[35.3156,186.124,9.48303],"tipVelocity":[55.3471,114.764,41.915],"tool":false,"touchDistance":0.333333,"touchZone":"none","type":3,"width":17.0597},{"bases":[[[-0.980689,0.193805,-0.026255],[0.00784514,-0.0951543,-0.995432],[-0.195418,-0.976414,0.0917963]],[[-0.968058,-0.250195,0.016287],[0.0234507,-0.155028,-0.987632],[0.249625,-0.955703,0.155943]],[[-0.968058,-0.250195,0.016287],[-0.0744825,0.224946,-0.97152],[0.239406,-0.941702,-0.236396]],[[-0.968058,-0.250195,0.016287],[-0.0744825,0.224946,-0.97152],[0.239406,-0.941702,-0.236396]]],"btipPosition":[68.5891,186.822,2.24676],"carpPosition":[73.66,54.0251,5.59376],"dipPosition":[72.1267,172.907,-1.24632],"direction":[-0.239406,0.941702,0.236396],"extended":true,"handId":109,"id":1091,"length":50.8594,"mcpPosition":[86.4062,117.712,-0.393654],"pipPosition":[77.1312,153.222,-6.18785],"stabilizedTipPosition":[68.5878,183.656,-7.33602],"timeVisible":3.46025,"tipPosition":[71.5095,184.665,-4.16803],"tipVelocity":[-27.4162,-13.6453,381.666],"tool":false,"touchDistance":0.333333,"touchZone":"none","type":1,"width":18.2543},{"bases":[[[-0.984946,0.0734693,0.156472],[-0.162357,-0.0824332,-0.983283],[-0.0593426,-0.993885,0.0931205]],[[-0.981658,-0.087435,0.169419],[-0.165139,-0.054108,-0.984785],[0.0952715,-0.9947,0.0386766]],[[-0.981658,-0.087435,0.169419],[-0.179051,0.117574,-0.976789],[0.0654863,-0.989208,-0.131073]],[[-0.981658,-0.087435,0.169419],[-0.179051,0.117574,-0.976789],[0.0654863,-0.989208,-0.131073]]],"btipPosition":[60.2076,199.83,1.74147],"carpPosition":[63.1833,56.4844,3.75997],"dipPosition":[61.2719,183.753,-0.388742],"direction":[-0.0654863,0.989208,0.131073],"extended":true,"handId":109,"id":1092,"length":57.9502,"mcpPosition":[66.8539,117.961,-1.99996],"pipPosition":[62.8824,159.426,-3.61222],"stabilizedTipPosition":[56.7243,194.567,-1.84836],"timeVisible":3.46025,"tipPosition":[64.0703,193.895,4.43594],"tipVelocity":[308.228,79.0737,640.549],"tool":false,"touchDistance":0.333333,"touchZone":"none","type":2,"width":17.9281},{"bases":[[[-0.898699,-0.163039,0.407135],[-0.372794,-0.204997,-0.904987],[0.231009,-0.965088,0.12345]],[[-0.909559,-0.112296,0.400115],[-0.380561,-0.161736,-0.910502],[0.166959,-0.980424,0.104373]],[[-0.909559,-0.112296,0.400115],[-0.397369,-0.0468332,-0.916463],[0.121654,-0.992571,-0.00202536]],[[-0.909559,-0.112296,0.400115],[-0.402494,-0.00161843,-0.915421],[0.103446,-0.993673,-0.0437263]]],"btipPosition":[21.3957,169.035,2.83],"carpPosition":[41.977,57.8378,11.682],"dipPosition":[22.9378,154.223,2.17817],"direction":[-0.121654,0.992571,0.00202536],"extended":true,"handId":109,"id":1094,"length":43.6839,"mcpPosition":[30.1012,107.451,5.33565],"pipPosition":[24.9956,137.433,2.14391],"stabilizedTipPosition":[16.4998,162.815,6.80232],"timeVisible":3.46025,"tipPosition":[21.0194,165.028,10.1325],"tipVelocity":[153.401,137.702,52.2242],"tool":false,"touchDistance":0.333333,"touchZone":"none","type":4,"width":15.1538}],"r":[[0.70493,-0.16139,-0.690671],[0.0455936,0.982065,-0.182946],[0.70781,0.097474,0.699645]],"s":1.27165,"t":[-8.85914,-55.0395,5.18309],"timestamp":7998471061},{"currentFrameRate":115.053,"devices":[],"gestures":[],"hands":[{"armBasis":[[0.916499,-0.1452,-0.372755],[0.36971,0.663324,0.650627],[0.152786,-0.73411,0.661618]],"armWidth":59.0231,"confidence":1,"direction":[0.034489,0.954099,-0.297498],"elbow":[119.936,-134.305,187.167],"grabAngle":0.190626,"grabStrength":0,"id":109,"palmNormal":[-0.397001,-0.260102,-0.880191],"palmPosition":[76.1307,103.727,4.23509],"palmVelocity":[1445.93,739.569,-330.864],"palmWidth":80.6694,"pinchDistance":41.1193,"pinchStrength":0,"r":[[0.78331,-0.192774,-0.590985],[0.0288932,0.960964,-0.275162],[0.620959,0.198461,0.758302]],"s":1.27382,"sphereCenter":[9.80358,60.2523,-162.539],"sphereRadius":188.157,"stabilizedPalmPosition":[68.1495,99.4465,5.76667],"t":[-2.35225,-51.5871,3.9186],"timeVisible":3.46887,"type":"right","wrist":[83.363,41.4231,28.7918]}],"id":138868,"interactionBox":{"center":[0,200,0],"size":[235.247,235.247,147.751]},"pointables":[{"bases":[[[0.730885,0.359077,0.580406],[-0.574048,-0.136547,0.807356],[0.369155,-0.923265,0.106327]],[[0.67469,0.479811,0.560869],[-0.53018,-0.213633,0.820531],[0.51352,-0.850966,0.11025]],[[0.67469,0.479811,0.560869],[-0.709485,0.212051,0.672061],[0.203529,-0.851361,0.483487]],[[0.67469,0.479811,0.560869],[-0.724756,0.574504,0.380361],[-0.13972,-0.663119,0.735358]]],"btipPosition":[29.2117,132.596,-12.8488],"carpPosition":[55.1115,56.4101,21.1712],"dipPosition":[26.3837,119.175,2.03522],"direction":[-0.203529,0.851361,-0.483487],"extended":true,"handId":109,"id":1090,"length":45.0726,"mcpPosition":[55.1115,56.4101,21.1712],"pipPosition":[32.3853,94.0702,16.292],"stabilizedTipPosition":[71.5548,122.976,-2.01869],"timeVisible":3.46887,"tipPosition":[30.8233,129.854,-0.307732],"tipVelocity":[-9407.43,1241.65,-1548.91],"tool":false,"touchDistance":0.333333,"touchZone":"hovering","type":0,"width":19.1104},{"bases":[[[0.90994,0.0138385,-0.414509],[0.374809,0.400445,0.836159],[0.177559,-0.916217,0.359194]],[[0.923287,-0.0794902,-0.375795],[0.371618,0.432336,0.821575],[0.0971626,-0.898202,0.42871]],[[0.923287,-0.0794902,-0.375795],[0.36423,0.491854,0.790833],[0.121973,-0.867041,0.483075]],[[0.923287,-0.0794902,-0.375795],[0.355008,0.550156,0.755843],[0.146664,-0.83127,0.536171]]],"btipPosition":[48.9708,192.45,-26.415],"carpPosition":[68.8791,68.9088,30.9631],"dipPosition":[51.138,180.167,-18.4923],"direction":[-0.121973,0.867041,-0.483075],"extended":true,"handId":109,"id":1091,"length":50.8594,"mcpPosition":[57.2978,128.669,7.53475],"pipPosition":[53.6877,162.042,-8.39431],"stabilizedTipPosition":[65.1818,184.719,-10.4104],"timeVisible":3.46887,"tipPosition":[57.9252,187.954,-26.2933],"tipVelocity":[-2312.2,696.4,-3020.09],"tool":false,"touchDistance":0.333333,"touchZone":"hovering","type":1,"width":18.2543},{"bases":[[[0.848246,-0.178543,-0.4986],[0.527057,0.376807,0.761727],[0.0518747,-0.908922,0.413727]],[[0.849101,-0.196358,-0.490379],[0.524202,0.427672,0.736416],[0.0651207,-0.882349,0.466068]],[[0.849101,-0.196358,-0.490379],[0.524202,0.427672,0.736416],[0.0651207,-0.882349,0.466068]],[[0.849101,-0.196358,-0.490379],[0.490881,0.636193,0.595225],[0.195099,-0.746124,0.636581]]],"btipPosition":[68.4831,196.969,-39.266],"carpPosition":[79.1787,70.1411,27.5611],"dipPosition":[71.6539,184.843,-28.9202],"direction":[-0.0651207,0.882349,-0.466068],"extended":true,"handId":109,"id":1092,"length":57.9502,"mcpPosition":[75.97,126.362,1.97024],"pipPosition":[73.2554,163.144,-17.4582],"stabilizedTipPosition":[58.477,194.512,-6.76586],"timeVisible":3.46887,"tipPosition":[71.7884,190.575,-40.369],"tipVelocity":[1016.12,-226.423,-4423.85],"tool":false,"touchDistance":-0.300404,"touchZone":"touching","type":2,"width":17.9281},{"bases":[[[0.804472,-0.338246,-0.488276],[0.587698,0.333921,0.736958],[-0.0862277,-0.879822,0.467417]],[[0.808011,-0.289053,-0.513388],[0.588717,0.362051,0.722725],[-0.0230334,-0.886209,0.462712]],[[0.808011,-0.289053,-0.513388],[0.589126,0.406819,0.698161],[0.00705,-0.866572,0.499003]],[[0.808011,-0.289053,-0.513388],[0.588825,0.425896,0.686948],[0.0200851,-0.857357,0.51433]]],"btipPosition":[93.9404,186.888,-41.6393],"carpPosition":[88.7551,69.1679,22.4643],"dipPosition":[94.2649,173.034,-33.3284],"direction":[-0.00705,0.866572,-0.499003],"extended":true,"handId":109,"id":1093,"length":55.7206,"mcpPosition":[93.5438,118.029,-3.49371],"pipPosition":[94.4338,152.273,-21.3733],"stabilizedTipPosition":[38.1863,184.029,-0.79041],"timeVisible":3.46887,"tipPosition":[96.5214,178.334,-46.9533],"tipVelocity":[6825.35,-377.82,-4995.56],"tool":false,"touchDistance":-0.374334,"touchZone":"touching","type":3,"width":17.0597},{"bases":[[[0.680848,-0.488295,-0.545906],[0.695726,0.198196,0.690423],[-0.228934,-0.849874,0.474661]],[[0.699837,-0.403595,-0.589355],[0.693417,0.185799,0.696169],[-0.171469,-0.895874,0.409889]],[[0.699837,-0.403595,-0.589355],[0.709567,0.297955,0.638543],[-0.0821117,-0.865063,0.494898]],[[0.699837,-0.403595,-0.589355],[0.713275,0.350601,0.606892],[-0.03831,-0.845097,0.533238]]],"btipPosition":[114.689,162.219,-39.9038],"carpPosition":[95.7159,63.9013,13.3526],"dipPosition":[114.117,149.621,-31.9547],"direction":[0.0821117,0.865063,-0.494898],"extended":true,"handId":109,"id":1094,"length":43.6839,"mcpPosition":[107.485,107.592,-11.0489],"pipPosition":[112.729,134.988,-23.5833],"stabilizedTipPosition":[27.7725,162.414,1.64317],"timeVisible":3.46887,"tipPosition":[112.658,154.462,-45.449],"tipVelocity":[10765.2,-731.626,-4727.47],"tool":false,"touchDistance":-0.339667,"touchZone":"touching","type":4,"width":15.1538}],"r":[[0.78331,-0.192774,-0.590985],[0.0288932,0.960964,-0.275162],[0.620959,0.198461,0.758302]],"s":1.27382,"t":[-2.35225,-51.5871,3.9186],"timestamp":7998479682},{"currentFrameRate":114.457,"devices":[],"gestures":[],"hands":[{"armBasis":[[0.919041,-0.13955,-0.368633],[0.361843,0.669583,0.648635],[0.156313,-0.729509,0.665869]],"armWidth":59.0231,"confidence":1,"direction":[0.0673247,0.961772,-0.265446],"elbow":[118.08,-134.58,187.173],"grabAngle":0.172019,"grabStrength":0,"id":109,"palmNormal":[-0.378287,-0.22158,-0.898778],"palmPosition":[75.3154,103.087,4.76013],"palmVelocity":[-83.5915,-65.64,53.828],"palmWidth":80.6694,"pinchDistance":49.6279,"pinchStrength":0,"r":[[0.840196,-0.208377,-0.500649],[0.0289898,0.939164,-0.342243],[0.541507,0.273037,0.795123]],"s":1.27565,"sphereCenter":[-31.6594,25.9145,-260.08],"sphereRadius":298.61,"stabilizedPalmPosition":[71.698,101.249,5.26824],"t":[0.493517,-50.1811,3.54888],"timeVisible":3.47862,"type":"right","wrist":[80.6621,40.0463,27.7801]}],"id":138869,"interactionBox":{"center":[0,200,0],"size":[235.247,235.247,147.751]},"pointables":[{"bases":[[[0.722996,0.321104,0.611694],[-0.600115,-0.146741,0.786339],[0.342257,-0.935606,0.0866062]],[[0.677164,0.430087,0.597054],[-0.56859,-0.209198,0.795576],[0.467069,-0.878215,0.102882]],[[0.677164,0.430087,0.597054],[-0.691209,0.0935334,0.716576],[0.252345,-0.897929,0.360617]],[[0.677164,0.430087,0.597054],[-0.735265,0.427341,0.526085],[-0.0288832,-0.795239,0.605607]]],"btipPosition":[25.0928,137.271,-7.8738],"carpPosition":[52.6197,55.8313,19.5707],"dipPosition":[24.5082,121.175,4.38398],"direction":[-0.252345,0.897929,-0.360617],"extended":true,"handId":109,"id":1090,"length":45.0726,"mcpPosition":[52.6197,55.8313,19.5707],"pipPosition":[31.9492,94.6973,15.0176],"stabilizedTipPosition":[49.2468,128.047,-3.47209],"timeVisible":3.47862,"tipPosition":[29.0587,131.452,-1.66042],"tipVelocity":[-369.384,416.178,448.119],"tool":false,"touchDistance":0.398898,"touchZone":"hovering","type":0,"width":19.1104},{"bases":[[[0.921434,0.00284312,-0.388524],[0.360952,0.363781,0.858707],[0.143779,-0.93148,0.334174]],[[0.931734,-0.10135,-0.348713],[0.360848,0.366175,0.857732],[0.0407582,-0.92501,0.377749]],[[0.931734,-0.10135,-0.348713],[0.354416,0.463047,0.81239],[0.0791345,-0.88052,0.467357]],[[0.931734,-0.10135,-0.348713],[0.343991,0.554052,0.758087],[0.116372,-0.82629,0.551092]]],"btipPosition":[52.1516,193.387,-23.6062],"carpPosition":[66.4178,67.6459,30.1384],"dipPosition":[53.8712,181.177,-15.4631],"direction":[-0.0791345,0.88052,-0.467357],"extended":true,"handId":109,"id":1091,"length":50.8594,"mcpPosition":[57.0398,128.402,8.34194],"pipPosition":[55.5254,162.771,-5.69363],"stabilizedTipPosition":[62.6627,185.888,-12.6679],"timeVisible":3.47862,"tipPosition":[59.7158,188.795,-23.4213],"tipVelocity":[315.547,97.7853,293.161],"tool":false,"touchDistance":0.333333,"touchZone":"hovering","type":1,"width":18.2543},{"bases":[[[0.857263,-0.185087,-0.480462],[0.514604,0.338485,0.787788],[0.0168198,-0.922589,0.385417]],[[0.857392,-0.194742,-0.476398],[0.513954,0.372581,0.77268],[0.0270238,-0.907336,0.419537]],[[0.857392,-0.194742,-0.476398],[0.512349,0.41066,0.754226],[0.0487583,-0.890749,0.451873]],[[0.857392,-0.194742,-0.476398],[0.508691,0.46128,0.726949],[0.0781855,-0.865619,0.494561]]],"btipPosition":[72.2015,199.576,-33.4151],"carpPosition":[76.8382,68.7121,27.0641],"dipPosition":[73.4722,185.508,-25.3774],"direction":[-0.0487583,0.890749,-0.451873],"extended":true,"handId":109,"id":1092,"length":57.9502,"mcpPosition":[75.7978,125.778,3.22426],"pipPosition":[74.6713,163.601,-14.2645],"stabilizedTipPosition":[60.4518,194.77,-10.26],"timeVisible":3.47862,"tipPosition":[74.1819,192.1,-36.3165],"tipVelocity":[336.416,221.433,545.424],"tool":false,"touchDistance":-0.211736,"touchZone":"touching","type":2,"width":17.9281},{"bases":[[[0.809146,-0.343823,-0.476518],[0.574811,0.294814,0.763333],[-0.121967,-0.891555,0.43618]],[[0.815581,-0.282199,-0.505164],[0.576983,0.330537,0.746884],[-0.0437947,-0.900616,0.432404]],[[0.815581,-0.282199,-0.505164],[0.578504,0.378536,0.722526],[-0.0126732,-0.881518,0.47198]],[[0.815581,-0.282199,-0.505164],[0.578564,0.412083,0.703883],[0.00953446,-0.866344,0.499358]]],"btipPosition":[95.1432,187.079,-38.1032],"carpPosition":[86.5279,67.6473,22.2052],"dipPosition":[95.2973,173.08,-30.0342],"direction":[0.0126732,0.881518,-0.47198],"extended":true,"handId":109,"id":1093,"length":55.7206,"mcpPosition":[93.3014,117.16,-2.01805],"pipPosition":[94.9936,151.96,-18.7265],"stabilizedTipPosition":[43.1855,184.015,-3.90054],"timeVisible":3.47862,"tipPosition":[98.7438,179.122,-42.8307],"tipVelocity":[119.297,16.1532,356.826],"tool":false,"touchDistance":-0.313027,"touchZone":"touching","type":3,"width":17.0597},{"bases":[[[0.683418,-0.488653,-0.542363],[0.680616,0.157815,0.715441],[-0.26401,-0.858086,0.440439]],[[0.70569,-0.403637,-0.582304],[0.685988,0.183622,0.704062],[-0.177262,-0.896303,0.40647]],[[0.70569,-0.403637,-0.582304],[0.701912,0.286291,0.652193],[-0.0965412,-0.868973,0.485351]],[[0.70569,-0.403637,-0.582304],[0.706325,0.336135,0.622991],[-0.0557298,-0.850935,0.522307]]],"btipPosition":[115.065,161.395,-37.944],"carpPosition":[93.6085,62.4887,13.1241],"dipPosition":[114.235,148.709,-30.1579],"direction":[0.0965412,0.868973,-0.485351],"extended":true,"handId":109,"id":1094,"length":43.6839,"mcpPosition":[107.181,106.601,-9.5181],"pipPosition":[112.602,134.011,-21.948],"stabilizedTipPosition":[36.7587,162.007,-2.25628],"timeVisible":3.47862,"tipPosition":[114.571,154.894,-41.4688],"tipVelocity":[32.4995,-86.539,197.074],"tool":false,"touchDistance":-0.305199,"touchZone":"touching","type":4,"width":15.1538}],"r":[[0.840196,-0.208377,-0.500649],[0.0289898,0.939164,-0.342243],[0.541507,0.273037,0.795123]],"s":1.27565,"t":[0.493517,-50.1811,3.54888],"timestamp":7998489436},{"currentFrameRate":114.868,"devices":[],"gestures":[],"hands":[{"armBasis":[[0.920732,-0.167805,-0.352271],[0.374715,0.632035,0.678322],[0.108822,-0.756553,0.644814]],"armWidth":59.0231,"confidence":1,"direction":[0.0896707,0.956112,-0.278943],"elbow":[104.993,-141.086,182.431],"grabAngle":0.15387,"grabStrength":0,"id":109,"palmNormal":[-0.374269,-0.227196,-0.899058],"palmPosition":[75.3776,103.022,4.47064],"palmVelocity":[7.7793,-8.1374,-36.1731],"palmWidth":80.6694,"pinchDistance":56.7285,"pinchStrength":0,"r":[[0.879694,-0.219489,-0.421857],[0.0382506,0.916895,-0.397291],[0.473999,0.333358,0.814983]],"s":1.28125,"sphereCenter":[-25.1243,32.6456,-245.505],"sphereRadius":281.614,"stabilizedPalmPosition":[72.9043,101.831,5.00676],"t":[1.94753,-49.5106,3.21927],"timeVisible":3.48663,"type":"right","wrist":[78.9441,40.0142,28.0782]}],"id":138870,"interactionBox":{"center":[0,200,0],"size":[235.247,235.247,147.751]},"pointables":[{"bases":[[[0.723657,0.315328,0.613913],[-0.610421,-0.122629,0.782527],[0.322036,-0.941026,0.103741]],[[0.685124,0.414026,0.599322],[-0.575774,-0.196174,0.793726],[0.446194,-0.888875,0.103981]],[[0.685124,0.414026,0.599322],[-0.688569,0.0996806,0.718287],[0.237648,-0.904791,0.353379]],[[0.685124,0.414026,0.599322],[-0.728164,0.411328,0.548257],[-0.019526,-0.812029,0.58329]]],"btipPosition":[25.2132,138.922,-7.0731],"carpPosition":[51.5723,56.4682,19.755],"dipPosition":[24.818,122.486,4.73296],"direction":[-0.237648,0.904791,-0.353379],"extended":true,"handId":109,"id":1090,"length":45.0726,"mcpPosition":[51.5723,56.4682,19.755],"pipPosition":[31.8256,95.8059,15.1532],"stabilizedTipPosition":[38.9264,131.082,-3.85095],"timeVisible":3.48663,"tipPosition":[29.2002,132.592,-3.01018],"tipVelocity":[20.4881,196.509,87.0674],"tool":false,"touchDistance":0.402793,"touchZone":"hovering","type":0,"width":19.1104},{"bases":[[[0.924927,-0.0218593,-0.379515],[0.360253,0.369107,0.856725],[0.121354,-0.92913,0.349272]],[[0.932587,-0.120526,-0.340227],[0.360308,0.366812,0.857687],[0.0214256,-0.922454,0.385511]],[[0.932587,-0.120526,-0.340227],[0.355976,0.462978,0.811747],[0.0596807,-0.878137,0.474671]],[[0.932587,-0.120526,-0.340227],[0.347261,0.55668,0.754664],[0.0984407,-0.821937,0.561007]]],"btipPosition":[54.0973,193.533,-25.036],"carpPosition":[65.5108,68.1542,30.2812],"dipPosition":[55.5519,181.387,-16.7464],"direction":[-0.0596807,0.878137,-0.474671],"extended":true,"handId":109,"id":1091,"length":50.8594,"mcpPosition":[57.5955,128.757,7.49995],"pipPosition":[56.7994,163.031,-6.82401],"stabilizedTipPosition":[61.2247,186.735,-14.4957],"timeVisible":3.48663,"tipPosition":[61.5789,188.669,-25.0591],"tipVelocity":[235.499,20.0761,-174.446],"tool":false,"touchDistance":0.333333,"touchZone":"hovering","type":1,"width":18.2543},{"bases":[[[0.857762,-0.209788,-0.46929],[0.514014,0.339609,0.78769],[-0.00587283,-0.916872,0.399138]],[[0.857576,-0.223557,-0.463233],[0.51434,0.365525,0.775787],[-0.0041099,-0.903556,0.42845]],[[0.857576,-0.223557,-0.463233],[0.513985,0.406676,0.755271],[0.0195394,-0.885797,0.463661]],[[0.857576,-0.223557,-0.463233],[0.511886,0.45911,0.726079],[0.0503548,-0.859791,0.508158]]],"btipPosition":[75.2153,199.097,-34.917],"carpPosition":[75.9796,68.9604,27.2933],"dipPosition":[76.0337,185.123,-26.6583],"direction":[-0.0195394,0.885797,-0.463661],"extended":true,"handId":109,"id":1092,"length":57.9502,"mcpPosition":[76.3429,125.673,2.6048],"pipPosition":[76.5142,163.339,-15.2555],"stabilizedTipPosition":[62.5393,194.925,-13.4373],"timeVisible":3.48663,"tipPosition":[76.427,191.596,-37.7255],"tipVelocity":[363.586,-57.1755,-181.316],"tool":false,"touchDistance":-0.246365,"touchZone":"touching","type":2,"width":17.9281},{"bases":[[[0.806343,-0.367427,-0.463474],[0.573534,0.294352,0.764471],[-0.144463,-0.882244,0.448081]],[[0.814,-0.309573,-0.491496],[0.575869,0.319363,0.752584],[-0.0760137,-0.895641,0.438235]],[[0.814,-0.309573,-0.491496],[0.575869,0.319363,0.752584],[-0.0760137,-0.895641,0.438235]],[[0.814,-0.309573,-0.491496],[0.578426,0.354551,0.734655],[-0.0531687,-0.882303,0.467669]]],"btipPosition":[99.3311,186.943,-37.3287],"carpPosition":[85.6908,67.6246,22.5455],"dipPosition":[98.4719,172.686,-29.7717],"direction":[0.0760137,0.895641,-0.438235],"extended":true,"handId":109,"id":1093,"length":55.7206,"mcpPosition":[93.7136,116.62,-2.3387],"pipPosition":[96.6508,151.228,-19.2725],"stabilizedTipPosition":[48.9758,183.978,-7.18029],"timeVisible":3.48663,"tipPosition":[100.557,178.747,-42.6961],"tipVelocity":[494.17,-24.3784,82.0658],"tool":false,"touchDistance":-0.300206,"touchZone":"touching","type":3,"width":17.0597},{"bases":[[[0.67828,-0.510619,-0.528398],[0.676937,0.154512,0.71964],[-0.285818,-0.84581,0.450459]],[[0.700912,-0.43377,-0.566186],[0.680287,0.168043,0.713422],[-0.214318,-0.885215,0.412871]],[[0.700912,-0.43377,-0.566186],[0.701086,0.273033,0.658735],[-0.131152,-0.85866,0.495482]],[[0.700912,-0.43377,-0.566186],[0.70801,0.327113,0.625874],[-0.0862786,-0.839548,0.536391]]],"btipPosition":[117.501,159.778,-38.5493],"carpPosition":[92.7489,62.1867,13.611],"dipPosition":[116.215,147.263,-30.5532],"direction":[0.131152,0.85866,-0.495482],"extended":true,"handId":109,"id":1094,"length":43.6839,"mcpPosition":[107.442,105.668,-9.54631],"pipPosition":[113.996,132.738,-22.172],"stabilizedTipPosition":[46.202,161.408,-6.30067],"timeVisible":3.48663,"tipPosition":[116.182,153.489,-41.87],"tipVelocity":[291.24,-197.092,-69.5962],"tool":false,"touchDistance":-0.311367,"touchZone":"touching","type":4,"width":15.1538}],"r":[[0.879694,-0.219489,-0.421857],[0.0382506,0.916895,-0.397291],[0.473999,0.333358,0.814983]],"s":1.28125,"t":[1.94753,-49.5106,3.21927],"timestamp":7998497439},{"currentFrameRate":115.137,"devices":[],"gestures":[],"hands":[{"armBasis":[[0.925233,-0.258,-0.278173],[0.374256,0.500329,0.780771],[-0.0622608,-0.826503,0.559478]],"armWidth":59.0231,"confidence":1,"direction":[0.102804,0.95281,-0.285632],"elbow":[61.5907,-158.267,161.435],"grabAngle":0.119349,"grabStrength":0,"id":109,"palmNormal":[-0.359925,-0.232063,-0.90366],"palmPosition":[75.3699,102.864,4.34376],"palmVelocity":[-0.941295,-19.1668,-15.4181],"palmWidth":80.6694,"pinchDistance":56.8482,"pinchStrength":0,"r":[[0.907956,-0.226187,-0.352783],[0.0517954,0.895947,-0.441131],[0.415852,0.382255,0.825196]],"s":1.28936,"sphereCenter":[-8.42129,44.6,-219.598],"sphereRadius":249.807,"stabilizedPalmPosition":[73.7,102.164,4.7928],"t":[2.67066,-49.2542,2.99103],"timeVisible":3.49485,"type":"right","wrist":[76.4944,39.5772,27.5102]}],"id":138871,"interactionBox":{"center":[0,200,0],"size":[235.247,235.247,147.751]},"pointables":[{"bases":[[[0.71513,0.314737,0.624123],[-0.625443,-0.110563,0.772397],[0.312107,-0.942718,0.117783]],[[0.682642,0.401918,0.610296],[-0.587267,-0.195276,0.785484],[0.434876,-0.894611,0.102729]],[[0.682642,0.401918,0.610296],[-0.694563,0.0972969,0.712822],[0.227116,-0.910492,0.345576]],[[0.682642,0.401918,0.610296],[-0.730575,0.393787,0.557846],[-0.016119,-0.826676,0.562447]]],"btipPosition":[25.2817,139.82,-6.51901],"carpPosition":[50.8982,56.6485,19.6017],"dipPosition":[24.9554,123.088,4.86518],"direction":[-0.227116,0.910492,-0.345576],"extended":true,"handId":109,"id":1090,"length":45.0726,"mcpPosition":[50.8982,56.6485,19.6017],"pipPosition":[31.6525,96.2401,15.0553],"stabilizedTipPosition":[32.9148,133.225,-3.87273],"timeVisible":3.49485,"tipPosition":[29.0962,133.112,-4.19294],"tipVelocity":[10.2512,100.932,55.5425],"tool":false,"touchDistance":0.402703,"touchZone":"hovering","type":0,"width":19.1104},{"bases":[[[0.931397,-0.0329486,-0.362511],[0.34788,0.373704,0.85984],[0.107141,-0.926963,0.359529]],[[0.937509,-0.131314,-0.322232],[0.347903,0.370763,0.861103],[0.00639644,-0.919397,0.393278]],[[0.937509,-0.131314,-0.322232],[0.345394,0.46347,0.816026],[0.0421891,-0.876329,0.479863]],[[0.937509,-0.131314,-0.322232],[0.338388,0.559799,0.756385],[0.0810611,-0.818157,0.569252]]],"btipPosition":[55.438,193.341,-26.2294],"carpPosition":[64.7437,68.3111,30.2757],"dipPosition":[56.6358,181.252,-17.818],"direction":[-0.0421891,0.876329,-0.479863],"extended":true,"handId":109,"id":1091,"length":50.8594,"mcpPosition":[57.7554,128.772,6.82549],"pipPosition":[57.5177,162.933,-7.78707],"stabilizedTipPosition":[60.2443,187.416,-16.2388],"timeVisible":3.49485,"tipPosition":[62.7751,188.376,-26.1637],"tipVelocity":[155.75,-21.7302,-141.621],"tool":false,"touchDistance":0.333333,"touchZone":"hovering","type":1,"width":18.2543},{"bases":[[[0.864265,-0.221103,-0.451839],[0.502604,0.342312,0.793859],[-0.0208549,-0.913201,0.406975]],[[0.863703,-0.238671,-0.443908],[0.503367,0.364314,0.783515],[-0.0252806,-0.900173,0.434798]],[[0.863703,-0.238671,-0.443908],[0.504,0.406439,0.762097],[-0.00146887,-0.881954,0.471333]],[[0.863703,-0.238671,-0.443908],[0.502957,0.464849,0.728663],[0.0324391,-0.852615,0.521532]]],"btipPosition":[77.1238,198.56,-35.8949],"carpPosition":[75.2711,69.0034,27.4708],"dipPosition":[77.651,184.703,-27.4189],"direction":[0.00146887,0.881954,-0.471333],"extended":true,"handId":109,"id":1092,"length":57.9502,"mcpPosition":[76.5611,125.489,2.29754],"pipPosition":[77.6149,163.014,-15.8274],"stabilizedTipPosition":[65.0023,195,-16.8721],"timeVisible":3.49485,"tipPosition":[77.9149,191.155,-38.4839],"tipVelocity":[223.786,-61.9047,-112.765],"tool":false,"touchDistance":-0.264045,"touchZone":"touching","type":2,"width":17.9281},{"bases":[[[0.811412,-0.37825,-0.445575],[0.562146,0.296355,0.772118],[-0.160005,-0.876984,0.453098]],[[0.819633,-0.324284,-0.472273],[0.564305,0.314825,0.763181],[-0.0988036,-0.892034,0.441036]],[[0.819633,-0.324284,-0.472273],[0.564305,0.314825,0.763181],[-0.0988036,-0.892034,0.441036]],[[0.819633,-0.324284,-0.472273],[0.567735,0.349449,0.74536],[-0.0766726,-0.879048,0.470527]]],"btipPosition":[101.364,186.292,-37.4629],"carpPosition":[85.0545,67.5445,22.9114],"dipPosition":[100.125,172.088,-29.8598],"direction":[0.0988036,0.892034,-0.441036],"extended":true,"handId":109,"id":1093,"length":55.7206,"mcpPosition":[93.9404,116.248,-2.25143],"pipPosition":[97.7583,150.717,-19.2935],"stabilizedTipPosition":[56.5133,183.84,-11.3081],"timeVisible":3.49485,"tipPosition":[102,178.154,-42.732],"tipVelocity":[236.472,-77.5905,-15.023],"tool":false,"touchDistance":-0.300373,"touchZone":"touching","type":3,"width":17.0597},{"bases":[[[0.683329,-0.520941,-0.511549],[0.665148,0.155264,0.730391],[-0.301066,-0.839353,0.452599]],[[0.705915,-0.449636,-0.547276],[0.666367,0.159698,0.728321],[-0.240081,-0.87882,0.412356]],[[0.705915,-0.449636,-0.547276],[0.666367,0.159698,0.728321],[-0.240081,-0.87882,0.412356]],[[0.705915,-0.449636,-0.547276],[0.679599,0.212261,0.702204],[-0.199571,-0.867625,0.455411]]],"btipPosition":[122.081,159.792,-35.4873],"carpPosition":[92.226,61.9686,14.154],"dipPosition":[119.106,146.858,-28.6984],"direction":[0.240081,0.87882,-0.412356],"extended":true,"handId":109,"id":1094,"length":43.6839,"mcpPosition":[107.703,105.118,-9.11333],"pipPosition":[115.045,131.993,-21.7233],"stabilizedTipPosition":[56.3792,160.787,-10.0396],"timeVisible":3.49485,"tipPosition":[118.259,153.461,-40.0689],"tipVelocity":[509.392,-10.0084,338.36],"tool":false,"touchDistance":-0.270122,"touchZone":"touching","type":4,"width":15.1538}],"r":[[0.907956,-0.226187,-0.352783],[0.0517954,0.895947,-0.441131],[0.415852,0.382255,0.825196]],"s":1.28936,"t":[2.67066,-49.2542,2.99103],"timestamp":7998505668},{"currentFrameRate":115.154,"devices":[],"gestures":[],"hands":[{"armBasis":[[0.904448,-0.350827,-0.24268],[0.370337,0.363407,0.85486],[-0.211716,-0.86305,0.458607]],"armWidth":59.0231,"confidence":1,"direction":[0.117876,0.948309,-0.294644],"elbow":[23.3875,-166.874,136.654],"grabAngle":0.111652,"grabStrength":0,"id":109,"palmNormal":[-0.357601,-0.236269,-0.903493],"palmPosition":[75.253,103.083,4.16057],"palmVelocity":[-13.5029,25.2928,-21.1691],"palmWidth":80.6694,"pinchDistance":56.9606,"pinchStrength":0,"r":[[0.927127,-0.231734,-0.294506],[0.0677454,0.876575,-0.476472],[0.368572,0.421799,0.828396]],"s":1.29661,"sphereCenter":[0.0264368,52.4444,-201.302],"sphereRadius":228.602,"stabilizedPalmPosition":[74.2126,102.468,4.58412],"t":[2.9738,-49.0166,2.78531],"timeVisible":3.50351,"type":"right","wrist":[74.0672,39.7184,26.8749]}],"id":138872,"interactionBox":{"center":[0,200,0],"size":[235.247,235.247,147.751]},"pointables":[{"bases":[[[0.715632,0.311117,0.625361],[-0.631644,-0.0939213,0.769548],[0.298155,-0.945719,0.129302]],[[0.688277,0.388897,0.6124],[-0.591614,-0.187649,0.784079],[0.419843,-0.901968,0.100923]],[[0.688277,0.388897,0.6124],[-0.694796,0.110585,0.710655],[0.208649,-0.91462,0.346317]],[[0.688277,0.388897,0.6124],[-0.725015,0.397926,0.562146],[-0.0250729,-0.830911,0.55584]]],"btipPosition":[25.8185,141.077,-6.19538],"carpPosition":[50.044,57.3715,19.7335],"dipPosition":[25.3111,124.258,5.05508],"direction":[-0.208649,0.91462,-0.346317],"extended":true,"handId":109,"id":1090,"length":45.0726,"mcpPosition":[50.044,57.3715,19.7335],"pipPosition":[31.4636,97.2887,15.2671],"stabilizedTipPosition":[29.3753,135.18,-3.74271],"timeVisible":3.50351,"tipPosition":[29.1833,134.129,-4.87188],"tipVelocity":[57.2174,142.865,33.8429],"tool":false,"touchDistance":0.333333,"touchZone":"hovering","type":0,"width":19.1104},{"bases":[[[0.933045,-0.0496341,-0.356318],[0.347808,0.377607,0.858162],[0.0919543,-0.924635,0.369588]],[[0.937482,-0.152291,-0.312945],[0.347757,0.374052,0.859739],[-0.0138727,-0.914818,0.403627]],[[0.937482,-0.152291,-0.312945],[0.347438,0.462113,0.815928],[0.0203576,-0.873647,0.486134]],[[0.937482,-0.152291,-0.312945],[0.342749,0.560086,0.754206],[0.0604175,-0.814316,0.577268]]],"btipPosition":[57.1852,193.544,-27.4203],"carpPosition":[63.9857,68.9488,30.3751],"dipPosition":[58.0779,181.511,-18.8904],"direction":[-0.0203576,0.873647,-0.486134],"extended":true,"handId":109,"id":1091,"length":50.8594,"mcpPosition":[57.988,129.258,6.26871],"pipPosition":[58.5035,163.249,-8.72838],"stabilizedTipPosition":[59.6791,188.081,-18.0648],"timeVisible":3.50351,"tipPosition":[63.8746,188.504,-27.2455],"tipVelocity":[193.782,24.9564,-134.459],"tool":false,"touchDistance":0.31475,"touchZone":"hovering","type":1,"width":18.2543},{"bases":[[[0.863835,-0.23774,-0.44415],[0.502478,0.343388,0.793474],[-0.0361248,-0.908606,0.41609]],[[0.862461,-0.263437,-0.432159],[0.5037,0.363316,0.783765],[-0.0494623,-0.893645,0.44604]],[[0.862461,-0.263437,-0.432159],[0.505409,0.402928,0.763028],[-0.026881,-0.876499,0.480653]],[[0.862461,-0.263437,-0.432159],[0.505964,0.470193,0.723132],[0.0126982,-0.84233,0.538813]]],"btipPosition":[79.2899,198.165,-37.279],"carpPosition":[74.5388,69.4656,27.6292],"dipPosition":[79.4962,184.475,-28.5221],"direction":[0.026881,0.876499,-0.480653],"extended":true,"handId":109,"id":1092,"length":57.9502,"mcpPosition":[76.7733,125.667,1.89218],"pipPosition":[78.8351,162.919,-16.7014],"stabilizedTipPosition":[67.7593,195.003,-20.4096],"timeVisible":3.50351,"tipPosition":[79.2975,191.077,-39.3477],"tipVelocity":[241.765,-41.256,-152.464],"tool":false,"touchDistance":-0.285765,"touchZone":"touching","type":2,"width":17.9281},{"bases":[[[0.80875,-0.394063,-0.436621],[0.561503,0.296386,0.772573],[-0.175034,-0.869983,0.46097]],[[0.816898,-0.347345,-0.460465],[0.563429,0.309776,0.765889],[-0.123387,-0.885093,0.44876]],[[0.816898,-0.347345,-0.460465],[0.563429,0.309776,0.765889],[-0.123387,-0.885093,0.44876]],[[0.816898,-0.347345,-0.460465],[0.567069,0.337773,0.751227],[-0.105402,-0.874792,0.472895]]],"btipPosition":[103.476,185.68,-38.187],"carpPosition":[84.3286,67.8239,23.1462],"dipPosition":[101.773,171.544,-30.5456],"direction":[0.123387,0.885093,-0.44876],"extended":true,"handId":109,"id":1093,"length":55.7206,"mcpPosition":[94.0491,116.138,-2.45378],"pipPosition":[98.8169,150.339,-19.7943],"stabilizedTipPosition":[65.2116,183.577,-16.0001],"timeVisible":3.50351,"tipPosition":[103.215,177.747,-43.1662],"tipVelocity":[231.686,-68.97,-82.6575],"tool":false,"touchDistance":-0.309399,"touchZone":"touching","type":3,"width":17.0597},{"bases":[[[0.679088,-0.535624,-0.501943],[0.662774,0.153453,0.732928],[-0.315549,-0.830397,0.459205]],[[0.701046,-0.471161,-0.535296],[0.660911,0.147355,0.735856],[-0.267828,-0.869651,0.414698]],[[0.701046,-0.471161,-0.535296],[0.660911,0.147355,0.735856],[-0.267828,-0.869651,0.414698]],[[0.701046,-0.471161,-0.535296],[0.673724,0.191566,0.713722],[-0.233733,-0.860993,0.451729]]],"btipPosition":[123.902,158.888,-35.5463],"carpPosition":[91.4748,62.0592,14.4909],"dipPosition":[120.417,146.053,-28.8123],"direction":[0.267828,0.869651,-0.414698],"extended":true,"handId":109,"id":1094,"length":43.6839,"mcpPosition":[107.697,104.748,-9.11598],"pipPosition":[115.887,131.343,-21.7975],"stabilizedTipPosition":[68.8638,159.879,-14.5225],"timeVisible":3.50351,"tipPosition":[119.345,152.81,-40.1221],"tipVelocity":[196.822,-101.845,-8.27836],"tool":false,"touchDistance":-0.272776,"touchZone":"touching","type":4,"width":15.1538}],"r":[[0.927127,-0.231734,-0.294506],[0.0677454,0.876575,-0.476472],[0.368572,0.421799,0.828396]],"s":1.29661,"t":[2.9738,-49.0166,2.78531],"timestamp":7998514322},{"currentFrameRate":115.146,"devices":[],"gestures":[],"hands":[{"armBasis":[[0.89252,-0.38974,-0.22696],[0.355418,0.298015,0.885926],[-0.277643,-0.871372,0.404505]],"armWidth":59.0231,"confidence":1,"direction":[0.125731,0.941214,-0.313541],"elbow":[7.11177,-167.464,124.211],"grabAngle":0.0936839,"grabStrength":0,"id":109,"palmNormal":[-0.349851,-0.253679,-0.901805],"palmPosition":[75.8582,104.152,4.02089],"palmVelocity":[69.5727,122.91,-16.0562],"palmWidth":80.6694,"pinchDistance":42.9114,"pinchStrength":0,"r":[[0.940521,-0.23621,-0.244181],[0.0838233,0.857863,-0.506995],[0.329232,0.456371,0.826639]],"s":1.30717,"sphereCenter":[33.1246,77.3653,-142.125],"sphereRadius":159.809,"stabilizedPalmPosition":[74.8363,103.106,4.37065],"t":[3.42798,-48.3632,2.61261],"timeVisible":3.51221,"type":"right","wrist":[73.5727,41.1212,27.3825]}],"id":138873,"interactionBox":{"center":[0,200,0],"size":[235.247,235.247,147.751]},"pointables":[{"bases":[[[0.711008,0.320793,0.625748],[-0.639724,-0.0743424,0.765001],[0.291926,-0.944227,0.152361]],[[0.684554,0.397456,0.611076],[-0.596,-0.177507,0.783119],[0.419726,-0.900289,0.11537]],[[0.684554,0.397456,0.611076],[-0.69839,0.11737,0.706028],[0.208893,-0.910084,0.357925]],[[0.684554,0.397456,0.611076],[-0.728819,0.38974,0.562961],[-0.0144087,-0.830742,0.556471]]],"btipPosition":[25.8149,142.403,-6.61466],"carpPosition":[50.2582,58.9095,20.3086],"dipPosition":[25.5233,125.588,4.64859],"direction":[-0.208893,0.910084,-0.357925],"extended":true,"handId":109,"id":1090,"length":45.0726,"mcpPosition":[50.2582,58.9095,20.3086],"pipPosition":[31.683,98.7524,15.2029],"stabilizedTipPosition":[27.4968,136.918,-3.88843],"timeVisible":3.51221,"tipPosition":[29.7114,135.483,-5.96835],"tipVelocity":[5.2882,152.581,-47.8606],"tool":false,"touchDistance":0.333333,"touchZone":"hovering","type":0,"width":19.1104},{"bases":[[[0.936261,-0.0618788,-0.345812],[0.341245,0.394066,0.853384],[0.0834664,-0.916997,0.390065]],[[0.939846,-0.158021,-0.30285],[0.340883,0.376561,0.861395],[-0.0220777,-0.912815,0.407776]],[[0.939846,-0.158021,-0.30285],[0.341466,0.459182,0.820093],[0.00947072,-0.874175,0.48552]],[[0.939846,-0.158021,-0.30285],[0.337843,0.561075,0.755683],[0.0505071,-0.812542,0.580711]]],"btipPosition":[58.5858,194.648,-28.4822],"carpPosition":[64.1539,70.6411,30.8409],"dipPosition":[59.3321,182.642,-19.9014],"direction":[-0.00947072,0.874175,-0.48552],"extended":true,"handId":109,"id":1091,"length":50.8594,"mcpPosition":[58.7098,130.452,5.39892],"pipPosition":[59.5301,164.369,-9.75232],"stabilizedTipPosition":[59.4793,188.906,-19.8954],"timeVisible":3.51221,"tipPosition":[64.7316,189.17,-29.0884],"tipVelocity":[157.141,127.663,-120.733],"tool":false,"touchDistance":0.299502,"touchZone":"hovering","type":1,"width":18.2543},{"bases":[[[0.866946,-0.251466,-0.430313],[0.496368,0.357704,0.790991],[-0.0449822,-0.89934,0.434929]],[[0.865013,-0.280716,-0.415873],[0.496924,0.364632,0.787471],[-0.0694151,-0.88783,0.454906]],[[0.865013,-0.280716,-0.415873],[0.499468,0.402823,0.766984],[-0.0477815,-0.871167,0.488656]],[[0.865013,-0.280716,-0.415873],[0.501748,0.482185,0.718156],[-0.00107022,-0.829877,0.557945]]],"btipPosition":[81.6047,198.597,-38.7602],"carpPosition":[74.7362,71.0465,28.1906],"dipPosition":[81.5873,185.109,-29.6924],"direction":[0.0477815,0.871167,-0.488656],"extended":true,"handId":109,"id":1092,"length":57.9502,"mcpPosition":[77.5185,126.675,1.28825],"pipPosition":[80.4122,163.685,-17.6749],"stabilizedTipPosition":[70.6714,195.107,-23.8316],"timeVisible":3.51221,"tipPosition":[80.8451,191.459,-41.0034],"tipVelocity":[260.183,55.0029,-162.062],"tool":false,"touchDistance":-0.306669,"touchZone":"touching","type":2,"width":17.9281},{"bases":[[[0.810976,-0.407315,-0.420015],[0.555352,0.309972,0.771687],[-0.184127,-0.859076,0.477583]],[[0.818739,-0.366457,-0.442014],[0.554824,0.306817,0.773326],[-0.147773,-0.878392,0.454523]],[[0.818739,-0.366457,-0.442014],[0.554824,0.306817,0.773326],[-0.147773,-0.878392,0.454523]],[[0.818739,-0.366457,-0.442014],[0.559198,0.334292,0.758648],[-0.13025,-0.868308,0.47862]]],"btipPosition":[106.142,185.987,-38.8673],"carpPosition":[84.5612,69.2608,23.8418],"dipPosition":[104.037,171.956,-31.1334],"direction":[0.147773,0.878392,-0.454523],"extended":true,"handId":109,"id":1093,"length":55.7206,"mcpPosition":[94.7867,116.97,-2.68076],"pipPosition":[100.497,150.911,-20.2439],"stabilizedTipPosition":[74.4729,183.39,-20.8289],"timeVisible":3.51221,"tipPosition":[104.764,178.105,-43.9307],"tipVelocity":[295.822,38.0483,-75.7513],"tool":false,"touchDistance":-0.316677,"touchZone":"touching","type":3,"width":17.0597},{"bases":[[[0.681232,-0.549586,-0.48361],[0.656264,0.165723,0.736107],[-0.324408,-0.818835,0.473569]],[[0.699949,-0.49802,-0.511906],[0.646349,0.136811,0.750677],[-0.303818,-0.856305,0.417655]],[[0.699949,-0.49802,-0.511906],[0.646349,0.136811,0.750677],[-0.303818,-0.856305,0.417655]],[[0.699949,-0.49802,-0.511906],[0.658664,0.17304,0.73227],[-0.276104,-0.849725,0.449147]]],"btipPosition":[126.986,158.71,-35.4944],"carpPosition":[91.7628,63.2773,15.3832],"dipPosition":[122.87,146.043,-28.7989],"direction":[0.303818,0.856305,-0.417655],"extended":true,"handId":109,"id":1094,"length":43.6839,"mcpPosition":[108.44,105.372,-8.96217],"pipPosition":[117.731,131.558,-21.7342],"stabilizedTipPosition":[82.387,158.913,-19.1186],"timeVisible":3.51221,"tipPosition":[121.24,153.044,-40.1026],"tipVelocity":[337.876,-16.0359,4.94273],"tool":false,"touchDistance":-0.274745,"touchZone":"touching","type":4,"width":15.1538}],"r":[[0.940521,-0.23621,-0.244181],[0.0838233,0.857