{"frames":225,"data":[{"currentFrameRate":114.043,"devices":[],"gestures":[],"hands":[],"id":508258,"interactionBox":{"center":[0,200,0],"size":[235.247,235.247,147.751]},"pointables":[],"r":[[0.525159,0.849467,-0.0511263],[-0.711464,0.405292,-0.574071],[-0.466933,0.337853,0.817208]],"s":1.6327,"t":[-84.7569,-911.118,504.135],"timestamp":486078494297},{"currentFrameRate":114.043,"devices":[],"gestures":[],"hands":[],"id":508259,"interactionBox":{"center":[0,200,0],"size":[235.247,235.247,147.751]},"pointables":[],"r":[[0.525159,0.849467,-0.0511263],[-0.711464,0.405292,-0.574071],[-0.466933,0.337853,0.817208]],"s":1.6327,"t":[-84.7569,-911.118,504.135],"timestamp":486078503065},{"currentFrameRate":114.021,"devices":[],"gestures":[],"hands":[],"id":508260,"interactionBox":{"center":[0,200,0],"size":[235.247,235.247,147.751]},"pointables":[],"r":[[0.525159,0.849467,-0.0511263],[-0.711464,0.405292,-0.574071],[-0.466933,0.337853,0.817208]],"s":1.6327,"t":[-84.7569,-911.118,504.135],"timestamp":486078511874},{"currentFrameRate":114.068,"devices":[],"gestures":[],"hands":[],"id":508261,"interactionBox":{"center":[0,200,0],"size":[235.247,235.247,147.751]},"pointables":[],"r":[[0.525159,0.849467,-0.0511263],[-0.711464,0.405292,-0.574071],[-0.466933,0.337853,0.817208]],"s":1.6327,"t":[-84.7569,-911.118,504.135],"timestamp":486078520560},{"currentFrameRate":114.192,"devices":[],"gestures":[],"hands":[],"id":508262,"interactionBox":{"center":[0,200,0],"size":[235.247,235.247,147.751]},"pointables":[],"r":[[0.525159,0.849467,-0.0511263],[-0.711464,0.405292,-0.574071],[-0.466933,0.337853,0.817208]],"s":1.6327,"t":[-84.7569,-911.118,504.135],"timestamp":486078529105},{"currentFrameRate":114.257,"devices":[],"gestures":[],"hands":[],"id":508263,"interactionBox":{"center":[0,200,0],"size":[235.247,235.247,147.751]},"pointables":[],"r":[[0.525159,0.849467,-0.0511263],[-0.711464,0.405292,-0.574071],[-0.466933,0.337853,0.817208]],"s":1.6327,"t":[-84.7569,-911.118,504.135],"timestamp":486078537746},{"currentFrameRate":114.29,"devices":[],"gestures":[],"hands":[],"id":508264,"interactionBox":{"center":[0,200,0],"size":[235.247,235.247,147.751]},"pointables":[],"r":[[0.525159,0.849467,-0.0511263],[-0.711464,0.405292,-0.574071],[-0.466933,0.337853,0.817208]],"s":1.6327,"t":[-84.7569,-911.118,504.135],"timestamp":486078546438},{"currentFrameRate":114.346,"devices":[],"gestures":[],"hands":[],"id":508265,"interactionBox":{"center":[0,200,0],"size":[235.247,235.247,147.751]},"pointables":[],"r":[[0.525159,0.849467,-0.0511263],[-0.711464,0.405292,-0.574071],[-0.466933,0.337853,0.817208]],"s":1.6327,"t":[-84.7569,-911.118,504.135],"timestamp":486078555088},{"currentFrameRate":114.365,"devices":[],"gestures":[],"hands":[],"id":508266,"interactionBox":{"center":[0,200,0],"size":[235.247,235.247,147.751]},"pointables":[],"r":[[0.525159,0.849467,-0.0511263],[-0.711464,0.405292,-0.574071],[-0.466933,0.337853,0.817208]],"s":1.6327,"t":[-84.7569,-911.118,504.135],"timestamp":486078563799},{"currentFrameRate":114.429,"devices":[],"gestures":[],"hands":[],"id":508267,"interactionBox":{"center":[0,200,0],"size":[235.247,235.247,147.751]},"pointables":[],"r":[[0.525159,0.849467,-0.0511263],[-0.711464,0.405292,-0.574071],[-0.466933,0.337853,0.817208]],"s":1.6327,"t":[-84.7569,-911.118,504.135],"timestamp":486078572429},{"currentFrameRate":114.465,"devices":[],"gestures":[],"hands":[],"id":508268,"interactionBox":{"center":[0,200,0],"size":[235.247,235.247,147.751]},"pointables":[],"r":[[0.525159,0.849467,-0.0511263],[-0.711464,0.405292,-0.574071],[-0.466933,0.337853,0.817208]],"s":1.6327,"t":[-84.7569,-911.118,504.135],"timestamp":486078581103},{"currentFrameRate":114.505,"devices":[],"gestures":[],"hands":[],"id":508269,"interactionBox":{"center":[0,200,0],"size":[235.247,235.247,147.751]},"pointables":[],"r":[[0.525159,0.849467,-0.0511263],[-0.711464,0.405292,-0.574071],[-0.466933,0.337853,0.817208]],"s":1.6327,"t":[-84.7569,-911.118,504.135],"timestamp":486078589768},{"currentFrameRate":114.521,"devices":[],"gestures":[],"hands":[],"id":508270,"interactionBox":{"center":[0,200,0],"size":[235.247,235.247,147.751]},"pointables":[],"r":[[0.525159,0.849467,-0.0511263],[-0.711464,0.405292,-0.574071],[-0.466933,0.337853,0.817208]],"s":1.6327,"t":[-84.7569,-911.118,504.135],"timestamp":486078598474},{"currentFrameRate":114.554,"devices":[],"gestures":[],"hands":[],"id":508271,"interactionBox":{"center":[0,200,0],"size":[235.247,235.247,147.751]},"pointables":[],"r":[[0.525159,0.849467,-0.0511263],[-0.711464,0.405292,-0.574071],[-0.466933,0.337853,0.817208]],"s":1.6327,"t":[-84.7569,-911.118,504.135],"timestamp":486078607146},{"currentFrameRate":114.572,"devices":[],"gestures":[],"hands":[],"id":508272,"interactionBox":{"center":[0,200,0],"size":[235.247,235.247,147.751]},"pointables":[],"r":[[0.525159,0.849467,-0.0511263],[-0.711464,0.405292,-0.574071],[-0.466933,0.337853,0.817208]],"s":1.6327,"t":[-84.7569,-911.118,504.135],"timestamp":486078615843},{"currentFrameRate":114.616,"devices":[],"gestures":[],"hands":[],"id":508273,"interactionBox":{"center":[0,200,0],"size":[235.247,235.247,147.751]},"pointables":[],"r":[[0.525159,0.849467,-0.0511263],[-0.711464,0.405292,-0.574071],[-0.466933,0.337853,0.817208]],"s":1.6327,"t":[-84.7569,-911.118,504.135],"timestamp":486078624494},{"currentFrameRate":114.653,"devices":[],"gestures":[],"hands":[],"id":508274,"interactionBox":{"center":[0,200,0],"size":[235.247,235.247,147.751]},"pointables":[],"r":[[0.525159,0.849467,-0.0511263],[-0.711464,0.405292,-0.574071],[-0.466933,0.337853,0.817208]],"s":1.6327,"t":[-84.7569,-911.118,504.135],"timestamp":486078633152},{"currentFrameRate":114.67,"devices":[],"gestures":[],"hands":[],"id":508275,"interactionBox":{"center":[0,200,0],"size":[235.247,235.247,147.751]},"pointables":[],"r":[[0.525159,0.849467,-0.0511263],[-0.711464,0.405292,-0.574071],[-0.466933,0.337853,0.817208]],"s":1.6327,"t":[-84.7569,-911.118,504.135],"timestamp":486078641844},{"currentFrameRate":114.725,"devices":[],"gestures":[],"hands":[],"id":508276,"interactionBox":{"center":[0,200,0],"size":[235.247,235.247,147.751]},"pointables":[],"r":[[0.525159,0.849467,-0.0511263],[-0.711464,0.405292,-0.574071],[-0.466933,0.337853,0.817208]],"s":1.6327,"t":[-84.7569,-911.118,504.135],"timestamp":486078650467},{"currentFrameRate":114.714,"devices":[],"gestures":[],"hands":[],"id":508277,"interactionBox":{"center":[0,200,0],"size":[235.247,235.247,147.751]},"pointables":[],"r":[[0.525159,0.849467,-0.0511263],[-0.711464,0.405292,-0.574071],[-0.466933,0.337853,0.817208]],"s":1.6327,"t":[-84.7569,-911.118,504.135],"timestamp":486078659203},{"currentFrameRate":114.779,"devices":[],"gestures":[],"hands":[],"id":508278,"interactionBox":{"center":[0,200,0],"size":[235.247,235.247,147.751]},"pointables":[],"r":[[0.525159,0.849467,-0.0511263],[-0.711464,0.405292,-0.574071],[-0.466933,0.337853,0.817208]],"s":1.6327,"t":[-84.7569,-911.118,504.135],"timestamp":486078667805},{"currentFrameRate":114.773,"devices":[],"gestures":[],"hands":[],"id":508279,"interactionBox":{"center":[0,200,0],"size":[235.247,235.247,147.751]},"pointables":[],"r":[[0.525159,0.849467,-0.0511263],[-0.711464,0.405292,-0.574071],[-0.466933,0.337853,0.817208]],"s":1.6327,"t":[-84.7569,-911.118,504.135],"timestamp":486078676527},{"currentFrameRate":114.814,"devices":[],"gestures":[],"hands":[],"id":508280,"interactionBox":{"center":[0,200,0],"size":[235.247,235.247,147.751]},"pointables":[],"r":[[0.525159,0.849467,-0.0511263],[-0.711464,0.405292,-0.574071],[-0.466933,0.337853,0.817208]],"s":1.6327,"t":[-84.7569,-911.118,504.135],"timestamp":486078685167},{"currentFrameRate":114.821,"devices":[],"gestures":[],"hands":[],"id":508281,"interactionBox":{"center":[0,200,0],"size":[235.247,235.247,147.751]},"pointables":[],"r":[[0.525159,0.849467,-0.0511263],[-0.711464,0.405292,-0.574071],[-0.466933,0.337853,0.817208]],"s":1.6327,"t":[-84.7569,-911.118,504.135],"timestamp":486078693865},{"currentFrameRate":114.882,"devices":[],"gestures":[],"hands":[],"id":508282,"interactionBox":{"center":[0,200,0],"size":[235.247,235.247,147.751]},"pointables":[],"r":[[0.525159,0.849467,-0.0511263],[-0.711464,0.405292,-0.574071],[-0.466933,0.337853,0.817208]],"s":1.6327,"t":[-84.7569,-911.118,504.135],"timestamp":486078702465},{"currentFrameRate":114.873,"devices":[],"gestures":[],"hands":[],"id":508283,"interactionBox":{"center":[0,200,0],"size":[235.247,235.247,147.751]},"pointables":[],"r":[[0.525159,0.849467,-0.0511263],[-0.711464,0.405292,-0.574071],[-0.466933,0.337853,0.817208]],"s":1.6327,"t":[-84.7569,-911.118,504.135],"timestamp":486078711185},{"currentFrameRate":114.917,"devices":[],"gestures":[],"hands":[],"id":508284,"interactionBox":{"center":[0,200,0],"size":[235.247,235.247,147.751]},"pointables":[],"r":[[0.525159,0.849467,-0.0511263],[-0.711464,0.405292,-0.574071],[-0.466933,0.337853,0.817208]],"s":1.6327,"t":[-84.7569,-911.118,504.135],"timestamp":486078719813},{"currentFrameRate":114.902,"devices":[],"gestures":[],"hands":[],"id":508285,"interactionBox":{"center":[0,200,0],"size":[235.247,235.247,147.751]},"pointables":[],"r":[[0.525159,0.849467,-0.0511263],[-0.711464,0.405292,-0.574071],[-0.466933,0.337853,0.817208]],"s":1.6327,"t":[-84.7569,-911.118,504.135],"timestamp":486078728541},{"currentFrameRate":114.883,"devices":[],"gestures":[],"hands":[],"id":508286,"interactionBox":{"center":[0,200,0],"size":[235.247,235.247,147.751]},"pointables":[],"r":[[0.525159,0.849467,-0.0511263],[-0.711464,0.405292,-0.574071],[-0.466933,0.337853,0.817208]],"s":1.6327,"t":[-84.7569,-911.118,504.135],"timestamp":486078737279},{"currentFrameRate":114.951,"devices":[],"gestures":[],"hands":[],"id":508287,"interactionBox":{"center":[0,200,0],"size":[235.247,235.247,147.751]},"pointables":[],"r":[[0.525159,0.849467,-0.0511263],[-0.711464,0.405292,-0.574071],[-0.466933,0.337853,0.817208]],"s":1.6327,"t":[-84.7569,-911.118,504.135],"timestamp":486078745861},{"currentFrameRate":114.968,"devices":[],"gestures":[],"hands":[],"id":508288,"interactionBox":{"center":[0,200,0],"size":[235.247,235.247,147.751]},"pointables":[],"r":[[0.525159,0.849467,-0.0511263],[-0.711464,0.405292,-0.574071],[-0.466933,0.337853,0.817208]],"s":1.6327,"t":[-84.7569,-911.118,504.135],"timestamp":486078754531},{"currentFrameRate":114.969,"devices":[],"gestures":[],"hands":[],"id":508289,"interactionBox":{"center":[0,200,0],"size":[235.247,235.247,147.751]},"pointables":[],"r":[[0.525159,0.849467,-0.0511263],[-0.711464,0.405292,-0.574071],[-0.466933,0.337853,0.817208]],"s":1.6327,"t":[-84.7569,-911.118,504.135],"timestamp":486078763228},{"currentFrameRate":115.002,"devices":[],"gestures":[],"hands":[],"id":508290,"interactionBox":{"center":[0,200,0],"size":[235.247,235.247,147.751]},"pointables":[],"r":[[0.525159,0.849467,-0.0511263],[-0.711464,0.405292,-0.574071],[-0.466933,0.337853,0.817208]],"s":1.6327,"t":[-84.7569,-911.118,504.135],"timestamp":486078771867},{"currentFrameRate":115.009,"devices":[],"gestures":[],"hands":[],"id":508291,"interactionBox":{"center":[0,200,0],"size":[235.247,235.247,147.751]},"pointables":[],"r":[[0.525159,0.849467,-0.0511263],[-0.711464,0.405292,-0.574071],[-0.466933,0.337853,0.817208]],"s":1.6327,"t":[-84.7569,-911.118,504.135],"timestamp":486078780549},{"currentFrameRate":115.005,"devices":[],"gestures":[],"hands":[],"id":508292,"interactionBox":{"center":[0,200,0],"size":[235.247,235.247,147.751]},"pointables":[],"r":[[0.525159,0.849467,-0.0511263],[-0.711464,0.405292,-0.574071],[-0.466933,0.337853,0.817208]],"s":1.6327,"t":[-84.7569,-911.118,504.135],"timestamp":486078789252},{"currentFrameRate":115.025,"devices":[],"gestures":[],"hands":[],"id":508293,"interactionBox":{"center":[0,200,0],"size":[235.247,235.247,147.751]},"pointables":[],"r":[[0.525159,0.849467,-0.0511263],[-0.711464,0.405292,-0.574071],[-0.466933,0.337853,0.817208]],"s":1.6327,"t":[-84.7569,-911.118,504.135],"timestamp":486078797912},{"currentFrameRate":115.026,"devices":[],"gestures":[],"hands":[],"id":508294,"interactionBox":{"center":[0,200,0],"size":[235.247,235.247,147.751]},"pointables":[],"r":[[0.525159,0.849467,-0.0511263],[-0.711464,0.405292,-0.574071],[-0.466933,0.337853,0.817208]],"s":1.6327,"t":[-84.7569,-911.118,504.135],"timestamp":486078806603},{"currentFrameRate":115.045,"devices":[],"gestures":[],"hands":[],"id":508295,"interactionBox":{"center":[0,200,0],"size":[235.247,235.247,147.751]},"pointables":[],"r":[[0.525159,0.849467,-0.0511263],[-0.711464,0.405292,-0.574071],[-0.466933,0.337853,0.817208]],"s":1.6327,"t":[-84.7569,-911.118,504.135],"timestamp":486078815264},{"currentFrameRate":115.039,"devices":[],"gestures":[],"hands":[],"id":508296,"interactionBox":{"center":[0,200,0],"size":[235.247,235.247,147.751]},"pointables":[],"r":[[0.525159,0.849467,-0.0511263],[-0.711464,0.405292,-0.574071],[-0.466933,0.337853,0.817208]],"s":1.6327,"t":[-84.7569,-911.118,504.135],"timestamp":486078823967},{"currentFrameRate":115.064,"devices":[],"gestures":[],"hands":[],"id":508297,"interactionBox":{"center":[0,200,0],"size":[235.247,235.247,147.751]},"pointables":[],"r":[[0.525159,0.849467,-0.0511263],[-0.711464,0.405292,-0.574071],[-0.466933,0.337853,0.817208]],"s":1.6327,"t":[-84.7569,-911.118,504.135],"timestamp":486078832615},{"currentFrameRate":115.079,"devices":[],"gestures":[],"hands":[],"id":508298,"interactionBox":{"center":[0,200,0],"size":[235.247,235.247,147.751]},"pointables":[],"r":[[0.525159,0.849467,-0.0511263],[-0.711464,0.405292,-0.574071],[-0.466933,0.337853,0.817208]],"s":1.6327,"t":[-84.7569,-911.118,504.135],"timestamp":486078841278},{"currentFrameRate":115.096,"devices":[],"gestures":[],"hands":[],"id":508299,"interactionBox":{"center":[0,200,0],"size":[235.247,235.247,147.751]},"pointables":[],"r":[[0.525159,0.849467,-0.0511263],[-0.711464,0.405292,-0.574071],[-0.466933,0.337853,0.817208]],"s":1.6327,"t":[-84.7569,-911.118,504.135],"timestamp":486078849938},{"currentFrameRate":115.092,"devices":[],"gestures":[],"hands":[],"id":508300,"interactionBox":{"center":[0,200,0],"size":[235.247,235.247,147.751]},"pointables":[],"r":[[0.525159,0.849467,-0.0511263],[-0.711464,0.405292,-0.574071],[-0.466933,0.337853,0.817208]],"s":1.6327,"t":[-84.7569,-911.118,504.135],"timestamp":486078858634},{"currentFrameRate":115.108,"devices":[],"gestures":[],"hands":[],"id":508301,"interactionBox":{"center":[0,200,0],"size":[235.247,235.247,147.751]},"pointables":[],"r":[[0.525159,0.849467,-0.0511263],[-0.711464,0.405292,-0.574071],[-0.466933,0.337853,0.817208]],"s":1.6327,"t":[-84.7569,-911.118,504.135],"timestamp":486078867294},{"currentFrameRate":115.102,"devices":[],"gestures":[],"hands":[],"id":508302,"interactionBox":{"center":[0,200,0],"size":[235.247,235.247,147.751]},"pointables":[],"r":[[0.525159,0.849467,-0.0511263],[-0.711464,0.405292,-0.574071],[-0.466933,0.337853,0.817208]],"s":1.6327,"t":[-84.7569,-911.118,504.135],"timestamp":486078875993},{"currentFrameRate":115.136,"devices":[],"gestures":[],"hands":[],"id":508303,"interactionBox":{"center":[0,200,0],"size":[235.247,235.247,147.751]},"pointables":[],"r":[[0.525159,0.849467,-0.0511263],[-0.711464,0.405292,-0.574071],[-0.466933,0.337853,0.817208]],"s":1.6327,"t":[-84.7569,-911.118,504.135],"timestamp":486078884620},{"currentFrameRate":115.122,"devices":[],"gestures":[],"hands":[],"id":508304,"interactionBox":{"center":[0,200,0],"size":[235.247,235.247,147.751]},"pointables":[],"r":[[0.525159,0.849467,-0.0511263],[-0.711464,0.405292,-0.574071],[-0.466933,0.337853,0.817208]],"s":1.6327,"t":[-84.7569,-911.118,504.135],"timestamp":486078893330},{"currentFrameRate":115.112,"devices":[],"gestures":[],"hands":[],"id":508305,"interactionBox":{"center":[0,200,0],"size":[235.247,235.247,147.751]},"pointables":[],"r":[[0.525159,0.849467,-0.0511263],[-0.711464,0.405292,-0.574071],[-0.466933,0.337853,0.817208]],"s":1.6327,"t":[-84.7569,-911.118,504.135],"timestamp":486078902034},{"currentFrameRate":115.15,"devices":[],"gestures":[],"hands":[],"id":508306,"interactionBox":{"center":[0,200,0],"size":[235.247,235.247,147.751]},"pointables":[],"r":[[0.525159,0.849467,-0.0511263],[-0.711464,0.405292,-0.574071],[-0.466933,0.337853,0.817208]],"s":1.6327,"t":[-84.7569,-911.118,504.135],"timestamp":486078910654},{"currentFrameRate":115.133,"devices":[],"gestures":[],"hands":[],"id":508307,"interactionBox":{"center":[0,200,0],"size":[235.247,235.247,147.751]},"pointables":[],"r":[[0.525159,0.849467,-0.0511263],[-0.711464,0.405292,-0.574071],[-0.466933,0.337853,0.817208]],"s":1.6327,"t":[-84.7569,-911.118,504.135],"timestamp":486078919368},{"currentFrameRate":115.163,"devices":[],"gestures":[],"hands":[],"id":508308,"interactionBox":{"center":[0,200,0],"size":[235.247,235.247,147.751]},"pointables":[],"r":[[0.525159,0.849467,-0.0511263],[-0.711464,0.405292,-0.574071],[-0.466933,0.337853,0.817208]],"s":1.6327,"t":[-84.7569,-911.118,504.135],"timestamp":486078928000},{"currentFrameRate":115.104,"devices":[],"gestures":[],"hands":[],"id":508309,"interactionBox":{"center":[0,200,0],"size":[235.247,235.247,147.751]},"pointables":[],"r":[[0.525159,0.849467,-0.0511263],[-0.711464,0.405292,-0.574071],[-0.466933,0.337853,0.817208]],"s":1.6327,"t":[-84.7569,-911.118,504.135],"timestamp":486078936789},{"currentFrameRate":115.187,"devices":[],"gestures":[],"hands":[],"id":508310,"interactionBox":{"center":[0,200,0],"size":[235.247,235.247,147.751]},"pointables":[],"r":[[0.525159,0.849467,-0.0511263],[-0.711464,0.405292,-0.574071],[-0.466933,0.337853,0.817208]],"s":1.6327,"t":[-84.7569,-911.118,504.135],"timestamp":486078945330},{"currentFrameRate":115.159,"devices":[],"gestures":[],"hands":[],"id":508311,"interactionBox":{"center":[0,200,0],"size":[235.247,235.247,147.751]},"pointables":[],"r":[[0.525159,0.849467,-0.0511263],[-0.711464,0.405292,-0.574071],[-0.466933,0.337853,0.817208]],"s":1.6327,"t":[-84.7569,-911.118,504.135],"timestamp":486078954061},{"currentFrameRate":115.189,"devices":[],"gestures":[],"hands":[],"id":508312,"interactionBox":{"center":[0,200,0],"size":[235.247,235.247,147.751]},"pointables":[],"r":[[0.525159,0.849467,-0.0511263],[-0.711464,0.405292,-0.574071],[-0.466933,0.337853,0.817208]],"s":1.6327,"t":[-84.7569,-911.118,504.135],"timestamp":486078962691},{"currentFrameRate":115.199,"devices":[],"gestures":[],"hands":[],"id":508313,"interactionBox":{"center":[0,200,0],"size":[235.247,235.247,147.751]},"pointables":[],"r":[[0.525159,0.849467,-0.0511263],[-0.711464,0.405292,-0.574071],[-0.466933,0.337853,0.817208]],"s":1.6327,"t":[-84.7569,-911.118,504.135],"timestamp":486078971355},{"currentFrameRate":115.19,"devices":[],"gestures":[],"hands":[],"id":508314,"interactionBox":{"center":[0,200,0],"size":[235.247,235.247,147.751]},"pointables":[],"r":[[0.525159,0.849467,-0.0511263],[-0.711464,0.405292,-0.574071],[-0.466933,0.337853,0.817208]],"s":1.6327,"t":[-84.7569,-911.118,504.135],"timestamp":486078980052},{"currentFrameRate":115.202,"devices":[],"gestures":[],"hands":[],"id":508315,"interactionBox":{"center":[0,200,0],"size":[235.247,235.247,147.751]},"pointables":[],"r":[[0.525159,0.849467,-0.0511263],[-0.711464,0.405292,-0.574071],[-0.466933,0.337853,0.817208]],"s":1.6327,"t":[-84.7569,-911.118,504.135],"timestamp":486078988712},{"currentFrameRate":115.2,"devices":[],"gestures":[],"hands":[],"id":508316,"interactionBox":{"center":[0,200,0],"size":[235.247,235.247,147.751]},"pointables":[],"r":[[0.525159,0.849467,-0.0511263],[-0.711464,0.405292,-0.574071],[-0.466933,0.337853,0.817208]],"s":1.6327,"t":[-84.7569,-911.118,504.135],"timestamp":486078997396},{"currentFrameRate":115.194,"devices":[],"gestures":[],"hands":[],"id":508317,"interactionBox":{"center":[0,200,0],"size":[235.247,235.247,147.751]},"pointables":[],"r":[[0.525159,0.849467,-0.0511263],[-0.711464,0.405292,-0.574071],[-0.466933,0.337853,0.817208]],"s":1.6327,"t":[-84.7569,-911.118,504.135],"timestamp":486079006087},{"currentFrameRate":115.232,"devices":[],"gestures":[],"hands":[],"id":508318,"interactionBox":{"center":[0,200,0],"size":[235.247,235.247,147.751]},"pointables":[],"r":[[0.525159,0.849467,-0.0511263],[-0.711464,0.405292,-0.574071],[-0.466933,0.337853,0.817208]],"s":1.6327,"t":[-84.7569,-911.118,504.135],"timestamp":486079014701},{"currentFrameRate":115.212,"devices":[],"gestures":[],"hands":[],"id":508319,"interactionBox":{"center":[0,200,0],"size":[235.247,235.247,147.751]},"pointables":[],"r":[[0.525159,0.849467,-0.0511263],[-0.711464,0.405292,-0.574071],[-0.466933,0.337853,0.817208]],"s":1.6327,"t":[-84.7569,-911.118,504.135],"timestamp":486079023413},{"currentFrameRate":115.227,"devices":[],"gestures":[],"hands":[],"id":508320,"interactionBox":{"center":[0,200,0],"size":[235.247,235.247,147.751]},"pointables":[],"r":[[0.525159,0.849467,-0.0511263],[-0.711464,0.405292,-0.574071],[-0.466933,0.337853,0.817208]],"s":1.6327,"t":[-84.7569,-911.118,504.135],"timestamp":486079032066},{"currentFrameRate":115.219,"devices":[],"gestures":[],"hands":[],"id":508321,"interactionBox":{"center":[0,200,0],"size":[235.247,235.247,147.751]},"pointables":[],"r":[[0.525159,0.849467,-0.0511263],[-0.711464,0.405292,-0.574071],[-0.466933,0.337853,0.817208]],"s":1.6327,"t":[-84.7569,-911.118,504.135],"timestamp":486079040759},{"currentFrameRate":115.23,"devices":[],"gestures":[],"hands":[],"id":508322,"interactionBox":{"center":[0,200,0],"size":[235.247,235.247,147.751]},"pointables":[],"r":[[0.525159,0.849467,-0.0511263],[-0.711464,0.405292,-0.574071],[-0.466933,0.337853,0.817208]],"s":1.6327,"t":[-84.7569,-911.118,504.135],"timestamp":486079049419},{"currentFrameRate":115.238,"devices":[],"gestures":[],"hands":[],"id":508323,"interactionBox":{"center":[0,200,0],"size":[235.247,235.247,147.751]},"pointables":[],"r":[[0.525159,0.849467,-0.0511263],[-0.711464,0.405292,-0.574071],[-0.466933,0.337853,0.817208]],"s":1.6327,"t":[-84.7569,-911.118,504.135],"timestamp":486079058084},{"currentFrameRate":115.24,"devices":[],"gestures":[],"hands":[],"id":508324,"interactionBox":{"center":[0,200,0],"size":[235.247,235.247,147.751]},"pointables":[],"r":[[0.525159,0.849467,-0.0511263],[-0.711464,0.405292,-0.574071],[-0.466933,0.337853,0.817208]],"s":1.6327,"t":[-84.7569,-911.118,504.135],"timestamp":486079066757},{"currentFrameRate":115.252,"devices":[],"gestures":[],"hands":[],"id":508325,"interactionBox":{"center":[0,200,0],"size":[235.247,235.247,147.751]},"pointables":[],"r":[[0.525159,0.849467,-0.0511263],[-0.711464,0.405292,-0.574071],[-0.466933,0.337853,0.817208]],"s":1.6327,"t":[-84.7569,-911.118,504.135],"timestamp":486079075414},{"currentFrameRate":115.276,"devices":[],"gestures":[],"hands":[],"id":508326,"interactionBox":{"center":[0,200,0],"size":[235.247,235.247,147.751]},"pointables":[],"r":[[0.525159,0.849467,-0.0511263],[-0.711464,0.405292,-0.574071],[-0.466933,0.337853,0.817208]],"s":1.6327,"t":[-84.7569,-911.118,504.135],"timestamp":486079084047},{"currentFrameRate":115.308,"devices":[],"gestures":[],"hands":[],"id":508327,"interactionBox":{"center":[0,200,0],"size":[235.247,235.247,147.751]},"pointables":[],"r":[[0.525159,0.849467,-0.0511263],[-0.711464,0.405292,-0.574071],[-0.466933,0.337853,0.817208]],"s":1.6327,"t":[-84.7569,-911.118,504.135],"timestamp":486079092666},{"currentFrameRate":115.292,"devices":[],"gestures":[],"hands":[],"id":508328,"interactionBox":{"center":[0,200,0],"size":[235.247,235.247,147.751]},"pointables":[],"r":[[0.525159,0.849467,-0.0511263],[-0.711464,0.405292,-0.574071],[-0.466933,0.337853,0.817208]],"s":1.6327,"t":[-84.7569,-911.118,504.135],"timestamp":486079101366},{"currentFrameRate":115.294,"devices":[],"gestures":[],"hands":[{"armBasis":[[0.611291,-0.566139,-0.553001],[0.450013,0.823451,-0.345567],[0.651008,-0.0376157,0.758138]],"armWidth":58.3483,"confidence":0,"direction":[-0.452188,0.655913,-0.604404],"elbow":[200.889,107.746,344.978],"grabAngle":0.564671,"grabStrength":0,"id":149,"palmNormal":[-0.831233,-0.555602,0.0189404],"palmPosition":[0.455602,158.124,118.99],"palmVelocity":[1.19209e-7,1.19209e-7,1.19209e-7],"palmWidth":83.3194,"pinchDistance":63.5492,"pinchStrength":0,"r":[[1,-1.11022e-17,-1.11022e-17],[1.11022e-17,1,1.11022e-17],[1.11022e-17,-1.11022e-17,1]],"s":1,"sphereCenter":[-118.071,84.4095,110.811],"sphereRadius":141.887,"stabilizedPalmPosition":[0.455602,158.124,118.99],"t":[0,0,0],"timeVisible":0,"type":"right","wrist":[39.9343,117.046,157.537]}],"id":508329,"interactionBox":{"center":[0,200,0],"size":[235.247,235.247,147.751]},"pointables":[{"bases":[[[0.78537,0.419324,-0.45537],[0.287954,0.403715,0.868387],[0.547975,-0.813131,0.19632]],[[0.698228,0.532098,-0.478903],[0.365151,0.310685,0.877576],[0.615745,-0.787621,0.022633]],[[0.698228,0.532098,-0.478903],[0.109752,0.581501,0.806108],[0.707412,-0.615409,0.347622]],[[0.698228,0.532098,-0.478903],[-0.114505,0.743375,0.659001],[0.706658,-0.405297,0.579973]]],"btipPosition":[-52.2605,194.012,141.798],"carpPosition":[13.1153,130.11,166.115],"dipPosition":[-37.1164,185.326,154.227],"direction":[-0.707412,0.615409,-0.347622],"extended":true,"handId":149,"id":1490,"length":47.7229,"mcpPosition":[13.1153,130.11,166.115],"pipPosition":[-15.0301,166.112,165.08],"stabilizedTipPosition":[-48.7774,192.014,144.657],"timeVisible":0,"tipPosition":[-48.7774,192.014,144.657],"tipVelocity":[1.19209e-7,1.19209e-7,1.19209e-7],"tool":false,"touchDistance":1,"touchZone":"none","type":0,"width":18.5429},{"bases":[[[0.193036,-0.583067,-0.789157],[0.791533,0.567832,-0.225924],[0.579838,-0.581033,0.571129]],[[0.217802,-0.607523,-0.763857],[0.751376,0.60387,-0.266037],[0.622894,-0.516001,0.588002]],[[0.217802,-0.607523,-0.763857],[0.541245,0.726459,-0.423452],[0.812168,-0.321205,0.487043]],[[0.217802,-0.607523,-0.763857],[0.374468,0.774764,-0.509425],[0.901297,-0.175087,0.396243]]],"btipPosition":[-71.6964,210.965,61.7601],"carpPosition":[29.4975,139.694,143.701],"dipPosition":[-56.1871,207.952,68.5786],"direction":[-0.812168,0.321205,-0.487043],"extended":true,"handId":149,"id":1492,"length":61.3577,"mcpPosition":[-7.54627,176.814,107.213],"pipPosition":[-35.0389,199.588,81.2607],"stabilizedTipPosition":[-68.1293,210.272,63.3283],"timeVisible":0,"tipPosition":[-68.1293,210.272,63.3283],"tipVelocity":[1.19209e-7,1.19209e-7,1.19209e-7],"tool":false,"touchDistance":1,"touchZone":"none","type":2,"width":17.3957},{"bases":[[[0.216038,-0.703351,-0.677218],[0.821383,0.505912,-0.263407],[0.527881,-0.499349,0.687017]],[[0.188438,-0.676575,-0.711854],[0.759131,0.560209,-0.331492],[0.623066,-0.477925,0.619174]],[[0.188438,-0.676575,-0.711854],[0.542714,0.675848,-0.498689],[0.818506,-0.292361,0.494543]],[[0.188438,-0.676575,-0.711854],[0.371855,0.720026,-0.585906],[0.908964,-0.154299,0.387268]]],"btipPosition":[-60.2092,192.323,50.3418],"carpPosition":[31.8754,134.071,134.252],"dipPosition":[-44.6578,189.683,56.9675],"direction":[-0.818506,0.292361,-0.494543],"extended":true,"handId":149,"id":1493,"length":58.997,"mcpPosition":[1.59651,162.714,94.8447],"pipPosition":[-23.895,182.267,69.5124],"stabilizedTipPosition":[-56.6324,191.716,51.8657],"timeVisible":0,"tipPosition":[-56.6324,191.716,51.8657],"tipVelocity":[1.19209e-7,1.19209e-7,1.19209e-7],"tool":false,"touchDistance":1,"touchZone":"none","type":3,"width":16.5531},{"bases":[[[0.136977,-0.830277,-0.540258],[0.888374,0.344239,-0.303795],[0.438212,-0.438338,0.784749]],[[0.0919438,-0.781674,-0.616873],[0.815866,0.414302,-0.403382],[0.570885,-0.466197,0.675834]],[[0.0919438,-0.781674,-0.616873],[0.572853,0.548239,-0.609322],[0.814485,-0.297354,0.498191]],[[0.0919438,-0.781674,-0.616873],[0.370445,0.601883,-0.707466],[0.924292,-0.16347,0.344907]]],"btipPosition":[-40.2541,169.578,49.0925],"carpPosition":[30.674,123.303,127.009],"dipPosition":[-25.6654,166.998,54.5364],"direction":[-0.814485,0.297354,-0.498191],"extended":true,"handId":149,"id":1494,"length":46.2526,"mcpPosition":[7.40634,146.578,85.3413],"pipPosition":[-11.078,161.672,63.459],"stabilizedTipPosition":[-36.8987,168.985,50.3446],"timeVisible":0,"tipPosition":[-36.8987,168.985,50.3446],"tipVelocity":[1.19209e-7,1.19209e-7,1.19209e-7],"tool":false,"touchDistance":1,"touchZone":"none","type":4,"width":14.7038},{"bases":[[[0.24287,-0.393582,-0.886627],[0.747856,0.658098,-0.0872787],[0.617839,-0.641872,0.454176]],[[0.353247,-0.505802,-0.787008],[0.757459,0.648361,-0.0767105],[0.549065,-0.569028,0.612155]],[[0.353247,-0.505802,-0.787008],[0.610566,0.762027,-0.215695],[0.70882,-0.404326,0.578009]],[[0.353247,-0.505802,-0.787008],[0.483303,0.818955,-0.309404],[0.801021,-0.271067,0.533749]]],"btipPosition":[-65.4871,221.529,78.1484],"carpPosition":[25.9561,142.711,153.971],"dipPosition":[-52.9549,217.288,86.4991],"direction":[-0.70882,0.404326,-0.578009],"extended":true,"handId":149,"id":1491,"length":53.8499,"mcpPosition":[-15.6662,185.953,123.375],"pipPosition":[-37.2667,208.339,99.292],"stabilizedTipPosition":[-62.6047,220.553,80.0691],"timeVisible":0,"tipPosition":[-62.6047,220.553,80.0691],"tipVelocity":[1.19209e-7,1.19209e-7,1.19209e-7],"tool":false,"touchDistance":1,"touchZone":"none","type":1,"width":17.7122}],"r":[[1,-1.11022e-17,-1.11022e-17],[1.11022e-17,1,1.11022e-17],[1.11022e-17,-1.11022e-17,1]],"s":1,"t":[0,0,0],"timestamp":486079110036},{"currentFrameRate":115.297,"devices":[],"gestures":[],"hands":[{"armBasis":[[0.613482,-0.540339,-0.57591],[0.453806,0.838049,-0.302876],[0.646297,-0.0755428,0.759338]],"armWidth":58.9448,"confidence":0.0456315,"direction":[-0.421533,0.656104,-0.625969],"elbow":[202.143,104.021,343.854],"grabAngle":0.526638,"grabStrength":0,"id":149,"palmNormal":[-0.818842,-0.571998,-0.0481186],"palmPosition":[4.41147,163.947,115.954],"palmVelocity":[456.376,671.814,-350.235],"palmWidth":83.3194,"pinchDistance":61.0017,"pinchStrength":0,"r":[[0.99989,0.00391839,0.014275],[-0.00395841,0.999988,0.00277636],[-0.0142639,-0.00283256,0.999894]],"s":1.00342,"sphereCenter":[-100.244,92.2419,90.5974],"sphereRadius":131.985,"stabilizedPalmPosition":[1.18276,159.194,118.432],"t":[1.97793,2.91164,-1.51792],"timeVisible":0.008668,"type":"right","wrist":[42.354,122.698,156.116]}],"id":508330,"interactionBox":{"center":[0,200,0],"size":[235.247,235.247,147.751]},"pointables":[{"bases":[[[0.806924,0.441543,-0.392319],[0.21714,0.395941,0.892234],[0.549295,-0.805153,0.223617]],[[0.700157,0.573726,-0.424993],[0.285031,0.32115,0.903117],[0.654628,-0.75346,0.0613255]],[[0.700157,0.573726,-0.424993],[0.0334141,0.568256,0.822173],[0.713207,-0.589851,0.378698]],[[0.700157,0.573726,-0.424993],[-0.141952,0.695211,0.70465],[0.699736,-0.433037,0.568198]]],"btipPosition":[-52.2148,197.081,137.12],"carpPosition":[14.266,135.469,163.469],"dipPosition":[-37.5027,187.977,149.066],"direction":[-0.713207,0.589851,-0.378698],"extended":true,"handId":149,"id":1490,"length":46.8201,"mcpPosition":[14.266,135.469,163.469],"pipPosition":[-15.6567,169.909,160.666],"stabilizedTipPosition":[-48.7788,192.091,144.532],"timeVisible":0.008668,"tipPosition":[-47.4448,196.254,138.708],"tipVelocity":[-6.19122,343.044,-552.526],"tool":false,"touchDistance":1,"touchZone":"none","type":0,"width":18.8157},{"bases":[[[0.260602,-0.567031,-0.781385],[0.793705,0.586615,-0.160981],[0.549653,-0.578238,0.602928]],[[0.294852,-0.602476,-0.741677],[0.787814,0.592523,-0.168122],[0.540751,-0.534733,0.649346]],[[0.294852,-0.602476,-0.741677],[0.627812,0.707288,-0.324956],[0.720357,-0.36982,0.586787]],[[0.294852,-0.602476,-0.741677],[0.470214,0.767185,-0.436264],[0.831842,-0.220114,0.509499]]],"btipPosition":[-58.9788,218.973,52.1872],"carpPosition":[31.9982,145.713,142.416],"dipPosition":[-44.9355,215.257,60.7887],"direction":[-0.720357,0.36982,-0.586787],"extended":true,"handId":149,"id":1492,"length":60.197,"mcpPosition":[-3.11718,182.655,103.897],"pipPosition":[-26.5328,205.81,75.7791],"stabilizedTipPosition":[-64.2462,212.733,60.4544],"timeVisible":0.008668,"tipPosition":[-59.5547,216.321,55.6605],"tipVelocity":[1428.29,905.224,-1057.09],"tool":false,"touchDistance":1,"touchZone":"none","type":2,"width":17.6516},{"bases":[[[0.278068,-0.68854,-0.669769],[0.827413,0.525872,-0.197094],[0.48792,-0.49937,0.715935]],[[0.256091,-0.665648,-0.70095],[0.765746,0.58225,-0.273162],[0.589958,-0.466795,0.658826]],[[0.256091,-0.665648,-0.70095],[0.564678,0.69156,-0.450426],[0.784574,-0.280461,0.552979]],[[0.256091,-0.665648,-0.70095],[0.40165,0.732845,-0.549195],[0.879258,-0.140892,0.455032]]],"btipPosition":[-50.7943,197.009,44.1734],"carpPosition":[35.1569,140.284,133.083],"dipPosition":[-36.0358,194.644,51.8112],"direction":[-0.784574,0.280461,-0.552979],"extended":true,"handId":149,"id":1493,"length":57.881,"mcpPosition":[7.17013,168.927,92.0178],"pipPosition":[-16.5102,187.664,65.5731],"stabilizedTipPosition":[-53.6902,193.229,49.9742],"timeVisible":0.008668,"tipPosition":[-48.3481,197.349,45.4489],"tipVelocity":[1065.12,547.863,-684.773],"tool":false,"touchDistance":1,"touchZone":"none","type":3,"width":16.7966},{"bases":[[[0.19211,-0.81907,-0.540572],[0.900424,0.366179,-0.234837],[0.390294,-0.441629,0.807858]],[[0.152076,-0.770749,-0.618723],[0.819211,0.448525,-0.357378],[0.552961,-0.452516,0.699616]],[[0.152076,-0.770749,-0.618723],[0.581191,0.576072,-0.574768],[0.799431,-0.272188,0.53556]],[[0.152076,-0.770749,-0.618723],[0.403951,0.619802,-0.672806],[0.902051,-0.147616,0.405602]]],"btipPosition":[-31.6086,174.499,44.8151],"carpPosition":[34.6955,129.606,125.625],"dipPosition":[-17.6402,172.213,51.0959],"direction":[-0.799431,0.272188,-0.53556],"extended":true,"handId":149,"id":1494,"length":45.3776,"mcpPosition":[13.972,153.055,82.7302],"pipPosition":[-3.59326,167.43,60.5063],"stabilizedTipPosition":[-34.0636,170.648,48.9826],"timeVisible":0.008668,"tipPosition":[-28.2087,175.005,45.1081],"tipVelocity":[980.951,575.471,-471.255],"tool":false,"touchDistance":1,"touchZone":"none","type":4,"width":14.9201},{"bases":[[[0.313317,-0.375137,-0.872413],[0.738436,0.673876,-0.0245657],[0.597114,-0.636524,0.488151]],[[0.429305,-0.497903,-0.753519],[0.765504,0.643337,0.0110354],[0.479272,-0.581559,0.657334]],[[0.429305,-0.497903,-0.753519],[0.648028,0.750953,-0.127004],[0.629092,-0.433778,0.645042]],[[0.429305,-0.497903,-0.753519],[0.539417,0.810516,-0.228241],[0.72438,-0.308476,0.616535]]],"btipPosition":[-55.8286,227.985,70.7223],"carpPosition":[27.6745,148.504,152.448],"dipPosition":[-44.7099,223.25,80.1857],"direction":[-0.629092,0.433778,-0.645042],"extended":true,"handId":149,"id":1491,"length":52.8312,"mcpPosition":[-12.5516,191.385,119.563],"pipPosition":[-31.0497,213.831,94.1922],"stabilizedTipPosition":[-59.6862,222.536,77.827],"timeVisible":0.008668,"tipPosition":[-56.2318,225.96,73.3788],"tipVelocity":[1076.76,731.73,-827.2],"tool":false,"touchDistance":1,"touchZone":"none","type":1,"width":17.9727}],"r":[[0.99989,0.00391839,0.014275],[-0.00395841,0.999988,0.00277636],[-0.0142639,-0.00283256,0.999894]],"s":1.00342,"t":[1.97793,2.91164,-1.51792],"timestamp":486079118704},{"currentFrameRate":115.345,"devices":[],"gestures":[],"hands":[{"armBasis":[[0.567827,-0.580743,-0.58336],[0.516525,0.803185,-0.29681],[0.640916,-0.132784,0.756039]],"armWidth":58.9448,"confidence":0.0906607,"direction":[-0.376743,0.657941,-0.652057],"elbow":[201.939,95.3913,340.74],"grabAngle":0.498612,"grabStrength":0,"id":149,"palmNormal":[-0.841801,-0.536937,-0.0554091],"palmPosition":[8.27717,170.509,112.044],"palmVelocity":[450.076,764.046,-455.285],"palmWidth":83.3194,"pinchDistance":59.7238,"pinchStrength":0,"r":[[0.999524,-0.00159155,0.030809],[0.00158758,0.999999,0.000153414],[-0.0308092,-0.000104429,0.999525]],"s":1.00743,"sphereCenter":[-111.639,92.7967,88.6869],"sphereRadius":146.864,"stabilizedPalmPosition":[3.63298,163.102,116.226],"t":[4.89975,7.64865,-4.2321],"timeVisible":0.017257,"type":"right","wrist":[43.4795,128.221,153.818]}],"id":508331,"interactionBox":{"center":[0,200,0],"size":[235.247,235.247,147.751]},"pointables":[{"bases":[[[0.834969,0.39616,-0.381948],[0.212386,0.408307,0.887793],[0.50766,-0.822401,0.256785]],[[0.741107,0.524851,-0.41868],[0.27486,0.331769,0.902431],[0.612546,-0.783876,0.101616]],[[0.741107,0.524851,-0.41868],[0.0360721,0.591576,0.805442],[0.670418,-0.612021,0.419488]],[[0.741107,0.524851,-0.41868],[-0.111407,0.711094,0.694215],[0.66208,-0.467843,0.585468]]],"btipPosition":[-46.7561,207.24,130.658],"carpPosition":[15.6988,142.826,160.462],"dipPosition":[-32.8357,197.403,142.968],"direction":[-0.670418,0.612021,-0.419488],"extended":true,"handId":149,"id":1490,"length":46.8201,"mcpPosition":[15.6988,142.826,160.462],"pipPosition":[-12.3004,178.657,155.817],"stabilizedTipPosition":[-47.3739,195.556,141.563],"timeVisible":0.017257,"tipPosition":[-42.6988,205.562,132.727],"tipVelocity":[614.345,1163.14,-742.536],"tool":false,"touchDistance":1,"touchZone":"none","type":0,"width":18.8157},{"bases":[[[0.254494,-0.597152,-0.760685],[0.822474,0.547403,-0.154555],[0.508694,-0.58631,0.630453]],[[0.290598,-0.63797,-0.713125],[0.80864,0.562168,-0.173402],[0.511521,-0.526271,0.679253]],[[0.290598,-0.63797,-0.713125],[0.680813,0.661549,-0.314399],[0.672344,-0.394141,0.626583]],[[0.290598,-0.63797,-0.713125],[0.547122,0.722218,-0.423153],[0.78499,-0.267199,0.558923]]],"btipPosition":[-50.7007,226.588,44.4983],"carpPosition":[34.3764,151.762,139.632],"dipPosition":[-37.4483,222.077,53.9342],"direction":[-0.672344,0.394141,-0.626583],"extended":true,"handId":149,"id":1492,"length":60.197,"mcpPosition":[1.87773,189.219,99.3543],"pipPosition":[-20.2722,212.008,69.9412],"stabilizedTipPosition":[-59.0564,216.742,56.1428],"timeVisible":0.017257,"tipPosition":[-51.6017,224.165,48.7796],"tipVelocity":[942.626,865.233,-872.858],"tool":false,"touchDistance":1,"touchZone":"none","type":2,"width":17.6516},{"bases":[[[0.263848,-0.716479,-0.645788],[0.854351,0.484371,-0.188331],[0.447736,-0.502039,0.739925]],[[0.249551,-0.700236,-0.668875],[0.790468,0.546293,-0.276992],[0.559361,-0.4596,0.689842]],[[0.249551,-0.700236,-0.668875],[0.623721,0.644597,-0.442116],[0.740741,-0.306861,0.597612]],[[0.249551,-0.700236,-0.668875],[0.488968,0.687322,-0.53712],[0.835843,-0.19302,0.513915]]],"btipPosition":[-43.0774,204.09,36.8853],"carpPosition":[37.5212,145.969,130.515],"dipPosition":[-29.0476,200.85,45.5115],"direction":[-0.740741,0.306861,-0.597612],"extended":true,"handId":149,"id":1493,"length":57.881,"mcpPosition":[11.8393,174.766,88.0737],"pipPosition":[-10.6129,193.214,60.3841],"stabilizedTipPosition":[-49.3111,196.43,46.4604],"timeVisible":0.017257,"tipPosition":[-41.1138,204.321,39.3908],"tipVelocity":[878.95,801.069,-822.071],"tool":false,"touchDistance":1,"touchZone":"none","type":3,"width":16.7966},{"bases":[[[0.169081,-0.839886,-0.515755],[0.921166,0.320766,-0.220367],[0.35052,-0.437836,0.82791]],[[0.139014,-0.800104,-0.583531],[0.835837,0.41081,-0.364158],[0.531085,-0.437114,0.725865]],[[0.139014,-0.800104,-0.583531],[0.620236,0.529709,-0.578547],[0.771999,-0.281501,0.56989]],[[0.139014,-0.800104,-0.583531],[0.469479,0.572073,-0.672549],[0.871931,-0.180462,0.455158]]],"btipPosition":[-25.7753,180.013,39.2258],"carpPosition":[36.7734,135.139,123.305],"dipPosition":[-12.2734,177.218,46.274],"direction":[-0.771999,0.281501,-0.56989],"extended":true,"handId":149,"id":1494,"length":45.3776,"mcpPosition":[18.1619,158.387,79.3453],"pipPosition":[1.29154,172.272,56.2876],"stabilizedTipPosition":[-30.305,173.525,46.2987],"timeVisible":0.017257,"tipPosition":[-22.1125,181.085,40.1856],"tipVelocity":[666.659,628.372,-630.208],"tool":false,"touchDistance":1,"touchZone":"none","type":4,"width":14.9201},{"bases":[[[0.317825,-0.410061,-0.85489],[0.767767,0.640361,-0.0217242],[0.556347,-0.649451,0.518354]],[[0.421516,-0.530335,-0.735574],[0.776308,0.630281,-0.00956221],[0.46869,-0.567001,0.677377]],[[0.421516,-0.530335,-0.735574],[0.675745,0.724629,-0.135212],[0.604726,-0.440066,0.663814]],[[0.421516,-0.530335,-0.735574],[0.579543,0.781431,-0.231293],[0.697463,-0.328803,0.636737]]],"btipPosition":[-49.4714,235.226,64.2284],"carpPosition":[29.9347,154.987,149.481],"dipPosition":[-38.