{"frames":86,"data":[{"currentFrameRate":114.423,"devices":[],"gestures":[],"hands":[{"armBasis":[[0.971598,-0.236486,-0.00851129],[0.134111,0.520647,0.843173],[-0.194967,-0.820366,0.537575]],"armWidth":59.0231,"confidence":1,"direction":[-0.0280708,0.996669,-0.0765744],"elbow":[111.263,-80.5183,199.718],"grabAngle":0.267259,"grabStrength":0,"id":118,"palmNormal":[-0.164393,-0.0801644,-0.983132],"palmPosition":[150.956,181.238,58.6185],"palmVelocity":[-54.053,-9.19249,3.33367],"palmWidth":80.6694,"pinchDistance":44.085,"pinchStrength":0,"r":[[0.191442,-0.103503,0.976031],[0.26871,0.961958,0.0493051],[-0.944005,0.25283,0.211972]],"s":1.09579,"sphereCenter":[117.058,165.149,-128.039],"sphereRadius":192.381,"stabilizedPalmPosition":[150.032,181.702,58.0812],"t":[35.4641,8.93165,-6.17242],"timeVisible":7.67617,"type":"right","wrist":[157.933,115.857,71.0361]}],"id":148482,"interactionBox":{"center":[0,200,0],"size":[235.247,235.247,147.751]},"pointables":[{"bases":[[[0.538322,0.272223,0.797561],[-0.709049,-0.365193,0.603227],[0.455476,-0.890241,-0.00357181]],[[0.472516,0.388927,0.790863],[-0.69724,-0.383902,0.605372],[0.53906,-0.837469,0.0897753]],[[0.472516,0.388927,0.790863],[-0.879737,0.154353,0.449708],[0.0528317,-0.908246,0.415088]],[[0.472516,0.388927,0.790863],[-0.809894,0.54551,0.215618],[-0.347564,-0.742398,0.572752]]],"btipPosition":[114.804,208.631,32.1385],"carpPosition":[133.184,129.76,59.9442],"dipPosition":[107.77,193.604,43.7312],"direction":[-0.0528317,0.908246,-0.415088],"extended":false,"handId":118,"id":1180,"length":45.0726,"mcpPosition":[133.184,129.76,59.9442],"pipPosition":[109.327,166.823,55.9711],"stabilizedTipPosition":[114.601,204.449,33.3101],"timeVisible":7.67617,"tipPosition":[112.806,205.168,34.294],"tipVelocity":[-45.1512,-8.64718,12.6956],"tool":false,"touchDistance":-0.206386,"touchZone":"touching","type":0,"width":19.1104},{"bases":[[[0.838665,-0.292603,-0.459374],[0.501969,0.0879619,0.860401],[-0.211349,-0.95218,0.220648]],[[0.864858,-0.0430487,-0.500168],[0.498067,0.198324,0.844155],[0.0628554,-0.979191,0.192963]],[[0.864858,-0.0430487,-0.500168],[0.492042,0.270311,0.827542],[0.0995761,-0.96181,0.254962]],[[0.864858,-0.0430487,-0.500168],[0.488026,0.305677,0.817553],[0.117695,-0.951162,0.285376]]],"btipPosition":[178.696,251.422,37.8174],"carpPosition":[173.192,142.08,63.6283],"dipPosition":[180.45,237.243,42.0716],"direction":[-0.0995761,0.96181,-0.254962],"extended":true,"handId":118,"id":1184,"length":43.6839,"mcpPosition":[184.057,191.03,52.2852],"pipPosition":[182.134,220.973,46.3843],"stabilizedTipPosition":[179.595,248.845,40.2705],"timeVisible":7.67617,"tipPosition":[180.055,248.301,39.2774],"tipVelocity":[-68.0058,-7.57916,9.67509],"tool":false,"touchDistance":0.333406,"touchZone":"hovering","type":4,"width":15.1538},{"bases":[[[0.967285,0.182139,-0.176595],[0.133912,0.224651,0.965194],[0.215471,-0.957266,0.192911]],[[0.990961,-0.0224482,-0.132262],[0.132843,0.301675,0.944111],[0.0187063,-0.953147,0.30193]],[[0.990961,-0.0224482,-0.132262],[0.131324,0.363723,0.922204],[0.0274047,-0.931237,0.363383]],[[0.990961,-0.0224482,-0.132262],[0.128435,0.443528,0.88701],[0.0387499,-0.895979,0.442402]]],"btipPosition":[126.923,271.27,37.139],"carpPosition":[142.818,140.712,75.0731],"dipPosition":[127.496,258.031,43.6761],"direction":[-0.0274047,0.931237,-0.363383],"extended":true,"handId":118,"id":1181,"length":50.8594,"mcpPosition":[128.764,203.15,62.4905],"pipPosition":[128.069,238.565,51.2721],"stabilizedTipPosition":[125.741,267.642,36.7466],"timeVisible":7.67617,"tipPosition":[127.434,267.844,37.6646],"tipVelocity":[-55.9917,-4.70181,19.8425],"tool":false,"touchDistance":-0.0237663,"touchZone":"touching","type":1,"width":18.2543},{"bases":[[[0.950406,0.0101498,-0.310846],[0.300213,0.231139,0.925444],[0.0812414,-0.972868,0.216628]],[[0.953006,-0.0313343,-0.301328],[0.295693,0.312638,0.902675],[0.0659219,-0.949355,0.307211]],[[0.953006,-0.0313343,-0.301328],[0.285179,0.428462,0.857376],[0.102242,-0.903017,0.417262]],[[0.953006,-0.0313343,-0.301328],[0.285179,0.428462,0.857376],[0.102242,-0.903017,0.417262]]],"btipPosition":[141.404,280.153,31.273],"carpPosition":[153.353,143.518,74.522],"dipPosition":[143.066,265.477,38.0544],"direction":[-0.102242,0.903017,-0.417262],"extended":true,"handId":118,"id":1182,"length":57.9502,"mcpPosition":[148.328,203.694,61.1225],"pipPosition":[145.58,243.269,48.3162],"stabilizedTipPosition":[142.675,276.661,32.0542],"timeVisible":7.67617,"tipPosition":[142.069,277.047,33.541],"tipVelocity":[-50.8231,-6.27667,11.3916],"tool":false,"touchDistance":0.0745671,"touchZone":"hovering","type":2,"width":17.9281},{"bases":[[[0.926649,-0.15058,-0.344452],[0.369785,0.200142,0.907305],[-0.0676822,-0.968126,0.241144]],[[0.925928,0.00145789,-0.377697],[0.359004,0.307316,0.88129],[0.117357,-0.951606,0.284029]],[[0.925928,0.00145789,-0.377697],[0.35353,0.34863,0.868029],[0.132942,-0.937259,0.322291]],[[0.925928,0.00145789,-0.377697],[0.309872,0.568826,0.76185],[0.215954,-0.822456,0.526241]]],"btipPosition":[156.384,270.801,31.1422],"carpPosition":[163.835,144.52,71.7341],"dipPosition":[159.873,257.511,39.6456],"direction":[-0.132942,0.937259,-0.322291],"extended":true,"handId":118,"id":1183,"length":55.7206,"mcpPosition":[167.593,198.285,58.3422],"pipPosition":[163.058,235.056,47.3671],"stabilizedTipPosition":[161.947,268.384,33.8443],"timeVisible":7.67617,"tipPosition":[158.224,267.315,32.8937],"tipVelocity":[-111.742,-26.6466,0.663259],"tool":false,"touchDistance":0.247291,"touchZone":"hovering","type":3,"width":17.0597}],"r":[[0.191442,-0.103503,0.976031],[0.26871,0.961958,0.0493051],[-0.944005,0.25283,0.211972]],"s":1.09579,"t":[35.4641,8.93165,-6.17242],"timestamp":8083458578},{"currentFrameRate":115.271,"devices":[],"gestures":[],"hands":[{"armBasis":[[0.972134,-0.234183,-0.0106611],[0.134446,0.5197,0.843704],[-0.19204,-0.821626,0.536703]],"armWidth":59.0231,"confidence":1,"direction":[-0.0297355,0.997245,-0.067956],"elbow":[111.453,-80.8846,199.242],"grabAngle":0.274577,"grabStrength":0,"id":118,"palmNormal":[-0.166423,-0.0719765,-0.983424],"palmPosition":[150.316,181.246,58.8651],"palmVelocity":[-88.5045,1.16772,34.1191],"palmWidth":80.6694,"pinchDistance":44.2827,"pinchStrength":0,"r":[[0.191977,-0.105025,0.975764],[0.268447,0.961958,0.0507237],[-0.943971,0.252203,0.212868]],"s":1.09347,"sphereCenter":[117.638,166.931,-125.715],"sphereRadius":189.894,"stabilizedPalmPosition":[150.034,181.699,58.0857],"t":[34.9237,8.89291,-6.03858],"timeVisible":7.6834,"type":"right","wrist":[157.423,115.792,70.7685]}],"id":148483,"interactionBox":{"center":[0,200,0],"size":[235.247,235.247,147.751]},"pointables":[{"bases":[[[0.539656,0.266189,0.798696],[-0.707178,-0.371433,0.601611],[0.456804,-0.889484,-0.0122031]],[[0.471628,0.386112,0.79277],[-0.699726,-0.383232,0.602924],[0.536611,-0.839078,0.0894294]],[[0.471628,0.386112,0.79277],[-0.880101,0.150364,0.450348],[0.0546806,-0.910115,0.410733]],[[0.471628,0.386112,0.79277],[-0.810255,0.544487,0.216843],[-0.347928,-0.744615,0.569644]]],"btipPosition":[114.306,208.774,32.1885],"carpPosition":[132.624,129.732,59.7876],"dipPosition":[107.264,193.703,43.7184],"direction":[-0.0546806,0.910115,-0.410733],"extended":false,"handId":118,"id":1180,"length":45.0726,"mcpPosition":[132.624,129.732,59.7876],"pipPosition":[108.876,166.866,55.8299],"stabilizedTipPosition":[114.571,204.462,33.3338],"timeVisible":7.6834,"tipPosition":[112.099,205.325,34.8303],"tipVelocity":[-69.1636,18.3711,4.92439],"tool":false,"touchDistance":-0.205792,"touchZone":"touching","type":0,"width":19.1104},{"bases":[[[0.838097,-0.287375,-0.463691],[0.503717,0.0813402,0.860031],[-0.209435,-0.954358,0.212927]],[[0.863857,-0.0421923,-0.501968],[0.50011,0.191212,0.844587],[0.0603473,-0.980641,0.186281]],[[0.863857,-0.0421923,-0.501968],[0.493999,0.265955,0.827788],[0.0985746,-0.963062,0.25059]],[[0.863857,-0.0421923,-0.501968],[0.489881,0.302486,0.81763],[0.117341,-0.952219,0.281974]]],"btipPosition":[178.126,251.616,38.4054],"carpPosition":[172.621,142.081,63.4904],"dipPosition":[179.875,237.421,42.6089],"direction":[-0.0985746,0.963062,-0.25059],"extended":true,"handId":118,"id":1184,"length":43.6839,"mcpPosition":[183.388,191.142,52.5442],"pipPosition":[181.543,221.131,46.8477],"stabilizedTipPosition":[179.59,248.842,40.2658],"timeVisible":7.6834,"tipPosition":[179.259,248.514,40.0249],"tipVelocity":[-78.9575,26.3378,79.713],"tool":false,"touchDistance":0.333769,"touchZone":"hovering","type":4,"width":15.1538},{"bases":[[[0.966621,0.185118,-0.177128],[0.135685,0.216565,0.966793],[0.217331,-0.958557,0.184219]],[[0.990718,-0.0216281,-0.134198],[0.134341,0.306313,0.942404],[0.0207242,-0.951685,0.306375]],[[0.990718,-0.0216281,-0.134198],[0.133035,0.356964,0.924596],[0.0279067,-0.933868,0.356528]],[[0.990718,-0.0216281,-0.134198],[0.129815,0.443325,0.886911],[0.0403113,-0.8961,0.442018]]],"btipPosition":[126.15,271.213,37.6056],"carpPosition":[142.275,140.568,74.989],"dipPosition":[126.746,257.972,44.137],"direction":[-0.0279067,0.933868,-0.356528],"extended":true,"handId":118,"id":1181,"length":50.8594,"mcpPosition":[128.099,203.09,62.9734],"pipPosition":[127.329,238.451,51.5898],"stabilizedTipPosition":[125.754,267.654,36.8007],"timeVisible":7.6834,"tipPosition":[126.605,268,38.7222],"tipVelocity":[-106.154,-7.92443,64.3638],"tool":false,"touchDistance":-0.0160104,"touchZone":"touching","type":1,"width":18.2543},{"bases":[[[0.949708,0.0142618,-0.312813],[0.301889,0.223646,0.926739],[0.0831765,-0.974566,0.208093]],[[0.95238,-0.0270648,-0.303711],[0.297037,0.307286,0.904071],[0.0688575,-0.951232,0.300692]],[[0.95238,-0.0270648,-0.303711],[0.285225,0.431196,0.855989],[0.107792,-0.901852,0.418382]],[[0.95238,-0.0270648,-0.303711],[0.285225,0.431196,0.855989],[0.107792,-0.901852,0.418382]]],"btipPosition":[140.387,280.166,31.9441],"carpPosition":[152.805,143.395,74.4391],"dipPosition":[142.139,265.509,38.7437],"direction":[-0.107792,0.901852,-0.418382],"extended":true,"handId":118,"id":1182,"length":57.9502,"mcpPosition":[147.66,203.676,61.5676],"pipPosition":[144.79,243.329,49.033],"stabilizedTipPosition":[142.666,276.662,32.0612],"timeVisible":7.6834,"tipPosition":[141.217,277.239,34.5956],"tipVelocity":[-137.82,2.37225,93.3955],"tool":false,"touchDistance":0.0861621,"touchZone":"hovering","type":2,"width":17.9281},{"bases":[[[0.926118,-0.146209,-0.347747],[0.371468,0.192913,0.908183],[-0.0657001,-0.970262,0.232972]],[[0.924995,0.00736122,-0.379908],[0.359826,0.304317,0.881996],[0.122105,-0.952542,0.278843]],[[0.924995,0.00736122,-0.379908],[0.354815,0.341064,0.870507],[0.135981,-0.940011,0.312871]],[[0.924995,0.00736122,-0.379908],[0.308625,0.568694,0.762455],[0.221664,-0.822516,0.523767]]],"btipPosition":[155.369,270.939,31.9651],"carpPosition":[163.278,144.437,71.6371],"dipPosition":[158.951,257.648,40.4285],"direction":[-0.135981,0.940011,-0.312871],"extended":true,"handId":118,"id":1183,"length":55.7206,"mcpPosition":[166.927,198.32,58.699],"pipPosition":[162.209,235.128,47.9243],"stabilizedTipPosition":[161.879,268.378,33.8451],"timeVisible":7.6834,"tipPosition":[157.378,267.557,33.8651],"tipVelocity":[-137.411,19.1295,112.542],"tool":false,"touchDistance":0.260852,"touchZone":"hovering","type":3,"width":17.0597}],"r":[[0.191977,-0.105025,0.975764],[0.268447,0.961958,0.0507237],[-0.943971,0.252203,0.212868]],"s":1.09347,"t":[34.9237,8.89291,-6.03858],"timestamp":8083465808},{"currentFrameRate":115.201,"devices":[],"gestures":[],"hands":[{"armBasis":[[0.972635,-0.231873,-0.0146702],[0.135683,0.515622,0.846005],[-0.188601,-0.824845,0.532973]],"armWidth":59.0231,"confidence":1,"direction":[-0.0306749,0.997,-0.0710585],"elbow":[111.731,-81.6848,198.477],"grabAngle":0.277371,"grabStrength":0,"id":118,"palmNormal":[-0.167366,-0.0752116,-0.983022],"palmPosition":[149.679,181.198,58.8666],"palmVelocity":[-72.4937,-5.42032,0.161899],"palmWidth":80.6694,"pinchDistance":44.4953,"pinchStrength":0,"r":[[0.192623,-0.105596,0.975575],[0.26808,0.962035,0.0511992],[-0.943943,0.25167,0.213619]],"s":1.09125,"sphereCenter":[116.936,166.586,-124.566],"sphereRadius":188.82,"stabilizedPalmPosition":[150.03,181.695,58.0931],"t":[34.3345,8.8497,-5.97095],"timeVisible":7.6922,"type":"right","wrist":[156.877,115.763,70.8965]}],"id":148484,"interactionBox":{"center":[0,200,0],"size":[235.247,235.247,147.751]},"pointables":[{"bases":[[[0.540241,0.269167,0.797301],[-0.706238,-0.370155,0.603501],[0.457567,-0.88912,-0.00987687]],[[0.472405,0.388526,0.791126],[-0.698813,-0.38189,0.60483],[0.537116,-0.838575,0.0911002]],[[0.472405,0.388526,0.791126],[-0.879681,0.152114,0.45058],[0.0547206,-0.908795,0.413638]],[[0.472405,0.388526,0.791126],[-0.810101,0.545023,0.216072],[-0.347232,-0.742966,0.572217]]],"btipPosition":[113.676,208.62,32.1583],"carpPosition":[132.032,129.672,59.969],"dipPosition":[106.648,193.582,43.7402],"direction":[-0.0547206,0.908795,-0.413638],"extended":false,"handId":118,"id":1180,"length":45.0726,"mcpPosition":[132.032,129.672,59.969],"pipPosition":[108.262,166.784,55.9373],"stabilizedTipPosition":[114.501,204.482,33.3753],"timeVisible":7.6922,"tipPosition":[111.418,205.169,34.7956],"tipVelocity":[-71.1827,-16.6789,-2.07728],"tool":false,"touchDistance":-0.206097,"touchZone":"touching","type":0,"width":19.1104},{"bases":[[[0.837872,-0.288103,-0.463646],[0.504526,0.0844805,0.859254],[-0.208384,-0.953866,0.216139]],[[0.863379,-0.0429507,-0.502725],[0.500713,0.195693,0.843203],[0.0621634,-0.979724,0.190463]],[[0.863379,-0.0429507,-0.502725],[0.494586,0.269141,0.826407],[0.099809,-0.962143,0.253613]],[[0.863379,-0.0429507,-0.502725],[0.490475,0.305197,0.816265],[0.118371,-0.95132,0.284566]]],"btipPosition":[177.381,251.52,38.1242],"carpPosition":[172.022,142.067,63.5919],"dipPosition":[179.146,237.339,42.3663],"direction":[-0.099809,0.962143,-0.253613],"extended":true,"handId":118,"id":1184,"length":43.6839,"mcpPosition":[182.735,191.104,52.4806],"pipPosition":[180.834,221.064,46.6562],"stabilizedTipPosition":[179.574,248.837,40.2555],"timeVisible":7.6922,"tipPosition":[178.541,248.432,39.7834],"tipVelocity":[-84.242,-10.5447,-30.9515],"tool":false,"touchDistance":0.333128,"touchZone":"hovering","type":4,"width":15.1538},{"bases":[[[0.966278,0.1854,-0.178701],[0.136486,0.219721,0.965968],[0.218355,-0.957784,0.187007]],[[0.990603,-0.0216346,-0.135045],[0.13514,0.306712,0.94216],[0.0210367,-0.951557,0.306753]],[[0.990603,-0.0216346,-0.135045],[0.133783,0.358439,0.923918],[0.0284169,-0.933302,0.357965]],[[0.990603,-0.0216346,-0.135045],[0.130571,0.443433,0.886746],[0.040699,-0.896047,0.442091]]],"btipPosition":[125.47,271.142,37.516],"carpPosition":[141.689,140.565,75.1264],"dipPosition":[126.071,257.901,44.0485],"direction":[-0.0284169,0.933302,-0.357965],"extended":true,"handId":118,"id":1181,"length":50.8594,"mcpPosition":[127.447,203.036,62.9289],"pipPosition":[126.665,238.392,51.5313],"stabilizedTipPosition":[125.748,267.671,36.8855],"timeVisible":7.6922,"tipPosition":[125.868,267.871,38.4818],"tipVelocity":[-77.2121,-8.11607,-10.1563],"tool":false,"touchDistance":-0.0174999,"touchZone":"touching","type":1,"width":18.2543},{"bases":[[[0.949374,0.0141039,-0.313831],[0.302642,0.22682,0.925721],[0.0842395,-0.973835,0.211069]],[[0.952136,-0.0281827,-0.304372],[0.297782,0.310329,0.902785],[0.0690128,-0.950211,0.303868]],[[0.952136,-0.0281827,-0.304372],[0.285974,0.433817,0.854413],[0.107962,-0.90056,0.421113]],[[0.952136,-0.0281827,-0.304372],[0.285974,0.433817,0.854413],[0.107962,-0.90056,0.421113]]],"btipPosition":[139.719,280.029,31.6338],"carpPosition":[152.216,143.399,74.5568],"dipPosition":[141.473,265.393,38.4778],"direction":[-0.107962,0.90056,-0.421113],"extended":true,"handId":118,"id":1182,"length":57.9502,"mcpPosition":[147.005,203.635,61.5012],"pipPosition":[144.128,243.245,48.8342],"stabilizedTipPosition":[142.647,276.662,32.0699],"timeVisible":7.6922,"tipPosition":[140.468,277.105,34.299],"tipVelocity":[-75.8584,-15.0179,-34.1014],"tool":false,"touchDistance":0.0811611,"touchZone":"hovering","type":2,"width":17.9281},{"bases":[[[0.925889,-0.146497,-0.348235],[0.372228,0.196089,0.907191],[-0.0646153,-0.969581,0.236087]],[[0.92423,0.0113252,-0.381668],[0.359766,0.309076,0.880364],[0.127935,-0.95097,0.281583]],[[0.92423,0.0113252,-0.381668],[0.355397,0.339956,0.870702],[0.139611,-0.940373,0.310173]],[[0.92423,0.0113252,-0.381668],[0.303851,0.583528,0.753107],[0.231243,-0.812014,0.535873]]],"btipPosition":[154.249,270.683,31.659],"carpPosition":[162.686,144.441,71.7409],"dipPosition":[157.986,257.562,40.3181],"direction":[-0.139611,0.940373,-0.310173],"extended":true,"handId":118,"id":1183,"length":55.7206,"mcpPosition":[166.274,198.287,58.6298],"pipPosition":[161.331,235.033,47.7492],"stabilizedTipPosition":[161.746,268.364,33.8413],"timeVisible":7.6922,"tipPosition":[156.604,267.442,33.5897],"tipVelocity":[-123.237,-24.6191,-29.6737],"tool":false,"touchDistance":0.2582,"touchZone":"hovering","type":3,"width":17.0597}],"r":[[0.192623,-0.105596,0.975575],[0.26808,0.962035,0.0511992],[-0.943943,0.25167,0.213619]],"s":1.09125,"t":[34.3345,8.8497,-5.97095],"timestamp":8083474607},{"currentFrameRate":115.28,"devices":[],"gestures":[],"hands":[{"armBasis":[[0.973257,-0.229141,-0.0162838],[0.135207,0.514088,0.847014],[-0.185714,-0.826564,0.531321]],"armWidth":59.0231,"confidence":1,"direction":[-0.0312255,0.99681,-0.0734501],"elbow":[111.787,-82.1653,198.2],"grabAngle":0.279258,"grabStrength":0,"id":118,"palmNormal":[-0.166625,-0.077649,-0.982958],"palmPosition":[148.984,181.112,58.8634],"palmVelocity":[-81.3064,-10.1435,-0.372876],"palmWidth":80.6694,"pinchDistance":44.5342,"pinchStrength":0,"r":[[0.193015,-0.105565,0.9755],[0.267663,0.962153,0.0511603],[-0.943982,0.251231,0.213966]],"s":1.08896,"sphereCenter":[115.961,166.31,-123.769],"sphereRadius":188.132,"stabilizedPalmPosition":[150.017,181.687,58.1027],"t":[33.6926,8.78477,-5.93872],"timeVisible":7.70074,"type":"right","wrist":[156.242,115.694,71.0149]}],"id":148485,"interactionBox":{"center":[0,200,0],"size":[235.247,235.247,147.751]},"pointables":[{"bases":[[[0.539514,0.271387,0.797041],[-0.706442,-0.369146,0.60388],[0.45811,-0.888864,-0.00743984]],[[0.472617,0.38908,0.790727],[-0.698296,-0.38202,0.605346],[0.537602,-0.838258,0.0911439]],[[0.472617,0.38908,0.790727],[-0.879661,0.154119,0.449938],[0.0531958,-0.90822,0.415098]],[[0.472617,0.38908,0.790727],[-0.80944,0.546461,0.214914],[-0.348483,-0.741618,0.573204]]],"btipPosition":[113.061,208.467,32.2002],"carpPosition":[131.368,129.577,60.0759],"dipPosition":[106.008,193.456,43.8021],"direction":[-0.0531958,0.90822,-0.415098],"extended":false,"handId":118,"id":1180,"length":45.0726,"mcpPosition":[131.368,129.577,60.0759],"pipPosition":[107.576,166.675,56.0422],"stabilizedTipPosition":[114.388,204.501,33.4304],"timeVisible":7.70074,"tipPosition":[110.733,205.002,34.71],"tipVelocity":[-72.7336,-17.15,5.44056],"tool":false,"touchDistance":-0.205322,"touchZone":"touching","type":0,"width":19.1104},{"bases":[[[0.838374,-0.288698,-0.462367],[0.503866,0.0868275,0.859407],[-0.207962,-0.953475,0.218259]],[[0.86375,-0.0420961,-0.50216],[0.499797,0.198785,0.843022],[0.0643339,-0.979139,0.19274]],[[0.86375,-0.0420961,-0.50216],[0.493583,0.271489,0.826238],[0.101549,-0.961521,0.255276]],[[0.86375,-0.0420961,-0.50216],[0.489457,0.307121,0.816155],[0.119867,-0.950739,0.28588]]],"btipPosition":[176.567,251.401,38.0035],"carpPosition":[171.348,142.005,63.6976],"dipPosition":[178.354,237.228,42.2651],"direction":[-0.101549,0.961521,-0.255276],"extended":true,"handId":118,"id":1184,"length":43.6839,"mcpPosition":[182.039,191.022,52.4773],"pipPosition":[180.072,220.964,46.5832],"stabilizedTipPosition":[179.543,248.829,40.2403],"timeVisible":7.70074,"tipPosition":[177.814,248.316,39.6369],"tipVelocity":[-94.7042,-13.6945,-13.6038],"tool":false,"touchDistance":0.333226,"touchZone":"hovering","type":4,"width":15.1538},{"bases":[[[0.966292,0.185559,-0.178458],[0.135669,0.222098,0.965539],[0.2188,-0.957204,0.189437]],[[0.990711,-0.0213324,-0.134299],[0.134363,0.305554,0.942647],[0.0209267,-0.951936,0.305582]],[[0.990711,-0.0213324,-0.134299],[0.132957,0.359128,0.923769],[0.0285242,-0.933045,0.358628]],[[0.990711,-0.0213324,-0.134299],[0.129789,0.442999,0.887077],[0.0405709,-0.896268,0.441653]]],"btipPosition":[124.763,271.063,37.4813],"carpPosition":[141.007,140.512,75.2142],"dipPosition":[125.362,257.819,44.0073],"direction":[-0.0285242,0.933045,-0.358628],"extended":true,"handId":118,"id":1181,"length":50.8594,"mcpPosition":[126.736,202.946,62.8581],"pipPosition":[125.959,238.315,51.504],"stabilizedTipPosition":[125.706,267.688,36.9893],"timeVisible":7.70074,"tipPosition":[125.133,267.725,38.2656],"tipVelocity":[-82.7964,-9.28051,-4.23657],"tool":false,"touchDistance":-0.018103,"touchZone":"touching","type":1,"width":18.2543},{"bases":[[[0.949588,0.0139318,-0.313192],[0.30185,0.229203,0.925393],[0.0846769,-0.973279,0.213443]],[[0.952403,-0.0291207,-0.303447],[0.297053,0.312231,0.90237],[0.068468,-0.94956,0.30602]],[[0.952403,-0.0291207,-0.303447],[0.285352,0.43538,0.853826],[0.107251,-0.899776,0.422967]],[[0.952403,-0.0291207,-0.303447],[0.285352,0.43538,0.853826],[0.107251,-0.899776,0.422967]]],"btipPosition":[139.061,279.887,31.4099],"carpPosition":[151.533,143.351,74.6452],"dipPosition":[140.804,265.264,38.284],"direction":[-0.107251,0.899776,-0.422967],"extended":true,"handId":118,"id":1182,"length":57.9502,"mcpPosition":[146.295,203.553,61.4428],"pipPosition":[143.441,243.136,48.6861],"stabilizedTipPosition":[142.617,276.66,32.0786],"timeVisible":7.70074,"tipPosition":[139.732,276.951,34.0559],"tipVelocity":[-77.3585,-16.1938,-25.3963],"tool":false,"touchDistance":0.0775455,"touchZone":"hovering","type":2,"width":17.9281},{"bases":[[[0.926224,-0.146764,-0.347232],[0.371468,0.19847,0.906985],[-0.064198,-0.969056,0.238345]],[[0.924005,0.0164017,-0.382028],[0.358189,0.312585,0.879768],[0.133846,-0.949748,0.282955]],[[0.924005,0.0164017,-0.382028],[0.354602,0.337084,0.872142],[0.14308,-0.941332,0.305651]],[[0.924005,0.0164017,-0.382028],[0.298114,0.594765,0.74658],[0.239462,-0.803732,0.544677]]],"btipPosition":[153.1,270.448,31.54],"carpPosition":[162.004,144.393,71.8342],"dipPosition":[156.97,257.461,40.3413],"direction":[-0.14308,0.941332,-0.305651],"extended":true,"handId":118,"id":1183,"length":55.7206,"mcpPosition":[165.57,198.209,58.5977],"pipPosition":[160.398,234.909,47.664],"stabilizedTipPosition":[161.544,268.341,33.8341],"timeVisible":7.70074,"tipPosition":[155.825,267.303,33.3912],"tipVelocity":[-130.935,-23.9433,-10.107],"tool":false,"touchDistance":0.259266,"touchZone":"hovering","type":3,"width":17.0597}],"r":[[0.193015,-0.105565,0.9755],[0.267663,0.962153,0.0511603],[-0.943982,0.251231,0.213966]],"s":1.08896,"t":[33.6926,8.78477,-5.93872],"timestamp":8083483149},{"currentFrameRate":115.164,"devices":[],"gestures":[],"hands":[{"armBasis":[[0.973642,-0.227312,-0.0187438],[0.136393,0.514399,0.846635],[-0.182808,-0.826875,0.531844]],"armWidth":59.0231,"confidence":1,"direction":[-0.0318271,0.996808,-0.0732121],"elbow":[111.731,-82.3287,198.329],"grabAngle":0.283221,"grabStrength":0,"id":118,"palmNormal":[-0.168305,-0.0775482,-0.98268],"palmPosition":[148.164,181.022,58.8882],"palmVelocity":[-92.3564,-10.1328,2.79531],"palmWidth":80.6694,"pinchDistance":44.4927,"pinchStrength":0,"r":[[0.19368,-0.105558,0.97537],[0.267256,0.962271,0.0510712],[-0.943961,0.250782,0.214583]],"s":1.08644,"sphereCenter":[114.512,166.554,-122.473],"sphereRadius":186.992,"stabilizedPalmPosition":[149.985,181.676,58.1165],"t":[32.9617,8.70732,-5.9102],"timeVisible":7.70962,"type":"right","wrist":[155.49,115.605,71.0182]}],"id":148486,"interactionBox":{"center":[0,200,0],"size":[235.247,235.247,147.751]},"pointables":[{"bases":[[[0.540776,0.271498,0.796147],[-0.705211,-0.369592,0.605045],[0.458518,-0.888645,-0.00840347]],[[0.474592,0.387913,0.790118],[-0.696498,-0.383359,0.60657],[0.538195,-0.838188,0.0882417]],[[0.474592,0.387913,0.790118],[-0.878633,0.155133,0.451595],[0.052606,-0.908547,0.414458]],[[0.474592,0.387913,0.790118],[-0.808508,0.546978,0.217095],[-0.347963,-0.741848,0.573222]]],"btipPosition":[112.248,208.379,32.3932],"carpPosition":[130.575,129.479,60.122],"dipPosition":[105.205,193.364,43.9955],"direction":[-0.052606,0.908547,-0.414458],"extended":false,"handId":118,"id":1180,"length":45.0726,"mcpPosition":[130.575,129.479,60.122],"pipPosition":[106.756,166.573,56.2168],"stabilizedTipPosition":[114.187,204.524,33.518],"timeVisible":7.70962,"tipPosition":[109.865,204.898,34.8081],"tipVelocity":[-91.2697,-9.96349,21.7515],"tool":false,"touchDistance":-0.202103,"touchZone":"touching","type":0,"width":19.1104},{"bases":[[[0.837702,-0.288214,-0.463884],[0.505325,0.0869096,0.858541],[-0.207128,-0.953614,0.218446]],[[0.862876,-0.0398641,-0.503841],[0.500913,0.200225,0.842019],[0.0673153,-0.978939,0.192738]],[[0.862876,-0.0398641,-0.503841],[0.494469,0.272942,0.825229],[0.104622,-0.961204,0.255227]],[[0.862876,-0.0398641,-0.503841],[0.490278,0.308174,0.815265],[0.122771,-0.950495,0.28546]]],"btipPosition":[175.545,251.313,37.9796],"carpPosition":[170.555,141.925,63.6761],"dipPosition":[177.375,237.144,42.235],"direction":[-0.104622,0.961204,-0.255227],"extended":true,"handId":118,"id":1184,"length":43.6839,"mcpPosition":[181.203,190.949,52.4462],"pipPosition":[179.145,220.885,46.5522],"stabilizedTipPosition":[179.478,248.815,40.217],"timeVisible":7.70962,"tipPosition":[176.92,248.241,39.6181],"tipVelocity":[-114.026,-9.83972,-2.85613],"tool":false,"touchDistance":0.333307,"touchZone":"hovering","type":4,"width":15.1538},{"bases":[[[0.965891,0.186051,-0.180111],[0.13725,0.221986,0.965342],[0.219585,-0.957135,0.188879]],[[0.990483,-0.0206347,-0.136079],[0.135902,0.303023,0.943243],[0.0217717,-0.95276,0.302944]],[[0.990483,-0.0206347,-0.136079],[0.134372,0.358981,0.923621],[0.0297913,-0.933117,0.358338]],[[0.990483,-0.0206347,-0.136079],[0.131117,0.442114,0.887324],[0.0418529,-0.896722,0.440612]]],"btipPosition":[123.863,271.001,37.6685],"carpPosition":[140.235,140.415,75.2454],"dipPosition":[124.481,257.75,44.1791],"direction":[-0.0297913,0.933117,-0.358338],"extended":true,"handId":118,"id":1181,"length":50.8594,"mcpPosition":[125.913,202.844,62.9258],"pipPosition":[125.104,238.245,51.6697],"stabilizedTipPosition":[125.586,267.707,37.1425],"timeVisible":7.70962,"tipPosition":[124.234,267.63,38.3538],"tipVelocity":[-100.896,-7.20697,20.6845],"tool":false,"touchDistance":-0.0150421,"touchZone":"touching","type":1,"width":18.2543},{"bases":[[[0.949032,0.0144404,-0.314848],[0.303357,0.229177,0.924907],[0.0855119,-0.973278,0.213116]],[[0.951909,-0.0291408,-0.304993],[0.298522,0.312241,0.901881],[0.0689497,-0.949556,0.305924]],[[0.951909,-0.0291408,-0.304993],[0.28667,0.436011,0.853062],[0.108121,-0.89947,0.423396]],[[0.951909,-0.0291408,-0.304993],[0.28667,0.436011,0.853062],[0.108121,-0.89947,0.423396]]],"btipPosition":[138.179,279.783,31.43],"carpPosition":[150.759,143.259,74.6586],"dipPosition":[139.936,265.165,38.3111],"direction":[-0.108121,0.89947,-0.423396],"extended":true,"handId":118,"id":1182,"length":57.9502,"mcpPosition":[145.469,203.461,61.4764],"pipPosition":[142.595,243.044,48.7237],"stabilizedTipPosition":[142.56,276.657,32.0916],"timeVisible":7.70962,"tipPosition":[138.822,276.86,34.1108],"tipVelocity":[-98.9476,-11.6284,2.44375],"tool":false,"touchDistance":0.0779071,"touchZone":"hovering","type":2,"width":17.9281},{"bases":[[[0.925685,-0.14626,-0.348876],[0.372957,0.19848,0.906371],[-0.0633213,-0.96913,0.238279]],[[0.922697,0.0234573,-0.384812],[0.358537,0.314684,0.878877],[0.14171,-0.948907,0.281948]],[[0.922697,0.0234573,-0.384812],[0.355818,0.33241,0.87344],[0.148404,-0.942843,0.298368]],[[0.922697,0.0234573,-0.384812],[0.292796,0.606698,0.739046],[0.2508,-0.794586,0.55293]]],"btipPosition":[151.657,270.222,31.619],"carpPosition":[161.224,144.307,71.8295],"dipPosition":[155.71,257.383,40.5537],"direction":[-0.148404,0.942843,-0.298368],"extended":true,"handId":118,"id":1183,"length":55.7206,"mcpPosition":[164.741,198.127,58.5967],"pipPosition":[159.265,234.794,47.702],"stabilizedTipPosition":[161.207,268.3,33.828],"timeVisible":7.70962,"tipPosition":[154.843,267.223,33.4284],"tipVelocity":[-157.806,-21.6401,12.3597],"tool":false,"touchDistance":0.265343,"touchZone":"hovering","type":3,"width":17.0597}],"r":[[0.19368,-0.105558,0.97537],[0.267256,0.962271,0.0510712],[-0.943961,0.250782,0.214583]],"s":1.08644,"t":[32.9617,8.70732,-5.9102],"timestamp":8083492028},{"currentFrameRate":114.944,"devices":[],"gestures":[],"hands":[{"armBasis":[[0.974057,-0.225281,-0.0215041],[0.137918,0.515599,0.845657],[-0.179423,-0.826684,0.533293]],"armWidth":59.0231,"confidence":1,"direction":[-0.0318653,0.996895,-0.0720113],"elbow":[111.785,-82.2008,198.657],"grabAngle":0.289106,"grabStrength":0,"id":118,"palmNormal":[-0.170325,-0.0764101,-0.982421],"palmPosition":[147.367,181.113,58.9386],"palmVelocity":[-87.8726,10.094,5.55653],"palmWidth":80.6694,"pinchDistance":44.4382,"pinchStrength":0,"r":[[0.194608,-0.105778,0.975161],[0.266972,0.962348,0.0511099],[-0.94385,0.250395,0.21552]],"s":1.08376,"sphereCenter":[113.258,167.353,-120.421],"sphereRadius":185.08,"stabilizedPalmPosition":[149.925,181.663,58.1351],"t":[32.1975,8.71439,-5.87073],"timeVisible":7.7187,"type":"right","wrist":[154.734,115.687,71]}],"id":148487,"interactionBox":{"center":[0,200,0],"size":[235.247,235.247,147.751]},"pointables":[{"bases":[[[0.542436,0.270531,0.795347],[-0.704012,-0.370204,0.606066],[0.458401,-0.888685,-0.0103546]],[[0.476744,0.386171,0.789675],[-0.694965,-0.384508,0.6076],[0.538274,-0.838466,0.0850629]],[[0.476744,0.386171,0.789675],[-0.877506,0.155991,0.453486],[0.0519408,-0.909142,0.413235]],[[0.476744,0.386171,0.789675],[-0.80738,0.547633,0.219627],[-0.347639,-0.742274,0.572867]]],"btipPosition":[111.457,208.51,32.6049],"carpPosition":[129.774,129.571,60.1497],"dipPosition":[104.421,193.486,44.2],"direction":[-0.0519408,0.909142,-0.413235],"extended":false,"handId":118,"id":1180,"length":45.0726,"mcpPosition":[129.774,129.571,60.1497],"pipPosition":[105.952,166.678,56.3852],"stabilizedTipPosition":[113.882,204.561,33.6409],"timeVisible":7.7187,"tipPosition":[109.026,205.022,34.9658],"tipVelocity":[-87.0054,14.1779,23.1414],"tool":false,"touchDistance":-0.198603,"touchZone":"touching","type":0,"width":19.1104},{"bases":[[[0.836718,-0.287778,-0.465926],[0.507092,0.085876,0.857603],[-0.206787,-0.953839,0.217784]],[[0.861827,-0.0383326,-0.505751],[0.502499,0.200006,0.841126],[0.0689106,-0.979045,0.191632]],[[0.861827,-0.0383326,-0.505751],[0.495906,0.272958,0.824361],[0.106449,-0.961262,0.254252]],[[0.861827,-0.0383326,-0.505751],[0.491644,0.308212,0.814427],[0.12466,-0.950545,0.284472]]],"btipPosition":[174.627,251.413,38.0387],"carpPosition":[169.763,142.009,63.6361],"dipPosition":[176.486,237.243,42.2794],"direction":[-0.106449,0.961262,-0.254252],"extended":true,"handId":118,"id":1184,"length":43.6839,"mcpPosition":[180.394,191.044,52.4403],"pipPosition":[178.286,220.983,46.5801],"stabilizedTipPosition":[179.372,248.799,40.1881],"timeVisible":7.7187,"tipPosition":[176.085,248.351,39.6826],"tipVelocity":[-100.381,11.0316,6.14174],"tool":false,"touchDistance":0.333374,"touchZone":"hovering","type":4,"width":15.1538},{"bases":[[[0.965541,0.18615,-0.181877],[0.139251,0.220871,0.965311],[0.219864,-0.957374,0.187338]],[[0.990189,-0.0196049,-0.138354],[0.137837,0.299714,0.944019],[0.0229593,-0.953828,0.299476]],[[0.990189,-0.0196049,-0.138354],[0.136139,0.358554,0.923529],[0.0315018,-0.933303,0.357705]],[[0.990189,-0.0196049,-0.138354],[0.13274,0.44134,0.887468],[0.0436625,-0.897126,0.439612]]],"btipPosition":[122.969,271.14,37.9462],"carpPosition":[139.467,140.489,75.2658],"dipPosition":[123.615,257.883,44.442],"direction":[-0.0315018,0.933303,-0.357705],"extended":true,"handId":118,"id":1181,"length":50.8594,"mcpPosition":[125.126,202.934,63.0466],"pipPosition":[124.273,238.374,51.9194],"stabilizedTipPosition":[125.363,267.741,37.3501],"timeVisible":7.7187,"tipPosition":[123.402,267.749,38.5577],"tipVelocity":[-97.7582,15.1624,30.2227],"tool":false,"touchDistance":-0.0104709,"touchZone":"touching","type":1,"width":18.2543},{"bases":[[[0.948387,0.0146951,-0.316774],[0.305276,0.22809,0.924544],[0.0858391,-0.973529,0.211831]],[[0.951248,-0.0281968,-0.307137],[0.300355,0.311044,0.901687],[0.0701083,-0.949977,0.304349]],[[0.951248,-0.0281968,-0.307137],[0.288274,0.435349,0.852859],[0.109664,-0.89982,0.422253]],[[0.951248,-0.0281968,-0.307137],[0.288274,0.435349,0.852859],[0.109664,-0.89982,0.422253]]],"btipPosition":[137.278,279.904,31.6239],"carpPosition":[149.989,143.333,74.6607],"dipPosition":[139.06,265.28,38.4864],"direction":[-0.109664,0.89982,-0.422253],"extended":true,"handId":118,"id":1182,"length":57.9502,"mcpPosition":[144.68,203.55,61.5579],"pipPosition":[141.757,243.15,48.8709],"stabilizedTipPosition":[142.469,276.655,32.1125],"timeVisible":7.7187,"tipPosition":[137.984,276.979,34.2855],"tipVelocity":[-98.6409,13.1682,20.8907],"tool":false,"touchDistance":0.0810669,"touchZone":"hovering","type":2,"width":17.9281},{"bases":[[[0.924953,-0.145964,-0.350937],[0.374834,0.197406,0.905831],[-0.0629418,-0.969394,0.237304]],[[0.921134,0.0312896,-0.387986],[0.35913,0.316121,0.878119],[0.150127,-0.948203,0.279953]],[[0.921134,0.0312896,-0.387986],[0.357011,0.329252,0.874149],[0.155097,-0.943724,0.292114]],[[0.921134,0.0312896,-0.387986],[0.285593,0.622937,0.728276],[0.264478,-0.781646,0.564872]]],"btipPosition":[150.154,270.097,31.6889],"carpPosition":[160.449,144.382,71.8113],"dipPosition":[154.428,257.467,40.8166],"direction":[-0.155097,0.943724,-0.292114],"extended":true,"handId":118,"id":1183,"length":55.7206,"mcpPosition":[163.945,198.217,58.6326],"pipPosition":[158.144,234.857,47.815],"stabilizedTipPosition":[160.694,268.244,33.826],"timeVisible":7.7187,"tipPosition":[153.885,267.336,33.5726],"tipVelocity":[-159.989,-8.48588,12.5907],"tool":false,"touchDistance":0.271194,"touchZone":"hovering","type":3,"width":17.0597}],"r":[[0.194608,-0.105778,0.975161],[0.266972,0.962348,0.0511099],[-0.94385,0.250395,0.21552]],"s":1.08376,"t":[32.1975,8.71439,-5.87073],"timestamp":8083501103},{"currentFrameRate":115.097,"devices":[],"gestures":[],"hands":[{"armBasis":[[0.974865,-0.221684,-0.022251],[0.137035,0.517861,0.844418],[-0.175671,-0.826242,0.535223]],"armWidth":59.0231,"confidence":1,"direction":[-0.0336703,0.996782,-0.0727514],"elbow":[111.845,-82.007,199.172],"grabAngle":0.294134,"grabStrength":0,"id":118,"palmNormal":[-0.170436,-0.077453,-0.98232],"palmPosition":[146.387,181.176,58.9311],"palmVelocity":[-116.237,7.49801,-0.889167],"palmWidth":80.6694,"pinchDistance":44.4413,"pinchStrength":0,"r":[[0.195438,-0.105738,0.974999],[0.266403,0.962512,0.0509831],[-0.94384,0.249779,0.21628]],"s":1.08095,"sphereCenter":[111.984,167.698,-118.642],"sphereRadius":183.395,"stabilizedPalmPosition":[149.826,181.649,58.1575],"t":[31.3256,8.74953,-5.85474],"timeVisible":7.72712,"type":"right","wrist":[153.896,115.775,71.0526]}],"id":148488,"interactionBox":{"center":[0,200,0],"size":[235.247,235.247,147.751]},"pointables":[{"bases":[[[0.542151,0.2721,0.795006],[-0.703194,-0.37101,0.606523],[0.45999,-0.88787,-0.00980399]],[[0.477183,0.386125,0.789432],[-0.693316,-0.386581,0.608168],[0.540009,-0.837533,0.0832366]],[[0.477183,0.386125,0.789432],[-0.877286,0.156531,0.453725],[0.0516238,-0.909068,0.413437]],[[0.477183,0.386125,0.789432],[-0.806799,0.548598,0.219352],[-0.348384,-0.741585,0.573307]]],"btipPosition":[110.518,208.485,32.7065],"carpPosition":[128.887,129.604,60.1854],"dipPosition":[103.466,193.475,44.3105],"direction":[-0.0516238,0.909068,-0.413437],"extended":false,"handId":118,"id":1180,"length":45.0726,"mcpPosition":[128.887,129.604,60.1854],"pipPosition":[104.989,166.669,56.5017],"stabilizedTipPosition":[113.439,204.603,33.795],"timeVisible":7.72712,"tipPosition":[108.006,204.999,34.9542],"tipVelocity":[-111.859,-2.55412,12.3016],"tool":false,"touchDistance":-0.197844,"touchZone":"touching","type":0,"width":19.1104},{"bases":[[[0.837115,-0.286627,-0.465923],[0.507154,0.0874287,0.85741],[-0.205022,-0.954045,0.218552]],[[0.86175,-0.0358505,-0.506065],[0.502209,0.201708,0.840893],[0.0719311,-0.978789,0.191826]],[[0.86175,-0.0358505,-0.506065],[0.495418,0.274385,0.824181],[0.109309,-0.960951,0.254212]],[[0.86175,-0.0358505,-0.506065],[0.4911,0.309259,0.814358],[0.12731,-0.950302,0.28411]]],"btipPosition":[173.448,251.514,38.0155],"carpPosition":[168.855,142.116,63.6523],"dipPosition":[175.346,237.348,42.2508],"direction":[-0.109309,0.960951,-0.254212],"extended":true,"handId":118,"id":1184,"length":43.6839,"mcpPosition":[179.394,191.161,52.4169],"pipPosition":[177.195,221.093,46.5508],"stabilizedTipPosition":[179.202,248.782,40.151],"timeVisible":7.72712,"tipPosition":[174.974,248.45,39.6142],"tipVelocity":[-138.859,12.0594,-2.89886],"tool":false,"touchDistance":0.333316,"touchZone":"hovering","type":4,"width":15.1538},{"bases":[[[0.96516,0.187744,-0.182262],[0.139099,0.221845,0.965109],[0.221627,-0.956837,0.188001]],[[0.990179,-0.0173505,-0.138724],[0.137577,0.297339,0.944808],[0.024855,-0.954614,0.296806]],[[0.990179,-0.0173505,-0.138724],[0.135683,0.358422,0.923647],[0.0336958,-0.933399,0.357256]],[[0.990179,-0.0173505,-0.138724],[0.132123,0.440512,0.887971],[0.0457027,-0.897579,0.438478]]],"btipPosition":[121.805,271.204,38.0533],"carpPosition":[138.564,140.55,75.2908],"dipPosition":[122.481,257.941,44.5324],"direction":[-0.0336958,0.933399,-0.357256],"extended":true,"handId":118,"id":1181,"length":50.8594,"mcpPosition":[124.108,202.96,63.0284],"pipPosition":[123.185,238.43,52.0004],"stabilizedTipPosition":[124.957,267.79,37.6117],"timeVisible":7.72712,"tipPosition":[122.259,267.759,38.5038],"tipVelocity":[-137.303,7.44746,12.2556],"tool":false,"touchDistance":-0.0188973,"touchZone":"touching","type":1,"width":18.2543},{"bases":[[[0.948279,0.0161569,-0.317026],[0.3051,0.229331,0.924295],[0.0876374,-0.973214,0.21254]],[[0.951184,-0.02598,-0.30753],[0.30005,0.311097,0.90177],[0.0722434,-0.950023,0.303705]],[[0.951184,-0.02598,-0.30753],[0.287651,0.435699,0.852891],[0.111832,-0.899718,0.421903]],[[0.951184,-0.02598,-0.30753],[0.287651,0.435699,0.852891],[0.111832,-0.899718,0.421903]]],"btipPosition":[136.081,279.962,31.6414],"carpPosition":[149.081,143.412,74.6809],"dipPosition":[137.899,265.34,38.4982],"direction":[-0.111832,0.899718,-0.421903],"extended":true,"handId":118,"id":1182,"length":57.9502,"mcpPosition":[143.66,203.61,61.5343],"pipPosition":[140.649,243.213,48.8741],"stabilizedTipPosition":[142.318,276.653,32.1405],"timeVisible":7.72712,"tipPosition":[136.824,277.004,34.2017],"tipVelocity":[-141.037,6.93138,1.91955],"tool":false,"touchDistance":0.0917172,"touchZone":"hovering","type":2,"width":17.9281},{"bases":[[[0.925124,-0.14457,-0.351062],[0.374709,0.198758,0.905587],[-0.0611443,-0.969327,0.238048]],[[0.920165,0.0398849,-0.389494],[0.357705,0.318846,0.877715],[0.159197,-0.946967,0.279124]],[[0.920165,0.0398849,-0.389494],[0.35479,0.335796,0.872563],[0.165593,-0.94109,0.294836]],[[0.920165,0.0398849,-0.389494],[0.275104,0.641986,0.715662],[0.278594,-0.765678,0.57976]]],"btipPosition":[148.314,269.821,31.3906],"carpPosition":[159.539,144.478,71.8281],"dipPosition":[152.816,257.448,40.7588],"direction":[-0.165593,0.94109,-0.294836],"extended":true,"handId":118,"id":1183,"length":55.7206,"mcpPosition":[162.934,198.31,58.6081],"pipPosition":[156.783,234.902,47.8225],"stabilizedTipPosition":[159.951,268.161,33.8076],"timeVisible":7.72712,"tipPosition":[152.589,267.373,33.5009],"tipVelocity":[-212.146,-25.733,-28.8286],"tool":false,"touchDistance":0.274541,"touchZone":"hovering","type":3,"width":17.0597}],"r":[[0.195438,-0.105738,0.974999],[0.266403,0.962512,0.0509831],[-0.94384,0.249779,0.21628]],"s":1.08095,"t":[31.3256,8.74953,-5.85474],"timestamp":8083509531},{"currentFrameRate":115.284,"devices":[],"gestures":[],"hands"