{"frames":87,"data":[{"currentFrameRate":115.093,"devices":[],"gestures":[],"hands":[{"armBasis":[[0.587101,-0.273175,-0.762029],[0.584216,0.794596,0.165257],[0.560361,-0.542212,0.626101]],"armWidth":51.6826,"confidence":1,"direction":[-0.470458,0.0408562,-0.881476],"elbow":[247.468,27.7802,216.763],"grabAngle":3.01609,"grabStrength":0.804246,"id":97,"palmNormal":[-0.435804,-0.87936,0.191837],"palmPosition":[83.216,157.634,24.4717],"palmVelocity":[-6.10399,-2.38509,1.4919],"palmWidth":76.2329,"pinchDistance":18.0554,"pinchStrength":1,"r":[[0.836048,0.0139188,-0.548479],[-0.323415,0.820034,-0.472173],[0.443199,0.572146,0.690089]],"s":1.07495,"sphereCenter":[66.2296,120.253,17.9451],"sphereRadius":36.5023,"stabilizedPalmPosition":[85.6899,156.705,22.0065],"t":[-101.34,2.41308,126.412],"timeVisible":20.3102,"type":"right","wrist":[120.709,150.434,75.1324]}],"id":127427,"interactionBox":{"center":[0,200,0],"size":[235.247,235.247,147.751]},"pointables":[{"bases":[[[0.606751,0.603598,-0.517226],[-0.239015,0.759113,0.605491],[0.758106,-0.243757,0.604862]],[[0.30804,0.650633,-0.69411],[-0.527309,0.72403,0.444664],[0.791869,0.229036,0.566114]],[[0.30804,0.650633,-0.69411],[-0.632922,0.68486,0.361077],[0.710297,0.328091,0.622763]],[[0.30804,0.650633,-0.69411],[-0.758019,0.608733,0.234201],[0.574907,0.454006,0.680706]]],"btipPosition":[24.5945,130.889,19.8862],"carpPosition":[90.0571,159.195,75.4708],"dipPosition":[36.1466,140.012,33.5642],"direction":[-0.710297,-0.328091,-0.622763],"extended":false,"handId":97,"id":970,"length":44.7461,"mcpPosition":[90.0571,159.195,75.4708],"pipPosition":[56.9397,149.616,51.7949],"stabilizedTipPosition":[27.2106,134.197,23.678],"timeVisible":20.3102,"tipPosition":[24.4951,138.472,25.0133],"tipVelocity":[-4.3859,-7.45935,1.70473],"tool":false,"touchDistance":-0.26248,"touchZone":"touching","type":0,"width":16.187},{"bases":[[[0.677413,-0.460807,-0.573383],[0.343074,0.887421,-0.30787],[0.650701,0.0118423,0.759242]],[[0.688505,-0.460535,-0.56024],[-0.0768567,0.721813,-0.687807],[0.721148,0.516616,0.461577]],[[0.688505,-0.460535,-0.56024],[-0.605804,0.0594717,-0.793388],[0.398702,0.885647,-0.238048]],[[0.688505,-0.460535,-0.56024],[-0.716846,-0.315021,-0.622008],[0.10997,0.829861,-0.547026]]],"btipPosition":[21.568,120.423,10.6503],"carpPosition":[98.1637,170.761,61.5098],"dipPosition":[23.1811,132.596,2.62575],"direction":[-0.398702,-0.885647,0.238048],"extended":false,"handId":97,"id":971,"length":50.491,"mcpPosition":[58.0559,170.031,14.7118],"pipPosition":[31.4551,150.975,-2.31427],"stabilizedTipPosition":[20.3887,127.062,1.72667],"timeVisible":20.3102,"tipPosition":[19.7241,126.145,2.0878],"tipVelocity":[-1.25605,-10.155,6.69774],"tool":false,"touchDistance":0.333333,"touchZone":"none","type":1,"width":15.4618},{"bases":[[[0.69062,-0.599457,-0.404593],[0.466863,0.796785,-0.383631],[0.552344,0.0760537,0.83014]],[[0.670172,-0.601818,-0.434379],[-0.340782,0.270412,-0.900414],[0.659346,0.751461,-0.0238663]],[[0.670172,-0.601818,-0.434379],[-0.729205,-0.642954,-0.234246],[-0.138312,0.473736,-0.869738]],[[0.670172,-0.601818,-0.434379],[-0.471776,-0.79722,0.376653],[-0.572972,-0.0474922,-0.818198]]],"btipPosition":[58.2941,120.975,41.7439],"carpPosition":[105.245,167.319,54.8445],"dipPosition":[49.0495,120.208,28.5428],"direction":[0.138312,-0.473736,0.869738],"extended":false,"handId":97,"id":972,"length":57.5304,"mcpPosition":[72.959,162.873,6.32048],"pipPosition":[45.6726,131.775,7.30816],"stabilizedTipPosition":[54.8279,121.895,38.3355],"timeVisible":20.3102,"tipPosition":[55.3912,121.393,37.8303],"tipVelocity":[2.81269,-1.90514,7.4365],"tool":false,"touchDistance":0.333333,"touchZone":"none","type":2,"width":15.1855},{"bases":[[[0.727202,-0.64008,-0.247943],[0.532381,0.753939,-0.384898],[0.433299,0.147899,0.889032]],[[0.751876,-0.630059,-0.194186],[-0.292309,-0.0545619,-0.954766],[0.590964,0.774628,-0.225196]],[[0.751876,-0.630059,-0.194186],[-0.622761,-0.775394,0.104566],[-0.216454,0.042311,-0.975376]],[[0.751876,-0.630059,-0.194186],[-0.36031,-0.639332,0.679288],[-0.552141,-0.440772,-0.707715]]],"btipPosition":[80.8866,130.315,46.3739],"carpPosition":[112.291,161.728,49.8406],"dipPosition":[72.0293,123.244,35.0209],"direction":[0.216454,-0.042311,0.975376],"extended":false,"handId":97,"id":973,"length":55.3171,"mcpPosition":[89.551,153.966,3.18345],"pipPosition":[66.8811,124.25,11.8222],"stabilizedTipPosition":[80.0415,127.851,41.2123],"timeVisible":20.3102,"tipPosition":[79.661,127.516,44.0448],"tipVelocity":[-2.46856,-1.54945,2.24864],"tool":false,"touchDistance":0.333333,"touchZone":"none","type":3,"width":14.45},{"bases":[[[0.674436,-0.734375,-0.0763529],[0.675182,0.65529,-0.338711],[0.298774,0.176887,0.937787]],[[0.63096,-0.750908,-0.195004],[-0.288831,0.00592398,-0.957362],[0.720046,0.66038,-0.213148]],[[0.63096,-0.750908,-0.195004],[-0.75675,-0.651076,0.0585578],[-0.170934,0.110621,-0.979053]],[[0.63096,-0.750908,-0.195004],[-0.488252,-0.579674,0.652371],[-0.602909,-0.316409,-0.732384]]],"btipPosition":[93.5421,125.601,36.6654],"carpPosition":[118.123,151.418,48.4734],"dipPosition":[84.6195,120.918,25.8267],"direction":[0.170934,-0.110621,0.979053],"extended":false,"handId":97,"id":974,"length":43.3675,"mcpPosition":[103.609,142.824,2.9148],"pipPosition":[81.7491,122.776,9.38569],"stabilizedTipPosition":[93.4588,124.369,30.6969],"timeVisible":20.3102,"tipPosition":[90.886,124.998,34.6678],"tipVelocity":[-2.38922,-0.997074,2.33812],"tool":false,"touchDistance":0.333333,"touchZone":"none","type":4,"width":12.8356}],"r":[[0.836048,0.0139188,-0.548479],[-0.323415,0.820034,-0.472173],[0.443199,0.572146,0.690089]],"s":1.07495,"t":[-101.34,2.41308,126.412],"timestamp":7897363824},{"currentFrameRate":115.304,"devices":[],"gestures":[],"hands":[{"armBasis":[[0.587147,-0.272846,-0.762112],[0.583673,0.795039,0.16504],[0.560879,-0.541726,0.626057]],"armWidth":51.6826,"confidence":1,"direction":[-0.47037,0.0405176,-0.881539],"elbow":[247.529,27.8935,216.782],"grabAngle":3.01653,"grabStrength":0.804469,"id":97,"palmNormal":[-0.435325,-0.879593,0.191852],"palmPosition":[83.1597,157.611,24.4968],"palmVelocity":[-6.77865,-2.76338,3.01129],"palmWidth":76.2329,"pinchDistance":18.0153,"pinchStrength":1,"r":[[0.836133,0.0148252,-0.548327],[-0.324162,0.819755,-0.472144],[0.442494,0.572522,0.69023]],"s":1.07512,"sphereCenter":[66.1966,120.23,17.9759],"sphereRadius":36.4926,"stabilizedPalmPosition":[85.6806,156.708,22.0156],"t":[-101.398,2.39099,126.435],"timeVisible":20.3185,"type":"right","wrist":[120.653,150.438,75.1612]}],"id":127428,"interactionBox":{"center":[0,200,0],"size":[235.247,235.247,147.751]},"pointables":[{"bases":[[[0.606471,0.603903,-0.517198],[-0.239525,0.759024,0.605401],[0.758169,-0.243276,0.604977]],[[0.307561,0.650758,-0.694205],[-0.527905,0.723688,0.444512],[0.791658,0.22976,0.566117]],[[0.307561,0.650758,-0.694205],[-0.633464,0.684429,0.360943],[0.71002,0.328742,0.622735]],[[0.307561,0.650758,-0.694205],[-0.758626,0.608084,0.233924],[0.574363,0.454696,0.680704]]],"btipPosition":[24.5587,130.811,19.9127],"carpPosition":[89.9934,159.18,75.4966],"dipPosition":[36.0998,139.947,33.5907],"direction":[-0.71002,-0.328742,-0.622735],"extended":false,"handId":97,"id":970,"length":44.7461,"mcpPosition":[89.9934,159.18,75.4966],"pipPosition":[56.8849,149.571,51.8205],"stabilizedTipPosition":[27.2106,134.177,23.6683],"timeVisible":20.3185,"tipPosition":[24.4536,138.408,25.0296],"tipVelocity":[-4.60778,-9.02807,3.18971],"tool":false,"touchDistance":-0.262038,"touchZone":"touching","type":0,"width":16.187},{"bases":[[[0.677749,-0.460466,-0.573261],[0.342606,0.887593,-0.307897],[0.650598,0.0122742,0.759323]],[[0.688627,-0.460193,-0.560371],[-0.0779953,0.72131,-0.688207],[0.720909,0.517624,0.46082]],[[0.688627,-0.460193,-0.560371],[-0.606396,0.0582551,-0.793026],[0.39759,0.885906,-0.238943]],[[0.688627,-0.460193,-0.560371],[-0.716885,-0.315967,-0.621482],[0.108943,0.829691,-0.547489]]],"btipPosition":[21.5527,120.344,10.7244],"carpPosition":[98.0951,170.75,61.5357],"dipPosition":[23.1508,132.515,2.69312],"direction":[-0.39759,-0.885906,0.238943],"extended":false,"handId":97,"id":971,"length":50.491,"mcpPosition":[57.9937,169.993,14.7327],"pipPosition":[31.4017,150.9,-2.26548],"stabilizedTipPosition":[20.4096,127.009,1.82455],"timeVisible":20.3185,"tipPosition":[19.6972,126.072,2.13354],"tipVelocity":[-2.25124,-9.4721,8.73322],"tool":false,"touchDistance":0.333333,"touchZone":"none","type":1,"width":15.4618},{"bases":[[[0.691013,-0.599095,-0.404459],[0.466456,0.797021,-0.383635],[0.552196,0.0764351,0.830203]],[[0.670627,-0.601464,-0.434167],[-0.341428,0.269333,-0.900493],[0.658549,0.752131,-0.0247348]],[[0.670627,-0.601464,-0.434167],[-0.728658,-0.643792,-0.233643],[-0.138986,0.473047,-0.870006]],[[0.670627,-0.601464,-0.434167],[-0.470936,-0.797424,0.377272],[-0.573131,-0.0485441,-0.818025]]],"btipPosition":[58.289,120.95,41.8069],"carpPosition":[105.179,167.311,54.8715],"dipPosition":[49.0419,120.167,28.6086],"direction":[0.138986,-0.473047,0.870006],"extended":false,"handId":97,"id":972,"length":57.5304,"mcpPosition":[72.9019,162.843,6.3438],"pipPosition":[45.6485,131.717,7.36743],"stabilizedTipPosition":[54.8308,121.892,38.3364],"timeVisible":20.3185,"tipPosition":[55.3566,121.353,37.8578],"tipVelocity":[-0.680198,-3.38176,7.65871],"tool":false,"touchDistance":0.333333,"touchZone":"none","type":2,"width":15.1855},{"bases":[[[0.727599,-0.639684,-0.2478],[0.531998,0.754212,-0.384891],[0.433103,0.148217,0.889075]],[[0.75226,-0.629645,-0.194042],[-0.292324,-0.0550237,-0.954735],[0.590467,0.774932,-0.225453]],[[0.75226,-0.629645,-0.194042],[-0.622289,-0.775749,0.104739],[-0.216476,0.041959,-0.975386]],[[0.75226,-0.629645,-0.194042],[-0.359966,-0.639433,0.679375],[-0.551842,-0.441218,-0.707671]]],"btipPosition":[80.8498,130.297,46.4094],"carpPosition":[112.229,161.723,49.869],"dipPosition":[71.9973,123.22,35.0571],"direction":[0.216476,-0.041959,0.975386],"extended":false,"handId":97,"id":973,"length":55.3171,"mcpPosition":[89.4995,153.945,3.20957],"pipPosition":[66.8485,124.217,11.8582],"stabilizedTipPosition":[80.04,127.852,41.2154],"timeVisible":20.3185,"tipPosition":[79.6187,127.493,44.0716],"tipVelocity":[-4.29167,-2.2653,4.2923],"tool":false,"touchDistance":0.333333,"touchZone":"none","type":3,"width":14.45},{"bases":[[[0.674865,-0.733995,-0.0762098],[0.67485,0.655649,-0.338678],[0.298555,0.177132,0.937811]],[[0.631429,-0.75056,-0.194827],[-0.288931,0.00543025,-0.957335],[0.719595,0.66078,-0.213431]],[[0.631429,-0.75056,-0.194827],[-0.756372,-0.651516,0.0585456],[-0.170875,0.110395,-0.979089]],[[0.631429,-0.75056,-0.194827],[-0.487926,-0.579845,0.652463],[-0.602682,-0.316923,-0.732348]]],"btipPosition":[93.5063,125.587,36.7029],"carpPosition":[118.068,151.417,48.5033],"dipPosition":[84.5871,120.897,25.8647],"direction":[0.170875,-0.110395,0.979089],"extended":false,"handId":97,"id":974,"length":43.3675,"mcpPosition":[103.564,142.811,2.94357],"pipPosition":[81.7176,122.751,9.42307],"stabilizedTipPosition":[93.4571,124.369,30.6998],"timeVisible":20.3185,"tipPosition":[90.8475,124.98,34.6961],"tipVelocity":[-4.21595,-1.86654,4.52031],"tool":false,"touchDistance":0.333333,"touchZone":"none","type":4,"width":12.8356}],"r":[[0.836133,0.0148252,-0.548327],[-0.324162,0.819755,-0.472144],[0.442494,0.572522,0.69023]],"s":1.07512,"t":[-101.398,2.39099,126.435],"timestamp":7897372137},{"currentFrameRate":115.096,"devices":[],"gestures":[],"hands":[{"armBasis":[[0.587372,-0.272135,-0.762192],[0.582899,0.795585,0.165145],[0.561447,-0.541283,0.625932]],"armWidth":51.6826,"confidence":1,"direction":[-0.470126,0.040274,-0.88168],"elbow":[247.594,27.9792,216.79],"grabAngle":3.01712,"grabStrength":0.804892,"id":97,"palmNormal":[-0.434656,-0.879986,0.191569],"palmPosition":[83.1029,157.573,24.5242],"palmVelocity":[-6.27916,-4.20947,3.02958],"palmWidth":76.2329,"pinchDistance":17.9626,"pinchStrength":1,"r":[[0.836231,0.0157072,-0.548152],[-0.324865,0.819494,-0.472115],[0.441792,0.572872,0.690389]],"s":1.07517,"sphereCenter":[66.1665,120.198,18.0016],"sphereRadius":36.4754,"stabilizedPalmPosition":[85.67,156.712,22.026],"t":[-101.455,2.36091,126.46],"timeVisible":20.3276,"type":"right","wrist":[120.589,150.423,75.1974]}],"id":127429,"interactionBox":{"center":[0,200,0],"size":[235.247,235.247,147.751]},"pointables":[{"bases":[[[0.606133,0.604492,-0.516907],[-0.240345,0.758725,0.605451],[0.75818,-0.242748,0.605175]],[[0.306957,0.651134,-0.69412],[-0.528908,0.723044,0.44437],[0.791223,0.230723,0.566333]],[[0.306957,0.651134,-0.69412],[-0.634306,0.683697,0.360851],[0.70953,0.329519,0.622884]],[[0.306957,0.651134,-0.69412],[-0.759433,0.607156,0.233715],[0.573619,0.455397,0.680863]]],"btipPosition":[24.532,130.693,19.9259],"carpPosition":[89.9193,159.139,75.5264],"dipPosition":[36.0583,139.844,33.6071],"direction":[-0.70953,-0.329519,-0.622884],"extended":false,"handId":97,"id":970,"length":44.7461,"mcpPosition":[89.9193,159.139,75.5264],"pipPosition":[56.8289,149.49,51.8413],"stabilizedTipPosition":[27.2101,134.153,23.6578],"timeVisible":20.3276,"tipPosition":[24.4185,138.31,25.0312],"tipVelocity":[-3.32448,-12.6852,1.54213],"tool":false,"touchDistance":-0.261805,"touchZone":"touching","type":0,"width":16.187},{"bases":[[[0.678311,-0.459808,-0.573124],[0.341966,0.887928,-0.307642],[0.650349,0.0126875,0.75953]],[[0.688874,-0.459539,-0.560603],[-0.0793328,0.720933,-0.688449],[0.720526,0.518729,0.460176]],[[0.688874,-0.459539,-0.560603],[-0.60705,0.056937,-0.792621],[0.396159,0.886331,-0.239741]],[[0.688874,-0.459539,-0.560603],[-0.716849,-0.317067,-0.620964],[0.107608,0.829634,-0.547839]]],"btipPosition":[21.5521,120.238,10.7914],"carpPosition":[98.0158,170.718,61.57],"dipPosition":[23.1307,132.408,2.75498],"direction":[-0.396159,-0.886331,0.239741],"extended":false,"handId":97,"id":971,"length":50.491,"mcpPosition":[57.9297,169.936,14.7542],"pipPosition":[31.3519,150.802,-2.22017],"stabilizedTipPosition":[20.4309,126.953,1.92487],"timeVisible":20.3276,"tipPosition":[19.6839,125.972,2.16687],"tipVelocity":[-0.56298,-11.7507,7.2771],"tool":false,"touchDistance":0.333333,"touchZone":"none","type":1,"width":15.4618},{"bases":[[[0.691637,-0.598454,-0.404341],[0.465915,0.797472,-0.383356],[0.551871,0.076755,0.830389]],[[0.671323,-0.600829,-0.43397],[-0.342086,0.268244,-0.900568],[0.657498,0.753027,-0.0254567]],[[0.671323,-0.600829,-0.43397],[-0.727859,-0.644893,-0.233098],[-0.139812,0.472353,-0.87025]],[[0.671323,-0.600829,-0.43397],[-0.469801,-0.797826,0.377836],[-0.573247,-0.0497704,-0.817869]]],"btipPosition":[58.2992,120.907,41.8653],"carpPosition":[105.105,167.286,54.9074],"dipPosition":[49.0501,120.103,28.6695],"direction":[0.139812,-0.472353,0.87025],"extended":false,"handId":97,"id":972,"length":57.5304,"mcpPosition":[72.8465,162.799,6.36884],"pipPosition":[45.6367,131.636,7.42234],"stabilizedTipPosition":[54.8336,121.89,38.3374],"timeVisible":20.3276,"tipPosition":[55.3292,121.287,37.8745],"tipVelocity":[1.07465,-5.35619,6.51973],"tool":false,"touchDistance":0.333333,"touchZone":"none","type":2,"width":15.1855},{"bases":[[[0.728207,-0.639039,-0.247678],[0.531494,0.754717,-0.384599],[0.4327,0.148428,0.889235]],[[0.752843,-0.628989,-0.19391],[-0.292185,-0.0553789,-0.954757],[0.589793,0.775439,-0.225473]],[[0.752843,-0.628989,-0.19391],[-0.621631,-0.776291,0.104626],[-0.216339,0.0417737,-0.975424]],[[0.752843,-0.628989,-0.19391],[-0.359561,-0.639773,0.679269],[-0.551311,-0.441661,-0.707808]]],"btipPosition":[80.8168,130.26,46.4421],"carpPosition":[112.161,161.705,49.9062],"dipPosition":[71.9728,123.175,35.0876],"direction":[0.216339,-0.0417737,0.975424],"extended":false,"handId":97,"id":973,"length":55.3171,"mcpPosition":[89.4524,153.915,3.23836],"pipPosition":[66.8273,124.169,11.8877],"stabilizedTipPosition":[80.0382,127.854,41.219],"timeVisible":20.3276,"tipPosition":[79.58,127.45,44.0926],"tipVelocity":[-3.42987,-4.29736,3.55631],"tool":false,"touchDistance":0.333333,"touchZone":"none","type":3,"width":14.45},{"bases":[[[0.675497,-0.733423,-0.0761192],[0.674412,0.656264,-0.338357],[0.298113,0.177223,0.937934]],[[0.632132,-0.749999,-0.194706],[-0.288908,0.00503086,-0.957344],[0.718987,0.66142,-0.2135]],[[0.632132,-0.749999,-0.194706],[-0.755834,-0.652168,0.0582352],[-0.170658,0.110353,-0.979131]],[[0.632132,-0.749999,-0.194706],[-0.487548,-0.580284,0.652355],[-0.602251,-0.317446,-0.732477]]],"btipPosition":[93.477,125.559,36.739],"carpPosition":[118.008,151.403,48.5407],"dipPosition":[84.5641,120.861,25.8989],"direction":[0.170658,-0.110353,0.979131],"extended":false,"handId":97,"id":974,"length":43.3675,"mcpPosition":[103.526,142.794,2.97493],"pipPosition":[81.6983,122.714,9.45654],"stabilizedTipPosition":[93.4553,124.369,30.7031],"timeVisible":20.3276,"tipPosition":[90.815,124.946,34.7201],"tipVelocity":[-3.07969,-3.35223,3.94184],"tool":false,"touchDistance":0.333333,"touchZone":"none","type":4,"width":12.8356}],"r":[[0.836231,0.0157072,-0.548152],[-0.324865,0.819494,-0.472115],[0.441792,0.572872,0.690389]],"s":1.07517,"t":[-101.455,2.36091,126.46],"timestamp":7897381180},{"currentFrameRate":115.228,"devices":[],"gestures":[],"hands":[{"armBasis":[[0.587534,-0.271467,-0.762305],[0.582319,0.795966,0.165358],[0.56188,-0.541058,0.625737]],"armWidth":51.6826,"confidence":1,"direction":[-0.469793,0.0399504,-0.881872],"elbow":[247.637,28.0423,216.77],"grabAngle":3.01764,"grabStrength":0.80518,"id":97,"palmNormal":[-0.434169,-0.88026,0.191414],"palmPosition":[83.0601,157.561,24.5357],"palmVelocity":[-5.0564,-1.32851,1.36683],"palmWidth":76.2329,"pinchDistance":17.9169,"pinchStrength":1,"r":[[0.836352,0.0165177,-0.547944],[-0.325494,0.81924,-0.472121],[0.441099,0.573212,0.69055]],"s":1.07515,"sphereCenter":[66.1481,120.19,18.0144],"sphereRadius":36.4621,"stabilizedPalmPosition":[85.6594,156.715,22.0361],"t":[-101.505,2.34025,126.478],"timeVisible":20.336,"type":"right","wrist":[120.534,150.435,75.2211]}],"id":127430,"interactionBox":{"center":[0,200,0],"size":[235.247,235.247,147.751]},"pointables":[{"bases":[[[0.605955,0.604869,-0.516675],[-0.241079,0.758585,0.605334],[0.758089,-0.242246,0.60549]],[[0.306567,0.651319,-0.694119],[-0.529741,0.722609,0.444085],[0.790817,0.231561,0.566558]],[[0.306567,0.651319,-0.694119],[-0.63501,0.68318,0.360594],[0.709069,0.330226,0.623034]],[[0.306567,0.651319,-0.694119],[-0.760153,0.606417,0.233294],[0.572874,0.456116,0.681009]]],"btipPosition":[24.5129,130.617,19.9235],"carpPosition":[89.8548,159.134,75.5406],"dipPosition":[36.0242,139.782,33.6076],"direction":[-0.709069,-0.330226,-0.623034],"extended":false,"handId":97,"id":970,"length":44.7461,"mcpPosition":[89.8548,159.134,75.5406],"pipPosition":[56.7814,149.449,51.8462],"stabilizedTipPosition":[27.2093,134.128,23.6479],"timeVisible":20.336,"tipPosition":[24.393,138.251,25.0158],"tipVelocity":[-2.6702,-8.57351,-0.207073],"tool":false,"touchDistance":-0.261835,"touchZone":"touching","type":0,"width":16.187},{"bases":[[[0.678839,-0.459386,-0.572836],[0.341521,0.88814,-0.307524],[0.650031,0.0131239,0.759794]],[[0.689136,-0.459118,-0.560627],[-0.0804084,0.720443,-0.688837],[0.720157,0.519781,0.459566]],[[0.689136,-0.459118,-0.560627],[-0.607516,0.0556602,-0.792355],[0.394989,0.88663,-0.240564]],[[0.689136,-0.459118,-0.560627],[-0.716754,-0.318106,-0.620542],[0.106563,0.829469,-0.548293]]],"btipPosition":[21.5587,120.168,10.8387],"carpPosition":[97.9495,170.717,61.5873],"dipPosition":[23.1219,132.336,2.79555],"direction":[-0.394989,-0.88663,0.240564],"extended":false,"handId":97,"id":971,"length":50.491,"mcpPosition":[57.883,169.908,14.7552],"pipPosition":[31.3188,150.735,-2.1967],"stabilizedTipPosition":[20.4494,126.903,2.0127],"timeVisible":20.336,"tipPosition":[19.6801,125.907,2.18233],"tipVelocity":[0.355339,-8.37442,5.40499],"tool":false,"touchDistance":0.333333,"touchZone":"none","type":1,"width":15.4618},{"bases":[[[0.692186,-0.59802,-0.404044],[0.465559,0.797762,-0.383186],[0.551483,0.0771298,0.830612]],[[0.671974,-0.6004,-0.433556],[-0.342551,0.267052,-0.900745],[0.65659,0.753792,-0.0262152]],[[0.671974,-0.6004,-0.433556],[-0.727136,-0.64592,-0.232511],[-0.140443,0.471495,-0.870614]],[[0.671974,-0.6004,-0.433556],[-0.468884,-0.79807,0.378459],[-0.573235,-0.0510269,-0.817801]]],"btipPosition":[58.3133,120.898,41.9117],"carpPosition":[105.044,167.289,54.9277],"dipPosition":[49.0644,120.074,28.717],"direction":[0.140443,-0.471495,0.870614],"extended":false,"handId":97,"id":972,"length":57.5304,"mcpPosition":[72.8078,162.781,6.37609],"pipPosition":[45.6355,131.586,7.46098],"stabilizedTipPosition":[54.8356,121.888,38.3382],"timeVisible":20.336,"tipPosition":[55.308,121.256,37.8797],"tipVelocity":[1.67188,-1.58621,5.51864],"tool":false,"touchDistance":0.333333,"touchZone":"none","type":2,"width":15.1855},{"bases":[[[0.728718,-0.638577,-0.247365],[0.531165,0.755049,-0.384401],[0.432242,0.148728,0.889408]],[[0.753326,-0.628509,-0.193587],[-0.291935,-0.0558206,-0.954808],[0.5893,0.775796,-0.225535]],[[0.753326,-0.628509,-0.193587],[-0.621156,-0.776692,0.104476],[-0.216022,0.0415437,-0.975504]],[[0.753326,-0.628509,-0.193587],[-0.359373,-0.639944,0.679208],[-0.550774,-0.442095,-0.707955]]],"btipPosition":[80.7879,130.251,46.463],"carpPosition":[112.105,161.713,49.9295],"dipPosition":[71.9525,123.159,35.1062],"direction":[0.216022,-0.0415437,0.975504],"extended":false,"handId":97,"id":973,"length":55.3171,"mcpPosition":[89.4207,153.908,3.25259],"pipPosition":[66.8146,124.147,11.9044],"stabilizedTipPosition":[80.0366,127.855,41.2225],"timeVisible":20.336,"tipPosition":[79.548,127.438,44.1033],"tipVelocity":[-3.1906,-1.24476,2.4087],"tool":false,"touchDistance":0.333333,"touchZone":"none","type":3,"width":14.45},{"bases":[[[0.676,-0.732991,-0.0758259],[0.674128,0.656689,-0.338098],[0.297617,0.177438,0.938051]],[[0.63271,-0.749594,-0.19439],[-0.288757,0.00454576,-0.957392],[0.718539,0.661882,-0.213574]],[[0.63271,-0.749594,-0.19439],[-0.755433,-0.65266,0.0579242],[-0.17029,0.110199,-0.979213]],[[0.63271,-0.749594,-0.19439],[-0.487381,-0.580532,0.652259],[-0.601779,-0.317949,-0.732646]]],"btipPosition":[93.4529,125.556,36.7653],"carpPosition":[117.96,151.415,48.5666],"dipPosition":[84.5471,120.851,25.9228],"direction":[0.17029,-0.110199,0.979213],"extended":false,"handId":97,"id":974,"length":43.3675,"mcpPosition":[103.501,142.795,2.99518],"pipPosition":[81.6875,122.701,9.47903],"stabilizedTipPosition":[93.4537,124.369,30.7059],"timeVisible":20.336,"tipPosition":[90.7895,124.94,34.7353],"tipVelocity":[-2.65198,-0.514841,3.05085],"tool":false,"touchDistance":0.333333,"touchZone":"none","type":4,"width":12.8356}],"r":[[0.836352,0.0165177,-0.547944],[-0.325494,0.81924,-0.472121],[0.441099,0.573212,0.69055]],"s":1.07515,"t":[-101.505,2.34025,126.478],"timestamp":7897389634},{"currentFrameRate":115.253,"devices":[],"gestures":[],"hands":[{"armBasis":[[0.587422,-0.271266,-0.762463],[0.582023,0.79623,0.165127],[0.562302,-0.54077,0.625606]],"armWidth":51.6826,"confidence":1,"direction":[-0.469579,0.0396516,-0.881999],"elbow":[247.677,28.0894,216.732],"grabAngle":3.01831,"grabStrength":0.805681,"id":97,"palmNormal":[-0.434006,-0.880324,0.19149],"palmPosition":[83.0108,157.524,24.5204],"palmVelocity":[-5.70898,-4.36757,-1.77261],"palmWidth":76.2329,"pinchDistance":17.8716,"pinchStrength":1,"r":[[0.836475,0.0171831,-0.547736],[-0.326013,0.819001,-0.472178],[0.440483,0.573534,0.690676]],"s":1.07508,"sphereCenter":[66.1066,120.163,18.0095],"sphereRadius":36.4487,"stabilizedPalmPosition":[85.648,156.718,22.0468],"t":[-101.555,2.31107,126.479],"timeVisible":20.3447,"type":"right","wrist":[120.478,150.417,75.2137]}],"id":127431,"interactionBox":{"center":[0,200,0],"size":[235.247,235.247,147.751]},"pointables":[{"bases":[[[0.60594,0.604905,-0.516649],[-0.241414,0.758655,0.605113],[0.757994,-0.241936,0.605732]],[[0.306297,0.651252,-0.694301],[-0.530161,0.722478,0.443796],[0.79064,0.232158,0.566561]],[[0.306297,0.651252,-0.694301],[-0.635345,0.682993,0.360357],[0.708886,0.330744,0.622968]],[[0.306297,0.651252,-0.694301],[-0.760589,0.60602,0.232903],[0.572439,0.45674,0.680957]]],"btipPosition":[24.4719,130.539,19.9124],"carpPosition":[89.7922,159.108,75.5267],"dipPosition":[35.9744,139.717,33.5955],"direction":[-0.708886,-0.330744,-0.622968],"extended":false,"handId":97,"id":970,"length":44.7461,"mcpPosition":[89.7922,159.108,75.5267],"pipPosition":[56.7262,149.399,51.8321],"stabilizedTipPosition":[27.2076,134.102,23.6375],"timeVisible":20.3447,"tipPosition":[24.3531,138.189,24.9863],"tipVelocity":[-4.98276,-8.69631,-1.31351],"tool":false,"touchDistance":-0.262024,"touchZone":"touching","type":0,"width":16.187},{"bases":[[[0.679094,-0.459344,-0.572568],[0.341386,0.888157,-0.307625],[0.649836,0.0134402,0.759956]],[[0.689113,-0.45908,-0.560686],[-0.0812762,0.719883,-0.68932],[0.720081,0.52059,0.458769]],[[0.689113,-0.45908,-0.560686],[-0.608127,0.0544133,-0.791973],[0.394087,0.886727,-0.241682]],[[0.689113,-0.45908,-0.560686],[-0.716906,-0.319059,-0.619877],[0.105681,0.829124,-0.548985]]],"btipPosition":[21.5433,120.095,10.8771],"carpPosition":[97.8877,170.691,61.5729],"dipPosition":[23.0936,132.258,2.82389],"direction":[-0.394087,-0.886727,0.241682],"extended":false,"handId":97,"id":971,"length":50.491,"mcpPosition":[57.8332,169.863,14.7309],"pipPosition":[31.2718,150.66,-2.19155],"stabilizedTipPosition":[20.4676,126.853,2.10067],"timeVisible":20.3447,"tipPosition":[19.6538,125.837,2.18734],"tipVelocity":[-2.12142,-8.54407,4.18788],"tool":false,"touchDistance":0.333333,"touchZone":"none","type":1,"width":15.4618},{"bases":[[[0.692431,-0.597939,-0.403743],[0.465464,0.797792,-0.383237],[0.551255,0.0774374,0.830735]],[[0.6723,-0.600323,-0.433157],[-0.343139,0.265759,-0.900904],[0.655949,0.754311,-0.0273248]],[[0.6723,-0.600323,-0.433157],[-0.726679,-0.646824,-0.231423],[-0.141248,0.470352,-0.871102]],[[0.6723,-0.600323,-0.433157],[-0.468034,-0.798035,0.379585],[-0.573548,-0.0524622,-0.81749]]],"btipPosition":[58.3185,120.883,41.9456],"carpPosition":[104.984,167.263,54.9159],"dipPosition":[49.0646,120.037,28.7558],"direction":[0.141248,-0.470352,0.871102],"extended":false,"handId":97,"id":972,"length":57.5304,"mcpPosition":[72.7618,162.737,6.35709],"pipPosition":[45.6161,131.521,7.4879],"stabilizedTipPosition":[54.8373,121.887,38.339],"timeVisible":20.3447,"tipPosition":[55.2685,121.212,37.87],"tipVelocity":[0.474164,-2.28235,4.05128],"tool":false,"touchDistance":0.333333,"touchZone":"none","type":2,"width":15.1855},{"bases":[[[0.728934,-0.638454,-0.247046],[0.531081,0.755096,-0.384426],[0.431982,0.149019,0.889486]],[[0.753525,-0.62837,-0.193264],[-0.291864,-0.0563334,-0.954799],[0.58908,0.775873,-0.225847]],[[0.753525,-0.62837,-0.193264],[-0.620963,-0.776825,0.104633],[-0.215881,0.0411667,-0.975552]],[[0.753525,-0.62837,-0.193264],[-0.359296,-0.639811,0.679374],[-0.55055,-0.442486,-0.707884]]],"btipPosition":[80.7463,130.223,46.462],"carpPosition":[112.048,161.688,49.9206],"dipPosition":[71.9145,123.125,35.1063],"direction":[0.215881,-0.0411667,0.975552],"extended":false,"handId":97,"id":973,"length":55.3171,"mcpPosition":[89.3777,153.867,3.23967],"pipPosition":[66.7799,124.104,11.9034],"stabilizedTipPosition":[80.0344,127.856,41.2267],"timeVisible":20.3447,"tipPosition":[79.5003,127.404,44.0932],"tipVelocity":[-4.71616,-3.45107,-0.0832203],"tool":false,"touchDistance":0.333333,"touchZone":"none","type":3,"width":14.45},{"bases":[[[0.676194,-0.732844,-0.0755003],[0.674056,0.65678,-0.338066],[0.297337,0.177707,0.938089]],[[0.632955,-0.749479,-0.194031],[-0.288753,0.00399792,-0.957395],[0.718324,0.662015,-0.213884]],[[0.632955,-0.749479,-0.194031],[-0.755273,-0.652845,0.0579286],[-0.170088,0.10988,-0.979284]],[[0.632955,-0.749479,-0.194031],[-0.48731,-0.580442,0.652392],[-0.601578,-0.318382,-0.732623]]],"btipPosition":[93.4128,125.526,36.7685],"carpPosition":[117.906,151.391,48.5614],"dipPosition":[84.5099,120.815,25.9263],"direction":[0.170088,-0.10988,0.979284],"extended":false,"handId":97,"id":974,"length":43.3675,"mcpPosition":[103.461,142.758,2.98816],"pipPosition":[81.6537,122.66,9.4814],"stabilizedTipPosition":[93.4515,124.369,30.7096],"timeVisible":20.3447,"tipPosition":[90.7459,124.906,34.7285],"tipVelocity":[-4.57052,-3.60198,0.382209],"tool":false,"touchDistance":0.333333,"touchZone":"none","type":4,"width":12.8356}],"r":[[0.836475,0.0171831,-0.547736],[-0.326013,0.819001,-0.472178],[0.440483,0.573534,0.690676]],"s":1.07508,"t":[-101.555,2.31107,126.479],"timestamp":7897398268},{"currentFrameRate":115.055,"devices":[],"gestures":[],"hands":[{"armBasis":[[0.587635,-0.270541,-0.762556],[0.581605,0.796431,0.165632],[0.562513,-0.540837,0.625359]],"armWidth":51.6826,"confidence":1,"direction":[-0.469506,0.0390879,-0.882063],"elbow":[247.721,28.1301,216.697],"grabAngle":3.01867,"grabStrength":0.805656,"id":97,"palmNormal":[-0.433377,-0.880598,0.191656],"palmPosition":[83.0075,157.546,24.5371],"palmVelocity":[-0.367556,2.46987,1.85071],"palmWidth":76.2329,"pinchDistance":17.8374,"pinchStrength":1,"r":[[0.836583,0.0178123,-0.54755],[-0.326538,0.818739,-0.472271],[0.439888,0.57389,0.690759]],"s":1.075,"sphereCenter":[66.1266,120.186,18.0412],"sphereRadius":36.4362,"stabilizedPalmPosition":[85.6371,156.722,22.0571],"t":[-101.581,2.30763,126.488],"timeVisible":20.3537,"type":"right","wrist":[120.474,150.473,75.2339]}],"id":127432,"interactionBox":{"center":[0,200,0],"size":[235.247,235.247,147.751]},"pointables":[{"bases":[[[0.605553,0.605226,-0.516728],[-0.242045,0.758625,0.604899],[0.758103,-0.241227,0.605879]],[[0.305654,0.651312,-0.694528],[-0.530978,0.722078,0.44347],[0.790341,0.23323,0.566538]],[[0.305654,0.651312,-0.694528],[-0.636008,0.682496,0.360129],[0.708569,0.33165,0.622847]],[[0.305654,0.651312,-0.694528],[-0.761232,0.605314,0.232639],[0.571928,0.457589,0.680816]]],"btipPosition":[24.4935,130.491,19.9368],"carpPosition":[89.7818,159.148,75.5438],"dipPosition":[35.9858,139.685,33.6171],"direction":[-0.708569,-0.33165,-0.622847],"extended":false,"handId":97,"id":970,"length":44.7461,"mcpPosition":[89.7818,159.148,75.5438],"pipPosition":[56.7283,149.394,51.8502],"stabilizedTipPosition":[27.2064,134.076,23.6279],"timeVisible":20.3537,"tipPosition":[24.369,138.158,24.9975],"tipVelocity":[2.13593,-4.95073,2.63679],"tool":false,"touchDistance":-0.261627,"touchZone":"touching","type":0,"width":16.187},{"bases":[[[0.6795,-0.458983,-0.572376],[0.340765,0.888333,-0.307804],[0.649738,0.0141071,0.760028]],[[0.689274,-0.458716,-0.560785],[-0.0824367,0.719347,-0.689742],[0.719795,0.521651,0.458012]],[[0.689274,-0.458716,-0.560785],[-0.608636,0.0532662,-0.79166],[0.393018,0.886985,-0.242476]],[[0.689274,-0.458716,-0.560785],[-0.716898,-0.319997,-0.619402],[0.10468,0.828964,-0.549419]]],"btipPosition":[21.5795,120.055,10.9387],"carpPosition":[97.8703,170.733,61.5881],"dipPosition":[23.1151,132.215,2.87903],"direction":[-0.393018,-0.886985,0.242476],"extended":false,"handId":97,"id":971,"length":50.491,"mcpPosition":[57.8219,169.864,14.7417],"pipPosition":[31.2711,150.622,-2.15289],"stabilizedTipPosition":[20.4835,126.809,2.1768],"timeVisible":20.3537,"tipPosition":[19.6833,125.798,2.22519],"tipVelocity":[3.6304,-4.58506,6.65076],"tool":false,"touchDistance":0.333333,"touchZone":"none","type":1,"width":15.4618},{"bases":[[[0.69292,-0.597526,-0.403516],[0.464919,0.798042,-0.383379],[0.551101,0.0780488,0.83078]],[[0.672861,-0.599926,-0.432836],[-0.343824,0.264452,-0.901027],[0.655014,0.755085,-0.0283292]],[[0.672861,-0.599926,-0.432836],[-0.725987,-0.647913,-0.230545],[-0.14213,0.469358,-0.871494]],[[0.672861,-0.599926,-0.432836],[-0.466969,-0.798239,0.380465],[-0.573758,-0.0538791,-0.817251]]],"btipPosition":[58.3771,120.909,42.0071],"carpPosition":[104.97,167.309,54.9328],"dipPosition":[49.1198,120.039,28.8212],"direction":[0.14213,-0.469358,0.871494],"extended":false,"handId":97,"id":972,"length":57.5304,"mcpPosition":[72.7568,162.747,6.37134],"pipPosition":[45.6497,131.499,7.54371],"stabilizedTipPosition":[54.8391,121.885,38.3398],"timeVisible":20.3537,"tipPosition":[55.2939,121.215,37.8964],"tipVelocity":[6.39952,2.22188,6.91332],"tool":false,"touchDistance":0.333333,"touchZone":"none","type":2,"width":15.1855},{"bases":[[[0.729434,-0.637976,-0.246805],[0.530568,0.755393,-0.38455],[0.431768,0.149557,0.889499]],[[0.754012,-0.62786,-0.193023],[-0.291844,-0.0569578,-0.954769],[0.588467,0.776239,-0.226184]],[[0.754012,-0.62786,-0.193023],[-0.62039,-0.77726,0.1048],[-0.215829,0.0407287,-0.975581]],[[0.754012,-0.62786,-0.193023],[-0.358892,-0.639901,0.679502],[-0.550148,-0.443078,-0.707827]]],"btipPosition":[80.764,130.251,46.493],"carpPosition":[112.039,161.738,49.9397],"dipPosition":[71.9387,123.143,35.1383],"direction":[0.215829,-0.0407287,0.975581],"extended":false,"handId":97,"id":973,"length":55.3171,"mcpPosition":[89.3795,153.889,3.25801],"pipPosition":[66.8053,124.111,11.9347],"stabilizedTipPosition":[80.0324,127.857,41.2308],"timeVisible":20.3537,"tipPosition":[79.5165,127.43,44.1168],"tipVelocity":[2.12111,2.81703,3.46302],"tool":false,"touchDistance":0.333333,"touchZone":"none","type":3,"width":14.45},{"bases":[[[0.676745,-0.732363,-0.0752419],[0.67361,0.657194,-0.33815],[0.297097,0.178157,0.93808]],[[0.633545,-0.749056,-0.193741],[-0.288835,0.00332718,-0.957373],[0.717771,0.662498,-0.214246]],[[0.633545,-0.749056,-0.193741],[-0.754805,-0.653387,0.0579154],[-0.16997,0.109544,-0.979342]],[[0.633545,-0.749056,-0.193741],[-0.486958,-0.580629,0.652489],[-0.601242,-0.319038,-0.732613]]],"btipPosition":[93.4327,125.559,36.8031],"carpPosition":[117.904,151.445,48.5837],"dipPosition":[84.5348,120.838,25.961],"direction":[0.16997,-0.109544,0.979342],"extended":false,"handId":97,"id":974,"length":43.3675,"mcpPosition":[103.471,142.79,3.01086],"pipPosition":[81.6805,122.677,9.51509],"stabilizedTipPosition":[93.4494,124.369,30.7133],"timeVisible":20.3537,"tipPosition":[90.7659,124.936,34.7538],"tipVelocity":[2.33148,3.38724,3.82738],"tool":false,"touchDistance":0.333333,"touchZone":"none","type":4,"width":12.8356}],"r":[[0.836583,0.0178123,-0.54755],[-0.326538,0.818739,-0.472271],[0.439888,0.57389,0.690759]],"s":1.075,"t":[-101.581,2.30763,126.488],"timestamp":7897407296},{"currentFrameRate":115.179,"devices":[],"gestures":[],"hands":[{"armBasis":[[0.587957,-0.269643,-0.762626],[0.580905,0.79684,0.166117],[0.562899,-0.540683,0.625145]],"armWidth":51.6826,"confidence":1,"direction":[-0.469414,0.0387665,-0.882127],"elbow":[247.774,28.146,216.668],"grabAngle":3.01921,"grabStrength":0.805498,"id":97,"palmNormal":[-0.432565,-0.881038,0.191466],"palmPosition":[82.9736,157.501,24.554],"palmVelocity":[-4.00654,-5.24561,1.98595],"palmWidth":76.2329,"pinchDistance":17.8095,"pinchStrength":1,"r":[[0.836682,0.018491,-0.547377],[-0.3271,0.818479,-0.472332],[0.439283,0.574239,0.690855]],"s":1.07493,"sphereCenter":[66.1268,120.14,18.057],"sphereRadius":36.4253,"stabilizedPalmPosition":[85.6264,156.725,22.0671],"t":[-101.611,2.28368,126.501],"timeVisible":20.3622,"type":"right","wrist":[120.44,150.454,75.2539]}],"id":127433,"interactionBox":{"center":[0,200,0],"size":[235.247,235.247,147.751]},"pointables":[{"bases":[[[0.605051,0.605877,-0.516552],[-0.242857,0.758307,0.604972],[0.758244,-0.240591,0.605956]],[[0.304965,0.651706,-0.694461],[-0.531897,0.721425,0.443432],[0.789989,0.23415,0.56665]],[[0.304965,0.651706,-0.694461],[-0.636703,0.681799,0.360222],[0.708241,0.33231,0.622868]],[[0.304965,0.651706,-0.694461],[-0.761902,0.60446,0.232665],[0.571403,0.458157,0.680875]]],"btipPosition":[24.4854,130.376,19.9484],"carpPosition":[89.7388,159.103,75.5619],"dipPosition":[35.9672,139.582,33.6298],"direction":[-0.708241,-0.33231,-0.622868],"extended":false,"handId":97,"id":970,"length":44.7461,"mcpPosition":[89.7388,159.103,75.5619],"pipPosition":[56.7001,149.31,51.8636],"stabilizedTipPosition":[27.2051,134.05,23.619],"timeVisible":20.3622,"tipPosition":[24.3565,138.052,25.001],"tipVelocity":[-1.24241,-13.2042,1.39971],"tool":false,"touchDistance":-0.261429,"touchZone":"touching","type":0,"width":16.187},{"bases":[[[0.680022,-0.458252,-0.572342],[0.339962,0.888702,-0.307627],[0.649612,0.014618,0.760125]],[[0.689578,-0.457985,-0.561009],[-0.0837463,0.719024,-0.689921],[0.719353,0.522737,0.457469]],[[0.689578,-0.457985,-0.561009],[-0.609088,0.0523064,-0.791376],[0.391783,0.88742,-0.242884]],[[0.689578,-0.457985,-0.561009],[-0.71676,-0.32076,-0.619168],[0.10362,0.829073,-0.549454]]],"btipPosition":[21.5927,119.937,10.9826],"carpPosition":[97.8184,170.698,61.609],"dipPosition":[23.1128,132.099,2.92243],"direction":[-0.391783,-0.88742,0.242884],"extended":false,"handId":97,"id":971,"length":50.491,"mcpPosition":[57.7777,169.797,14.7566],"pipPosition":[31.2431,150.515,-2.11795],"stabilizedTipPosition":[20.4989,126.766,2.25018],"timeVisible":20.3622,"tipPosition":[19.6897,125.687,2.24881],"tipVelocity":[1.14147,-13.8546,5.17004],"tool":false,"touchDistance":0.333333,"touchZone":"none","type":1,"width":15.4618},{"bases":[[[0.730079,-0.637244,-0.246789],[0.529903,0.755954,-0.384364],[0.431495,0.149841,0.889584]],[[0.754639,-0.627113,-0.193002],[-0.291786,-0.0572798,-0.954767],[0.587691,0.77682,-0.226208]],[[0.754639,-0.627113,-0.193002],[-0.619638,-0.777871,0.104712],[-0.215797,0.040572,-0.975595]],[[0.754639,-0.627113,-0.193002],[-0.358307,-0.640281,0.679453],[-0.549669,-0.443588,-0.70788]]],"btipPosition":[80.758,130.205,46.5124],"carpPosition":[111.997,161.717,49.9614],"dipPosition":[71.9403,123.089,35.1568],"direction":[0.215797,-0.040572,0.975595],"extended":false,"handId":97,"id":973,"length":55.3171,"mcpPosition":[89.3522,153.854,3.27525],"pipPosition":[66.8077,124.054,11.9528],"stabilizedTipPosition":[80.0304,127.858,41.235],"timeVisible":20.3622,"tipPosition":[79.508,127.38,44.1286],"tipVelocity":[-0.502273,-5.61151,2.25921],"tool":false,"touchDistance":0.333333,"touchZone":"none","type":3,"width":14.45},{"bases":[[[0.677454,-0.731706,-0.0752476],[0.673032,0.657885,-0.337956],[0.296789,0.178306,0.938149]],[[0.634301,-0.748421,-0.193725],[-0.288874,0.00298186,-0.957362],[0.717088,0.663217,-0.214308]],[[0.634301,-0.748421,-0.193725],[-0.754181,-0.654125,0.0577283],[-0.169925,0.109486,-0.979356]],[[0.634301,-0.748421,-0.193725],[-0.486436,-0.58114,0.652423],[-0.600868,-0.319598,-0.732676]]],"btipPosition":[93.4304,125.525,36.8238],"carpPosition":[117.873,151.43,48.6048],"dipPosition":[84.5381,120.795,25.9808],"direction":[0.169925,-0.109486,0.979356],"extended":false,"handId":97,"id":974,"length":43.3675,"mcpPosition":[103.454,142.768,3.02858],"pipPosition":[81.6846,122.634,9.53469],"stabilizedTipPosition":[93.4472,124.369,30.7171],"timeVisible":20.3622,"tipPosition":[90.7619,124.898,34.7669],"tipVelocity":[-0.11588,-4.28447,2.42717],"tool":false,"touchDistance":0.333333,"touchZone":"none","type":4,"width":12.8356},{"bases":[[[0.693549,-0.596807,-0.403499],[0.464214,0.79854,-0.383196],[0.550905,0.0784553,0.830872]],[[0.673722,-0.599199,-0.432503],[-0.344513,0.263099,-0.90116],[0.653766,0.756135,-0.0291761]],[[0.673722,-0.599199,-0.432503],[-0.724946,-0.649441,-0.229519],[-0.143358,0.468174,-0.87193]],[[0.673722,-0.599199,-0.432503],[-0.465379,-0.798655,0.38154],[-0.574039,-0.0557741,-0.816926]]],"btipPosition":[58.427,120.873,42.0636],"carpPosition":[104.922,167.281,54.9542],"dipPosition":[49.1652,119.973,28.8829],"direction":[0.143358,-0.468174,0.87193],"extended":false,"handId":97,"id":972,"length":57.5304,"mcpPosition":[72.7205,162.696,6.3874],"pipPosition":[45.6651,131.404,7.59482],"stabilizedTipPosition":[54.8409,121.884,38.3406],"timeVisible":20.3622,"tipPosition":[55.2978,121.14,37.9097],"tipVelocity":[5.77137,-5.02448,6.81377],"tool":false,"touchDistance":0.333333,"touchZone":"none","type":2,"width":15.1855}],"r":[[0.836682,0.018491,-0.547377],[-0.3271,0.818479,-0.472332],[0.439283,0.574239,0.690855]],"s":1.07493,"t":[-101.611,2.28368,126.501],"timestamp":7897415768},{"currentFrameRate":115.316,"devices":[],"gestures":[],"hands":[{"armBasis":[[0.588021,-0.269323,-0.762691],[0.580386,0.797256,0.165938]