{"frames":107,"data":[{"currentFrameRate":110.487,"devices":[],"gestures":[],"hands":[{"armBasis":[[0.684565,0.368793,-0.628778],[0.0172793,0.854127,0.519778],[0.728747,-0.366687,0.578333]],"armWidth":56.1785,"confidence":1,"direction":[-0.311056,0.110769,-0.943914],"elbow":[250.45,48.5261,255.268],"grabAngle":2.97763,"grabStrength":0.527851,"id":76,"palmNormal":[0.117453,-0.981091,-0.153836],"palmPosition":[45.5366,141.213,58.4874],"palmVelocity":[-1.86571,-14.8067,-3.95046],"palmWidth":80.3549,"pinchDistance":20.9746,"pinchStrength":0.993962,"r":[[0.237038,0.14702,0.960311],[-0.167751,0.979829,-0.108602],[-0.956908,-0.135351,0.25692]],"s":0.651426,"sphereCenter":[62.0953,105.462,37.021],"sphereRadius":38.2123,"stabilizedPalmPosition":[48.4614,146.308,60.6332],"t":[23.3286,-14.1388,-36.2766],"timeVisible":4.97888,"type":"right","wrist":[76.6867,135.959,117.369]}],"id":98213,"interactionBox":{"center":[0,200,0],"size":[235.247,235.247,147.751]},"pointables":[{"bases":[[[0.87749,0.175062,-0.446502],[-0.18513,0.982481,0.0213783],[0.442422,0.0639016,0.894527]],[[0.97345,0.186321,-0.132962],[-0.228712,0.768336,-0.597787],[-0.00922133,0.612326,0.790551]],[[0.97345,0.186321,-0.132962],[-0.166385,0.177061,-0.970034],[-0.157196,0.966403,0.203361]],[[0.97345,0.186321,-0.132962],[-0.0755028,-0.286997,-0.954951],[-0.216087,0.939637,-0.265309]]],"btipPosition":[24.5922,83.7046,13.9224],"carpPosition":[46.3376,146.173,102.518],"dipPosition":[21.3161,97.9504,9.90005],"direction":[0.157196,-0.966403,-0.203361],"extended":false,"handId":76,"id":761,"length":52.183,"mcpPosition":[17.5931,142.021,44.3997],"pipPosition":[17.9447,118.677,14.2617],"stabilizedTipPosition":[26.2441,92.4629,5.70697],"timeVisible":4.97888,"tipPosition":[22.8893,88.7043,7.97847],"tipVelocity":[-45.6772,16.6509,-224.915],"tool":false,"touchDistance":0.369825,"touchZone":"hovering","type":1,"width":17.041},{"bases":[[[0.213753,0.962996,-0.164159],[-0.690138,0.267794,0.672306],[0.691389,-0.0304153,0.721842]],[[0.0231554,0.936709,-0.349342],[-0.9113,0.163465,0.377905],[0.411092,0.309605,0.857408]],[[0.0231554,0.936709,-0.349342],[-0.997037,0.0472793,0.0606862],[0.0733619,0.346901,0.935028]],[[0.0231554,0.936709,-0.349342],[-0.949222,-0.0890667,-0.301737],[-0.313754,0.33859,0.887082]]],"btipPosition":[30.7618,95.8789,26.3534],"carpPosition":[44.5877,127.054,110.862],"dipPosition":[24.2459,102.91,44.7757],"direction":[-0.0733619,-0.346901,-0.935028],"extended":false,"handId":76,"id":760,"length":46.2456,"mcpPosition":[44.5877,127.054,110.862],"pipPosition":[26.4655,113.406,73.0648],"stabilizedTipPosition":[30.8277,101.668,31.0187],"timeVisible":4.97888,"tipPosition":[29.483,98.2975,30.4385],"tipVelocity":[-0.415204,-10.5211,0.173005],"tool":false,"touchDistance":0.0504337,"touchZone":"hovering","type":0,"width":17.8402},{"bases":[[[0.947813,0.0120145,-0.318601],[-0.0243563,0.999098,-0.0347819],[0.317896,0.0407267,0.94725]],[[0.927045,0.00955074,-0.374829],[-0.364508,0.25724,-0.894965],[0.0878732,0.9663,0.241954]],[[0.927045,0.00955074,-0.374829],[-0.201811,-0.829812,-0.520273],[-0.316007,0.557961,-0.767346]],[[0.927045,0.00955074,-0.374829],[0.0462941,-0.994942,0.0891453],[-0.372082,-0.0999941,-0.922798]]],"btipPosition":[46.1016,93.2493,63.3199],"carpPosition":[55.2683,149.5,97.2814],"dipPosition":[39.8971,91.5819,47.9321],"direction":[0.316007,-0.557961,0.767346],"extended":false,"handId":76,"id":762,"length":59.4584,"mcpPosition":[35.6817,146.99,38.9181],"pipPosition":[31.9233,105.661,28.5696],"stabilizedTipPosition":[48.1566,98.2946,60.7351],"timeVisible":4.97888,"tipPosition":[43.9949,94.7285,60.6703],"tipVelocity":[-16.1947,-12.1929,13.7153],"tool":false,"touchDistance":0.333333,"touchZone":"none","type":2,"width":16.7365},{"bases":[[[0.983384,-0.0574739,-0.172198],[0.0535691,0.998192,-0.0272417],[0.173453,0.0175645,0.984686]],[[0.971214,-0.0584237,-0.230934],[-0.219968,0.152104,-0.963576],[0.0914217,0.986636,0.134874]],[[0.971214,-0.0584237,-0.230934],[-0.130645,-0.941288,-0.311303],[-0.199188,0.332512,-0.921824]],[[0.971214,-0.0584237,-0.230934],[0.0247259,-0.939495,0.341669],[-0.236923,-0.337543,-0.911006]]],"btipPosition":[60.8558,107.729,71.0729],"carpPosition":[65.2512,150.394,93.1279],"dipPosition":[56.9278,102.132,55.969],"direction":[0.199188,-0.332512,0.921824],"extended":false,"handId":76,"id":763,"length":57.1708,"mcpPosition":[55.656,149.423,38.6565],"pipPosition":[52.0315,110.306,33.3092],"stabilizedTipPosition":[63.5972,112.181,68.9891],"timeVisible":4.97888,"tipPosition":[59.3471,106.71,66.3676],"tipVelocity":[-15.1082,-21.6665,5.3723],"tool":false,"touchDistance":0.333333,"touchZone":"none","type":3,"width":15.9259},{"bases":[[[0.97439,-0.21919,-0.0501902],[0.220981,0.974706,0.0334093],[0.0415978,-0.0436448,0.998181]],[[0.960154,-0.211418,-0.182775],[-0.127586,0.250276,-0.959731],[0.248648,0.944809,0.21333]],[[0.960154,-0.211418,-0.182775],[-0.271934,-0.857625,-0.436498],[-0.0644692,0.468808,-0.880944]],[[0.960154,-0.211418,-0.182775],[-0.175554,-0.965134,0.19416],[-0.217451,-0.154337,-0.963792]]],"btipPosition":[71.0798,112.17,63.219],"carpPosition":[76.5666,145.355,90.9965],"dipPosition":[67.7538,109.809,48.4777],"direction":[0.0644692,-0.468808,0.880944],"extended":false,"handId":76,"id":764,"length":44.8208,"mcpPosition":[74.4365,147.59,39.8819],"pipPosition":[66.6349,117.946,33.1884],"stabilizedTipPosition":[73.9486,117.715,61.5519],"timeVisible":4.97888,"tipPosition":[70.1948,113.721,59.1317],"tipVelocity":[-12.3609,-24.0684,6.51711],"tool":false,"touchDistance":0.333333,"touchZone":"none","type":4,"width":14.1466}],"r":[[0.237038,0.14702,0.960311],[-0.167751,0.979829,-0.108602],[-0.956908,-0.135351,0.25692]],"s":0.651426,"t":[23.3286,-14.1388,-36.2766],"timestamp":7638963231},{"currentFrameRate":111.318,"devices":[],"gestures":[],"hands":[{"armBasis":[[0.684181,0.366544,-0.630509],[0.017522,0.856015,0.516654],[0.729102,-0.364533,0.579247]],"armWidth":56.1785,"confidence":1,"direction":[-0.310446,0.109021,-0.944319],"elbow":[250.493,48.9559,255.475],"grabAngle":2.95278,"grabStrength":0.478207,"id":76,"palmNormal":[0.116372,-0.981571,-0.151579],"palmPosition":[45.5193,141.017,58.4514],"palmVelocity":[-2.30371,-26.0788,-4.78183],"palmWidth":80.3549,"pinchDistance":22.9483,"pinchStrength":0.941798,"r":[[0.236887,0.148432,0.960132],[-0.165254,0.980015,-0.110734],[-0.95738,-0.132435,0.256682]],"s":0.660674,"sphereCenter":[62.4755,105.048,36.9466],"sphereRadius":38.6166,"stabilizedPalmPosition":[48.3605,146.126,60.5584],"t":[23.2949,-14.3058,-36.3104],"timeVisible":4.98639,"type":"right","wrist":[76.6444,135.876,117.359]}],"id":98214,"interactionBox":{"center":[0,200,0],"size":[235.247,235.247,147.751]},"pointables":[{"bases":[[[0.877923,0.173026,-0.446444],[-0.183981,0.982745,0.0190838],[0.442043,0.065383,0.894608]],[[0.974065,0.184889,-0.130434],[-0.226137,0.775894,-0.588941],[-0.0076852,0.603163,0.797581]],[[0.974065,0.184889,-0.130434],[-0.169975,0.217418,-0.961165],[-0.14935,0.958408,0.243206]],[[0.974065,0.184889,-0.130434],[-0.0933759,-0.19662,-0.976023],[-0.206102,0.96289,-0.174256]]],"btipPosition":[24.2048,83.6783,11.3674],"carpPosition":[46.3037,146.074,102.471],"dipPosition":[21.0801,98.2766,8.72547],"direction":[0.14935,-0.958408,-0.243206],"extended":false,"handId":76,"id":761,"length":52.183,"mcpPosition":[17.5839,141.826,44.3477],"pipPosition":[17.8769,118.832,13.9417],"stabilizedTipPosition":[26.2269,92.429,5.73851],"timeVisible":4.98639,"tipPosition":[22.922,88.238,8.40872],"tipVelocity":[-46.9072,7.28159,-297.662],"tool":false,"touchDistance":0.332533,"touchZone":"hovering","type":1,"width":17.041},{"bases":[[[0.214974,0.962373,-0.166206],[-0.690163,0.270113,0.671352],[0.690986,-0.029614,0.722261]],[[0.0250653,0.936092,-0.350861],[-0.91177,0.165327,0.375955],[0.409935,0.310481,0.857645]],[[0.0250653,0.936092,-0.350861],[-0.997123,0.0485277,0.0582375],[0.0715422,0.348392,0.934615]],[[0.0250653,0.936092,-0.350861],[-0.948929,-0.0881334,-0.302929],[-0.314492,0.340535,0.886076]]],"btipPosition":[30.8225,95.6771,26.3715],"carpPosition":[44.5271,126.977,110.857],"dipPosition":[24.2913,102.749,44.7729],"direction":[-0.0715422,-0.348392,-0.934615],"extended":false,"handId":76,"id":760,"length":46.2456,"mcpPosition":[44.5271,126.977,110.857],"pipPosition":[26.4558,113.29,73.0495],"stabilizedTipPosition":[30.7713,101.504,31.0032],"timeVisible":4.98639,"tipPosition":[29.4283,98.0513,30.4915],"tipVelocity":[7.61017,-25.5993,1.76928],"tool":false,"touchDistance":0.0506554,"touchZone":"hovering","type":0,"width":17.8402},{"bases":[[[0.947988,0.0101828,-0.318143],[-0.0231589,0.999046,-0.0370314],[0.317463,0.0424731,0.947319]],[[0.927246,0.00761762,-0.374376],[-0.363804,0.255065,-0.895873],[0.0886658,0.966894,0.239279]],[[0.927246,0.00761762,-0.374376],[-0.201756,-0.832095,-0.516636],[-0.315452,0.554581,-0.77002]],[[0.927246,0.00761762,-0.374376],[0.0446744,-0.994903,0.0904049],[-0.371779,-0.100553,-0.92286]]],"btipPosition":[46.0482,93.0903,63.4489],"carpPosition":[55.2411,149.379,97.2318],"dipPosition":[39.8487,91.4136,48.0601],"direction":[0.315452,-0.554581,0.77002],"extended":false,"handId":76,"id":762,"length":59.4584,"mcpPosition":[35.6812,146.762,38.8643],"pipPosition":[31.8889,105.407,28.6301],"stabilizedTipPosition":[48.0236,98.0842,60.704],"timeVisible":4.98639,"tipPosition":[43.9247,94.531,60.7339],"tipVelocity":[-6.96138,-21.4408,17.1339],"tool":false,"touchDistance":0.333333,"touchZone":"none","type":2,"width":16.7365},{"bases":[[[0.983403,-0.0590194,-0.171567],[0.0547615,0.998065,-0.0294493],[0.172973,0.0195653,0.984732]],[[0.971261,-0.0600864,-0.230307],[-0.219288,0.150322,-0.96401],[0.092544,0.98681,0.132825]],[[0.971261,-0.0600864,-0.230307],[-0.131653,-0.941736,-0.309517],[-0.19829,0.330942,-0.922582]],[[0.971261,-0.0600864,-0.230307],[0.0230802,-0.939275,0.342389],[-0.236894,-0.337865,-0.910894]]],"btipPosition":[60.7912,107.513,71.1218],"carpPosition":[65.2271,150.253,93.0813],"dipPosition":[56.8637,101.912,56.0198],"direction":[0.19829,-0.330942,0.922582],"extended":false,"handId":76,"id":763,"length":57.1708,"mcpPosition":[55.6585,149.17,38.6074],"pipPosition":[51.9894,110.047,33.3414],"stabilizedTipPosition":[63.4452,111.937,68.9341],"timeVisible":4.98639,"tipPosition":[59.286,106.515,66.418],"tipVelocity":[-8.57851,-28.8137,6.56337],"tool":false,"touchDistance":0.333333,"touchZone":"none","type":3,"width":15.9259},{"bases":[[[0.974156,-0.220451,-0.0492017],[0.222115,0.974517,0.0313396],[0.0410391,-0.0414581,0.998297]],[[0.960005,-0.212962,-0.181762],[-0.12686,0.247872,-0.960451],[0.249594,0.945096,0.210942]],[[0.960005,-0.212962,-0.181762],[-0.272685,-0.858429,-0.434446],[-0.0635089,0.466634,-0.882167]],[[0.960005,-0.212962,-0.181762],[-0.176832,-0.964507,0.196102],[-0.217073,-0.156118,-0.963591]]],"btipPosition":[71.0273,111.954,63.2767],"carpPosition":[76.5377,145.195,90.967],"dipPosition":[67.7071,109.566,48.5384],"direction":[0.0635089,-0.466634,0.882167],"extended":false,"handId":76,"id":764,"length":44.8208,"mcpPosition":[74.4362,147.318,39.8465],"pipPosition":[66.6049,117.665,33.2279],"stabilizedTipPosition":[73.7894,117.442,61.4799],"timeVisible":4.98639,"tipPosition":[70.1448,113.495,59.1706],"tipVelocity":[-6.80349,-29.5471,7.76527],"tool":false,"touchDistance":0.333333,"touchZone":"none","type":4,"width":14.1466}],"r":[[0.236887,0.148432,0.960132],[-0.165254,0.980015,-0.110734],[-0.95738,-0.132435,0.256682]],"s":0.660674,"t":[23.2949,-14.3058,-36.3104],"timestamp":7638970748},{"currentFrameRate":111.284,"devices":[],"gestures":[],"hands":[{"armBasis":[[0.683566,0.364621,-0.632289],[0.0173713,0.857909,0.513508],[0.729682,-0.362,0.580103]],"armWidth":56.1785,"confidence":1,"direction":[-0.309465,0.108216,-0.944733],"elbow":[250.558,49.4497,255.656],"grabAngle":2.929,"grabStrength":0.435046,"id":76,"palmNormal":[0.115192,-0.981921,-0.150209],"palmPosition":[45.4893,140.845,58.3958],"palmVelocity":[-3.31929,-19.0122,-6.15602],"palmWidth":80.3549,"pinchDistance":24.4643,"pinchStrength":0.89324,"r":[[0.236639,0.149746,0.959989],[-0.162973,0.98017,-0.112721],[-0.957832,-0.129779,0.256351]],"s":0.671421,"sphereCenter":[62.8134,104.686,36.8361],"sphereRadius":38.99,"stabilizedPalmPosition":[48.2486,145.92,60.4742],"t":[23.263,-14.4753,-36.3551],"timeVisible":4.99544,"type":"right","wrist":[76.5714,135.766,117.335]}],"id":98215,"interactionBox":{"center":[0,200,0],"size":[235.247,235.247,147.751]},"pointables":[{"bases":[[[0.878548,0.171275,-0.44589],[-0.182681,0.983014,0.0176526],[0.44134,0.0659472,0.894914]],[[0.9747,0.18343,-0.12772],[-0.223418,0.78269,-0.580931],[-0.00659482,0.594769,0.80387]],[[0.9747,0.18343,-0.12772],[-0.172309,0.252681,-0.952083],[-0.142368,0.950003,0.277895]],[[0.9747,0.18343,-0.12772],[-0.109321,-0.107178,-0.988211],[-0.194956,0.977173,-0.084414]]],"btipPosition":[23.8281,83.8092,8.9401],"carpPosition":[46.2416,145.958,102.409],"dipPosition":[20.8724,98.624,7.6603],"direction":[0.142368,-0.950003,-0.277894],"extended":false,"handId":76,"id":761,"length":52.183,"mcpPosition":[17.5675,141.674,44.2663],"pipPosition":[17.8189,118.999,13.6205],"stabilizedTipPosition":[26.2107,92.4016,5.75384],"timeVisible":4.99544,"tipPosition":[22.9009,87.9296,8.43182],"tipVelocity":[-37.3488,19.9751,-233.692],"tool":false,"touchDistance":0.2973,"touchZone":"hovering","type":1,"width":17.041},{"bases":[[[0.216409,0.961869,-0.167257],[-0.690393,0.271903,0.670392],[0.690307,-0.0296053,0.72291]],[[0.0272621,0.935801,-0.351474],[-0.91237,0.166963,0.373771],[0.408459,0.310484,0.858348]],[[0.0272621,0.935801,-0.351474],[-0.99723,0.0498008,0.0552444],[0.0692014,0.348995,0.934566]],[[0.0272621,0.935801,-0.351474],[-0.948429,-0.0868696,-0.304856],[-0.315816,0.341659,0.885172]]],"btipPosition":[30.8908,95.5325,26.3223],"carpPosition":[44.432,126.874,110.819],"dipPosition":[24.3321,102.628,44.7049],"direction":[-0.0692014,-0.348994,-0.934566],"extended":false,"handId":76,"id":760,"length":46.2456,"mcpPosition":[44.432,126.874,110.819],"pipPosition":[26.4258,113.187,72.98],"stabilizedTipPosition":[30.7124,101.32,30.9839],"timeVisible":4.99544,"tipPosition":[29.3656,97.8583,30.4777],"tipVelocity":[6.8512,-15.3954,-5.92255],"tool":false,"touchDistance":0.0497624,"touchZone":"hovering","type":0,"width":17.8402},{"bases":[[[0.948281,0.00850363,-0.317317],[-0.0217886,0.999027,-0.0383413],[0.316682,0.0432722,0.947544]],[[0.927585,0.00589355,-0.373565],[-0.362752,0.253521,-0.896737],[0.0894217,0.967312,0.237301]],[[0.927585,0.00589355,-0.373565],[-0.201487,-0.83412,-0.513465],[-0.314624,0.551551,-0.77253]],[[0.927585,0.00589355,-0.373565],[0.0431194,-0.994883,0.0913726],[-0.371114,-0.100864,-0.923093]]],"btipPosition":[45.9788,92.9699,63.529],"carpPosition":[55.188,149.244,97.1738],"dipPosition":[39.7905,91.288,48.1363],"direction":[0.314624,-0.551551,0.77253],"extended":false,"handId":76,"id":762,"length":59.4584,"mcpPosition":[35.6761,146.578,38.7925],"pipPosition":[31.8515,105.205,28.6429],"stabilizedTipPosition":[47.881,97.8581,60.6746],"timeVisible":4.99544,"tipPosition":[43.8349,94.3533,60.7322],"tipVelocity":[-7.3814,-13.4398,8.75373],"tool":false,"touchDistance":0.333333,"touchZone":"none","type":2,"width":16.7365},{"bases":[[[0.983474,-0.0605565,-0.17062],[0.0561238,0.997952,-0.030689],[0.172129,0.020606,0.984859]],[[0.971383,-0.0616831,-0.229369],[-0.218226,0.149465,-0.964385],[0.0937688,0.986841,0.131727]],[[0.971383,-0.0616831,-0.229369],[-0.132674,-0.941902,-0.308576],[-0.197009,0.330177,-0.923131]],[[0.971383,-0.0616831,-0.229369],[0.0211457,-0.939397,0.34218],[-0.236575,-0.337238,-0.91121]]],"btipPosition":[60.7043,107.309,71.1268],"carpPosition":[65.1788,150.099,93.0311],"dipPosition":[56.7821,101.718,56.0196],"direction":[0.197009,-0.330177,0.923131],"extended":false,"handId":76,"id":763,"length":57.1708,"mcpPosition":[55.6569,148.959,38.5502],"pipPosition":[51.9393,109.834,33.3277],"stabilizedTipPosition":[63.2709,111.654,68.8728],"timeVisible":4.99544,"tipPosition":[59.2036,106.334,66.4208],"tipVelocity":[-9.47542,-22.2914,0.426809],"tool":false,"touchDistance":0.333333,"touchZone":"none","type":3,"width":15.9259},{"bases":[[[0.973903,-0.221817,-0.048055],[0.223392,0.974258,0.0302783],[0.0401017,-0.0402233,0.998386]],[[0.959886,-0.214484,-0.180598],[-0.125725,0.246476,-0.960959],[0.250623,0.945117,0.209623]],[[0.959886,-0.214484,-0.180598],[-0.273412,-0.858792,-0.433269],[-0.0621667,0.465266,-0.882985]],[[0.959886,-0.214484,-0.180598],[-0.178361,-0.964054,0.196944],[-0.216347,-0.156833,-0.963638]]],"btipPosition":[70.9554,111.753,63.2948],"carpPosition":[76.4845,145.024,90.9333],"dipPosition":[67.6463,109.355,48.5558],"direction":[0.0621667,-0.465266,0.882985],"extended":false,"handId":76,"id":764,"length":44.8208,"mcpPosition":[74.431,147.084,39.8082],"pipPosition":[66.5674,117.43,33.2311],"stabilizedTipPosition":[73.6083,117.128,61.4006],"timeVisible":4.99544,"tipPosition":[70.0773,113.289,59.1729],"tipVelocity":[-7.66534,-22.4648,1.98202],"tool":false,"touchDistance":0.333333,"touchZone":"none","type":4,"width":14.1466}],"r":[[0.236639,0.149746,0.959989],[-0.162973,0.98017,-0.112721],[-0.957832,-0.129779,0.256351]],"s":0.671421,"t":[23.263,-14.4753,-36.3551],"timestamp":7638979794},{"currentFrameRate":111.61,"devices":[],"gestures":[],"hands":[{"armBasis":[[0.68314,0.363734,-0.633259],[0.0168911,0.859035,0.511638],[0.730092,-0.360217,0.580697]],"armWidth":56.1785,"confidence":1,"direction":[-0.308702,0.107331,-0.945084],"elbow":[250.61,49.8386,255.81],"grabAngle":2.90507,"grabStrength":0.391605,"id":76,"palmNormal":[0.114951,-0.98212,-0.149085],"palmPosition":[45.4799,140.744,58.3824],"palmVelocity":[-1.11465,-12.1011,-1.58734],"palmWidth":80.3549,"pinchDistance":25.4967,"pinchStrength":0.844522,"r":[[0.236306,0.150983,0.959877],[-0.161059,0.980276,-0.114541],[-0.958238,-0.12753,0.255962]],"s":0.683201,"sphereCenter":[63.235,104.413,36.7459],"sphereRadius":39.3881,"stabilizedPalmPosition":[48.1514,145.739,60.4007],"t":[23.2424,-14.6108,-36.3841],"timeVisible":5.00383,"type":"right","wrist":[76.5255,135.729,117.348]}],"id":98216,"interactionBox":{"center":[0,200,0],"size":[235.247,235.247,147.751]},"pointables":[{"bases":[[[0.878952,0.170486,-0.445397],[-0.182338,0.983098,0.0164752],[0.440678,0.0667321,0.895182]],[[0.975117,0.182956,-0.125198],[-0.221609,0.78889,-0.573186],[-0.00610011,0.586668,0.809804]],[[0.975117,0.182956,-0.125198],[-0.174797,0.287149,-0.941802],[-0.136358,0.940251,0.311984]],[[0.975117,0.182956,-0.125198],[-0.124526,-0.0152036,-0.9921],[-0.183414,0.983004,0.00795754]]],"btipPosition":[23.5071,84.1324,6.5467],"carpPosition":[46.2004,145.903,102.391],"dipPosition":[20.7264,99.0357,6.66734],"direction":[0.136358,-0.940251,-0.311984],"extended":false,"handId":76,"id":761,"length":52.183,"mcpPosition":[17.5693,141.567,44.2307],"pipPosition":[17.8018,119.202,13.3587],"stabilizedTipPosition":[26.1986,92.3841,5.75679],"timeVisible":5.00383,"tipPosition":[22.9053,87.7557,8.22155],"tipVelocity":[-33.4677,40.9598,-246.936],"tool":false,"touchDistance":0.262778,"touchZone":"hovering","type":1,"width":17.041},{"bases":[[[0.216886,0.961614,-0.168106],[-0.690808,0.27286,0.669575],[0.689742,-0.029092,0.72347]],[[0.0284575,0.935601,-0.351909],[-0.913001,0.167659,0.371914],[0.406964,0.31071,0.858976]],[[0.0284575,0.935601,-0.351909],[-0.997346,0.0501805,0.0527606],[0.0670219,0.349474,0.934546]],[[0.0284575,0.935601,-0.351909],[-0.947985,-0.0863998,-0.306366],[-0.317041,0.342323,0.884477]]],"btipPosition":[30.9935,95.4485,26.3102],"carpPosition":[44.3774,126.828,110.819],"dipPosition":[24.4094,102.558,44.6784],"direction":[-0.0670219,-0.349474,-0.934546],"extended":false,"handId":76,"id":760,"length":46.2456,"mcpPosition":[44.3774,126.828,110.819],"pipPosition":[26.4371,113.131,72.9529],"stabilizedTipPosition":[30.6647,101.156,30.9666],"timeVisible":5.00383,"tipPosition":[29.363,97.7283,30.4977],"tipVelocity":[11.5428,-9.6369,-1.8349],"tool":false,"touchDistance":0.0495059,"touchZone":"hovering","type":0,"width":17.8402},{"bases":[[[0.948527,0.00782549,-0.316599],[-0.0213968,0.998994,-0.0394122],[0.315972,0.0441577,0.94774]],[[0.927873,0.00516353,-0.372859],[-0.362057,0.251796,-0.897504],[0.0892501,0.967767,0.235504]],[[0.927873,0.00516353,-0.372859],[-0.200416,-0.836303,-0.510325],[-0.314458,0.548244,-0.774948]],[[0.927873,0.00516353,-0.372859],[0.0427268,-0.994791,0.0925509],[-0.370439,-0.101807,-0.923261]]],"btipPosition":[45.9785,92.931,63.6428],"carpPosition":[55.152,149.18,97.1591],"dipPosition":[39.8014,91.2333,48.2473],"direction":[0.314458,-0.548244,0.774948],"extended":false,"handId":76,"id":762,"length":59.4584,"mcpPosition":[35.6839,146.459,38.7656],"pipPosition":[31.8666,105.067,28.6929],"stabilizedTipPosition":[47.7887,97.7104,60.6587],"timeVisible":5.00383,"tipPosition":[43.8118,94.2436,60.7623],"tipVelocity":[0.267576,-5.07066,13.4881],"tool":false,"touchDistance":0.333333,"touchZone":"none","type":2,"width":16.7365},{"bases":[[[0.983583,-0.0610925,-0.169802],[0.0565093,0.997899,-0.031699],[0.171382,0.0215832,0.984968]],[[0.971536,-0.0622767,-0.228559],[-0.217426,0.148595,-0.9647],[0.094041,0.986935,0.130824]],[[0.971536,-0.0622767,-0.228559],[-0.132788,-0.942164,-0.307726],[-0.196176,0.329316,-0.923616]],[[0.971536,-0.0622767,-0.228559],[0.0202384,-0.939478,0.342012],[-0.236026,-0.336902,-0.911476]]],"btipPosition":[60.6727,107.195,71.1649],"carpPosition":[65.1463,150.027,93.0231],"dipPosition":[56.7596,101.609,56.0532],"direction":[0.196176,-0.329316,0.923616],"extended":false,"handId":76,"id":763,"length":57.1708,"mcpPosition":[55.6657,148.833,38.5362],"pipPosition":[51.9373,109.704,33.3494],"stabilizedTipPosition":[63.1246,111.414,68.8233],"timeVisible":5.00383,"tipPosition":[59.1763,106.236,66.4558],"tipVelocity":[-3.5161,-13.4718,4.41326],"tool":false,"touchDistance":0.333333,"touchZone":"none","type":3,"width":15.9259},{"bases":[[[0.973859,-0.22222,-0.0470743],[0.223722,0.974209,0.0294214],[0.0393222,-0.0391839,0.998458]],[[0.959954,-0.215025,-0.179591],[-0.124951,0.245145,-0.961401],[0.250751,0.94534,0.20846]],[[0.959954,-0.215025,-0.179591],[-0.273343,-0.859386,-0.432133],[-0.061419,0.463918,-0.883747]],[[0.959954,-0.215025,-0.179591],[-0.178891,-0.963793,0.19774],[-0.215608,-0.157694,-0.963663]]],"btipPosition":[70.9342,111.651,63.3471],"carpPosition":[76.4517,144.946,90.9393],"dipPosition":[67.6365,109.24,48.6078],"direction":[0.061419,-0.463918,0.883747],"extended":false,"handId":76,"id":764,"length":44.8208,"mcpPosition":[74.4381,146.952,39.8105],"pipPosition":[66.5705,117.291,33.2699],"stabilizedTipPosition":[73.4618,116.87,61.339],"timeVisible":5.00383,"tipPosition":[70.0575,113.178,59.2083],"tipVelocity":[-2.21107,-12.5252,6.2348],"tool":false,"touchDistance":0.333333,"touchZone":"none","type":4,"width":14.1466}],"r":[[0.236306,0.150983,0.959877],[-0.161059,0.980276,-0.114541],[-0.958238,-0.12753,0.255962]],"s":0.683201,"t":[23.2424,-14.6108,-36.3841],"timestamp":7638988182},{"currentFrameRate":111.584,"devices":[],"gestures":[],"hands":[{"armBasis":[[0.682944,0.363199,-0.633778],[0.0163229,0.859825,0.510329],[0.730288,-0.358871,0.581284]],"armWidth":56.1785,"confidence":1,"direction":[-0.308028,0.106415,-0.945407],"elbow":[250.657,50.1822,255.976],"grabAngle":2.87931,"grabStrength":0.367385,"id":76,"palmNormal":[0.115062,-0.982263,-0.148052],"palmPosition":[45.516,140.702,58.3835],"palmVelocity":[4.00096,-4.67238,0.11667],"palmWidth":80.3549,"pinchDistance":26.6103,"pinchStrength":0.791762,"r":[[0.235905,0.152159,0.95979],[-0.159511,0.980332,-0.11621],[-0.958595,-0.125683,0.255536]],"s":0.696045,"sphereCenter":[63.7897,104.196,36.6381],"sphereRadius":39.8515,"stabilizedPalmPosition":[48.0551,145.554,60.327],"t":[23.2501,-14.6995,-36.3981],"timeVisible":5.01284,"type":"right","wrist":[76.526,135.752,117.374]}],"id":98217,"interactionBox":{"center":[0,200,0],"size":[235.247,235.247,147.751]},"pointables":[{"bases":[[[0.879268,0.17006,-0.444934],[-0.182355,0.983112,0.0153941],[0.440038,0.0676003,0.895431]],[[0.975476,0.182857,-0.122514],[-0.220031,0.795629,-0.564412],[-0.0057305,0.577527,0.816352]],[[0.975476,0.182857,-0.122514],[-0.177451,0.324037,-0.929253],[-0.130221,0.928204,0.348539]],[[0.975476,0.182857,-0.122514],[-0.139823,0.0849295,-0.986528],[-0.169988,0.979464,0.108414]]],"btipPosition":[23.204,84.737,3.97042],"carpPosition":[46.205,145.903,102.388],"dipPosition":[20.6268,99.5866,5.61408],"direction":[0.130221,-0.928204,-0.348539],"extended":false,"handId":76,"id":761,"length":52.183,"mcpPosition":[17.6154,141.511,44.211],"pipPosition":[17.8339,119.494,13.0894],"stabilizedTipPosition":[26.188,92.3716,5.75262],"timeVisible":5.01284,"tipPosition":[22.9275,87.7314,7.72499],"tipVelocity":[-28.4565,65.7568,-247.14],"tool":false,"touchDistance":0.225678,"touchZone":"hovering","type":1,"width":17.041},{"bases":[[[0.217001,0.961452,-0.168882],[-0.691287,0.273504,0.668818],[0.689226,-0.0283885,0.72399]],[[0.0293011,0.935446,-0.352253],[-0.913661,0.167997,0.370135],[0.405419,0.310994,0.859603]],[[0.0293011,0.935446,-0.352253],[-0.997456,0.0502746,0.0505393],[0.0649861,0.349876,0.934539]],[[0.0293011,0.935446,-0.352253],[-0.947632,-0.0861218,-0.307532],[-0.318016,0.342817,0.883936]]],"btipPosition":[31.1421,95.4222,26.3077],"carpPosition":[44.376,126.837,110.833],"dipPosition":[24.5378,102.542,44.6646],"direction":[-0.0649861,-0.349876,-0.934539],"extended":false,"handId":76,"id":760,"length":46.2456,"mcpPosition":[44.376,126.837,110.833],"pipPosition":[26.5039,113.127,72.9389],"stabilizedTipPosition":[30.6223,100.99,30.9488],"timeVisible":5.01284,"tipPosition":[29.4205,97.655,30.5289],"tipVelocity":[15.9854,-2.66129,-0.568517],"tool":false,"touchDistance":0.0494206,"touchZone":"hovering","type":0,"width":17.8402},{"bases":[[[0.948753,0.00752437,-0.315929],[-0.0213734,0.998955,-0.0403937],[0.315295,0.0450761,0.947923]],[[0.928139,0.00480789,-0.372202],[-0.361512,0.249896,-0.898255],[0.0886929,0.968261,0.233676]],[[0.928139,0.00480789,-0.372202],[-0.198926,-0.838747,-0.506885],[-0.31462,0.5445,-0.777518]],[[0.928139,0.00480789,-0.372202],[0.0427859,-0.994667,0.0938443],[-0.369766,-0.103026,-0.923395]]],"btipPosition":[46.0452,92.9635,63.7766],"carpPosition":[55.1603,149.176,97.1588],"dipPosition":[39.8793,91.2456,48.3788],"direction":[0.31462,-0.5445,0.777517],"extended":false,"handId":76,"id":762,"length":59.4584,"mcpPosition":[35.7339,146.398,38.7542],"pipPosition":[31.9404,104.985,28.7596],"stabilizedTipPosition":[47.7178,97.5951,60.6492],"timeVisible":5.01284,"tipPosition":[43.8523,94.1913,60.8028],"tipVelocity":[7.6921,3.093,14.7991],"tool":false,"touchDistance":0.333333,"touchZone":"none","type":2,"width":16.7365},{"bases":[[[0.983704,-0.0612514,-0.169041],[0.0565272,0.997868,-0.0326239],[0.170679,0.0225369,0.985069]],[[0.971699,-0.0624925,-0.227806],[-0.216736,0.147681,-0.964995],[0.0939476,0.987059,0.129957]],[[0.971699,-0.0624925,-0.227806],[-0.132524,-0.942528,-0.306722],[-0.195545,0.328231,-0.924135]],[[0.971699,-0.0624925,-0.227806],[0.01974,-0.939517,0.341933],[-0.235395,-0.336753,-0.911694]]],"btipPosition":[60.7006,107.153,71.2162],"carpPosition":[65.1575,150.018,93.0292],"dipPosition":[56.7979,101.57,56.1009],"direction":[0.195545,-0.328231,0.924136],"extended":false,"handId":76,"id":763,"length":57.1708,"mcpPosition":[55.7158,148.772,38.5367],"pipPosition":[51.9911,109.638,33.3843],"stabilizedTipPosition":[63.0033,111.211,68.7837],"timeVisible":5.01284,"tipPosition":[59.2071,106.202,66.5008],"tipVelocity":[3.36503,-4.59165,5.60166],"tool":false,"touchDistance":0.333333,"touchZone":"none","type":3,"width":15.9259},{"bases":[[[0.973894,-0.22226,-0.0461642],[0.223696,0.974238,0.0286388],[0.0386097,-0.0382179,0.998523]],[[0.960092,-0.215197,-0.178646],[-0.124326,0.24379,-0.961826],[0.250534,0.945652,0.207306]],[[0.960092,-0.215197,-0.178646],[-0.272961,-0.860178,-0.430797],[-0.0609615,0.462368,-0.88459]],[[0.960092,-0.215197,-0.178646],[-0.178987,-0.963561,0.19878],[-0.214914,-0.158872,-0.963624]]],"btipPosition":[70.9717,111.627,63.4131],"carpPosition":[76.4645,144.935,90.9584],"dipPosition":[67.6846,109.197,48.6744],"direction":[0.0609615,-0.462368,0.88459],"extended":false,"handId":76,"id":764,"length":44.8208,"mcpPosition":[74.4874,146.892,39.8263],"pipPosition":[66.6266,117.221,33.3218],"stabilizedTipPosition":[73.347,116.665,61.2925],"timeVisible":5.01284,"tipPosition":[70.0933,113.133,59.2547],"tipVelocity":[4.43488,-3.20791,7.34218],"tool":false,"touchDistance":0.333333,"touchZone":"none","type":4,"width":14.1466}],"r":[[0.235905,0.152159,0.95979],[-0.159511,0.980332,-0.11621],[-0.958595,-0.125683,0.255536]],"s":0.696045,"t":[23.2501,-14.6995,-36.3981],"timestamp":7638997189},{"currentFrameRate":111.986,"devices":[],"gestures":[],"hands":[{"armBasis":[[0.682701,0.362622,-0.634369],[0.0159327,0.860575,0.509074],[0.730524,-0.357653,0.581738]],"armWidth":56.1785,"confidence":1,"direction":[-0.307706,0.105579,-0.945606],"elbow":[250.7,50.4671,256.123],"grabAngle":2.85395,"grabStrength":0.349962,"id":76,"palmNormal":[0.115126,-0.982392,-0.147149],"palmPosition":[45.5179,140.637,58.4078],"palmVelocity":[0.22782,-7.88097,2.95106],"palmWidth":80.3549,"pinchDistance":27.6368,"pinchStrength":0.740925,"r":[[0.235519,0.15327,0.959708],[-0.158266,0.980353,-0.117727],[-0.958897,-0.124163,0.255149]],"s":0.709409,"sphereCenter":[64.3047,103.966,36.5397],"sphereRadius":40.3154,"stabilizedPalmPosition":[47.9757,145.401,60.2669],"t":[23.2549,-14.7763,-36.393],"timeVisible":5.02106,"type":"right","wrist":[76.5122,135.746,117.412]}],"id":98218,"interactionBox":{"center":[0,200,0],"size":[235.247,235.247,147.751]},"pointables":[{"bases":[[[0.879418,0.169681,-0.444783],[-0.182373,0.983123,0.0144669],[0.439731,0.068394,0.895522]],[[0.975745,0.182777,-0.120474],[-0.218847,0.801328,-0.556758],[-0.00522394,0.569619,0.821892]],[[0.975745,0.182777,-0.120474],[-0.180247,0.358501,-0.915963],[-0.124227,0.915461,0.382751]],[[0.975745,0.182777,-0.120474],[-0.154241,0.183493,-0.970845],[-0.155342,0.965879,0.207234]]],"btipPosition":[22.8408,85.44,1.54125],"carpPosition":[46.1917,145.877,102.408],"dipPosition":[20.4857,100.084,4.68312],"direction":[0.124227,-0.915461,-0.382751],"extended":false,"handId":76,"id":761,"length":52.183,"mcpPosition":[17.6221,141.434,44.2251],"pipPosition":[17.8213,119.718,12.8922],"stabilizedTipPosition":[26.1792,92.3635,5.74475],"timeVisible":5.02106,"tipPosition":[22.8622,87.7776,7.06227],"tipVelocity":[-37.9426,79.7074,-253.414],"tool":false,"touchDistance":0.190935,"touchZone":"hovering","type":1,"width":17.041},{"bases":[[[0.217046,0.961306,-0.169653],[-0.69152,0.274083,0.66834],[0.688979,-0.0277422,0.724251]],[[0.0299229,0.935296,-0.352599],[-0.914107,0.168313,0.368888],[0.404367,0.311275,0.859997]],[[0.0299229,0.935296,-0.352599],[-0.997527,0.0503887,0.0490059],[0.063602,0.350261,0.93449]],[[0.0299229,0.935296,-0.352599],[-0.947458,-0.0858551,-0.308142],[-0.318476,0.343294,0.883585]]],"btipPosition":[31.224,95.3695,26.3351],"carpPosition":[44.3602,126.818,110.869],"dipPosition":[24.6101,102.499,44.6848],"direction":[-0.063602,-0.350261,-0.93449],"extended":false,"handId":76,"id":760,"length":46.2456,"mcpPosition":[44.3602,126.818,110.869],"pipPosition":[26.5344,113.096,72.9576],"stabilizedTipPosition":[30.5895,100.848,30.9348],"timeVisible":5.02106,"tipPosition":[29.434,97.5623,30.5854],"tipVelocity":[9.69136,-6.12035,3.13513],"tool":false,"touchDistance":0.0498504,"touchZone":"hovering","type":0,"width":17.8402},{"bases":[[[0.948861,0.00725957,-0.315611],[-0.021373,0.998919,-0.0412797],[0.31497,0.0459143,0.94799]],[[0.928267,0.00449331,-0.371888],[-0.3613,0.248087,-0.898841],[0.088222,0.968727,0.231915]],[[0.928267,0.00449331,-0.371888],[-0.197651,-0.841074,-0.503517],[-0.315048,0.540902,-0.779852]],[[0.928267,0.00449331,-0.371888],[0.0430421,-0.994506,0.0954209],[-0.369416,-0.104583,-0.92336]]],"btipPosition":[46.0788,92.9781,63.9262],"carpPosition":[55.1488,149.145,97.1789],"dipPosition":[39.9187,91.2342,48.529],"direction":[0.315048,-0.540902,0.779852],"extended":false,"handId":76,"id":762,"length":59.4584,"mcpPosition":[35.7424,146.316,38.7701],"pipPosition":[31.9691,104.883,28.8509],"stabilizedTipPosition":[47.673,97.5215,60.6453],"timeVisible":5.02106,"tipPosition":[43.8601,94.1168,60.8637],"tipVelocity":[4.25007,1.04686,18.2013],"tool":false,"touchDistance":0.333333,"touchZone":"none","type":2,"width":16.7365},{"bases":[[[0.983763,-0.0613864,-0.16865],[0.0565248,0.99784,-0.0334823],[0.170341,0.0234057,0.985107]],[[0.971778,-0.0626795,-0.227418],[-0.216411,0.146797,-0.965203],[0.0938827,0.987179,0.12909]],[[0.971778,-0.0626795,-0.227418],[-0.132338,-0.942914,-0.305614],[-0.19528,0.327085,-0.924598]],[[0.971778,-0.0626795,-0.227418],[0.0194561,-0.939473,0.342069],[-0.235094,-0.33684,-0.91174]]],"btipPosition":[60.7002,107.096,71.2833],"carpPosition":[65.1474,149.984,93.052],"dipPosition":[56.8025,101.511,56.1673],"direction":[0.19528,-0.327085,0.924598],"extended":false,"handId":76,"id":763,"length":57.1708,"mcpPosition":[55.7244,148.69,38.5574],"pipPosition":[52.0023,109.551,33.4394],"stabilizedTipPosition":[62.9164,111.065,68.7572],"timeVisible":5.02106,"tipPosition":[59.207,106.144,66.5607],"tipVelocity":[0.0914037,-7.00372,8.14719],"tool":false,"touchDistance":0.333333,"touchZone":"none","type":3,"width":15.9259},{"bases":[[[0.973913,-0.222287,-0.0456354],[0.223673,0.974266,0.0278584],[0.0382684,-0.037339,0.99857]],[[0.960165,-0.215344,-0.178074],[-0.124063,0.242491,-0.962188],[0.250383,0.945952,0.206115]],[[0.960165,-0.215344,-0.178074],[-0.272726,-0.86098,-0.429342],[-0.0608617,0.460804,-0.885413]],[[0.960165,-0.215344,-0.178074],[-0.17897,-0.963323,0.199945],[-0.2146,-0.160111,-0.963489]]],"btipPosition":[70.9781,111.583,63.4915],"carpPosition":[76.4551,144.899,90.9895],"dipPosition":[67.6957,109.134,48.7548],"direction":[0.0608617,-0.460804,0.885413],"extended":false,"handId":76,"id":764,"length":44.8208,"mcpPosition":[74.4955,146.811,39.855],"pipPosition":[66.6395,117.131,33.3879],"stabilizedTipPosition":[73.2687,116.524,61.2626],"timeVisible":5.02106,"tipPosition":[70.0954,113.066,59.313],"tipVelocity":[0.905177,-5.88765,9.57824],"tool":false,"touchDistance":0.333333,"touchZone":"none","type":4,"width":14.1466}],"r":[[0.235519,0.15327,0.959708],[-0.158266,0.980353,-0.117727],[-0.958897,-0.124163,0.255149]],"s":0.709409,"t":[23.2549,-14.7763,-36.393],"timestamp":7639005415},{"currentFrameRate":112.075,"devices":[],"gestures":[],"hands":[{"armBasis":[[0.682798,0.36228,-0.634461],[0.0160791,0.86074,0.508791],[0.730431,-0.357603,0.581886]],"armWidth":56.1785,"confidence":1,"direction":[-0.307773,0.104815,-0.945669],"elbow":[250.785,50.7224,256.286],"grabAngle":2.82676,"grabStrength":0.33045,"id":76,"palmNormal":[0.115171,-0.982501,-0.14638],"palmPosition":[45.6224,140.836,58.5343],"palmVelocity":[11.918,22.7686,14.4278],"palmWidth":80.3549,"pinchDistance":28.7441,"pinchStrength":0.686769,"r":[[0.235222,0.154312,0.959614],[-0.157282,0.980346,-0.119093],[-0.959131,-0.122917,0.254869]],"s":0.723364,"sphereCenter":[64.9838,103.998,36.5027],"sphereRadius":40.8405,"stabilizedPalmPosition":[47.9044,145.262,60.2144],"t":[23.3095,-14.7149,-36.3272],"timeVisible":5.02983,"type":"right","wrist":[76.6195,135.99,117.54]}],"id":98219,"interactionBox":{"center":[0,200,0],"size":[235.247,235.247,147.751]},"pointables":[{"bases":[[[0.87938,0.169378,-0.444974],[-0.182427,0.983124,0.0137021],[0.439786,0.069126,0.895439]],[[0.97598,0.182754,-0.11859],[-0.217816,0.807713,-0.547864],[-0.00433798,0.560535,0.828119]],[[0.97598,0.182754,-0.11859],[-0.183348,0.39501,-0.900195],[-0.11767,0.900315,0.41903]],[[0.97598,0.182754,-0.11859],[-0.168312,0.286898,-0.943059],[-0.138325,0.940367,0.310766]]],"btipPosition":[22.5119,86.6849,-0.916183],"carpPosition":[46.2988,146.112,102.53],"dipPosition":[20.4148,100.942,3.79533],"direction":[0.11767,-0.900315,-0.41903],"extended":false,"handId":76,"id":761,"length":52.183,"mcpPosition":[17.7257,141.621,44.3528],"pipPosition":[17.891,120.251,12.7825],"stabilizedTipPosition":[26.1687,92.3575,5.73062],"timeVisible":5.02983,"tipPosition":[22.8335,88.223,6.23059],"tipVelocity":[-30.7368,131.815,-239.071],"tool":false,"touchDistance":0.155995,"touchZone":"hovering","type":1,"width":17.041},{"bases":[[[0.216981,0.961184,-0.170427],[-0.691491,0.274572,0.668169],[0.689027,-0.0271316,0.724227]],[[0.0303994,0.93519,-0.352839],[-0.914376,0.1686,0.368089],[0.403722,0.311438,0.860241]],[[0.0303994,0.93519,-0.352839],[-0.997569,0.0505316,0.0479855],[0.0627051,0.350523,0.934453]],[[0.0303994,0.93519,-0.352839],[-0.947444,-0.0855143,-0.308281],[-0.318475,0.343667,0.88344]]],"btipPosition":[31.3882,95.5877,26.466],"carpPosition":[44.4689,127.059,111.006],"dipPosition":[24.7744,102.725,44.8126],"direction":[-0.0627051,-0.350523,-0.934453],"extended":false,"handId":76,"id":760,"length":46.2456,"mcpPosition":[44.4689,127.059,111.006],"pipPosition":[26.6715,113.33,73.0844],"stabilizedTipPosition":[30.5639,100.72,30.926],"timeVisible":5.02983,"tipPosition":[29.5409,97.7364,30.7466],"tipVelocity":[18.7281,25.0823,14.8478],"tool":false,"touchDistance":0.0520204,"touchZone":"hovering","type":0,"width":17.8402},{"bases":[[[0.94884,0.00706307,-0.315678],[-0.0214314,0.998885,-0.0420675],[0.315029,0.0466808,0.947933]],[[0.928242,0.00425119,-0.371952],[-0.36146,0.246394,-0.899242],[0.0878241,0.96916,0.23025]],[[0.928242,0.00425119,-0.371952],[-0.196654,-0.843162,-0.500405],[-0.315743,0.537643,-0.781822]],[[0.928242,0.00425119,-0.371952],[0.0430785,-0.994435,0.0961406],[-0.369474,-0.105265,-0.92326]]],"btipPosition":[46.2172,93.2368,64.1681],"carpPosition":[55.2553,149.376,97.2981],"dipPosition":[40.0562,91.4815,48.7726],"direction":[0.315743,-0.537643,0.781822],"extended":false,"handId":76,"id":762,"length":59.4584,"mcpPosition":[35.8453,146.5,38.8928],"pipPosition":[32.089,105.048,29.0448],"stabilizedTipPosition":[47.6309,97.4528,60.645],"timeVisible":5.02983,"tipPosition":[43.9729,94.3085,61.0244],"tipVelocity":[15.7616,29.2005,27.6285],"tool":false,"touchDistance":0.333333,"touchZone":"none","type":2,"width":16.7365},{"bases":[[[0.983755,-0.0614649,-0.168666],[0.056467,0.997816,-0.0342743],[0.170404,0.0241935,0.985077]],[[0.971767,-0.062805,-0.227432],[-0.216483,0.146013,-0.965306],[0.093834,0.987287,0.128294]],[[0.971767,-0.062805,-0.227432],[-0.132228,-0.943292,-0.304493],[-0.195411,0.325969,-0.924964]],[[0.971767,-0.062805,-0.227432],[0.0193779,-0.939421,0.342217],[-0.235147,-0.336963,-0.911681]]],"btipPosition":[60.809,107.305,71.4424],"carpPosition":[65.2537,150.212,93.1698],"dipPosition":[56.9104,101.719,56.3274],"direction":[0.195411,-0.325969,0.924964],"extended":false,"handId":76,"id":763,"length":57.1708,"mcpPosition":[55.8272,148.874,38.6768],"pipPosition":[52.107,109.732,33.5904],"stabilizedTipPosition":[62.8377,110.932,68.7364],"timeVisible":5.02983,"tipPosition":[59.3142,106.351,66.7142],"tipVelocity":[12.3843,23.8605,18.1642],"tool":false,"touchDistance":0.333333,"touchZone":"none","type":3,"width":15.9259},{"bases":[[[0.973922,-0.222269,-0.0455233],[0.223621,0.9743,0.027074],[0.0383357,-0.036548,0.998596]],[[0.960176,-0.215436,-0.177904],[-0.124212,0.241215,-0.96249],[0.250268,0.946257,0.204849]],[[0.960176,-0.215436,-0.177904],[-0.272615,-0.861839,-0.427686],[-0.0611859,0.459153,-0.886247]],[[0.960176,-0.215436,-0.177904],[-0.178762,-0.963055,0.201418],[-0.214724,-0.161594,-0.963214]]],"btipPosition":[71.0922,111.811,63.6612],"carpPosition":[76.5615,145.127,91.1106],"dipPosition":[67.808,109.339,48.9287],"direction":[0.0611859,-0.459153,0.886247],"extended":false,"handId":76,"id":764,"length":44.8208,"mcpPosition":[74.5985,146.998,39.9748],"pipPosition":[66.746,117.308,33.5474],"stabilizedTipPosition":[73.197,116.394,61.2384],"timeVisible":5.02983,"tipPosition":[70.2018,113.264,59.4614],"tipVelocity":[12.9625,25.4463,19.4699],"tool":false,"touchDistance":0.333333,"touchZone":"none","type":4,"width":14.1466}],"r":[[0.235222,0.154312,0.959614],[-0