{"frames":102,"data":[{"currentFrameRate":114.413,"devices":[],"gestures":[],"hands":[{"armBasis":[[-0.29481,-0.94376,-0.149678],[0.552892,-0.0407169,-0.832258],[0.779357,-0.328114,0.533801]],"armWidth":59.3592,"confidence":1,"direction":[-0.498097,0.144562,-0.854986],"elbow":[89.0407,84.2452,255.009],"grabAngle":2.43763,"grabStrength":0,"id":55,"palmNormal":[-0.849922,0.114015,0.514425],"palmPosition":[-144.164,184.952,68.5425],"palmVelocity":[5.70023,-2.93563,2.45016],"palmWidth":83.5833,"pinchDistance":59.1011,"pinchStrength":0.912767,"r":[[0.937495,0.0174433,-0.347563],[-0.115196,0.957991,-0.262645],[0.32838,0.286266,0.900121]],"s":1.30878,"sphereCenter":[-189.612,171.358,71.3065],"sphereRadius":48.6971,"stabilizedPalmPosition":[-143.188,183.241,65.9074],"t":[-245.074,54.3821,111.484],"timeVisible":19.5123,"type":"right","wrist":[-104.257,165.625,122.615]}],"id":70958,"interactionBox":{"center":[0,200,0],"size":[235.247,235.247,147.751]},"pointables":[{"bases":[[[-0.25304,-0.944679,-0.208692],[0.77196,-0.0671329,-0.632116],[0.583137,-0.321052,0.746242]],[[-0.0779552,-0.9969,0.0106727],[0.847676,-0.0719135,-0.525618],[0.524756,-0.0319277,0.850654]],[[-0.0779552,-0.9969,0.0106727],[0.836203,-0.0712107,-0.543778],[0.542852,-0.0334658,0.839162]],[[-0.0779552,-0.9969,0.0106727],[0.783715,-0.0678945,-0.617399],[0.61621,-0.0397651,0.786578]]],"btipPosition":[-192.793,213.302,-15.7431],"carpPosition":[-110.556,188.953,99.8374],"dipPosition":[-183.032,212.672,-3.28302],"direction":[-0.542852,0.0334658,-0.839162],"extended":true,"handId":55,"id":551,"length":54.5231,"mcpPosition":[-149.965,210.65,49.4057],"pipPosition":[-170.867,211.922,15.5221],"stabilizedTipPosition":[-188.428,212.007,-15.455],"timeVisible":19.5123,"tipPosition":[-191.189,216.987,-11.9998],"tipVelocity":[6.41693,-5.81146,0.649402],"tool":false,"touchDistance":0.333341,"touchZone":"hovering","type":1,"width":18.1291},{"bases":[[[0.593847,-0.469288,-0.65354],[0.712789,0.683629,0.156791],[0.373199,-0.558946,0.740474]],[[0.493238,-0.329647,-0.805015],[0.50581,0.861578,-0.0428948],[0.707723,-0.386028,0.591702]],[[0.493238,-0.329647,-0.805015],[0.208751,0.94323,-0.258342],[0.844476,-0.0406233,0.534051]],[[0.493238,-0.329647,-0.805015],[-0.124442,0.88916,-0.44035],[0.860947,0.317375,0.397546]]],"btipPosition":[-197.481,208.961,65.3305],"carpPosition":[-119.653,196.862,117.971],"dipPosition":[-178.8,215.848,73.9567],"direction":[-0.844476,0.0406233,-0.534051],"extended":false,"handId":55,"id":550,"length":48.3194,"mcpPosition":[-119.653,196.862,117.971],"pipPosition":[-152.105,214.563,90.8389],"stabilizedTipPosition":[-192.394,208.198,63.6739],"timeVisible":19.5123,"tipPosition":[-193.798,210.494,67.9001],"tipVelocity":[11.4599,6.81436,1.42567],"tool":false,"touchDistance":0.333347,"touchZone":"hovering","type":0,"width":18.9794},{"bases":[[[-0.299797,-0.95399,0.00488531],[0.730683,-0.232908,-0.641761],[0.613371,-0.188829,0.766889]],[[-0.326644,-0.944701,-0.029052],[-0.115679,0.0704668,-0.990784],[0.938042,-0.320273,-0.1323]],[[-0.326644,-0.944701,-0.029052],[-0.943946,0.327624,-0.0403622],[0.0476483,0.0142395,-0.998763]],[[-0.326644,-0.944701,-0.029052],[-0.779375,0.251836,0.573719],[-0.534677,0.210044,-0.818537]]],"btipPosition":[-185.667,200.831,93.4667],"carpPosition":[-112.496,178.452,96.1101],"dipPosition":[-194.982,204.491,79.2054],"direction":[-0.0476483,-0.0142395,0.998763],"extended":false,"handId":55,"id":552,"length":62.1247,"mcpPosition":[-151.806,190.553,46.961],"pipPosition":[-193.726,204.866,52.8733],"stabilizedTipPosition":[-191.766,201.152,87.2083],"timeVisible":19.5123,"tipPosition":[-192.071,203.161,89.3442],"tipVelocity":[26.7023,3.39077,13.2813],"tool":false,"touchDistance":0.333489,"touchZone":"none","type":2,"width":17.8052},{"bases":[[[-0.26049,-0.95109,0.166051],[0.726577,-0.306372,-0.614998],[0.635792,-0.0395523,0.770847]],[[-0.298146,-0.947007,0.119529],[-0.364934,-0.00262014,-0.93103],[0.882005,-0.321203,-0.344814]],[[-0.298146,-0.947007,0.119529],[-0.926183,0.317304,0.203723],[-0.230854,-0.0499665,-0.971705]],[[-0.298146,-0.947007,0.119529],[-0.569999,0.277084,0.773515],[-0.765644,0.162489,-0.622404]]],"btipPosition":[-169.649,181.738,100.723],"carpPosition":[-115.72,167.688,95.0562],"dipPosition":[-182.912,184.553,89.9417],"direction":[0.230854,0.0499665,0.971705],"extended":false,"handId":55,"id":553,"length":59.7345,"mcpPosition":[-152.304,169.964,50.7009],"pipPosition":[-188.841,183.27,64.9846],"stabilizedTipPosition":[-171.608,179.721,94.6839],"timeVisible":19.5123,"tipPosition":[-171.598,182.586,97.1733],"tipVelocity":[6.97414,7.81133,6.14771],"tool":false,"touchDistance":0.340203,"touchZone":"none","type":3,"width":16.9428},{"bases":[[[-0.3016,-0.885492,0.35347],[0.730513,-0.452854,-0.511149],[0.612689,0.104051,0.783445]],[[-0.359506,-0.891406,0.275953],[-0.332081,-0.154148,-0.93057],[0.872054,-0.426184,-0.240602]],[[-0.359506,-0.891406,0.275953],[-0.913591,0.39645,0.0904374],[-0.190018,-0.219595,-0.956907]],[[-0.359506,-0.891406,0.275953],[-0.596874,0.446985,0.666292],[-0.717284,0.0748268,-0.692752]]],"btipPosition":[-168.676,168.646,94.2849],"carpPosition":[-122.361,157.431,99.7042],"dipPosition":[-180.139,169.842,83.2141],"direction":[0.190018,0.219595,0.956907],"extended":false,"handId":55,"id":554,"length":46.8308,"mcpPosition":[-154.996,151.889,57.974],"pipPosition":[-183.585,165.86,65.8616],"stabilizedTipPosition":[-170.27,166.333,88.1261],"timeVisible":19.5123,"tipPosition":[-170.808,168.698,90.7523],"tipVelocity":[4.43754,6.71814,8.10124],"tool":false,"touchDistance":0.334782,"touchZone":"none","type":4,"width":15.0499}],"r":[[0.937495,0.0174433,-0.347563],[-0.115196,0.957991,-0.262645],[0.32838,0.286266,0.900121]],"s":1.30878,"t":[-245.074,54.3821,111.484],"timestamp":7398286790},{"currentFrameRate":114.569,"devices":[],"gestures":[],"hands":[{"armBasis":[[-0.295364,-0.943674,-0.149126],[0.552438,-0.0413473,-0.832528],[0.77947,-0.328282,0.533534]],"armWidth":59.3592,"confidence":1,"direction":[-0.498286,0.144734,-0.854847],"elbow":[89.1515,84.1724,254.935],"grabAngle":2.43797,"grabStrength":0,"id":55,"palmNormal":[-0.849648,0.114826,0.514697],"palmPosition":[-144.087,184.935,68.5448],"palmVelocity":[9.1061,-1.96971,0.266318],"palmWidth":83.5833,"pinchDistance":59.0983,"pinchStrength":0.910183,"r":[[0.937153,0.0162736,-0.348539],[-0.114487,0.95795,-0.263104],[0.329602,0.286472,0.899609]],"s":1.3089,"sphereCenter":[-189.531,171.384,71.3213],"sphereRadius":48.6902,"stabilizedPalmPosition":[-143.19,183.246,65.9153],"t":[-245.02,54.3678,111.505],"timeVisible":19.5208,"type":"right","wrist":[-104.174,165.593,122.608]}],"id":70959,"interactionBox":{"center":[0,200,0],"size":[235.247,235.247,147.751]},"pointables":[{"bases":[[[-0.253865,-0.944532,-0.208354],[0.771681,-0.0679126,-0.632373],[0.583147,-0.32132,0.746119]],[[-0.0787816,-0.996832,0.0109162],[0.847597,-0.0727434,-0.52563],[0.524759,-0.0321574,0.850643]],[[-0.0787816,-0.996832,0.0109162],[0.836178,-0.0720389,-0.543706],[0.54277,-0.0337062,0.839204]],[[-0.0787816,-0.996832,0.0109162],[0.783746,-0.0687007,-0.61727],[0.616064,-0.040074,0.786676]]],"btipPosition":[-192.699,213.304,-15.7476],"carpPosition":[-110.465,188.918,99.8267],"dipPosition":[-182.94,212.669,-3.286],"direction":[-0.54277,0.0337062,-0.839204],"extended":true,"handId":55,"id":551,"length":54.5231,"mcpPosition":[-149.874,210.633,49.4033],"pipPosition":[-170.777,211.914,15.5201],"stabilizedTipPosition":[-188.439,212.013,-15.4411],"timeVisible":19.5208,"tipPosition":[-191.114,216.979,-11.9909],"tipVelocity":[11.1266,0.143261,-0.494162],"tool":false,"touchDistance":0.33333,"touchZone":"hovering","type":1,"width":18.1291},{"bases":[[[0.593241,-0.469931,-0.653628],[0.713388,0.683103,0.156357],[0.373018,-0.559048,0.740488]],[[0.492766,-0.33035,-0.805016],[0.506429,0.861189,-0.0434062],[0.70761,-0.386294,0.591663]],[[0.492766,-0.33035,-0.805016],[0.209701,0.942951,-0.258591],[0.844516,-0.0413882,0.533929]],[[0.492766,-0.33035,-0.805016],[-0.123454,0.889235,-0.440478],[0.86136,0.316435,0.397402]]],"btipPosition":[-197.382,208.995,65.3297],"carpPosition":[-119.549,196.839,117.961],"dipPosition":[-178.692,215.861,73.9528],"direction":[-0.844516,0.0413882,-0.533929],"extended":false,"handId":55,"id":550,"length":48.3194,"mcpPosition":[-119.549,196.839,117.961],"pipPosition":[-151.996,214.552,90.8311],"stabilizedTipPosition":[-192.396,208.205,63.6859],"timeVisible":19.5208,"tipPosition":[-193.701,210.516,67.9127],"tipVelocity":[11.9498,3.4183,-0.180025],"tool":false,"touchDistance":0.333333,"touchZone":"hovering","type":0,"width":18.9794},{"bases":[[[-0.300554,-0.95375,0.0052428],[0.730269,-0.233657,-0.64196],[0.613494,-0.189115,0.766721]],[[-0.327547,-0.944394,-0.0288694],[-0.117433,0.0710098,-0.990539],[0.937509,-0.321058,-0.134162]],[[-0.327547,-0.944394,-0.0288694],[-0.943748,0.328483,-0.0379223],[0.0452967,0.0148241,-0.998864]],[[-0.327547,-0.944394,-0.0288694],[-0.77785,0.252188,0.57563],[-0.536341,0.211002,-0.8172]]],"btipPosition":[-185.478,200.818,93.5328],"carpPosition":[-112.414,178.417,96.1027],"dipPosition":[-194.822,204.494,79.2948],"direction":[-0.0452967,-0.0148241,0.998864],"extended":false,"handId":55,"id":552,"length":62.1247,"mcpPosition":[-151.732,190.537,46.9645],"pipPosition":[-193.628,204.885,52.9601],"stabilizedTipPosition":[-191.737,201.155,87.2299],"timeVisible":19.5208,"tipPosition":[-191.941,203.177,89.3651],"tipVelocity":[21.5043,-1.11388,8.4454],"tool":false,"touchDistance":0.333548,"touchZone":"none","type":2,"width":17.8052},{"bases":[[[-0.261187,-0.950839,0.166394],[0.726114,-0.307111,-0.615176],[0.636034,-0.0398554,0.770631]],[[-0.298856,-0.946738,0.119884],[-0.365205,-0.0025974,-0.930924],[0.881652,-0.321995,-0.344977]],[[-0.298856,-0.946738,0.119884],[-0.925864,0.318092,0.203942],[-0.231214,-0.050047,-0.971615]],[[-0.298856,-0.946738,0.119884],[-0.569648,0.277771,0.773528],[-0.765628,0.162882,-0.622321]]],"btipPosition":[-169.566,181.752,100.736],"carpPosition":[-115.648,167.656,95.0529],"dipPosition":[-182.829,184.573,89.9552],"direction":[0.231214,0.050047,0.971615],"extended":false,"handId":55,"id":553,"length":59.7345,"mcpPosition":[-152.246,169.949,50.71],"pipPosition":[-188.768,183.288,65.0005],"stabilizedTipPosition":[-171.61,179.728,94.6937],"timeVisible":19.5208,"tipPosition":[-171.512,182.598,97.1862],"tipVelocity":[9.7403,1.74173,1.46976],"tool":false,"touchDistance":0.340213,"touchZone":"none","type":3,"width":16.9428},{"bases":[[[-0.302178,-0.885159,0.35381],[0.729971,-0.453569,-0.51129],[0.61305,0.10377,0.783199]],[[-0.359947,-0.891043,0.276553],[-0.332649,-0.154369,-0.930331],[0.871655,-0.426864,-0.24084]],[[-0.359947,-0.891043,0.276553],[-0.913292,0.397081,0.0906877],[-0.19062,-0.219931,-0.95671]],[[-0.359947,-0.891043,0.276553],[-0.596304,0.447692,0.666329],[-0.717538,0.0749334,-0.692477]]],"btipPosition":[-168.601,168.662,94.2996],"carpPosition":[-122.295,157.405,99.706],"dipPosition":[-180.068,169.86,83.2331],"direction":[0.19062,0.219931,0.95671],"extended":false,"handId":55,"id":554,"length":46.8308,"mcpPosition":[-154.949,151.878,57.9888],"pipPosition":[-183.525,165.872,65.8842],"stabilizedTipPosition":[-170.272,166.339,88.134],"timeVisible":19.5208,"tipPosition":[-170.736,168.708,90.7687],"tipVelocity":[8.75859,1.91901,1.84807],"tool":false,"touchDistance":0.334795,"touchZone":"none","type":4,"width":15.0499}],"r":[[0.937153,0.0162736,-0.348539],[-0.114487,0.95795,-0.263104],[0.329602,0.286472,0.899609]],"s":1.3089,"t":[-245.02,54.3678,111.505],"timestamp":7398295253},{"currentFrameRate":114.564,"devices":[],"gestures":[],"hands":[{"armBasis":[[-0.29495,-0.943645,-0.150128],[0.552596,-0.0402807,-0.832475],[0.779514,-0.328499,0.533335]],"armWidth":59.3592,"confidence":1,"direction":[-0.498456,0.145865,-0.854556],"elbow":[89.2926,84.0747,254.887],"grabAngle":2.43737,"grabStrength":0,"id":55,"palmNormal":[-0.849553,0.114106,0.515014],"palmPosition":[-143.966,184.957,68.5761],"palmVelocity":[13.8019,2.53756,3.58078],"palmWidth":83.5833,"pinchDistance":59.1186,"pinchStrength":0.912455,"r":[[0.936865,0.0154377,-0.349351],[-0.113935,0.957987,-0.263211],[0.330611,0.286396,0.899263]],"s":1.30898,"sphereCenter":[-189.398,171.43,71.3362],"sphereRadius":48.674,"stabilizedPalmPosition":[-143.193,183.252,65.9251],"t":[-244.933,54.3718,111.531],"timeVisible":19.5295,"type":"right","wrist":[-104.044,165.55,122.608]}],"id":70960,"interactionBox":{"center":[0,200,0],"size":[235.247,235.247,147.751]},"pointables":[{"bases":[[[-0.253873,-0.94426,-0.209573],[0.771562,-0.0670369,-0.632612],[0.583301,-0.322302,0.745574]],[[-0.0787046,-0.996851,0.0096431],[0.847513,-0.0720008,-0.525869],[0.524908,-0.0332157,0.850511]],[[-0.0787046,-0.996851,0.0096431],[0.836138,-0.0712769,-0.543869],[0.542844,-0.034742,0.839115]],[[-0.0787046,-0.996851,0.0096431],[0.783728,-0.0678501,-0.617388],[0.616098,-0.0410337,0.7866]]],"btipPosition":[-192.591,213.432,-15.6722],"carpPosition":[-110.338,188.899,99.8568],"dipPosition":[-182.831,212.782,-3.21179],"direction":[-0.542844,0.034742,-0.839115],"extended":true,"handId":55,"id":551,"length":54.5231,"mcpPosition":[-149.758,210.681,49.4702],"pipPosition":[-170.667,212.004,15.5923],"stabilizedTipPosition":[-188.45,212.021,-15.4252],"timeVisible":19.5295,"tipPosition":[-191.01,217.106,-11.9079],"tipVelocity":[12.368,14.276,8.60016],"tool":false,"touchDistance":0.33339,"touchZone":"hovering","type":1,"width":18.1291},{"bases":[[[0.593132,-0.469033,-0.654372],[0.713395,0.682917,0.157137],[0.373179,-0.560029,0.739665]],[[0.492486,-0.329074,-0.80571],[0.506327,0.861304,-0.0422898],[0.707877,-0.387125,0.590799]],[[0.492486,-0.329074,-0.80571],[0.209123,0.943384,-0.257478],[0.844823,-0.0416877,0.53342]],[[0.492486,-0.329074,-0.80571],[-0.124104,0.889749,-0.439255],[0.861426,0.316319,0.39735]]],"btipPosition":[-197.276,209.001,65.429],"carpPosition":[-119.419,196.796,118.004],"dipPosition":[-178.584,215.865,74.0509],"direction":[-0.844823,0.0416877,-0.53342],"extended":false,"handId":55,"id":550,"length":48.3194,"mcpPosition":[-119.419,196.796,118.004],"pipPosition":[-151.878,214.547,90.9132],"stabilizedTipPosition":[-192.398,208.213,63.6979],"timeVisible":19.5295,"tipPosition":[-193.58,210.538,67.9866],"tipVelocity":[12.2036,0.70289,11.338],"tool":false,"touchDistance":0.333408,"touchZone":"hovering","type":0,"width":18.9794},{"bases":[[[-0.300521,-0.953767,0.00401962],[0.730153,-0.23277,-0.642413],[0.613648,-0.190123,0.766348]],[[-0.327437,-0.944398,-0.029968],[-0.116512,0.0718302,-0.990588],[0.937662,-0.320864,-0.133553]],[[-0.327437,-0.944398,-0.029968],[-0.943699,0.328446,-0.0394298],[0.0470803,0.01537,-0.998773]],[[-0.327437,-0.944398,-0.029968],[-0.779477,0.252059,0.573482],[-0.534041,0.211139,-0.81867]]],"btipPosition":[-185.456,200.843,93.5691],"carpPosition":[-112.288,178.403,96.1192],"dipPosition":[-194.76,204.522,79.3055],"direction":[-0.0470803,-0.01537,0.998773],"extended":false,"handId":55,"id":552,"length":62.1247,"mcpPosition":[-151.616,190.588,47.0048],"pipPosition":[-193.519,204.927,52.9732],"stabilizedTipPosition":[-191.708,201.159,87.2514],"timeVisible":19.5295,"tipPosition":[-191.788,203.16,89.436],"tipVelocity":[3.60724,2.97445,3.48039],"tool":false,"touchDistance":0.333574,"touchZone":"none","type":2,"width":17.8052},{"bases":[[[-0.261123,-0.95107,0.165167],[0.726006,-0.30626,-0.615727],[0.636184,-0.0408687,0.770454]],[[-0.298801,-0.946908,0.11867],[-0.365587,-0.00128544,-0.930776],[0.881512,-0.321501,-0.345793]],[[-0.298801,-0.946908,0.11867],[-0.92571,0.317813,0.205074],[-0.231901,-0.0485775,-0.971526]],[[-0.298801,-0.946908,0.11867],[-0.569122,0.27663,0.774323],[-0.76604,0.163831,-0.621564]]],"btipPosition":[-169.418,181.723,100.767],"carpPosition":[-115.521,167.644,95.0555],"dipPosition":[-182.688,184.561,89.9995],"direction":[0.231901,0.0485775,0.971526],"extended":false,"handId":55,"id":553,"length":59.7345,"mcpPosition":[-152.128,169.995,50.7227],"pipPosition":[-188.644,183.313,65.047],"stabilizedTipPosition":[-171.613,179.737,94.7061],"timeVisible":19.5295,"tipPosition":[-171.388,182.581,97.2211],"tipVelocity":[16.7789,-2.85879,3.91132],"tool":false,"touchDistance":0.340242,"touchZone":"none","type":3,"width":16.9428},{"bases":[[[-0.30208,-0.885644,0.352679],[0.729888,-0.452857,-0.512039],[0.613198,0.102739,0.78322]],[[-0.359424,-0.891413,0.27604],[-0.333229,-0.153701,-0.930233],[0.871649,-0.426333,-0.241801]],[[-0.359424,-0.891413,0.27604],[-0.913328,0.396719,0.0919032],[-0.191434,-0.219083,-0.956742]],[[-0.359424,-0.891413,0.27604],[-0.595771,0.446875,0.667353],[-0.718242,0.0754059,-0.691695]]],"btipPosition":[-168.455,168.658,94.3081],"carpPosition":[-122.167,157.386,99.6961],"dipPosition":[-179.933,169.863,83.2541],"direction":[0.191434,0.219083,0.956742],"extended":false,"handId":55,"id":554,"length":46.8308,"mcpPosition":[-154.829,151.914,57.9777],"pipPosition":[-183.405,165.89,65.9047],"stabilizedTipPosition":[-170.275,166.346,88.1446],"timeVisible":19.5295,"tipPosition":[-170.611,168.7,90.7845],"tipVelocity":[16.4009,-0.298751,1.31117],"tool":false,"touchDistance":0.334805,"touchZone":"none","type":4,"width":15.0499}],"r":[[0.936865,0.0154377,-0.349351],[-0.113935,0.957987,-0.263211],[0.330611,0.286396,0.899263]],"s":1.30898,"t":[-244.933,54.3718,111.531],"timestamp":7398303990},{"currentFrameRate":114.431,"devices":[],"gestures":[],"hands":[{"armBasis":[[-0.293636,-0.94366,-0.15259],[0.553456,-0.0376786,-0.832026],[0.7794,-0.328764,0.533338]],"armWidth":59.3592,"confidence":1,"direction":[-0.498668,0.147773,-0.854104],"elbow":[89.4759,83.925,254.844],"grabAngle":2.43618,"grabStrength":0,"id":55,"palmNormal":[-0.849608,0.11191,0.515405],"palmPosition":[-143.771,184.981,68.5818],"palmVelocity":[21.7993,2.59501,0.640678],"palmWidth":83.5833,"pinchDistance":59.1615,"pinchStrength":0.916864,"r":[[0.936624,0.0151322,-0.350009],[-0.113673,0.958141,-0.262764],[0.331382,0.285898,0.899138]],"s":1.30899,"sphereCenter":[-189.178,171.436,71.2941],"sphereRadius":48.6561,"stabilizedPalmPosition":[-143.196,183.26,65.9372],"t":[-244.791,54.3854,111.547],"timeVisible":19.5385,"type":"right","wrist":[-103.832,165.466,122.565]}],"id":70961,"interactionBox":{"center":[0,200,0],"size":[235.247,235.247,147.751]},"pointables":[{"bases":[[[-0.253035,-0.943908,-0.212159],[0.771563,-0.0645874,-0.632865],[0.583664,-0.323831,0.744628]],[[-0.0777074,-0.996952,0.0070067],[0.847604,-0.0697635,-0.526023],[0.524908,-0.034937,0.850441]],[[-0.0777074,-0.996952,0.0070067],[0.836282,-0.0690069,-0.54394],[0.542766,-0.0364086,0.839095]],[[-0.0777074,-0.996952,0.0070067],[0.783846,-0.0654368,-0.617497],[0.616073,-0.0424919,0.786542]]],"btipPosition":[-192.418,213.632,-15.5906],"carpPosition":[-110.143,188.867,99.8703],"dipPosition":[-182.659,212.959,-3.13114],"direction":[-0.542766,0.0364086,-0.839095],"extended":true,"handId":55,"id":551,"length":54.5231,"mcpPosition":[-149.588,210.752,49.5476],"pipPosition":[-170.496,212.143,15.6725],"stabilizedTipPosition":[-188.462,212.031,-15.4064],"timeVisible":19.5385,"tipPosition":[-190.85,217.305,-11.8098],"tipVelocity":[19.2199,21.6815,9.07412],"tool":false,"touchDistance":0.333397,"touchZone":"hovering","type":1,"width":18.1291},{"bases":[[[0.593496,-0.466684,-0.65572],[0.712789,0.683128,0.158959],[0.373757,-0.561732,0.738081]],[[0.492418,-0.326017,-0.806993],[0.505579,0.861867,-0.0396873],[0.708459,-0.388455,0.589227]],[[0.492418,-0.326017,-0.806993],[0.207454,0.944436,-0.254957],[0.845273,-0.041868,0.532691]],[[0.492418,-0.326017,-0.806993],[-0.12597,0.890737,-0.436715],[0.861194,0.316703,0.397547]]],"btipPosition":[-197.123,208.969,65.556],"carpPosition":[-119.23,196.705,118.04],"dipPosition":[-178.436,215.841,74.1821],"direction":[-0.845273,0.041868,-0.532691],"extended":false,"handId":55,"id":550,"length":48.3194,"mcpPosition":[-119.23,196.705,118.04],"pipPosition":[-151.716,214.517,91.0213],"stabilizedTipPosition":[-192.399,208.221,63.7105],"timeVisible":19.5385,"tipPosition":[-193.405,210.517,68.0658],"tipVelocity":[16.9831,-3.43478,14.2637],"tool":false,"touchDistance":0.333433,"touchZone":"hovering","type":0,"width":18.9794},{"bases":[[[-0.299654,-0.954047,0.00141119],[0.730304,-0.23033,-0.643121],[0.613892,-0.191683,0.765764]],[[-0.326255,-0.944735,-0.0321313],[-0.11427,0.0731584,-0.990752],[0.93835,-0.319567,-0.131823]],[[-0.326255,-0.944735,-0.0321313],[-0.943991,0.327397,-0.0411344],[0.0493808,0.0169113,-0.998637]],[[-0.326255,-0.944735,-0.0321313],[-0.782454,0.250828,0.569957],[-0.5304,0.211093,-0.821046]]],"btipPosition":[-185.422,200.821,93.5517],"carpPosition":[-112.084,178.379,96.1038],"dipPosition":[-194.663,204.499,79.2467],"direction":[-0.0493808,-0.0169113,0.998637],"extended":false,"handId":55,"id":552,"length":62.1247,"mcpPosition":[-151.428,190.664,47.0269],"pipPosition":[-193.361,204.945,52.9179],"stabilizedTipPosition":[-191.677,201.163,87.2738],"timeVisible":19.5385,"tipPosition":[-191.563,203.066,89.5047],"tipVelocity":[5.36302,-2.46389,-3.00405],"tool":false,"touchDistance":0.333551,"touchZone":"none","type":2,"width":17.8052},{"bases":[[[-0.260244,-0.95176,0.162561],[0.726226,-0.303897,-0.616638],[0.636293,-0.0424197,0.77028]],[[-0.29793,-0.947504,0.11608],[-0.365635,0.000940809,-0.930758],[0.881787,-0.319743,-0.346721]],[[-0.29793,-0.947504,0.11608],[-0.925902,0.316419,0.206362],[-0.232259,-0.045997,-0.971566]],[[-0.29793,-0.947504,0.11608],[-0.569033,0.273914,0.775353],[-0.766446,0.164948,-0.620768]]],"btipPosition":[-169.206,181.63,100.758],"carpPosition":[-115.308,167.62,95.0107],"dipPosition":[-182.483,184.487,90.0041],"direction":[0.232259,0.045997,0.971566],"extended":false,"handId":55,"id":553,"length":59.7345,"mcpPosition":[-151.921,170.06,50.6879],"pipPosition":[-188.448,183.306,65.0506],"stabilizedTipPosition":[-171.616,179.749,94.7218],"timeVisible":19.5385,"tipPosition":[-171.188,182.5,97.2236],"tipVelocity":[23.4862,-9.89718,-0.665725],"tool":false,"touchDistance":0.340237,"touchZone":"none","type":3,"width":16.9428},{"bases":[[[-0.301243,-0.886889,0.350257],[0.730251,-0.450777,-0.513356],[0.613177,0.101131,0.783445]],[[-0.358191,-0.892487,0.274164],[-0.333314,-0.15206,-0.930473],[0.872125,-0.424669,-0.243012]],[[-0.358191,-0.892487,0.274164],[-0.913765,0.395388,0.0932891],[-0.19166,-0.217106,-0.957148]],[[-0.358191,-0.892487,0.274164],[-0.595852,0.44459,0.668805],[-0.71879,0.0761986,-0.691039]]],"btipPosition":[-168.233,168.598,94.2601],"carpPosition":[-121.944,157.343,99.6235],"dipPosition":[-179.72,169.815,83.2166],"direction":[0.19166,0.217106,0.957148],"extended":false,"handId":55,"id":554,"length":46.8308,"mcpPosition":[-154.605,151.957,57.8932],"pipPosition":[-183.196,165.879,65.8599],"stabilizedTipPosition":[-170.277,166.356,88.1579],"timeVisible":19.5385,"tipPosition":[-170.399,168.638,90.7486],"tipVelocity":[24.5088,-6.39134,-5.08349],"tool":false,"touchDistance":0.334767,"touchZone":"none","type":4,"width":15.0499}],"r":[[0.936624,0.0151322,-0.350009],[-0.113673,0.958141,-0.262764],[0.331382,0.285898,0.899138]],"s":1.30899,"t":[-244.791,54.3854,111.547],"timestamp":7398312956},{"currentFrameRate":114.305,"devices":[],"gestures":[],"hands":[{"armBasis":[[-0.292765,-0.943489,-0.155299],[0.554404,-0.0351656,-0.831505],[0.779054,-0.329533,0.533369]],"armWidth":59.3592,"confidence":1,"direction":[-0.497955,0.147296,-0.854602],"elbow":[89.6864,83.7635,254.878],"grabAngle":2.43579,"grabStrength":0,"id":55,"palmNormal":[-0.850598,0.108963,0.514402],"palmPosition":[-143.454,184.981,68.5808],"palmVelocity":[35.3435,0.0383879,-0.108344],"palmWidth":83.5833,"pinchDistance":59.1962,"pinchStrength":0.918938,"r":[[0.936515,0.0154902,-0.350285],[-0.113932,0.958256,-0.262231],[0.3316,0.285492,0.899186]],"s":1.30903,"sphereCenter":[-188.82,171.329,71.2084],"sphereRadius":48.6489,"stabilizedPalmPosition":[-143.197,183.269,65.9518],"t":[-244.562,54.3924,111.555],"timeVisible":19.5474,"type":"right","wrist":[-103.536,165.495,122.59]}],"id":70962,"interactionBox":{"center":[0,200,0],"size":[235.247,235.247,147.751]},"pointables":[{"bases":[[[-0.250099,-0.944385,-0.213512],[0.772576,-0.0617326,-0.631914],[0.58359,-0.322995,0.745048]],[[-0.074946,-0.997171,0.00578644],[0.848549,-0.0668216,-0.524881],[0.523782,-0.0344276,0.851156]],[[-0.074946,-0.997171,0.00578644],[0.837213,-0.066074,-0.542871],[0.541717,-0.0358415,0.839796]],[[-0.074946,-0.997171,0.00578644],[0.784681,-0.0625544,-0.616735],[0.615352,-0.0416813,0.78715]]],"btipPosition":[-192.069,213.591,-15.6253],"carpPosition":[-109.879,188.928,99.9179],"dipPosition":[-182.322,212.931,-3.15615],"direction":[-0.541717,0.0358415,-0.839796],"extended":true,"handId":55,"id":551,"length":54.5231,"mcpPosition":[-149.318,210.756,49.5668],"pipPosition":[-170.182,212.127,15.6632],"stabilizedTipPosition":[-188.473,212.043,-15.3847],"timeVisible":19.5474,"tipPosition":[-190.518,217.258,-11.8382],"tipVelocity":[38.6668,-4.28375,-3.61732],"tool":false,"touchDistance":0.33331,"touchZone":"hovering","type":1,"width":18.1291},{"bases":[[[0.59567,-0.464303,-0.655439],[0.710654,0.684957,0.160638],[0.374362,-0.561478,0.737967]],[[0.494118,-0.323394,-0.807009],[0.503382,0.86324,-0.0377151],[0.70884,-0.387598,0.589334]],[[0.494118,-0.323394,-0.807009],[0.204972,0.945409,-0.253354],[0.844887,-0.0402273,0.53343]],[[0.494118,-0.323394,-0.807009],[-0.128145,0.891012,-0.435518],[0.859899,0.318611,0.398824]]],"btipPosition":[-196.881,208.852,65.544],"carpPosition":[-119.011,196.72,118.084],"dipPosition":[-178.223,215.765,74.1979],"direction":[-0.844887,0.0402273,-0.53343],"extended":false,"handId":55,"id":550,"length":48.3194,"mcpPosition":[-119.011,196.72,118.084],"pipPosition":[-151.514,214.493,91.0605],"stabilizedTipPosition":[-192.4,208.23,63.7264],"timeVisible":19.5474,"tipPosition":[-193.158,210.379,68.0253],"tipVelocity":[26.2088,-11.9745,-0.621549],"tool":false,"touchDistance":0.333334,"touchZone":"hovering","type":0,"width":18.9794},{"bases":[[[-0.296971,-0.954887,-0.0000145492],[0.731796,-0.22758,-0.642403],[0.613419,-0.190786,0.766367]],[[-0.32358,-0.945603,-0.0336152],[-0.111914,0.073525,-0.990994],[0.939559,-0.316904,-0.129617]],[[-0.32358,-0.945603,-0.0336152],[-0.94475,0.324847,-0.0438422],[0.0523771,0.0175715,-0.998473]],[[-0.32358,-0.945603,-0.0336152],[-0.785673,0.248716,0.566443],[-0.52727,0.2097,-0.823415]]],"btipPosition":[-185.28,200.711,93.4851],"carpPosition":[-111.785,178.439,96.1375],"dipPosition":[-194.467,204.365,79.1388],"direction":[-0.0523771,-0.0175715,0.998473],"extended":false,"handId":55,"id":552,"length":62.1247,"mcpPosition":[-151.098,190.666,47.022],"pipPosition":[-193.086,204.828,52.8144],"stabilizedTipPosition":[-191.642,201.166,87.2972],"timeVisible":19.5474,"tipPosition":[-191.298,202.901,89.4649],"tipVelocity":[17.2084,-12.8931,-8.48475],"tool":false,"touchDistance":0.333488,"touchZone":"none","type":2,"width":17.8052},{"bases":[[[-0.25778,-0.952663,0.16119],[0.727891,-0.301186,-0.616005],[0.635394,-0.0414649,0.771074]],[[-0.295417,-0.948463,0.114663],[-0.364465,0.0009414,-0.931216],[0.883116,-0.316888,-0.34596]],[[-0.295417,-0.948463,0.114663],[-0.92691,0.313621,0.206105],[-0.231444,-0.0453956,-0.971789]],[[-0.295417,-0.948463,0.114663],[-0.570247,0.271351,0.775362],[-0.766516,0.163668,-0.62102]]],"btipPosition":[-168.898,181.515,100.708],"carpPosition":[-114.977,167.671,95.0285],"dipPosition":[-182.176,184.35,89.9505],"direction":[0.231444,0.0453956,0.971789],"extended":false,"handId":55,"id":553,"length":59.7345,"mcpPosition":[-151.538,170.057,50.6601],"pipPosition":[-188.121,183.184,64.9913],"stabilizedTipPosition":[-171.618,179.762,94.7406],"timeVisible":19.5474,"tipPosition":[-170.904,182.392,97.1854],"tipVelocity":[34.2911,-13.3654,-5.60525],"tool":false,"touchDistance":0.340195,"touchZone":"none","type":3,"width":16.9428},{"bases":[[[-0.299209,-0.888112,0.348901],[0.732192,-0.448166,-0.512876],[0.611857,0.102006,0.784363]],[[-0.355564,-0.893773,0.273394],[-0.331983,-0.152665,-0.930849],[0.873706,-0.421739,-0.242435]],[[-0.355564,-0.893773,0.273394],[-0.915029,0.392498,0.0930998],[-0.190517,-0.217061,-0.957386]],[[-0.355564,-0.893773,0.273394],[-0.597372,0.442281,0.66898],[-0.718833,0.0745471,-0.691174]]],"btipPosition":[-167.881,168.509,94.1968],"carpPosition":[-121.59,157.372,99.6215],"dipPosition":[-179.369,169.7,83.1512],"direction":[0.190517,0.217061,0.957386],"extended":false,"handId":55,"id":554,"length":46.8308,"mcpPosition":[-154.181,151.938,57.8423],"pipPosition":[-182.824,165.764,65.7901],"stabilizedTipPosition":[-170.278,166.367,88.1743],"timeVisible":19.5474,"tipPosition":[-170.066,168.54,90.6963],"tipVelocity":[39.2472,-10.5935,-7.12024],"tool":false,"touchDistance":0.334714,"touchZone":"none","type":4,"width":15.0499}],"r":[[0.936515,0.0154902,-0.350285],[-0.113932,0.958256,-0.262231],[0.3316,0.285492,0.899186]],"s":1.30903,"t":[-244.562,54.3924,111.555],"timestamp":7398321920},{"currentFrameRate":114.747,"devices":[],"gestures":[],"hands":[{"armBasis":[[-0.29007,-0.943527,-0.160054],[0.556847,-0.0303863,-0.830059],[0.778319,-0.329901,0.534214]],"armWidth":59.3592,"confidence":1,"direction":[-0.496286,0.14732,-0.855568],"elbow":[89.8611,83.7003,255.069],"grabAngle":2.43604,"grabStrength":0,"id":55,"palmNormal":[-0.852493,0.103679,0.512354],"palmPosition":[-143.032,184.997,68.5087],"palmVelocity":[53.0881,2.07745,-9.07007],"palmWidth":83.5833,"pinchDistance":59.224,"pinchStrength":0.92264,"r":[[0.936605,0.0168225,-0.349982],[-0.114873,0.958384,-0.261352],[0.33102,0.284987,0.89956]],"s":1.30905,"sphereCenter":[-188.348,171.143,70.9777],"sphereRadius":48.6474,"stabilizedPalmPosition":[-143.196,183.28,65.9673],"t":[-244.236,54.4041,111.522],"timeVisible":19.5554,"type":"right","wrist":[-103.179,165.523,122.572]}],"id":70963,"interactionBox":{"center":[0,200,0],"size":[235.247,235.247,147.751]},"pointables":[{"bases":[[[-0.245181,-0.94494,-0.216734],[0.774576,-0.0564893,-0.629953],[0.583025,-0.32233,0.745778]],[[-0.0704317,-0.997513,0.00284805],[0.8498,-0.0614968,-0.523505],[0.522378,-0.034451,0.852018]],[[-0.0704317,-0.997513,0.00284805],[0.838498,-0.0607502,-0.541507],[0.540333,-0.0357511,0.840691]],[[-0.0704317,-0.997513,0.00284805],[0.785933,-0.0572504,-0.615656],[0.614288,-0.0411233,0.78801]]],"btipPosition":[-191.609,213.622,-15.7122],"carpPosition":[-109.561,189.013,99.9483],"dipPosition":[-181.878,212.97,-3.22945],"direction":[-0.540333,0.0357511,-0.840691],"extended":true,"handId":55,"id":551,"length":54.5231,"mcpPosition":[-148.962,210.797,49.5479],"pipPosition":[-169.77,212.169,15.61],"stabilizedTipPosition":[-188.481,212.055,-15.3626],"timeVisible":19.5554,"tipPosition":[-190.02,217.258,-11.9566],"tipVelocity":[57.3406,4.11399,-10.5287],"tool":false,"touchDistance":0.333262,"touchZone":"hovering","type":1,"width":18.1291},{"bases":[[[0.599584,-0.4598,-0.655044],[0.707064,0.687767,0.164429],[0.374913,-0.561748,0.737482]],[[0.49738,-0.318402,-0.80699],[0.499728,0.865534,-0.0334987],[0.709144,-0.386614,0.589614]],[[0.49738,-0.318402,-0.80699],[0.200741,0.947208,-0.250001],[0.843989,-0.0376503,0.535038]],[[0.49738,-0.318402,-0.80699],[-0.131952,0.891625,-0.433122],[0.857439,0.32191,0.401462]]],"btipPosition":[-196.58,208.648,65.4492],"carpPosition":[-118.778,196.715,118.11],"dipPosition":[-177.975,215.633,74.1604],"direction":[-0.843989,0.0376503,-0.535038],"extended":false,"handId":55,"id":550,"length":48.3194,"mcpPosition":[-118.778,196.715,118.11],"pipPosition":[-151.295,214.443,91.0738],"stabilizedTipPosition":[-192.399,208.239,63.7431],"timeVisible":19.5554,"tipPosition":[-192.847,210.169,67.8829],"tipVelocity":[36.2467,-23.4985,-10.2532],"tool":false,"touchDistance":0.333265,"touchZone":"hovering","type":0,"width":18.9794},{"bases":[[[-0.292588,-0.956233,-0.00339563],[0.734586,-0.222492,-0.640999],[0.612189,-0.190043,0.767534]],[[-0.318932,-0.947064,-0.0367681],[-0.107382,0.0746516,-0.991411],[0.941675,-0.312244,-0.125506]],[[-0.318932,-0.947064,-0.0367681],[-0.946118,0.320428,-0.0467564],[0.0560629,0.0198749,-0.998229]],[[-0.318932,-0.947064,-0.0367681],[-0.790591,0.244441,0.561439],[-0.522731,0.208129,-0.826701]]],"btipPosition":[-185.096,200.509,93.2745],"carpPosition":[-111.408,178.526,96.1346],"dipPosition":[-194.203,204.136,78.8709],"direction":[-0.0560629,-0.0198749,0.998229],"extended":false,"handId":55,"id":552,"length":62.1247,"mcpPosition":[-150.643,190.706,46.9442],"pipPosition":[-192.725,204.66,52.553],"stabilizedTipPosition":[-191.611,201.167,87.3158],"timeVisible":19.5554,"tipPosition":[-190.984,202.631,89.3143],"tipVelocity":[25.4947,-26.1639,-28.119],"tool":false,"touchDistance":0.333333,"touchZone":"none","type":2,"width":17.8052},{"bases":[[[-0.253848,-0.954265,0.157921],[0.730946,-0.296187,-0.61481],[0.633466,-0.0406365,0.772703]],[[-0.291377,-0.950111,0.111303],[-0.362651,0.00204451,-0.931923],[0.885203,-0.311905,-0.345155]],[[-0.291377,-0.950111,0.111303],[-0.928469,0.308898,0.206222],[-0.230315,-0.043253,-0.972154]],[[-0.291377,-0.950111,0.111303],[-0.571862,0.266275,0.775933],[-0.766859,0.162439,-0.620919]]],"btipPosition":[-168.468,181.303,100.548],"carpPosition":[-114.548,167.747,94.9879],"dipPosition":[-181.752,184.117,89.7922],"direction":[0.230315,0.043253,0.972154],"extended":false,"handId":55,"id":553,"length":59.7345,"mcpPosition":[-150.998,170.085,50.5257],"pipPosition":[-187.667,183.006,64.8236],"stabilizedTipPosition":[-171.617,179.775,94.7603],"timeVisible":19.5554,"tipPosition":[-170.552,182.204,97.036],"tipVelocity":[53.9302,-27.2566,-20.0611],"tool":false,"touchDistance":0.340062,"touchZone":"none","type":3,"width":16.9428},{"bases":[[[-0.296086,-0.89041,0.345691],[0.735639,-0.443423,-0.512065],[0.609235,0.102689,0.786313]],[[-0.351841,-0.896114,0.270531],[-0.329538,-0.151929,-0.931838],[0.876135,-0.41701,-0.241848]],[[-0.351841,-0.896114,0.270531],[-0.916917,0.388089,0.0930115],[-0.188339,-0.215329,-0.958208]],[[-0.351841,-0.896114,0.270531],[-0.599848,0.437717,0.669766],[-0.718603,0.073374,-0.691539]]],"btipPosition":[-167.401,168.338,94.008],"carpPosition":[-121.127,157.405,99.535],"dipPosition":[-178.885,169.511,82.9565],"direction":[0.188339,0.215329,0.958208],"extended":false,"handId":55,"id":554,"length":46.8308,"mcpPosition":[-153.578,151.935,57.6519],"pipPosition":[-182.3,165.606,65.5805],"stabilizedTipPosition":[-170.277,166.379,88.1919],"timeVisible":19.5554,"tipPosition":[-169.63,168.376,90.5097],"tipVelocity":[60.5106,-22.0037,-23.8969],"tool":false,"touchDistance":0.334555,"touchZone":"none","type":4,"width":15.0499}],"r":[[0.936605,0.0168225,-0.349982],[-0.114873,0.958384,-0.261352],[0.33102,0.284987,0.89956]],"s":1.30905,"t":[-244.236,54.4041,111.522],"timestamp":7398329879},{"currentFrameRate":114.624,"devices":[],"gestures":[],"hands":[{"armBasis":[[-0.286755,-0.94379,-0.164413],[0.560244,-0.0259934,-0.82792],[0.777109,-0.329521,0.536207]],"armWidth":59.3592,"confidence":1,"direction":[-0.495667,0.148716,-0.855685],"elbow":[90.1383,83.7075,255.467],"grabAngle":2.43551,"grabStrength":0,"id":55,"palmNormal":[-0.853507,0.0989452,0.511602],"palmPosition":[-142.429,184.972,68.4123],"palmVelocity":[67.4407,-2.84867,-10.7841],"palmWidth":83.5833,"pinchDistance":59.2873,"pinchStrength":0.931994,"r":[[0.936756,0.0187746,-0.34948],[-0.116208,0.958593,-0.259989],[0.330128,0.284159,0.90015]],"s":1.30886,"sphereCenter":[-187.681,171.032,70.7513],"sphereRadius":48.6009,"stabilizedPalmPosition":[-143.189,183.295,65.9893],"t":[-243.772,54.3973,111.458],"timeVisible":19.5643,"type":"right","wrist":[-102.601,165.436,122.476]}],"id":70964,"interactionBox":{"center":[0,200,0],"size":[235.247,235.247,147.751]},"pointables":[{"bases":[[[-0.241691,-0.94498,-0.220452],[0.775584,-0.051597,-0.629132],[0.583143,-0.323034,0.745381]],[[-0.0670456,-0.99775,-0.000824288],[0.850373,-0.0567102,-0.523116],[0.521892,-0.0357736,0.852261]],[[-0.0670456,-0.99775,-0.000824288],[0.83904,-0.0559337,-0.541187],[0.539923,-0.0369759,0.840902]],[[-0.0670456,-0.99775,-0.000824288],[0.786293,-0.0523278,-0.615634],[0.614205,-0.0419237,0.788032]]],"btipPosition":[-191.039,213.737,-15.7382],"carpPosition":[-109.013,188.988,99.9102],"dipPosition":[-181.31,213.073,-3.25512],"direction":[-0.539923,0.0369759,-0.840902],"extended":true,"handId":55,"id":551,"length":54.5231,"mcpPosition":[-148.422,210.819,49.5366],"pipPosition":[-169.21,212.244,15.589],"stabilizedTipPosition":[-188.485,212.074,-15.3322],"timeVisible":19.5643,"tipPosition":[-189.419,217.35,-12.0012],"tipVelocity":[63.7195,12.5663,-2.90356],"tool":false,"touchDistance":0.333308,"touchZone":"hovering","type":1,"width":18.1291},{"bases":[[[0.601994,-0.455406,-0.655904],[0.704512,0.689562,0.167831],[0.375855,-0.563125,0.735951]],[[0.498924,-0.313052,-0.808129],[0.496968,0.867279,-0.0291465],[0.709998,-0.387073,0.588284]],[[0.498924,-0.313052,-0.808129],[0.196146,0.949072,-0.246553],[0.844157,-0.0355002,0.534919]],[[0.498924,-0.313052,-0.808129],[-0.136984,0.892271,-0.430219],[0.855751,0.325348,0.402292]]],"btipPosition":[-196.09,208.405,65.4733],"carpPosition":[-118.28,196.593,118.087],"dipPosition":[-177.522,215.464,74.2024],"direction":[-0.844157,0.0355002,-0.534919],"extended":false,"handId":55,"id":550,"length":48.3194,"mcpPosition":[-118.28,196.593,118.087],"pipPosition":[-150.837,214.342,91.1121],"stabilizedTipPosition":[-192.396,208.251,63.7684],"timeVisible":19.5643,"tipPosition":[-192.325,209.977,67.8091],"tipVelocity":[53.9127,-25.3327,3.15651],"tool":false,"touchDistance":0.333351,"touchZone":"hovering","type":0,"width":18.9794},{"bases":[[[-0.289337,-0.9572,-0.00721771],[0.736172,-0.217694,-0.640828],[0.611829,-0.190729,0.767651]],[[-0.31484,-0.948321,-0.0395308],[-0.101075,0.0749106,-0.992055],[0.943748,-0.308343,-0.119437]],[[-0.31484,-0.948321,-0.0395308],[-0.947297,0.316552,-0.049236],[0.0592051,0.021946,-0.998005]],[[-0.31484,-0.948321,-0.0395308],[-0.795411,0.240891,0.556142],[-0.517878,0.206539,-0.830147]]],"btipPosition":[-184.744,200.334,92.9717],"carpPosition":[-110.82,178.509,96.0564],"dipPosition":[-193.767,203.933,78.5081],"direction":[-0.0592051,-0.021946,0.998005],"extended":false,"handId":55,"id":552,"length":62.1247,"mcpPosition":[-150.031,190.732,46.8586],"pipPosition":[-192.206,204.512,52.196],"stabilizedTipPosition":[-191.573,201.167,87.3343],"timeVisible":19.5643,"tipPosition":[-190.403,202.346,89.2258],"tipVelocity":[41.4965,-20.2967,-35.4406],"tool":false,"touchDistance":0.333333,"touchZone":"none","type":2,"width":17.8052},{"bases":[[[-0.250815,-0.955682,0.154156],[0.732748,-0.291494,-0.614908],[0.632592,-0.0412706,0.773385]],[[-0.288296,-0.951487,0.107503],[-0.36188,0.004322,-0.932215],[0.886526,-0.307657,-0.34557]],[[-0.288296,-0.951487,0.107503],[-0.929483,0.305058,0.207367],[-0.230102,-0.0401394,-0.972338]],[[-0.288296,-0.951487,0.107503],[-0.572454,0.261262,0.777199],[-0.767582,0.162523,-0.620004]]],"btipPosition":[-167.839,181.058,100.394],"carpPosition":[-113.921,167.723,94.8668],"dipPosition":[-181.135,183.873,89.6538],"direction":[0.230102,0.0401394,0.972338],"extended":false,"handId":55,"id":553,"length":59.7345,"mcpPosition":[-150.321,170.098,50.3655],"pipPosition":[-187.045,182.842,64.6805],"stabilizedTipPosition":[-171.611,179.792,94.789],"timeVisible":19.5643,"tipPosition":[-169.981,181.982,96.897],"tipVelocity":[70.0655,-27.3757,-16.8529],"tool":false,"touchDistance":0.339936,"touchZone":"none","type":3,"width":16.9428},{"bases":[[[-0.293514,-0.892647,0.342098],[0.737807,-0.439083,-0.512687],[0.607858,0.101922,0.787478]],[[-0.348872,-0.89826,0.26724],[-0.328261,-0.149966,-0.932607],[0.8778,-0.413084,-0.242544]],[[-0.348872,-0.89826,0.26724],[-0.918286,0.384606,0.0939674],[-0.187189,-0.21262,-0.959038]],[[-0.348872,-0.89826,0.26724],[-0.60122,0.433262,0.67143],[-0.718904,0.0735731,-0.691205]]],"btipPosition":[-166.742,168.135,93.8115],"carpPosition":[-120.471,157.342,99.3681],"dipPosition":[-178.231,169.311,82.7654],"direction":[0.187189,0.21262,0.959037],"extended":false,"handId":55,"id":554,"length":46.8308,"mcpPosition":[-152.849,151.913,57.423],"pipPosition":[-181.626,165.4