{"frames":96,"data":[{"currentFrameRate":113.037,"devices":[],"gestures":[],"hands":[{"armBasis":[[0.857524,0.309932,-0.410603],[0.0688567,0.721819,0.688648],[0.509816,-0.618805,0.597636]],"armWidth":61.6828,"confidence":1,"direction":[-0.27775,0.00581445,-0.960636],"elbow":[206.733,-71.0961,240.938],"grabAngle":0.0311505,"grabStrength":0,"id":73,"palmNormal":[0.161625,-0.985444,-0.0526954],"palmPosition":[46.9793,89.3906,23.1135],"palmVelocity":[2.97738,-2.9592,-4.49976],"palmWidth":86.3477,"pinchDistance":51.1289,"pinchStrength":0,"r":[[0.921494,-0.0265332,0.387486],[0.033798,0.999357,-0.0119449],[-0.38692,0.0241034,0.921798]],"s":1.43197,"sphereCenter":[65.4789,94.8816,-19.7925],"sphereRadius":53.8888,"stabilizedPalmPosition":[45.9614,91.6463,24.8835],"t":[-38.531,-39.7191,53.0949],"timeVisible":8.56804,"type":"right","wrist":[76.1059,87.4571,87.8092]}],"id":94986,"interactionBox":{"center":[0,200,0],"size":[235.247,235.247,147.751]},"pointables":[{"bases":[[[0.182294,0.950909,-0.25008],[-0.725992,0.301702,0.61799],[0.663102,0.0689,0.745352]],[[0.160906,0.948206,-0.273887],[-0.703152,0.304867,0.642365],[0.692594,0.0892237,0.715788]],[[0.160906,0.948206,-0.273887],[-0.977389,0.191658,0.0893212],[0.137188,0.253321,0.957605]],[[0.160906,0.948206,-0.273887],[-0.95814,0.0834887,-0.273857],[-0.236806,0.306487,0.921948]]],"btipPosition":[12.3201,60.9949,-2.84131],"carpPosition":[44.3399,79.6465,80.5429],"dipPosition":[7.26345,67.5394,16.8454],"direction":[-0.137188,-0.253321,-0.957605],"extended":false,"handId":73,"id":730,"length":47.551,"mcpPosition":[44.3399,79.6465,80.5429],"pipPosition":[11.5312,75.4199,46.6354],"stabilizedTipPosition":[9.34832,68.7243,3.90265],"timeVisible":8.56804,"tipPosition":[10.5017,64.3552,2.21373],"tipVelocity":[4.95356,-5.39132,-9.91077],"tool":false,"touchDistance":0.152407,"touchZone":"hovering","type":0,"width":19.7719},{"bases":[[[0.886882,0.168463,-0.430187],[-0.224039,0.97116,-0.0815721],[0.404039,0.168724,0.899047]],[[0.974014,0.220271,-0.052695],[-0.226143,0.958664,-0.172695],[0.0124771,0.180124,0.983565]],[[0.974014,0.220271,-0.052695],[-0.226143,0.958664,-0.172695],[0.0124771,0.180124,0.983565]],[[0.974014,0.220271,-0.052695],[-0.226143,0.958664,-0.172695],[0.0124771,0.180124,0.983565]]],"btipPosition":[16.6011,73.6711,-68.6677],"carpPosition":[45.7683,99.2916,69.6782],"dipPosition":[16.7957,76.479,-53.335],"direction":[-0.0124771,-0.180124,-0.983565],"extended":true,"handId":73,"id":731,"length":53.6559,"mcpPosition":[17.5599,87.512,6.91024],"pipPosition":[17.0708,80.4513,-31.6444],"stabilizedTipPosition":[14.6646,79.8377,-64.5774],"timeVisible":8.56804,"tipPosition":[14.8945,76.2885,-65.3491],"tipVelocity":[15.7626,-3.47842,-7.67419],"tool":false,"touchDistance":0.169934,"touchZone":"hovering","type":1,"width":18.8861},{"bases":[[[0.958426,0.0216654,-0.284516],[-0.0619508,0.989128,-0.133368],[0.278534,0.145449,0.949349]],[[0.97851,0.0338608,-0.203398],[-0.0656006,0.986294,-0.151399],[0.195484,0.161488,0.96732]],[[0.97851,0.0338608,-0.203398],[-0.0656006,0.986294,-0.151399],[0.195484,0.161488,0.96732]],[[0.97851,0.0338608,-0.203398],[-0.0656006,0.986294,-0.151399],[0.195484,0.161488,0.96732]]],"btipPosition":[19.9704,79.0228,-83.0076],"carpPosition":[55.4323,102.713,64.0711],"dipPosition":[23.3221,81.7917,-66.4221],"direction":[-0.195484,-0.161488,-0.96732],"extended":true,"handId":73,"id":732,"length":61.1366,"mcpPosition":[36.991,93.0835,1.21618],"pipPosition":[28.3941,85.9816,-41.3246],"stabilizedTipPosition":[19.9418,84.1756,-78.3359],"timeVisible":8.56804,"tipPosition":[20.9299,79.4069,-79.048],"tipVelocity":[13.4036,-1.86023,-7.06744],"tool":false,"touchDistance":0.135477,"touchZone":"hovering","type":2,"width":18.5487},{"bases":[[[0.990893,-0.0317934,-0.130842],[0.0155934,0.992281,-0.123023],[0.133743,0.119863,0.983741]],[[0.970459,-0.0446462,-0.2371],[0.0252136,0.996115,-0.0843694],[0.239946,0.0758989,0.967815]],[[0.970459,-0.0446462,-0.2371],[0.0252136,0.996115,-0.0843694],[0.239946,0.0758989,0.967815]],[[0.970459,-0.0446462,-0.2371],[0.0252136,0.996115,-0.0843694],[0.239946,0.0758989,0.967815]]],"btipPosition":[38.3944,90.2653,-78.9743],"carpPosition":[66.2813,103.697,59.9174],"dipPosition":[42.4849,91.5591,-62.4756],"direction":[-0.239946,-0.0758989,-0.967815],"extended":true,"handId":73,"id":733,"length":58.7845,"mcpPosition":[58.3311,96.5716,1.43975],"pipPosition":[48.5496,93.4775,-38.0138],"stabilizedTipPosition":[38.9222,93.3621,-74.1341],"timeVisible":8.56804,"tipPosition":[39.7921,88.8158,-74.961],"tipVelocity":[8.64979,-3.75109,-3.75122],"tool":false,"touchDistance":0.100476,"touchZone":"hovering","type":3,"width":17.6503},{"bases":[[[0.983424,-0.181221,0.00603235],[0.181278,0.981922,-0.0544786],[0.00394935,0.0546691,0.998497]],[[0.941964,-0.189284,-0.277262],[0.201347,0.979399,0.0154253],[0.268631,-0.070356,0.96067]],[[0.941964,-0.189284,-0.277262],[0.189446,0.981534,-0.0264649],[0.277152,-0.0275972,0.96043]],[[0.941964,-0.189284,-0.277262],[0.16577,0.980435,-0.10615],[0.29193,0.0540279,0.954912]]],"btipPosition":[60.3027,97.5145,-59.4938],"carpPosition":[78.7235,98.6101,58.6002],"dipPosition":[64.8938,98.3642,-44.476],"direction":[-0.277152,0.0275972,-0.96043],"extended":true,"handId":73,"id":734,"length":46.086,"mcpPosition":[78.5062,95.6019,3.65615],"pipPosition":[69.8397,97.8717,-27.3367],"stabilizedTipPosition":[61.2358,99.7717,-55.2865],"timeVisible":8.56804,"tipPosition":[61.5698,97.3002,-56.019],"tipVelocity":[6.9891,-4.81445,-1.821],"tool":false,"touchDistance":0.128912,"touchZone":"hovering","type":4,"width":15.6783}],"r":[[0.921494,-0.0265332,0.387486],[0.033798,0.999357,-0.0119449],[-0.38692,0.0241034,0.921798]],"s":1.43197,"t":[-38.531,-39.7191,53.0949],"timestamp":7610448407},{"currentFrameRate":112.599,"devices":[],"gestures":[],"hands":[{"armBasis":[[0.859365,0.308474,-0.407841],[0.0679322,0.721622,0.688946],[0.50683,-0.619762,0.599182]],"armWidth":61.6828,"confidence":1,"direction":[-0.276555,0.00699633,-0.960973],"elbow":[205.914,-71.3988,241.346],"grabAngle":0.032036,"grabStrength":0,"id":73,"palmNormal":[0.161395,-0.985432,-0.0536217],"palmPosition":[47.0317,89.4151,23.0781],"palmVelocity":[5.43719,2.54324,-3.66612],"palmWidth":86.3477,"pinchDistance":51.1299,"pinchStrength":0,"r":[[0.92122,-0.0263414,0.388149],[0.0335633,0.999366,-0.0118369],[-0.387591,0.0239319,0.921521]],"s":1.43158,"sphereCenter":[65.6297,93.5184,-19.621],"sphereRadius":53.7188,"stabilizedPalmPosition":[45.9644,91.6401,24.8784],"t":[-38.4972,-39.733,53.0533],"timeVisible":8.57768,"type":"right","wrist":[76.0521,87.3995,87.8207]}],"id":94987,"interactionBox":{"center":[0,200,0],"size":[235.247,235.247,147.751]},"pointables":[{"bases":[[[0.182889,0.95114,-0.248766],[-0.726669,0.301213,0.617432],[0.662196,0.0678483,0.746253]],[[0.16118,0.948419,-0.272988],[-0.704236,0.304311,0.641441],[0.691428,0.0888605,0.71696]],[[0.16118,0.948419,-0.272988],[-0.977441,0.191657,0.0887489],[0.136491,0.252525,0.957915]],[[0.16118,0.948419,-0.272988],[-0.958024,0.0839073,-0.274134],[-0.237088,0.305714,0.922132]]],"btipPosition":[12.3812,61.013,-2.96021],"carpPosition":[44.3181,79.6062,80.493],"dipPosition":[7.31853,67.541,16.7305],"direction":[-0.136491,-0.252525,-0.957915],"extended":false,"handId":73,"id":730,"length":47.551,"mcpPosition":[44.3181,79.6062,80.493],"pipPosition":[11.5646,75.3968,46.5301],"stabilizedTipPosition":[9.35287,68.7092,3.89697],"timeVisible":8.57768,"tipPosition":[10.5746,64.4086,2.10281],"tipVelocity":[6.19324,1.48734,-12.2392],"tool":false,"touchDistance":0.15044,"touchZone":"hovering","type":0,"width":19.7719},{"bases":[[[0.887466,0.168688,-0.428893],[-0.223647,0.97132,-0.0807394],[0.402973,0.167574,0.89974]],[[0.974152,0.220058,-0.0510137],[-0.225627,0.958847,-0.172354],[0.0109863,0.179409,0.983713]],[[0.974152,0.220058,-0.0510137],[-0.225627,0.958847,-0.172354],[0.0109863,0.179409,0.983713]],[[0.974152,0.220058,-0.0510137],[-0.225627,0.958847,-0.172354],[0.0109863,0.179409,0.983713]]],"btipPosition":[16.7877,73.7779,-68.7531],"carpPosition":[45.7659,99.2632,69.6526],"dipPosition":[16.959,76.5747,-53.4181],"direction":[-0.0109863,-0.179409,-0.983713],"extended":true,"handId":73,"id":731,"length":53.6559,"mcpPosition":[17.6319,87.5639,6.83624],"pipPosition":[17.2013,80.5312,-31.7242],"stabilizedTipPosition":[14.6787,79.8025,-64.5816],"timeVisible":8.57768,"tipPosition":[15.0575,76.4186,-65.4385],"tipVelocity":[18.7957,10.8112,-8.80198],"tool":false,"touchDistance":0.168519,"touchZone":"hovering","type":1,"width":18.8861},{"bases":[[[0.958785,0.0217024,-0.283301],[-0.0614889,0.989299,-0.132313],[0.277398,0.14428,0.94986]],[[0.978759,0.0337894,-0.20221],[-0.06522,0.986402,-0.150857],[0.194363,0.160841,0.967654]],[[0.978759,0.0337894,-0.20221],[-0.06522,0.986402,-0.150857],[0.194363,0.160841,0.967654]],[[0.978759,0.0337894,-0.20221],[-0.06522,0.986402,-0.150857],[0.194363,0.160841,0.967654]]],"btipPosition":[20.1487,79.1318,-83.0801],"carpPosition":[55.4379,102.689,64.0614],"dipPosition":[23.4813,81.8895,-66.4889],"direction":[-0.194363,-0.160841,-0.967654],"extended":true,"handId":73,"id":732,"length":61.1366,"mcpPosition":[37.0718,93.136,1.17269],"pipPosition":[28.5241,86.0626,-41.3828],"stabilizedTipPosition":[19.9472,84.1513,-78.341],"timeVisible":8.57768,"tipPosition":[21.1057,79.5567,-79.1274],"tipVelocity":[18.0383,11.0358,-7.38848],"tool":false,"touchDistance":0.13429,"touchZone":"hovering","type":2,"width":18.5487},{"bases":[[[0.991045,-0.0319419,-0.129648],[0.0160433,0.992417,-0.121869],[0.132558,0.118698,0.984042]],[[0.970662,-0.044704,-0.236257],[0.0253938,0.996129,-0.0841547],[0.239105,0.0756862,0.96804]],[[0.970662,-0.044704,-0.236257],[0.0253938,0.996129,-0.0841547],[0.239105,0.0756862,0.96804]],[[0.970662,-0.044704,-0.236257],[0.0253938,0.996129,-0.0841547],[0.239105,0.0756862,0.96804]]],"btipPosition":[38.5458,90.3288,-79.0059],"carpPosition":[66.2923,103.673,59.9223],"dipPosition":[42.6219,91.619,-62.5035],"direction":[-0.239105,-0.0756862,-0.96804],"extended":true,"handId":73,"id":733,"length":58.7845,"mcpPosition":[58.4126,96.6174,1.42674],"pipPosition":[48.6653,93.532,-38.036],"stabilizedTipPosition":[38.9252,93.3475,-74.1399],"timeVisible":8.57768,"tipPosition":[39.9635,88.9637,-75.0069],"tipVelocity":[15.3553,6.50522,-3.19464],"tool":false,"touchDistance":0.0999629,"touchZone":"hovering","type":3,"width":17.6503},{"bases":[[[0.983361,-0.181523,0.00704594],[0.181639,0.981929,-0.0531305],[0.0027258,0.0535263,0.998563]],[[0.942255,-0.18925,-0.276295],[0.201335,0.979395,0.0157732],[0.267617,-0.0704903,0.960943]],[[0.942255,-0.18925,-0.276295],[0.189233,0.981561,-0.0269812],[0.276307,-0.0268611,0.960694]],[[0.942255,-0.18925,-0.276295],[0.165744,0.980422,-0.106307],[0.291005,0.0543742,0.955175]]],"btipPosition":[60.4434,97.5375,-59.5005],"carpPosition":[78.7346,98.5845,58.6148],"dipPosition":[65.02,98.3926,-44.4786],"direction":[-0.276307,0.0268611,-0.960694],"extended":true,"handId":73,"id":734,"length":46.086,"mcpPosition":[78.5846,95.6391,3.66708],"pipPosition":[69.9508,97.9133,-27.3346],"stabilizedTipPosition":[61.2375,99.7581,-55.2915],"timeVisible":8.57768,"tipPosition":[61.7215,97.4127,-56.0272],"tipVelocity":[14.2519,2.51862,-0.599651],"tool":false,"touchDistance":0.128816,"touchZone":"hovering","type":4,"width":15.6783}],"r":[[0.92122,-0.0263414,0.388149],[0.0335633,0.999366,-0.0118369],[-0.387591,0.0239319,0.921521]],"s":1.43158,"t":[-38.4972,-39.733,53.0533],"timestamp":7610458048},{"currentFrameRate":113.051,"devices":[],"gestures":[],"hands":[{"armBasis":[[0.860956,0.306827,-0.405724],[0.0676943,0.721398,0.689204],[0.504155,-0.62084,0.600321]],"armWidth":61.6828,"confidence":1,"direction":[-0.275784,0.0085391,-0.961182],"elbow":[205.212,-71.735,241.663],"grabAngle":0.0331378,"grabStrength":0,"id":73,"palmNormal":[0.160531,-0.985508,-0.0548151],"palmPosition":[47.0884,89.4643,23.0707],"palmVelocity":[7.02409,6.09949,-0.918546],"palmWidth":86.3477,"pinchDistance":51.1303,"pinchStrength":0,"r":[[0.920934,-0.0264618,0.388819],[0.0335612,0.999371,-0.0114772],[-0.38827,0.023619,0.921243]],"s":1.43109,"sphereCenter":[65.7666,91.5158,-19.3461],"sphereRadius":53.5284,"stabilizedPalmPosition":[45.9672,91.6345,24.8738],"t":[-38.4519,-39.7153,53.0288],"timeVisible":8.58574,"type":"right","wrist":[76.0348,87.3394,87.8456]}],"id":94988,"interactionBox":{"center":[0,200,0],"size":[235.247,235.247,147.751]},"pointables":[{"bases":[[[0.183962,0.951304,-0.247344],[-0.726882,0.301055,0.617259],[0.661665,0.066238,0.746868]],[[0.162098,0.94861,-0.271778],[-0.704651,0.304084,0.641093],[0.69079,0.0875882,0.717731]],[[0.162098,0.94861,-0.271778],[-0.97729,0.192426,0.0887506],[0.136487,0.251219,0.958259]],[[0.162098,0.94861,-0.271778],[-0.957962,0.0852102,-0.273948],[-0.236712,0.304759,0.922545]]],"btipPosition":[12.4054,61.109,-3.03903],"carpPosition":[44.3201,79.5809,80.4703],"dipPosition":[7.35083,67.6167,16.6605],"direction":[-0.136487,-0.251219,-0.958259],"extended":false,"handId":73,"id":730,"length":47.551,"mcpPosition":[44.3201,79.5809,80.4703],"pipPosition":[11.5968,75.4318,46.4708],"stabilizedTipPosition":[9.35657,68.6973,3.89226],"timeVisible":8.58574,"tipPosition":[10.6262,64.5156,2.03184],"tipVelocity":[3.2383,11.3288,-9.52524],"tool":false,"touchDistance":0.14916,"touchZone":"hovering","type":0,"width":19.7719},{"bases":[[[0.887961,0.168445,-0.427962],[-0.222689,0.971633,-0.0796142],[0.402411,0.165997,0.900283]],[[0.974396,0.219235,-0.0498744],[-0.224605,0.959219,-0.171617],[0.010216,0.178425,0.983901]],[[0.974396,0.219235,-0.0498744],[-0.224605,0.959219,-0.171617],[0.010216,0.178425,0.983901]],[[0.974396,0.219235,-0.0498744],[-0.224605,0.959219,-0.171617],[0.010216,0.178425,0.983901]]],"btipPosition":[16.9148,73.9516,-68.8007],"carpPosition":[45.7946,99.2511,69.6573],"dipPosition":[17.074,76.7331,-53.4628],"direction":[-0.010216,-0.178425,-0.983901],"extended":true,"handId":73,"id":731,"length":53.6559,"mcpPosition":[17.6998,87.6619,6.80303],"pipPosition":[17.2993,80.6679,-31.7648],"stabilizedTipPosition":[14.6918,79.7723,-64.5856],"timeVisible":8.58574,"tipPosition":[15.1758,76.6121,-65.4883],"tipVelocity":[15.4169,21.1082,-5.82238],"tool":false,"touchDistance":0.167737,"touchZone":"hovering","type":1,"width":18.8861},{"bases":[[[0.95903,0.021199,-0.282511],[-0.0604735,0.989532,-0.131035],[0.276775,0.142751,0.950272]],[[0.978934,0.0331472,-0.201468],[-0.0643446,0.986539,-0.150337],[0.193773,0.160134,0.967889]],[[0.978934,0.0331472,-0.201468],[-0.0643446,0.986539,-0.150337],[0.193773,0.160134,0.967889]],[[0.978934,0.0331472,-0.201468],[-0.0643446,0.986539,-0.150337],[0.193773,0.160134,0.967889]]],"btipPosition":[20.2776,79.281,-83.1109],"carpPosition":[55.4741,102.675,64.0785],"dipPosition":[23.6,82.0267,-66.5157],"direction":[-0.193773,-0.160134,-0.967889],"extended":true,"handId":73,"id":732,"length":61.1366,"mcpPosition":[37.1493,93.2238,1.16239],"pipPosition":[28.6275,86.1814,-41.4035],"stabilizedTipPosition":[19.9526,84.1302,-78.3457],"timeVisible":8.58574,"tipPosition":[21.2337,79.7673,-79.169],"tipVelocity":[15.6977,18.1669,-3.70648],"tool":false,"touchDistance":0.133792,"touchZone":"hovering","type":2,"width":18.5487},{"bases":[[[0.991118,-0.0326809,-0.128904],[0.0170532,0.992564,-0.120525],[0.131884,0.117256,0.984306]],[[0.97073,-0.0453181,-0.23586],[0.0260475,0.996109,-0.0841884],[0.238758,0.0755806,0.968133]],[[0.97073,-0.0453181,-0.23586],[0.0260475,0.996109,-0.0841884],[0.238758,0.0755806,0.968133]],[[0.97073,-0.0453181,-0.23586],[0.0260475,0.996109,-0.0841884],[0.238758,0.0755806,0.968133]]],"btipPosition":[38.6551,90.4053,-79.0024],"carpPosition":[66.3328,103.655,59.9492],"dipPosition":[42.7252,91.6937,-62.4984],"direction":[-0.238758,-0.0755806,-0.968133],"extended":true,"handId":73,"id":733,"length":58.7845,"mcpPosition":[58.493,96.6851,1.43806],"pipPosition":[48.7599,93.604,-38.0285],"stabilizedTipPosition":[38.9283,93.335,-74.1449],"timeVisible":8.58574,"tipPosition":[40.0939,89.1628,-75.0219],"tipVelocity":[13.3873,9.43492,0.481792],"tool":false,"touchDistance":0.100028,"touchZone":"hovering","type":3,"width":17.6503},{"bases":[[[0.983188,-0.182438,0.00758326],[0.182585,0.981831,-0.0516693],[0.00198098,0.0521853,0.998635]],[[0.942272,-0.189748,-0.275896],[0.201829,0.979293,0.0158019],[0.267185,-0.0705736,0.961058]],[[0.942272,-0.189748,-0.275896],[0.189525,0.981484,-0.0277286],[0.276049,-0.0261612,0.960787]],[[0.942272,-0.189748,-0.275896],[0.166196,0.980314,-0.1066],[0.290692,0.054594,0.955258]]],"btipPosition":[60.5447,97.5704,-59.4811],"carpPosition":[78.7714,98.5568,58.6448],"dipPosition":[65.1163,98.4289,-44.458],"direction":[-0.276049,0.0261612,-0.960787],"extended":true,"handId":73,"id":734,"length":46.086,"mcpPosition":[78.6624,95.6853,3.69309],"pipPosition":[70.0426,97.9621,-27.3123],"stabilizedTipPosition":[61.2395,99.7469,-55.2957],"timeVisible":8.58574,"tipPosition":[61.8465,97.5559,-56.0122],"tipVelocity":[12.4174,4.17449,2.43899],"tool":false,"touchDistance":0.129143,"touchZone":"hovering","type":4,"width":15.6783}],"r":[[0.920934,-0.0264618,0.388819],[0.0335612,0.999371,-0.0114772],[-0.38827,0.023619,0.921243]],"s":1.43109,"t":[-38.4519,-39.7153,53.0288],"timestamp":7610466110},{"currentFrameRate":113.314,"devices":[],"gestures":[],"hands":[{"armBasis":[[0.862671,0.304631,-0.403732],[0.0682728,0.720812,0.68976],[0.501137,-0.6226,0.601025]],"armWidth":61.6828,"confidence":1,"direction":[-0.275492,0.00931123,-0.961258],"elbow":[204.435,-72.1236,241.923],"grabAngle":0.03407,"grabStrength":0,"id":73,"palmNormal":[0.15958,-0.985636,-0.0552824],"palmPosition":[47.1309,89.5989,23.1343],"palmVelocity":[5.08111,16.0854,7.59524],"palmWidth":86.3477,"pinchDistance":51.1294,"pinchStrength":0,"r":[[0.920677,-0.0267795,0.389405],[0.0337561,0.999369,-0.0110831],[-0.388863,0.0233488,0.921]],"s":1.43056,"sphereCenter":[65.8396,89.718,-19.0287],"sphereRadius":53.414,"stabilizedPalmPosition":[45.9704,91.6289,24.869],"t":[-38.408,-39.6391,53.0483],"timeVisible":8.59411,"type":"right","wrist":[76.0308,87.4018,87.925]}],"id":94989,"interactionBox":{"center":[0,200,0],"size":[235.247,235.247,147.751]},"pointables":[{"bases":[[[0.184968,0.951252,-0.246794],[-0.726768,0.301446,0.617202],[0.661509,0.0651991,0.747097]],[[0.163088,0.948589,-0.271258],[-0.704564,0.304439,0.64102],[0.690646,0.0865763,0.717992]],[[0.163088,0.948589,-0.271258],[-0.97707,0.193431,0.0889871],[0.136882,0.250525,0.958384]],[[0.163088,0.948589,-0.271258],[-0.957952,0.0864619,-0.27359],[-0.236071,0.304471,0.922804]]],"btipPosition":[12.4022,61.2921,-3.00328],"carpPosition":[44.336,79.6883,80.5278],"dipPosition":[7.36129,67.7936,16.7018],"direction":[-0.136882,-0.250525,-0.958384],"extended":false,"handId":73,"id":730,"length":47.551,"mcpPosition":[44.336,79.6883,80.5278],"pipPosition":[11.6195,75.5871,46.516],"stabilizedTipPosition":[9.36106,68.6832,3.88663],"timeVisible":8.59411,"tipPosition":[10.6513,64.6941,2.07084],"tipVelocity":[-0.00841274,21.7036,4.42465],"tool":false,"touchDistance":0.149777,"touchZone":"hovering","type":0,"width":19.7719},{"bases":[[[0.888252,0.167797,-0.427613],[-0.221712,0.971893,-0.0791724],[0.402309,0.165132,0.900488]],[[0.974623,0.218297,-0.0495644],[-0.223623,0.959488,-0.171393],[0.0101418,0.178127,0.983955]],[[0.974623,0.218297,-0.0495644],[-0.223623,0.959488,-0.171393],[0.0101418,0.178127,0.983955]],[[0.974623,0.218297,-0.0495644],[-0.223623,0.959488,-0.171393],[0.0101418,0.178127,0.983955]]],"btipPosition":[16.966,74.1464,-68.7509],"carpPosition":[45.833,99.3627,69.7256],"dipPosition":[17.1241,76.9232,-53.4121],"direction":[-0.0101418,-0.178127,-0.983955],"extended":true,"handId":73,"id":731,"length":53.6559,"mcpPosition":[17.7453,87.8339,6.85701],"pipPosition":[17.3478,80.8515,-31.7129],"stabilizedTipPosition":[14.7063,79.741,-64.5896],"timeVisible":8.59411,"tipPosition":[15.2339,76.822,-65.4405],"tipVelocity":[6.09414,23.1459,5.97246],"tool":false,"touchDistance":0.16857,"touchZone":"hovering","type":1,"width":18.8861},{"bases":[[[0.959133,0.0204054,-0.282218],[-0.0594641,0.989659,-0.130536],[0.276635,0.141984,0.950428]],[[0.978988,0.0322652,-0.201347],[-0.0634741,0.986566,-0.150529],[0.193785,0.160147,0.967884]],[[0.978988,0.0322652,-0.201347],[-0.0634741,0.986566,-0.150529],[0.193785,0.160147,0.967884]],[[0.978988,0.0322652,-0.201347],[-0.0634741,0.986566,-0.150529],[0.193785,0.160147,0.967884]]],"btipPosition":[20.3292,79.4357,-83.0479],"carpPosition":[55.5175,102.78,64.1514],"dipPosition":[23.6518,82.1815,-66.4528],"direction":[-0.193785,-0.160147,-0.967884],"extended":true,"handId":73,"id":732,"length":61.1366,"mcpPosition":[37.2019,93.3796,1.225],"pipPosition":[28.6796,86.3366,-41.3406],"stabilizedTipPosition":[19.9586,84.1089,-78.3504],"timeVisible":8.59411,"tipPosition":[21.296,79.981,-79.1186],"tipVelocity":[6.1679,18.4864,7.52763],"tool":false,"touchDistance":0.134842,"touchZone":"hovering","type":2,"width":18.5487},{"bases":[[[0.991124,-0.0335861,-0.128629],[0.0180624,0.992609,-0.120002],[0.131709,0.116613,0.984405]],[[0.97069,-0.0461778,-0.235859],[0.026749,0.996029,-0.0849211],[0.238843,0.076123,0.96807]],[[0.97069,-0.0461778,-0.235859],[0.026749,0.996029,-0.0849211],[0.238843,0.076123,0.96807]],[[0.97069,-0.0461778,-0.235859],[0.026749,0.996029,-0.0849211],[0.238843,0.076123,0.96807]]],"btipPosition":[38.7039,90.4949,-78.9264],"carpPosition":[66.3783,103.752,60.0259],"dipPosition":[42.7756,91.7926,-62.4235],"direction":[-0.238843,-0.076123,-0.96807],"extended":true,"handId":73,"id":733,"length":58.7845,"mcpPosition":[58.549,96.8199,1.50875],"pipPosition":[48.8124,93.7167,-37.9552],"stabilizedTipPosition":[38.9315,93.3236,-74.1493],"timeVisible":8.59411,"tipPosition":[40.1613,89.3655,-74.9617],"tipVelocity":[5.87964,10.9656,9.04846],"tool":false,"touchDistance":0.10129,"touchZone":"hovering","type":3,"width":17.6503},{"bases":[[[0.983006,-0.183407,0.00777716],[0.183563,0.981679,-0.051103],[0.00173796,0.0516622,0.998663]],[[0.942145,-0.190528,-0.275795],[0.202445,0.979177,0.0151273],[0.26717,-0.0700853,0.961098]],[[0.942145,-0.190528,-0.275795],[0.189962,0.981362,-0.0290256],[0.276185,-0.0250442,0.960778]],[[0.942145,-0.190528,-0.275795],[0.166748,0.980125,-0.107474],[0.29079,0.0552675,0.955189]]],"btipPosition":[60.5955,97.6378,-59.4051],"carpPosition":[78.8124,98.6418,58.7224],"dipPosition":[65.1687,98.507,-44.383],"direction":[-0.276185,0.0250442,-0.960778],"extended":true,"handId":73,"id":734,"length":46.086,"mcpPosition":[78.7167,95.799,3.7692],"pipPosition":[70.0974,98.0601,-27.2375],"stabilizedTipPosition":[61.2416,99.7372,-55.299],"timeVisible":8.59411,"tipPosition":[61.9185,97.7181,-55.9401],"tipVelocity":[6.1174,8.35285,9.05834],"tool":false,"touchDistance":0.130407,"touchZone":"hovering","type":4,"width":15.6783}],"r":[[0.920677,-0.0267795,0.389405],[0.0337561,0.999369,-0.0110831],[-0.388863,0.0233488,0.921]],"s":1.43056,"t":[-38.408,-39.6391,53.0483],"timestamp":7610474479},{"currentFrameRate":113.453,"devices":[],"gestures":[],"hands":[{"armBasis":[[0.864293,0.301868,-0.402334],[0.0696588,0.720344,0.69011],[0.498141,-0.624483,0.601561]],"armWidth":61.6828,"confidence":1,"direction":[-0.275439,0.00950457,-0.961272],"elbow":[203.63,-72.5281,242.123],"grabAngle":0.0348746,"grabStrength":0,"id":73,"palmNormal":[0.157988,-0.985907,-0.0550174],"palmPosition":[47.1211,89.7207,23.1913],"palmVelocity":[-1.1461,14.2059,6.64565],"palmWidth":86.3477,"pinchDistance":51.136,"pinchStrength":0,"r":[[0.920459,-0.0273113,0.389883],[0.0342353,0.999355,-0.01082],[-0.389336,0.0233071,0.920801]],"s":1.42992,"sphereCenter":[65.7853,88.2781,-18.7602],"sphereRadius":53.3407,"stabilizedPalmPosition":[45.9738,91.6234,24.8642],"t":[-38.391,-39.5402,53.0866],"timeVisible":8.60269,"type":"right","wrist":[75.9936,87.4799,87.9886]}],"id":94990,"interactionBox":{"center":[0,200,0],"size":[235.247,235.247,147.751]},"pointables":[{"bases":[[[0.186516,0.950886,-0.247036],[-0.726304,0.302783,0.617094],[0.661584,0.064325,0.747107]],[[0.164536,0.948239,-0.271607],[-0.704201,0.305738,0.640801],[0.690673,0.0858311,0.718055]],[[0.164536,0.948239,-0.271607],[-0.976803,0.194902,0.0887092],[0.137054,0.250711,0.958311]],[[0.164536,0.948239,-0.271607],[-0.957709,0.0876816,-0.274053],[-0.236052,0.305212,0.922564]]],"btipPosition":[12.3671,61.4472,-2.93938],"carpPosition":[44.3079,79.8297,80.5873],"dipPosition":[7.32652,67.9645,16.7605],"direction":[-0.137054,-0.250711,-0.958311],"extended":false,"handId":73,"id":730,"length":47.551,"mcpPosition":[44.3079,79.8297,80.5873],"pipPosition":[11.5901,75.7638,46.5724],"stabilizedTipPosition":[9.366,68.6678,3.8805],"timeVisible":8.60269,"tipPosition":[10.603,64.8665,2.13209],"tipVelocity":[-4.09004,18.5134,7.31249],"tool":false,"touchDistance":0.150823,"touchZone":"hovering","type":0,"width":19.7719},{"bases":[[[0.888539,0.166248,-0.427621],[-0.220136,0.972229,-0.0794362],[0.40254,0.164717,0.900461]],[[0.974978,0.216711,-0.0495382],[-0.222055,0.959888,-0.171189],[0.0104526,0.177906,0.983992]],[[0.974978,0.216711,-0.0495382],[-0.222055,0.959888,-0.171189],[0.0104526,0.177906,0.983992]],[[0.974978,0.216711,-0.0495382],[-0.222055,0.959888,-0.171189],[0.0104526,0.177906,0.983992]]],"btipPosition":[16.9301,74.3285,-68.6975],"carpPosition":[45.8371,99.4989,69.78],"dipPosition":[17.0931,77.1019,-53.3581],"direction":[-0.0104526,-0.177906,-0.983992],"extended":true,"handId":73,"id":731,"length":53.6559,"mcpPosition":[17.7333,87.9989,6.9133],"pipPosition":[17.3236,81.0252,-31.6581],"stabilizedTipPosition":[14.7212,79.7096,-64.5935],"timeVisible":8.60269,"tipPosition":[15.211,76.9675,-65.381],"tipVelocity":[-4.05435,21.1457,6.24843],"tool":false,"touchDistance":0.169463,"touchZone":"hovering","type":1,"width":18.8861},{"bases":[[[0.959176,0.0187798,-0.282185],[-0.057858,0.989719,-0.130798],[0.276827,0.141785,0.950402]],[[0.978985,0.0305844,-0.201625],[-0.0619855,0.986539,-0.151322],[0.194282,0.16064,0.967703]],[[0.978985,0.0305844,-0.201625],[-0.0619855,0.986539,-0.151322],[0.194282,0.16064,0.967703]],[[0.978985,0.0305844,-0.201625],[-0.0619855,0.986539,-0.151322],[0.194282,0.16064,0.967703]]],"btipPosition":[20.2831,79.5249,-82.9765],"carpPosition":[55.5274,102.899,64.2052],"dipPosition":[23.6142,82.2792,-66.3845],"direction":[-0.194282,-0.16064,-0.967703],"extended":true,"handId":73,"id":732,"length":61.1366,"mcpPosition":[37.1991,93.5117,1.28061],"pipPosition":[28.6549,86.4471,-41.2771],"stabilizedTipPosition":[19.964,84.0893,-78.3544],"timeVisible":8.60269,"tipPosition":[21.2739,80.118,-79.0604],"tipVelocity":[-5.15,10.6308,8.24186],"tool":false,"touchDistance":0.13602,"touchZone":"hovering","type":2,"width":18.5487},{"bases":[[[0.991073,-0.0352231,-0.128581],[0.0196728,0.992547,-0.120262],[0.131859,0.116658,0.98438]],[[0.970524,-0.0478562,-0.236207],[0.0280406,0.995853,-0.0865499],[0.239369,0.0773754,0.967841]],[[0.970524,-0.0478562,-0.236207],[0.0280406,0.995853,-0.0865499],[0.239369,0.0773754,0.967841]],[[0.970524,-0.0478562,-0.236207],[0.0280406,0.995853,-0.0865499],[0.239369,0.0773754,0.967841]]],"btipPosition":[38.663,90.4885,-78.8518],"carpPosition":[66.3899,103.852,60.0799],"dipPosition":[42.7435,91.8076,-62.3528],"direction":[-0.239369,-0.0773754,-0.967841],"extended":true,"handId":73,"id":733,"length":58.7845,"mcpPosition":[58.5517,96.9175,1.5643],"pipPosition":[48.7937,93.7633,-37.8903],"stabilizedTipPosition":[38.9339,93.3147,-74.1525],"timeVisible":8.60269,"tipPosition":[40.1507,89.483,-74.9061],"tipVelocity":[-4.53899,-0.171383,8.59302],"tool":false,"touchDistance":0.102518,"touchZone":"hovering","type":3,"width":17.6503},{"bases":[[[0.982708,-0.184995,0.00786437],[0.185153,0.981367,-0.0513533],[0.00178224,0.0519214,0.99865]],[[0.941698,-0.192123,-0.276215],[0.203671,0.978947,0.0134647],[0.267813,-0.0689367,0.961002]],[[0.941698,-0.192123,-0.276215],[0.19096,0.981096,-0.031366],[0.277019,-0.0232087,0.960584]],[[0.941698,-0.192123,-0.276215],[0.167803,0.979735,-0.109368],[0.291629,0.056642,0.954853]]],"btipPosition":[60.5476,97.612,-59.3366],"carpPosition":[78.8157,98.7217,58.7783],"dipPosition":[65.134,98.5028,-44.3198],"direction":[-0.277019,0.0232087,-0.960584],"extended":true,"handId":73,"id":734,"length":46.086,"mcpPosition":[78.7176,95.8647,3.82582],"pipPosition":[70.0776,98.0887,-27.1777],"stabilizedTipPosition":[61.2432,99.729,-55.3015],"timeVisible":8.60269,"tipPosition":[61.9226,97.7954,-55.8847],"tipVelocity":[-5.23314,-2.42686,7.84233],"tool":false,"touchDistance":0.131528,"touchZone":"hovering","type":4,"width":15.6783}],"r":[[0.920459,-0.0273113,0.389883],[0.0342353,0.999355,-0.01082],[-0.389336,0.0233071,0.920801]],"s":1.42992,"t":[-38.391,-39.5402,53.0866],"timestamp":7610483055},{"currentFrameRate":113.485,"devices":[],"gestures":[],"hands":[{"armBasis":[[0.865854,0.298131,-0.401765],[0.0721126,0.720295,0.689909],[0.495073,-0.626333,0.602171]],"armWidth":61.6828,"confidence":1,"direction":[-0.275834,0.0106642,-0.961146],"elbow":[202.764,-72.9453,242.302],"grabAngle":0.0353232,"grabStrength":0,"id":73,"palmNormal":[0.154789,-0.986395,-0.0553666],"palmPosition":[47.0362,89.8884,23.2193],"palmVelocity":[-9.69317,19.1484,3.20368],"palmWidth":86.3477,"pinchDistance":51.1587,"pinchStrength":0,"r":[[0.920301,-0.0283511,0.390182],[0.0352608,0.999322,-0.0105558],[-0.389618,0.0234726,0.920677]],"s":1.42912,"sphereCenter":[65.5725,87.9834,-18.6572],"sphereRadius":53.274,"stabilizedPalmPosition":[45.9773,91.6176,24.8587],"t":[-38.4249,-39.4068,53.1198],"timeVisible":8.61145,"type":"right","wrist":[75.9141,87.5366,88.0113]}],"id":94991,"interactionBox":{"center":[0,200,0],"size":[235.247,235.247,147.751]},"pointables":[{"bases":[[[0.189466,0.950351,-0.24685],[-0.725051,0.304943,0.617503],[0.66212,0.0619831,0.74683]],[[0.167349,0.947765,-0.271542],[-0.703055,0.307811,0.641067],[0.691164,0.0836268,0.717843]],[[0.167349,0.947765,-0.271542],[-0.976326,0.197601,0.0879846],[0.137046,0.250389,0.958396]],[[0.167349,0.947765,-0.271542],[-0.957006,0.0899735,-0.27576],[-0.236925,0.306016,0.922074]]],"btipPosition":[12.2715,61.7049,-2.89501],"carpPosition":[44.2167,79.9902,80.6138],"dipPosition":[7.21235,68.2394,16.7944],"direction":[-0.137046,-0.250389,-0.958396],"extended":false,"handId":73,"id":730,"length":47.551,"mcpPosition":[44.2167,79.9902,80.6138],"pipPosition":[11.4757,76.0287,46.609],"stabilizedTipPosition":[9.37183,68.6496,3.87298],"timeVisible":8.61145,"tipPosition":[10.4328,65.1468,2.16635],"tipVelocity":[-11.4017,29.8854,4.79313],"tool":false,"touchDistance":0.151522,"touchZone":"hovering","type":0,"width":19.7719},{"bases":[[[0.888879,0.163509,-0.42797],[-0.217041,0.972955,-0.0790633],[0.403468,0.163165,0.900328]],[[0.975657,0.213609,-0.0496515],[-0.218995,0.960996,-0.1689],[0.0116363,0.175662,0.984382]],[[0.975657,0.213609,-0.0496515],[-0.218995,0.960996,-0.1689],[0.0116363,0.175662,0.984382]],[[0.975657,0.213609,-0.0496515],[-0.218995,0.960996,-0.1689],[0.0116363,0.175662,0.984382]]],"btipPosition":[16.7417,74.7678,-68.6868],"carpPosition":[45.8044,99.6574,69.8114],"dipPosition":[16.9231,77.5062,-53.3413],"direction":[-0.0116363,-0.175662,-0.984382],"extended":true,"handId":73,"id":731,"length":53.6559,"mcpPosition":[17.6358,88.2658,6.95396],"pipPosition":[17.1797,81.3801,-31.6327],"stabilizedTipPosition":[14.739,79.6724,-64.5983],"timeVisible":8.61145,"tipPosition":[15.0624,77.2454,-65.3405],"tipVelocity":[-21.0387,49.2542,1.38226],"tool":false,"touchDistance":0.169665,"touchZone":"hovering","type":1,"width":18.8861},{"bases":[[[0.959106,0.0157729,-0.282607],[-0.0547304,0.989937,-0.130493],[0.277705,0.140624,0.950318]],[[0.97892,0.0274418,-0.202394],[-0.0588704,0.986788,-0.150944],[0.195578,0.159677,0.967601]],[[0.97892,0.0274418,-0.202394],[-0.0588704,0.986788,-0.150944],[0.195578,0.159677,0.967601]],[[0.97892,0.0274418,-0.202394],[-0.0588704,0.986788,-0.150944],[0.195578,0.159677,0.967601]]],"btipPosition":[20.0879,79.8146,-82.9341],"carpPosition":[55.5031,103.028,64.2333],"dipPosition":[23.4412,82.5524,-66.3438],"direction":[-0.195578,-0.159677,-0.967601],"extended":true,"handId":73,"id":732,"length":61.1366,"mcpPosition":[37.1167,93.7175,1.31415],"pipPosition":[28.5156,86.6952,-41.239],"stabilizedTipPosition":[19.9694,84.0674,-78.359],"timeVisible":8.61145,"tipPosition":[21.1123,80.398,-79.0237],"tipVelocity":[-21.7062,32.6453,4.79609],"tool":false,"touchDistance":0.13672,"touchZone":"hovering","type":2,"width":18.5487},{"bases":[[[0.990898,-0.038376,-0.129033],[0.0228137,0.992513,-0.11999],[0.132671,0.115954,0.984354]],[[0.970217,-0.0509318,-0.236822],[0.0308382,0.995661,-0.0877921],[0.240266,0.0778743,0.967578]],[[0.970217,-0.0509318,-0.236822],[0.0308382,0.995661,-0.0877921],[0.240266,0.0778743,0.967578]],[[0.970217,-0.0509318,-0.236822],[0.0308382,0.995661,-0.0877921],[0.240266,0.0778743,0.967578]]],"btipPosition":[38.5171,90.5841,-78.8051],"carpPosition":[66.3668,103.947,60.1034],"dipPosition":[42.6129,91.9116,-62.3105],"direction":[-0.240266,-0.0778743,-0.967578],"extended":true,"handId":73,"id":733,"length":58.7845,"mcpPosition":[58.4803,97.0545,1.5893],"pipPosition":[48.6857,93.8799,-37.8547],"stabilizedTipPosition":[38.9359,93.3052,-74.1559],"timeVisible":8.61145,"tipPosition":[40.0169,89.7107,-74.8761],"tipVelocity":[-16.2614,11.1336,5.22621],"tool":false,"touchDistance":0.103281,"touchZone":"hovering","type":3,"width":17.6503},{"bases":[[[0.982111,-0.188159,0.00737429],[0.188288,0.980781,-0.0511583],[0.0023933,0.0516316,0.998663]],[[0.940776,-0.195071,-0.277286],[0.2064,0.978394,0.0119732],[0.26896,-0.0684962,0.960713]],[[0.940776,-0.195071,-0.277286],[0.193327,0.980549,-0.0338995],[0.278506,-0.0217149,0.960189]],[[0.940776,-0.195071,-0.277286],[0.17021,0.979101,-0.11131],[0.293205,0.0575208,0.954318]]],"btipPosition":[60.3854,97.6288,-59.2961],"carpPosition":[78.7755,98.7772,58.7948],"dipPosition":[64.9966,98.5334,-44.2877],"direction":[-0.278506,0.0217149,-0.960189],"extended":true,"handId":73,"id":734,"length":46.086,"mcpPosition":[78.6438,95.9361,3.84153],"pipPosition":[69.9667,98.1459,-27.1527],"stabilizedTipPosition":[61.2441,99.7204,-55.304],"timeVisible":8.61145,"tipPosition":[61.8249,97.9369,-55.8607],"tipVelocity":[-17.8729,2.27682,4.40473],"tool":false,"touchDistance":0.132171,"touchZone":"hovering","type":4,"width":15.6783}],"r":[[0.920301,-0.0283511,0.390182],[0.0352608,0.999322,-0.0105558],[-0.389618,0.0234726,0.920677]],"s":1.42912,"t":[-38.4249,-39.4068,53.1198],"timestamp":7610491811},{"currentFrameRate":113.617,"devices":[],"gestures":[],"hands":[{"armBasis":[[0.867141,0.293576,-0.402342],[0.0759444,0.720433,0.689354],[0.492238,-0.628323,0.602422]],"armWidth":61.6828,"confidence":1,"direction":[-0.276174,0.0148092,-0.960994],"elbow":[201.942,-73.4848,242.395],"grabAngle":0.0358305,"grabStrength":0,"id":73,"palmNormal":[0.148485,-0.987219,-0.0578855],"palmPosition":[46.924,90.1701,23.2548],"palmVelocity":[-13.0882,32.8615,4.13493],"palmWidth":86.3477,"pinchDistance":51.1995,"pinchStrength":0,"r":[[0.92017,-0.0305478,0.390324],[0.0373518,0.999254,-0.0098508],[-0.389732,0.0236437,0.920625]],"s":1.42805,"sphereCenter":[65.2679,87.4989,-18.4968],"sphereRadius":53.186,"stabilizedPalmPosition":[45.9811,91.6118,24.8522],"t":[-38.498,-39.1993,53.1541],"timeVisible":8.62002,"type":"right","wrist":[75.8188,87.5072,88.0394]}],"id":94992,"interactionBox":{"center":[0,200,0],"size":[235.247,235.247,147.751]},"pointables":[{"bases":[[[0.195404,0.949737,-0.244573],[-0.722831,0.308014,0.618582],[0.662822,0.0559115,0.746687]],[[0.173595,0.947397,-0.268892],[-0.700444,0.310708,0.642525],[0.692273,0.076805,0.717536]],[[0.173595,0.947397,-0.268892],[-0.975153,0.203517,0.0875061],[0.137627,0.247021,0.959187]],[[0.173595,0.947397,-0.268892],[-0.955668,0.0961186,-0.278315],[-0.237829,0.305286,0.922083]]],"btipPosition":[12.0697,62.3056,-2.89334],"carpPosition":[44.0662,80.1474,80.6258],"dipPosition":[6.99124,68.8245,16.7963],"direction":[-0.137627,-0.247021,-0.959187],"extended":false,"handId":73,"id":730,"length":47.551,"mcpPosition":[44.0662,80.1474,80.6258],"pipPosition":[11.2727,76.509,46.6355],"stabilizedTipPosition":[9.38049,68.6221,3.8603],"timeVisible":8.62002,"tipPosition":[10.1594,65.7027,2.15354],"tipVelocity":[-24.0555,69.6506,0.19947],"tool":false,"touchDistance":0.151551,"touchZone":"hovering","type":0,"width":19.7719},{"bases":[[[0.889718,0.158914,-0.427959],[-0.210879,0.97451,-0.0765495],[0.404885,0.158355,0.900551]],[[0.976973,0.207515,-0.0496131],[-0.212901,0.963434,-0.162691],[0.014038,0.169508,0.985429]],[[0.976973,0.207515,-0.0496131],[-0.212901,0.963434,-0.162691],[0.014038,0.169508,0.985429]],[[0.976973,0.207515,-0.0496131],[-0.212901,0.963434,-0.162691],[0.014038,0.169508,0.985429]]],"btipPosition":[16.4282,75.75,-68.7226],"carpPosition":[45.7744,99.8308,69.8715],"dipPosition":[16.647,78.3924,-53.3609],"direction":[-0.014038,-0.169508,-0.985429],"extended":true,"handId":73,"id":731,"length":53.6559,"mcpPosition":[17.5069,88.7751,6.99853],"pipPosition":[16.9566,82.1306,-31.6292],"stabilizedTipPosition":[14.7688,79.6155,-64.6085],"timeVisible":8.62002,"tipPosition":[14.8621,77.9222,-65.3195],"tipVelocity":[-35.5605,111.99,-3.74812],"tool":false,"touchDistance":0.171993,"touchZone":"hovering","type":1,"width":18.8861},{"bases":[[[0.959066,0.0103727,-0.282994],[-0.0484855,0.990587,-0.128009],[0.279002,0.13649,0.950541]],[[0.97892,0.0216696,-0.203094],[-0.0526346,0.987536,-0.148333],[0.197348,0.155896,0.967859]],[[0.97892,0.0216696,-0.203094],[-0.0526346,0.987536,-0.148333],[0.197348,0.155896,0.967859]],[[0.97892,0.0216696,-0.203094],[-0.0526346,0.987536,-0.148333],[0.197348,0.155896,0.967859]]],"btipPosition":[19.8368,80.543,-82.9071],"carpPosition":[55.492,103.154,64.2975],"dipPosition":[23.2204,83.2159,-66.3123],"direction":[-0.197348,-0.155896,-0.967859],"extended":true,"handId":73,"id":732,"length":61.1366,"mcpPosition":[37.0197,94.1167,1.3636],"pipPosition":[28.3407,87.2607,-41.2009],"stabilizedTipPosition":[19.976,84.0375,-78.3665],"timeVisible":8.62002,"tipPosition":[20.8957,81.0993,-79.0002],"tipVelocity":[-28.481,83.2253,3.27488],"tool":false,"touchDistance":0.137187,"touchZone":"hovering","type":2,"width":18.5487},{"bases":[[[0.990578,-0.0443591,-0.129569],[0.029078,0.992643,-0.117534],[0.133829,0.112659,0.98458]],[[0.969737,-0.0565301,-0.237516],[0.0365339,0.995471,-0.087766],[0.241401,0.0764326,0.967411]],[[0.969737,-0.0565301,-0.237516],[0.0365339,0.995471,-0.087766],[0.241401,0.0764326,0.967411]],[[0.969737,-0.0565301,-0.237516],[0.0365339,0.995471,-0.087766],[0.241401,0.0764326,0.967411]]],"btipPosition":[38.3466,90.9664,-78.7429],"carpPosition":[66.3596,104.014,60.165],"dipPosition":[42.4618,92.2694,-62.2512],"direction":[-0.241401,-0.0764326,-0.967411],"extended":true,"handId":73,"id":733,"length":58.7845,"mcpPosition":[58.4042,97.317,1.63752],"pipPosition":[48.5633,94.2012,-37.7996],"stabilizedTipPosition":[38.9377,93.2949,-74.1599],"timeVisible":8.62002,"tipPosition":[39.8541,90.2939,-74.8391],"tipVelocity":[-19.3669,43.936,7.17325],"tool":false,"touchDistance":0.104306,"touchZone":"hovering","type":3,"width":17.6503},{"bases":[[[0.980897,-0.194421,0.0064693],[0.194504,0.979687,-0.0488058],[0.003151,0.0491317,0.998787]],[[0.939235,-0.200358,-0.278737],[0.211898,0.977223,0.0115773],[0.270069,-0.0699377,0.960298]],[[0.939235,-0.200358,-0.278737],[0.198315,0.979484,-0.0358174],[0.280195,-0.0216368,0.959699]],[[0.939235,-0.200358,-0.278737],[0.175345,0.978091,-0.112215],[0.295114,0.0565212,0.953789]]],"btipPosition":[60.2068,97.8183,-59.2292],"carpPosition":[78.7345,98.7683,58.8381],"dipPosition":[64.848,98.7072,-44.2291],"direction":[-0.280195,0.0216368,-0.959699],"extended":true,"handId":73,"id":734,"length":46.086,"mcpPosition":[78.5611,96.0648,3.87798],"pipPosition":[69.8482,98.3211,-27.1029],"stabilizedTipPosition":[61.2442,99.712,-55.3063],"timeVisible":8.62002,"tipPosition":[61.7232,98.3168,-55.8112],"tipVelocity":[-20.0317,21.6807,7.58034],"tool":false,"touchDistance":0.133254,"touchZone":"hovering","type":4,"width":15.6783}],"r":[[0.92017,-0.03