{"frames":95,"data":[{"currentFrameRate":112.823,"devices":[],"gestures":[],"hands":[{"armBasis":[[-0.910384,-0.362927,0.198708],[0.321691,-0.922869,-0.211728],[0.260223,-0.128831,0.956915]],"armWidth":55.2262,"confidence":1,"direction":[0.353474,-0.0343049,-0.934815],"elbow":[128.297,59.1683,255.874],"grabAngle":0.158971,"grabStrength":0,"id":69,"palmNormal":[-0.213308,0.970044,-0.116254],"palmPosition":[89.375,94.5094,-33.986],"palmVelocity":[0.886907,-8.63857,2.45052],"palmWidth":80.3268,"pinchDistance":60.1898,"pinchStrength":0,"r":[[0.776785,-0.474508,0.414061],[0.613359,0.719134,-0.326553],[-0.142813,0.50763,0.849657]],"s":1.381,"sphereCenter":[91.4439,103.567,-68.6913],"sphereRadius":46.3501,"stabilizedPalmPosition":[88.6729,94.8618,-34.1325],"t":[-12.4638,-27.3814,-116.113],"timeVisible":12.9213,"type":"right","wrist":[66.271,89.8764,27.7853]}],"id":84516,"interactionBox":{"center":[0,200,0],"size":[235.247,235.247,147.751]},"pointables":[{"bases":[[[-0.10674,-0.971102,-0.213463],[0.690452,-0.226879,0.686879],[-0.71546,-0.0740685,0.694717]],[[0.0568591,-0.929583,-0.3642],[0.580732,-0.265935,0.769434],[-0.812107,-0.255252,0.524718]],[[0.0568591,-0.929583,-0.3642],[0.950231,-0.0615342,0.30541],[-0.306315,-0.36344,0.87982]],[[0.0568591,-0.929583,-0.3642],[0.972212,0.134529,-0.191589],[0.227093,-0.343186,0.911401]]],"btipPosition":[127.094,134.512,-47.0031],"carpPosition":[87.0293,106.232,18.9243],"dipPosition":[131.527,127.814,-29.2152],"direction":[0.306315,0.36344,-0.87982],"extended":false,"handId":69,"id":690,"length":43.4617,"mcpPosition":[87.0293,106.232,18.9243],"pipPosition":[122.817,117.48,-4.1988],"stabilizedTipPosition":[126.636,132.77,-43.7285],"timeVisible":12.9213,"tipPosition":[129.734,130.602,-43.2224],"tipVelocity":[1.02424,-7.93314,-4.11936],"tool":false,"touchDistance":0.323495,"touchZone":"hovering","type":0,"width":17.4075},{"bases":[[[-0.929798,-0.093972,-0.355873],[0.129193,-0.988666,-0.0764787],[-0.344653,-0.117086,0.9314]],[[-0.949513,-0.101103,-0.296989],[0.116618,-0.992562,-0.0349468],[-0.291247,-0.0678166,0.954241]],[[-0.949513,-0.101103,-0.296989],[0.136006,-0.985723,-0.0992626],[-0.282713,-0.134644,0.949708]],[[-0.949513,-0.101103,-0.296989],[0.154056,-0.974915,-0.160649],[-0.273297,-0.198291,0.94127]]],"btipPosition":[123.141,99.7153,-129.004],"carpPosition":[79.2188,83.4773,3.99199],"dipPosition":[118.858,96.6078,-114.253],"direction":[0.282713,0.134644,-0.949708],"extended":true,"handId":69,"id":692,"length":55.8791,"mcpPosition":[100.447,90.6889,-53.3746],"pipPosition":[112.154,93.4148,-91.7314],"stabilizedTipPosition":[121.8,99.5321,-125.971],"timeVisible":12.9213,"tipPosition":[122.164,100.251,-125.363],"tipVelocity":[-0.622063,-16.2645,1.96071],"tool":false,"touchDistance":0.335718,"touchZone":"hovering","type":2,"width":16.3305},{"bases":[[[-0.977458,-0.0353789,-0.208147],[0.0513807,-0.996082,-0.0719789],[-0.204784,-0.081051,0.975446]],[[-0.953008,-0.0273568,-0.301708],[0.0543618,-0.995192,-0.0814762],[-0.298028,-0.0940488,0.949913]],[[-0.953008,-0.0273568,-0.301708],[0.0735203,-0.987027,-0.142732],[-0.293889,-0.158207,0.942656]],[[-0.953008,-0.0273568,-0.301708],[0.0919958,-0.975018,-0.20218],[-0.28864,-0.220435,0.931716]]],"btipPosition":[103.252,96.8379,-126.213],"carpPosition":[69.5365,81.7621,-0.58401],"dipPosition":[98.7548,93.4033,-111.696],"direction":[0.293889,0.158207,-0.942656],"extended":true,"handId":69,"id":693,"length":53.7292,"mcpPosition":[80.8609,86.2442,-54.5254],"pipPosition":[91.9655,89.7484,-89.919],"stabilizedTipPosition":[101.892,97.1835,-123.277],"timeVisible":12.9213,"tipPosition":[102.904,98.0397,-122.195],"tipVelocity":[-1.57748,-14.4346,2.15766],"tool":false,"touchDistance":0.334502,"touchZone":"hovering","type":3,"width":15.5395},{"bases":[[[-0.838521,-0.242842,-0.487761],[0.285323,-0.958338,-0.0133765],[-0.464192,-0.150386,0.872875]],[[-0.925653,-0.27192,-0.263109],[0.27025,-0.961818,0.0432495],[-0.264824,-0.0310714,0.963796]],[[-0.925653,-0.27192,-0.263109],[0.310514,-0.943269,-0.117575],[-0.216212,-0.190532,0.957575]],[[-0.925653,-0.27192,-0.263109],[0.326958,-0.924805,-0.194508],[-0.190434,-0.266073,0.944955]]],"btipPosition":[134.273,105.963,-114.277],"carpPosition":[87.5655,87.4507,9.71109],"dipPosition":[131.56,102.172,-100.813],"direction":[0.216212,0.190532,-0.957575],"extended":true,"handId":69,"id":691,"length":49.0417,"mcpPosition":[117.714,97.2179,-46.9803],"pipPosition":[127.202,98.3311,-81.5111],"stabilizedTipPosition":[133.423,104.461,-111.484],"timeVisible":12.9213,"tipPosition":[133.013,105.292,-111.142],"tipVelocity":[-0.125966,-14.9108,1.68713],"tool":false,"touchDistance":0.335052,"touchZone":"hovering","type":1,"width":16.6276},{"bases":[[[-0.989553,0.120549,-0.079077],[-0.119571,-0.99268,-0.017014],[-0.0805491,-0.00738095,0.996723]],[[-0.932764,0.118191,-0.340562],[-0.0878346,-0.990767,-0.103272],[-0.349624,-0.0664149,0.934533]],[[-0.932764,0.118191,-0.340562],[-0.0624179,-0.983408,-0.170331],[-0.355043,-0.137622,0.924665]],[[-0.932764,0.118191,-0.340562],[-0.0425577,-0.974223,-0.221538],[-0.357967,-0.19215,0.913749]]],"btipPosition":[83.2132,93.0536,-109.736],"carpPosition":[57.8438,85.7106,-2.94083],"dipPosition":[78.0677,90.2915,-96.6019],"direction":[0.355043,0.137622,-0.924665],"extended":true,"handId":69,"id":694,"length":42.1227,"mcpPosition":[61.9672,86.0884,-53.963],"pipPosition":[72.2766,88.0468,-81.5199],"stabilizedTipPosition":[81.7595,93.6568,-107.139],"timeVisible":12.9213,"tipPosition":[82.234,94.2591,-106.193],"tipVelocity":[-1.80596,-9.25479,2.53482],"tool":false,"touchDistance":0.333038,"touchZone":"hovering","type":4,"width":13.8034}],"r":[[0.776785,-0.474508,0.414061],[0.613359,0.719134,-0.326553],[-0.142813,0.50763,0.849657]],"s":1.381,"t":[-12.4638,-27.3814,-116.113],"timestamp":7517960944},{"currentFrameRate":112.603,"devices":[],"gestures":[],"hands":[{"armBasis":[[-0.910164,-0.36357,0.19854],[0.322321,-0.922611,-0.21189],[0.260212,-0.128861,0.956914]],"armWidth":55.2262,"confidence":1,"direction":[0.354765,-0.0338397,-0.934343],"elbow":[128.229,59.0366,255.87],"grabAngle":0.159626,"grabStrength":0,"id":69,"palmNormal":[-0.213433,0.970026,-0.116171],"palmPosition":[89.3798,94.4129,-33.957],"palmVelocity":[0.518199,-10.4152,3.12791],"palmWidth":80.3268,"pinchDistance":60.1801,"pinchStrength":0,"r":[[0.776509,-0.474675,0.414387],[0.613664,0.718955,-0.326375],[-0.143003,0.507728,0.849566]],"s":1.38093,"sphereCenter":[91.0447,104.72,-68.6498],"sphereRadius":46.618,"stabilizedPalmPosition":[88.6771,94.8591,-34.1314],"t":[-12.4505,-27.4625,-116.076],"timeVisible":12.9306,"type":"right","wrist":[66.205,89.7517,27.7815]}],"id":84517,"interactionBox":{"center":[0,200,0],"size":[235.247,235.247,147.751]},"pointables":[{"bases":[[[-0.106163,-0.971051,-0.213985],[0.689576,-0.226943,0.687737],[-0.716389,-0.0745468,0.693707]],[[0.0581533,-0.929215,-0.364936],[0.580641,-0.26588,0.769522],[-0.81208,-0.256647,0.524078]],[[0.0581533,-0.929215,-0.364936],[0.94996,-0.0608761,0.306383],[-0.306912,-0.364491,0.879176]],[[0.0581533,-0.929215,-0.364936],[0.972507,0.1353,-0.189537],[0.225496,-0.34388,0.911536]]],"btipPosition":[127.07,134.499,-46.929],"carpPosition":[86.9582,106.114,18.9546],"dipPosition":[131.471,127.788,-29.1385],"direction":[0.306912,0.364491,-0.879176],"extended":false,"handId":69,"id":690,"length":43.4617,"mcpPosition":[86.9582,106.114,18.9546],"pipPosition":[122.745,117.424,-4.14037],"stabilizedTipPosition":[126.639,132.77,-43.7267],"timeVisible":12.9306,"tipPosition":[129.733,130.534,-43.1227],"tipVelocity":[-3.384,-1.70927,8.06459],"tool":false,"touchDistance":0.32474,"touchZone":"hovering","type":0,"width":17.4075},{"bases":[[[-0.929281,-0.0941064,-0.357184],[0.129588,-0.988598,-0.0766837],[-0.345895,-0.117547,0.930881]],[[-0.949148,-0.101294,-0.298089],[0.117156,-0.992469,-0.0357827],[-0.292219,-0.0688859,0.953867]],[[-0.949148,-0.101294,-0.298089],[0.136518,-0.985601,-0.0997676],[-0.283691,-0.135389,0.94931]],[[-0.949148,-0.101294,-0.298089],[0.154576,-0.974784,-0.160944],[-0.274269,-0.198837,0.940872]]],"btipPosition":[123.251,99.6987,-128.93],"carpPosition":[79.1747,83.3632,4.00273],"dipPosition":[118.953,96.5827,-114.186],"direction":[0.283691,0.135389,-0.94931],"extended":true,"handId":69,"id":692,"length":55.8791,"mcpPosition":[100.479,90.6031,-53.332],"pipPosition":[112.225,93.3721,-91.6737],"stabilizedTipPosition":[121.807,99.5239,-125.965],"timeVisible":12.9306,"tipPosition":[122.292,100.196,-125.288],"tipVelocity":[11.4995,-1.99598,7.76911],"tool":false,"touchDistance":0.336559,"touchZone":"hovering","type":2,"width":16.3305},{"bases":[[[-0.977161,-0.0355844,-0.2095],[0.0517713,-0.996039,-0.0722934],[-0.206097,-0.0814884,0.975133]],[[-0.952711,-0.0275545,-0.302625],[0.0549697,-0.995078,-0.0824498],[-0.298864,-0.0951861,0.949537]],[[-0.952711,-0.0275545,-0.302625],[0.0740547,-0.986908,-0.143276],[-0.294715,-0.158912,0.942279]],[[-0.952711,-0.0275545,-0.302625],[0.0924806,-0.974932,-0.202374],[-0.289463,-0.220791,0.931377]]],"btipPosition":[103.351,96.8111,-126.171],"carpPosition":[69.4993,81.6469,-0.587193],"dipPosition":[98.8404,93.3709,-111.659],"direction":[0.294715,0.158912,-0.942279],"extended":true,"handId":69,"id":693,"length":53.7292,"mcpPosition":[80.8963,86.1532,-54.5112],"pipPosition":[92.032,89.6998,-89.8909],"stabilizedTipPosition":[101.898,97.1648,-123.27],"timeVisible":12.9306,"tipPosition":[103.027,97.9756,-122.148],"tipVelocity":[10.3085,-3.03137,4.41671],"tool":false,"touchDistance":0.334999,"touchZone":"hovering","type":3,"width":15.5395},{"bases":[[[-0.83778,-0.242899,-0.489004],[0.285622,-0.958249,-0.0133558],[-0.465343,-0.15086,0.872179]],[[-0.925219,-0.272091,-0.264455],[0.270767,-0.96172,0.042187],[-0.265811,-0.0325736,0.963475]],[[-0.925219,-0.272091,-0.264455],[0.311251,-0.942868,-0.118844],[-0.21701,-0.192269,0.957047]],[[-0.925219,-0.272091,-0.264455],[0.327896,-0.924069,-0.196421],[-0.19093,-0.268446,0.944183]]],"btipPosition":[134.354,106.002,-114.175],"carpPosition":[87.5125,87.3368,9.73481],"dipPosition":[131.633,102.177,-100.722],"direction":[0.21701,0.192269,-0.957047],"extended":true,"handId":69,"id":691,"length":49.0417,"mcpPosition":[117.736,97.1348,-46.9115],"pipPosition":[127.259,98.3018,-81.4307],"stabilizedTipPosition":[133.426,104.469,-111.479],"timeVisible":12.9306,"tipPosition":[133.124,105.238,-111.049],"tipVelocity":[8.49273,3.42383,10.7414],"tool":false,"touchDistance":0.336372,"touchZone":"hovering","type":1,"width":16.6276},{"bases":[[[-0.989479,0.12029,-0.0803867],[-0.119256,-0.992708,-0.0175616],[-0.081913,-0.0077902,0.996609]],[[-0.932555,0.118065,-0.341176],[-0.0870784,-0.990673,-0.10481],[-0.350368,-0.0680323,0.934138]],[[-0.932555,0.118065,-0.341176],[-0.0617316,-0.983244,-0.171522],[-0.35571,-0.138892,0.924218]],[[-0.932555,0.118065,-0.341176],[-0.0419402,-0.974045,-0.222435],[-0.358583,-0.193124,0.913303]]],"btipPosition":[83.2896,93.0392,-109.723],"carpPosition":[57.8087,85.5929,-2.95851],"dipPosition":[78.1352,90.2632,-96.5948],"direction":[0.35571,0.138892,-0.924218],"extended":true,"handId":69,"id":694,"length":42.1227,"mcpPosition":[62.0018,85.9917,-53.9748],"pipPosition":[72.3332,87.9978,-81.52],"stabilizedTipPosition":[81.7639,93.6404,-107.134],"timeVisible":12.9306,"tipPosition":[82.3369,94.1812,-106.176],"tipVelocity":[8.02346,-1.89616,1.30067],"tool":false,"touchDistance":0.333239,"touchZone":"hovering","type":4,"width":13.8034}],"r":[[0.776509,-0.474675,0.414387],[0.613664,0.718955,-0.326375],[-0.143003,0.507728,0.849566]],"s":1.38093,"t":[-12.4505,-27.4625,-116.076],"timestamp":7517970206},{"currentFrameRate":113.026,"devices":[],"gestures":[],"hands":[{"armBasis":[[-0.910183,-0.36357,0.198453],[0.32233,-0.922605,-0.211904],[0.260136,-0.128904,0.956929]],"armWidth":55.2262,"confidence":1,"direction":[0.356155,-0.0332912,-0.933834],"elbow":[128.135,58.9117,255.849],"grabAngle":0.159714,"grabStrength":0,"id":69,"palmNormal":[-0.212978,0.970169,-0.115814],"palmPosition":[89.3846,94.3277,-33.945],"palmVelocity":[0.583288,-10.5003,1.48595],"palmWidth":80.3268,"pinchDistance":60.1763,"pinchStrength":0,"r":[[0.776137,-0.474912,0.414814],[0.614047,0.718821,-0.325949],[-0.14338,0.507696,0.849521]],"s":1.3809,"sphereCenter":[90.8042,105.42,-68.6322],"sphereRadius":46.8053,"stabilizedPalmPosition":[88.6814,94.8559,-34.1303],"t":[-12.4415,-27.5456,-116.052],"timeVisible":12.9387,"type":"right","wrist":[66.1297,89.6371,27.7565]}],"id":84518,"interactionBox":{"center":[0,200,0],"size":[235.247,235.247,147.751]},"pointables":[{"bases":[[[-0.106123,-0.970871,-0.214821],[0.688479,-0.227622,0.688611],[-0.71745,-0.0748225,0.69258]],[[0.0588342,-0.928814,-0.365845],[0.57999,-0.266476,0.769806],[-0.812496,-0.257477,0.523025]],[[0.0588342,-0.928814,-0.365845],[0.94952,-0.061055,0.307707],[-0.308139,-0.365481,0.878336]],[[0.0588342,-0.928814,-0.365845],[0.972944,0.135375,-0.187226],[0.223425,-0.344931,0.911649]]],"btipPosition":[127.093,134.463,-46.8444],"carpPosition":[86.887,105.993,18.9711],"dipPosition":[131.453,127.731,-29.0517],"direction":[0.308139,0.365481,-0.878336],"extended":false,"handId":69,"id":690,"length":43.4617,"mcpPosition":[86.887,105.993,18.9711],"pipPosition":[122.692,117.339,-4.07745],"stabilizedTipPosition":[126.641,132.77,-43.7254],"timeVisible":12.9387,"tipPosition":[129.756,130.452,-43.024],"tipVelocity":[1.621,-5.03352,10.4903],"tool":false,"touchDistance":0.326158,"touchZone":"hovering","type":0,"width":17.4075},{"bases":[[[-0.928772,-0.0935876,-0.358642],[0.129417,-0.988582,-0.0771791],[-0.347324,-0.118096,0.930279]],[[-0.948816,-0.100845,-0.299298],[0.117088,-0.99244,-0.0367941],[-0.293325,-0.0699549,0.95345]],[[-0.948816,-0.100845,-0.299298],[0.136328,-0.985594,-0.100095],[-0.284892,-0.135774,0.948895]],[[-0.948816,-0.100845,-0.299298],[0.154337,-0.974844,-0.160809],[-0.275552,-0.19877,0.940511]]],"btipPosition":[123.376,99.6749,-128.872],"carpPosition":[79.1194,83.2545,3.99174],"dipPosition":[119.058,96.5599,-114.133],"direction":[0.284892,0.135774,-0.948895],"extended":true,"handId":69,"id":692,"length":55.8791,"mcpPosition":[100.512,90.5282,-53.3059],"pipPosition":[112.302,93.3401,-91.6308],"stabilizedTipPosition":[121.815,99.5163,-125.958],"timeVisible":12.9387,"tipPosition":[122.435,100.163,-125.223],"tipVelocity":[14.9202,-2.91004,7.02756],"tool":false,"touchDistance":0.337092,"touchZone":"hovering","type":2,"width":16.3305},{"bases":[[[-0.976856,-0.0351547,-0.210989],[0.0515916,-0.996003,-0.0729106],[-0.207582,-0.0821084,0.974765]],[[-0.952381,-0.0270999,-0.303704],[0.0549724,-0.994982,-0.0836038],[-0.299914,-0.096318,0.949091]],[[-0.952381,-0.0270999,-0.303704],[0.0739213,-0.986849,-0.143751],[-0.295815,-0.159356,0.94186]],[[-0.952381,-0.0270999,-0.303704],[0.0922686,-0.974958,-0.202347],[-0.290615,-0.220734,0.931031]]],"btipPosition":[103.466,96.7943,-126.146],"carpPosition":[69.4503,81.5442,-0.613884],"dipPosition":[98.9381,93.3549,-111.639],"direction":[0.295815,0.159356,-0.94186],"extended":true,"handId":69,"id":693,"length":53.7292,"mcpPosition":[80.9295,86.0848,-54.5176],"pipPosition":[92.1043,89.6736,-89.8807],"stabilizedTipPosition":[101.906,97.1473,-123.263],"timeVisible":12.9387,"tipPosition":[103.163,97.9441,-122.114],"tipVelocity":[13.7455,-2.05392,2.9629],"tool":false,"touchDistance":0.335193,"touchZone":"hovering","type":3,"width":15.5395},{"bases":[[[-0.837116,-0.242315,-0.490428],[0.285365,-0.958323,-0.0135963],[-0.466694,-0.151333,0.871375]],[[-0.924916,-0.271644,-0.265972],[0.270689,-0.961794,0.0409827],[-0.266943,-0.0340902,0.963109]],[[-0.924916,-0.271644,-0.265972],[0.311329,-0.942717,-0.119826],[-0.218186,-0.193634,0.956504]],[[-0.924916,-0.271644,-0.265972],[0.328195,-0.923632,-0.197968],[-0.191884,-0.270394,0.943434]]],"btipPosition":[134.456,106.027,-114.083],"carpPosition":[87.4497,87.2216,9.73907],"dipPosition":[131.722,102.175,-100.641],"direction":[0.218186,0.193634,-0.956504],"extended":true,"handId":69,"id":691,"length":49.0417,"mcpPosition":[117.76,97.0504,-46.855],"pipPosition":[127.324,98.2718,-81.3612],"stabilizedTipPosition":[133.43,104.475,-111.474],"timeVisible":12.9387,"tipPosition":[133.25,105.193,-110.964],"tipVelocity":[12.2803,2.32131,10.9361],"tool":false,"touchDistance":0.337399,"touchZone":"hovering","type":1,"width":16.6276},{"bases":[[[-0.989322,0.120633,-0.0817856],[-0.119517,-0.992661,-0.0184329],[-0.083409,-0.0084613,0.996479]],[[-0.93218,0.118586,-0.342021],[-0.0868429,-0.990488,-0.106732],[-0.351425,-0.0697915,0.933611]],[[-0.93218,0.118586,-0.342021],[-0.061609,-0.983008,-0.172914],[-0.356715,-0.140115,0.923646]],[[-0.93218,0.118586,-0.342021],[-0.0419423,-0.973839,-0.223336],[-0.359558,-0.193844,0.912766]]],"btipPosition":[83.3835,93.0581,-109.725],"carpPosition":[57.7645,85.4952,-2.99997],"dipPosition":[78.215,90.2717,-96.6047],"direction":[0.356715,0.140115,-0.923646],"extended":true,"handId":69,"id":694,"length":42.1227,"mcpPosition":[62.0342,85.9284,-54.0096],"pipPosition":[72.3967,87.9863,-81.5393],"stabilizedTipPosition":[81.7694,93.625,-107.128],"timeVisible":12.9387,"tipPosition":[82.4489,94.1422,-106.177],"tipVelocity":[11.1746,2.03428,-0.496097],"tool":false,"touchDistance":0.333172,"touchZone":"hovering","type":4,"width":13.8034}],"r":[[0.776137,-0.474912,0.414814],[0.614047,0.718821,-0.325949],[-0.14338,0.507696,0.849521]],"s":1.3809,"t":[-12.4415,-27.5456,-116.052],"timestamp":7517978320},{"currentFrameRate":112.817,"devices":[],"gestures":[],"hands":[{"armBasis":[[-0.910106,-0.363969,0.198073],[0.322713,-0.922409,-0.212172],[0.259928,-0.129179,0.956948]],"armWidth":55.2262,"confidence":1,"direction":[0.356742,-0.0336165,-0.933598],"elbow":[128.069,58.8045,255.833],"grabAngle":0.159623,"grabStrength":0,"id":69,"palmNormal":[-0.212929,0.970122,-0.116295],"palmPosition":[89.4021,94.2709,-33.9522],"palmVelocity":[1.89693,-6.15868,-0.78288],"palmWidth":80.3268,"pinchDistance":60.1662,"pinchStrength":0,"r":[[0.775789,-0.475067,0.415287],[0.614391,0.718693,-0.325582],[-0.143791,0.507731,0.849431]],"s":1.38088,"sphereCenter":[90.5046,106.203,-68.647],"sphereRadius":47.0287,"stabilizedPalmPosition":[88.6871,94.8512,-34.1289],"t":[-12.4282,-27.6156,-116.043],"timeVisible":12.9479,"type":"right","wrist":[66.1125,89.5954,27.7363]}],"id":84519,"interactionBox":{"center":[0,200,0],"size":[235.247,235.247,147.751]},"pointables":[{"bases":[[[-0.105965,-0.97095,-0.214541],[0.688052,-0.227359,0.689124],[-0.717883,-0.0745921,0.692157]],[[0.0594098,-0.928813,-0.365756],[0.580159,-0.266042,0.76983],[-0.812334,-0.257932,0.523053]],[[0.0594098,-0.928813,-0.365756],[0.949453,-0.060562,0.308013],[-0.308237,-0.365567,0.878266]],[[0.0594098,-0.928813,-0.365756],[0.973158,0.135498,-0.186018],[0.222336,-0.344887,0.911932]]],"btipPosition":[127.094,134.447,-46.8621],"carpPosition":[86.871,105.955,18.9581],"dipPosition":[131.433,127.716,-29.0639],"direction":[0.308237,0.365567,-0.878266],"extended":false,"handId":69,"id":690,"length":43.4617,"mcpPosition":[86.871,105.955,18.9581],"pipPosition":[122.669,117.321,-4.09166],"stabilizedTipPosition":[126.643,132.77,-43.7238],"timeVisible":12.9479,"tipPosition":[129.772,130.402,-43.0179],"tipVelocity":[-0.431134,-1.74901,-1.78471],"tool":false,"touchDistance":0.325884,"touchZone":"hovering","type":0,"width":17.4075},{"bases":[[[-0.928545,-0.0937381,-0.359191],[0.129489,-0.988607,-0.0767444],[-0.347904,-0.117772,0.930103]],[[-0.948723,-0.101012,-0.299534],[0.117367,-0.992396,-0.0370716],[-0.293512,-0.070326,0.953365]],[[-0.948723,-0.101012,-0.299534],[0.136403,-0.985629,-0.0996497],[-0.285164,-0.135397,0.948867]],[[-0.948723,-0.101012,-0.299534],[0.154278,-0.975012,-0.159844],[-0.275903,-0.197859,0.9406]]],"btipPosition":[123.426,99.6031,-128.868],"carpPosition":[79.1134,83.211,3.98202],"dipPosition":[119.102,96.5024,-114.128],"direction":[0.285164,0.135397,-0.948867],"extended":true,"handId":69,"id":692,"length":55.8791,"mcpPosition":[100.541,90.4648,-53.3048],"pipPosition":[112.339,93.2916,-91.6263],"stabilizedTipPosition":[121.825,99.5059,-125.95],"timeVisible":12.9479,"tipPosition":[122.509,100.072,-125.212],"tipVelocity":[5.19656,-7.42274,0.446345],"tool":false,"touchDistance":0.336778,"touchZone":"hovering","type":2,"width":16.3305},{"bases":[[[-0.976723,-0.0352536,-0.211589],[0.051661,-0.996028,-0.0725221],[-0.208192,-0.0817649,0.974664]],[[-0.952329,-0.0272706,-0.303852],[0.0553124,-0.994924,-0.0840653],[-0.300017,-0.0968646,0.949003]],[[-0.952329,-0.0272706,-0.303852],[0.0740634,-0.986867,-0.143557],[-0.295947,-0.159218,0.941841]],[[-0.952329,-0.0272706,-0.303852],[0.0922444,-0.975116,-0.201595],[-0.290794,-0.220013,0.931146]]],"btipPosition":[103.507,96.7358,-126.154],"carpPosition":[69.4473,81.4988,-0.62905],"dipPosition":[98.9756,93.3078,-111.645],"direction":[0.295947,0.159218,-0.941841],"extended":true,"handId":69,"id":693,"length":53.7292,"mcpPosition":[80.9601,86.0204,-54.5272],"pipPosition":[92.1387,89.6295,-89.887],"stabilizedTipPosition":[101.917,97.1252,-123.255],"timeVisible":12.9479,"tipPosition":[103.234,97.8501,-122.116],"tipVelocity":[4.29668,-6.05125,-0.784924],"tool":false,"touchDistance":0.334898,"touchZone":"hovering","type":3,"width":15.5395},{"bases":[[[-0.836803,-0.24251,-0.490867],[0.285396,-0.95832,-0.0130746],[-0.467237,-0.151032,0.871137]],[[-0.924771,-0.271771,-0.266345],[0.2709,-0.961745,0.0407524],[-0.267231,-0.034466,0.963016]],[[-0.924771,-0.271771,-0.266345],[0.311422,-0.94275,-0.119327],[-0.218667,-0.193296,0.956463]],[[-0.924771,-0.271771,-0.266345],[0.328388,-0.923607,-0.197766],[-0.192251,-0.270353,0.943371]]],"btipPosition":[134.507,105.973,-114.069],"carpPosition":[87.4399,87.1804,9.73316],"dipPosition":[131.768,102.121,-100.627],"direction":[0.218667,0.193296,-0.956463],"extended":true,"handId":69,"id":691,"length":49.0417,"mcpPosition":[117.786,96.9896,-46.8454],"pipPosition":[127.36,98.2245,-81.3482],"stabilizedTipPosition":[133.435,104.483,-111.469],"timeVisible":12.9479,"tipPosition":[133.317,105.11,-110.948],"tipVelocity":[5.37057,-5.91331,1.56836],"tool":false,"touchDistance":0.33721,"touchZone":"hovering","type":1,"width":16.6276},{"bases":[[[-0.989274,0.12058,-0.0824494],[-0.119482,-0.99267,-0.0181529],[-0.0840339,-0.00810703,0.99643]],[[-0.932176,0.118456,-0.342075],[-0.0863215,-0.990425,-0.107738],[-0.351562,-0.0709026,0.933476]],[[-0.932176,0.118456,-0.342075],[-0.061294,-0.982951,-0.173352],[-0.356778,-0.140627,0.923544]],[[-0.932176,0.118456,-0.342075],[-0.0418169,-0.973857,-0.223279],[-0.359581,-0.193831,0.91276]]],"btipPosition":[83.4192,93.0344,-109.741],"carpPosition":[57.7628,85.4487,-3.02387],"dipPosition":[78.2504,90.2482,-96.6204],"direction":[0.356777,0.140627,-0.923544],"extended":true,"handId":69,"id":694,"length":42.1227,"mcpPosition":[62.0645,85.8637,-54.031],"pipPosition":[72.4311,87.9545,-81.5567],"stabilizedTipPosition":[81.7762,93.6068,-107.122],"timeVisible":12.9479,"tipPosition":[82.5105,94.0522,-106.191],"tipVelocity":[3.8604,-2.5664,-1.69579],"tool":false,"touchDistance":0.332911,"touchZone":"hovering","type":4,"width":13.8034}],"r":[[0.775789,-0.475067,0.415287],[0.614391,0.718693,-0.325582],[-0.143791,0.507731,0.849431]],"s":1.38088,"t":[-12.4282,-27.6156,-116.043],"timestamp":7517987546},{"currentFrameRate":113.195,"devices":[],"gestures":[],"hands":[{"armBasis":[[-0.909759,-0.36486,0.198027],[0.323629,-0.922094,-0.212149],[0.260004,-0.128917,0.956963]],"armWidth":55.2262,"confidence":1,"direction":[0.357649,-0.0328773,-0.933277],"elbow":[128.037,58.76,255.82],"grabAngle":0.159294,"grabStrength":0,"id":69,"palmNormal":[-0.213619,0.970001,-0.116034],"palmPosition":[89.3978,94.2078,-33.9449],"palmVelocity":[-0.519007,-7.71847,0.89649],"palmWidth":80.3268,"pinchDistance":60.1537,"pinchStrength":0,"r":[[0.77551,-0.475103,0.415766],[0.614609,0.718724,-0.325103],[-0.144363,0.507654,0.84938]],"s":1.38085,"sphereCenter":[90.2458,106.761,-68.6473],"sphereRadius":47.2028,"stabilizedPalmPosition":[88.6927,94.8461,-34.1274],"t":[-12.4237,-27.6821,-116.035],"timeVisible":12.9561,"type":"right","wrist":[66.0626,89.4886,27.7201]}],"id":84520,"interactionBox":{"center":[0,200,0],"size":[235.247,235.247,147.751]},"pointables":[{"bases":[[[-0.104962,-0.970935,-0.215102],[0.68759,-0.22712,0.689664],[-0.718473,-0.0755141,0.691444]],[[0.0608735,-0.928446,-0.366446],[0.58038,-0.265762,0.769759],[-0.812067,-0.259536,0.522674]],[[0.0608735,-0.928446,-0.366446],[0.949368,-0.059508,0.30848],[-0.308213,-0.366671,0.877814]],[[0.0608735,-0.928446,-0.366446],[0.973265,0.136671,-0.184598],[0.221472,-0.345412,0.911943]]],"btipPosition":[127.034,134.469,-46.8223],"carpPosition":[86.8073,105.864,18.9686],"dipPosition":[131.357,127.727,-29.0238],"direction":[0.308213,0.366671,-0.877814],"extended":false,"handId":69,"id":690,"length":43.4617,"mcpPosition":[86.8073,105.864,18.9686],"pipPosition":[122.593,117.302,-4.06446],"stabilizedTipPosition":[126.646,132.771,-43.722],"timeVisible":12.9561,"tipPosition":[129.739,130.387,-42.9544],"tipVelocity":[-7.72265,2.38233,4.87441],"tool":false,"touchDistance":0.326548,"touchZone":"hovering","type":0,"width":17.4075},{"bases":[[[-0.928128,-0.0943329,-0.36011],[0.130377,-0.988463,-0.0770927],[-0.348683,-0.118502,0.929719]],[[-0.948464,-0.101694,-0.300125],[0.118408,-0.992238,-0.0379878],[-0.293933,-0.0715671,0.953143]],[[-0.948464,-0.101694,-0.300125],[0.137228,-0.985504,-0.0997475],[-0.285631,-0.135793,0.94867]],[[-0.948464,-0.101694,-0.300125],[0.154969,-0.974979,-0.159378],[-0.276408,-0.197674,0.940491]]],"btipPosition":[123.479,99.6148,-128.837],"carpPosition":[79.0825,83.1213,3.97438],"dipPosition":[119.147,96.5169,-114.098],"direction":[0.285631,0.135793,-0.94867],"extended":true,"handId":69,"id":692,"length":55.8791,"mcpPosition":[100.559,90.42,-53.2887],"pipPosition":[112.373,93.2967,-91.6013],"stabilizedTipPosition":[121.834,99.4974,-125.943],"timeVisible":12.9561,"tipPosition":[122.586,100.077,-125.171],"tipVelocity":[6.25736,1.5033,3.7827],"tool":false,"touchDistance":0.336897,"touchZone":"hovering","type":2,"width":16.3305},{"bases":[[[-0.976493,-0.0359585,-0.212526],[0.0525514,-0.99595,-0.0729472],[-0.209043,-0.082401,0.974429]],[[-0.952147,-0.0279475,-0.304361],[0.0564065,-0.994773,-0.0851153],[-0.300392,-0.0982102,0.948746]],[[-0.952147,-0.0279475,-0.304361],[0.0749435,-0.986759,-0.143842],[-0.296311,-0.159768,0.941634]],[[-0.952147,-0.0279475,-0.304361],[0.0929706,-0.975106,-0.201306],[-0.291159,-0.21997,0.931042]]],"btipPosition":[103.557,96.7377,-126.142],"carpPosition":[69.4222,81.4034,-0.646619],"dipPosition":[99.0199,93.3103,-111.635],"direction":[0.296311,0.159768,-0.941634],"extended":true,"handId":69,"id":693,"length":53.7292,"mcpPosition":[80.982,85.9601,-54.5317],"pipPosition":[92.1746,89.6194,-89.882],"stabilizedTipPosition":[101.927,97.1053,-123.247],"timeVisible":12.9561,"tipPosition":[103.308,97.8362,-122.096],"tipVelocity":[5.95282,0.246586,1.35361],"tool":false,"touchDistance":0.334908,"touchZone":"hovering","type":3,"width":15.5395},{"bases":[[[-0.836139,-0.242966,-0.49177],[0.286199,-0.958078,-0.0132615],[-0.467933,-0.151833,0.870624]],[[-0.924352,-0.272427,-0.267129],[0.271922,-0.961503,0.0396329],[-0.267642,-0.0360037,0.962845]],[[-0.924352,-0.272427,-0.267129],[0.312395,-0.942349,-0.119949],[-0.219051,-0.194324,0.956167]],[[-0.924352,-0.272427,-0.267129],[0.329404,-0.923101,-0.198436],[-0.192528,-0.271418,0.943009]]],"btipPosition":[134.539,106.03,-114.016],"carpPosition":[87.4004,87.0948,9.73525],"dipPosition":[131.796,102.163,-100.58],"direction":[0.219051,0.194324,-0.956167],"extended":true,"handId":69,"id":691,"length":49.0417,"mcpPosition":[117.792,96.956,-46.81],"pipPosition":[127.381,98.246,-81.3067],"stabilizedTipPosition":[133.44,104.489,-111.463],"timeVisible":12.9561,"tipPosition":[133.378,105.12,-110.894],"tipVelocity":[3.81082,6.58969,6.28881],"tool":false,"touchDistance":0.337594,"touchZone":"hovering","type":1,"width":16.6276},{"bases":[[[-0.989295,0.119804,-0.0833244],[-0.118645,-0.99276,-0.0187378],[-0.084966,-0.00865115,0.996346]],[[-0.932088,0.117859,-0.342522],[-0.0850838,-0.990367,-0.109243],[-0.352097,-0.072681,0.933137]],[[-0.932088,0.117859,-0.342522],[-0.0602833,-0.982872,-0.174152],[-0.35718,-0.141677,0.923228]],[[-0.932088,0.117859,-0.342522],[-0.0409912,-0.973832,-0.223541],[-0.359905,-0.194319,0.912529]]],"btipPosition":[83.4678,93.0348,-109.745],"carpPosition":[57.7367,85.3447,-3.05058],"dipPosition":[78.2944,90.2416,-96.6277],"direction":[0.35718,0.141677,-0.923228],"extended":true,"handId":69,"id":694,"length":42.1227,"mcpPosition":[62.0861,85.7876,-54.0534],"pipPosition":[72.4685,87.9308,-81.5691],"stabilizedTipPosition":[81.7832,93.5898,-107.117],"timeVisible":12.9561,"tipPosition":[82.5737,94.0136,-106.191],"tipVelocity":[5.81554,-0.142484,-0.576486],"tool":false,"touchDistance":0.332833,"touchZone":"hovering","type":4,"width":13.8034}],"r":[[0.77551,-0.475103,0.415766],[0.614609,0.718724,-0.325103],[-0.144363,0.507654,0.84938]],"s":1.38085,"t":[-12.4237,-27.6821,-116.035],"timestamp":7517995727},{"currentFrameRate":113.152,"devices":[],"gestures":[],"hands":[{"armBasis":[[-0.909685,-0.364983,0.198144],[0.323783,-0.922079,-0.211978],[0.260073,-0.128677,0.956977]],"armWidth":55.2262,"confidence":1,"direction":[0.358089,-0.0331141,-0.9331],"elbow":[128.039,58.7617,255.843],"grabAngle":0.159341,"grabStrength":0,"id":69,"palmNormal":[-0.213557,0.969974,-0.116378],"palmPosition":[89.4073,94.1368,-33.9161],"palmVelocity":[1.06445,-7.97093,3.22886],"palmWidth":80.3268,"pinchDistance":60.136,"pinchStrength":0,"r":[[0.775247,-0.475113,0.416246],[0.614814,0.718731,-0.324699],[-0.1449,0.507636,0.8493]],"s":1.38083,"sphereCenter":[89.8548,107.794,-68.6176],"sphereRadius":47.5277,"stabilizedPalmPosition":[88.699,94.8399,-34.1255],"t":[-12.4167,-27.7509,-116.017],"timeVisible":12.965,"type":"right","wrist":[66.0481,89.4331,27.7393]}],"id":84521,"interactionBox":{"center":[0,200,0],"size":[235.247,235.247,147.751]},"pointables":[{"bases":[[[-0.104867,-0.970988,-0.214908],[0.687263,-0.226952,0.690045],[-0.718799,-0.0753353,0.691124]],[[0.0613888,-0.928396,-0.366486],[0.580685,-0.265422,0.769647],[-0.811811,-0.26006,0.522811]],[[0.0613888,-0.928396,-0.366486],[0.949339,-0.0590672,0.308652],[-0.308199,-0.366867,0.877737]],[[0.0613888,-0.928396,-0.366486],[0.973436,0.136832,-0.183572],[0.220574,-0.345481,0.912135]]],"btipPosition":[127.025,134.441,-46.8053],"carpPosition":[86.7919,105.807,18.9932],"dipPosition":[131.33,127.698,-29.0031],"direction":[0.308199,0.366867,-0.877737],"extended":false,"handId":69,"id":690,"length":43.4617,"mcpPosition":[86.7919,105.807,18.9932],"pipPosition":[122.567,117.267,-4.04592],"stabilizedTipPosition":[126.649,132.771,-43.7196],"timeVisible":12.965,"tipPosition":[129.747,130.323,-42.9149],"tipVelocity":[-1.52983,-3.14218,2.00364],"tool":false,"touchDistance":0.326846,"touchZone":"hovering","type":0,"width":17.4075},{"bases":[[[-0.927959,-0.0944163,-0.360525],[0.130406,-0.988483,-0.0767831],[-0.349123,-0.118266,0.929584]],[[-0.948418,-0.101799,-0.300235],[0.118665,-0.99219,-0.0384377],[-0.293977,-0.0720823,0.953091]],[[-0.948418,-0.101799,-0.300235],[0.137283,-0.985521,-0.0995111],[-0.285757,-0.135595,0.94866]],[[-0.948418,-0.101799,-0.300235],[0.154893,-0.975106,-0.158671],[-0.276608,-0.196991,0.940576]]],"btipPosition":[123.505,99.5441,-128.801],"carpPosition":[79.074,83.0598,4.00106],"dipPosition":[119.17,96.457,-114.061],"direction":[0.285757,0.135595,-0.94866],"extended":true,"handId":69,"id":692,"length":55.8791,"mcpPosition":[100.577,90.3441,-53.2537],"pipPosition":[112.394,93.2415,-91.5642],"stabilizedTipPosition":[121.845,99.4873,-125.935],"timeVisible":12.965,"tipPosition":[122.638,99.98,-125.129],"tipVelocity":[2.89349,-7.65248,4.07544],"tool":false,"touchDistance":0.337086,"touchZone":"hovering","type":2,"width":16.3305},{"bases":[[[-0.976393,-0.0360046,-0.212978],[0.0525783,-0.995969,-0.0726725],[-0.209503,-0.082155,0.974351]],[[-0.95213,-0.0280528,-0.304403],[0.0566613,-0.994721,-0.0855586],[-0.300396,-0.0987107,0.948693]],[[-0.95213,-0.0280528,-0.304403],[0.0749838,-0.986791,-0.1436],[-0.296354,-0.159551,0.941657]],[[-0.95213,-0.0280528,-0.304403],[0.0928504,-0.975275,-0.200545],[-0.29125,-0.219209,0.931193]]],"btipPosition":[103.578,96.6634,-126.116],"carpPosition":[69.4158,81.3408,-0.624067],"dipPosition":[99.0402,93.2478,-111.607],"direction":[0.296354,0.159551,-0.941657],"extended":true,"handId":69,"id":693,"length":53.7292,"mcpPosition":[81.0012,85.8839,-54.5049],"pipPosition":[92.1939,89.5619,-89.8531],"stabilizedTipPosition":[101.938,97.0827,-123.239],"timeVisible":12.965,"tipPosition":[103.357,97.7382,-122.063],"tipVelocity":[2.3972,-8.03804,2.97406],"tool":false,"touchDistance":0.335148,"touchZone":"hovering","type":3,"width":15.5395},{"bases":[[[-0.835909,-0.243084,-0.492104],[0.286198,-0.958084,-0.0128861],[-0.468345,-0.151611,0.870441]],[[-0.924245,-0.272493,-0.267431],[0.27225,-0.961446,0.0387438],[-0.267678,-0.0369994,0.962798]],[[-0.924245,-0.272493,-0.267431],[0.312662,-0.942184,-0.120546],[-0.219121,-0.19503,0.956007]],[[-0.924245,-0.272493,-0.267431],[0.329683,-0.922869,-0.199052],[-0.192563,-0.272141,0.942793]]],"btipPosition":[134.558,106.016,-113.967],"carpPosition":[87.3892,87.0348,9.76486],"dipPosition":[131.814,102.138,-100.533],"direction":[0.219121,0.19503,-0.956007],"extended":true,"handId":69,"id":691,"length":49.0417,"mcpPosition":[117.807,96.8816,-46.7685],"pipPosition":[127.398,98.2072,-81.2635],"stabilizedTipPosition":[133.444,104.494,-111.459],"timeVisible":12.965,"tipPosition":[133.427,105.03,-110.847],"tipVelocity":[2.09165,-1.86722,5.47355],"tool":false,"touchDistance":0.337899,"touchZone":"hovering","type":1,"width":16.6276},{"bases":[[[-0.989254,0.11979,-0.0838213],[-0.118644,-0.992764,-0.0185447],[-0.0854363,-0.00840055,0.996308]],[[-0.932109,0.117793,-0.342488],[-0.0846513,-0.990297,-0.110209],[-0.352147,-0.0737349,0.933036]],[[-0.932109,0.117793,-0.342488],[-0.0600692,-0.982816,-0.174538],[-0.357162,-0.142116,0.923167]],[[-0.932109,0.117793,-0.342488],[-0.0409752,-0.97386,-0.223424],[-0.359853,-0.194222,0.91257]]],"btipPosition":[83.4871,92.9958,-109.723],"carpPosition":[57.7315,85.2817,-3.03453],"dipPosition":[78.3145,90.204,-96.6058],"direction":[0.357162,0.142116,-0.923167],"extended":true,"handId":69,"id":694,"length":42.1227,"mcpPosition":[62.105,85.7117,-54.0354],"pipPosition":[72.4889,87.886,-81.5482],"stabilizedTipPosition":[81.7909,93.5714,-107.111],"timeVisible":12.965,"tipPosition":[82.6161,93.9187,-106.168],"tipVelocity":[2.18934,-4.34462,2.41472],"tool":false,"touchDistance":0.333191,"touchZone":"hovering","type":4,"width":13.8034}],"r":[[0.775247,-0.475113,0.416246],[0.614814,0.718731,-0.324699],[-0.1449,0.507636,0.8493]],"s":1.38083,"t":[-12.4167,-27.7509,-116.017],"timestamp":7518004638},{"currentFrameRate":113.299,"devices":[],"gestures":[],"hands":[{"armBasis":[[-0.909316,-0.36572,0.198477],[0.324596,-0.921887,-0.211569],[0.260348,-0.127958,0.956998]],"armWidth":55.2262,"confidence":1,"direction":[0.359035,-0.0321946,-0.932769],"elbow":[128.034,58.806,255.848],"grabAngle":0.159116,"grabStrength":0,"id":69,"palmNormal":[-0.214288,0.969863,-0.115957],"palmPosition":[89.3828,94.059,-33.8911],"palmVelocity":[-2.85405,-9.07566,2.91795],"palmWidth":80.3268,"pinchDistance":60.1223,"pinchStrength":0,"r":[[0.775037,-0.475039,0.416721],[0.614917,0.718886,-0.324161],[-0.145586,0.507485,0.849273]],"s":1.38075,"sphereCenter":[89.4961,108.611,-68.5884],"sphereRadius":47.8056,"stabilizedPalmPosition":[88.7051,94.8329,-34.1235],"t":[-12.4255,-27.8242,-115.995],"timeVisible":12.9736,"type":"right","wrist":[65.9781,89.3059,27.7394]}],"id":84522,"interactionBox":{"center":[0,200,0],"size":[235.247,235.247,147.751]},"pointables":[{"bases":[[[-0.10381,-0.970939,-0.215643],[0.686781,-0.226803,0.690573],[-0.719413,-0.0764112,0.690367]],[[0.0627428,-0.928028,-0.367188],[0.580539,-0.265329,0.769789],[-0.811812,-0.261465,0.522109]],[[0.0627428,-0.928028,-0.367188],[0.949196,-0.0581888,0.309259],[-0.308367,-0.367937,0.87723]],[[0.0627428,-0.928028,-0.367188],[0.973538,0.137917,-0.182218],[0.219744,-0.346038,0.912124]]],"btipPosition":[126.959,134.43,-46.7297],"carpPosition":[86.7052,105.692,19.0232],"dipPosition":[131.248,127.676,-28.9277],"direction":[0.308367,0.367937,-0.87723],"extended":false,"handId":69,"id":690,"length":43.4617,"mcpPosition":[86.7052,105.692,19.0232],"pipPosition":[122.48,117.214,-3.98495],"stabilizedTipPosition":[126.652,132.771,-43.7172],"timeVisible":12.9736,"tipPosition":[129.695,130.292,-42.8262],"tipVelocity":[-8.09181,-1.61329,8.81309],"tool":false,"touchDistance":0.328105,"touchZone":"hovering","type":0,"width":17.4075},{"bases":[[[-0.927521,-0.0949895,-0.361499],[0.131342,-0.988319,-0.0772977],[-0.349934,-0.119175,0.929163]],[[-0.94818,-0.102486,-0.300752],[0.119779,-0.992011,-0.0395826],[-0.294293,-0.0735551,0.952881]],[[-0.94818,-0.102486,-0.300752],[0.138189,-0.985356,-0.0998918],[-0.28611,-0.136276,0.948456]],[[-0.94818,-0.102486,-0.300752],[0.155664,-0.975009,-0.158511],[-0.276991,-0.197113,0.940437]]],"btipPosition":[123.53,99.5659,-128.752],"carpPosition":[79.0219,82.9483,4.00867],"dipPosition":[119.189,96.4769,-114.014],"direction":[0.28611,0.136276,-0.948456],"extended":true,"handId":69,"id":692,"length":55.8791,"mcpPosition":[100.575,90.2886,-53.2202],"pipPosition":[112.404,93.2452,-91.5222],"stabilizedTipPosition":[121.853,99.48,-125.928],"timeVisible":12.9736,"tipPosition":[122.698,99.9874,-125.068],"tipVelocity":[2.74642,2.49066,5.65808],"tool":false,"touchDistance":0.337438,"touchZone":"hovering","type":2,"width":16.3305},{"bases":[[[-0.976152,-0.036716,-0.213962],[0.0535176,-0.995875,-0.0732685],[-0.210389,-0.0829719,0.97409]],[[-0.95193,-0.028719,-0.304966],[0.0577962,-0.994552,-0.0867485],[-0.300814,-0.100204,0.948404]],[[-0.95193,-0.028719,-0.304966],[0.0759193,-0.986652,-0.144062],[-0.296758,-0.16029,0.941404]],[[-0.95193,-0.028719,-0.304966],[0.093639,-0.975219,-0.20045],[-0.291652,-0.219371,0.931029]]],"btipPosition":[103.612,96.6669,-126.086],"carpPosition":[69.3698,81.224,-0.62707],"dipPosition":[99.0681,93.2488,-111.579],"direction":[0.296758,0.16029,-0.941404],"extended":true,"handId":69,"id":693,"length":53.7292,"mcpPosition":[81.0042,85.8122,-54.4935],"pipPosition":[92.2125,89.5459,-89.8309],"stabilizedTipPosition":[101.947,97.0643,-123.231],"timeVisible":12.9736,"tipPosition":[103.414,97.726,-122.024],"tipVelocity":[3.81825,0.346908,3.49664],"tool":false,"touchDistance":0.335416,"touchZone":"hovering","type":3,"width":15.5395},{"bases":[[[-0.835213,-0.243491,-0.493084],[0.287045,-0.957826,-0.0132276],[-0.469068,-0.152585,0.869881]],[[-0.923867,-0.273167,-0.268048],[0.273421,-0.961177,0.0371458],[-0.267789,-0.0389723,0.962689]],[[-0.923867,-0.273167,-0.268048],[0.313756,-0.941664,-0.121761],[-0.21915,-0.196593,0.95568]],[[-0.923867,-0.273167,-0.268048],[0.33073,-0.922287,-0.200011],[-0.192581,-0.273435,0.942415]]],"btipPosition":[134.549,106.092,-113.896],"carpPosition":[87.328,86.9268,9.78324],"dipPosition":[131.805,102.196,-100.468],"direction":[0.21915,0.196593,-0.95568],"extended":true,"handId":69,"id":691,"length":49.0417,"mcpPosition":[117.793,96.8369,-46.7137],"pipPosition":[127.387,98.2332,-81.2049],"stabilizedTipPosition":[133.447,104.499,-111.454],"timeVisible":12.9736,"tipPosition":[133.471,105.041,-110.772],"tipVelocity":[-1.10647,8.36268,8.0941],"tool":false,"touchDistance":0.338484,"touchZone":"hovering","type":1,"width":16.6276},{"bases":[[[-0.989276,0.118983,-0.0847168],[-0.11776,-0.992854,-0.0193071],[-0.0864086,-0.00912377,0.996218]],[[-0.931948,0.117209,-0.343127],[-0.0833584,-0.990223,-0.111845],[-0.352881,-0.0756315,0.932606]],[[-0.931948,0.117209,-0.343127],[-0.0589422,-0.982697,-0.17559],[-0.35777,-0.143416,0.922731]],[[-0.931948,0.117209,-0.343127],[-0.0400217,-0.973782,-0.223934],[-0.360378,-0.194962,0.912205]]],"btipPosition":[83.5289,92.9951,-109.706],"carpPosition":[57.6844,85.1562,-3.04646],"dipPosition":[78.3487,90.1927,-96