{"frames":74,"data":[{"currentFrameRate":109.199,"devices":[],"gestures":[],"hands":[{"armBasis":[[0.624504,0.137766,-0.768775],[0.462842,0.727578,0.506366],[0.629104,-0.672049,0.390612]],"armWidth":60.538,"confidence":1,"direction":[-0.295609,0.546422,-0.783606],"elbow":[253.312,44.6936,189.625],"grabAngle":2.69682,"grabStrength":0,"id":84,"palmNormal":[-0.426592,-0.809443,-0.403511],"palmPosition":[67.3851,247.177,45.0242],"palmVelocity":[-4.34781,-46.4503,-5.6066],"palmWidth":82.711,"pinchDistance":55.0886,"pinchStrength":0.610224,"r":[[0.964477,-0.13019,-0.229859],[0.0969053,0.98383,-0.150624],[0.245752,0.122999,0.961497]],"s":1.05364,"sphereCenter":[67.6456,221.493,6.1714],"sphereRadius":48.5389,"stabilizedPalmPosition":[67.1477,249.093,45.4054],"t":[-98.9157,80.953,96.555],"timeVisible":5.61982,"type":"right","wrist":[98.9091,209.637,93.7562]}],"id":110160,"interactionBox":{"center":[0,200,0],"size":[235.247,235.247,147.751]},"pointables":[{"bases":[[[0.793004,-0.120201,-0.597241],[0.357354,0.885749,0.296221],[0.493399,-0.448331,0.745357]],[[0.90432,-0.248866,-0.346801],[0.361992,0.877662,0.314119],[0.226201,-0.409603,0.883775]],[[0.90432,-0.248866,-0.346801],[0.361992,0.877662,0.314119],[0.226201,-0.409603,0.883775]],[[0.90432,-0.248866,-0.346801],[0.326878,0.926241,0.187693],[0.274511,-0.283096,0.918967]]],"btipPosition":[24.8946,293.989,-26.0107],"carpPosition":[75.0482,236.095,88.6044],"dipPosition":[28.9433,289.814,-12.4571],"direction":[-0.226201,0.409603,-0.883775],"extended":true,"handId":84,"id":841,"length":50.764,"mcpPosition":[42.0518,266.077,38.7582],"pipPosition":[33.6629,281.268,5.98237],"stabilizedTipPosition":[25.8593,293.365,-22.8204],"timeVisible":5.61982,"tipPosition":[24.483,289.867,-23.5643],"tipVelocity":[-7.66378,-61.8756,-13.5695],"tool":false,"touchDistance":-0.295942,"touchZone":"touching","type":1,"width":18.7255},{"bases":[[[0.66783,0.744098,0.0179204],[-0.381772,0.321775,0.866436],[0.638947,-0.585474,0.498967]],[[0.498815,0.860927,-0.0999392],[-0.599865,0.426165,0.67716],[0.625576,-0.277828,0.729017]],[[0.498815,0.860927,-0.0999392],[-0.78814,0.498544,0.360956],[0.360581,-0.101285,0.927212]],[[0.498815,0.860927,-0.0999392],[-0.866444,0.498185,-0.0329687],[0.0214045,0.103037,0.994447]]],"btipPosition":[24.6434,231.475,12.0577],"carpPosition":[64.0744,217.969,92.5176],"dipPosition":[25.0758,233.556,32.1481],"direction":[-0.360581,0.101285,-0.927212],"extended":false,"handId":84,"id":840,"length":44.9881,"mcpPosition":[64.0744,217.969,92.5176],"pipPosition":[35.6885,230.575,59.4379],"stabilizedTipPosition":[24.6731,233.73,16.8874],"timeVisible":5.61982,"tipPosition":[24.8961,232.707,17.1411],"tipVelocity":[-5.8749,-49.493,-1.76844],"tool":false,"touchDistance":0.127097,"touchZone":"hovering","type":0,"width":19.6037},{"bases":[[[0.779756,-0.328893,-0.532738],[0.497022,0.842618,0.207279],[0.380722,-0.426409,0.820503]],[[0.793723,-0.344933,-0.501024],[-0.212874,0.614075,-0.759998],[0.569814,0.709883,0.413978]],[[0.793723,-0.344933,-0.501024],[-0.591662,-0.629004,-0.504271],[-0.141207,0.696689,-0.703339]],[[0.793723,-0.344933,-0.501024],[-0.354284,-0.931695,0.0801723],[-0.494456,0.11387,-0.861712]]],"btipPosition":[47.7505,214.932,44.033],"carpPosition":[84.1175,236.374,82.0507],"dipPosition":[39.7296,216.779,30.0545],"direction":[0.141207,-0.696689,0.703339],"extended":false,"handId":84,"id":842,"length":57.8415,"mcpPosition":[59.9721,263.417,30.0144],"pipPosition":[36.2634,233.881,12.7897],"stabilizedTipPosition":[45.3922,217.398,40.9178],"timeVisible":5.61982,"tipPosition":[44.7996,213.766,39.5331],"tipVelocity":[-1.54396,-49.6304,7.79098],"tool":false,"touchDistance":0.333333,"touchZone":"none","type":2,"width":18.3909},{"bases":[[[0.787582,-0.450636,-0.420288],[0.563345,0.802944,0.194737],[0.249712,-0.390139,0.886248]],[[0.774894,-0.431684,-0.461722],[-0.181824,0.547364,-0.816904],[0.605375,0.716967,0.345658]],[[0.774894,-0.431684,-0.461722],[-0.622753,-0.646489,-0.440716],[-0.108248,0.629047,-0.769793]],[[0.774894,-0.431684,-0.461722],[-0.389015,-0.901441,0.189924],[-0.498203,0.0324459,-0.866453]]],"btipPosition":[65.9621,212.724,44.2761],"carpPosition":[92.9054,233.727,75.6884],"dipPosition":[57.9268,213.247,30.3015],"direction":[0.108248,-0.629047,0.769793],"extended":false,"handId":84,"id":843,"length":55.6162,"mcpPosition":[78.6867,255.942,25.225],"pipPosition":[55.3383,228.29,11.8934],"stabilizedTipPosition":[63.3573,215.013,41.3681],"timeVisible":5.61982,"tipPosition":[63.5589,212.186,40.7621],"tipVelocity":[0.391748,-50.0855,2.34412],"tool":false,"touchDistance":0.333333,"touchZone":"none","type":3,"width":17.5001},{"bases":[[[0.707211,-0.619195,-0.341249],[0.698819,0.685436,0.204524],[0.107264,-0.383113,0.917452]],[[0.68757,-0.564844,-0.456289],[-0.0946442,0.553319,-0.827575],[0.719924,0.612201,0.326986]],[[0.68757,-0.564844,-0.456289],[-0.726118,-0.535382,-0.431414],[-0.000607147,0.627947,-0.778256]],[[0.68757,-0.564844,-0.456289],[-0.533279,-0.819297,0.210631],[-0.492809,0.0985062,-0.864543]]],"btipPosition":[79.5841,214.183,37.1752],"carpPosition":[99.8692,224.743,69.5105],"dipPosition":[72.2515,215.649,24.3115],"direction":[0.000607147,-0.627947,0.778256],"extended":false,"handId":84,"id":844,"length":43.6021,"mcpPosition":[94.2154,244.937,21.1523],"pipPosition":[72.2413,226.251,11.1717],"stabilizedTipPosition":[77.4887,216.363,34.2401],"timeVisible":5.61982,"tipPosition":[76.3405,213.651,32.946],"tipVelocity":[-1.38851,-49.1021,2.49738],"tool":false,"touchDistance":0.333333,"touchZone":"none","type":4,"width":15.545}],"r":[[0.964477,-0.13019,-0.229859],[0.0969053,0.98383,-0.150624],[0.245752,0.122999,0.961497]],"s":1.05364,"t":[-98.9157,80.953,96.555],"timestamp":7744614448},{"currentFrameRate":109.823,"devices":[],"gestures":[],"hands":[{"armBasis":[[0.626556,0.140206,-0.766661],[0.460399,0.727124,0.509238],[0.628856,-0.672036,0.391034]],"armWidth":60.538,"confidence":1,"direction":[-0.296743,0.545556,-0.783781],"elbow":[253.255,44.3032,189.721],"grabAngle":2.69683,"grabStrength":0,"id":84,"palmNormal":[-0.423245,-0.810871,-0.404169],"palmPosition":[67.3292,246.702,44.9941],"palmVelocity":[-6.99251,-59.3669,-3.76932],"palmWidth":82.711,"pinchDistance":55.1004,"pinchStrength":0.608684,"r":[[0.964748,-0.12928,-0.229232],[0.0959023,0.983834,-0.151239],[0.245079,0.123924,0.961551]],"s":1.0541,"sphereCenter":[67.7419,221.026,6.12422],"sphereRadius":48.5646,"stabilizedPalmPosition":[67.1595,248.937,45.3786],"t":[-98.954,80.5398,96.5199],"timeVisible":5.62781,"type":"right","wrist":[98.9124,209.243,93.7478]}],"id":110161,"interactionBox":{"center":[0,200,0],"size":[235.247,235.247,147.751]},"pointables":[{"bases":[[[0.794065,-0.117191,-0.596428],[0.353847,0.886954,0.296826],[0.494219,-0.446743,0.745767]],[[0.905626,-0.245599,-0.34572],[0.358649,0.878596,0.315342],[0.226301,-0.409574,0.883763]],[[0.905626,-0.245599,-0.34572],[0.358649,0.878596,0.315342],[0.226301,-0.409574,0.883763]],[[0.905626,-0.245599,-0.34572],[0.323241,0.927483,0.18786],[0.274511,-0.281882,0.91934]]],"btipPosition":[24.7717,293.405,-26.0677],"carpPosition":[74.9859,235.637,88.5796],"dipPosition":[28.8204,289.248,-12.5087],"direction":[-0.226301,0.409574,-0.883763],"extended":true,"handId":84,"id":841,"length":50.764,"mcpPosition":[41.9347,265.513,38.7059],"pipPosition":[33.542,280.703,5.93057],"stabilizedTipPosition":[25.7729,292.859,-22.8915],"timeVisible":5.62781,"tipPosition":[24.35,289.264,-23.6275],"tipVelocity":[-15.3786,-72.5325,-6.98056],"tool":false,"touchDistance":-0.295518,"touchZone":"touching","type":1,"width":18.7255},{"bases":[[[0.665126,0.746494,0.0188188],[-0.383848,0.320175,0.866111],[0.640521,-0.583297,0.499497]],[[0.495876,0.862714,-0.0991536],[-0.601751,0.423692,0.677038],[0.626101,-0.276061,0.729238]],[[0.495876,0.862714,-0.0991536],[-0.790029,0.495578,0.360911],[0.360501,-0.100633,0.927314]],[[0.495876,0.862714,-0.0991536],[-0.868148,0.495208,-0.032985],[0.0206451,0.102437,0.994525]]],"btipPosition":[24.6362,230.889,12.002],"carpPosition":[64.0733,217.47,92.4765],"dipPosition":[25.0532,232.959,32.094],"direction":[-0.360501,0.100633,-0.927315],"extended":false,"handId":84,"id":840,"length":44.9881,"mcpPosition":[64.0733,217.47,92.4765],"pipPosition":[35.6636,229.997,59.3868],"stabilizedTipPosition":[24.6783,233.523,16.8643],"timeVisible":5.62781,"tipPosition":[24.9216,232.084,17.0605],"tipVelocity":[-1.34204,-73.6273,-6.92031],"tool":false,"touchDistance":0.126175,"touchZone":"hovering","type":0,"width":19.6037},{"bases":[[[0.781501,-0.325945,-0.531993],[0.493764,0.844349,0.20802],[0.381384,-0.425247,0.820799]],[[0.795878,-0.342397,-0.499342],[-0.214059,0.612344,-0.761061],[0.566354,0.7126,0.414058]],[[0.795878,-0.342397,-0.499342],[-0.588515,-0.631226,-0.505178],[-0.142226,0.69593,-0.703884]],[[0.795878,-0.342397,-0.499342],[-0.351214,-0.932881,0.0798889],[-0.49318,0.111794,-0.862714]]],"btipPosition":[47.8005,214.374,44.0254],"carpPosition":[84.0611,235.951,82.0356],"dipPosition":[39.8002,216.187,30.0308],"direction":[0.142226,-0.69593,0.703884],"extended":false,"handId":84,"id":842,"length":57.8415,"mcpPosition":[59.8737,262.92,29.9805],"pipPosition":[36.309,233.27,12.7525],"stabilizedTipPosition":[45.4378,217.189,40.9089],"timeVisible":5.62781,"tipPosition":[44.8739,213.217,39.4752],"tipVelocity":[6.84453,-70.8123,-1.40881],"tool":false,"touchDistance":0.333333,"touchZone":"none","type":2,"width":18.3909},{"bases":[[[0.789646,-0.447688,-0.419565],[0.560243,0.804918,0.19554],[0.250174,-0.389465,0.886414]],[[0.776852,-0.428655,-0.461255],[-0.183576,0.546522,-0.817077],[0.60233,0.719423,0.345876]],[[0.776852,-0.428655,-0.461255],[-0.620061,-0.64833,-0.441807],[-0.109662,0.629224,-0.769448]],[[0.776852,-0.428655,-0.461255],[-0.386036,-0.902927,0.188945],[-0.497471,0.0312789,-0.866916]]],"btipPosition":[66.035,212.215,44.251],"carpPosition":[92.8652,233.337,75.682],"dipPosition":[58.0116,212.72,30.269],"direction":[0.109662,-0.629224,0.769448],"extended":false,"handId":84,"id":843,"length":55.6162,"mcpPosition":[78.6202,255.513,25.2091],"pipPosition":[55.3892,227.766,11.8692],"stabilizedTipPosition":[63.4214,214.807,41.3425],"timeVisible":5.62781,"tipPosition":[63.6348,211.7,40.7197],"tipVelocity":[9.47022,-64.2122,-3.34775],"tool":false,"touchDistance":0.333333,"touchZone":"none","type":3,"width":17.5001},{"bases":[[[0.709798,-0.616556,-0.340655],[0.696128,0.687895,0.205441],[0.107669,-0.382961,0.917469]],[[0.690101,-0.562289,-0.455622],[-0.0962395,0.55267,-0.827825],[0.717285,0.615132,0.327284]],[[0.690101,-0.562289,-0.455622],[-0.723711,-0.537635,-0.432656],[-0.00168077,0.628315,-0.777957]],[[0.690101,-0.562289,-0.455622],[-0.530693,-0.82122,0.209671],[-0.492062,0.0971014,-0.865128]]],"btipPosition":[79.649,213.737,37.1676],"carpPosition":[99.8679,224.38,69.5092],"dipPosition":[72.3276,215.181,24.2952],"direction":[0.00168077,-0.628315,0.777957],"extended":false,"handId":84,"id":844,"length":43.6021,"mcpPosition":[94.1928,244.565,21.1501],"pipPosition":[72.2992,225.79,11.1605],"stabilizedTipPosition":[77.5256,216.185,34.2375],"timeVisible":5.62781,"tipPosition":[76.4207,213.213,32.9191],"tipVelocity":[8.44135,-56.4653,-1.20368],"tool":false,"touchDistance":0.333333,"touchZone":"none","type":4,"width":15.545}],"r":[[0.964748,-0.12928,-0.229232],[0.0959023,0.983834,-0.151239],[0.245079,0.123924,0.961551]],"s":1.0541,"t":[-98.954,80.5398,96.5199],"timestamp":7744622439},{"currentFrameRate":108.739,"devices":[],"gestures":[],"hands":[{"armBasis":[[0.627538,0.14125,-0.765666],[0.459508,0.726683,0.51067],[0.628528,-0.672295,0.391116]],"armWidth":60.538,"confidence":1,"direction":[-0.29689,0.544921,-0.784167],"elbow":[253.122,43.6481,189.72],"grabAngle":2.69716,"grabStrength":0,"id":84,"palmNormal":[-0.421887,-0.811552,-0.404222],"palmPosition":[67.2726,246.066,44.9441],"palmVelocity":[-5.08783,-57.0929,-4.4856],"palmWidth":82.711,"pinchDistance":55.0878,"pinchStrength":0.606606,"r":[[0.965031,-0.128313,-0.228583],[0.0948639,0.983852,-0.151779],[0.244367,0.124787,0.96162]],"s":1.05458,"sphereCenter":[67.7592,220.363,6.07148],"sphereRadius":48.5939,"stabilizedPalmPosition":[67.1696,248.68,45.3397],"t":[-99.0014,80.0153,96.4774],"timeVisible":5.63894,"type":"right","wrist":[98.8603,208.652,93.7267]}],"id":110162,"interactionBox":{"center":[0,200,0],"size":[235.247,235.247,147.751]},"pointables":[{"bases":[[[0.794651,-0.116335,-0.595816],[0.352468,0.88751,0.296804],[0.494264,-0.445861,0.746265]],[[0.90626,-0.244621,-0.344752],[0.357308,0.879081,0.31551],[0.225885,-0.409117,0.884081]],[[0.90626,-0.244621,-0.344752],[0.357308,0.879081,0.31551],[0.225885,-0.409117,0.884081]],[[0.90626,-0.244621,-0.344752],[0.321464,0.928419,0.186277],[0.274507,-0.279641,0.920025]]],"btipPosition":[24.7191,292.675,-26.1705],"carpPosition":[74.9121,235.025,88.5386],"dipPosition":[28.7677,288.55,-12.6013],"direction":[-0.225885,0.409117,-0.884081],"extended":true,"handId":84,"id":841,"length":50.764,"mcpPosition":[41.8579,264.842,38.6317],"pipPosition":[33.4807,280.014,5.84453],"stabilizedTipPosition":[25.6911,292.103,-22.997],"timeVisible":5.63894,"tipPosition":[24.289,288.554,-23.721],"tipVelocity":[-4.72617,-64.9301,-9.02134],"tool":false,"touchDistance":-0.295806,"touchZone":"touching","type":1,"width":18.7255},{"bases":[[[0.664133,0.747372,0.0190669],[-0.384896,0.319941,0.865733],[0.640924,-0.5823,0.500143]],[[0.495037,0.863222,-0.0989247],[-0.602162,0.422927,0.677152],[0.62637,-0.275647,0.729163]],[[0.495037,0.863222,-0.0989247],[-0.790464,0.494701,0.36116],[0.3607,-0.100591,0.927242]],[[0.495037,0.863222,-0.0989247],[-0.86862,0.494417,-0.0324249],[0.0209202,0.101979,0.994567]]],"btipPosition":[24.5598,230.253,11.9636],"carpPosition":[64.0206,216.845,92.4333],"dipPosition":[24.9825,232.313,32.0563],"direction":[-0.3607,0.100591,-0.927242],"extended":false,"handId":84,"id":840,"length":44.9881,"mcpPosition":[64.0206,216.845,92.4333],"pipPosition":[35.5986,229.353,59.347],"stabilizedTipPosition":[24.6757,233.189,16.8309],"timeVisible":5.63894,"tipPosition":[24.9028,231.38,16.9819],"tipVelocity":[-6.7405,-57.3022,-3.43893],"tool":false,"touchDistance":0.125537,"touchZone":"hovering","type":0,"width":19.6037},{"bases":[[[0.782313,-0.325085,-0.531324],[0.492504,0.845061,0.208114],[0.381347,-0.42449,0.821208]],[[0.797353,-0.34229,-0.497057],[-0.21361,0.610227,-0.762885],[0.564445,0.714465,0.41345]],[[0.797353,-0.34229,-0.497057],[-0.586725,-0.632555,-0.505596],[-0.141356,0.694774,-0.7052]],[[0.797353,-0.34229,-0.497057],[-0.350402,-0.933134,0.0804904],[-0.491372,0.10999,-0.863977]]],"btipPosition":[47.7621,213.704,44.0431],"carpPosition":[83.9917,235.349,82.0011],"dipPosition":[39.7912,215.488,30.0279],"direction":[0.141356,-0.694774,0.7052],"extended":false,"handId":84,"id":842,"length":57.8415,"mcpPosition":[59.8067,262.27,29.9201],"pipPosition":[36.3214,232.542,12.7174],"stabilizedTipPosition":[45.4922,216.848,40.899],"timeVisible":5.63894,"tipPosition":[44.8703,212.558,39.4262],"tipVelocity":[-2.83647,-60.791,1.16101],"tool":false,"touchDistance":0.333333,"touchZone":"none","type":2,"width":18.3909},{"bases":[[[0.790537,-0.446782,-0.418852],[0.559044,0.805713,0.195693],[0.250042,-0.38886,0.886717]],[[0.777847,-0.427921,-0.460259],[-0.183914,0.545307,-0.817812],[0.600941,0.72078,0.345465]],[[0.777847,-0.427921,-0.460259],[-0.618862,-0.649026,-0.442465],[-0.10938,0.629006,-0.769667]],[[0.777847,-0.427921,-0.460259],[-0.385276,-0.9033,0.188709],[-0.496504,0.03054,-0.867497]]],"btipPosition":[66.0124,211.553,44.237],"carpPosition":[92.8038,232.744,75.6547],"dipPosition":[58.0045,212.045,30.2456],"direction":[0.10938,-0.629006,0.769667],"extended":false,"handId":84,"id":843,"length":55.6162,"mcpPosition":[78.5663,254.886,25.1646],"pipPosition":[55.3889,227.087,11.8405],"stabilizedTipPosition":[63.5007,214.474,41.3083],"timeVisible":5.63894,"tipPosition":[63.6285,211.06,40.6788],"tipVelocity":[-1.71197,-59.7278,-1.45845],"tool":false,"touchDistance":0.333333,"touchZone":"none","type":3,"width":17.5001},{"bases":[[[0.710853,-0.61573,-0.339947],[0.695076,0.688872,0.20573],[0.107506,-0.382533,0.917666]],[[0.691189,-0.561571,-0.454858],[-0.0969018,0.551706,-0.82839],[0.716148,0.616651,0.326916]],[[0.691189,-0.561571,-0.454858],[-0.722673,-0.538396,-0.433444],[-0.00148409,0.628305,-0.777966]],[[0.691189,-0.561571,-0.454858],[-0.529938,-0.821798,0.209319],[-0.491348,0.0963676,-0.865615]]],"btipPosition":[79.6332,213.093,37.1564],"carpPosition":[99.8228,223.794,69.4898],"dipPosition":[72.3223,214.527,24.2768],"direction":[0.00148409,-0.628305,0.777966],"extended":false,"handId":84,"id":844,"length":43.6021,"mcpPosition":[94.1562,243.957,21.1203],"pipPosition":[72.2973,225.135,11.1419],"stabilizedTipPosition":[77.5706,215.893,34.2329],"timeVisible":5.63894,"tipPosition":[76.4197,212.587,32.8888],"tipVelocity":[-1.20149,-57.9877,-1.15319],"tool":false,"touchDistance":0.333333,"touchZone":"none","type":4,"width":15.545}],"r":[[0.965031,-0.128313,-0.228583],[0.0948639,0.983852,-0.151779],[0.244367,0.124787,0.96162]],"s":1.05458,"t":[-99.0014,80.0153,96.4774],"timestamp":7744633575},{"currentFrameRate":110.35,"devices":[],"gestures":[],"hands":[{"armBasis":[[0.628651,0.142792,-0.764466],[0.458445,0.725993,0.512604],[0.628193,-0.672715,0.390934]],"armWidth":60.538,"confidence":1,"direction":[-0.297136,0.543777,-0.784868],"elbow":[252.99,43.011,189.682],"grabAngle":2.69733,"grabStrength":0,"id":84,"palmNormal":[-0.42009,-0.812613,-0.403961],"palmPosition":[67.2119,245.458,44.9052],"palmVelocity":[-9.80994,-98.3419,-6.29694],"palmWidth":82.711,"pinchDistance":55.06,"pinchStrength":0.604224,"r":[[0.965343,-0.127234,-0.227869],[0.0937145,0.983873,-0.15235],[0.243578,0.125716,0.961699]],"s":1.05509,"sphereCenter":[67.7855,219.718,6.05416],"sphereRadius":48.6104,"stabilizedPalmPosition":[67.1719,248.509,45.3166],"t":[-99.0555,79.4488,96.4366],"timeVisible":5.64513,"type":"right","wrist":[98.8102,208.118,93.7341]}],"id":110163,"interactionBox":{"center":[0,200,0],"size":[235.247,235.247,147.751]},"pointables":[{"bases":[[[0.795395,-0.115406,-0.595002],[0.350634,0.888364,0.29642],[0.49437,-0.4444,0.747066]],[[0.907074,-0.243417,-0.34346],[0.355477,0.879943,0.315177],[0.225506,-0.407981,0.884703]],[[0.907074,-0.243417,-0.34346],[0.355477,0.879943,0.315177],[0.225506,-0.407981,0.884703]],[[0.907074,-0.243417,-0.34346],[0.319845,0.928968,0.186329],[0.273708,-0.278868,0.920498]]],"btipPosition":[24.6649,291.939,-26.2904],"carpPosition":[74.8313,234.464,88.5153],"dipPosition":[28.7018,287.826,-12.7143],"direction":[-0.225506,0.407981,-0.884703],"extended":true,"handId":84,"id":841,"length":50.764,"mcpPosition":[41.7699,264.184,38.5548],"pipPosition":[33.4068,279.314,5.74458],"stabilizedTipPosition":[25.6452,291.582,-23.0772],"timeVisible":5.64513,"tipPosition":[24.2181,287.821,-23.8316],"tipVelocity":[-9.19493,-118.443,-19.1158],"tool":false,"touchDistance":-0.296333,"touchZone":"touching","type":1,"width":18.7255},{"bases":[[[0.662798,0.748555,0.0190771],[-0.386245,0.319947,0.865129],[0.641493,-0.580774,0.501186]],[[0.493983,0.863826,-0.098922],[-0.603112,0.422379,0.676647],[0.626288,-0.274591,0.729632]],[[0.493983,0.863826,-0.098922],[-0.79121,0.493774,0.360796],[0.36051,-0.0999589,0.927384]],[[0.493983,0.863826,-0.098922],[-0.869222,0.493362,-0.0323658],[0.020846,0.101973,0.994569]]],"btipPosition":[24.5182,229.61,11.9193],"carpPosition":[63.9682,216.269,92.4145],"dipPosition":[24.9394,231.67,32.0121],"direction":[-0.36051,0.0999589,-0.927384],"extended":false,"handId":84,"id":840,"length":44.9881,"mcpPosition":[63.9682,216.269,92.4145],"pipPosition":[35.5499,228.728,59.307],"stabilizedTipPosition":[24.6714,232.969,16.8104],"timeVisible":5.64513,"tipPosition":[24.8921,230.672,16.9143],"tipVelocity":[-6.77728,-103.922,-7.15356],"tool":false,"touchDistance":0.125612,"touchZone":"hovering","type":0,"width":19.6037},{"bases":[[[0.783367,-0.324127,-0.530356],[0.490826,0.846092,0.20789],[0.381347,-0.423167,0.82189]],[[0.799145,-0.342146,-0.494271],[-0.213305,0.607327,-0.765281],[0.562022,0.717001,0.412361]],[[0.799145,-0.342146,-0.494271],[-0.584396,-0.634877,-0.505383],[-0.140886,0.692724,-0.707308]],[[0.799145,-0.342146,-0.494271],[-0.348833,-0.93357,0.0822415],[-0.489575,0.106695,-0.865409]]],"btipPosition":[47.7467,213.068,44.1048],"carpPosition":[83.9161,234.799,81.9858],"dipPosition":[39.805,214.799,30.0664],"direction":[0.140886,-0.692724,0.707308],"extended":false,"handId":84,"id":842,"length":57.8415,"mcpPosition":[59.7311,261.636,29.8615],"pipPosition":[36.3467,231.803,12.7041],"stabilizedTipPosition":[45.5204,216.625,40.8974],"timeVisible":5.64513,"tipPosition":[44.8798,211.915,39.4022],"tipVelocity":[-1.40681,-104.656,9.11138],"tool":false,"touchDistance":0.333333,"touchZone":"none","type":2,"width":18.3909},{"bases":[[[0.791703,-0.44572,-0.41778],[0.557447,0.806851,0.195562],[0.249921,-0.387717,0.887251]],[[0.779165,-0.427124,-0.458767],[-0.184361,0.543365,-0.819003],[0.599094,0.722717,0.344626]],[[0.779165,-0.427124,-0.458767],[-0.617207,-0.650475,-0.442648],[-0.109351,0.62805,-0.770452]],[[0.779165,-0.427124,-0.458767],[-0.38399,-0.903737,0.189239],[-0.495433,0.0287137,-0.868171]]],"btipPosition":[66.0074,210.926,44.2633],"carpPosition":[92.7386,232.205,75.6494],"dipPosition":[58.0168,211.389,30.261],"direction":[0.109351,-0.62805,0.770452],"extended":false,"handId":84,"id":843,"length":55.6162,"mcpPosition":[78.508,254.282,25.1289],"pipPosition":[55.4019,226.408,11.8372],"stabilizedTipPosition":[63.5427,214.258,41.2916],"timeVisible":5.64513,"tipPosition":[63.6348,210.443,40.6654],"tipVelocity":[-0.167778,-102.368,3.84713],"tool":false,"touchDistance":0.333333,"touchZone":"none","type":3,"width":17.5001},{"bases":[[[0.712245,-0.614746,-0.338814],[0.693674,0.690258,0.205814],[0.107346,-0.381616,0.918066]],[[0.692615,-0.560771,-0.453673],[-0.0978011,0.550142,-0.829324],[0.714646,0.618773,0.326193]],[[0.692615,-0.560771,-0.453673],[-0.721305,-0.539892,-0.433861],[-0.00163811,0.627735,-0.778425]],[[0.692615,-0.560771,-0.453673],[-0.528703,-0.822534,0.209547],[-0.49067,0.0947231,-0.866182]]],"btipPosition":[79.6362,212.483,37.1818],"carpPosition":[99.7789,223.262,69.498],"dipPosition":[72.3354,213.892,24.2937],"direction":[0.00163811,-0.627735,0.778425],"extended":false,"handId":84,"id":844,"length":43.6021,"mcpPosition":[94.1208,243.377,21.1074],"pipPosition":[72.3077,224.49,11.1511],"stabilizedTipPosition":[77.5947,215.7,34.232],"timeVisible":5.64513,"tipPosition":[76.4322,211.987,32.8875],"tipVelocity":[0.852067,-99.6012,3.78879],"tool":false,"touchDistance":0.333333,"touchZone":"none","type":4,"width":15.545}],"r":[[0.965343,-0.127234,-0.227869],[0.0937145,0.983873,-0.15235],[0.243578,0.125716,0.961699]],"s":1.05509,"t":[-99.0555,79.4488,96.4366],"timestamp":7744639763},{"currentFrameRate":109.714,"devices":[],"gestures":[],"hands":[{"armBasis":[[0.631448,0.146747,-0.761405],[0.45612,0.723791,0.517766],[0.627079,-0.674235,0.390102]],"armWidth":60.538,"confidence":1,"direction":[-0.298171,0.54013,-0.78699],"elbow":[252.642,41.915,189.557],"grabAngle":2.69693,"grabStrength":0,"id":84,"palmNormal":[-0.4155,-0.815727,-0.40243],"palmPosition":[67.0894,244.507,44.8538],"palmVelocity":[-11.9514,-92.7923,-5.0193],"palmWidth":82.711,"pinchDistance":55.082,"pinchStrength":0.601362,"r":[[0.965796,-0.125595,-0.226856],[0.0919309,0.983888,-0.153337],[0.242459,0.127237,0.961782]],"s":1.05574,"sphereCenter":[67.8642,218.677,6.08018],"sphereRadius":48.6334,"stabilizedPalmPosition":[67.1643,248.14,45.2739],"t":[-99.1438,78.6903,96.3906],"timeVisible":5.65538,"type":"right","wrist":[98.7356,207.395,93.8132]}],"id":110164,"interactionBox":{"center":[0,200,0],"size":[235.247,235.247,147.751]},"pointables":[{"bases":[[[0.797071,-0.113374,-0.593148],[0.345897,0.890843,0.29454],[0.495009,-0.439937,0.749281]],[[0.908965,-0.240307,-0.340641],[0.351071,0.881895,0.314659],[0.224795,-0.405603,0.885976]],[[0.908965,-0.240307,-0.340641],[0.351071,0.881895,0.314659],[0.224795,-0.405603,0.885976]],[[0.908965,-0.240307,-0.340641],[0.315427,0.930722,0.185103],[0.27256,-0.275699,0.921792]]],"btipPosition":[24.5254,290.666,-26.537],"carpPosition":[74.6764,233.674,88.5097],"dipPosition":[28.5453,286.6,-12.9418],"direction":[-0.224795,0.405603,-0.885976],"extended":true,"handId":84,"id":841,"length":50.764,"mcpPosition":[41.5723,263.095,38.4011],"pipPosition":[33.2355,278.137,5.54366],"stabilizedTipPosition":[25.514,290.338,-23.301],"timeVisible":5.65538,"tipPosition":[24.0395,286.493,-24.0817],"tipVelocity":[-14,-123.213,-23.6422],"tool":false,"touchDistance":-0.298666,"touchZone":"touching","type":1,"width":18.7255},{"bases":[[[0.659245,0.751708,0.0181957],[-0.389404,0.320604,0.863469],[0.643243,-0.576322,0.504074]],[[0.490282,0.865767,-0.100352],[-0.605779,0.421285,0.674945],[0.626622,-0.270122,0.731012]],[[0.490282,0.865767,-0.100352],[-0.793547,0.491041,0.359391],[0.360426,-0.0965686,0.927776]],[[0.490282,0.865767,-0.100352],[-0.871326,0.489579,-0.0332233],[0.0203667,0.103728,0.994397]]],"btipPosition":[24.4383,228.443,11.8744],"carpPosition":[63.8912,215.439,92.4404],"dipPosition":[24.8497,230.538,31.9638],"direction":[-0.360426,0.0965686,-0.927776],"extended":false,"handId":84,"id":840,"length":44.9881,"mcpPosition":[63.8912,215.439,92.4404],"pipPosition":[35.4578,227.696,59.2702],"stabilizedTipPosition":[24.6543,232.47,16.7715],"timeVisible":5.65538,"tipPosition":[24.8905,229.439,16.822],"tipVelocity":[-8.02438,-113.175,-4.45661],"tool":false,"touchDistance":0.127639,"touchZone":"hovering","type":0,"width":19.6037},{"bases":[[[0.785896,-0.321963,-0.527927],[0.486455,0.848976,0.2064],[0.381745,-0.419022,0.823828]],[[0.802703,-0.34099,-0.489278],[-0.21344,0.601815,-0.769586],[0.556876,0.722181,0.410298]],[[0.802703,-0.34099,-0.489278],[-0.579506,-0.639745,-0.504876],[-0.140856,0.688805,-0.711131]],[[0.802703,-0.34099,-0.489278],[-0.345028,-0.934702,0.0853684],[-0.486439,0.100289,-0.86794]]],"btipPosition":[47.74,212.024,44.2135],"carpPosition":[83.7721,234.033,81.9966],"dipPosition":[39.8491,213.651,30.1341],"direction":[0.140856,-0.688805,0.711131],"extended":false,"handId":84,"id":842,"length":57.8415,"mcpPosition":[59.5619,260.607,29.7495],"pipPosition":[36.3916,230.559,12.6779],"stabilizedTipPosition":[45.5662,216.146,40.9063],"timeVisible":5.65538,"tipPosition":[44.9324,210.855,39.4153],"tipVelocity":[0.48726,-104.28,9.68926],"tool":false,"touchDistance":0.333333,"touchZone":"none","type":2,"width":18.3909},{"bases":[[[0.794585,-0.443194,-0.414987],[0.553282,0.810014,0.194311],[0.250028,-0.384001,0.888836]],[[0.782266,-0.425094,-0.455363],[-0.185338,0.539063,-0.821621],[0.594735,0.727122,0.342905]],[[0.782266,-0.425094,-0.455363],[-0.61321,-0.654191,-0.442727],[-0.109694,0.625563,-0.772423]],[[0.782266,-0.425094,-0.455363],[-0.380675,-0.904827,0.19072],[-0.493098,0.0241514,-0.869638]]],"btipPosition":[66.0201,209.935,44.3454],"carpPosition":[92.6188,231.462,75.6846],"dipPosition":[58.0672,210.324,30.3195],"direction":[0.109694,-0.625563,0.772423],"extended":false,"handId":84,"id":843,"length":55.6162,"mcpPosition":[78.3821,253.328,25.0738],"pipPosition":[55.4441,225.284,11.8485],"stabilizedTipPosition":[63.6124,213.803,41.2731],"timeVisible":5.65538,"tipPosition":[63.6865,209.466,40.7091],"tipVelocity":[2.09075,-98.4013,7.48805],"tool":false,"touchDistance":0.333333,"touchZone":"none","type":3,"width":17.5001},{"bases":[[[0.715769,-0.612363,-0.335688],[0.690035,0.694091,0.205158],[0.107367,-0.378482,0.919361]],[[0.696132,-0.558866,-0.450632],[-0.0994286,0.546594,-0.831474],[0.710996,0.623621,0.324934]],[[0.696132,-0.558866,-0.450632],[-0.717911,-0.543859,-0.434536],[-0.00223221,0.626008,-0.779813]],[[0.696132,-0.558866,-0.450632],[-0.525679,-0.824299,0.210219],[-0.48894,0.0905477,-0.867605]]],"btipPosition":[79.6646,211.534,37.2709],"carpPosition":[99.7128,222.535,69.5723],"dipPosition":[72.3896,212.881,24.3617],"direction":[0.00223221,-0.626008,0.779813],"extended":false,"handId":84,"id":844,"length":43.6021,"mcpPosition":[94.0535,242.485,21.1135],"pipPosition":[72.3519,223.45,11.1956],"stabilizedTipPosition":[77.6367,215.292,34.2394],"timeVisible":5.65538,"tipPosition":[76.4939,211.048,32.9537],"tipVelocity":[3.35632,-94.0363,8.22379],"tool":false,"touchDistance":0.333333,"touchZone":"none","type":4,"width":15.545}],"r":[[0.965796,-0.125595,-0.226856],[0.0919309,0.983888,-0.153337],[0.242459,0.127237,0.961782]],"s":1.05574,"t":[-99.1438,78.6903,96.3906],"timestamp":7744650007},{"currentFrameRate":110.768,"devices":[],"gestures":[],"hands":[{"armBasis":[[0.635267,0.152759,-0.757034],[0.451236,0.722098,0.524366],[0.626754,-0.674714,0.389795]],"armWidth":60.538,"confidence":1,"direction":[-0.299443,0.537075,-0.788596],"elbow":[252.51,41.1342,189.585],"grabAngle":2.69624,"grabStrength":0,"id":84,"palmNormal":[-0.408398,-0.819127,-0.402793],"palmPosition":[66.9706,243.619,44.8398],"palmVelocity":[-16.6042,-124.161,-1.95549],"palmWidth":82.711,"pinchDistance":55.0967,"pinchStrength":0.598614,"r":[[0.966477,-0.122965,-0.225392],[0.0892081,0.983988,-0.154303],[0.240757,0.129024,0.961971]],"s":1.05648,"sphereCenter":[68.0764,217.753,6.08745],"sphereRadius":48.6717,"stabilizedPalmPosition":[67.1504,247.816,45.2428],"t":[-99.2473,77.8666,96.3605],"timeVisible":5.66253,"type":"right","wrist":[98.6832,206.731,93.916]}],"id":110165,"interactionBox":{"center":[0,200,0],"size":[235.247,235.247,147.751]},"pointables":[{"bases":[[[0.799772,-0.108411,-0.590433],[0.338613,0.893621,0.294589],[0.495687,-0.435533,0.751403]],[[0.911891,-0.234491,-0.336851],[0.344068,0.884205,0.315909],[0.223767,-0.403974,0.88698]],[[0.911891,-0.234491,-0.336851],[0.344068,0.884205,0.315909],[0.223767,-0.403974,0.88698]],[[0.911891,-0.234491,-0.336851],[0.308795,0.932621,0.186717],[0.270371,-0.274284,0.922859]]],"btipPosition":[24.3882,289.473,-26.7296],"carpPosition":[74.4927,232.891,88.533],"dipPosition":[28.3758,285.428,-13.1186],"direction":[-0.223767,0.403974,-0.88698],"extended":true,"handId":84,"id":841,"length":50.764,"mcpPosition":[41.3433,262.017,38.2824],"pipPosition":[33.0446,276.999,5.38775],"stabilizedTipPosition":[25.3919,289.287,-23.4754],"timeVisible":5.66253,"tipPosition":[23.8578,285.24,-24.2798],"tipVelocity":[-20.2015,-166.01,-26.3941],"tool":false,"touchDistance":-0.299967,"touchZone":"touching","type":1,"width":18.7255},{"bases":[[[0.653834,0.756388,0.0194254],[-0.394463,0.318847,0.861821],[0.645678,-0.571151,0.50684]],[[0.484663,0.869004,-0.0996701],[-0.610161,0.417528,0.673331],[0.626742,-0.265523,0.732592]],[[0.484663,0.869004,-0.0996701],[-0.797403,0.485789,0.35799],[0.359514,-0.0940272,0.92839]],[[0.484663,0.869004,-0.0996701],[-0.874505,0.483812,-0.0341644],[0.0185326,0.10372,0.994434]]],"btipPosition":[24.4299,227.304,11.7941],"carpPosition":[63.8245,214.584,92.4506],"dipPosition":[24.8043,229.4,31.8842],"direction":[-0.359514,0.0940272,-0.92839],"extended":false,"handId":84,"id":840,"length":44.9881,"mcpPosition":[63.8245,214.584,92.4506],"pipPosition":[35.3856,226.632,59.2087],"stabilizedTipPosition":[24.6407,232.01,16.7364],"timeVisible":5.66253,"tipPosition":[24.9663,228.214,16.6873],"tipVelocity":[-2.35373,-158.994,-11.1978],"tool":false,"touchDistance":0.138438,"touchZone":"hovering","type":0,"width":19.6037},{"bases":[[[0.789866,-0.316998,-0.524999],[0.47975,0.852649,0.206953],[0.382036,-0.415334,0.825558]],[[0.807605,-0.336932,-0.483994],[-0.213961,0.597382,-0.772888],[0.54954,0.727745,0.410358]],[[0.807605,-0.336932,-0.483994],[-0.572482,-0.644929,-0.506291],[-0.141556,0.685962,-0.713736]],[[0.807605,-0.336932,-0.483994],[-0.339123,-0.936778,0.086267],[-0.482461,0.094464,-0.870809]]],"btipPosition":[47.814,210.996,44.264],"carpPosition":[83.6067,233.306,82.0489],"dipPosition":[39.9877,212.529,30.138],"direction":[0.141556,-0.685962,0.713736],"extended":false,"handId":84,"id":842,"length":57.8415,"mcpPosition":[59.378,259.647,29.692],"pipPosition":[36.5129,229.367,12.6179],"stabilizedTipPosition":[45.6063,215.717,40.916],"timeVisible":5.66253,"tipPosition":[45.0761,209.812,39.3798],"tipVelocity":[12.4101,-146.583,5.55162],"tool":false,"touchDistance":0.333333,"touchZone":"none","type":2,"width":18.3909},{"bases":[[[0.799049,-0.438031,-0.411886],[0.546891,0.814147,0.195127],[0.249864,-0.381173,0.890098]],[[0.787059,-0.420524,-0.451329],[-0.186099,0.535686,-0.823655],[0.588137,0.732257,0.343358]],[[0.787059,-0.420524,-0.451329],[-0.606939,-0.658697,-0.444684],[-0.110289,0.623922,-0.773665]],[[0.787059,-0.420524,-0.451329],[-0.375534,-0.907067,0.190272],[-0.4894,0.0197341,-0.871836]]],"btipPosition":[66.1115,209.015,44.4051],"carpPosition":[92.4918,230.791,75.7686],"dipPosition":[58.2182,209.333,30.3438],"direction":[0.110289,-0.623922,0.773665],"extended":false,"handId":84,"id":843,"length":55.6162,"mcpPosition":[78.2644,252.495,25.0859],"pipPosition":[55.5809,224.253,11.8431],"stabilizedTipPosition":[63.6693,213.41,41.2646],"timeVisible":5.66253,"tipPosition":[63.8313,208.551,40.7276],"tipVelocity":[14.6771,-130.76,7.20323],"tool":false,"touchDistance":0.333333,"touchZone":"none","type":3,"width":17.5001},{"bases":[[[0.721177,-0.607663,-0.332639],[0.684426,0.699211,0.206555],[0.107069,-0.37663,0.920155]],[[0.701552,-0.554482,-0.447633],[-0.10107,0.544382,-0.832726],[0.705415,0.629443,0.325871]],[[0.701552,-0.554482,-0.447633],[-0.71261,-0.548858,-0.436968],[-0.00339608,0.625543,-0.780182]],[[0.701552,-0.554482,-0.447633],[-0.520932,-0.827667,0.208799],[-0.486266,0.0867033,-0.869499]]],"btipPosition":[79.7864,210.696,37.3525],"carpPosition":[99.6687,221.908,69.6899],"dipPosition":[72.5512,211.986,24.415],"direction":[0.00339608,-0.625543,0.780182],"extended":false,"handId":84,"id":844,"length":43.6021,"mcpPosition":[94.0251,241.76,21.1892],"pipPosition":[72.4938,222.547,11.2427],"stabilizedTipPosition":[77.6758,214.946,34.2504],"timeVisible":5.66253,"tipPosition":[76.6541,210.215,33.0134],"tipVelocity":[18.2888,-118.897,10.481],"tool":false,"touchDistance":0.333333,"touchZone":"none","type":4,"width":15.545}],"r":[[0.966477,-0.122965,-0.225392],[0.0892081,0.983988,-0.154303],[0.240757,0.129024,0.961971]],"s":1.05648,"t":[-99.2473,77.8666,96.3605],"timestamp":7744657166},{"currentFrameRate":110.788,"devices":[],"gestures":[],"hands":[{"armBasis":[[0.639319,0.159353,-0.752249],[0.445558,0.720549,0.531307],[0.626697,-0.674845,0.389659]],"armWidth":60.538,"confidence":1,"direction":[-0.301572,0.531879,-0.791302],"elbow":[252.463,40.4087,189.74],"grabAngle":2.69519,"grabStrength":0,"id":84,"palmNormal":[-0.39975,-0.824007,-0.401513],"palmPosition":[66.82,242.56,44.8467],"palmVelocity":[-16.7475,-117.703,0.768299],"palmWidth":82.711,"pinchDistance":55.1508,"pinchStrength":0.596229,"r":[[0.967377,-0.11928,-0.223503],[0.0853823,0.984115,-0.155652],[0.238519,0.131491,0.962195]],"s":1.05735,"sphereCenter":[68.3542,216.583,6.1384],"sphereRadius":48.7436,"stabilizedPalmPosition":[67.1182,247.304,45.2042],"t":[-99.3744,76.9256,96.349],"timeVisible":5.67152,"type":"right","wrist":[98.6502,206.038,94.105]}],"id":110166,"interactionBox":{"center":[0,200,0],"size":[235.247,235.247,147.751]},"pointables":[{"bases":[[[0.802672,-0.103163,-0.587431],[0.329668,0.897532,0.29284],[0.497028,-0.428712,0.754433]],[[0.915223,-0.227697,-0.332448],[0.335661,0.887267,0.31637],[0.222933,-0.401138,0.888476]],[[0.915223,-0.227697,-0.332448],[0.335661,0.887267,0.31637],[0.222933,-0.401138,0.888476]],[[0.915223,-0.227697,-0.332448],[0.300798,0.93504,0.187673],[0.268119,-0.271762,0.92426]]],"btipPosition":[24.1786,287.964,-26.9738],"carpPosition":[74.2913,232.039,88.5987],"dipPosition":[28.133,283.955,-13.3422],"direction":[-0.222933,0.401138,-0.888476],"extended":true,"handId":84,"id":841,"length":50.764,"mcpPosition":[41.0522,260.709,38.1455],"pipPosition":[32.7844,275.586,5.19538],"stabilizedTipPosition":[25.1721,287.662,-23.7382],"timeVisible":5.67152,"tipPosition":[23.5881,283.618,-24.5399],"tipVelocity":[-24.1615,-166.957,-26.6402],"tool":false,"touchDistance":-0.301896,"touchZone":"touching","type":1,"width":18.7255},{"bases":[[[0.647014,0.762237,0.0191634],[-0.400158,0.31806,0.859483],[0.649035,-0.563766,0.510805]],[[0.477314,0.872931,-0.100809],[-0.615222,0.413886,0.670969],[0.627434,-0.258243,0.7346]],[[0.477314,0.872931,-0.100809],[-0.802242,0.479702,0.355378],[0.358579,-0.0887538,0.929271]],[[0.477314,0.872931,-0.100809],[-0.878588,0.47617,-0.0366925],[0.0159721,0.106083,0.994229]]],"btipPosition":[24.4266,225.838,11.7703],"carpPosition":[63.7732,213.651,92.5397],"dipPosition":[24.7493,227.981,31.8563],"direction":[-0.358579,0.0887538,-0.929271],"extended":false,"handId":84,"id":840,"length":44.9881,"mcpPosition":[63.7732,213.651,92.5397],"pipPosition":[35.303,225.369,59.2067],"stabilizedTipPosition":[24.6214,231.225,16.6885],"timeVisible":5.67152,"tipPosition":[25.0437,226.69,16.6029],"tipVelocity":[-1.69513,-161.939,-2.74757],"tool":false,"touchDistance":0.150121,"touchZone":"hovering","type":0,"width":19.6037},{"bases":[[[0.794402,-0.311621,-0.521361],[0.471455,0.85754,0.205804],[0.382955,-0.40929,0.828147]],[[0.812685,-0.331843,-0.478982],[-0.216232,0.591565,-0.77672],[0.541098,0.7348,0.409001]],[[0.812685,-0.331843,-0.478982],[-0.564595,-0.651762,-0.506397],[-0.144138,0.681972,-0.717034]],[[0.812685,-0.331843,-0.478982],[-0.331233,-0.939361,0.0887968],[-0.479404,0.0864909,-0.873322]]],"btipPosition":[47.9369,209.755,44.3727],"carpPosition":[83.4228,232.515,82.1435],"dipPosition":[40.1601,211.158,30.2059],"direction":[0.144138,-0.681972,0.717034],"extended":false,"handId":84,"id":842,"length":57.8415,"mcpPosition":[59.1358,258.472,29.6225],"pipPosition":[36.622,227.899,12.6049],"stabilizedTipPosition":[45.673,215.023,40.9404],"timeVisible":5.67152,"tipPosition":[45.2491,208.55,39.4298],"tipVelocity":[14.935,-141.34,11.0494],"tool":false,"touchDistance":0.333333,"touchZone":"none","type":2,"width":18.3909},{"bases":[[[0.804283,-0.432207,-0.407831],[0.538975,0.8196,0.194324],[0.25027,-0.376102,0.892139]],[[0.792026,-0.414595,-0.448114],[-0.18921,0.531175,-0.825865],[0.580427,0.738894,0.342258]],[[0.792026,-0.414595,-0.448114],[-0.599874,-0.664812,-0.445171],[-0.113346,0.621398,-0.775253]],[[0.792026,-0.414595,-0.448114],[-0.368134,-0.909905,0.191181],[-0.487004,0.0135457,-0.873295]]],"btipPosition":[66.2793,207.899,44.5251],"carpPosition":[92.3509,230.059,75.9008],"dipPosition":[58.4246,208.117,30.4402],"direction":[0.113346,-0.621398,0.775253],"extended":false,"handId":84,"id":843,"length":55.6162,"mcpPosition":[78.1004,251.475,25.1019],"pipPosition":[55.7142,222.977,11.9015],"stabilizedTipPosition":[63.7598,212.796,41.2669],"timeVisible":5.67152,"tipPosition":[64.0079,207.455,40.8381],"tipVelocity":[19.6549,-126.761,12.7374],"tool":false,"touchDistance":0.333333,"touchZone":"none","type":3,"width":17.5001},{"bases":[[[0.727659,-0.602272,-0.328299],[0.677488,0.70593,0.206576],[0.107341,-0.372735,0.921708]],[[0.707959,-0.549663,-0.443469],[-0.103464,0.540424,-0.835007],[0.698634,0.637034,0.325728]],[[0.707959,-0.549663,-0.443469],[-0.706232,-0.555904,-0.438414],[-0.00554622,0.623571,-0.781747]],[[0.707959,-0.549663,-0.443469],[-0.514651,-0.831524,0.209049],[-0.483662,0.0802335,-0.87157]]],"btipPosition":[79.9347,209.701,37.5168],"carpPosition":[99.6267,221.221,69.8745],"dipPosition":[72.7381,210.895,24.5485],"direction":[0.00554622,-0.623571,0.781747],"extended":false,"handId":84,"id":844,"length":43.6021,"mcpPosition":[93.9688,240.867,21.2919],"pipPosition":[72.6445,221.423,11.3498],"stabilizedTipPosition":[77.7399,214.419,34.2805],"timeVisible":5.67152,"tipPosition":[76.8427,209.209,33.1626],"tipVelocity":[17.4808,-113.084,17.4869],"tool":false,"touchDistance":0.333333,"touchZone":"none","type":4,"width":15.545}],"r":[[0.967377,-0.11928,-0.223503],[0.0853823,0.984115,-0.155652],[0.238519,0.131491,0.962195]],"s":1.05735,"t":[-99.3744,76.9256,96.349],"timestamp":7744666156},{"currentFrameRate":111.167,"devices":[],"gestures":[],"hands":[{"armBasis":[[0.641996,0.164575,-0.748836],[0.44