{"frames":112,"data":[{"currentFrameRate":115.61,"devices":[],"gestures":[],"hands":[{"armBasis":[[0.914411,0.24348,-0.323372],[0.170363,0.493185,0.85308],[0.36719,-0.835156,0.409494]],"armWidth":57.5304,"confidence":1,"direction":[-0.256866,0.0351171,-0.965809],"elbow":[165.312,-127.608,178.584],"grabAngle":0.00300673,"grabStrength":0,"id":73,"palmNormal":[0.0913394,-0.993984,-0.0604341],"palmPosition":[52.0947,79.0688,20.6647],"palmVelocity":[0.642393,1.14545,1.43878],"palmWidth":80.68,"pinchDistance":39.3171,"pinchStrength":0,"r":[[0.908378,-0.0953088,0.407143],[0.104218,0.994554,0.000296809],[-0.404955,0.0421619,0.913364]],"s":1.35956,"sphereCenter":[74.0472,121.097,-23.8905],"sphereRadius":67.2753,"stabilizedPalmPosition":[52.3616,79.2361,20.4983],"t":[-33.3917,-50.0757,50.6059],"timeVisible":12.5833,"type":"right","wrist":[77.4039,72.3336,80.548]}],"id":95443,"interactionBox":{"center":[0,200,0],"size":[235.247,235.247,147.751]},"pointables":[{"bases":[[[0.255336,0.937644,-0.235856],[-0.714912,0.347329,0.606847],[0.650926,0.0136668,0.759018]],[[0.277524,0.93756,-0.209669],[-0.64861,0.343845,0.679026],[0.708721,-0.0524532,0.703536]],[[0.277524,0.93756,-0.209669],[-0.94826,0.302356,0.096874],[0.15422,0.171935,0.972962]],[[0.277524,0.93756,-0.209669],[-0.931077,0.208685,-0.299242],[-0.236803,0.278265,0.930856]]],"btipPosition":[16.7592,61.1726,-4.93325],"carpPosition":[47.8806,69.6485,74.161],"dipPosition":[11.9235,66.855,14.0756],"direction":[-0.15422,-0.171935,-0.972962],"extended":false,"handId":73,"id":730,"length":45.4743,"mcpPosition":[47.8806,69.6485,74.161],"pipPosition":[16.5115,71.9702,43.0215],"stabilizedTipPosition":[15.8097,62.3331,-0.642245],"timeVisible":12.5833,"tipPosition":[14.645,59.1596,0.43023],"tipVelocity":[0.111211,15.0946,3.0869],"tool":false,"touchDistance":0.33815,"touchZone":"hovering","type":0,"width":18.4268},{"bases":[[[0.905334,0.108163,-0.410695],[-0.151855,0.985539,-0.0751899],[0.396623,0.130438,0.908667]],[[0.988356,0.15067,-0.0212175],[-0.152134,0.980946,-0.120831],[0.00260769,0.122652,0.992446]],[[0.988356,0.15067,-0.0212175],[-0.152134,0.980946,-0.120831],[0.00260769,0.122652,0.992446]],[[0.988356,0.15067,-0.0212175],[-0.152134,0.980946,-0.120831],[0.00260769,0.122652,0.992446]]],"btipPosition":[24.6757,70.4351,-67.9632],"carpPosition":[50.7404,87.9571,64.2422],"dipPosition":[24.7145,72.2636,-53.1678],"direction":[-0.00260769,-0.122652,-0.992446],"extended":true,"handId":73,"id":731,"length":51.3126,"mcpPosition":[24.8673,79.4481,4.96667],"pipPosition":[24.7695,74.8503,-32.2371],"stabilizedTipPosition":[24.8402,70.9508,-64.5124],"timeVisible":12.5833,"tipPosition":[22.863,66.9481,-63.6086],"tipVelocity":[-2.57919,-0.427172,2.09529],"tool":false,"touchDistance":0.334843,"touchZone":"hovering","type":1,"width":17.6012},{"bases":[[[0.96313,-0.0448142,-0.265279],[0.0121336,0.992261,-0.123572],[0.268764,0.115797,0.95622]],[[0.984737,-0.0333164,-0.170832],[0.0128637,0.992756,-0.119461],[0.173575,0.11544,0.978031]],[[0.984737,-0.0333164,-0.170832],[0.0128637,0.992756,-0.119461],[0.173575,0.11544,0.978031]],[[0.984737,-0.0333164,-0.170832],[0.0128637,0.992756,-0.119461],[0.173575,0.11544,0.978031]]],"btipPosition":[29.0028,73.7689,-81.3734],"carpPosition":[60.0822,90.5447,59.2183],"dipPosition":[31.8489,75.6618,-65.3366],"direction":[-0.173575,-0.11544,-0.978031],"extended":true,"handId":73,"id":732,"length":58.4666,"mcpPosition":[43.4558,83.3812,0.0640094],"pipPosition":[36.1557,78.5261,-41.0694],"stabilizedTipPosition":[29.8077,74.4914,-77.6647],"timeVisible":12.5833,"tipPosition":[29.8802,70.1669,-76.6426],"tipVelocity":[-1.94037,-3.63616,2.7389],"tool":false,"touchDistance":0.337633,"touchZone":"hovering","type":2,"width":17.2868},{"bases":[[[0.988509,-0.101958,-0.111597],[0.0894753,0.98971,-0.111664],[0.121833,0.100396,0.98746]],[[0.967182,-0.113109,-0.227521],[0.102923,0.993101,-0.0561843],[0.232307,0.0309232,0.972151]],[[0.967182,-0.113109,-0.227521],[0.102923,0.993101,-0.0561843],[0.232307,0.0309232,0.972151]],[[0.967182,-0.113109,-0.227521],[0.102923,0.993101,-0.0561843],[0.232307,0.0309232,0.972151]]],"btipPosition":[45.1105,82.7335,-76.5439],"carpPosition":[70.3363,90.7669,55.5486],"dipPosition":[48.8977,83.2376,-60.6952],"direction":[-0.232307,-0.0309232,-0.972151],"extended":true,"handId":73,"id":733,"length":56.2172,"mcpPosition":[63.5694,85.1907,0.702742],"pipPosition":[54.5129,83.9851,-37.1969],"stabilizedTipPosition":[45.9586,82.9114,-72.7666],"timeVisible":12.5833,"tipPosition":[46.4668,76.9277,-71.9978],"tipVelocity":[-1.84087,-0.940146,2.20615],"tool":false,"touchDistance":0.332256,"touchZone":"hovering","type":3,"width":16.4494},{"bases":[[[0.967503,-0.25177,0.0234357],[0.252545,0.966759,-0.039981],[-0.0125906,0.0446003,0.998926]],[[0.928012,-0.253706,-0.272814],[0.269881,0.962623,0.0228353],[0.256823,-0.0948187,0.961796]],[[0.928012,-0.253706,-0.272814],[0.267826,0.963348,0.0151715],[0.258965,-0.087146,0.961947]],[[0.928012,-0.253706,-0.272814],[0.244904,0.967268,-0.0664458],[0.280742,-0.00515074,0.95977]]],"btipPosition":[65.6942,87.3967,-57.3904],"carpPosition":[81.6125,85.1997,54.495],"dipPosition":[69.9166,87.3192,-42.9555],"direction":[-0.258965,0.087146,-0.961947],"extended":true,"handId":73,"id":734,"length":44.0733,"mcpPosition":[82.2598,82.9066,3.13527],"pipPosition":[74.3361,85.832,-26.5388],"stabilizedTipPosition":[66.7701,87.5186,-54.0119],"timeVisible":12.5833,"tipPosition":[67.9507,81.5053,-53.9252],"tipVelocity":[-0.0461164,-2.22661,1.50714],"tool":false,"touchDistance":0.333239,"touchZone":"hovering","type":4,"width":14.6117}],"r":[[0.908378,-0.0953088,0.407143],[0.104218,0.994554,0.000296809],[-0.404955,0.0421619,0.913364]],"s":1.35956,"t":[-33.3917,-50.0757,50.6059],"timestamp":7614463620},{"currentFrameRate":115.496,"devices":[],"gestures":[],"hands":[{"armBasis":[[0.914444,0.243083,-0.32358],[0.170782,0.493084,0.853054],[0.366915,-0.835332,0.409383]],"armWidth":57.5304,"confidence":1,"direction":[-0.257145,0.0348591,-0.965744],"elbow":[165.241,-127.698,178.538],"grabAngle":0.0037898,"grabStrength":0,"id":73,"palmNormal":[0.0911507,-0.994019,-0.06015],"palmPosition":[52.0755,79.0109,20.6525],"palmVelocity":[-2.16189,-6.5411,-1.37884],"palmWidth":80.68,"pinchDistance":38.8405,"pinchStrength":0,"r":[[0.908385,-0.0953761,0.407111],[0.104372,0.994538,0.000112002],[-0.404898,0.0423891,0.913379]],"s":1.35962,"sphereCenter":[73.8001,119.035,-23.7003],"sphereRadius":65.9514,"stabilizedPalmPosition":[52.3415,79.2203,20.5091],"t":[-33.4056,-50.1133,50.596],"timeVisible":12.5921,"type":"right","wrist":[77.3992,72.2865,80.5291]}],"id":95444,"interactionBox":{"center":[0,200,0],"size":[235.247,235.247,147.751]},"pointables":[{"bases":[[[0.255427,0.937526,-0.236225],[-0.714673,0.347642,0.606949],[0.651152,0.0137923,0.758822]],[[0.278393,0.937424,-0.209125],[-0.647616,0.344001,0.679895],[0.709289,-0.0538454,0.702859]],[[0.278393,0.937424,-0.209125],[-0.948009,0.303145,0.0968618],[0.154196,0.171287,0.97308]],[[0.278393,0.937424,-0.209125],[-0.930697,0.209503,-0.299854],[-0.237278,0.278109,0.930782]]],"btipPosition":[16.7395,61.2163,-4.91328],"carpPosition":[47.8756,69.6081,74.153],"dipPosition":[11.8941,66.8955,14.0941],"direction":[-0.154196,-0.171287,-0.97308],"extended":false,"handId":73,"id":730,"length":45.4743,"mcpPosition":[47.8756,69.6081,74.153],"pipPosition":[16.4814,71.9913,43.0434],"stabilizedTipPosition":[15.7875,62.3559,-0.630132],"timeVisible":12.5921,"tipPosition":[14.6233,59.1251,0.428664],"tipVelocity":[-2.47555,4.85107,2.21669],"tool":false,"touchDistance":0.337963,"touchZone":"hovering","type":0,"width":18.4268},{"bases":[[[0.905232,0.107879,-0.410996],[-0.151707,0.985541,-0.0754534],[0.396913,0.130654,0.908509]],[[0.988374,0.150475,-0.0217969],[-0.152015,0.980831,-0.121911],[0.00303456,0.123807,0.992302]],[[0.988374,0.150475,-0.0217969],[-0.152015,0.980831,-0.121911],[0.00303456,0.123807,0.992302]],[[0.988374,0.150475,-0.0217969],[-0.152015,0.980831,-0.121911],[0.00303456,0.123807,0.992302]]],"btipPosition":[24.6206,70.2921,-67.9569],"carpPosition":[50.7356,87.913,64.2276],"dipPosition":[24.6658,72.1378,-53.1636],"direction":[-0.00303456,-0.123807,-0.992302],"extended":true,"handId":73,"id":731,"length":51.3126,"mcpPosition":[24.8436,79.39,4.96238],"pipPosition":[24.7298,74.7489,-32.236],"stabilizedTipPosition":[24.7972,70.9027,-64.521],"timeVisible":12.5921,"tipPosition":[22.8241,66.8842,-63.6122],"tipVelocity":[-6.05619,-15.7107,0.660148],"tool":false,"touchDistance":0.334779,"touchZone":"hovering","type":1,"width":17.6012},{"bases":[[[0.963044,-0.0450629,-0.265549],[0.0122678,0.992221,-0.123886],[0.269066,0.11605,0.956105]],[[0.984656,-0.0335562,-0.17125],[0.0128277,0.992601,-0.120741],[0.174035,0.116692,0.977801]],[[0.984656,-0.0335562,-0.17125],[0.0128277,0.992601,-0.120741],[0.174035,0.116692,0.977801]],[[0.984656,-0.0335562,-0.17125],[0.0128277,0.992601,-0.120741],[0.174035,0.116692,0.977801]]],"btipPosition":[28.94,73.6018,-81.3652],"carpPosition":[60.0764,90.4975,59.2002],"dipPosition":[31.7936,75.5152,-65.3322],"direction":[-0.174035,-0.116692,-0.977801],"extended":true,"handId":73,"id":732,"length":58.4666,"mcpPosition":[43.4313,83.3183,0.0530056],"pipPosition":[36.1118,78.4106,-41.0708],"stabilizedTipPosition":[29.7693,74.4099,-77.6671],"timeVisible":12.5921,"tipPosition":[29.8296,70.1032,-76.6509],"tipVelocity":[-6.89808,-18.3501,0.826502],"tool":false,"touchDistance":0.337312,"touchZone":"hovering","type":2,"width":17.2868},{"bases":[[[0.988459,-0.102163,-0.111856],[0.0896125,0.989659,-0.112],[0.122142,0.100684,0.987393]],[[0.967031,-0.11337,-0.228031],[0.102949,0.993045,-0.0571276],[0.232921,0.0317686,0.971977]],[[0.967031,-0.11337,-0.228031],[0.102949,0.993045,-0.0571276],[0.232921,0.0317686,0.971977]],[[0.967031,-0.11337,-0.228031],[0.102949,0.993045,-0.0571276],[0.232921,0.0317686,0.971977]]],"btipPosition":[45.0376,82.6002,-76.5476],"carpPosition":[70.3295,90.7168,55.5273],"dipPosition":[48.8349,83.1181,-60.7016],"direction":[-0.232921,-0.0317686,-0.971977],"extended":true,"handId":73,"id":733,"length":56.2172,"mcpPosition":[63.5455,85.1245,0.685241],"pipPosition":[54.465,83.886,-37.2076],"stabilizedTipPosition":[45.9542,82.8937,-72.7792],"timeVisible":12.5921,"tipPosition":[46.4183,76.8616,-72.0107],"tipVelocity":[-7.966,-14.7011,-0.485991],"tool":false,"touchDistance":0.332184,"touchZone":"hovering","type":3,"width":16.4494},{"bases":[[[0.967467,-0.25193,0.0232292],[0.2527,0.966703,-0.040358],[-0.0122883,0.044915,0.998915]],[[0.927888,-0.253951,-0.273008],[0.269937,0.962626,0.0220193],[0.257213,-0.0941264,0.96176]],[[0.927888,-0.253951,-0.273008],[0.267858,0.963353,0.0142789],[0.259377,-0.0863766,0.961906]],[[0.927888,-0.253951,-0.273008],[0.244853,0.967208,-0.0674956],[0.281196,-0.00421855,0.959641]]],"btipPosition":[65.6447,87.2796,-57.409],"carpPosition":[81.6044,85.1473,54.4722],"dipPosition":[69.8739,87.2162,-42.9759],"direction":[-0.259377,0.0863766,-0.961906],"extended":true,"handId":73,"id":734,"length":44.0733,"mcpPosition":[82.2362,82.838,3.11298],"pipPosition":[74.3005,85.7421,-26.56],"stabilizedTipPosition":[66.7512,87.4871,-54.0215],"timeVisible":12.5921,"tipPosition":[67.9073,81.4335,-53.9431],"tipVelocity":[-5.4175,-12.8633,-2.14548],"tool":false,"touchDistance":0.332922,"touchZone":"hovering","type":4,"width":14.6117}],"r":[[0.908385,-0.0953761,0.407111],[0.104372,0.994538,0.000112002],[-0.404898,0.0423891,0.913379]],"s":1.35962,"t":[-33.4056,-50.1133,50.596],"timestamp":7614472471},{"currentFrameRate":115.643,"devices":[],"gestures":[],"hands":[{"armBasis":[[0.914547,0.242774,-0.323518],[0.17098,0.492822,0.853166],[0.366563,-0.835576,0.4092]],"armWidth":57.5304,"confidence":1,"direction":[-0.25717,0.0347305,-0.965742],"elbow":[165.14,-127.758,178.48],"grabAngle":0.00456739,"grabStrength":0,"id":73,"palmNormal":[0.0909949,-0.994043,-0.0599796],"palmPosition":[52.0595,79.0059,20.6401],"palmVelocity":[-1.91072,-0.59578,-1.47463],"palmWidth":80.68,"pinchDistance":38.3623,"pinchStrength":0,"r":[[0.908391,-0.0954438,0.407083],[0.104525,0.994522,-0.0000711928],[-0.404846,0.0426152,0.913391]],"s":1.3596,"sphereCenter":[73.5555,117.052,-23.4966],"sphereRadius":64.6693,"stabilizedPalmPosition":[52.3243,79.2072,20.5171],"t":[-33.4206,-50.1347,50.5849],"timeVisible":12.6005,"type":"right","wrist":[77.3822,72.284,80.5154]}],"id":95445,"interactionBox":{"center":[0,200,0],"size":[235.247,235.247,147.751]},"pointables":[{"bases":[[[0.255565,0.937445,-0.236397],[-0.7146,0.347859,0.606911],[0.651178,0.0138238,0.758799]],[[0.279288,0.937321,-0.208393],[-0.646821,0.344052,0.680625],[0.709662,-0.0552975,0.702369]],[[0.279288,0.937321,-0.208393],[-0.9478,0.303884,0.096585],[0.153858,0.17054,0.973264]],[[0.279288,0.937321,-0.208393],[-0.930218,0.2103,-0.300778],[-0.2381,0.277855,0.930648]]],"btipPosition":[16.734,61.313,-4.90496],"carpPosition":[47.8598,69.613,74.1424],"dipPosition":[11.8718,66.987,14.0997],"direction":[-0.153858,-0.17054,-0.973264],"extended":false,"handId":73,"id":730,"length":45.4743,"mcpPosition":[47.8598,69.613,74.1424],"pipPosition":[16.4491,72.0606,43.0545],"stabilizedTipPosition":[15.7676,62.3862,-0.618997],"timeVisible":12.6005,"tipPosition":[14.6103,59.1456,0.414593],"tipVelocity":[-1.11656,11.3662,0.915618],"tool":false,"touchDistance":0.337615,"touchZone":"hovering","type":0,"width":18.4268},{"bases":[[[0.905235,0.107667,-0.411043],[-0.151557,0.985552,-0.0756205],[0.396962,0.130751,0.908474]],[[0.988394,0.150302,-0.0220574],[-0.151879,0.980715,-0.123007],[0.00314383,0.12493,0.992161]],[[0.988394,0.150302,-0.0220574],[-0.151879,0.980715,-0.123007],[0.00314383,0.12493,0.992161]],[[0.988394,0.150302,-0.0220574],[-0.151879,0.980715,-0.123007],[0.00314383,0.12493,0.992161]]],"btipPosition":[24.5961,70.206,-67.9581],"carpPosition":[50.7224,87.9158,64.2137],"dipPosition":[24.6429,72.0685,-53.1669],"direction":[-0.00314383,-0.12493,-0.992161],"extended":true,"handId":73,"id":731,"length":51.3126,"mcpPosition":[24.8271,79.3865,4.95079],"pipPosition":[24.7092,74.7033,-32.2423],"stabilizedTipPosition":[24.7599,70.8501,-64.5279],"timeVisible":12.6005,"tipPosition":[22.8116,66.8858,-63.6257],"tipVelocity":[-2.87423,-9.78553,-0.203118],"tool":false,"touchDistance":0.334609,"touchZone":"hovering","type":1,"width":17.6012},{"bases":[[[0.963028,-0.0452582,-0.265572],[0.0124174,0.992197,-0.12406],[0.269114,0.116175,0.956076]],[[0.98462,-0.0337558,-0.171417],[0.0128176,0.99247,-0.121815],[0.174239,0.117744,0.977639]],[[0.98462,-0.0337558,-0.171417],[0.0128176,0.99247,-0.121815],[0.174239,0.117744,0.977639]],[[0.98462,-0.0337558,-0.171417],[0.0128176,0.99247,-0.121815],[0.174239,0.117744,0.977639]]],"btipPosition":[28.907,73.5069,-81.3645],"carpPosition":[60.0634,90.498,59.1856],"dipPosition":[31.764,75.4376,-65.3342],"direction":[-0.174239,-0.117744,-0.977639],"extended":true,"handId":73,"id":732,"length":58.4666,"mcpPosition":[43.4153,83.3111,0.0401429],"pipPosition":[36.0872,78.3591,-41.0768],"stabilizedTipPosition":[29.7342,74.3314,-77.6689],"timeVisible":12.6005,"tipPosition":[29.8079,70.1037,-76.666],"tipVelocity":[-3.83784,-10.8242,0.00618593],"tool":false,"touchDistance":0.336915,"touchZone":"hovering","type":2,"width":17.2868},{"bases":[[[0.98844,-0.102335,-0.11187],[0.0897621,0.989626,-0.112176],[0.122189,0.100837,0.987371]],[[0.966916,-0.113593,-0.228407],[0.102973,0.992996,-0.0579271],[0.233388,0.0324909,0.971841]],[[0.966916,-0.113593,-0.228407],[0.102973,0.992996,-0.0579271],[0.233388,0.0324909,0.971841]],[[0.966916,-0.113593,-0.228407],[0.102973,0.992996,-0.0579271],[0.233388,0.0324909,0.971841]]],"btipPosition":[44.9849,82.5326,-76.5506],"carpPosition":[70.3164,90.715,55.5123],"dipPosition":[48.7897,83.0623,-60.7069],"direction":[-0.233388,-0.0324909,-0.971841],"extended":true,"handId":73,"id":733,"length":56.2172,"mcpPosition":[63.5297,85.1143,0.671427],"pipPosition":[54.4311,83.8476,-37.2161],"stabilizedTipPosition":[45.9455,82.8715,-72.791],"timeVisible":12.6005,"tipPosition":[46.3969,76.8629,-72.0258],"tipVelocity":[-6.07469,-7.73203,-0.421638],"tool":false,"touchDistance":0.332125,"touchZone":"hovering","type":3,"width":16.4494},{"bases":[[[0.967428,-0.252075,0.0232425],[0.252848,0.966657,-0.0405345],[-0.0122497,0.0450911,0.998908]],[[0.92784,-0.254142,-0.272993],[0.269967,0.962632,0.0213947],[0.257355,-0.0935498,0.961778]],[[0.92784,-0.254142,-0.272993],[0.267903,0.963348,0.0137149],[0.259502,-0.085861,0.961918]],[[0.92784,-0.254142,-0.272993],[0.244828,0.967161,-0.0682631],[0.281377,-0.00349903,0.959591]]],"btipPosition":[65.6195,87.2295,-57.423],"carpPosition":[81.5904,85.1436,54.4578],"dipPosition":[69.8514,87.1768,-42.9907],"direction":[-0.259502,0.085861,-0.961918],"extended":true,"handId":73,"id":734,"length":44.0733,"mcpPosition":[82.2202,82.8253,3.09897],"pipPosition":[74.2801,85.7115,-26.5745],"stabilizedTipPosition":[66.7328,87.4558,-54.031],"timeVisible":12.6005,"tipPosition":[67.8868,81.424,-53.9567],"tipVelocity":[-2.93011,-5.67347,-1.69131],"tool":false,"touchDistance":0.332686,"touchZone":"hovering","type":4,"width":14.6117}],"r":[[0.908391,-0.0954438,0.407083],[0.104525,0.994522,-0.0000711928],[-0.404846,0.0426152,0.913391]],"s":1.3596,"t":[-33.4206,-50.1347,50.5849],"timestamp":7614480870},{"currentFrameRate":115.465,"devices":[],"gestures":[],"hands":[{"armBasis":[[0.914708,0.242347,-0.323385],[0.171218,0.492444,0.853336],[0.366053,-0.835923,0.408949]],"armWidth":57.5304,"confidence":1,"direction":[-0.257396,0.0342109,-0.9657],"elbow":[165.016,-127.821,178.426],"grabAngle":0.00536061,"grabStrength":0,"id":73,"palmNormal":[0.0912939,-0.994042,-0.0595483],"palmPosition":[52.0497,79.0009,20.6508],"palmVelocity":[-1.09208,-0.556771,1.18851],"palmWidth":80.68,"pinchDistance":37.8616,"pinchStrength":0,"r":[[0.90842,-0.095404,0.407028],[0.104586,0.994516,-0.000312802],[-0.404766,0.0428537,0.913416]],"s":1.35954,"sphereCenter":[73.2873,114.994,-23.2749],"sphereRadius":63.3783,"stabilizedPalmPosition":[52.309,79.1957,20.5246],"t":[-33.433,-50.1478,50.5846],"timeVisible":12.6095,"type":"right","wrist":[77.3801,72.3048,80.521]}],"id":95446,"interactionBox":{"center":[0,200,0],"size":[235.247,235.247,147.751]},"pointables":[{"bases":[[[0.255218,0.937418,-0.23688],[-0.714574,0.34791,0.606913],[0.651343,0.0143732,0.758647]],[[0.27974,0.937288,-0.207933],[-0.646024,0.34398,0.681419],[0.71021,-0.0562902,0.701735]],[[0.27974,0.937288,-0.207933],[-0.94769,0.304253,0.0965043],[0.153717,0.17006,0.973371]],[[0.27974,0.937288,-0.207933],[-0.929941,0.210691,-0.301364],[-0.238655,0.277669,0.930561]]],"btipPosition":[16.7304,61.393,-4.86248],"carpPosition":[47.8649,69.631,74.1582],"dipPosition":[11.8568,67.0632,14.1404],"direction":[-0.153717,-0.17006,-0.973371],"extended":false,"handId":73,"id":730,"length":45.4743,"mcpPosition":[47.8649,69.631,74.1582],"pipPosition":[16.4299,72.1225,43.0984],"stabilizedTipPosition":[15.7496,62.4216,-0.604527],"timeVisible":12.6095,"tipPosition":[14.6093,59.1448,0.436061],"tipVelocity":[-0.692461,8.83072,4.69498],"tool":false,"touchDistance":0.337818,"touchZone":"hovering","type":0,"width":18.4268},{"bases":[[[0.90511,0.107765,-0.411294],[-0.151884,0.985469,-0.0760344],[0.397124,0.131288,0.908326]],[[0.98834,0.150593,-0.0224708],[-0.152224,0.980477,-0.124472],[0.0032875,0.126441,0.991969]],[[0.98834,0.150593,-0.0224708],[-0.152224,0.980477,-0.124472],[0.0032875,0.126441,0.991969]],[[0.98834,0.150593,-0.0224708],[-0.152224,0.980477,-0.124472],[0.0032875,0.126441,0.991969]]],"btipPosition":[24.5721,70.0743,-67.9275],"carpPosition":[50.7195,87.9302,64.2206],"dipPosition":[24.6211,71.9593,-53.1391],"direction":[-0.0032875,-0.126441,-0.991969],"extended":true,"handId":73,"id":731,"length":51.3126,"mcpPosition":[24.8137,79.3658,4.96735],"pipPosition":[24.6905,74.6259,-32.2185],"stabilizedTipPosition":[24.7241,70.7807,-64.5276],"timeVisible":12.6095,"tipPosition":[22.7957,66.8516,-63.6076],"tipVelocity":[-2.61931,-14.1223,3.34917],"tool":false,"touchDistance":0.334932,"touchZone":"hovering","type":1,"width":17.6012},{"bases":[[[0.962983,-0.0450764,-0.265766],[0.0120779,0.992144,-0.124513],[0.269291,0.116694,0.955963]],[[0.984571,-0.0335394,-0.171743],[0.0123141,0.992307,-0.123191],[0.174554,0.119175,0.977409]],[[0.984571,-0.0335394,-0.171743],[0.0123141,0.992307,-0.123191],[0.174554,0.119175,0.977409]],[[0.984571,-0.0335394,-0.171743],[0.0123141,0.992307,-0.123191],[0.174554,0.119175,0.977409]]],"btipPosition":[28.865,73.3707,-81.3348],"carpPosition":[60.0586,90.513,59.1892],"dipPosition":[31.7272,75.3248,-65.3082],"direction":[-0.174554,-0.119175,-0.977409],"extended":true,"handId":73,"id":732,"length":58.4666,"mcpPosition":[43.3995,83.294,0.0507729],"pipPosition":[36.0582,78.2818,-41.0565],"stabilizedTipPosition":[29.6971,74.2415,-77.6653],"timeVisible":12.6095,"tipPosition":[29.7779,70.0664,-76.6514],"tipVelocity":[-4.55077,-14.5975,3.22285],"tool":false,"touchDistance":0.33699,"touchZone":"hovering","type":2,"width":17.2868},{"bases":[[[0.988447,-0.102075,-0.112044],[0.0894261,0.989603,-0.112646],[0.122378,0.101324,0.987298]],[[0.96682,-0.113423,-0.2289],[0.102525,0.99298,-0.0589923],[0.233984,0.033567,0.971661]],[[0.96682,-0.113423,-0.2289],[0.102525,0.99298,-0.0589923],[0.233984,0.033567,0.971661]],[[0.96682,-0.113423,-0.2289],[0.102525,0.99298,-0.0589923],[0.233984,0.033567,0.971661]]],"btipPosition":[44.9213,82.4366,-76.531],"carpPosition":[70.3107,90.7316,55.5136],"dipPosition":[48.7359,82.9838,-60.6902],"direction":[-0.233984,-0.033567,-0.971661],"extended":true,"handId":73,"id":733,"length":56.2172,"mcpPosition":[63.5136,85.1038,0.676741],"pipPosition":[54.3916,83.7952,-37.2038],"stabilizedTipPosition":[45.9306,82.8402,-72.8008],"timeVisible":12.6095,"tipPosition":[46.3652,76.8341,-72.0159],"tipVelocity":[-6.84277,-10.2583,2.11373],"tool":false,"touchDistance":0.332441,"touchZone":"hovering","type":3,"width":16.4494},{"bases":[[[0.967513,-0.251761,0.0231408],[0.252535,0.966717,-0.0410302],[-0.0120408,0.0455411,0.99889]],[[0.927859,-0.253975,-0.273085],[0.269562,0.962765,0.0204997],[0.25771,-0.0926343,0.961771]],[[0.927859,-0.253975,-0.273085],[0.267529,0.963463,0.0129409],[0.259821,-0.0850654,0.961903]],[[0.927859,-0.253975,-0.273085],[0.244349,0.967208,-0.0692985],[0.28173,-0.00242892,0.959491]]],"btipPosition":[65.5829,87.1681,-57.4188],"carpPosition":[81.5862,85.1633,54.459],"dipPosition":[69.8201,87.1315,-42.9881],"direction":[-0.259821,0.0850654,-0.961903],"extended":true,"handId":73,"id":734,"length":44.0733,"mcpPosition":[82.2053,82.8218,3.10115],"pipPosition":[74.2542,85.6798,-26.5722],"stabilizedTipPosition":[66.7113,87.4195,-54.0395],"timeVisible":12.6095,"tipPosition":[67.8575,81.3993,-53.9509],"tipVelocity":[-3.95102,-6.43873,0.424526],"tool":false,"touchDistance":0.332749,"touchZone":"hovering","type":4,"width":14.6117}],"r":[[0.90842,-0.095404,0.407028],[0.104586,0.994516,-0.000312802],[-0.404766,0.0428537,0.913416]],"s":1.35954,"t":[-33.433,-50.1478,50.5846],"timestamp":7614489832},{"currentFrameRate":115.626,"devices":[],"gestures":[],"hands":[{"armBasis":[[0.914951,0.241927,-0.32301],[0.171325,0.491837,0.853665],[0.365393,-0.836402,0.408558]],"armWidth":57.5304,"confidence":1,"direction":[-0.257623,0.0336646,-0.965659],"elbow":[164.883,-127.847,178.364],"grabAngle":0.00595576,"grabStrength":0,"id":73,"palmNormal":[0.0919523,-0.994003,-0.0591842],"palmPosition":[52.0702,79.062,20.6874],"palmVelocity":[2.45294,7.29092,4.37504],"palmWidth":80.68,"pinchDistance":37.4299,"pinchStrength":0,"r":[[0.908473,-0.0952181,0.406953],[0.1045,0.994525,-0.000587223],[-0.404669,0.0430603,0.913449]],"s":1.35947,"sphereCenter":[73.0848,113.463,-23.0729],"sphereRadius":62.3988,"stabilizedPalmPosition":[52.2969,79.1889,20.5329],"t":[-33.4289,-50.1239,50.6028],"timeVisible":12.6178,"type":"right","wrist":[77.4054,72.3934,80.5525]}],"id":95447,"interactionBox":{"center":[0,200,0],"size":[235.247,235.247,147.751]},"pointables":[{"bases":[[[0.254535,0.937498,-0.237295],[-0.71468,0.347662,0.606929],[0.651494,0.0151055,0.758504]],[[0.279693,0.937376,-0.207601],[-0.645515,0.343663,0.68206],[0.710691,-0.0567576,0.701211]],[[0.279693,0.937376,-0.207601],[-0.94773,0.304145,0.0964602],[0.15356,0.16977,0.973446]],[[0.279693,0.937376,-0.207601],[-0.929842,0.210624,-0.301714],[-0.239094,0.277423,0.930522]]],"btipPosition":[16.7609,61.5062,-4.79955],"carpPosition":[47.9031,69.7099,74.1994],"dipPosition":[11.8784,67.1714,14.2025],"direction":[-0.15356,-0.16977,-0.973446],"extended":false,"handId":73,"id":730,"length":45.4743,"mcpPosition":[47.9031,69.7099,74.1994],"pipPosition":[16.4468,72.2221,43.1627],"stabilizedTipPosition":[15.7385,62.46,-0.587116],"timeVisible":12.6178,"tipPosition":[14.6446,59.1932,0.483134],"tipVelocity":[3.39353,13.379,7.49147],"tool":false,"touchDistance":0.338311,"touchZone":"hovering","type":0,"width":18.4268},{"bases":[[[0.90495,0.108217,-0.411527],[-0.152565,0.985337,-0.0763824],[0.397227,0.131907,0.908191]],[[0.988232,0.151237,-0.0229196],[-0.152925,0.980194,-0.125835],[0.00343483,0.127859,0.991786]],[[0.988232,0.151237,-0.0229196],[-0.152925,0.980194,-0.125835],[0.00343483,0.127859,0.991786]],[[0.988232,0.151237,-0.0229196],[-0.152925,0.980194,-0.125835],[0.00343483,0.127859,0.991786]]],"btipPosition":[24.5783,70.0067,-67.8718],"carpPosition":[50.7432,88.0072,64.2541],"dipPosition":[24.6295,71.9129,-53.0862],"direction":[-0.00343483,-0.127859,-0.991786],"extended":true,"handId":73,"id":731,"length":51.3126,"mcpPosition":[24.8307,79.4025,5.00961],"pipPosition":[24.7019,74.6094,-32.1694],"stabilizedTipPosition":[24.7023,70.7262,-64.5184],"timeVisible":12.6178,"tipPosition":[22.8153,66.8778,-63.5645],"tipVelocity":[0.796947,-7.48612,6.57004],"tool":false,"touchDistance":0.335597,"touchZone":"hovering","type":1,"width":17.6012},{"bases":[[[0.962957,-0.044529,-0.265952],[0.011382,0.992104,-0.124899],[0.269414,0.117245,0.955861]],[[0.984534,-0.0329571,-0.172068],[0.0114993,0.992185,-0.124243],[0.174818,0.120342,0.977219]],[[0.984534,-0.0329571,-0.172068],[0.0114993,0.992185,-0.124243],[0.174818,0.120342,0.977219]],[[0.984534,-0.0329571,-0.172068],[0.0114993,0.992185,-0.124243],[0.174818,0.120342,0.977219]]],"btipPosition":[28.8563,73.3208,-81.2821],"carpPosition":[60.0795,90.5944,59.2197],"dipPosition":[31.7228,75.294,-65.2587],"direction":[-0.174818,-0.120342,-0.977219],"extended":true,"handId":73,"id":732,"length":58.4666,"mcpPosition":[43.4128,83.3413,0.0875923],"pipPosition":[36.0605,78.28,-41.0117],"stabilizedTipPosition":[29.6728,74.1788,-77.6561],"timeVisible":12.6178,"tipPosition":[29.7829,70.0885,-76.6102],"tipVelocity":[-0.915529,-5.43154,6.20064],"tool":false,"touchDistance":0.337404,"touchZone":"hovering","type":2,"width":17.2868},{"bases":[[[0.988492,-0.101452,-0.112214],[0.0887343,0.98962,-0.113046],[0.122517,0.101788,0.987233]],[[0.966779,-0.112884,-0.229338],[0.101767,0.993011,-0.0597745],[0.234483,0.0344496,0.97151]],[[0.966779,-0.112884,-0.229338],[0.101767,0.993011,-0.0597745],[0.234483,0.0344496,0.97151]],[[0.966779,-0.112884,-0.229338],[0.101767,0.993011,-0.0597745],[0.234483,0.0344496,0.97151]]],"btipPosition":[44.8939,82.4276,-76.4871],"carpPosition":[70.3307,90.8185,55.5418],"dipPosition":[48.7166,82.9892,-60.6488],"direction":[-0.234483,-0.0344496,-0.97151],"extended":true,"handId":73,"id":733,"length":56.2172,"mcpPosition":[63.5258,85.1649,0.708613],"pipPosition":[54.3844,83.8219,-37.166],"stabilizedTipPosition":[45.919,82.8193,-72.804],"timeVisible":12.6178,"tipPosition":[46.3662,76.8693,-71.9793],"tipVelocity":[-3.05123,-0.683394,5.1713],"tool":false,"touchDistance":0.333163,"touchZone":"hovering","type":3,"width":16.4494},{"bases":[[[0.967687,-0.251099,0.0230334],[0.251874,0.966872,-0.0414564],[-0.0118607,0.0459184,0.998875]],[[0.927972,-0.253454,-0.273183],[0.268869,0.962971,0.0198925],[0.258026,-0.0919101,0.961756]],[[0.927972,-0.253454,-0.273183],[0.266864,0.963654,0.0124485],[0.260099,-0.0844545,0.961882]],[[0.927972,-0.253454,-0.273183],[0.243601,0.967346,-0.0699996],[0.282004,-0.0015899,0.959412]]],"btipPosition":[65.5785,87.1973,-57.388],"carpPosition":[81.6097,85.2573,54.4871],"dipPosition":[69.8199,87.1734,-42.9584],"direction":[-0.260099,0.0844546,-0.961882],"extended":true,"handId":73,"id":734,"length":44.0733,"mcpPosition":[82.2195,82.8964,3.12995],"pipPosition":[74.2587,85.7321,-26.5429],"stabilizedTipPosition":[66.696,87.3974,-54.0424],"timeVisible":12.6178,"tipPosition":[67.8598,81.4462,-53.9186],"tipVelocity":[-0.406001,3.83996,3.64669],"tool":false,"touchDistance":0.333258,"touchZone":"hovering","type":4,"width":14.6117}],"r":[[0.908473,-0.0952181,0.406953],[0.1045,0.994525,-0.000587223],[-0.404669,0.0430603,0.913449]],"s":1.35947,"t":[-33.4289,-50.1239,50.6028],"timestamp":7614498208},{"currentFrameRate":115.378,"devices":[],"gestures":[],"hands":[{"armBasis":[[0.915098,0.24154,-0.322885],[0.171515,0.491538,0.853799],[0.364937,-0.836689,0.408378]],"armWidth":57.5304,"confidence":1,"direction":[-0.258291,0.0335696,-0.965484],"elbow":[164.796,-127.851,178.328],"grabAngle":0.00657103,"grabStrength":0,"id":73,"palmNormal":[0.0928332,-0.993909,-0.0593931],"palmPosition":[52.0626,79.1189,20.7094],"palmVelocity":[-0.840949,6.25676,2.414],"palmWidth":80.68,"pinchDistance":37.0334,"pinchStrength":0,"r":[[0.908586,-0.0949133,0.406771],[0.104247,0.994551,-0.000790864],[-0.404479,0.0431234,0.91353]],"s":1.35941,"sphereCenter":[72.8189,111.9,-22.8695],"sphereRadius":61.4118,"stabilizedPalmPosition":[52.2838,79.185,20.5427],"t":[-33.4307,-50.0835,50.6229],"timeVisible":12.6269,"type":"right","wrist":[77.4274,72.458,80.5597]}],"id":95448,"interactionBox":{"center":[0,200,0],"size":[235.247,235.247,147.751]},"pointables":[{"bases":[[[0.25351,0.937769,-0.237323],[-0.714601,0.34691,0.607452],[0.65198,0.0155959,0.758076]],[[0.279237,0.937647,-0.206989],[-0.644863,0.342839,0.683091],[0.711462,-0.0572648,0.700387]],[[0.279237,0.937647,-0.206989],[-0.947825,0.303679,0.0969915],[0.153802,0.169106,0.973524]],[[0.279237,0.937647,-0.206989],[-0.929961,0.210388,-0.301512],[-0.239164,0.276685,0.930724]]],"btipPosition":[16.7573,61.6085,-4.74624],"carpPosition":[47.9394,69.755,74.2227],"dipPosition":[11.8734,67.2587,14.2599],"direction":[-0.153802,-0.169106,-0.973524],"extended":false,"handId":73,"id":730,"length":45.4743,"mcpPosition":[47.9394,69.755,74.2227],"pipPosition":[16.449,72.2896,43.2225],"stabilizedTipPosition":[15.7282,62.5045,-0.566066],"timeVisible":12.6269,"tipPosition":[14.6469,59.2364,0.522408],"tipVelocity":[-0.429372,10.8803,5.97015],"tool":false,"touchDistance":0.338627,"touchZone":"hovering","type":0,"width":18.4268},{"bases":[[[0.904578,0.109116,-0.412108],[-0.153527,0.985207,-0.0761347],[0.397704,0.13214,0.907949]],[[0.988073,0.152133,-0.0238229],[-0.153933,0.979946,-0.126533],[0.00409535,0.128691,0.991676]],[[0.988073,0.152133,-0.0238229],[-0.153933,0.979946,-0.126533],[0.00409535,0.128691,0.991676]],[[0.988073,0.152133,-0.0238229],[-0.153933,0.979946,-0.126533],[0.00409535,0.128691,0.991676]]],"btipPosition":[24.5115,69.9796,-67.8237],"carpPosition":[50.756,88.0564,64.2783],"dipPosition":[24.5725,71.8981,-53.0398],"direction":[-0.00409535,-0.128691,-0.991676],"extended":true,"handId":73,"id":731,"length":51.3126,"mcpPosition":[24.8124,79.4364,5.04957],"pipPosition":[24.6589,74.6122,-32.1254],"stabilizedTipPosition":[24.6749,70.6787,-64.5036],"timeVisible":12.6269,"tipPosition":[22.7715,66.9362,-63.5292],"tipVelocity":[-7.10362,-2.66994,5.2453],"tool":false,"touchDistance":0.336086,"touchZone":"hovering","type":1,"width":17.6012},{"bases":[[[0.962822,-0.043598,-0.266594],[0.0103812,0.992133,-0.124758],[0.269936,0.117352,0.9557]],[[0.984425,-0.0320377,-0.172864],[0.0103747,0.992128,-0.124794],[0.175501,0.121057,0.977008]],[[0.984425,-0.0320377,-0.172864],[0.0103747,0.992128,-0.124794],[0.175501,0.121057,0.977008]],[[0.984425,-0.0320377,-0.172864],[0.0103747,0.992128,-0.124794],[0.175501,0.121057,0.977008]]],"btipPosition":[28.7742,73.3132,-81.2363],"carpPosition":[60.0866,90.6529,59.2381],"dipPosition":[31.6519,75.2982,-65.2163],"direction":[-0.175501,-0.121057,-0.977008],"extended":true,"handId":73,"id":732,"length":58.4666,"mcpPosition":[43.3876,83.3932,0.115885],"pipPosition":[36.0065,78.3019,-40.9745],"stabilizedTipPosition":[29.6415,74.1248,-77.6423],"timeVisible":12.6269,"tipPosition":[29.7184,70.153,-76.5786],"tipVelocity":[-8.75336,-0.540239,4.9577],"tool":false,"touchDistance":0.337672,"touchZone":"hovering","type":2,"width":17.2868},{"bases":[[[0.988511,-0.10052,-0.112881],[0.0877437,0.989718,-0.112957],[0.123074,0.101755,0.987167]],[[0.966688,-0.111971,-0.230167],[0.100694,0.993094,-0.0602092],[0.235319,0.0350271,0.971287]],[[0.966688,-0.111971,-0.230167],[0.100694,0.993094,-0.0602092],[0.235319,0.0350271,0.971287]],[[0.966688,-0.111971,-0.230167],[0.100694,0.993094,-0.0602092],[0.235319,0.0350271,0.971287]]],"btipPosition":[44.801,82.4521,-76.4541],"carpPosition":[70.3351,90.887,55.5535],"dipPosition":[48.6373,83.0231,-60.6194],"direction":[-0.235319,-0.0350271,-0.971287],"extended":true,"handId":73,"id":733,"length":56.2172,"mcpPosition":[63.4993,85.2353,0.72391],"pipPosition":[54.3253,83.8698,-37.142],"stabilizedTipPosition":[45.9,82.8003,-72.8046],"timeVisible":12.6269,"tipPosition":[46.2977,76.9506,-71.9563],"tipVelocity":[-9.87924,2.93894,3.53966],"tool":false,"touchDistance":0.333662,"touchZone":"hovering","type":3,"width":16.4494},{"bases":[[[0.967934,-0.250206,0.0223576],[0.250951,0.967111,-0.0414783],[-0.0112442,0.045759,0.998889]],[[0.928026,-0.252554,-0.273833],[0.267915,0.963244,0.0195783],[0.258823,-0.0915331,0.961578]],[[0.928026,-0.252554,-0.273833],[0.265933,0.963914,0.0122441],[0.260859,-0.0841841,0.961699]],[[0.928026,-0.252554,-0.273833],[0.242582,0.967582,-0.0702762],[0.282704,-0.0012089,0.959206]]],"btipPosition":[65.5076,87.2627,-57.3737],"carpPosition":[81.6186,85.3365,54.4904],"dipPosition":[69.7595,87.2446,-42.9472],"direction":[-0.260859,0.0841841,-0.961699],"extended":true,"handId":73,"id":734,"length":44.0733,"mcpPosition":[82.1967,82.9838,3.13257],"pipPosition":[74.2113,85.8079,-26.5348],"stabilizedTipPosition":[66.674,87.3829,-54.0437],"timeVisible":12.6269,"tipPosition":[67.7994,81.5345,-53.9069],"tipVelocity":[-7.53585,7.34135,1.49867],"tool":false,"touchDistance":0.33347,"touchZone":"hovering","type":4,"width":14.6117}],"r":[[0.908586,-0.0949133,0.406771],[0.104247,0.994551,-0.000790864],[-0.404479,0.0431234,0.91353]],"s":1.35941,"t":[-33.4307,-50.0835,50.6229],"timestamp":7614507296},{"currentFrameRate":115.577,"devices":[],"gestures":[],"hands":[{"armBasis":[[0.915169,0.241192,-0.322943],[0.171856,0.491243,0.8539],[0.364597,-0.836963,0.408121]],"armWidth":57.5304,"confidence":1,"direction":[-0.258676,0.0342925,-0.965355],"elbow":[164.709,-127.852,178.32],"grabAngle":0.00731378,"grabStrength":0,"id":73,"palmNormal":[0.0926499,-0.993881,-0.0601323],"palmPosition":[52.0385,79.228,20.7748],"palmVelocity":[-2.89503,13.1288,7.87054],"palmWidth":80.68,"pinchDistance":36.7432,"pinchStrength":0,"r":[[0.908707,-0.094756,0.406538],[0.104077,0.994569,-0.000821743],[-0.404252,0.043058,0.913633]],"s":1.35932,"sphereCenter":[72.5647,110.309,-22.5896],"sphereRadius":60.4053,"stabilizedPalmPosition":[52.2718,79.1871,20.5541],"t":[-33.4436,-50.0087,50.6656],"timeVisible":12.6352,"type":"right","wrist":[77.4215,72.5228,80.6136]}],"id":95449,"interactionBox":{"center":[0,200,0],"size":[235.247,235.247,147.751]},"pointables":[{"bases":[[[0.253565,0.937896,-0.236763],[-0.7143,0.346595,0.607986],[0.652288,0.0149563,0.757823]],[[0.279621,0.937737,-0.206061],[-0.644231,0.342386,0.683914],[0.711883,-0.0584857,0.699858]],[[0.279621,0.937737,-0.206061],[-0.947708,0.303963,0.0972445],[0.153825,0.168094,0.973695]],[[0.279621,0.937737,-0.206061],[-0.92978,0.210958,-0.301672],[-0.239419,0.275945,0.930878]]],"btipPosition":[16.7393,61.7798,-4.67061],"carpPosition":[47.9355,69.827,74.2831],"dipPosition":[11.8501,67.4149,14.3387],"direction":[-0.153825,-0.168094,-0.973695],"extended":false,"handId":73,"id":730,"length":45.4743,"mcpPosition":[47.9355,69.827,74.2831],"pipPosition":[16.4264,72.4157,43.3064],"stabilizedTipPosition":[15.7183,62.5542,-0.542774],"timeVisible":12.6352,"tipPosition":[14.6143,59.3761,0.586472],"tipVelocity":[-2.31366,20.1848,9.18368],"tool":false,"touchDistance":0.339243,"touchZone":"hovering","type":0,"width":18.4268},{"bases":[[[0.904429,0.109262,-0.412396],[-0.1534,0.985285,-0.0753771],[0.398092,0.131435,0.907881]],[[0.988084,0.151971,-0.0243745],[-0.153844,0.979934,-0.126731],[0.00462594,0.12897,0.991638]],[[0.988084,0.151971,-0.0243745],[-0.153844,0.979934,-0.126731],[0.00462594,0.12897,0.991638]],[[0.988084,0.151971,-0.0243745],[-0.153844,0.979934,-0.126731],[0.00462594,0.12897,0.991638]]],"btipPosition":[24.4421,70.0836,-67.7442],"carpPosition":[50.751,88.135,64.3505],"dipPosition":[24.5111,72.0063,-52.9608],"direction":[-0.00462594,-0.12897,-0.991638],"extended":true,"handId":73,"id":731,"length":51.3126,"mcpPosition":[24.7821,79.561,5.12626],"pipPosition":[24.6086,74.7263,-32.0472],"stabilizedTipPosition":[24.6466,70.6588,-64.4828],"timeVisible":12.6352,"tipPosition":[22.7195,67.1253,-63.4646],"tipVelocity":[-8.12076,12.6248,9.54924],"tool":false,"touchDistance":0.337002,"touchZone":"hovering","type":1,"width":17.6012},{"bases":[[[0.962707,-0.0435638,-0.267014],[0.0104898,0.992219,-0.124062],[0.270341,0.116634,0.955674]],[[0.984323,-0.0320913,-0.173432],[0.0103509,0.992124,-0.124833],[0.176072,0.12108,0.976902]],[[0.984323,-0.0320913,-0.173432],[0.0103509,0.992124,-0.124833],[0.176072,0.12108,0.976902]],[[0.984323,-0.0320913,-0.173432],[0.0103509,0.992124,-0.124833],[0.176072,0.12108,0.976902]]],"btipPosition":[28.695,73.4363,-81.1555],"carpPosition":[60.0799,90.7336,59.3084],"dipPosition":[31.5821,75.4217,-65.1373],"direction":[-0.176072,-0.12108,-0.976902],"extended":true,"handId":73,"id":732,"length":58.4666,"mcpPosition":[43.3559,83.5183,0.187852],"pipPosition":[35.9508,78.426,-40.8981],"stabilizedTipPosition":[29.6098,74.0987,-77.6231],"timeVisible":12.6352,"tipPosition":[29.6523,70.3489,-76.5143],"tipVelocity":[-9.26845,14.8222,9.66517],"tool":false,"touchDistance":0.338444,"touchZone":"hovering","type":2,"width":17.2868},{"bases":[[[0.988449,-0.100598,-0.113351],[0.0878567,0.989783,-0.112294],[0.12349,0.101038,0.987189]],[[0.966534,-0.111979,-0.230809],[0.100655,0.993092,-0.0603041],[0.235967,0.0350539,0.971129]],[[0.966534,-0.111979,-0.230809],[0.100655,0.993092,-0.0603041],[0.235967,0.0350539,0.971129]],[[0.966534,-0.111979,-0.230809],[0.100655,0.993092,-0.0603041],[0.235967,0.0350539,0.971129]]],"btipPosition":[44.7183,82.5714,-76.3764],"carpPosition":[70.327,90.9687,55.6198],"dipPosition":[48.5652,83.1429,-60.5443],"direction":[-0.235967,-0.0350539,-0.971129],"extended":true,"handId":73,"id":733,"length":56.2172,"mcpPosition":[63.4681,85.3568,0.789046],"pipPosition":[54.2689,83.9902,-37.0707],"stabilizedTipPosition":[45.8788,82.7933,-72.7997],"timeVisible":12.6352,"tipPosition":[46.2333,77.1484,-71.8934],"tipVelocity":[-9.65112,14.3616,9.27544],"tool":false,"touchDistance":0.334786,"touchZone":"hovering","type":3,"width":16.4494},{"bases":[[[0.967903,-0.250377,0.0217897],[0.25109,0.967099,-0.040897],[-0.0108331,0.0450555,0.998926]],[[0.927875,-0.252509,-0.274386],[0.267958,0.963229,0.0197079],[0.25932,-0.0918105,0.961418]],[[0.927875,-0.252509,-0.274386],[0.265995,0.963894,0.0124567],[0.261334,-0.0845436,0.961539]],[[0.927875,-0.252509,-0.274386],[0.242572,0.967593,-0.0701546],[0.283209,-0.00146374,0.959057]]],"btipPosition":[65.446,87.398,-57.3078],"carpPosition":[81.6092,85.4171,54.5483],"dipPosition":[69.7055,87.376,-42.8835],"direction":[-0.261334,0.0845436,-0.961539],"extended":true,"handId":73,"id":734,"length":44.0733,"mcpPosition":[82.1662,83.1005,3.18856],"pipPosition":[74.1654,85.9332,-26.4738],"stabilizedTipPosition":[66.6513,87.3838,-54.0389],"timeVisible":12.6352,"tipPosition":[67.7432,81.7038,-53.8463],"tipVelocity":[-7.19809,16.1638,7.86668],"tool":fa