{"frames":46,"data":[{"currentFrameRate":110,"devices":[],"gestures":[],"hands":[{"armBasis":[[0.80839,0.459669,-0.367709],[0.0131917,0.610365,0.792011],[0.588499,-0.645104,0.487349]],"armWidth":59.0231,"confidence":1,"direction":[-0.248378,0.46846,-0.847852],"elbow":[233.968,10.3995,239.209],"grabAngle":3.12511,"grabStrength":0.188401,"id":126,"palmNormal":[0.0905142,-0.860227,-0.501814],"palmPosition":[66.7278,193.645,67.9425],"palmVelocity":[-4.22158,3.96337,4.85176],"palmWidth":80.6694,"pinchDistance":32.3561,"pinchStrength":0.689677,"r":[[0.827694,0.560457,-0.0284832],[-0.560307,0.822509,-0.0976512],[-0.0313016,0.0967846,0.994813]],"s":0.819498,"sphereCenter":[89.7684,168.934,32.731],"sphereRadius":45.7829,"stabilizedPalmPosition":[63.3579,192.008,67.2361],"t":[-84.3701,18.646,121.776],"timeVisible":2.6193,"type":"right","wrist":[93.0956,164.821,122.549]}],"id":157375,"interactionBox":{"center":[0,200,0],"size":[235.247,235.247,147.751]},"pointables":[{"bases":[[[0.909031,0.277179,-0.311184],[-0.149855,0.914199,0.376542],[0.388853,-0.295656,0.872571]],[[0.980542,0.186265,-0.0619962],[-0.190667,0.978795,-0.0748719],[0.0467356,0.0852356,0.995264]],[[0.980542,0.186265,-0.0619962],[-0.189059,0.810945,-0.553737],[-0.0528661,0.554683,0.830381]],[[0.980542,0.186265,-0.0619962],[-0.0907885,0.150262,-0.984469],[-0.174056,0.970941,0.164249]]],"btipPosition":[41.5831,172.097,-2.85313],"carpPosition":[65.0055,181.922,110.825],"dipPosition":[39.0112,186.444,-0.426118],"direction":[0.0528661,-0.554683,-0.830381],"extended":true,"handId":126,"id":1261,"length":50.8594,"mcpPosition":[39.6426,201.206,53.9117],"pipPosition":[37.9061,198.039,16.9319],"stabilizedTipPosition":[41.3427,172.77,0.658608],"timeVisible":2.6193,"tipPosition":[40.9537,173.296,-1.23701],"tipVelocity":[-5.01431,3.82375,8.55845],"tool":false,"touchDistance":0.233503,"touchZone":"hovering","type":1,"width":18.2543},{"bases":[[[0.258657,0.941858,0.214478],[-0.71971,0.039811,0.693133],[0.644294,-0.333646,0.688161]],[[0.0890775,0.995398,0.035321],[-0.872618,0.0608946,0.484592],[0.480211,-0.073988,0.874027]],[[0.0890775,0.995398,0.035321],[-0.974127,0.0796693,0.211492],[0.207705,-0.0532464,0.976741]],[[0.0890775,0.995398,0.035321],[-0.986212,0.0931099,-0.136805],[-0.139464,-0.0226478,0.989968]]],"btipPosition":[37.4808,166.428,23.8743],"carpPosition":[62.0348,161.125,111.394],"dipPosition":[34.658,165.97,43.9117],"direction":[-0.207705,0.0532464,-0.976741],"extended":false,"handId":126,"id":1260,"length":45.0726,"mcpPosition":[62.0348,161.125,111.394],"pipPosition":[40.7827,164.4,72.7132],"stabilizedTipPosition":[35.2804,166.604,29.571],"timeVisible":2.6193,"tipPosition":[38.2951,166.94,27.8111],"tipVelocity":[-4.96128,4.73999,3.98818],"tool":false,"touchDistance":0.296557,"touchZone":"hovering","type":0,"width":19.1104},{"bases":[[[0.965347,0.0747489,-0.250036],[0.0145586,0.941185,0.337577],[0.260564,-0.329519,0.907482]],[[0.947985,0.0943737,-0.304003],[-0.311858,0.466732,-0.82759],[0.0637852,0.879349,0.471887]],[[0.947985,0.0943737,-0.304003],[-0.1242,-0.769679,-0.626234],[-0.293084,0.631417,-0.717923]],[[0.947985,0.0943737,-0.304003],[0.101318,-0.994829,0.00711241],[-0.301759,-0.0375434,-0.952645]]],"btipPosition":[67.7291,155.257,64.9127],"carpPosition":[74.3931,186.449,107.577],"dipPosition":[62.8249,154.647,49.4302],"direction":[0.293084,-0.631417,0.717923],"extended":false,"handId":126,"id":1262,"length":57.9502,"mcpPosition":[58.276,206.832,51.4453],"pipPosition":[55.6171,170.175,31.7743],"stabilizedTipPosition":[64.2085,155.833,62.8707],"timeVisible":2.6193,"tipPosition":[66.1095,155.901,60.3361],"tipVelocity":[-4.70163,3.67104,1.89984],"tool":false,"touchDistance":0.333333,"touchZone":"none","type":2,"width":17.9281},{"bases":[[[0.989307,-0.045722,-0.138499],[0.0917898,0.933137,0.347607],[0.113346,-0.356603,0.927355]],[[0.98073,-0.0242564,-0.193858],[-0.163687,0.439684,-0.883111],[0.106657,0.897825,0.427241]],[[0.98073,-0.0242564,-0.193858],[-0.134932,-0.801691,-0.58231],[-0.14129,0.597246,-0.789515]],[[0.98073,-0.0242564,-0.193858],[-0.00159253,-0.993222,0.11622],[-0.195363,-0.113671,-0.974121]]],"btipPosition":[80.8036,160.89,71.1227],"carpPosition":[84.6778,188.251,104.477],"dipPosition":[77.6468,159.053,55.3821],"direction":[0.14129,-0.597246,0.789515],"extended":false,"handId":126,"id":1263,"length":55.7206,"mcpPosition":[78.3831,208.054,52.9759],"pipPosition":[74.2618,173.362,36.467],"stabilizedTipPosition":[76.7624,159.654,68.9313],"timeVisible":2.6193,"tipPosition":[79.4403,161.305,64.8545],"tipVelocity":[-4.34091,3.51818,2.14652],"tool":false,"touchDistance":0.333333,"touchZone":"none","type":3,"width":17.0597},{"bases":[[[0.966919,-0.240236,-0.0857556],[0.254197,0.87947,0.402389],[-0.0212489,-0.410876,0.911443]],[[0.962076,-0.187365,-0.198252],[-0.0709609,0.529855,-0.845114],[0.26339,0.827132,0.496465]],[[0.962076,-0.187365,-0.198252],[-0.272189,-0.707256,-0.652459],[-0.0179674,0.681677,-0.731433]],[[0.962076,-0.187365,-0.198252],[-0.189266,-0.98188,0.0094921],[-0.196439,0.0283903,-0.980105]]],"btipPosition":[92.2238,167.575,66.0509],"carpPosition":[95.9536,183.7,101.106],"dipPosition":[89.2954,167.998,51.4403],"direction":[0.0179674,-0.681677,0.731433],"extended":false,"handId":126,"id":1264,"length":43.6839,"mcpPosition":[97.046,204.823,54.2499],"pipPosition":[88.9915,179.529,39.0679],"stabilizedTipPosition":[88.3354,166.528,63.0445],"timeVisible":2.6193,"tipPosition":[90.89,169.102,58.1329],"tipVelocity":[-4.66641,3.83261,1.64996],"tool":false,"touchDistance":0.333333,"touchZone":"none","type":4,"width":15.1538}],"r":[[0.827694,0.560457,-0.0284832],[-0.560307,0.822509,-0.0976512],[-0.0313016,0.0967846,0.994813]],"s":0.819498,"t":[-84.3701,18.646,121.776],"timestamp":8162165101},{"currentFrameRate":110.342,"devices":[],"gestures":[],"hands":[{"armBasis":[[0.808211,0.45995,-0.36775],[0.01292,0.610478,0.791928],[0.588751,-0.644797,0.487452]],"armWidth":59.0231,"confidence":1,"direction":[-0.248849,0.468753,-0.847552],"elbow":[234.029,10.5104,239.245],"grabAngle":3.12694,"grabStrength":0.189828,"id":126,"palmNormal":[0.0908208,-0.859931,-0.502266],"palmPosition":[66.7023,193.692,67.9712],"palmVelocity":[-3.01261,5.60535,3.39015],"palmWidth":80.6694,"pinchDistance":32.1971,"pinchStrength":0.694048,"r":[[0.827842,0.560229,-0.0286587],[-0.560106,0.82268,-0.0973619],[-0.0309679,0.0966522,0.994836]],"s":0.819072,"sphereCenter":[89.7039,169.016,32.7629],"sphereRadius":45.7309,"stabilizedPalmPosition":[63.3699,192.014,67.2387],"t":[-84.4035,18.6657,121.8],"timeVisible":2.62775,"type":"right","wrist":[93.097,164.859,122.561]}],"id":157376,"interactionBox":{"center":[0,200,0],"size":[235.247,235.247,147.751]},"pointables":[{"bases":[[[0.908803,0.277801,-0.311293],[-0.150223,0.913935,0.377037],[0.389242,-0.295889,0.872319]],[[0.980462,0.186706,-0.0619272],[-0.191201,0.978526,-0.0769978],[0.0462214,0.0873339,0.995106]],[[0.980462,0.186706,-0.0619272],[-0.189225,0.809204,-0.556221],[-0.0537381,0.557072,0.828724]],[[0.980462,0.186706,-0.0619272],[-0.0895185,0.143175,-0.985641],[-0.175158,0.971927,0.157091]]],"btipPosition":[41.6035,171.995,-2.66707],"carpPosition":[64.9977,181.947,110.848],"dipPosition":[39.0153,186.357,-0.345834],"direction":[0.0537381,-0.557072,-0.828724],"extended":true,"handId":126,"id":1261,"length":50.8594,"mcpPosition":[39.6094,201.247,53.9515],"pipPosition":[37.892,198.002,16.9775],"stabilizedTipPosition":[41.3327,172.846,0.574663],"timeVisible":2.62775,"tipPosition":[40.9212,173.393,-1.22484],"tipVelocity":[1.97457,-11.6728,19.1258],"tool":false,"touchDistance":0.236198,"touchZone":"hovering","type":1,"width":18.2543},{"bases":[[[0.25823,0.941884,0.214876],[-0.719542,0.039096,0.693348],[0.644653,-0.333656,0.687821]],[[0.0882489,0.995467,0.0354511],[-0.872554,0.0600872,0.484809],[0.480481,-0.0737168,0.873902]],[[0.0882489,0.995467,0.0354511],[-0.974093,0.0788052,0.211972],[0.208218,-0.053239,0.976632]],[[0.0882489,0.995467,0.0354511],[-0.986344,0.0922978,-0.136404],[-0.139058,-0.0229295,0.990019]]],"btipPosition":[37.4486,166.445,23.8958],"carpPosition":[62.0378,161.149,111.408],"dipPosition":[34.634,165.981,43.9342],"direction":[-0.208218,0.053239,-0.976632],"extended":false,"handId":126,"id":1260,"length":45.0726,"mcpPosition":[62.0378,161.149,111.408],"pipPosition":[40.7738,164.411,72.7326],"stabilizedTipPosition":[35.2944,166.602,29.5611],"timeVisible":2.62775,"tipPosition":[38.2689,166.992,27.8359],"tipVelocity":[-3.58324,1.84237,2.57068],"tool":false,"touchDistance":0.296919,"touchZone":"hovering","type":0,"width":19.1104},{"bases":[[[0.96524,0.0753703,-0.250261],[0.0141657,0.941025,0.338041],[0.26098,-0.329836,0.907247]],[[0.947854,0.0950129,-0.304213],[-0.312322,0.467004,-0.827262],[0.063468,0.879136,0.472326]],[[0.947854,0.0950129,-0.304213],[-0.124074,-0.769214,-0.626829],[-0.293562,0.631888,-0.717314]],[[0.947854,0.0950129,-0.304213],[0.101756,-0.994789,0.00635097],[-0.302024,-0.0369753,-0.952583]]],"btipPosition":[67.7217,155.296,64.916],"carpPosition":[74.3821,186.481,107.6],"dipPosition":[62.8131,154.695,49.4344],"direction":[0.293562,-0.631888,0.717314],"extended":false,"handId":126,"id":1262,"length":57.9502,"mcpPosition":[58.2393,206.883,51.4828],"pipPosition":[55.5935,170.235,31.7935],"stabilizedTipPosition":[64.2218,155.829,62.8622],"timeVisible":2.62775,"tipPosition":[66.1018,155.951,60.3469],"tipVelocity":[-1.00127,4.90045,0.408469],"tool":false,"touchDistance":0.333333,"touchZone":"none","type":2,"width":17.9281},{"bases":[[[0.989292,-0.0451437,-0.138791],[0.0914038,0.933011,0.348046],[0.113781,-0.357005,0.927147]],[[0.980689,-0.023655,-0.194136],[-0.16416,0.439989,-0.882871],[0.106302,0.897692,0.427609]],[[0.980689,-0.023655,-0.194136],[-0.134697,-0.801389,-0.58278],[-0.141793,0.597675,-0.7891]],[[0.980689,-0.023655,-0.194136],[-0.00105399,-0.993283,0.115704],[-0.195569,-0.113265,-0.974127]]],"btipPosition":[80.7958,160.939,71.1313],"carpPosition":[84.665,188.289,104.498],"dipPosition":[77.6356,159.109,55.3906],"direction":[0.141793,-0.597675,0.7891],"extended":false,"handId":126,"id":1263,"length":55.7206,"mcpPosition":[78.3462,208.115,53.0086],"pipPosition":[74.2386,173.428,36.4854],"stabilizedTipPosition":[76.7759,159.658,68.9255],"timeVisible":2.62775,"tipPosition":[79.4308,161.36,64.8643],"tipVelocity":[-1.01809,5.98956,1.01078],"tool":false,"touchDistance":0.333333,"touchZone":"none","type":3,"width":17.0597},{"bases":[[[0.967019,-0.239695,-0.0861374],[0.253853,0.879401,0.402757],[-0.0207897,-0.41134,0.911245]],[[0.962118,-0.186767,-0.198614],[-0.0714535,0.530294,-0.844797],[0.263104,0.826986,0.49686]],[[0.962118,-0.186767,-0.198614],[-0.272008,-0.706926,-0.652892],[-0.0184663,0.682183,-0.730948]],[[0.962118,-0.186767,-0.198614],[-0.188795,-0.981977,0.00885102],[-0.196687,0.0289816,-0.980038]]],"btipPosition":[92.2097,167.632,66.0556],"carpPosition":[95.9423,183.746,101.121],"dipPosition":[89.2776,168.064,51.446],"direction":[0.0184663,-0.682183,0.730948],"extended":false,"handId":126,"id":1264,"length":43.6839,"mcpPosition":[97.0111,204.893,54.2759],"pipPosition":[88.9653,179.603,39.0818],"stabilizedTipPosition":[88.3487,166.533,63.0431],"timeVisible":2.62775,"tipPosition":[90.8747,169.166,58.1445],"tipVelocity":[-1.76596,6.96986,0.584781],"tool":false,"touchDistance":0.333333,"touchZone":"none","type":4,"width":15.1538}],"r":[[0.827842,0.560229,-0.0286587],[-0.560106,0.82268,-0.0973619],[-0.0309679,0.0966522,0.994836]],"s":0.819072,"t":[-84.4035,18.6657,121.8],"timestamp":8162173557},{"currentFrameRate":109.268,"devices":[],"gestures":[],"hands":[{"armBasis":[[0.807687,0.461033,-0.367546],[0.0121,0.610277,0.792095],[0.589487,-0.644213,0.487335]],"armWidth":59.0231,"confidence":1,"direction":[-0.249695,0.469512,-0.846883],"elbow":[234.213,10.6676,239.252],"grabAngle":3.13049,"grabStrength":0.193144,"id":126,"palmNormal":[0.0917695,-0.859176,-0.503384],"palmPosition":[66.6606,193.74,68.0438],"palmVelocity":[-3.77304,4.26177,6.56342],"palmWidth":80.6694,"pinchDistance":31.9029,"pinchStrength":0.702134,"r":[[0.827816,0.560264,-0.0287052],[-0.56016,0.822699,-0.0968887],[-0.0306676,0.0962856,0.994881]],"s":0.818111,"sphereCenter":[89.6033,169.148,32.8375],"sphereRadius":45.6356,"stabilizedPalmPosition":[63.3824,192.021,67.2418],"t":[-84.4411,18.6991,121.848],"timeVisible":2.63881,"type":"right","wrist":[93.1047,164.876,122.596]}],"id":157377,"interactionBox":{"center":[0,200,0],"size":[235.247,235.247,147.751]},"pointables":[{"bases":[[[0.908357,0.279355,-0.311205],[-0.151277,0.913263,0.378241],[0.389875,-0.2965,0.871829]],[[0.980257,0.187887,-0.0615998],[-0.192508,0.977992,-0.0804452],[0.0451295,0.0907155,0.994854]],[[0.980257,0.187887,-0.0615998],[-0.189717,0.805962,-0.560743],[-0.0557093,0.561359,0.825695]],[[0.980257,0.187887,-0.0615998],[-0.0870363,0.130286,-0.987649],[-0.177541,0.973511,0.144066]]],"btipPosition":[41.6651,171.787,-2.31182],"carpPosition":[64.9835,181.938,110.907],"dipPosition":[39.0416,186.172,-0.183037],"direction":[0.0557093,-0.561359,-0.825695],"extended":true,"handId":126,"id":1261,"length":50.8594,"mcpPosition":[39.5539,201.277,54.0416],"pipPosition":[37.8771,197.906,17.077],"stabilizedTipPosition":[41.3244,172.915,0.501433],"timeVisible":2.63881,"tipPosition":[40.8898,173.537,-1.18775],"tipVelocity":[4.8294,-18.3387,28.111],"tool":false,"touchDistance":0.241381,"touchZone":"hovering","type":1,"width":18.2543},{"bases":[[[0.257093,0.941939,0.215997],[-0.719388,0.0372981,0.693607],[0.645279,-0.333706,0.687208]],[[0.0864015,0.995607,0.0360752],[-0.872509,0.0581406,0.485126],[0.480897,-0.0733915,0.8737]],[[0.0864015,0.995607,0.0360752],[-0.974081,0.0768244,0.212755],[0.209049,-0.0535225,0.976439]],[[0.0864015,0.995607,0.0360752],[-0.986607,0.0905369,-0.135685],[-0.138355,-0.0238686,0.990095]]],"btipPosition":[37.4039,166.444,23.9414],"carpPosition":[62.0503,161.135,111.44],"dipPosition":[34.6036,165.961,43.9814],"direction":[-0.209049,0.0535225,-0.976439],"extended":false,"handId":126,"id":1260,"length":45.0726,"mcpPosition":[62.0503,161.135,111.44],"pipPosition":[40.7679,164.383,72.7741],"stabilizedTipPosition":[35.3083,166.599,29.5515],"timeVisible":2.63881,"tipPosition":[38.2426,167.05,27.8859],"tipVelocity":[-3.74397,-0.479484,4.1602],"tool":false,"touchDistance":0.297686,"touchZone":"hovering","type":0,"width":19.1104},{"bases":[[[0.96507,0.0769186,-0.250447],[0.0130653,0.940612,0.339232],[0.261666,-0.330655,0.906751]],[[0.947643,0.0966076,-0.304368],[-0.313166,0.467563,-0.826627],[0.0624532,0.878665,0.473337]],[[0.947643,0.0966076,-0.304368],[-0.123341,-0.76844,-0.627923],[-0.294551,0.632588,-0.716291]],[[0.947643,0.0966076,-0.304368],[0.103001,-0.994669,0.0049782],[-0.302265,-0.0360677,-0.952541]]],"btipPosition":[67.7288,155.341,64.9398],"carpPosition":[74.3611,186.488,107.661],"dipPosition":[62.8164,154.755,49.4589],"direction":[0.294551,-0.632588,0.716291],"extended":false,"handId":126,"id":1262,"length":57.9502,"mcpPosition":[58.1759,206.94,51.5746],"pipPosition":[55.5725,170.312,31.8432],"stabilizedTipPosition":[64.2381,155.825,62.852],"timeVisible":2.63881,"tipPosition":[66.1061,156.007,60.3722],"tipVelocity":[0.56569,4.37049,2.16925],"tool":false,"touchDistance":0.333333,"touchZone":"none","type":2,"width":17.9281},{"bases":[[[0.989308,-0.043706,-0.139136],[0.0903165,0.932684,0.349204],[0.114508,-0.358037,0.926659]],[[0.980662,-0.022158,-0.194452],[-0.164988,0.440826,-0.882299],[0.10527,0.897319,0.428645]],[[0.980662,-0.022158,-0.194452],[-0.133862,-0.800751,-0.583849],[-0.142771,0.598588,-0.788232]],[[0.980662,-0.022158,-0.194452],[0.000244027,-0.993431,0.114433],[-0.19571,-0.112267,-0.974214]]],"btipPosition":[80.7969,160.996,71.1594],"carpPosition":[84.6409,188.313,104.558],"dipPosition":[77.6344,159.182,55.4173],"direction":[0.142771,-0.598588,0.788231],"extended":false,"handId":126,"id":1263,"length":55.7206,"mcpPosition":[78.2816,208.196,53.0961],"pipPosition":[74.2139,173.523,36.5329],"stabilizedTipPosition":[76.7929,159.662,68.9184],"timeVisible":2.63881,"tipPosition":[79.4295,161.427,64.8929],"tipVelocity":[0.0501458,5.52122,2.5121],"tool":false,"touchDistance":0.333333,"touchZone":"none","type":3,"width":17.0597},{"bases":[[[0.967299,-0.238353,-0.0867237],[0.25285,0.879212,0.403799],[-0.0199982,-0.412523,0.910728]],[[0.962296,-0.185284,-0.199139],[-0.0723664,0.531336,-0.844064],[0.262202,0.826651,0.497894]],[[0.962296,-0.185284,-0.199139],[-0.271305,-0.706304,-0.653856],[-0.0195035,0.683231,-0.729942]],[[0.962296,-0.185284,-0.199139],[-0.187582,-0.982221,0.00743625],[-0.196976,0.030199,-0.979943]]],"btipPosition":[92.1991,167.709,66.0836],"carpPosition":[95.9229,183.789,101.173],"dipPosition":[89.2627,168.159,51.4754],"direction":[0.0195035,-0.683231,0.729942],"extended":false,"handId":126,"id":1264,"length":43.6839,"mcpPosition":[96.951,204.996,54.3539],"pipPosition":[88.9328,179.717,39.1282],"stabilizedTipPosition":[88.3658,166.54,63.0414],"timeVisible":2.63881,"tipPosition":[90.8616,169.256,58.1807],"tipVelocity":[-1.04812,7.38763,2.55673],"tool":false,"touchDistance":0.333333,"touchZone":"none","type":4,"width":15.1538}],"r":[[0.827816,0.560264,-0.0287052],[-0.56016,0.822699,-0.0968887],[-0.0306676,0.0962856,0.994881]],"s":0.818111,"t":[-84.4411,18.6991,121.848],"timestamp":8162184620},{"currentFrameRate":110.767,"devices":[],"gestures":[],"hands":[{"armBasis":[[0.807246,0.462196,-0.367053],[0.0113262,0.609653,0.792588],[0.590106,-0.643971,0.486905]],"armWidth":59.0231,"confidence":1,"direction":[-0.250588,0.469644,-0.846546],"elbow":[234.349,10.7615,239.205],"grabAngle":3.13509,"grabStrength":0.201842,"id":126,"palmNormal":[0.0930404,-0.858715,-0.503936],"palmPosition":[66.598,193.771,68.1222],"palmVelocity":[-9.82996,4.97365,12.3132],"palmWidth":80.6694,"pinchDistance":31.4676,"pinchStrength":0.714096,"r":[[0.827617,0.560558,-0.0287016],[-0.560468,0.822548,-0.0963877],[-0.0304225,0.0958585,0.99493]],"s":0.816516,"sphereCenter":[89.4395,169.249,32.9546],"sphereRadius":45.4942,"stabilizedPalmPosition":[63.3887,192.024,67.2435],"t":[-84.4912,18.7317,121.911],"timeVisible":2.64518,"type":"right","wrist":[93.0923,164.912,122.652]}],"id":157378,"interactionBox":{"center":[0,200,0],"size":[235.247,235.247,147.751]},"pointables":[{"bases":[[[0.907858,0.280987,-0.31119],[-0.152656,0.912786,0.378838],[0.390499,-0.296426,0.871575]],[[0.979895,0.189625,-0.0620331],[-0.194533,0.977118,-0.0860045],[0.0443051,0.0963429,0.994362]],[[0.979895,0.189625,-0.0620331],[-0.190769,0.799462,-0.569621],[-0.0584216,0.570003,0.819563]],[[0.979895,0.189625,-0.0620331],[-0.084415,0.112327,-0.990079],[-0.180776,0.97541,0.126076]]],"btipPosition":[41.7232,171.367,-1.81166],"carpPosition":[64.9472,181.94,110.978],"dipPosition":[39.052,185.78,0.0512891],"direction":[0.0584216,-0.570003,-0.819563],"extended":true,"handId":126,"id":1261,"length":50.8594,"mcpPosition":[39.477,201.274,54.1294],"pipPosition":[37.8308,197.695,17.1831],"stabilizedTipPosition":[41.3208,172.945,0.469697],"timeVisible":2.64518,"tipPosition":[40.8567,173.613,-1.12735],"tipVelocity":[7.41648,-65.0427,68.9844],"tool":false,"touchDistance":0.248698,"touchZone":"hovering","type":1,"width":18.2543},{"bases":[[[0.255639,0.94221,0.216539],[-0.719323,0.0357261,0.693757],[0.645928,-0.333113,0.686886]],[[0.0841858,0.995799,0.036008],[-0.872523,0.0562146,0.485328],[0.481265,-0.0722755,0.87359]],[[0.0841858,0.995799,0.036008],[-0.974075,0.0746268,0.213562],[0.209978,-0.0530534,0.976266]],[[0.0841858,0.995799,0.036008],[-0.986912,0.0883134,-0.134927],[-0.13754,-0.0241778,0.990201]]],"btipPosition":[37.3405,166.385,24.0081],"carpPosition":[62.0471,161.132,111.499],"dipPosition":[34.5567,165.895,44.0502],"direction":[-0.209978,0.0530534,-0.976266],"extended":false,"handId":126,"id":1260,"length":45.0726,"mcpPosition":[62.0471,161.132,111.499],"pipPosition":[40.7484,164.331,72.8377],"stabilizedTipPosition":[35.3154,166.597,29.5468],"timeVisible":2.64518,"tipPosition":[38.2075,167.058,27.9561],"tipVelocity":[-9.36351,-9.59917,10.5469],"tool":false,"touchDistance":0.298805,"touchZone":"hovering","type":0,"width":19.1104},{"bases":[[[0.964902,0.0786029,-0.250569],[0.0116362,0.94042,0.339817],[0.262351,-0.330806,0.906499]],[[0.947435,0.0982979,-0.304475],[-0.314058,0.467501,-0.826324],[0.0611165,0.87851,0.473798]],[[0.947435,0.0982979,-0.304475],[-0.122339,-0.768019,-0.628633],[-0.295636,0.632838,-0.715622]],[[0.947435,0.0982979,-0.304475],[0.104493,-0.994517,0.00407709],[-0.302405,-0.0356783,-0.952512]]],"btipPosition":[67.7271,155.364,64.9918],"carpPosition":[74.3171,186.507,107.734],"dipPosition":[62.8124,154.784,49.5114],"direction":[0.295636,-0.632838,0.715622],"extended":false,"handId":126,"id":1262,"length":57.9502,"mcpPosition":[58.0895,206.969,51.6627],"pipPosition":[55.5418,170.347,31.9121],"stabilizedTipPosition":[64.2456,155.823,62.8475],"timeVisible":2.64518,"tipPosition":[66.1023,156.042,60.4279],"tipVelocity":[-0.34673,3.75044,8.18735],"tool":false,"touchDistance":0.333333,"touchZone":"none","type":2,"width":17.9281},{"bases":[[[0.989352,-0.0420526,-0.139338],[0.0889016,0.932608,0.34977],[0.115239,-0.358433,0.926415]],[[0.980661,-0.0204838,-0.194639],[-0.165848,0.441066,-0.882018],[0.103916,0.897241,0.429139]],[[0.980661,-0.0204838,-0.194639],[-0.132718,-0.800515,-0.584433],[-0.14384,0.598962,-0.787753]],[[0.980661,-0.0204838,-0.194639],[0.00183322,-0.993503,0.113793],[-0.195705,-0.111949,-0.974252]]],"btipPosition":[80.7866,161.044,71.2148],"carpPosition":[84.5933,188.35,104.63],"dipPosition":[77.6243,159.236,55.4721],"direction":[0.14384,-0.598962,0.787753],"extended":false,"handId":126,"id":1263,"length":55.7206,"mcpPosition":[78.1935,208.256,53.1815],"pipPosition":[74.1781,173.585,36.5992],"stabilizedTipPosition":[76.8015,159.665,68.9149],"timeVisible":2.64518,"tipPosition":[79.4177,161.481,64.9495],"tipVelocity":[-1.60986,7.76956,8.68481],"tool":false,"touchDistance":0.333333,"touchZone":"none","type":3,"width":17.0597},{"bases":[[[0.96766,-0.236767,-0.0870432],[0.251529,0.879359,0.404304],[-0.0191834,-0.413122,0.910474]],[[0.962552,-0.183634,-0.199428],[-0.0733525,0.531776,-0.843702],[0.260984,0.826736,0.498392]],[[0.962552,-0.183634,-0.199428],[-0.270306,-0.706232,-0.654348],[-0.0206818,0.683751,-0.729423]],[[0.962552,-0.183634,-0.199428],[-0.186051,-0.982517,0.00672179],[-0.197176,0.0306336,-0.979889]]],"btipPosition":[92.1764,167.78,66.1388],"carpPosition":[95.882,183.846,101.24],"dipPosition":[89.237,168.236,51.5314],"direction":[0.0206818,-0.683751,0.729423],"extended":false,"handId":126,"id":1264,"length":43.6839,"mcpPosition":[96.8681,205.084,54.434],"pipPosition":[88.8872,179.802,39.193],"stabilizedTipPosition":[88.375,166.544,63.0406],"timeVisible":2.64518,"tipPosition":[90.8362,169.332,58.2406],"tipVelocity":[-3.67386,11.273,8.7088],"tool":false,"touchDistance":0.333333,"touchZone":"none","type":4,"width":15.1538}],"r":[[0.827617,0.560558,-0.0287016],[-0.560468,0.822548,-0.0963877],[-0.0304225,0.0958585,0.99493]],"s":0.816516,"t":[-84.4912,18.7317,121.911],"timestamp":8162190984},{"currentFrameRate":110.806,"devices":[],"gestures":[],"hands":[{"armBasis":[[0.80652,0.463632,-0.366839],[0.0106697,0.608976,0.793117],[0.591111,-0.643579,0.486204]],"armWidth":59.0231,"confidence":1,"direction":[-0.251727,0.469745,-0.846152],"elbow":[234.608,10.9012,239.095],"grabAngle":3.14034,"grabStrength":0.213021,"id":126,"palmNormal":[0.094307,-0.858239,-0.504511],"palmPosition":[66.5488,193.809,68.2085],"palmVelocity":[-5.49948,4.20284,9.63922],"palmWidth":80.6694,"pinchDistance":30.9528,"pinchStrength":0.728247,"r":[[0.827264,0.56108,-0.028694],[-0.561002,0.822248,-0.0958394],[-0.03018,0.0953819,0.994983]],"s":0.814301,"sphereCenter":[89.2608,169.361,33.0853],"sphereRadius":45.3273,"stabilizedPalmPosition":[63.396,192.028,67.2457],"t":[-84.5408,18.7668,121.986],"timeVisible":2.65413,"type":"right","wrist":[93.1111,164.958,122.709]}],"id":157379,"interactionBox":{"center":[0,200,0],"size":[235.247,235.247,147.751]},"pointables":[{"bases":[[[0.907253,0.282732,-0.311374],[-0.154065,0.912286,0.37947],[0.391351,-0.296304,0.871234]],[[0.979487,0.1915,-0.0627144],[-0.196762,0.976064,-0.0926453],[0.0434717,0.103085,0.993722]],[[0.979487,0.1915,-0.0627144],[-0.191879,0.791315,-0.58052],[-0.0615427,0.580646,0.811827]],[[0.979487,0.1915,-0.0627144],[-0.0814744,0.0917102,-0.992447],[-0.184302,0.977199,0.105431]]],"btipPosition":[41.804,170.867,-1.21935],"carpPosition":[64.9352,181.948,111.057],"dipPosition":[39.0806,185.307,0.338547],"direction":[0.0615427,-0.580646,-0.811827],"extended":true,"handId":126,"id":1261,"length":50.8594,"mcpPosition":[39.4094,201.274,54.2312],"pipPosition":[37.7942,197.444,17.3087],"stabilizedTipPosition":[41.3176,172.972,0.440424],"timeVisible":2.65413,"tipPosition":[40.8305,173.674,-1.03533],"tipVelocity":[7.6735,-55.0777,58.3016],"tool":false,"touchDistance":0.257401,"touchZone":"hovering","type":1,"width":18.2543},{"bases":[[[0.254115,0.94251,0.217028],[-0.719107,0.0340628,0.694064],[0.64677,-0.332439,0.686421]],[[0.0817775,0.996006,0.0358468],[-0.872455,0.0541532,0.485685],[0.481804,-0.0709929,0.873399]],[[0.0817775,0.996006,0.0358468],[-0.973999,0.0722425,0.214726],[0.211279,-0.0524746,0.976016]],[[0.0817775,0.996006,0.0358468],[-0.98729,0.085875,-0.133733],[-0.136277,-0.0244548,0.990369]]],"btipPosition":[37.2765,166.319,24.0882],"carpPosition":[62.0708,161.135,111.567],"dipPosition":[34.5182,165.824,44.1337],"direction":[-0.211279,0.0524746,-0.976016],"extended":false,"handId":126,"id":1260,"length":45.0726,"mcpPosition":[62.0708,161.135,111.567],"pipPosition":[40.7483,164.277,72.9139],"stabilizedTipPosition":[35.3237,166.595,29.5415],"timeVisible":2.65413,"tipPosition":[38.1789,167.067,28.0408],"tipVelocity":[-6.48949,-7.45122,9.03455],"tool":false,"touchDistance":0.300153,"touchZone":"hovering","type":0,"width":19.1104},{"bases":[[[0.964667,0.0804083,-0.250902],[0.0101646,0.940225,0.340401],[0.263276,-0.330924,0.906187]],[[0.947144,0.100107,-0.304789],[-0.31519,0.467399,-0.82595],[0.0597748,0.87836,0.474247]],[[0.947144,0.100107,-0.304789],[-0.121413,-0.767545,-0.629392],[-0.296946,0.63313,-0.714821]],[[0.947144,0.100107,-0.304789],[0.1061,-0.994351,0.00311792],[-0.302755,-0.0352913,-0.952415]]],"btipPosition":[67.7427,155.39,65.0498],"carpPosition":[74.296,186.533,107.812],"dipPosition":[62.8222,154.816,49.571],"direction":[0.296946,-0.63313,0.714821],"extended":false,"handId":126,"id":1262,"length":57.9502,"mcpPosition":[58.0112,207.002,51.7607],"pipPosition":[55.5194,170.387,31.9913],"stabilizedTipPosition":[64.2537,155.821,62.8429],"timeVisible":2.65413,"tipPosition":[66.115,156.083,60.4918],"tipVelocity":[1.58512,3.08309,6.51212],"tool":false,"touchDistance":0.333333,"touchZone":"none","type":2,"width":17.9281},{"bases":[[[0.989366,-0.0402748,-0.139757],[0.0874472,0.932539,0.350319],[0.11622,-0.358815,0.926145]],[[0.980617,-0.0186863,-0.195041],[-0.16696,0.441258,-0.881712],[0.102539,0.897186,0.429585]],[[0.980617,-0.0186863,-0.195041],[-0.131614,-0.800242,-0.585056],[-0.145147,0.599386,-0.78719]],[[0.980617,-0.0186863,-0.195041],[0.00357044,-0.993572,0.113143],[-0.195901,-0.111646,-0.974247]]],"btipPosition":[80.7943,161.098,71.2748],"carpPosition":[84.5678,188.396,104.706],"dipPosition":[77.6288,159.294,55.5322],"direction":[0.145147,-0.599386,0.78719],"extended":false,"handId":126,"id":1263,"length":55.7206,"mcpPosition":[78.1136,208.322,53.2723],"pipPosition":[74.1514,173.654,36.6727],"stabilizedTipPosition":[76.8118,159.668,68.9109],"timeVisible":2.65413,"tipPosition":[79.4226,161.542,65.0116],"tipVelocity":[0.779983,6.13959,6.70321],"tool":false,"touchDistance":0.333333,"touchZone":"none","type":3,"width":17.0597},{"bases":[[[0.968028,-0.235058,-0.0875753],[0.250187,0.879534,0.404755],[-0.0181155,-0.413724,0.910222]],[[0.962784,-0.18186,-0.199933],[-0.0745853,0.532243,-0.8433],[0.259776,0.826828,0.498871]],[[0.962784,-0.18186,-0.199933],[-0.269368,-0.706108,-0.654869],[-0.0220795,0.684353,-0.728817]],[[0.962784,-0.18186,-0.199933],[-0.184406,-0.982832,0.00597844],[-0.197588,0.0311129,-0.979791]]],"btipPosition":[92.169,167.857,66.1939],"carpPosition":[95.8628,183.913,101.308],"dipPosition":[89.2236,168.321,51.588],"direction":[0.0220795,-0.684353,0.728817],"extended":false,"handId":126,"id":1264,"length":43.6839,"mcpPosition":[96.7941,205.182,54.5154],"pipPosition":[88.8501,179.897,39.2598],"stabilizedTipPosition":[88.387,166.549,63.0398],"timeVisible":2.65413,"tipPosition":[90.825,169.417,58.304],"tipVelocity":[-0.977987,8.86796,6.18443],"tool":false,"touchDistance":0.333333,"touchZone":"none","type":4,"width":15.1538}],"r":[[0.827264,0.56108,-0.028694],[-0.561002,0.822248,-0.0958394],[-0.03018,0.0953819,0.994983]],"s":0.814301,"t":[-84.5408,18.7668,121.986],"timestamp":8162199940},{"currentFrameRate":111.177,"devices":[],"gestures":[],"hands":[{"armBasis":[[0.805832,0.464474,-0.367285],[0.0108496,0.608577,0.79342],[0.592044,-0.643349,0.485372]],"armWidth":59.0231,"confidence":1,"direction":[-0.253049,0.469063,-0.846136],"elbow":[234.868,11.0279,238.959],"grabAngle":3.14159,"grabStrength":0.227288,"id":126,"palmNormal":[0.0949557,-0.858336,-0.504224],"palmPosition":[66.5041,193.832,68.2875],"palmVelocity":[-5.35929,2.7211,9.4734],"palmWidth":80.6694,"pinchDistance":30.431,"pinchStrength":0.742587,"r":[[0.826835,0.561703,-0.0288783],[-0.561653,0.821857,-0.0953745],[-0.0298383,0.0950785,0.995022]],"s":0.811729,"sphereCenter":[89.0468,169.406,33.2233],"sphereRadius":45.1621,"stabilizedPalmPosition":[63.4014,192.032,67.2475],"t":[-84.588,18.7956,122.063],"timeVisible":2.66248,"type":"right","wrist":[93.1473,165.03,122.773]}],"id":157380,"interactionBox":{"center":[0,200,0],"size":[235.247,235.247,147.751]},"pointables":[{"bases":[[[0.906627,0.283743,-0.312277],[-0.154889,0.912254,0.379212],[0.392475,-0.295435,0.871023]],[[0.978925,0.193435,-0.0654958],[-0.199295,0.974867,-0.0995762],[0.0445882,0.110531,0.992872]],[[0.978925,0.193435,-0.0654958],[-0.194093,0.781481,-0.592972],[-0.0635176,0.593187,0.802555]],[[0.978925,0.193435,-0.0654958],[-0.0808837,0.0727479,-0.994065],[-0.187522,0.978412,0.0868605]]],"btipPosition":[41.7852,170.293,-0.620317],"carpPosition":[64.9424,181.987,111.143],"dipPosition":[39.0143,184.75,0.663167],"direction":[0.0635176,-0.593187,-0.802555],"extended":false,"handId":126,"id":1261,"length":50.8594,"mcpPosition":[39.3433,201.257,54.3304],"pipPosition":[37.6866,197.15,17.4395],"stabilizedTipPosition":[41.3142,172.985,0.425061],"timeVisible":2.66248,"tipPosition":[40.7688,173.634,-0.89945],"tipVelocity":[-3.56022,-68.3599,64.2507],"tool":false,"touchDistance":0.266333,"touchZone":"hovering","type":1,"width":18.2543},{"bases":[[[0.253112,0.942923,0.216405],[-0.718551,0.0334535,0.694669],[0.64778,-0.331327,0.686005]],[[0.0798973,0.9962,0.0346697],[-0.872325,0.0530471,0.486041],[0.482355,-0.0690766,0.873248]],[[0.0798973,0.9962,0.0346697],[-0.973797,0.0705768,0.21619],[0.212922,-0.0510342,0.975736]],[[0.0798973,0.9962,0.0346697],[-0.987687,0.0838119,-0.132099],[-0.134502,-0.0236884,0.99063]]],"btipPosition":[37.2017,166.212,24.1947],"carpPosition":[62.1047,161.171,111.664],"dipPosition":[34.4793,165.733,44.2455],"direction":[-0.212922,0.0510342,-0.975736],"extended":false,"handId":126,"id":1260,"length":45.0726,"mcpPosition":[62.1047,161.171,111.664],"pipPosition":[40.7578,164.228,73.0174],"stabilizedTipPosition":[35.3303,166.592,29.5376],"timeVisible":2.66248,"tipPosition":[38.1256,167.032,28.159],"tipVelocity":[-7.98428,-12.4112,12.9151],"tool":false,"touchDistance":0.301949,"touchZone":"hovering","type":0,"width":19.1104},{"bases":[[[0.964348,0.0815178,-0.251768],[0.00927098,0.940384,0.339989],[0.264474,-0.330202,0.906102]],[[0.946754,0.101171,-0.305649],[-0.316498,0.466548,-0.825931],[0.0590393,0.87869,0.473727]],[[0.946754,0.101171,-0.305649],[-0.121107,-0.767711,-0.629248],[-0.298312,0.632759,-0.714581]],[[0.946754,0.101171,-0.305649],[0.107242,-0.994228,0.00308899],[-0.303572,-0.0357028,-0.952139]]],"btipPosition":[67.7447,155.397,65.1418],"carpPosition":[74.2946,186.582,107.888],"dipPosition":[62.811,154.816,49.6674],"direction":[0.298312,-0.632759,0.714581],"extended":false,"handId":126,"id":1262,"length":57.9502,"mcpPosition":[57.9357,207.007,51.8414],"pipPosition":[55.4746,170.378,32.0937],"stabilizedTipPosition":[64.259,155.82,62.84],"timeVisible":2.66248,"tipPosition":[66.1117,156.101,60.5884],"tipVelocity":[-0.126517,0.642052,11.156],"tool":false,"touchDistance":0.333333,"touchZone":"none","type":2,"width":17.9281},{"bases":[[[0.989296,-0.0390863,-0.140592],[0.0865717,0.932799,0.349844],[0.11747,-0.358271,0.926198]],[[0.980472,-0.0175326,-0.195878],[-0.168291,0.440539,-0.881818],[0.101752,0.897562,0.428985]],[[0.980472,-0.0175326,-0.195878],[-0.131117,-0.800624,-0.584645],[-0.146574,0.598911,-0.787288]],[[0.980472,-0.0175326,-0.195878],[0.00494941,-0.993503,0.113701],[-0.196599,-0.11245,-0.974014]]],"btipPosition":[80.7943,161.139,71.3594],"carpPosition":[84.5614,188.457,104.772],"dipPosition":[77.6175,159.322,55.6205],"direction":[0.146574,-0.598911,0.787288],"extended":false,"handId":126,"id":1263,"length":55.7206,"mcpPosition":[78.0377,208.353,53.3351],"pipPosition":[74.1059,173.671,36.7587],"stabilizedTipPosition":[76.8191,159.671,68.9083],"timeVisible":2.66248,"tipPosition":[79.416,161.58,65.0941],"tipVelocity":[-0.316544,4.52078,10.2424],"tool":false,"touchDistance":0.333333,"touchZone":"none","type":3,"width":17.0597},{"bases":[[[0.968248,-0.233874,-0.0883089],[0.249425,0.880023,0.404162],[-0.0168092,-0.413355,0.910415]],[[0.96284,-0.180727,-0.200693],[-0.0759727,0.531849,-0.843424],[0.259168,0.827329,0.498355]],[[0.96284,-0.180727,-0.200693],[-0.269044,-0.706698,-0.654365],[-0.0235678,0.684043,-0.729061]],[[0.96284,-0.180727,-0.200693],[-0.183145,-0.983064,0.00661537],[-0.198489,0.0303863,-0.979632]]],"btipPosition":[92.1553,167.913,66.2595],"carpPosition":[95.8591,183.987,101.366],"dipPosition":[89.1964,168.366,51.6559],"direction":[0.0235678,-0.684043,0.729061],"extended":false,"handId":126,"id":1264,"length":43.6839,"mcpPosition":[96.7232,205.237,54.5635],"pipPosition":[88.7978,179.937,39.3236],"stabilizedTipPosition":[88.3963,166.554,63.0394],"timeVisible":2.66248,"tipPosition":[90.8027,169.466,58.3734],"tipVelocity":[-2.01184,6.37944,7.93098],"tool":false,"touchDistance":0.333333,"touchZone":"none","type":4,"width":15.1538}],"r":[[0.826835,0.561703,-0.0288783],[-0.561653,0.821857,-0.0953745],[-0.0298383,0.0950785,0.995022]],"s":0.811729,"t":[-84.588,18.7956,122.063],"timestamp":8162208281},{"currentFrameRate":110.514,"devices":[],"gestures":[],"hands":[{"armBasis":[[0.805177,0.462604,-0.371063],[0.0145628,0.61009,0.792198],[0.592856,-0.643263,0.484494]],"armWidth":59.0231,"confidence":1,"direction":[-0.254717,0.466211,-0.847211],"elbow":[235.119,11.184,238.82],"grabAngle":3.14159,"grabStrength":0.233637,"id":126,"palmNormal":[0.0922069,-0.860408,-0.501195],"palmPosition":[66.4449,193.811,68.3372],"palmVelocity":[-5.79191,-2.03152,4.86224],"palmWidth":80.6694,"pinchDistance":30.2846,"pinchStrength":0.74661,"r":[[0.826648,0.561923,-0.0299228],[-0.561973,0.821646,-0.0953158],[-0.0289742,0.0956084,0.994997]],"s":0.809761,"sphereCenter":[88.8019,169.208,33.3104],"sphereRadius":45.1363,"stabilizedPalmPosition":[63.4077,192.035,67.2498],"t":[-84.6412,18.7997,122.126],"timeVisible":2.67269,"type":"right","wrist":[93.204,165.165,122.844]}],"id":157381,"interactionBox":{"center":[0,200,0],"size":[235.247,235.247,147.751]},"pointables":[{"bases":[[[0.906177,0.281138,-0.31592],[-0.15241,0.913939,0.376146],[0.39448,-0.292705,0.871039]],[[0.978501,0.193049,-0.0725804],[-0.199835,0.974489,-0.102166],[0.0510058,0.114474,0.992116]],[[0.978501,0.193049,-0.0725804],[-0.197613,0.776863,-0.597856],[-0.0590303,0.599346,0.798311]],[[0.978501,0.193049,-0.0725804],[-0.0867798,0.0661337,-0.99403],[-0.187096,0.978958,0.0814646]]],"btipPosition":[41.3596,169.977,-0.325766],"carpPosition":[64.9862,182.133,111.242],"dipPosition":[38.595,184.443,0.877986],"direction":[0.0590303,-0.599346,-0.798311],"extended":false,"handId":126,"id":1261,"length":50.8594,"mcpPosition":[39.2562,201.225,54.4284],"pipPosition":[37.361,196.971,17.5656],"stabilizedTipPosition":[41.2977,172.994,0.411853],"timeVisible":2.67269,"tipPosition":[40.4858,173.387,-0.691459],"tipVelocity":[-41.5071,-30.6877,27.0293],"tool":false,"touchDistance":0.270936,"touchZone":"hovering","type":1,"width":18.2543},{"bases":[[[0.255176,0.943351,0.212073],[-0.716532,0.0372292,0.69656],[0.649205,-0.329702,0.685441]],[[0.0812049,0.996237,0.0302871],[-0.871629,0.0562446,0.486928],[0.483392,-0.06594,0.872917]],[[0.0812049,0.996237,0.0302871],[-0.973175,0.072689,0.218283],[0.21526,-0.0472003,0.975415]],[[0.0812049,0.996237,0.0302871],[-0.987954,0.0844717,-0.129663],[-0.131733,-0.019393,0.991096]]],"btipPosition":[37.0439,166.026,24.3962],"carpPosition":[62.1179,161.323,111.85],"dipPosition":[34.3776,165.633,44.4565],"direction":[-0.21526,0.0472003,-0.975415],"extended":false,"handId":126,"id":1260,"length":45.0726,"mcpPosition":[62.1179,161.323,111.85],"pipPosition":[40.725,164.241,73.2189],"stabilizedTipPosition":[35.3367,166.589,29.5345],"timeVisible":2.67269,"tipPosition":[37.9032,166.896,28.3956],"tipVelocity":[-14.1769,-16.2749,19.9326],"tool":false,"touchDistance":0.305343,"touchZone":"hovering","type":0,"width":19.1104},{"bases":[[[0.963757,0.0790561,-0.254799],[0.0116814,0.941663,0.336353],[0.266525,-0.327139,0.906611]],[[0.946041,0.0985305,-0.308704],[-0.318076,0.464385,-0.826543],[0.061918,0.880135,0.470668]],[[0.946041,0.0985305,-0.308704],[-0.124374,-0.769283,-0.626686],[-0.299228,0.631265,-0.715519]],[[0.946041,0.0985305,-0.308704],[0.105388,-0.994416,0.00557577],[-0.306431,-0.0378087,-0.951142]]],"btipPosition":[67.6083,155.337,65.2997],"carpPosition":[74.3361,186.701,107.943],"dipPosition":[62.6282,154.722,49.8416],"direction":[0.299228,-0.631265,0.715519],"extended":false,"handId":126,"id":1262,"length":57.9502,"mcpPosition":[57.8503,206.936,51.865],"pipPosition":[55.2692,170.247,32.2448],"stabilizedTipPosition":[64.2646,155.818,62.8372],"timeVisible":2.67269,"tipPosition":[65.974,156.049,60.7867],"tipVelocity":[-14.3861,-6.62468,15.8167],"tool":false,"touchDistance":0.333333,"touchZone":"none","type":2,"width":17.9281},{"bases":[[[0.988833,-0.0411598,-0.143232],[0.0889979,0.933997,0.346019],[0.119536,-0.354902,0.92723]],[[0.979886,-0.0198044,-0.198575],[-0.170096,0.437491,-0.882988],[0.104362,0.899005,0.425323]],[[0.979886,-0.0198044,-0.198575],[-0.134021,-0.802579,-0.581296],[-0.14786,0.596216,-0.78909]],[[0.979886,-0.0198044,-0.198575],[0.00376454,-0.993052,0.117616],[-0.199524,-0.115998,-0.973003]]],"btipPosition":[80.6924,161.109,71.4894],"carpPosition":[84.597,188.548,104.791],"dipPosition":[77.4683,159.235,55.7669],"direction":[0.14786,-0.596216,0.78909],"extended":false,"handId":126,"id":1263,"length":55.7206,"mcpPosition":[77.9585,208.257,53.2968],"pipPosition":[73.9259,173.519,36.8619],"stabilizedTipPosition":[76.8266,159.673,68.9058],"timeVisible":2.67269,"tipPosition":[79.2982,161.527,65.2319],"tipVelocity":[-11.0349,-4.2164,13.0893],"tool":false,"touchDistance":0.333333,"touchZone":"none","type":3,"width":17.0597},{"bases":[[[0.967633,-0.235713,-0.0901427],[0.251923,0.881176,0.400079],[-0.0148722,-0.409839,0.912037]],[[0.961984,-0.182971,-0.20275],[-0.0774874,0.52902,-0.845064],[0.261881,0.828649,0.494731]],[[0.961984,-0.182971,-0.20275],[-0.271996,-0.70871,-0.65096],[-0.0245842,0.681361,-0.731535]],[[0.961984,-0.182971,-0.20275],[-0.184583,-0.982754,0.0110932],[-0.201283,0.0267528,-0.979168]]],"btipPosition":[92.0507,167.852,66.3261],"carpPosition":[95.8781,184.047,101.37],"dipPosition":[89.0501,168.251,51.7295],"direction":[0.0245842,-0.681361,0.731535],"extended":false,"handId":126,"id":1264,"length":43.6839,"mcpPosition":[96.6426,205.116,54.4843],"pipPosition":[88.6342,179.776,39.3553],"stabilizedTipPosition":[88.4074,166.559,63.0391],"timeVisible":2.67269,"tipPosition":[90.6783,169.368,58.4