{"frames":55,"data":[{"currentFrameRate":57.6441,"devices":[],"gestures":[],"hands":[{"armBasis":[[0.944151,0.0712425,-0.321719],[0.287682,0.297877,0.910225],[0.160679,-0.951942,0.260745]],"armWidth":56.6405,"confidence":1,"direction":[0.141546,0.968843,-0.203242],"elbow":[78.8268,-74.3336,241.146],"grabAngle":3.04096,"grabStrength":0.293447,"id":69,"palmNormal":[-0.270081,-0.159725,-0.949497],"palmPosition":[39.9847,215.471,163.483],"palmVelocity":[-11.1317,33.8564,5.40992],"palmWidth":79.644,"pinchDistance":27.8209,"pinchStrength":0.685823,"r":[[0.995947,0.0271252,-0.0857546],[0.00624861,0.930269,0.366825],[0.0897251,-0.365875,0.926329]],"s":0.988995,"sphereCenter":[46.4679,217.077,117.565],"sphereRadius":42.9618,"stabilizedPalmPosition":[40.3288,227.004,189.061],"t":[-53.5589,30.2812,5.15469],"timeVisible":17.9857,"type":"right","wrist":[40.8531,150.641,179.524]}],"id":42164,"interactionBox":{"center":[0,200,0],"size":[235.247,235.247,147.751]},"pointables":[{"bases":[[[0.962622,-0.0239314,-0.269789],[0.264071,0.304351,0.915225],[0.0602079,-0.952259,0.299294]],[[0.964143,-0.05736,-0.259111],[0.207092,0.773179,0.599422],[0.165957,-0.631588,0.757334]],[[0.964143,-0.05736,-0.259111],[0.104284,0.979709,0.171156],[0.244036,-0.19204,0.950561]],[[0.964143,-0.05736,-0.259111],[0.0359733,0.995598,-0.0865424],[0.262935,0.0741181,0.961962]]],"btipPosition":[7.42578,267.76,103.253],"carpPosition":[26.5997,179.801,185.342],"dipPosition":[11.348,268.866,117.603],"direction":[-0.244036,0.19204,-0.950561],"extended":false,"handId":69,"id":691,"length":51.343,"mcpPosition":[22.7226,241.123,166.069],"pipPosition":[16.4977,264.813,137.662],"stabilizedTipPosition":[11.926,270.777,100.78],"timeVisible":17.9857,"tipPosition":[8.94703,272.059,107.899],"tipVelocity":[-9.33174,20.1797,-6.56674],"tool":false,"touchDistance":0.609228,"touchZone":"hovering","type":1,"width":17.3092},{"bases":[[[0.652422,0.255746,0.7134],[-0.700923,-0.154335,0.696339],[0.288188,-0.954345,0.0785665]],[[0.572414,0.460715,0.678295],[-0.795894,0.113218,0.594756],[0.197218,-0.880297,0.431488]],[[0.572414,0.460715,0.678295],[-0.817125,0.38929,0.425158],[-0.0681771,-0.797618,0.599297]],[[0.572414,0.460715,0.678295],[-0.772259,0.580955,0.257111],[-0.275604,-0.670994,0.688339]]],"btipPosition":[12.9719,245.246,121.925],"carpPosition":[13.9281,169.33,172.683],"dipPosition":[7.34053,231.536,135.99],"direction":[0.0681771,0.797618,-0.599297],"extended":false,"handId":69,"id":690,"length":45.5012,"mcpPosition":[13.9281,169.33,172.683],"pipPosition":[5.31104,207.793,153.83],"stabilizedTipPosition":[14.7927,245.11,113.324],"timeVisible":17.9857,"tipPosition":[10.881,241.516,124.266],"tipVelocity":[-20.9786,31.7699,5.68565],"tool":false,"touchDistance":0.919334,"touchZone":"none","type":0,"width":18.121},{"bases":[[[0.902689,-0.203896,-0.378917],[0.42427,0.274943,0.862787],[-0.0717387,-0.939592,0.334695]],[[0.905367,-0.147188,-0.398305],[0.0732028,0.978061,-0.195035],[0.418273,0.147421,0.896278]],[[0.905367,-0.147188,-0.398305],[-0.410599,-0.0643162,-0.909545],[0.108257,0.987015,-0.118665]],[[0.905367,-0.147188,-0.398305],[-0.388507,-0.665717,-0.637089],[-0.171386,0.731544,-0.659902]]],"btipPosition":[24.1289,195.159,139.291],"carpPosition":[37.2256,180.491,183.675],"dipPosition":[21.317,207.162,128.465],"direction":[-0.108257,-0.987015,0.118665],"extended":false,"handId":69,"id":692,"length":58.5013,"mcpPosition":[41.6065,237.87,163.236],"pipPosition":[24.0047,231.666,125.518],"stabilizedTipPosition":[25.4396,211.526,159.304],"timeVisible":17.9857,"tipPosition":[22.4449,198.321,136.786],"tipVelocity":[-9.71895,29.7503,8.01792],"tool":false,"touchDistance":1,"touchZone":"none","type":2,"width":16.9999},{"bases":[[[0.847725,-0.360085,-0.389489],[0.485176,0.229581,0.84374],[-0.214399,-0.90423,0.369326]],[[0.859056,-0.305216,-0.410934],[0.217562,0.944378,-0.246612],[0.463347,0.122449,0.877676]],[[0.859056,-0.305216,-0.410934],[-0.43791,-0.0224976,-0.898738],[0.265064,0.952017,-0.152984]],[[0.859056,-0.305216,-0.410934],[-0.505731,-0.630154,-0.589188],[-0.0791221,0.713967,-0.695694]]],"btipPosition":[35.8314,189.33,140.622],"carpPosition":[47.2706,179.2,180.06],"dipPosition":[34.5407,200.977,129.274],"direction":[-0.265064,-0.952017,0.152984],"extended":false,"handId":69,"id":693,"length":56.2505,"mcpPosition":[59.0259,228.778,159.81],"pipPosition":[40.9515,224.002,125.574],"stabilizedTipPosition":[38.1118,205.134,160.343],"timeVisible":17.9857,"tipPosition":[35.3642,192.644,137.562],"tipVelocity":[-9.27552,29.5486,10.727],"tool":false,"touchDistance":1,"touchZone":"none","type":3,"width":16.1765},{"bases":[[[0.725316,-0.49527,-0.478146],[0.590261,0.0899848,0.802181],[-0.35427,-0.864066,0.357606]],[[0.76402,-0.382994,-0.51922],[0.32856,0.923545,-0.197769],[0.555267,-0.019495,0.831444]],[[0.76402,-0.382994,-0.51922],[-0.511447,0.131065,-0.849261],[0.393313,0.914406,-0.0957445]],[[0.76402,-0.382994,-0.51922],[-0.644326,-0.494605,-0.583275],[-0.0334181,0.780181,-0.624661]]],"btipPosition":[49.7461,191.304,138.996],"carpPosition":[55.1202,174.202,171.778],"dipPosition":[49.2432,203.045,129.595],"direction":[-0.393313,-0.914406,0.0957445],"extended":false,"handId":69,"id":694,"length":44.0994,"mcpPosition":[73.1011,218.058,153.628],"pipPosition":[55.9594,218.66,127.96],"stabilizedTipPosition":[51.0047,206.984,157.555],"timeVisible":17.9857,"tipPosition":[48.8344,195.108,137.107],"tipVelocity":[-9.09043,29.461,10.7659],"tool":false,"touchDistance":1,"touchZone":"none","type":4,"width":14.3692}],"r":[[0.995947,0.0271252,-0.0857546],[0.00624861,0.930269,0.366825],[0.0897251,-0.365875,0.926329]],"s":0.988995,"t":[-53.5589,30.2812,5.15469],"timestamp":1130968314536},{"currentFrameRate":57.6532,"devices":[],"gestures":[],"hands":[{"armBasis":[[0.943307,0.0731548,-0.323758],[0.288951,0.299001,0.909454],[0.163335,-0.951445,0.260911]],"armWidth":56.6405,"confidence":1,"direction":[0.141056,0.968612,-0.20468],"elbow":[79.243,-73.512,241.068],"grabAngle":3.04129,"grabStrength":0.290341,"id":69,"palmNormal":[-0.271445,-0.160983,-0.948895],"palmPosition":[39.717,216.156,163.292],"palmVelocity":[-15.4649,39.5562,-11.029],"palmWidth":79.644,"pinchDistance":27.8599,"pinchStrength":0.684434,"r":[[0.995929,0.0275369,-0.0858344],[0.0059177,0.930173,0.367075],[0.0899489,-0.366088,0.926223]],"s":0.98999,"sphereCenter":[46.2175,217.705,117.295],"sphereRadius":43.0694,"stabilizedPalmPosition":[40.325,226.936,188.899],"t":[-53.7817,30.8955,5.18886],"timeVisible":18.003,"type":"right","wrist":[40.6417,151.345,179.407]}],"id":42165,"interactionBox":{"center":[0,200,0],"size":[235.247,235.247,147.751]},"pointables":[{"bases":[[[0.962229,-0.0240856,-0.271174],[0.265357,0.305564,0.914449],[0.0608359,-0.951867,0.300414]],[[0.963784,-0.0579155,-0.26032],[0.20836,0.77279,0.599484],[0.166454,-0.632014,0.75687]],[[0.963784,-0.0579155,-0.26032],[0.105168,0.979566,0.171433],[0.245073,-0.192601,0.950181]],[[0.963784,-0.0579155,-0.26032],[0.0367645,0.995668,-0.0854007],[0.264139,0.0727373,0.961738]]],"btipPosition":[7.09829,268.493,103.084],"carpPosition":[26.3712,180.511,185.216],"dipPosition":[11.0384,269.578,117.43],"direction":[-0.245073,0.192601,-0.950181],"extended":false,"handId":69,"id":691,"length":51.343,"mcpPosition":[22.4536,241.808,165.871],"pipPosition":[16.21,265.514,137.481],"stabilizedTipPosition":[11.8685,270.747,100.862],"timeVisible":18.003,"tipPosition":[8.58122,272.632,107.671],"tipVelocity":[-18.6754,42.0704,-9.82658],"tool":false,"touchDistance":0.606393,"touchZone":"hovering","type":1,"width":17.3092},{"bases":[[[0.65342,0.256779,0.712115],[-0.699868,-0.153588,0.697564],[0.288492,-0.954188,0.0793541]],[[0.572976,0.462392,0.676677],[-0.794536,0.110874,0.597009],[0.201026,-0.879716,0.430915]],[[0.572976,0.462392,0.676677],[-0.817082,0.386596,0.427692],[-0.0638397,-0.797958,0.599322]],[[0.572976,0.462392,0.676677],[-0.773467,0.578101,0.259901],[-0.271011,-0.672305,0.688883]]],"btipPosition":[12.3375,245.949,121.844],"carpPosition":[13.683,170.021,172.589],"dipPosition":[6.7999,232.212,135.92],"direction":[0.0638397,0.797958,-0.599322],"extended":false,"handId":69,"id":690,"length":45.5012,"mcpPosition":[13.683,170.021,172.589],"pipPosition":[4.89953,208.459,153.761],"stabilizedTipPosition":[14.7548,245.086,113.443],"timeVisible":18.003,"tipPosition":[10.5609,242.159,124.105],"tipVelocity":[-35.3957,40.2486,-4.5255],"tool":false,"touchDistance":0.918028,"touchZone":"none","type":0,"width":18.121},{"bases":[[[0.902172,-0.204201,-0.379985],[0.425484,0.276121,0.861812],[-0.071061,-0.93918,0.335993]],[[0.904809,-0.147516,-0.399448],[0.0729872,0.97792,-0.195819],[0.419515,0.148025,0.895598]],[[0.904809,-0.147516,-0.399448],[-0.41186,-0.064975,-0.908928],[0.108128,0.986923,-0.119546]],[[0.904809,-0.147516,-0.399448],[-0.38912,-0.667411,-0.63494],[-0.172932,0.729933,-0.661281]]],"btipPosition":[23.8326,195.848,139.143],"carpPosition":[36.9944,181.201,183.533],"dipPosition":[20.9953,207.823,128.293],"direction":[-0.108128,-0.986923,0.119546],"extended":false,"handId":69,"id":692,"length":58.5013,"mcpPosition":[41.334,238.555,163.014],"pipPosition":[23.6798,232.326,125.325],"stabilizedTipPosition":[25.4201,211.415,159.109],"timeVisible":18.003,"tipPosition":[22.1437,198.967,136.643],"tipVelocity":[-17.4481,39.3958,-8.88579],"tool":false,"touchDistance":1,"touchZone":"none","type":2,"width":16.9999},{"bases":[[[0.847222,-0.360414,-0.390278],[0.486371,0.230747,0.842733],[-0.213677,-0.903802,0.370788]],[[0.858511,-0.305569,-0.411809],[0.217259,0.944172,-0.247666],[0.464498,0.123155,0.876969]],[[0.858511,-0.305569,-0.411809],[-0.439253,-0.0238213,-0.898048],[0.264606,0.951872,-0.154673]],[[0.858511,-0.305569,-0.411809],[-0.506367,-0.631924,-0.58674],[-0.0809423,0.712249,-0.697244]]],"btipPosition":[35.5515,190.018,140.48],"carpPosition":[47.0344,179.908,179.905],"dipPosition":[34.2311,201.637,129.106],"direction":[-0.264606,-0.951872,0.154673],"extended":false,"handId":69,"id":693,"length":56.2505,"mcpPosition":[58.7501,229.462,159.575],"pipPosition":[40.6308,224.658,125.365],"stabilizedTipPosition":[38.0875,205.029,160.152],"timeVisible":18.003,"tipPosition":[35.0632,193.294,137.408],"tipVelocity":[-16.5622,39.3625,-8.54393],"tool":false,"touchDistance":1,"touchZone":"none","type":3,"width":16.1765},{"bases":[[[0.72471,-0.495735,-0.478583],[0.591422,0.0911188,0.801197],[-0.353574,-0.863681,0.359223]],[[0.763362,-0.383396,-0.51989],[0.328538,0.923384,-0.198559],[0.556185,-0.0192313,0.830836]],[[0.763362,-0.383396,-0.51989],[-0.512937,0.129444,-0.848611],[0.392651,0.914468,-0.0978452]],[[0.763362,-0.383396,-0.51989],[-0.64499,-0.496726,-0.580733],[-0.0355922,0.778634,-0.626468]]],"btipPosition":[49.4789,191.997,138.835],"carpPosition":[54.8728,174.901,171.617],"dipPosition":[48.9433,203.715,129.407],"direction":[-0.392651,-0.914468,0.0978452],"extended":false,"handId":69,"id":694,"length":44.0994,"mcpPosition":[72.8183,218.737,153.385],"pipPosition":[55.6483,219.33,127.736],"stabilizedTipPosition":[50.9906,206.879,157.377],"timeVisible":18.003,"tipPosition":[48.5344,195.758,136.928],"tipVelocity":[-15.8618,39.7112,-9.66552],"tool":false,"touchDistance":1,"touchZone":"none","type":4,"width":14.3692}],"r":[[0.995929,0.0275369,-0.0858344],[0.0059177,0.930173,0.367075],[0.0899489,-0.366088,0.926223]],"s":0.98999,"t":[-53.7817,30.8955,5.18886],"timestamp":1130968331851},{"currentFrameRate":57.6516,"devices":[],"gestures":[],"hands":[{"armBasis":[[0.944124,0.0771283,-0.320438],[0.284249,0.301571,0.910087],[0.166828,-0.950319,0.262797]],"armWidth":56.6405,"confidence":1,"direction":[0.138743,0.968585,-0.206382],"elbow":[79.8705,-72.4134,241.058],"grabAngle":3.04151,"grabStrength":0.288525,"id":69,"palmNormal":[-0.267082,-0.164079,-0.949602],"palmPosition":[39.36,216.949,162.689],"palmVelocity":[-20.5755,45.7335,-34.7119],"palmWidth":79.644,"pinchDistance":27.8807,"pinchStrength":0.682944,"r":[[0.995965,0.0284732,-0.0851069],[0.00475217,0.930271,0.366842],[0.0896177,-0.365766,0.926382]],"s":0.991138,"sphereCenter":[46.0989,218.416,116.658],"sphereRadius":43.1621,"stabilizedPalmPosition":[40.317,226.854,188.684],"t":[-54.0716,31.5995,4.9048],"timeVisible":18.0203,"type":"right","wrist":[40.4436,152.178,178.951]}],"id":42166,"interactionBox":{"center":[0,200,0],"size":[235.247,235.247,147.751]},"pointables":[{"bases":[[[0.963391,-0.0215917,-0.26723],[0.260665,0.308559,0.914792],[0.0627043,-0.95096,0.302891]],[[0.965002,-0.0550862,-0.256391],[0.203442,0.774184,0.599376],[0.165477,-0.63056,0.758296]],[[0.965002,-0.0550862,-0.256391],[0.101517,0.979931,0.171549],[0.241796,-0.191573,0.951228]],[[0.965002,-0.0550862,-0.256391],[0.0345557,0.995874,-0.0839056],[0.259955,0.0721093,0.962924]]],"btipPosition":[6.81617,269.17,102.258],"carpPosition":[26.0412,181.313,184.643],"dipPosition":[10.6939,270.245,116.622],"direction":[-0.241796,0.191573,-0.951228],"extended":false,"handId":69,"id":691,"length":51.343,"mcpPosition":[22.0033,242.551,165.139],"pipPosition":[15.7964,266.203,136.696],"stabilizedTipPosition":[11.8169,270.73,100.92],"timeVisible":18.0203,"tipPosition":[8.26211,273.164,106.801],"tipVelocity":[-17.0867,38.8572,-47.3411],"tool":false,"touchDistance":0.592702,"touchZone":"hovering","type":1,"width":17.3092},{"bases":[[[0.649699,0.260563,0.714142],[-0.702182,-0.154232,0.695092],[0.291259,-0.953058,0.0827578]],[[0.568469,0.466367,0.677749],[-0.796828,0.107125,0.594634],[0.204714,-0.878081,0.432511]],[[0.568469,0.466367,0.677749],[-0.820474,0.382,0.425323],[-0.0605436,-0.797859,0.599797]],[[0.568469,0.466367,0.677749],[-0.777896,0.572864,0.258274],[-0.267807,-0.674039,0.68844]]],"btipPosition":[11.768,246.641,121.17],"carpPosition":[13.4382,170.752,171.989],"dipPosition":[6.29587,232.869,135.237],"direction":[0.0605436,0.797859,-0.599797],"extended":false,"handId":69,"id":690,"length":45.5012,"mcpPosition":[13.4382,170.752,171.989],"pipPosition":[4.49362,209.118,153.092],"stabilizedTipPosition":[14.706,245.068,113.569],"timeVisible":18.0203,"tipPosition":[10.283,242.779,123.346],"tipVelocity":[-31.9542,39.414,-38.9653],"tool":false,"touchDistance":0.90676,"touchZone":"none","type":0,"width":18.121},{"bases":[[[0.904358,-0.202155,-0.375859],[0.421098,0.279514,0.862872],[-0.0693759,-0.938619,0.337907]],[[0.906891,-0.145508,-0.395445],[0.0709596,0.97782,-0.197063],[0.415348,0.150654,0.897101]],[[0.906891,-0.145508,-0.395445],[-0.407928,-0.0680578,-0.910474],[0.105568,0.987014,-0.121077]],[[0.906891,-0.145508,-0.395445],[-0.384248,-0.670728,-0.634411],[-0.172925,0.72729,-0.664188]]],"btipPosition":[23.6429,196.576,138.517],"carpPosition":[36.6688,182.033,183.001],"dipPosition":[20.8058,208.508,127.62],"direction":[-0.105568,-0.987014,0.121077],"extended":false,"handId":69,"id":692,"length":58.5013,"mcpPosition":[40.9055,239.353,162.366],"pipPosition":[23.4267,233.013,124.614],"stabilizedTipPosition":[25.3982,211.305,158.901],"timeVisible":18.0203,"tipPosition":[21.9533,199.641,136.01],"tipVelocity":[-10.9309,41.407,-36.7024],"tool":false,"touchDistance":1,"touchZone":"none","type":2,"width":16.9999},{"bases":[[[0.849957,-0.358569,-0.386007],[0.482208,0.234293,0.844146],[-0.212246,-0.903624,0.372043]],[[0.861155,-0.303739,-0.407622],[0.215417,0.944352,-0.248586],[0.460444,0.126263,0.878663]],[[0.861155,-0.303739,-0.407622],[-0.435686,-0.0278844,-0.899667],[0.261897,0.952347,-0.156348]],[[0.861155,-0.303739,-0.407622],[-0.501812,-0.636055,-0.58619],[-0.0812215,0.70935,-0.700162]]],"btipPosition":[35.3943,190.779,139.945],"carpPosition":[46.7275,180.764,179.417],"dipPosition":[34.0694,202.35,128.524],"direction":[-0.261897,-0.952347,0.156348],"extended":false,"handId":69,"id":693,"length":56.2505,"mcpPosition":[58.3647,230.309,159.018],"pipPosition":[40.4036,225.384,124.743],"stabilizedTipPosition":[38.0582,204.915,159.929],"timeVisible":18.0203,"tipPosition":[34.8856,194.011,136.843],"tipVelocity":[-9.11628,43.2405,-31.445],"tool":false,"touchDistance":1,"touchZone":"none","type":3,"width":16.1765},{"bases":[[[0.728243,-0.494493,-0.474488],[0.587879,0.0949103,0.803362],[-0.352223,-0.863984,0.35982]],[[0.766725,-0.382024,-0.515936],[0.32677,0.924008,-0.198572],[0.552588,-0.0163424,0.833294]],[[0.766725,-0.382024,-0.515936],[-0.510323,0.124899,-0.850865],[0.389491,0.915673,-0.0991926]],[[0.766725,-0.382024,-0.515936],[-0.640902,-0.501947,-0.580769],[-0.0371047,0.775955,-0.629696]]],"btipPosition":[49.341,192.806,138.356],"carpPosition":[54.6156,175.763,171.173],"dipPosition":[48.7826,204.483,128.879],"direction":[-0.389491,-0.915673,0.0991926],"extended":false,"handId":69,"id":694,"length":44.0994,"mcpPosition":[72.4926,219.615,152.91],"pipPosition":[55.4336,220.119,127.186],"stabilizedTipPosition":[50.9715,206.757,157.15],"timeVisible":18.0203,"tipPosition":[48.3532,196.515,136.409],"tipVelocity":[-8.25473,46.0613,-28.2459],"tool":false,"touchDistance":1,"touchZone":"none","type":4,"width":14.3692}],"r":[[0.995965,0.0284732,-0.0851069],[0.00475217,0.930271,0.366842],[0.0896177,-0.365766,0.926382]],"s":0.991138,"t":[-54.0716,31.5995,4.9048],"timestamp":1130968349202},{"currentFrameRate":57.6578,"devices":[],"gestures":[],"hands":[{"armBasis":[[0.943888,0.0797199,-0.320499],[0.282752,0.306406,0.908937],[0.170663,-0.948557,0.266672]],"armWidth":56.6405,"confidence":1,"direction":[0.136947,0.968095,-0.209853],"elbow":[80.4127,-70.8444,241.052],"grabAngle":3.04511,"grabStrength":0.29598,"id":69,"palmNormal":[-0.265742,-0.168178,-0.949262],"palmPosition":[38.8579,218.037,161.522],"palmVelocity":[-28.9805,62.8113,-67.3715],"palmWidth":79.644,"pinchDistance":27.6641,"pinchStrength":0.688162,"r":[[0.995998,0.0295736,-0.0843383],[0.00335607,0.930624,0.365961],[0.0893101,-0.36478,0.926801]],"s":0.99178,"sphereCenter":[45.6475,219.35,115.506],"sphereRadius":43.1545,"stabilizedPalmPosition":[40.302,226.763,188.404],"t":[-54.4676,32.4955,4.17924],"timeVisible":18.0377,"type":"right","wrist":[40.0796,153.33,178.029]}],"id":42167,"interactionBox":{"center":[0,200,0],"size":[235.247,235.247,147.751]},"pointables":[{"bases":[[[0.963714,-0.0205832,-0.266141],[0.25906,0.312513,0.913905],[0.0643614,-0.94969,0.306506]],[[0.965321,-0.0521325,-0.255808],[0.199401,0.779693,0.593563],[0.168508,-0.623987,0.76305]],[[0.965321,-0.0521325,-0.255808],[0.0960197,0.982075,0.162199],[0.242767,-0.181137,0.953023]],[[0.965321,-0.0521325,-0.255808],[0.0295269,0.995374,-0.0914295],[0.259391,0.0807056,0.962394]]],"btipPosition":[6.13264,269.636,100.769],"carpPosition":[25.5901,182.456,183.595],"dipPosition":[10.002,270.839,115.125],"direction":[-0.242767,0.181137,-0.953023],"extended":false,"handId":69,"id":691,"length":51.343,"mcpPosition":[21.4455,243.612,163.858],"pipPosition":[15.1249,267.017,135.236],"stabilizedTipPosition":[11.7733,270.723,100.949],"timeVisible":18.0377,"tipPosition":[7.68642,273.884,105.361],"tipVelocity":[-39.5698,28.5962,-86.068],"tool":false,"touchDistance":0.567853,"touchZone":"hovering","type":1,"width":17.3092},{"bases":[[[0.648404,0.264578,0.713842],[-0.702591,-0.153099,0.694929],[0.293151,-0.952134,0.0866206]],[[0.566261,0.471134,0.676299],[-0.797419,0.105593,0.594115],[0.208495,-0.875719,0.435485]],[[0.566261,0.471134,0.676299],[-0.822207,0.380282,0.423511],[-0.0576543,-0.795876,0.602709]],[[0.566261,0.471134,0.676299],[-0.780382,0.570512,0.25597],[-0.26524,-0.672718,0.690723]]],"btipPosition":[11.0485,247.521,119.885],"carpPosition":[13.0225,171.821,170.968],"dipPosition":[5.62889,233.776,133.999],"direction":[0.0576543,0.795876,-0.602709],"extended":false,"handId":69,"id":690,"length":45.5012,"mcpPosition":[13.0225,171.821,170.968],"pipPosition":[3.91265,210.084,151.94],"stabilizedTipPosition":[14.6479,245.059,113.683],"timeVisible":18.0377,"tipPosition":[9.76918,243.669,122.066],"tipVelocity":[-40.8345,51.1579,-73.5552],"tool":false,"touchDistance":0.885523,"touchZone":"none","type":0,"width":18.121},{"bases":[[[0.905171,-0.201673,-0.374157],[0.419608,0.283608,0.862262],[-0.0677809,-0.937494,0.341337]],[[0.907607,-0.145094,-0.393952],[0.0692118,0.977252,-0.200472],[0.414077,0.154684,0.897002]],[[0.907607,-0.145094,-0.393952],[-0.40696,-0.0735735,-0.910478],[0.103121,0.986679,-0.125823]],[[0.907607,-0.145094,-0.393952],[-0.381764,-0.675642,-0.630685],[-0.174662,0.722811,-0.668609]]],"btipPosition":[23.2374,197.578,137.462],"carpPosition":[36.218,183.192,181.962],"dipPosition":[20.3718,209.437,126.493],"direction":[-0.103121,-0.986679,0.125823],"extended":false,"handId":69,"id":692,"length":58.5013,"mcpPosition":[40.3573,240.443,161.117],"pipPosition":[22.9319,233.933,123.369],"stabilizedTipPosition":[25.3694,211.193,158.656],"timeVisible":18.0377,"tipPosition":[21.5197,200.592,134.89],"tipVelocity":[-23.7871,56.8724,-61.8435],"tool":false,"touchDistance":1,"touchZone":"none","type":2,"width":16.9999},{"bases":[[[0.851106,-0.358237,-0.383777],[0.480832,0.238445,0.843768],[-0.210759,-0.902669,0.375194]],[[0.862212,-0.303464,-0.405585],[0.213623,0.943838,-0.252062],[0.459298,0.130689,0.878616]],[[0.862212,-0.303464,-0.405585],[-0.435295,-0.0344048,-0.89963],[0.259052,0.952221,-0.161761]],[[0.862212,-0.303464,-0.405585],[-0.499555,-0.641983,-0.581638],[-0.083872,0.704108,-0.705123]]],"btipPosition":[35.0251,191.809,138.962],"carpPosition":[46.2831,181.93,178.392],"dipPosition":[33.6569,203.295,127.46],"direction":[-0.259052,-0.952221,0.161761],"extended":false,"handId":69,"id":693,"length":56.2505,"mcpPosition":[57.8388,231.423,157.821],"pipPosition":[39.9223,226.325,123.547],"stabilizedTipPosition":[38.0202,204.797,159.661],"timeVisible":18.0377,"tipPosition":[34.4601,194.99,135.76],"tipVelocity":[-21.8892,58.3067,-57.8414],"tool":false,"touchDistance":1,"touchZone":"none","type":3,"width":16.1765},{"bases":[[[0.729767,-0.494744,-0.471878],[0.586835,0.0991317,0.803615],[-0.350806,-0.863367,0.362676]],[[0.768071,-0.382309,-0.513718],[0.325233,0.923951,-0.201341],[0.551625,-0.0124336,0.833999]],[[0.768071,-0.382309,-0.513718],[-0.510724,0.118226,-0.851577],[0.3863,0.91644,-0.104448]],[[0.768071,-0.382309,-0.513718],[-0.639087,-0.508278,-0.577253],[-0.0404227,0.771683,-0.634722]]],"btipPosition":[48.9777,193.857,137.357],"carpPosition":[54.1902,176.915,170.175],"dipPosition":[48.3694,205.47,127.805],"direction":[-0.3863,-0.91644,0.104448],"extended":false,"handId":69,"id":694,"length":44.0994,"mcpPosition":[71.9952,220.735,151.768],"pipPosition":[54.966,221.119,126.021],"stabilizedTipPosition":[50.9451,206.63,156.877],"timeVisible":18.0377,"tipPosition":[47.9265,197.518,135.327],"tipVelocity":[-21.6299,59.8208,-58.6582],"tool":false,"touchDistance":1,"touchZone":"none","type":4,"width":14.3692}],"r":[[0.995998,0.0295736,-0.0843383],[0.00335607,0.930624,0.365961],[0.0893101,-0.36478,0.926801]],"s":0.99178,"t":[-54.4676,32.4955,4.17924],"timestamp":1130968366525},{"currentFrameRate":57.6494,"devices":[],"gestures":[],"hands":[{"armBasis":[[0.940956,0.0799231,-0.328958],[0.289237,0.315127,0.903901],[0.175906,-0.945678,0.273404]],"armWidth":56.6405,"confidence":1,"direction":[0.13884,0.967831,-0.209824],"elbow":[80.8738,-68.805,240.579],"grabAngle":3.05196,"grabStrength":0.299466,"id":69,"palmNormal":[-0.270945,-0.166669,-0.948056],"palmPosition":[38.1289,219.39,159.429],"palmVelocity":[-41.9588,77.8744,-120.483],"palmWidth":79.644,"pinchDistance":27.5624,"pinchStrength":0.694026,"r":[[0.995958,0.0298639,-0.0847062],[0.00316458,0.93085,0.365388],[0.0897607,-0.364179,0.926993]],"s":0.992481,"sphereCenter":[44.6501,220.748,113.485],"sphereRadius":43.098,"stabilizedPalmPosition":[40.2766,226.677,188.065],"t":[-55.03,33.6199,2.76981],"timeVisible":18.055,"type":"right","wrist":[39.3015,154.689,175.965]}],"id":42168,"interactionBox":{"center":[0,200,0],"size":[235.247,235.247,147.751]},"pointables":[{"bases":[[[0.962319,-0.0233023,-0.270924],[0.264526,0.31105,0.912838],[0.0629997,-0.950108,0.305493]],[[0.96381,-0.0527757,-0.261313],[0.203179,0.780017,0.591855],[0.172593,-0.623529,0.762511]],[[0.96381,-0.0527757,-0.261313],[0.0965179,0.982791,0.157503],[0.248504,-0.177024,0.952317]],[[0.96381,-0.0527757,-0.261313],[0.0278186,0.994768,-0.0983021],[0.265134,0.0874752,0.960235]]],"btipPosition":[5.13302,270.834,98.8481],"carpPosition":[24.8628,183.833,181.542],"dipPosition":[9.088,272.139,113.172],"direction":[-0.248504,0.177024,-0.952317],"extended":false,"handId":69,"id":691,"length":51.343,"mcpPosition":[20.8059,245.016,161.869],"pipPosition":[14.332,268.404,133.268],"stabilizedTipPosition":[11.7102,270.727,100.962],"timeVisible":18.055,"tipPosition":[6.83342,275.29,103.438],"tipVelocity":[-56.4014,70.3413,-111.005],"tool":false,"touchDistance":0.53571,"touchZone":"hovering","type":1,"width":17.3092},{"bases":[[[0.652728,0.262085,0.710815],[-0.699604,-0.151487,0.698288],[0.29069,-0.953081,0.0844761]],[[0.569653,0.47169,0.673056],[-0.79469,0.107198,0.597474],[0.209673,-0.875224,0.435914]],[[0.569653,0.47169,0.673056],[-0.820036,0.381094,0.426975],[-0.0550976,-0.795158,0.603895]],[[0.569653,0.47169,0.673056],[-0.778939,0.571101,0.259031],[-0.2622,-0.671827,0.692748]]],"btipPosition":[10.037,248.885,117.791],"carpPosition":[12.2006,173.246,168.969],"dipPosition":[4.6795,235.157,131.946],"direction":[0.0550976,0.795158,-0.603895],"extended":false,"handId":69,"id":690,"length":45.5012,"mcpPosition":[12.2006,173.246,168.969],"pipPosition":[3.03937,211.487,149.922],"stabilizedTipPosition":[14.5636,245.069,113.789],"timeVisible":18.055,"tipPosition":[8.92117,245.148,120.15],"tipVelocity":[-57.3972,78.7034,-120.005],"tool":false,"touchDistance":0.850774,"touchZone":"none","type":0,"width":18.121},{"bases":[[[0.902693,-0.204134,-0.378781],[0.424728,0.281697,0.860379],[-0.0689311,-0.937537,0.340988]],[[0.905202,-0.147548,-0.398546],[0.0695811,0.976596,-0.203514],[0.419247,0.15649,0.894284]],[[0.905202,-0.147548,-0.398546],[-0.412234,-0.076882,-0.907828],[0.103307,0.986062,-0.130418]],[[0.905202,-0.147548,-0.398546],[-0.385843,-0.67843,-0.625186],[-0.178141,0.719696,-0.671047]]],"btipPosition":[22.4092,198.917,135.646],"carpPosition":[35.4846,184.538,179.856],"dipPosition":[19.4865,210.725,124.637],"direction":[-0.103307,-0.986062,0.130418],"extended":false,"handId":69,"id":692,"length":58.5013,"mcpPosition":[39.6941,241.791,159.032],"pipPosition":[22.0513,235.206,121.399],"stabilizedTipPosition":[25.322,211.068,158.323],"timeVisible":18.055,"tipPosition":[20.6237,202.011,132.874],"tipVelocity":[-48.4263,76.394,-105.05],"tool":false,"touchDistance":1,"touchZone":"none","type":2,"width":16.9999},{"bases":[[[0.848107,-0.360526,-0.388247],[0.485722,0.236363,0.84155],[-0.211634,-0.902305,0.375576]],[[0.859271,-0.305771,-0.410069],[0.213556,0.942903,-0.255592],[0.464809,0.13205,0.875509]],[[0.859271,-0.305771,-0.410069],[-0.441397,-0.0381062,-0.896502],[0.258499,0.951342,-0.16771]],[[0.859271,-0.305771,-0.410069],[-0.503795,-0.64469,-0.574948],[-0.088565,0.700627,-0.70801]]],"btipPosition":[34.193,193.132,137.097],"carpPosition":[45.528,183.248,176.236],"dipPosition":[32.7483,204.561,125.547],"direction":[-0.258499,-0.951342,0.16771],"extended":false,"handId":69,"id":693,"length":56.2505,"mcpPosition":[57.1317,232.721,155.643],"pipPosition":[39.0003,227.57,121.491],"stabilizedTipPosition":[37.9621,204.67,159.309],"timeVisible":18.055,"tipPosition":[33.539,196.365,133.684],"tipVelocity":[-48.9063,75.4066,-107.985],"tool":false,"touchDistance":1,"touchZone":"none","type":3,"width":16.1765},{"bases":[[[0.725921,-0.4966,-0.475844],[0.591102,0.0967592,0.800772],[-0.351621,-0.86257,0.363781]],[[0.764258,-0.384604,-0.517677],[0.325538,0.923007,-0.205142],[0.556717,-0.0117422,0.830619]],[[0.764258,-0.384604,-0.517677],[-0.516825,0.114878,-0.848348],[0.385747,0.915906,-0.110977]],[[0.764258,-0.384604,-0.517677],[-0.643337,-0.510705,-0.570349],[-0.0450219,0.768934,-0.63774]]],"btipPosition":[48.1295,195.146,135.363],"carpPosition":[53.3791,178.216,167.976],"dipPosition":[47.452,206.717,125.766],"direction":[-0.385747,-0.915906,0.110977],"extended":false,"handId":69,"id":694,"length":44.0994,"mcpPosition":[71.2255,221.995,149.513],"pipPosition":[54.0391,222.358,123.871],"stabilizedTipPosition":[50.9027,206.504,156.538],"timeVisible":18.055,"tipPosition":[47.0168,198.851,133.174],"tipVelocity":[-49.7368,73.6478,-115.371],"tool":false,"touchDistance":1,"touchZone":"none","type":4,"width":14.3692}],"r":[[0.995958,0.0298639,-0.0847062],[0.00316458,0.93085,0.365388],[0.0897607,-0.364179,0.926993]],"s":0.992481,"t":[-55.03,33.6199,2.76981],"timestamp":1130968383899},{"currentFrameRate":57.6655,"devices":[],"gestures":[],"hands":[{"armBasis":[[0.934706,0.0752338,-0.347369],[0.305594,0.328941,0.893538],[0.181488,-0.941349,0.284472]],"armWidth":56.6405,"confidence":1,"direction":[0.142509,0.96955,-0.199156],"elbow":[81.1191,-66.5847,239.371],"grabAngle":3.06598,"grabStrength":0.313902,"id":69,"palmNormal":[-0.284177,-0.152659,-0.94654],"palmPosition":[37.189,220.739,156.203],"palmVelocity":[-54.3688,78.0085,-186.588],"palmWidth":79.644,"pinchDistance":27.1352,"pinchStrength":0.7151,"r":[[0.995742,0.0290344,-0.0874958],[0.00515542,0.930085,0.367309],[0.0920431,-0.366196,0.925975]],"s":0.991754,"sphereCenter":[43.0057,222.681,110.452],"sphereRadius":42.8335,"stabilizedPalmPosition":[40.2439,226.614,187.728],"t":[-55.7812,34.8565,0.452236],"timeVisible":18.0723,"type":"right","wrist":[38.2275,155.886,172.141]}],"id":42169,"interactionBox":{"center":[0,200,0],"size":[235.247,235.247,147.751]},"pointables":[{"bases":[[[0.958589,-0.0259786,-0.283605],[0.278259,0.297521,0.913265],[0.0606533,-0.954362,0.29243]],[[0.959902,-0.0524218,-0.27539],[0.212571,0.776547,0.593118],[0.182761,-0.627875,0.756552]],[[0.959902,-0.0524218,-0.27539],[0.097116,0.983713,0.151254],[0.262976,-0.171934,0.949359]],[[0.959902,-0.0524218,-0.27539],[0.0196676,0.992533,-0.12038],[0.279645,0.110136,0.953766]]],"btipPosition":[3.49176,271.978,96.5571],"carpPosition":[23.9737,184.984,178.027],"dipPosition":[7.66319,273.621,110.784],"direction":[-0.262976,0.171934,-0.949359],"extended":false,"handId":69,"id":691,"length":51.343,"mcpPosition":[20.0678,246.441,159.196],"pipPosition":[13.2126,269.992,130.818],"stabilizedTipPosition":[11.603,270.751,100.945],"timeVisible":18.0723,"tipPosition":[5.46983,277.192,101.237],"tipVelocity":[-92.0567,70.6232,-133.803],"tool":false,"touchDistance":0.497157,"touchZone":"hovering","type":1,"width":17.3092},{"bases":[[[0.663506,0.24868,0.705633],[-0.691571,-0.156003,0.705261],[0.285465,-0.95594,0.0684709]],[[0.579331,0.463357,0.670579],[-0.78787,0.10749,0.606388],[0.208893,-0.879628,0.427338]],[[0.579331,0.463357,0.670579],[-0.813367,0.382134,0.438643],[-0.0530025,-0.799546,0.598261]],[[0.579331,0.463357,0.670579],[-0.772777,0.573869,0.27109],[-0.259213,-0.675259,0.690532]]],"btipPosition":[8.82882,250.674,114.893],"carpPosition":[11.0818,174.642,165.484],"dipPosition":[3.53234,236.877,129.003],"direction":[0.0530025,0.799546,-0.598261],"extended":false,"handId":69,"id":690,"length":45.5012,"mcpPosition":[11.0818,174.642,165.484],"pipPosition":[1.95457,213.076,146.812],"stabilizedTipPosition":[14.4417,245.111,113.865],"timeVisible":18.0723,"tipPosition":[7.64881,247.199,117.655],"tipVelocity":[-69.075,102.599,-168.193],"tool":false,"touchDistance":0.802311,"touchZone":"hovering","type":0,"width":18.121},{"bases":[[[0.896395,-0.205014,-0.392996],[0.437578,0.267821,0.858369],[-0.0707255,-0.941404,0.329783]],[[0.899023,-0.148195,-0.412063],[0.0714458,0.978025,-0.195861],[0.432034,0.146644,0.889855]],[[0.899023,-0.148195,-0.412063],[-0.424944,-0.0680233,-0.90266],[0.10574,0.986616,-0.124129]],[[0.899023,-0.148195,-0.412063],[-0.397229,-0.672031,-0.624967],[-0.184302,0.725543,-0.663038]]],"btipPosition":[21.1141,200.563,132.587],"carpPosition":[34.5774,185.643,176.213],"dipPosition":[18.0903,212.467,121.709],"direction":[-0.10574,-0.986616,0.124129],"extended":false,"handId":69,"id":692,"length":58.5013,"mcpPosition":[38.8965,243.133,156.074],"pipPosition":[20.7155,236.962,118.627],"stabilizedTipPosition":[25.241,210.94,157.856],"timeVisible":18.0723,"tipPosition":[19.2504,203.809,129.663],"tipVelocity":[-76.2552,96.4898,-175.22],"tool":false,"touchDistance":1,"touchZone":"none","type":2,"width":16.9999},{"bases":[[[0.840663,-0.360917,-0.403764],[0.498025,0.222343,0.838173],[-0.212737,-0.905705,0.366662]],[[0.851906,-0.305958,-0.425023],[0.214374,0.944212,-0.250016],[0.477807,0.121876,0.86997]],[[0.851906,-0.305958,-0.425023],[-0.454857,-0.0300728,-0.890056],[0.259538,0.95157,-0.164787]],[[0.851906,-0.305958,-0.425023],[-0.514724,-0.638757,-0.571882],[-0.0965147,0.70596,-0.701645]]],"btipPosition":[32.8878,194.711,133.839],"carpPosition":[44.5649,184.336,172.448],"dipPosition":[31.3134,206.226,122.393],"direction":[-0.259538,-0.95157,0.164787],"extended":false,"handId":69,"id":693,"length":56.2505,"mcpPosition":[56.229,233.995,152.344],"pipPosition":[37.5906,229.241,118.408],"stabilizedTipPosition":[37.8722,204.549,158.844],"timeVisible":18.0723,"tipPosition":[32.1248,198.066,130.244],"tipVelocity":[-77.2204,92.4622,-187.061],"tool":false,"touchDistance":1,"touchZone":"none","type":3,"width":16.1765},{"bases":[[[0.716469,-0.49506,-0.491516],[0.601952,0.0826042,0.794248],[-0.3526,-0.864923,0.357186]],[[0.754853,-0.383312,-0.532229],[0.326654,0.923367,-0.201721],[0.568765,-0.0215847,0.822217]],[[0.754853,-0.383312,-0.532229],[-0.529541,0.122648,-0.839371],[0.387018,0.915439,-0.110398]],[[0.754853,-0.383312,-0.532229],[-0.653831,-0.504059,-0.564295],[-0.0519736,0.773948,-0.631112]]],"btipPosition":[46.7871,196.646,131.895],"carpPosition":[52.276,179.36,164.023],"dipPosition":[46.005,208.293,122.397],"direction":[-0.387018,-0.915439,0.110398],"extended":false,"handId":69,"id":694,"length":44.0994,"mcpPosition":[70.1721,223.259,145.895],"pipPosition":[52.6138,223.925,120.512],"stabilizedTipPosition":[50.8343,206.39,156.111],"timeVisible":18.0723,"tipPosition":[45.6182,200.467,129.576],"tipVelocity":[-79.043,87.787,-199.29],"tool":false,"touchDistance":0.995169,"touchZone":"none","type":4,"width":14.3692}],"r":[[0.995742,0.0290344,-0.0874958],[0.00515542,0.930085,0.367309],[0.0920431,-0.366196,0.925975]],"s":0.991754,"t":[-55.7812,34.8565,0.452236],"timestamp":1130968401187},{"currentFrameRate":57.6289,"devices":[],"gestures":[],"hands":[{"armBasis":[[0.932336,0.0730553,-0.354137],[0.308889,0.34824,0.885052],[0.187982,-0.934554,0.30211]],"armWidth":56.6405,"confidence":1,"direction":[0.144008,0.972453,-0.183292],"elbow":[81.6026,-63.5183,237.896],"grabAngle":3.08615,"grabStrength":0.31886,"id":69,"palmNormal":[-0.284095,-0.136798,-0.948987],"palmPosition":[36.1618,222.371,151.295],"palmVelocity":[-58.7862,93.4052,-280.918],"palmWidth":79.644,"pinchDistance":26.9618,"pinchStrength":0.737779,"r":[[0.995576,0.0283648,-0.0895729],[0.00701029,0.92826,0.371867],[0.0936949,-0.37085,0.923954]],"s":0.990152,"sphereCenter":[41.7829,225.134,105.917],"sphereRadius":42.5225,"stabilizedPalmPosition":[40.207,226.576,187.398],"t":[-56.6705,36.2909,-3.16093],"timeVisible":18.0898,"type":"right","wrist":[37.1764,157.347,166.497]}],"id":42170,"interactionBox":{"center":[0,200,0],"size":[235.247,235.247,147.751]},"pointables":[{"bases":[[[0.958642,-0.0227781,-0.283702],[0.278402,0.282191,0.918074],[0.0591463,-0.959088,0.276862]],[[0.959818,-0.0466579,-0.276719],[0.21148,0.768443,0.603964],[0.184463,-0.638215,0.747432]],[[0.959818,-0.0466579,-0.276719],[0.0927244,0.983426,0.155804],[0.264863,-0.175202,0.948236]],[[0.959818,-0.0466579,-0.276719],[0.00252353,0.987476,-0.157747],[0.280613,0.15071,0.947915]]],"btipPosition":[2.3835,273.435,92.5146],"carpPosition":[22.8865,186.285,172.529],"dipPosition":[6.56939,275.683,106.655],"direction":[-0.264863,0.175202,-0.948236],"extended":false,"handId":69,"id":691,"length":51.343,"mcpPosition":[19.0777,248.047,154.7],"pipPosition":[12.1586,271.986,126.665],"stabilizedTipPosition":[11.4979,270.792,100.879],"timeVisible":18.0898,"tipPosition":[4.46738,279.388,97.1508],"tipVelocity":[-63.2327,91.3473,-232.494],"tool":false,"touchDistance":0.429447,"touchZone":"hovering","type":1,"width":17.3092},{"bases":[[[0.663644,0.236167,0.70979],[-0.69203,-0.166444,0.702418],[0.284028,-0.957351,0.0529748]],[[0.577883,0.455398,0.677247],[-0.789584,0.102089,0.605091],[0.206418,-0.884415,0.41857]],[[0.577883,0.455398,0.677247],[-0.814261,0.377702,0.440818],[-0.0550501,-0.806197,0.58908]],[[0.577883,0.455398,0.677247],[-0.772766,0.572201,0.274625],[-0.262458,-0.682055,0.682581]]],"btipPosition":[7.96584,252.746,110.044],"carpPosition":[9.98336,176.168,159.815],"dipPosition":[2.60305,238.81,123.991],"direction":[0.0550501,0.806197,-0.58908],"extended":false,"handId":69,"id":690,"length":45.5012,"mcpPosition":[9.98336,176.168,159.815],"pipPosition":[0.964325,214.811,141.526],"stabilizedTipPosition":[14.3223,245.18,113.856],"timeVisible":18.0898,"tipPosition":[6.67517,249.501,113.176],"tipVelocity":[-50.2595,116.743,-279.692],"tool":false,"touchDistance":0.720856,"touchZone":"hovering","type":0,"width":18.121},{"bases":[[[0.896218,-0.199916,-0.396014],[0.437695,0.253153,0.86275],[-0.0722253,-0.946545,0.314382]],[[0.898936,-0.142797,-0.414153],[0.0701791,0.980114,-0.185611],[0.432421,0.137787,0.891082]],[[0.898936,-0.142797,-0.414153],[-0.425584,-0.0604811,-0.902895],[0.103883,0.987902,-0.115141]],[[0.898936,-0.142797,-0.414153],[-0.396554,-0.666997,-0.630761],[-0.186168,0.731248,-0.656215]]],"btipPosition":[20.1805,202.439,127.657],"carpPosition":[33.4918,186.958,170.729],"dipPosition":[17.1261,214.436,116.89],"direction":[-0.103883,-0.987902,0.115141],"extended":false,"handId":69,"id":692,"length":58.5013,"mcpPosition":[37.9024,244.761,151.531],"pipPosition":[19.7052,238.963,114.032],"stabilizedTipPosition":[25.1583,210.858,157.387],"timeVisible":18.0898,"tipPosition":[18.2367,205.886,124.493],"tipVelocity":[-53.8331,108.585,-280.667],"tool":false,"touchDistance":0.919675,"touchZone":"none","type":2,"width":16.9999},{"bases":[[[0.840259,-0.35554,-0.409337],[0.498081,0.20792,0.841834],[-0.214196,-0.911241,0.351794]],[[0.851591,-0.300258,-0.429695],[0.213281,0.947251,-0.239221],[0.478857,0.112072,0.87071]],[[0.851591,-0.300258,-0.429695],[-0.456744,-0.0227406,-0.889307],[0.25725,0.953587,-0.156507]],[[0.851591,-0.300258,-0.429695],[-0.514716,-0.63422,-0.576916],[-0.0992973,0.712468,-0.694644]]],"btipPosition":[31.9412,196.603,128.809],"carpPosition":[43.4785,185.698,166.946],"dipPosition":[30.3214,208.225,117.478],"direction":[-0.25725,-0.953587,0.156507],"extended":false,"handId":69,"id":693,"length":56.2505,"mcpPosition":[55.2227,235.66,147.657],"pipPosition":[36.5432,231.288,113.692],"stabilizedTipPosition":[37.7809,204.473,158.371],"timeVisible":18.0898,"tipPosition":[31.0831,200.113,124.994],"tipVelocity":[-54.7715,109.7,-286.348],"tool":false,"touchDistance":0.936713,"touchZone":"none","type":3,"width":16.1765},{"bases":[[[0.715895,-0.488051,-0.4993],[0.601815,0.0687611,0.79567],[-0.353995,-0.870103,0.342942]],[[0.754282,-0.376333,-0.537989],[0.3254,0.925979,-0.191514],[0.57024,-0.0306058,0.820908]],[[0.754282,-0.376333,-0.537989],[-0.532434,0.128827,-0.836611],[0.384152,0.917484,-0.1032]],[[0.754282,-0.376333,-0.537989],[-0.654219,-0.499813,-0.567613],[-0.0552825,0.780103,-0.623204]]],"btipPosition":[45.8201,198.548,126.837],"carpPosition":[51.185,180.848,158.444],"dipPosition":[44.9882,210.288,117.458],"direction":[-0.384152,-0.917484,0.1032],"extended":false,"handId":69,"id":694,"length":44.0994,"mcpPosition":[69.1519,225.01,141.038],"pipPosition":[51.548,225.955,115.696],"stabilizedTipPosition":[50.7609,206.318,155.668],"timeVisible":18.0898,"tipPosition":[44.5881,202.501,124.349],"tipVelocity":[-55.9929,110.052,-287.889],"tool":false,"touchDistance":0.911326,"touchZone":"none","type":4,"width":14.3692}],"r":[[0.995576,0.0283648,-0.0895729],[0.00701029,0.92826,0.371867],[0.0936949,-0.37085,0.923954]],"s":0.990152,"t":[-56.6705,36.2909,-3.16093],"timestamp":1130968418661},{"currentFrameRate":57.6221,"devices":[],"gestures":[],"hands":[{"armBasis":[[0.929001,0.0701268,-0.363372],[0.312758,0.376123,0.