{"frames":44,"data":[{"currentFrameRate":114.049,"devices":[],"gestures":[],"hands":[{"armBasis":[[0.815185,0.377692,-0.439114],[0.091425,0.664727,0.741471],[0.571939,-0.644582,0.507345]],"armWidth":59.0231,"confidence":1,"direction":[-0.218571,0.493564,-0.841797],"elbow":[234.751,12.2348,243.848],"grabAngle":2.82818,"grabStrength":0,"id":126,"palmNormal":[-0.0235494,-0.865071,-0.501096],"palmPosition":[72.8688,197.511,68.1798],"palmVelocity":[-4.42977,7.84345,8.59966],"palmWidth":80.6694,"pinchDistance":47.5849,"pinchStrength":0.420333,"r":[[0.88561,0.461378,-0.0531443],[-0.464397,0.88107,-0.0897302],[0.00542421,0.104146,0.994547]],"s":0.940946,"sphereCenter":[97.2415,170.167,29.977],"sphereRadius":51.449,"stabilizedPalmPosition":[69.7896,195.647,67.6505],"t":[-78.2476,22.4361,121.966],"timeVisible":5.07409,"type":"right","wrist":[97.8432,166.532,122.402]}],"id":157654,"interactionBox":{"center":[0,200,0],"size":[235.247,235.247,147.751]},"pointables":[{"bases":[[[0.924989,0.171298,-0.339193],[-0.0329712,0.925442,0.377451],[0.37856,-0.337954,0.861672]],[[0.993139,0.0727308,-0.09157],[-0.057569,0.985677,0.158513],[0.101787,-0.152154,0.983101]],[[0.993139,0.0727308,-0.09157],[-0.0778245,0.995539,-0.0533383],[0.0872822,0.0600987,0.994369]],[[0.993139,0.0727308,-0.09157],[-0.0932894,0.964928,-0.245379],[0.0705119,0.252238,0.965093]]],"btipPosition":[39.7676,208.787,-16.6391],"carpPosition":[71.1076,186.074,111.138],"dipPosition":[40.8095,212.514,-2.37848],"direction":[-0.0872822,-0.0600987,-0.994369],"extended":true,"handId":126,"id":1261,"length":50.8594,"mcpPosition":[46.416,208.117,54.9354],"pipPosition":[42.634,213.77,18.4075],"stabilizedTipPosition":[40.2153,208.548,-13.4982],"timeVisible":5.07409,"tipPosition":[39.4706,214.712,-12.7835],"tipVelocity":[-12.3189,34.8331,8.95474],"tool":false,"touchDistance":0.329806,"touchZone":"hovering","type":1,"width":18.2543},{"bases":[[[0.370966,0.906149,0.203169],[-0.689274,0.122061,0.714145],[0.622323,-0.404963,0.669865]],[[0.193085,0.981004,0.0186889],[-0.875262,0.163602,0.455139],[0.443435,-0.104238,0.890224]],[[0.193085,0.981004,0.0186889],[-0.967117,0.187069,0.172309],[0.16554,-0.0513446,0.984866]],[[0.193085,0.981004,0.0186889],[-0.96436,0.193252,-0.18073],[-0.180908,0.0168734,0.983355]]],"btipPosition":[44.9531,171.539,23.53],"carpPosition":[65.7972,165.754,111.872],"dipPosition":[41.2914,171.881,43.4336],"direction":[-0.16554,0.0513446,-0.984866],"extended":false,"handId":126,"id":1260,"length":45.0726,"mcpPosition":[65.7972,165.754,111.872],"pipPosition":[46.1727,170.367,72.4747],"stabilizedTipPosition":[43.3727,170.174,28.1619],"timeVisible":5.07409,"tipPosition":[44.3945,173.186,27.8291],"tipVelocity":[-11.2843,11.4656,6.10003],"tool":false,"touchDistance":0.292679,"touchZone":"hovering","type":0,"width":19.1104},{"bases":[[[0.959607,-0.0362277,-0.279002],[0.132203,0.933435,0.333499],[0.248349,-0.356912,0.90052]],[[0.942988,-0.0147606,-0.332499],[-0.277286,0.517699,-0.809383],[0.184081,0.855436,0.484091]],[[0.942988,-0.0147606,-0.332499],[-0.234705,-0.737814,-0.632886],[-0.23598,0.674843,-0.699214]],[[0.942988,-0.0147606,-0.332499],[-0.0168828,-0.999851,-0.00349425],[-0.332398,0.00890855,-0.943097]]],"btipPosition":[69.0199,159.173,64.2367],"carpPosition":[80.8493,189.497,107.595],"dipPosition":[63.6177,159.318,48.9093],"direction":[0.23598,-0.674843,0.699214],"extended":false,"handId":126,"id":1262,"length":57.9502,"mcpPosition":[65.4878,211.574,51.8933],"pipPosition":[57.8142,175.914,31.7135],"stabilizedTipPosition":[64.8814,157.433,59.5419],"timeVisible":5.07409,"tipPosition":[67.4333,159.249,59.7751],"tipVelocity":[-13.5045,8.86571,3.41057],"tool":false,"touchDistance":0.333333,"touchZone":"none","type":2,"width":17.9281},{"bases":[[[0.972979,-0.158618,-0.167784],[0.208274,0.916608,0.34125],[0.0996635,-0.366974,0.924877]],[[0.965252,-0.136327,-0.222941],[-0.137303,0.461302,-0.876555],[0.222342,0.876707,0.426555]],[[0.965252,-0.136327,-0.222941],[-0.24422,-0.77415,-0.583994],[-0.0929755,0.618148,-0.780544]],[[0.965252,-0.136327,-0.222941],[-0.115269,-0.987775,0.104948],[-0.234523,-0.0756035,-0.969166]]],"btipPosition":[83.0654,163.024,70.697],"carpPosition":[91.1746,190.109,104.182],"dipPosition":[79.2758,161.803,55.0365],"direction":[0.0929755,-0.618148,0.780544],"extended":false,"handId":126,"id":1263,"length":55.7206,"mcpPosition":[85.6397,210.489,52.8188],"pipPosition":[77.0483,176.612,36.3363],"stabilizedTipPosition":[79.1369,160.603,66.6822],"timeVisible":5.07409,"tipPosition":[82.0618,163.536,66.2276],"tipVelocity":[-12.0664,5.22708,3.57223],"tool":false,"touchDistance":0.333333,"touchZone":"none","type":3,"width":17.0597},{"bases":[[[0.930098,-0.34928,-0.113674],[0.365054,0.844732,0.39136],[-0.0406703,-0.4055,0.91319]],[[0.92792,-0.296052,-0.226535],[-0.0344141,0.537064,-0.842839],[0.371187,0.789883,0.488164]],[[0.92792,-0.296052,-0.226535],[-0.370602,-0.667044,-0.646302],[0.0402304,0.683671,-0.728681]],[[0.92792,-0.296052,-0.226535],[-0.301013,-0.953529,0.0131439],[-0.219899,0.0559935,-0.973914]]],"btipPosition":[95.0872,168.59,65.4634],"carpPosition":[101.75,184.298,100.493],"dipPosition":[91.8091,169.425,50.9451],"direction":[-0.0402304,-0.683671,0.728681],"extended":false,"handId":126,"id":1264,"length":43.6839,"mcpPosition":[103.841,205.144,53.5474],"pipPosition":[92.4896,180.989,38.6192],"stabilizedTipPosition":[91.2238,167.142,61.3783],"timeVisible":5.07409,"tipPosition":[94.2586,169.786,60.3957],"tipVelocity":[-11.2101,3.4243,3.47046],"tool":false,"touchDistance":0.333333,"touchZone":"none","type":4,"width":15.1538}],"r":[[0.88561,0.461378,-0.0531443],[-0.464397,0.88107,-0.0897302],[0.00542421,0.104146,0.994547]],"s":0.940946,"t":[-78.2476,22.4361,121.966],"timestamp":8164619890},{"currentFrameRate":114.625,"devices":[],"gestures":[],"hands":[{"armBasis":[[0.814956,0.376939,-0.440186],[0.0924954,0.665226,0.74089],[0.572093,-0.644508,0.507265]],"armWidth":59.0231,"confidence":1,"direction":[-0.218412,0.495477,-0.840713],"elbow":[234.764,12.2221,243.854],"grabAngle":2.8256,"grabStrength":0,"id":126,"palmNormal":[-0.0253044,-0.864099,-0.502686],"palmPosition":[72.8464,197.601,68.2679],"palmVelocity":[-2.88637,11.5713,11.3879],"palmWidth":80.6694,"pinchDistance":46.5395,"pinchStrength":0.421151,"r":[[0.886033,0.460586,-0.0529749],[-0.463585,0.881607,-0.0886465],[0.00587368,0.103102,0.994653]],"s":0.941449,"sphereCenter":[97.179,170.292,29.9854],"sphereRadius":51.4753,"stabilizedPalmPosition":[69.7969,195.651,67.652],"t":[-78.2702,22.515,122.043],"timeVisible":5.08182,"type":"right","wrist":[97.8188,166.501,122.427]}],"id":157655,"interactionBox":{"center":[0,200,0],"size":[235.247,235.247,147.751]},"pointables":[{"bases":[[[0.925008,0.170454,-0.339567],[-0.0312121,0.92479,0.379196],[0.378664,-0.340161,0.860758]],[[0.993204,0.0712541,-0.0920239],[-0.0559728,0.985674,0.1591],[0.102042,-0.152868,0.982964]],[[0.993204,0.0712541,-0.0920239],[-0.0758283,0.996003,-0.0472008],[0.0882928,0.053858,0.994637]],[[0.993204,0.0712541,-0.0920239],[-0.0911432,0.967892,-0.23426],[0.0723772,0.241055,0.967809]]],"btipPosition":[39.6942,209.265,-16.552],"carpPosition":[71.0991,186.086,111.206],"dipPosition":[40.7636,212.827,-2.25126],"direction":[-0.0882928,-0.053858,-0.994637],"extended":true,"handId":126,"id":1261,"length":50.8594,"mcpPosition":[46.4007,208.273,55.0631],"pipPosition":[42.6093,213.953,18.5403],"stabilizedTipPosition":[40.1823,208.732,-13.47],"timeVisible":5.08182,"tipPosition":[39.4206,214.956,-12.6444],"tipVelocity":[-8.66807,56.9284,12.4451],"tool":false,"touchDistance":0.331411,"touchZone":"hovering","type":1,"width":18.2543},{"bases":[[[0.372564,0.905177,0.204576],[-0.688544,0.12183,0.714887],[0.622176,-0.407201,0.668644]],[[0.19393,0.980819,0.0196343],[-0.874974,0.163882,0.455592],[0.443635,-0.105532,0.889972]],[[0.19393,0.980819,0.0196343],[-0.966798,0.187686,0.17342],[0.166409,-0.0526138,0.984652]],[[0.19393,0.980819,0.0196343],[-0.964388,0.194274,-0.179483],[-0.179855,0.0158722,0.983565]]],"btipPosition":[44.8569,171.674,23.5775],"carpPosition":[65.7569,165.773,111.906],"dipPosition":[41.2165,171.995,43.4853],"direction":[-0.166409,0.0526138,-0.984652],"extended":false,"handId":126,"id":1260,"length":45.0726,"mcpPosition":[65.7569,165.773,111.906],"pipPosition":[46.1235,170.444,72.5202],"stabilizedTipPosition":[43.3789,170.189,28.1619],"timeVisible":5.08182,"tipPosition":[44.3017,173.387,27.8948],"tipVelocity":[-11.7936,16.7876,6.26259],"tool":false,"touchDistance":0.293487,"touchZone":"hovering","type":0,"width":19.1104},{"bases":[[[0.959339,-0.0372385,-0.279789],[0.133942,0.932601,0.335135],[0.248451,-0.358983,0.899668]],[[0.942715,-0.0156454,-0.333233],[-0.277015,0.519872,-0.808082],[0.185881,0.854101,0.485757]],[[0.942715,-0.0156454,-0.333233],[-0.236529,-0.735759,-0.634596],[-0.235251,0.677062,-0.697312]],[[0.942715,-0.0156454,-0.333233],[-0.0187427,-0.999806,-0.00608167],[-0.333073,0.011979,-0.942825]]],"btipPosition":[68.9258,159.256,64.2359],"carpPosition":[80.8436,189.5,107.662],"dipPosition":[63.5126,159.45,48.913],"direction":[0.235251,-0.677062,0.697312],"extended":false,"handId":126,"id":1262,"length":57.9502,"mcpPosition":[65.4757,211.705,52.0131],"pipPosition":[57.7271,176.101,31.7639],"stabilizedTipPosition":[64.8909,157.439,59.5458],"timeVisible":5.08182,"tipPosition":[67.3443,159.363,59.7979],"tipVelocity":[-12.4796,12.1765,0.0280516],"tool":false,"touchDistance":0.333333,"touchZone":"none","type":2,"width":17.9281},{"bases":[[[0.972599,-0.159857,-0.168808],[0.209992,0.915638,0.342797],[0.0997687,-0.368853,0.924118]],[[0.964867,-0.137451,-0.223918],[-0.137267,0.462972,-0.87568],[0.224031,0.875651,0.427838]],[[0.964867,-0.137451,-0.223918],[-0.245916,-0.772504,-0.585459],[-0.0925057,0.619955,-0.779165]],[[0.964867,-0.137451,-0.223918],[-0.116744,-0.987776,0.10329],[-0.235379,-0.0735205,-0.969119]]],"btipPosition":[82.9895,163.086,70.7164],"carpPosition":[91.1673,190.102,104.242],"dipPosition":[79.1861,161.898,55.0566],"direction":[0.0925057,-0.619955,0.779165],"extended":false,"handId":126,"id":1263,"length":55.7206,"mcpPosition":[85.6266,210.587,52.9215],"pipPosition":[76.9699,176.751,36.3894],"stabilizedTipPosition":[79.1424,160.607,66.683],"timeVisible":5.08182,"tipPosition":[81.9838,163.614,66.2461],"tipVelocity":[-10.2095,8.95838,2.5203],"tool":false,"touchDistance":0.333333,"touchZone":"none","type":3,"width":17.0597},{"bases":[[[0.929454,-0.350551,-0.115021],[0.366694,0.843419,0.392656],[-0.0406351,-0.407134,0.912464]],[[0.927278,-0.297114,-0.227771],[-0.0342104,0.538611,-0.84186],[0.372808,0.78843,0.489278]],[[0.927278,-0.297114,-0.227771],[-0.372137,-0.665094,-0.647429],[0.0408707,0.685108,-0.727294]],[[0.927278,-0.297114,-0.227771],[-0.302545,-0.953065,0.0115282],[-0.220506,0.0582211,-0.973646]]],"btipPosition":[95.0147,168.644,65.481],"carpPosition":[101.73,184.281,100.535],"dipPosition":[91.7276,169.512,50.9667],"direction":[-0.0408707,-0.685108,0.727294],"extended":false,"handId":126,"id":1264,"length":43.6839,"mcpPosition":[103.819,205.211,53.6265],"pipPosition":[92.4189,181.101,38.6643],"stabilizedTipPosition":[91.2301,167.146,61.3799],"timeVisible":5.08182,"tipPosition":[94.1862,169.856,60.4168],"tipVelocity":[-9.63347,8.00447,2.39403],"tool":false,"touchDistance":0.333333,"touchZone":"none","type":4,"width":15.1538}],"r":[[0.886033,0.460586,-0.0529749],[-0.463585,0.881607,-0.0886465],[0.00587368,0.103102,0.994653]],"s":0.941449,"t":[-78.2702,22.515,122.043],"timestamp":8164627629},{"currentFrameRate":114.595,"devices":[],"gestures":[],"hands":[{"armBasis":[[0.81482,0.375767,-0.441438],[0.0941045,0.66564,0.740316],[0.572025,-0.644765,0.507016]],"armWidth":59.0231,"confidence":1,"direction":[-0.21857,0.496503,-0.840067],"elbow":[234.729,12.1619,243.834],"grabAngle":2.82234,"grabStrength":0,"id":126,"palmNormal":[-0.0272741,-0.863654,-0.503347],"palmPosition":[72.8129,197.674,68.3532],"palmVelocity":[-3.82013,8.36065,9.70863],"palmWidth":80.6694,"pinchDistance":44.8842,"pinchStrength":0.422463,"r":[[0.886507,0.459674,-0.0529689],[-0.46267,0.882199,-0.0875325],[0.00649268,0.102105,0.994752]],"s":0.9422,"sphereCenter":[97.0553,170.386,30.0078],"sphereRadius":51.499,"stabilizedPalmPosition":[69.8042,195.656,67.6537],"t":[-78.2983,22.5911,122.124],"timeVisible":5.0906,"type":"right","wrist":[97.7999,166.503,122.467]}],"id":157656,"interactionBox":{"center":[0,200,0],"size":[235.247,235.247,147.751]},"pointables":[{"bases":[[[0.924894,0.169232,-0.340487],[-0.029285,0.924535,0.37997],[0.379095,-0.341461,0.860053]],[[0.993151,0.0699284,-0.0936041],[-0.0541952,0.985438,0.161169],[0.103511,-0.154992,0.982478]],[[0.993151,0.0699284,-0.0936041],[-0.0737507,0.996552,-0.0380145],[0.0906231,0.0446575,0.994883]],[[0.993151,0.0699284,-0.0936041],[-0.0892842,0.970963,-0.221943],[0.0753661,0.22878,0.970556]]],"btipPosition":[39.5154,209.845,-16.4557],"carpPosition":[71.0959,186.128,111.284],"dipPosition":[40.6291,213.225,-2.11438],"direction":[-0.0906231,-0.0446575,-0.994883],"extended":true,"handId":126,"id":1261,"length":50.8594,"mcpPosition":[46.3695,208.4,55.1871],"pipPosition":[42.5234,214.159,18.6823],"stabilizedTipPosition":[40.1285,208.98,-13.429],"timeVisible":5.0906,"tipPosition":[39.3331,215.045,-12.522],"tipVelocity":[-19.209,61.246,12.0332],"tool":false,"touchDistance":0.333172,"touchZone":"hovering","type":1,"width":18.2543},{"bases":[[[0.374259,0.90441,0.204874],[-0.687531,0.122369,0.71577],[0.622279,-0.408741,0.667607]],[[0.194989,0.980609,0.0196492],[-0.874547,0.16476,0.456093],[0.444012,-0.106117,0.889715]],[[0.194989,0.980609,0.0196492],[-0.966387,0.188661,0.17465],[0.167556,-0.0530436,0.984435]],[[0.194989,0.980609,0.0196492],[-0.96447,0.195344,-0.177871],[-0.17826,0.0157317,0.983858]]],"btipPosition":[44.7389,171.765,23.6572],"carpPosition":[65.7217,165.823,111.974],"dipPosition":[41.1309,172.084,43.571],"direction":[-0.167556,0.0530436,-0.984435],"extended":false,"handId":126,"id":1260,"length":45.0726,"mcpPosition":[65.7217,165.823,111.974],"pipPosition":[46.0717,170.52,72.5994],"stabilizedTipPosition":[43.3844,170.206,28.1627],"timeVisible":5.0906,"tipPosition":[44.1819,173.532,27.9944],"tipVelocity":[-12.5904,10.3311,9.23652],"tool":false,"touchDistance":0.294838,"touchZone":"hovering","type":0,"width":19.1104},{"bases":[[[0.958958,-0.0385638,-0.280914],[0.135831,0.932115,0.335727],[0.248897,-0.360105,0.899097]],[[0.942307,-0.0169011,-0.334322],[-0.27696,0.521582,-0.806998],[0.188015,0.853034,0.48681]],[[0.942307,-0.0169011,-0.334322],[-0.23874,-0.734006,-0.635797],[-0.234648,0.678933,-0.695694]],[[0.942307,-0.0169011,-0.334322],[-0.0207942,-0.999751,-0.00806903],[-0.334102,0.0145555,-0.942424]]],"btipPosition":[68.8095,159.31,64.2506],"carpPosition":[80.8419,189.529,107.731],"dipPosition":[63.3796,159.547,48.9342],"direction":[0.234648,-0.678933,0.695694],"extended":false,"handId":126,"id":1262,"length":57.9502,"mcpPosition":[65.4465,211.803,52.118],"pipPosition":[57.6089,176.244,31.825],"stabilizedTipPosition":[64.9023,157.447,59.5509],"timeVisible":5.0906,"tipPosition":[67.2404,159.452,59.8618],"tipVelocity":[-13.6902,7.35147,1.8507],"tool":false,"touchDistance":0.333333,"touchZone":"none","type":2,"width":17.9281},{"bases":[[[0.972147,-0.161292,-0.170046],[0.211862,0.915023,0.343289],[0.100226,-0.369754,0.923708]],[[0.964387,-0.13883,-0.22513],[-0.137517,0.463896,-0.875151],[0.225934,0.874944,0.428284]],[[0.964387,-0.13883,-0.22513],[-0.247868,-0.771396,-0.586097],[-0.0922963,0.621027,-0.778336]],[[0.964387,-0.13883,-0.22513],[-0.118221,-0.987668,0.102639],[-0.236603,-0.0723687,-0.968908]]],"btipPosition":[82.9007,163.134,70.7569],"carpPosition":[91.1626,190.117,104.301],"dipPosition":[79.0775,161.965,55.1006],"direction":[0.0922963,-0.621027,0.778336],"extended":false,"handId":126,"id":1263,"length":55.7206,"mcpPosition":[85.5965,210.652,53.0025],"pipPosition":[76.8663,176.843,36.4532],"stabilizedTipPosition":[79.1491,160.612,66.6841],"timeVisible":5.0906,"tipPosition":[81.8931,163.674,66.2942],"tipVelocity":[-10.6402,5.96262,4.70603],"tool":false,"touchDistance":0.333333,"touchZone":"none","type":3,"width":17.0597},{"bases":[[[0.928754,-0.351959,-0.116362],[0.368504,0.842511,0.392911],[-0.0402522,-0.407798,0.912184]],[[0.926536,-0.298428,-0.229069],[-0.034296,0.539353,-0.841381],[0.37464,0.787426,0.489495]],[[0.926536,-0.298428,-0.229069],[-0.373938,-0.663782,-0.647738],[0.0412511,0.68581,-0.726611]],[[0.926536,-0.298428,-0.229069],[-0.304062,-0.952587,0.0111469],[-0.221534,0.0593232,-0.973346]]],"btipPosition":[94.9296,168.682,65.5143],"carpPosition":[101.712,184.282,100.576],"dipPosition":[91.6271,169.566,51.0044],"direction":[-0.0412511,-0.68581,0.726611],"extended":false,"handId":126,"id":1264,"length":43.6839,"mcpPosition":[103.781,205.246,53.6824],"pipPosition":[92.3249,181.167,38.7136],"stabilizedTipPosition":[91.2375,167.15,61.3819],"timeVisible":5.0906,"tipPosition":[94.0989,169.901,60.456],"tipVelocity":[-10.1001,4.69924,3.91058],"tool":false,"touchDistance":0.333333,"touchZone":"none","type":4,"width":15.1538}],"r":[[0.886507,0.459674,-0.0529689],[-0.46267,0.882199,-0.0875325],[0.00649268,0.102105,0.994752]],"s":0.9422,"t":[-78.2983,22.5911,122.124],"timestamp":8164636406},{"currentFrameRate":114.693,"devices":[],"gestures":[],"hands":[{"armBasis":[[0.814698,0.373533,-0.443554],[0.0968449,0.666513,0.739176],[0.571741,-0.645161,0.506832]],"armWidth":59.0231,"confidence":1,"direction":[-0.219317,0.496705,-0.839753],"elbow":[234.665,12.1047,243.869],"grabAngle":2.81802,"grabStrength":0,"id":126,"palmNormal":[-0.0301527,-0.863747,-0.503022],"palmPosition":[72.7689,197.74,68.4691],"palmVelocity":[-5.14329,7.69569,13.5586],"palmWidth":80.6694,"pinchDistance":43.5659,"pinchStrength":0.424726,"r":[[0.887055,0.458569,-0.0533704],[-0.461604,0.882859,-0.0864986],[0.00745293,0.101365,0.994821]],"s":0.943249,"sphereCenter":[96.8581,170.443,30.0662],"sphereRadius":51.5226,"stabilizedPalmPosition":[69.81,195.66,67.6553],"t":[-78.3343,22.662,122.223],"timeVisible":5.09915,"type":"right","wrist":[97.8048,166.54,122.546]}],"id":157657,"interactionBox":{"center":[0,200,0],"size":[235.247,235.247,147.751]},"pointables":[{"bases":[[[0.92452,0.167192,-0.342506],[-0.0265413,0.924709,0.379748],[0.380209,-0.341994,0.85935]],[[0.993017,0.0680691,-0.0963486],[-0.051571,0.985044,0.164404],[0.106098,-0.158287,0.981676]],[[0.993017,0.0680691,-0.0963486],[-0.0708984,0.997138,-0.0262492],[0.0942861,0.0328969,0.995001]],[[0.993017,0.0680691,-0.0963486],[-0.0868947,0.974443,-0.207149],[0.0797857,0.214075,0.973553]]],"btipPosition":[39.228,210.547,-16.3037],"carpPosition":[71.1191,186.211,111.407],"dipPosition":[40.4069,213.711,-1.91813],"direction":[-0.0942861,-0.0328969,-0.995001],"extended":true,"handId":126,"id":1261,"length":50.8594,"mcpPosition":[46.32,208.517,55.356],"pipPosition":[42.3779,214.398,18.881],"stabilizedTipPosition":[40.0492,209.269,-13.3744],"timeVisible":5.09915,"tipPosition":[39.1658,215.019,-12.363],"tipVelocity":[-31.8537,76.3278,18.9611],"tool":false,"touchDistance":0.33562,"touchZone":"hovering","type":1,"width":18.2543},{"bases":[[[0.376586,0.903686,0.203799],[-0.685749,0.124025,0.717193],[0.622841,-0.40984,0.666408]],[[0.196754,0.980276,0.0186062],[-0.873769,0.166704,0.456877],[0.444764,-0.10615,0.889335]],[[0.196754,0.980276,0.0186062],[-0.965745,0.190493,0.176205],[0.169185,-0.0526378,0.984178]],[[0.196754,0.980276,0.0186062],[-0.964512,0.196928,-0.175885],[-0.17608,0.0166601,0.984235]]],"btipPosition":[44.5957,171.83,23.8147],"carpPosition":[65.7039,165.917,112.115],"dipPosition":[41.0317,172.167,43.7361],"direction":[-0.169185,0.0526378,-0.984178],"extended":false,"handId":126,"id":1260,"length":45.0726,"mcpPosition":[65.7039,165.917,112.115],"pipPosition":[46.0206,170.615,72.7569],"stabilizedTipPosition":[43.3878,170.221,28.1647],"timeVisible":5.09915,"tipPosition":[44.0005,173.637,28.1798],"tipVelocity":[-15.5679,8.06187,18.6197],"tool":false,"touchDistance":0.297492,"touchZone":"hovering","type":0,"width":19.1104},{"bases":[[[0.958275,-0.0406567,-0.282941],[0.138496,0.93193,0.335151],[0.250055,-0.360353,0.898676]],[[0.941557,-0.0189753,-0.33632],[-0.277345,0.522985,-0.805957],[0.191184,0.85213,0.487158]],[[0.941557,-0.0189753,-0.33632],[-0.242049,-0.732478,-0.636309],[-0.234273,0.680527,-0.694262]],[[0.941557,-0.0189753,-0.33632],[-0.0234802,-0.999681,-0.00933246],[-0.336036,0.0166839,-0.941701]]],"btipPosition":[68.6507,159.351,64.3165],"carpPosition":[80.8646,189.59,107.833],"dipPosition":[63.1894,159.622,49.0118],"direction":[0.234273,-0.680527,0.694262],"extended":false,"handId":126,"id":1262,"length":57.9502,"mcpPosition":[65.3975,211.88,52.2453],"pipPosition":[57.4279,176.358,31.9378],"stabilizedTipPosition":[64.9133,157.456,59.5564],"timeVisible":5.09915,"tipPosition":[67.1,159.526,60.0056],"tipVelocity":[-19.4159,5.6257,8.01439],"tool":false,"touchDistance":0.333333,"touchZone":"none","type":2,"width":17.9281},{"bases":[[[0.971443,-0.163379,-0.172064],[0.214507,0.914681,0.342556],[0.101417,-0.369683,0.923607]],[[0.963613,-0.140917,-0.227138],[-0.138361,0.464097,-0.874912],[0.228704,0.874504,0.427713]],[[0.963613,-0.140917,-0.227138],[-0.250776,-0.770734,-0.585731],[-0.0925233,0.621379,-0.778028]],[[0.963613,-0.140917,-0.227138],[-0.120111,-0.9874,0.103026],[-0.238794,-0.0719954,-0.968398]]],"btipPosition":[82.785,163.171,70.8482],"carpPosition":[91.1792,190.156,104.38],"dipPosition":[78.9263,162.007,55.2001],"direction":[0.0925233,-0.621379,0.778028],"extended":false,"handId":126,"id":1263,"length":55.7206,"mcpPosition":[85.547,210.686,53.0873],"pipPosition":[76.7097,176.894,36.5601],"stabilizedTipPosition":[79.1552,160.617,66.6854],"timeVisible":5.09915,"tipPosition":[81.7737,163.719,66.4023],"tipVelocity":[-14.4848,4.47776,10.8939],"tool":false,"touchDistance":0.333333,"touchZone":"none","type":3,"width":17.0597},{"bases":[[[0.927766,-0.353938,-0.118229],[0.371102,0.841857,0.391868],[-0.0391647,-0.407437,0.912393]],[[0.925417,-0.300422,-0.230976],[-0.0348857,0.539389,-0.841334],[0.377341,0.786643,0.488679]],[[0.925417,-0.300422,-0.230976],[-0.376695,-0.662889,-0.647054],[0.0412776,0.685802,-0.726616]],[[0.925417,-0.300422,-0.230976],[-0.30604,-0.951943,0.0119902],[-0.223478,0.059592,-0.972886]]],"btipPosition":[94.816,168.698,65.5802],"carpPosition":[101.709,184.297,100.635],"dipPosition":[91.4846,169.587,51.0773],"direction":[-0.0412776,-0.685802,0.726616],"extended":false,"handId":126,"id":1264,"length":43.6839,"mcpPosition":[103.722,205.243,53.7302],"pipPosition":[92.1828,181.187,38.7863],"stabilizedTipPosition":[91.2447,167.155,61.3841],"timeVisible":5.09915,"tipPosition":[93.9799,169.919,60.5367],"tipVelocity":[-14.057,2.04728,7.89616],"tool":false,"touchDistance":0.333333,"touchZone":"none","type":4,"width":15.1538}],"r":[[0.887055,0.458569,-0.0533704],[-0.461604,0.882859,-0.0864986],[0.00745293,0.101365,0.994821]],"s":0.943249,"t":[-78.3343,22.662,122.223],"timestamp":8164644958},{"currentFrameRate":114.575,"devices":[],"gestures":[],"hands":[{"armBasis":[[0.81461,0.369981,-0.446681],[0.100713,0.6682,0.737133],[0.571198,-0.645463,0.507061]],"armWidth":59.0231,"confidence":1,"direction":[-0.221126,0.494174,-0.840771],"elbow":[234.574,12.1545,244.044],"grabAngle":2.81089,"grabStrength":0,"id":126,"palmNormal":[-0.0334272,-0.865446,-0.499885],"palmPosition":[72.6992,197.729,68.5641],"palmVelocity":[-7.81147,-1.2021,10.6357],"palmWidth":80.6694,"pinchDistance":45.1693,"pinchStrength":0.428674,"r":[[0.88763,0.457311,-0.0545938],[-0.460472,0.883499,-0.0859903],[0.00890926,0.101466,0.994799]],"s":0.944846,"sphereCenter":[96.523,170.36,30.172],"sphereRadius":51.5194,"stabilizedPalmPosition":[69.815,195.664,67.6568],"t":[-78.3872,22.6921,122.32],"timeVisible":5.10808,"type":"right","wrist":[97.843,166.662,122.666]}],"id":157658,"interactionBox":{"center":[0,200,0],"size":[235.247,235.247,147.751]},"pointables":[{"bases":[[[0.923708,0.164235,-0.346107],[-0.0235547,0.926083,0.376583],[0.382372,-0.3397,0.859299]],[[0.992633,0.0664445,-0.101311],[-0.0488019,0.984643,0.16762],[0.110893,-0.161441,0.980632]],[[0.992633,0.0664445,-0.101311],[-0.0676514,0.997673,-0.00851948],[0.100509,0.0153105,0.994818]],[[0.992633,0.0664445,-0.101311],[-0.0844484,0.979044,-0.185312],[0.086875,0.192503,0.977443]]],"btipPosition":[38.7229,211.344,-16.175],"carpPosition":[71.1681,186.354,111.547],"dipPosition":[40.0066,214.189,-1.73189],"direction":[-0.100509,-0.0153106,-0.994818],"extended":true,"handId":126,"id":1261,"length":50.8594,"mcpPosition":[46.2279,208.511,55.4996],"pipPosition":[42.1076,214.509,19.0634],"stabilizedTipPosition":[39.9127,209.631,-13.3053],"timeVisible":5.10808,"tipPosition":[38.8737,214.62,-12.2566],"tipVelocity":[-53.8706,81.0441,15.901],"tool":false,"touchDistance":0.337521,"touchZone":"hovering","type":1,"width":18.2543},{"bases":[[[0.378955,0.903679,0.199395],[-0.683164,0.12784,0.718988],[0.624244,-0.408683,0.665806]],[[0.198688,0.979955,0.0145477],[-0.872833,0.170179,0.457385],[0.445741,-0.103575,0.88915]],[[0.198688,0.979955,0.0145477],[-0.965019,0.193026,0.177422],[0.171057,-0.0492904,0.984027]],[[0.198688,0.979955,0.0145477],[-0.964571,0.198155,-0.174179],[-0.17357,0.0205751,0.984607]]],"btipPosition":[44.4595,171.694,24.0491],"carpPosition":[65.717,166.073,112.344],"dipPosition":[40.9464,172.11,43.978],"direction":[-0.171057,0.0492904,-0.984027],"extended":false,"handId":126,"id":1260,"length":45.0726,"mcpPosition":[65.717,166.073,112.344],"pipPosition":[45.9904,170.657,72.9944],"stabilizedTipPosition":[43.3897,170.232,28.1681],"timeVisible":5.10808,"tipPosition":[43.7528,173.525,28.4554],"tipVelocity":[-13.9397,-13.1896,26.4421],"tool":false,"touchDistance":0.301427,"touchZone":"hovering","type":0,"width":19.1104},{"bases":[[[0.957266,-0.0434666,-0.285923],[0.141349,0.932834,0.331422],[0.252313,-0.357674,0.899115]],[[0.940414,-0.0219407,-0.339323],[-0.278583,0.522478,-0.805859],[0.19497,0.85237,0.485233]],[[0.940414,-0.0219407,-0.339323],[-0.246155,-0.732379,-0.634846],[-0.234584,0.680544,-0.69414]],[[0.940414,-0.0219407,-0.339323],[-0.0262059,-0.999625,-0.00799205],[-0.339021,0.0164081,-0.940636]]],"btipPosition":[68.4529,159.291,64.4459],"carpPosition":[80.9082,189.702,107.929],"dipPosition":[62.9431,159.558,49.1586],"direction":[0.234584,-0.680544,0.69414],"extended":false,"handId":126,"id":1262,"length":57.9502,"mcpPosition":[65.3014,211.826,52.3149],"pipPosition":[57.1739,176.294,32.0876],"stabilizedTipPosition":[64.9238,157.465,59.5628],"timeVisible":5.10808,"tipPosition":[66.9326,159.496,60.259],"tipVelocity":[-23.3981,-6.79936,14.9453],"tool":false,"touchDistance":0.333333,"touchZone":"none","type":2,"width":17.9281},{"bases":[[[0.970565,-0.165824,-0.17466],[0.217351,0.915468,0.33864],[0.103741,-0.366635,0.924563]],[[0.962598,-0.143541,-0.229786],[-0.140213,0.461794,-0.875835],[0.231832,0.875295,0.424396]],[[0.962598,-0.143541,-0.229786],[-0.254212,-0.771854,-0.582767],[-0.0937105,0.619385,-0.779475]],[[0.962598,-0.143541,-0.229786],[-0.121747,-0.986838,0.106438],[-0.24204,-0.0744812,-0.967403]]],"btipPosition":[82.6492,163.139,71.0029],"carpPosition":[91.2125,190.236,104.441],"dipPosition":[78.7382,161.936,55.3709],"direction":[0.0937105,-0.619385,0.779475],"extended":false,"handId":126,"id":1263,"length":55.7206,"mcpPosition":[85.4513,210.597,53.0953],"pipPosition":[76.4931,176.775,36.6963],"stabilizedTipPosition":[79.1607,160.622,66.6869],"timeVisible":5.10808,"tipPosition":[81.6332,163.682,66.589],"tipVelocity":[-16.55,-4.58046,17.7418],"tool":false,"touchDistance":0.333333,"touchZone":"none","type":3,"width":17.0597},{"bases":[[[0.926705,-0.356111,-0.120014],[0.373969,0.842519,0.387696],[-0.0369483,-0.404161,0.913941]],[[0.924082,-0.30295,-0.233011],[-0.0364411,0.537048,-0.842764],[0.380453,0.787275,0.485236]],[[0.924082,-0.30295,-0.233011],[-0.380056,-0.663982,-0.64396],[0.0403728,0.683629,-0.728712]],[[0.924082,-0.30295,-0.233011],[-0.307804,-0.951313,0.0161516],[-0.226559,0.0567962,-0.97234]]],"btipPosition":[94.6781,168.636,65.6805],"carpPosition":[101.719,184.345,100.682],"dipPosition":[91.3007,169.483,51.1857],"direction":[-0.0403728,-0.683629,0.728712],"extended":false,"handId":126,"id":1264,"length":43.6839,"mcpPosition":[103.618,205.122,53.698],"pipPosition":[91.9836,181.047,38.8593],"stabilizedTipPosition":[91.2518,167.159,61.3867],"timeVisible":5.10808,"tipPosition":[93.8317,169.839,60.6629],"tipVelocity":[-16.6345,-8.02672,11.4469],"tool":false,"touchDistance":0.333333,"touchZone":"none","type":4,"width":15.1538}],"r":[[0.88763,0.457311,-0.0545938],[-0.460472,0.883499,-0.0859903],[0.00890926,0.101466,0.994799]],"s":0.944846,"t":[-78.3872,22.6921,122.32],"timestamp":8164653887},{"currentFrameRate":114.461,"devices":[],"gestures":[],"hands":[{"armBasis":[[0.814326,0.365385,-0.450963],[0.105457,0.670898,0.734012],[0.570747,-0.645282,0.507798]],"armWidth":59.0231,"confidence":1,"direction":[-0.223699,0.490074,-0.842488],"elbow":[234.503,12.334,244.345],"grabAngle":2.79995,"grabStrength":0,"id":126,"palmNormal":[-0.0372697,-0.868062,-0.495054],"palmPosition":[72.5826,197.637,68.6315],"palmVelocity":[-13.0573,-10.2926,7.5509],"palmWidth":80.6694,"pinchDistance":49.3389,"pinchStrength":0.433565,"r":[[0.888223,0.455886,-0.0568173],[-0.459282,0.884103,-0.086151],[0.0109573,0.102616,0.994661]],"s":0.947299,"sphereCenter":[95.9288,170.194,30.3121],"sphereRadius":51.4321,"stabilizedPalmPosition":[69.8204,195.668,67.6587],"t":[-78.472,22.6612,122.402],"timeVisible":5.11701,"type":"right","wrist":[97.8801,166.799,122.791]}],"id":157659,"interactionBox":{"center":[0,200,0],"size":[235.247,235.247,147.751]},"pointables":[{"bases":[[[0.92256,0.160502,-0.350889],[-0.0201128,0.928148,0.371668],[0.38533,-0.335828,0.8595]],[[0.991876,0.0652274,-0.109214],[-0.0459501,0.984279,0.170539],[0.118621,-0.164135,0.97928]],[[0.991876,0.0652274,-0.109214],[-0.0635445,0.997801,0.0188234],[0.110202,-0.0117305,0.99384]],[[0.991876,0.0652274,-0.109214],[-0.0812946,0.985367,-0.149809],[0.0978441,0.15747,0.982665]]],"btipPosition":[37.9209,212.418,-16.0601],"carpPosition":[71.2109,186.497,111.682],"dipPosition":[39.3667,214.745,-1.53989],"direction":[-0.110202,0.0117305,-0.99384],"extended":true,"handId":126,"id":1261,"length":50.8594,"mcpPosition":[46.0777,208.401,55.6209],"pipPosition":[41.6703,214.5,19.235],"stabilizedTipPosition":[39.6771,210.102,-13.2223],"timeVisible":5.11701,"tipPosition":[38.4316,214.053,-12.1872],"tipVelocity":[-85.6246,106.901,14.8466],"tool":false,"touchDistance":0.339091,"touchZone":"hovering","type":1,"width":18.2543},{"bases":[[[0.381597,0.903975,0.192904],[-0.679856,0.133096,0.721167],[0.626242,-0.406342,0.665362]],[[0.201405,0.979466,0.00910187],[-0.871712,0.174995,0.457706],[0.446715,-0.100119,0.889057]],[[0.201405,0.979466,0.00910187],[-0.964068,0.196579,0.178687],[0.173228,-0.0447633,0.983864]],[[0.201405,0.979466,0.00910187],[-0.964548,0.199938,-0.172255],[-0.170538,0.0259139,0.98501]]],"btipPosition":[44.2968,171.458,24.3169],"carpPosition":[65.7227,166.232,112.611],"dipPosition":[40.845,171.983,44.2539],"direction":[-0.173228,0.0447633,-0.983864],"extended":false,"handId":126,"id":1260,"length":45.0726,"mcpPosition":[65.7227,166.232,112.611],"pipPosition":[45.9531,170.663,73.2655],"stabilizedTipPosition":[43.3904,170.241,28.1728],"timeVisible":5.11701,"tipPosition":[43.4195,173.252,28.7785],"tipVelocity":[-16.6398,-23.5907,30.1938],"tool":false,"touchDistance":0.305922,"touchZone":"hovering","type":0,"width":19.1104},{"bases":[[[0.955958,-0.0469396,-0.289726],[0.144611,0.934322,0.325775],[0.255406,-0.353325,0.899961]],[[0.938923,-0.0256683,-0.34317],[-0.280405,0.521025,-0.806167],[0.199493,0.853155,0.482005]],[[0.938923,-0.0256683,-0.34317],[-0.251051,-0.733138,-0.632046],[-0.235367,0.679595,-0.694804]],[[0.938923,-0.0256683,-0.34317],[-0.0290797,-0.999566,-0.00479778],[-0.342898,0.014484,-0.939261]]],"btipPosition":[68.1894,159.148,64.5974],"carpPosition":[80.9422,189.806,108.004],"dipPosition":[62.6166,159.383,49.3324],"direction":[0.235367,-0.679595,0.694804],"extended":false,"handId":126,"id":1262,"length":57.9502,"mcpPosition":[65.1442,211.661,52.3378],"pipPosition":[56.8282,176.097,32.245],"stabilizedTipPosition":[64.9339,157.473,59.5705],"timeVisible":5.11701,"tipPosition":[66.7067,159.369,60.563],"tipVelocity":[-31.1292,-16.8211,17.5331],"tool":false,"touchDistance":0.333333,"touchZone":"none","type":2,"width":17.9281},{"bases":[[[0.969484,-0.168721,-0.17786],[0.220609,0.916842,0.332766],[0.106925,-0.361848,0.926085]],[[0.961328,-0.14672,-0.233071],[-0.142807,0.458061,-0.877375],[0.235489,0.876729,0.419394]],[[0.961328,-0.14672,-0.233071],[-0.258279,-0.774072,-0.578018],[-0.0956074,0.615862,-0.782032]],[[0.961328,-0.14672,-0.233071],[-0.123361,-0.986033,0.111899],[-0.246234,-0.0788202,-0.966]]],"btipPosition":[82.4645,163.037,71.1791],"carpPosition":[91.2327,190.3,104.47],"dipPosition":[78.4857,161.763,55.5698],"direction":[0.0956074,-0.615862,0.782032],"extended":false,"handId":126,"id":1263,"length":55.7206,"mcpPosition":[85.2947,210.396,53.0397],"pipPosition":[76.1951,176.518,36.8339],"stabilizedTipPosition":[79.166,160.627,66.6889],"timeVisible":5.11701,"tipPosition":[81.4405,163.56,66.8048],"tipVelocity":[-22.4283,-13.2495,20.3158],"tool":false,"touchDistance":0.333333,"touchZone":"none","type":3,"width":17.0597},{"bases":[[[0.925476,-0.358621,-0.122001],[0.377287,0.843844,0.381552],[-0.0338828,-0.399147,0.916261]],[[0.922472,-0.306018,-0.235369],[-0.0386898,0.533315,-0.845031],[0.384121,0.788624,0.480129]],[[0.922472,-0.306018,-0.235369],[-0.384118,-0.666389,-0.639045],[0.0387119,0.679911,-0.732272]],[[0.922472,-0.306018,-0.235369],[-0.309549,-0.950611,0.0227459],[-0.230705,0.0518758,-0.97164]]],"btipPosition":[94.4906,168.497,65.7837],"carpPosition":[101.711,184.368,100.698],"dipPosition":[91.0515,169.27,51.2993],"direction":[-0.0387119,-0.679911,0.732272],"extended":false,"handId":126,"id":1264,"length":43.6839,"mcpPosition":[103.453,204.887,53.5952],"pipPosition":[91.7063,180.771,38.9127],"stabilizedTipPosition":[91.2594,167.164,61.39],"timeVisible":5.11701,"tipPosition":[93.6259,169.66,60.7955],"tipVelocity":[-22.5783,-17.526,11.8213],"tool":false,"touchDistance":0.333333,"touchZone":"none","type":4,"width":15.1538}],"r":[[0.888223,0.455886,-0.0568173],[-0.459282,0.884103,-0.086151],[0.0109573,0.102616,0.994661]],"s":0.947299,"t":[-78.472,22.6612,122.402],"timestamp":8164662818},{"currentFrameRate":114.704,"devices":[],"gestures":[],"hands":[{"armBasis":[[0.813932,0.359306,-0.456523],[0.111682,0.674381,0.729888],[0.570124,-0.645065,0.508773]],"armWidth":59.0231,"confidence":1,"direction":[-0.226982,0.483263,-0.845539],"elbow":[234.426,12.591,244.725],"grabAngle":2.78783,"grabStrength":0,"id":126,"palmNormal":[-0.0419803,-0.872248,-0.487258],"palmPosition":[72.4594,197.461,68.6598],"palmVelocity":[-14.8283,-21.291,3.40408],"palmWidth":80.6694,"pinchDistance":49.4479,"pinchStrength":0.439808,"r":[[0.888851,0.454207,-0.0603286],[-0.457992,0.884656,-0.0873392],[0.0136999,0.105262,0.99435]],"s":0.950311,"sphereCenter":[95.0983,169.857,30.5368],"sphereRadius":51.219,"stabilizedPalmPosition":[69.8263,195.672,67.661],"t":[-78.5759,22.5574,122.457],"timeVisible":5.12532,"type":"right","wrist":[97.9529,167.004,122.937]}],"id":157660,"interactionBox":{"center":[0,200,0],"size":[235.247,235.247,147.751]},"pointables":[{"bases":[[[0.92107,0.155177,-0.357141],[-0.0159107,0.931397,0.363657],[0.389071,-0.329271,0.860351]],[[0.990817,0.0635284,-0.119359],[-0.042534,0.984378,0.170851],[0.128348,-0.164206,0.978041]],[[0.990817,0.0635284,-0.119359],[-0.0586391,0.997307,0.0440421],[0.121835,-0.0366386,0.991874]],[[0.990817,0.0635284,-0.119359],[-0.0772227,0.990492,-0.113851],[0.110991,0.122022,0.986302]]],"btipPosition":[36.9563,213.24,-15.9518],"carpPosition":[71.2891,186.699,111.812],"dipPosition":[38.5963,215.043,-1.3778],"direction":[-0.121835,0.0366386,-0.991874],"extended":true,"handId":126,"id":1261,"length":50.8594,"mcpPosition":[45.912,208.176,55.6959],"pipPosition":[41.1431,214.277,19.356],"stabilizedTipPosition":[39.3462,210.604,-13.1344],"timeVisible":5.12532,"tipPosition":[37.8656,213.293,-12.1626],"tipVelocity":[-110.784,84.4161,14.5354],"tool":false,"touchDistance":0.340326,"touchZone":"hovering","type":1,"width":18.2543},{"bases":[[[0.384787,0.904684,0.182993],[-0.675703,0.141039,0.723557],[0.628781,-0.402064,0.665567]],[[0.205179,0.978724,0.000831286],[-0.870312,0.182063,0.457613],[0.447726,-0.094616,0.889151]],[[0.205179,0.978724,0.000831286],[-0.962859,0.2017,0.1795],[0.175513,-0.03763,0.983758]],[[0.205179,0.978724,0.000831286],[-0.964377,0.202316,-0.170428],[-0.16697,0.0341666,0.98537]]],"btipPosition":[44.147,171.062,24.6447],"carpPosition":[65.7573,166.456,112.948],"dipPosition":[40.7674,171.753,44.5891],"direction":[-0.175513,0.03763,-0.983758],"extended":false,"handId":126,"id":1260,"length":45.0726,"mcpPosition":[65.7573,166.456,112.948],"pipPosition":[45.9429,170.644,73.5975],"stabilizedTipPosition":[43.3903,170.247,28.1792],"timeVisible":5.12532,"tipPosition":[43.0335,172.771,29.1766],"tipVelocity":[-16.0386,-43.1166,39.6872],"tool":false,"touchDistance":0.311414,"touchZone":"hovering","type":0,"width":19.1104},{"bases":[[[0.954293,-0.0518046,-0.294347],[0.148582,0.936768,0.316843],[0.259321,-0.346096,0.901648]],[[0.937026,-0.0309581,-0.347884],[-0.282687,0.517731,-0.807491],[0.205109,0.854983,0.476376]],[[0.937026,-0.0309581,-0.347884],[-0.257128,-0.735238,-0.627145],[-0.236362,0.677102,-0.696897]],[[0.937026,-0.0309581,-0.347884],[-0.0326358,-0.999467,0.00103761],[-0.347731,0.0103812,-0.937537]]],"btipPosition":[67.8827,158.899,64.8015],"carpPosition":[81.0088,189.952,108.055],"dipPosition":[62.2313,159.067,49.5645],"direction":[0.236362,-0.677102,0.696897],"extended":false,"handId":126,"id":1262,"length":57.9502,"mcpPosition":[64.9686,211.36,52.2838],"pipPosition":[56.4184,175.719,32.4257],"stabilizedTipPosition":[64.9429,157.481,59.58],"timeVisible":5.12532,"tipPosition":[66.4506,159.136,60.961],"tipVelocity":[-39.1114,-31.8675,25.3566],"tool":false,"touchDistance":0.333333,"touchZone":"none","type":2,"width":17.9281},{"bases":[[[0.968119,-0.17264,-0.181496],[0.224573,0.919163,0.323585],[0.110961,-0.354028,0.928629]],[[0.959723,-0.1511,-0.236854],[-0.146086,0.451728,-0.880114],[0.239979,0.879267,0.41146]],[[0.959723,-0.1511,-0.236854],[-0.263269,-0.778014,-0.570424],[-0.0980842,0.609806,-0.786458]],[[0.959723,-0.1511,-0.236854],[-0.125323,-0.984779,0.120432],[-0.251446,-0.085898,-0.964052]]],"btipPosition":[82.2593,162.854,71.4109],"carpPosition":[91.2816,190.39,104.462],"dipPosition":[78.1962,161.466,55.833],"direction":[0.0980842,-0.609806,0.786458],"extended":false,"handId":126,"id":1263,"length":55.7206,"mcpPosition":[85.1194,210.051,52.8903],"pipPosition":[75.8463,176.076,36.9911],"stabilizedTipPosition":[79.1709,160.631,66.6915],"timeVisible":5.12532,"tipPosition":[81.2259,163.345,67.0861],"tipVelocity":[-27.0482,-25.197,28.7872],"tool":false,"touchDistance":0.333333,"touchZone":"none","type":3,"width":17.0597},{"bases":[[[0.923952,-0.361938,-0.123751],[0.381332,0.846208,0.372179],[-0.0299861,-0.391066,0.919874]],[[0.920461,-0.310256,-0.237682],[-0.04156,0.526993,-0.848853],[0.388618,0.791214,0.472182]],[[0.920461,-0.310256,-0.237682],[-0.389127,-0.670723,-0.631435],[0.0364877,0.6737,-0.738104]],[[0.920461,-0.310256,-0.237682],[-0.311631,-0.949638,0.0327621],[-0.235876,0.0439127,-0.97079]]],"btipPosition":[94.2819,168.257,65.9156],"carpPosition":[101.725,184.399,100.687],"dipPosition":[90.7656,168.912,51.4439],"direction":[-0.0364877,-0.6737,0.738104],"extended":false,"handId":126,"id":1264,"length":43.6839,"mcpPosition":[103.267,204.503,53.398],"pipPosition":[91.3828,180.308,38.9586],"stabilizedTipPosition":[91.2673,167.168,61.3942],"timeVisible":5.12532,"tipPosition":[93.3938,169.362,60.9613],"tipVelocity":[-27.2731,-32.0921,16.2278],"tool":false,"touchDistance":0.333333,"touchZone":"none","type":4,"width":15.1538}