{"frames":59,"data":[{"currentFrameRate":112.897,"devices":[],"gestures":[],"hands":[{"armBasis":[[0.293249,-0.871178,-0.393769],[0.941588,0.334517,-0.0388658],[0.165582,-0.359371,0.918387]],"armWidth":59.0231,"confidence":1,"direction":[0.242466,0.0442621,-0.96915],"elbow":[179.307,-4.85911,281.238],"grabAngle":3.14159,"grabStrength":1,"id":131,"palmNormal":[-0.91012,-0.335589,-0.243024],"palmPosition":[146.285,92.3596,-4.91897],"palmVelocity":[-15.2622,-13.7975,-4.03534],"palmWidth":80.6694,"pinchDistance":53.2054,"pinchStrength":0,"r":[[0.95563,-0.287428,0.0644763],[0.0894814,0.0747117,-0.993182],[0.280652,0.954884,0.0971162]],"s":1.80853,"sphereCenter":[114.221,101.511,-28.9299],"sphereRadius":39.7715,"stabilizedPalmPosition":[145.234,93.7298,-3.78365],"t":[2.02448,-40.5769,67.8534],"timeVisible":13.997,"type":"right","wrist":[139.671,81.1653,61.3993]}],"id":163479,"interactionBox":{"center":[0,200,0],"size":[235.247,235.247,147.751]},"pointables":[{"bases":[[[0.996552,-0.069846,0.0447875],[0.0419876,0.890092,0.453844],[-0.0715641,-0.450398,0.889955]],[[0.986837,-0.107948,0.120412],[-0.00442795,0.726279,0.687386],[-0.161655,-0.678871,0.716241]],[[0.986837,-0.107948,0.120412],[0.0380988,0.878828,0.475616],[-0.157163,-0.464768,0.871373]],[[0.986837,-0.107948,0.120412],[0.0616895,0.939575,0.336739],[-0.149487,-0.324878,0.933867]]],"btipPosition":[137.305,155.926,-34.0318],"carpPosition":[122.491,105.602,42.2624],"dipPosition":[134.28,149.35,-15.1298],"direction":[0.157163,0.464768,-0.871373],"extended":true,"handId":131,"id":1310,"length":45.0726,"mcpPosition":[122.491,105.602,42.2624],"pipPosition":[129.645,135.646,10.5647],"stabilizedTipPosition":[136.156,158.62,-26.3191],"timeVisible":13.997,"tipPosition":[136.3,158.592,-27.2588],"tipVelocity":[9.15423,-18.0241,-5.31592],"tool":false,"touchDistance":0.146716,"touchZone":"hovering","type":0,"width":19.1104},{"bases":[[[0.371934,-0.920178,-0.12222],[0.92714,0.361785,0.0975891],[-0.0455819,-0.149612,0.987694]],[[0.355018,-0.931417,0.0801501],[0.456903,0.098075,-0.884093],[0.815599,0.35049,0.460386]],[[0.355018,-0.931417,0.0801501],[-0.707815,-0.323814,-0.627808],[0.610705,0.166152,-0.774231]],[[0.355018,-0.931417,0.0801501],[-0.932078,-0.359268,-0.0464576],[0.0720667,-0.0582128,-0.9957]]],"btipPosition":[101.809,99.2334,-13.0561],"carpPosition":[142.971,105.111,37.575],"dipPosition":[102.874,98.3733,-27.769],"direction":[-0.610705,-0.166152,0.774231],"extended":false,"handId":131,"id":1311,"length":50.8594,"mcpPosition":[145.945,114.869,-26.8472],"pipPosition":[115.64,101.846,-43.9532],"stabilizedTipPosition":[99.0993,101.257,-15.4854],"timeVisible":13.997,"tipPosition":[102.285,97.9873,-17.6478],"tipVelocity":[-6.0872,12.3042,-3.21443],"tool":false,"touchDistance":0.333333,"touchZone":"none","type":1,"width":18.2543},{"bases":[[[0.198815,-0.980034,-0.00248937],[0.975446,0.197637,0.0971823],[-0.09475,-0.0217495,0.995263]],[[0.192776,-0.979575,0.0571951],[0.352632,0.0147662,-0.935645],[0.91569,0.200538,0.348276]],[[0.192776,-0.979575,0.0571951],[-0.844491,-0.195309,-0.498688],[0.499672,0.0478341,-0.864893]],[[0.192776,-0.979575,0.0571951],[-0.967185,-0.179859,0.179456],[-0.165503,-0.089913,-0.982102]]],"btipPosition":[106.502,89.0683,-2.96151],"carpPosition":[148.411,95.7977,35.8866],"dipPosition":[103.812,87.607,-18.9228],"direction":[-0.499672,-0.0478341,0.864893],"extended":false,"handId":131,"id":1312,"length":57.9502,"mcpPosition":[154.272,97.143,-25.6749],"pipPosition":[116.101,88.7834,-40.1931],"stabilizedTipPosition":[103.645,90.4882,-5.68924],"timeVisible":13.997,"tipPosition":[107.537,89.1258,-5.41962],"tipVelocity":[-15.0935,1.0251,-9.43531],"tool":false,"touchDistance":0.333333,"touchZone":"none","type":2,"width":17.9281},{"bases":[[[0.108602,-0.984644,0.13668],[0.98364,0.126319,0.128433],[-0.143727,0.120496,0.982254]],[[0.0997881,-0.975647,0.195334],[0.368907,-0.146045,-0.917921],[0.924094,0.163658,0.34535]],[[0.0997881,-0.975647,0.195334],[-0.85571,-0.184325,-0.483513],[0.507743,-0.1189,-0.853264]],[[0.0997881,-0.975647,0.195334],[-0.972367,-0.0539783,0.227133],[-0.211058,-0.212602,-0.954073]]],"btipPosition":[114.933,78.6178,3.17823],"carpPosition":[151.413,85.3495,35.2133],"dipPosition":[111.523,75.1824,-12.2384],"direction":[-0.507743,0.1189,0.853264],"extended":false,"handId":131,"id":1313,"length":55.7206,"mcpPosition":[159.395,78.6577,-19.3362],"pipPosition":[123.687,72.3338,-32.6808],"stabilizedTipPosition":[113.945,79.2003,0.634253],"timeVisible":13.997,"tipPosition":[116.432,78.2082,1.7227],"tipVelocity":[-21.994,-3.62661,-10.7765],"tool":false,"touchDistance":0.333333,"touchZone":"none","type":3,"width":17.0597},{"bases":[[[-0.0727915,-0.971326,0.226334],[0.971969,-0.0182206,0.234401],[-0.223555,0.237052,0.945425]],[[-0.0648066,-0.979132,0.192617],[0.407429,-0.202164,-0.890579],[0.910935,0.0207625,0.412028]],[[-0.0648066,-0.979132,0.192617],[-0.813009,-0.0601184,-0.579139],[0.578633,-0.194132,-0.792147]],[[-0.0648066,-0.979132,0.192617],[-0.983732,0.0950934,0.152409],[-0.167546,-0.179607,-0.969366]]],"btipPosition":[124.765,66.26,2.69329],"carpPosition":[148.42,73.1201,36.0459],"dipPosition":[122.268,63.5826,-11.7572],"direction":[-0.578633,0.194132,0.792147],"extended":false,"handId":131,"id":1314,"length":43.6839,"mcpPosition":[159.912,60.9337,-12.5567],"pipPosition":[132.056,60.2988,-25.1566],"stabilizedTipPosition":[125.908,66.7903,-0.463611],"timeVisible":13.997,"tipPosition":[125.341,66.5114,0.785783],"tipVelocity":[-27.1842,4.58977,-10.4234],"tool":false,"touchDistance":0.333333,"touchZone":"none","type":4,"width":15.1538}],"r":[[0.95563,-0.287428,0.0644763],[0.0894814,0.0747117,-0.993182],[0.280652,0.954884,0.0971162]],"s":1.80853,"t":[2.02448,-40.5769,67.8534],"timestamp":8216200861},{"currentFrameRate":113.162,"devices":[],"gestures":[],"hands":[{"armBasis":[[0.290411,-0.872665,-0.392577],[0.942247,0.332316,-0.0416778],[0.166831,-0.357801,0.918774]],"armWidth":59.0231,"confidence":1,"direction":[0.242584,0.0438705,-0.969138],"elbow":[179.478,-4.55117,281.304],"grabAngle":3.14159,"grabStrength":1,"id":131,"palmNormal":[-0.910845,-0.333567,-0.243092],"palmPosition":[146.162,92.2664,-4.94906],"palmVelocity":[-14.6771,-11.1202,-3.59177],"palmWidth":80.6694,"pinchDistance":53.1505,"pinchStrength":0,"r":[[0.954657,-0.290662,0.0643886],[0.0895154,0.0739812,-0.993234],[0.283932,0.953962,0.0966453]],"s":1.80676,"sphereCenter":[114.114,101.465,-28.9698],"sphereRadius":39.7522,"stabilizedPalmPosition":[145.242,93.7174,-3.79354],"t":[1.88945,-40.685,67.82],"timeVisible":14.0054,"type":"right","wrist":[139.543,81.0974,61.3727]}],"id":163480,"interactionBox":{"center":[0,200,0],"size":[235.247,235.247,147.751]},"pointables":[{"bases":[[[0.996396,-0.0720277,0.0447997],[0.0439204,0.889933,0.453971],[-0.0725672,-0.450367,0.889889]],[[0.986526,-0.110317,0.120815],[-0.00307394,0.725831,0.687866],[-0.163574,-0.678969,0.715713]],[[0.986526,-0.110317,0.120815],[0.0403081,0.87959,0.474023],[-0.15856,-0.462766,0.872185]],[[0.986526,-0.110317,0.120815],[0.0643605,0.940609,0.333337],[-0.150412,-0.32107,0.935035]]],"btipPosition":[137.355,155.746,-34.0847],"carpPosition":[122.396,105.554,42.2337],"dipPosition":[134.311,149.248,-15.1591],"direction":[0.15856,0.462766,-0.872185],"extended":true,"handId":131,"id":1310,"length":45.0726,"mcpPosition":[122.396,105.554,42.2337],"pipPosition":[129.635,135.602,10.5593],"stabilizedTipPosition":[136.192,158.305,-26.5655],"timeVisible":14.0054,"tipPosition":[136.325,158.495,-27.2962],"tipVelocity":[5.42972,-19.3399,-5.66833],"tool":false,"touchDistance":0.145925,"touchZone":"hovering","type":0,"width":19.1104},{"bases":[[[0.369927,-0.92097,-0.122343],[0.927925,0.359747,0.0976612],[-0.0459306,-0.149653,0.987671]],[[0.352578,-0.932063,0.0833552],[0.459052,0.0946498,-0.883353],[0.815451,0.349715,0.461237]],[[0.352578,-0.932063,0.0833552],[-0.709423,-0.324318,-0.625729],[0.610252,0.161484,-0.775574]],[[0.352578,-0.932063,0.0833552],[-0.933092,-0.356916,-0.0441519],[0.0709032,-0.0622111,-0.995541]]],"btipPosition":[101.768,99.3295,-13.0889],"carpPosition":[142.875,105.019,37.5467],"dipPosition":[102.816,98.4103,-27.7994],"direction":[-0.610252,-0.161484,0.775574],"extended":false,"handId":131,"id":1311,"length":50.8594,"mcpPosition":[145.871,114.78,-26.8741],"pipPosition":[115.572,101.786,-44.0117],"stabilizedTipPosition":[99.1141,101.246,-15.4904],"timeVisible":14.0054,"tipPosition":[102.174,97.9995,-17.6701],"tipVelocity":[-5.38627,9.84656,-3.84623],"tool":false,"touchDistance":0.333333,"touchZone":"none","type":1,"width":18.2543},{"bases":[[[0.196675,-0.980465,-0.0026244],[0.975873,0.195494,0.0972321],[-0.0948196,-0.0216842,0.995258]],[[0.190635,-0.980001,0.05706],[0.353953,0.0144042,-0.935152],[0.915628,0.19847,0.34962]],[[0.190635,-0.980001,0.05706],[-0.84488,-0.193392,-0.498776],[0.499836,0.0468755,-0.864851]],[[0.190635,-0.980001,0.05706],[-0.967662,-0.177818,0.178915],[-0.16519,-0.0893223,-0.982209]]],"btipPosition":[106.383,89.0608,-3.04606],"carpPosition":[148.295,95.6941,35.8571],"dipPosition":[103.698,87.6091,-19.0091],"direction":[-0.499836,-0.0468755,0.864851],"extended":false,"handId":131,"id":1312,"length":57.9502,"mcpPosition":[154.16,97.0353,-25.7042],"pipPosition":[115.991,88.7619,-40.2784],"stabilizedTipPosition":[103.654,90.4813,-5.69327],"timeVisible":14.0054,"tipPosition":[107.402,89.1158,-5.45567],"tipVelocity":[-14.019,-0.625451,-10.1394],"tool":false,"touchDistance":0.333333,"touchZone":"none","type":2,"width":17.9281},{"bases":[[[0.106449,-0.984898,0.136542],[0.983911,0.124153,0.128473],[-0.143485,0.12067,0.982268]],[[0.0976536,-0.97589,0.195197],[0.37015,-0.14645,-0.917356],[0.923825,0.161835,0.346925]],[[0.0976536,-0.97589,0.195197],[-0.855643,-0.182496,-0.484325],[0.508271,-0.119723,-0.852835]],[[0.0976536,-0.97589,0.195197],[-0.972788,-0.0521904,0.225742],[-0.210112,-0.21193,-0.954431]]],"btipPosition":[114.763,78.5774,3.08112],"carpPosition":[151.274,85.2394,35.1823],"dipPosition":[111.368,75.1529,-12.3413],"direction":[-0.508271,0.119723,0.852835],"extended":false,"handId":131,"id":1313,"length":55.7206,"mcpPosition":[159.243,78.538,-19.368],"pipPosition":[123.545,72.2845,-32.7734],"stabilizedTipPosition":[113.946,79.1891,0.625499],"timeVisible":14.0054,"tipPosition":[116.267,78.1775,1.68019],"tipVelocity":[-19.8874,-4.52734,-11.7496],"tool":false,"touchDistance":0.333333,"touchZone":"none","type":3,"width":17.0597},{"bases":[[[-0.0749168,-0.971197,0.226195],[0.971922,-0.0203758,0.23442],[-0.223059,0.237405,0.945454]],[[-0.0678775,-0.978171,0.196403],[0.407828,-0.206862,-0.889317],[0.910532,0.0197338,0.412966]],[[-0.0678775,-0.978171,0.196403],[-0.812336,-0.0601027,-0.580084],[0.579226,-0.19892,-0.790524]],[[-0.0678775,-0.978171,0.196403],[-0.983689,0.0984826,0.15052],[-0.166576,-0.182982,-0.968901]]],"btipPosition":[124.562,66.301,2.59597],"carpPosition":[148.254,73.0165,36.0131],"dipPosition":[122.079,63.5733,-11.8476],"direction":[-0.579226,0.19892,0.790524],"extended":false,"handId":131,"id":1314,"length":43.6839,"mcpPosition":[159.721,60.8119,-12.591],"pipPosition":[131.876,60.2085,-25.2196],"stabilizedTipPosition":[125.885,66.7769,-0.466759],"timeVisible":14.0054,"tipPosition":[125.154,66.458,0.741899],"tipVelocity":[-23.9054,3.51443,-11.4262],"tool":false,"touchDistance":0.333333,"touchZone":"none","type":4,"width":15.1538}],"r":[[0.954657,-0.290662,0.0643886],[0.0895154,0.0739812,-0.993234],[0.283932,0.953962,0.0966453]],"s":1.80676,"t":[1.88945,-40.685,67.82],"timestamp":8216209239},{"currentFrameRate":113.266,"devices":[],"gestures":[],"hands":[{"armBasis":[[0.287944,-0.873879,-0.391693],[0.942748,0.330536,-0.0443987],[0.168268,-0.356483,0.919024]],"armWidth":59.0231,"confidence":1,"direction":[0.241993,0.0431687,-0.969317],"elbow":[179.769,-4.28006,281.369],"grabAngle":3.14159,"grabStrength":1,"id":131,"palmNormal":[-0.9116,-0.332028,-0.24237],"palmPosition":[146.069,92.1785,-4.95498],"palmVelocity":[-10.7102,-10.1636,-0.683871],"palmWidth":80.6694,"pinchDistance":53.109,"pinchStrength":0,"r":[[0.953776,-0.293579,0.0642047],[0.0894297,0.0733091,-0.993292],[0.286903,0.95312,0.0961751]],"s":1.80515,"sphereCenter":[114.015,101.404,-28.9677],"sphereRadius":39.7349,"stabilizedPalmPosition":[145.25,93.7038,-3.80381],"t":[1.77562,-40.783,67.8004],"timeVisible":14.014,"type":"right","wrist":[139.49,81.0532,61.3778]}],"id":163481,"interactionBox":{"center":[0,200,0],"size":[235.247,235.247,147.751]},"pointables":[{"bases":[[[0.996298,-0.0737729,0.0441337],[0.0458032,0.889983,0.453688],[-0.0727481,-0.449987,0.890067]],[[0.986355,-0.112186,0.120491],[-0.00152458,0.725624,0.688089],[-0.164626,-0.678884,0.715552]],[[0.986355,-0.112186,0.120491],[0.0424699,0.880498,0.472144],[-0.15906,-0.460584,0.873248]],[[0.986355,-0.112186,0.120491],[0.0668581,0.941769,0.329548],[-0.150446,-0.316995,0.936419]]],"btipPosition":[137.381,155.563,-34.1303],"carpPosition":[122.36,105.521,42.2403],"dipPosition":[134.336,149.147,-15.1767],"direction":[0.15906,0.460584,-0.873248],"extended":true,"handId":131,"id":1310,"length":45.0726,"mcpPosition":[122.36,105.521,42.2403],"pipPosition":[129.645,135.565,10.5731],"stabilizedTipPosition":[136.228,157.99,-26.805],"timeVisible":14.014,"tipPosition":[136.336,158.391,-27.3292],"tipVelocity":[2.91042,-18.9919,-4.52551],"tool":false,"touchDistance":0.145272,"touchZone":"hovering","type":0,"width":19.1104},{"bases":[[[0.368217,-0.921656,-0.122336],[0.928625,0.358136,0.0969199],[-0.0455136,-0.149292,0.987745]],[[0.350592,-0.932512,0.0866443],[0.460697,0.0911751,-0.882862],[0.815379,0.349441,0.461571]],[[0.350592,-0.932512,0.0866443],[-0.711138,-0.325276,-0.62328],[0.609399,0.156901,-0.777184]],[[0.350592,-0.932512,0.0866443],[-0.933951,-0.354987,-0.0414738],[0.0694324,-0.0663812,-0.995376]]],"btipPosition":[101.742,99.4035,-13.0822],"carpPosition":[142.835,104.949,37.5394],"dipPosition":[102.768,98.4226,-27.7903],"direction":[-0.609399,-0.156901,0.777184],"extended":false,"handId":131,"id":1311,"length":50.8594,"mcpPosition":[145.803,114.686,-26.8862],"pipPosition":[115.507,101.702,-44.0362],"stabilizedTipPosition":[99.1296,101.235,-15.4957],"timeVisible":14.014,"tipPosition":[102.082,97.993,-17.6399],"tipVelocity":[-3.56275,6.91178,0.838509],"tool":false,"touchDistance":0.333333,"touchZone":"none","type":1,"width":18.2543},{"bases":[[[0.194943,-0.980811,-0.00248175],[0.976283,0.193799,0.0965044],[-0.0941716,-0.0212358,0.995329]],[[0.188946,-0.98032,0.0572067],[0.354647,0.0137981,-0.934898],[0.91571,0.196933,0.350275]],[[0.188946,-0.98032,0.0572067],[-0.84548,-0.192034,-0.498283],[0.499463,0.0457813,-0.865125]],[[0.188946,-0.98032,0.0572067],[-0.967951,-0.176114,0.179038],[-0.165439,-0.0892016,-0.982178]]],"btipPosition":[106.294,89.0419,-3.07986],"carpPosition":[148.236,95.6139,35.8487],"dipPosition":[103.606,87.5922,-19.0424],"direction":[-0.499463,-0.0457813,0.865125],"extended":false,"handId":131,"id":1312,"length":57.9502,"mcpPosition":[154.061,96.9274,-25.717],"pipPosition":[115.889,88.7181,-40.3184],"stabilizedTipPosition":[103.662,90.474,-5.69765],"timeVisible":14.014,"tipPosition":[107.297,89.0947,-5.43902],"tipVelocity":[-10.3656,-2.1318,-3.89506],"tool":false,"touchDistance":0.333333,"touchZone":"none","type":2,"width":17.9281},{"bases":[[[0.104806,-0.985046,0.136748],[0.984217,0.122454,0.12776],[-0.142595,0.1212,0.982333]],[[0.0960664,-0.976006,0.195407],[0.370844,-0.147086,-0.916973],[0.923713,0.160556,0.347816]],[[0.0960664,-0.976006,0.195407],[-0.85579,-0.181243,-0.484535],[0.508325,-0.12068,-0.852668]],[[0.0960664,-0.976006,0.195407],[-0.973028,-0.0507169,0.225044],[-0.209734,-0.211756,-0.954553]]],"btipPosition":[114.633,78.5319,3.03361],"carpPosition":[151.197,85.1538,35.1749],"dipPosition":[111.244,75.1102,-12.3908],"direction":[-0.508325,0.12068,0.852668],"extended":false,"handId":131,"id":1313,"length":55.7206,"mcpPosition":[159.116,78.423,-19.379],"pipPosition":[123.423,72.2189,-32.8189],"stabilizedTipPosition":[113.945,79.1774,0.616263],"timeVisible":14.014,"tipPosition":[116.144,78.1424,1.68841],"tipVelocity":[-14.8528,-5.18512,-5.54493],"tool":false,"touchDistance":0.333333,"touchZone":"none","type":3,"width":17.0597},{"bases":[[[-0.0764741,-0.970999,0.226522],[0.972046,-0.0220243,0.233756],[-0.221988,0.238066,0.94554]],[[-0.0704177,-0.977106,0.200761],[0.40771,-0.211875,-0.88819],[0.910392,0.0193081,0.413296]],[[-0.0704177,-0.977106,0.200761],[-0.812015,-0.0607456,-0.580466],[0.579372,-0.203896,-0.789148]],[[-0.0704177,-0.977106,0.200761],[-0.983575,0.101545,0.149228],[-0.166198,-0.186955,-0.968208]]],"btipPosition":[124.405,66.3435,2.54595],"carpPosition":[148.155,72.9365,36.0112],"dipPosition":[121.927,63.5565,-11.8873],"direction":[-0.579372,0.203896,0.789148],"extended":false,"handId":131,"id":1314,"length":43.6839,"mcpPosition":[159.567,60.698,-12.5973],"pipPosition":[131.727,60.1075,-25.236],"stabilizedTipPosition":[125.86,66.7639,-0.470479],"timeVisible":14.014,"tipPosition":[125.012,66.4041,0.747448],"tipVelocity":[-18.0306,3.33644,-5.50835],"tool":false,"touchDistance":0.333333,"touchZone":"none","type":4,"width":15.1538}],"r":[[0.953776,-0.293579,0.0642047],[0.0894297,0.0733091,-0.993292],[0.286903,0.95312,0.0961751]],"s":1.80515,"t":[1.77562,-40.783,67.8004],"timestamp":8216217889},{"currentFrameRate":113.438,"devices":[],"gestures":[],"hands":[{"armBasis":[[0.284003,-0.87554,-0.390859],[0.943544,0.327687,-0.0484419],[0.170492,-0.355035,0.919175]],"armWidth":59.0231,"confidence":1,"direction":[0.241028,0.0421754,-0.969601],"elbow":[180.174,-4.01261,281.453],"grabAngle":3.14159,"grabStrength":1,"id":131,"palmNormal":[-0.91281,-0.329514,-0.241244],"palmPosition":[145.877,92.0438,-4.92234],"palmVelocity":[-22.555,-15.8145,3.83073],"palmWidth":80.6694,"pinchDistance":53.0934,"pinchStrength":0,"r":[[0.952911,-0.296448,0.0638638],[0.0891785,0.072658,-0.993362],[0.28984,0.952281,0.0956735]],"s":1.8037,"sphereCenter":[113.812,101.345,-28.9166],"sphereRadius":39.7257,"stabilizedPalmPosition":[145.255,93.6887,-3.81396],"t":[1.62263,-40.8994,67.8069],"timeVisible":14.0225,"type":"right","wrist":[139.363,80.9739,61.4255]}],"id":163482,"interactionBox":{"center":[0,200,0],"size":[235.247,235.247,147.751]},"pointables":[{"bases":[[[0.996133,-0.0765882,0.0430417],[0.0488386,0.889992,0.453353],[-0.0730283,-0.449498,0.890291]],[[0.986109,-0.115111,0.119746],[0.0010715,0.725317,0.688414],[-0.166098,-0.678723,0.715365]],[[0.986109,-0.115111,0.119746],[0.0457124,0.881158,0.470606],[-0.159687,-0.458595,0.87418]],[[0.986109,-0.115111,0.119746],[0.0704389,0.942694,0.326138],[-0.150426,-0.313172,0.937707]]],"btipPosition":[137.363,155.367,-34.1206],"carpPosition":[122.258,105.468,42.2952],"dipPosition":[134.318,149.029,-15.141],"direction":[0.159687,0.458595,-0.87418],"extended":true,"handId":131,"id":1310,"length":45.0726,"mcpPosition":[122.258,105.468,42.2952],"pipPosition":[129.609,135.506,10.6363],"stabilizedTipPosition":[136.261,157.685,-27.0253],"timeVisible":14.0225,"tipPosition":[136.308,158.257,-27.3177],"tipVelocity":[-2.10373,-20.8838,1.83481],"tool":false,"touchDistance":0.145533,"touchZone":"hovering","type":0,"width":19.1104},{"bases":[[[0.365461,-0.922737,-0.122455],[0.929746,0.355528,0.095766],[-0.0448306,-0.148851,0.987843]],[[0.347681,-0.933332,0.089499],[0.462391,0.0876391,-0.882334],[0.815667,0.348154,0.462035]],[[0.347681,-0.933332,0.089499],[-0.713271,-0.32524,-0.620857],[0.608574,0.152023,-0.778798]],[[0.347681,-0.933332,0.089499],[-0.935147,-0.352102,-0.0390534],[0.0679625,-0.0701166,-0.995221]]],"btipPosition":[101.618,99.4675,-13.0422],"carpPosition":[142.726,104.836,37.5716],"dipPosition":[102.622,98.4314,-27.748],"direction":[-0.608574,-0.152023,0.778798],"extended":false,"handId":131,"id":1311,"length":50.8594,"mcpPosition":[145.65,114.545,-26.8604],"pipPosition":[115.344,101.609,-44.0277],"stabilizedTipPosition":[99.1443,101.224,-15.5007],"timeVisible":14.0225,"tipPosition":[101.892,97.9869,-17.5529],"tipVelocity":[-15.2053,6.0244,4.7561],"tool":false,"touchDistance":0.333333,"touchZone":"none","type":1,"width":18.2543},{"bases":[[[0.192154,-0.981362,-0.00238737],[0.976937,0.191056,0.0953495],[-0.0931162,-0.0206541,0.995441]],[[0.186225,-0.980834,0.0573076],[0.355059,0.0127975,-0.934756],[0.916108,0.194423,0.350637]],[[0.186225,-0.980834,0.0573076],[-0.846472,-0.18978,-0.497462],[0.498803,0.0441305,-0.865591]],[[0.186225,-0.980834,0.0573076],[-0.968374,-0.173376,0.179425],[-0.16605,-0.0889085,-0.982101]]],"btipPosition":[106.102,89.0184,-3.06257],"carpPosition":[148.1,95.4859,35.8778],"dipPosition":[103.403,87.5735,-19.0238],"direction":[-0.498803,-0.0441305,0.865591],"extended":false,"handId":131,"id":1312,"length":57.9502,"mcpPosition":[153.859,96.7634,-25.6948],"pipPosition":[115.67,88.6588,-40.3114],"stabilizedTipPosition":[103.67,90.4659,-5.70233],"timeVisible":14.0225,"tipPosition":[107.089,89.0684,-5.36765],"tipVelocity":[-22.8523,-2.6303,2.06363],"tool":false,"touchDistance":0.333333,"touchZone":"none","type":2,"width":17.9281},{"bases":[[[0.102161,-0.985296,0.136945],[0.984703,0.119698,0.126619],[-0.141149,0.121915,0.982453]],[[0.0935134,-0.976213,0.19561],[0.371061,-0.148144,-0.916715],[0.923888,0.158309,0.348381]],[[0.0935134,-0.976213,0.19561],[-0.856342,-0.179086,-0.484362],[0.507872,-0.122215,-0.852719]],[[0.0935134,-0.976213,0.19561],[-0.973231,-0.0481993,0.224719],[-0.209945,-0.211388,-0.954588]]],"btipPosition":[114.393,78.4733,3.036],"carpPosition":[151.03,85.0172,35.204],"dipPosition":[111.001,75.0575,-12.389],"direction":[-0.507872,0.122215,0.852719],"extended":false,"handId":131,"id":1313,"length":55.7206,"mcpPosition":[158.868,78.2467,-19.3566],"pipPosition":[123.169,72.1295,-32.8183],"stabilizedTipPosition":[113.942,79.1647,0.606636],"timeVisible":14.0225,"tipPosition":[115.908,78.0928,1.7479],"tipVelocity":[-28.2571,-6.71727,0.264379],"tool":false,"touchDistance":0.333333,"touchZone":"none","type":3,"width":17.0597},{"bases":[[[-0.0789773,-0.970707,0.226917],[0.972241,-0.0247111,0.232674],[-0.220251,0.238994,0.945712]],[[-0.0739921,-0.975848,0.20554],[0.407002,-0.217708,-0.887104],[0.910426,0.0180164,0.41328]],[[-0.0739921,-0.975848,0.20554],[-0.812038,-0.0606849,-0.580441],[0.578895,-0.209854,-0.787935]],[[-0.0739921,-0.975848,0.20554],[-0.983265,0.105794,0.148317],[-0.166479,-0.191126,-0.967345]]],"btipPosition":[124.126,66.3706,2.54061],"carpPosition":[147.954,72.8089,36.0476],"dipPosition":[121.644,63.5214,-11.8797],"direction":[-0.578895,0.209854,0.787935],"extended":false,"handId":131,"id":1314,"length":43.6839,"mcpPosition":[159.277,60.5226,-12.5697],"pipPosition":[131.436,59.9717,-25.2079],"stabilizedTipPosition":[125.831,66.7507,-0.474303],"timeVisible":14.0225,"tipPosition":[124.744,66.3266,0.800434],"tipVelocity":[-32.8535,1.50345,-0.279167],"tool":false,"touchDistance":0.333333,"touchZone":"none","type":4,"width":15.1538}],"r":[[0.952911,-0.296448,0.0638638],[0.0891785,0.072658,-0.993362],[0.28984,0.952281,0.0956735]],"s":1.8037,"t":[1.62263,-40.8994,67.8069],"timestamp":8216226408},{"currentFrameRate":113.38,"devices":[],"gestures":[],"hands":[{"armBasis":[[0.280252,-0.877106,-0.390057],[0.944183,0.325164,-0.0527967],[0.173141,-0.353488,0.919276]],"armWidth":59.0231,"confidence":1,"direction":[0.239771,0.0410875,-0.96996],"elbow":[180.658,-3.69855,281.519],"grabAngle":3.14159,"grabStrength":1,"id":131,"palmNormal":[-0.913961,-0.327373,-0.239795],"palmPosition":[145.639,91.9235,-4.89955],"palmVelocity":[-26.7202,-13.4921,2.55491],"palmWidth":80.6694,"pinchDistance":53.0989,"pinchStrength":0,"r":[[0.952083,-0.299207,0.0633553],[0.088733,0.0719932,-0.99345],[0.292686,0.951468,0.095093]],"s":1.80238,"sphereCenter":[113.553,101.273,-28.8692],"sphereRadius":39.7135,"stabilizedPalmPosition":[145.259,93.671,-3.82485],"t":[1.42698,-41.0177,67.8215],"timeVisible":14.0315,"type":"right","wrist":[139.212,80.9178,61.4668]}],"id":163483,"interactionBox":{"center":[0,200,0],"size":[235.247,235.247,147.751]},"pointables":[{"bases":[[[0.996,-0.0790351,0.0416839],[0.0516799,0.890097,0.452831],[-0.0728923,-0.448865,0.890621]],[[0.98592,-0.117682,0.1188],[0.00359829,0.725207,0.688522],[-0.167181,-0.6784,0.715419]],[[0.98592,-0.117682,0.1188],[0.0487993,0.882,0.468716],[-0.159941,-0.456319,0.875324]],[[0.98592,-0.117682,0.1188],[0.0738109,0.943751,0.322314],[-0.150048,-0.309007,0.939149]]],"btipPosition":[137.272,155.164,-34.1369],"carpPosition":[122.12,105.43,42.3443],"dipPosition":[134.235,148.909,-15.1281],"direction":[0.159941,0.456319,-0.875324],"extended":true,"handId":131,"id":1310,"length":45.0726,"mcpPosition":[122.12,105.43,42.3443],"pipPosition":[129.518,135.454,10.6829],"stabilizedTipPosition":[136.285,157.373,-27.2411],"timeVisible":14.0315,"tipPosition":[136.204,158.125,-27.3284],"tipVelocity":[-10.0017,-20.6632,-1.07497],"tool":false,"touchDistance":0.145373,"touchZone":"hovering","type":0,"width":19.1104},{"bases":[[[0.363001,-0.923702,-0.122497],[0.930758,0.353271,0.0942811],[-0.0438128,-0.148239,0.987981]],[[0.345175,-0.934008,0.0921056],[0.464061,0.0845468,-0.881759],[0.815783,0.347104,0.46262]],[[0.345175,-0.934008,0.0921056],[-0.715143,-0.325299,-0.618669],[0.607804,0.14768,-0.780234]],[[0.345175,-0.934008,0.0921056],[-0.936154,-0.349627,-0.0371019],[0.0668561,-0.0734184,-0.995058]]],"btipPosition":[101.433,99.5151,-13.0247],"carpPosition":[142.579,104.745,37.5922],"dipPosition":[102.421,98.4303,-27.7281],"direction":[-0.607804,-0.14768,0.780234],"extended":false,"handId":131,"id":1311,"length":50.8594,"mcpPosition":[145.437,114.414,-26.8488],"pipPosition":[115.126,101.517,-44.0378],"stabilizedTipPosition":[99.1596,101.212,-15.5062],"timeVisible":14.0315,"tipPosition":[101.651,97.9774,-17.4647],"tipVelocity":[-21.1852,4.08466,2.0255],"tool":false,"touchDistance":0.333333,"touchZone":"none","type":1,"width":18.2543},{"bases":[[[0.189719,-0.981836,-0.00215706],[0.97754,0.188682,0.0938822],[-0.0917699,-0.0199198,0.995581]],[[0.183874,-0.981264,0.0575459],[0.355442,0.0117938,-0.934624],[0.916434,0.192308,0.350951]],[[0.183874,-0.981264,0.0575459],[-0.847398,-0.187912,-0.496594],[0.498103,0.0425466,-0.866073]],[[0.183874,-0.981264,0.0575459],[-0.968722,-0.170977,0.179846],[-0.166637,-0.088815,-0.98201]]],"btipPosition":[105.859,88.9934,-3.05605],"carpPosition":[147.927,95.3807,35.8956],"dipPosition":[103.151,87.5499,-19.0158],"direction":[-0.498103,-0.0425466,0.866073],"extended":false,"handId":131,"id":1312,"length":57.9502,"mcpPosition":[153.603,96.6128,-25.6856],"pipPosition":[115.401,88.5963,-40.3152],"stabilizedTipPosition":[103.678,90.4563,-5.70779],"timeVisible":14.0315,"tipPosition":[106.835,89.0421,-5.29606],"tipVelocity":[-27.4523,-2.76884,0.769593],"tool":false,"touchDistance":0.333333,"touchZone":"none","type":2,"width":17.9281},{"bases":[[[0.0999115,-0.985477,0.137303],[0.985173,0.117321,0.125177],[-0.139468,0.122761,0.982588]],[[0.0913687,-0.976343,0.195976],[0.371285,-0.149209,-0.916452],[0.924013,0.156498,0.348868]],[[0.0913687,-0.976343,0.195976],[-0.856914,-0.177341,-0.483992],[0.507297,-0.123713,-0.852845]],[[0.0913687,-0.976343,0.195976],[-0.973372,-0.0460145,0.224567],[-0.210236,-0.211276,-0.954549]]],"btipPosition":[114.114,78.4175,3.03118],"carpPosition":[150.83,84.9044,35.2231],"dipPosition":[110.717,75.0036,-12.3931],"direction":[-0.507297,0.123713,0.852845],"extended":false,"handId":131,"id":1313,"length":55.7206,"mcpPosition":[158.576,78.0869,-19.345],"pipPosition":[122.871,72.0397,-32.8255],"stabilizedTipPosition":[113.936,79.1499,0.595815],"timeVisible":14.0315,"tipPosition":[115.632,78.0479,1.80698],"tipVelocity":[-31.4193,-6.20437,-0.523656],"tool":false,"touchDistance":0.333333,"touchZone":"none","type":3,"width":17.0597},{"bases":[[[-0.0810637,-0.970393,0.227521],[0.972502,-0.027003,0.231323],[-0.218331,0.240017,0.945898]],[[-0.0770227,-0.974655,0.210035],[0.406355,-0.223058,-0.88607],[0.910463,0.0171015,0.413237]],[[-0.0770227,-0.974655,0.210035],[-0.812186,-0.0608514,-0.580216],[0.578292,-0.215278,-0.786914]],[[-0.0770227,-0.974655,0.210035],[-0.982946,0.109514,0.147732],[-0.166989,-0.195075,-0.966468]]],"btipPosition":[123.815,66.3919,2.53165],"carpPosition":[147.726,72.7042,36.0773],"dipPosition":[121.326,63.4838,-11.8756],"direction":[-0.578292,0.215278,0.786914],"extended":false,"handId":131,"id":1314,"length":43.6839,"mcpPosition":[158.95,60.3653,-12.5497],"pipPosition":[131.108,59.8424,-25.1865],"stabilizedTipPosition":[125.795,66.7366,-0.478549],"timeVisible":14.0315,"tipPosition":[124.442,66.258,0.854722],"tipVelocity":[-35.0145,0.866445,-0.667322],"tool":false,"touchDistance":0.333333,"touchZone":"none","type":4,"width":15.1538}],"r":[[0.952083,-0.299207,0.0633553],[0.088733,0.0719932,-0.99345],[0.292686,0.951468,0.095093]],"s":1.80238,"t":[1.42698,-41.0177,67.8215],"timestamp":8216235327},{"currentFrameRate":113.608,"devices":[],"gestures":[],"hands":[{"armBasis":[[0.276974,-0.878412,-0.389458],[0.944716,0.32297,-0.0565889],[0.175492,-0.352253,0.919304]],"armWidth":59.0231,"confidence":1,"direction":[0.238636,0.0402765,-0.970274],"elbow":[181.192,-3.39363,281.618],"grabAngle":3.14159,"grabStrength":1,"id":131,"palmNormal":[-0.914966,-0.325475,-0.238544],"palmPosition":[145.531,91.8859,-4.82135],"palmVelocity":[-12.7851,-4.46264,9.29916],"palmWidth":80.6694,"pinchDistance":53.1351,"pinchStrength":0,"r":[[0.951299,-0.301819,0.0627281],[0.0881556,0.0713638,-0.993547],[0.295395,0.95069,0.0944954]],"s":1.80125,"sphereCenter":[113.421,101.293,-28.7703],"sphereRadius":39.7106,"stabilizedPalmPosition":[145.261,93.6558,-3.83333],"t":[1.27539,-41.0957,67.8679],"timeVisible":14.0399,"type":"right","wrist":[139.184,80.927,61.5597]}],"id":163484,"interactionBox":{"center":[0,200,0],"size":[235.247,235.247,147.751]},"pointables":[{"bases":[[[0.995879,-0.0811691,0.040453],[0.0541689,0.890121,0.452493],[-0.0727366,-0.448437,0.89085]],[[0.98573,-0.12,0.118054],[0.00575588,0.72492,0.688809],[-0.168237,-0.6783,0.715266]],[[0.98573,-0.12,0.118054],[0.0514423,0.882492,0.467505],[-0.160282,-0.454761,0.876072]],[[0.98573,-0.12,0.118054],[0.0767253,0.9445,0.319426],[-0.149833,-0.30581,0.940229]]],"btipPosition":[137.305,155.076,-34.0704],"carpPosition":[122.101,105.458,42.4479],"dipPosition":[134.273,148.886,-15.0397],"direction":[0.160282,0.454761,-0.876072],"extended":true,"handId":131,"id":1310,"length":45.0726,"mcpPosition":[122.101,105.458,42.4479],"pipPosition":[129.546,135.477,10.7934],"stabilizedTipPosition":[136.306,157.136,-27.3972],"timeVisible":14.0399,"tipPosition":[136.213,158.083,-27.2686],"tipVelocity":[4.12245,-8.64833,8.5076],"tool":false,"touchDistance":0.146565,"touchZone":"hovering","type":0,"width":19.1104},{"bases":[[[0.360855,-0.924519,-0.122672],[0.931635,0.351293,0.0930002],[-0.0428866,-0.147845,0.98808]],[[0.343065,-0.934625,0.093712],[0.465714,0.0826033,-0.881072],[0.815731,0.345908,0.463606]],[[0.343065,-0.934625,0.093712],[-0.716571,-0.324912,-0.617218],[0.607316,0.144595,-0.781192]],[[0.343065,-0.934625,0.093712],[-0.936962,-0.347552,-0.0361894],[0.0663933,-0.0753893,-0.994941]]],"btipPosition":[101.365,99.6094,-12.9714],"carpPosition":[142.553,104.727,37.6703],"dipPosition":[102.346,98.4954,-27.6731],"direction":[-0.607316,-0.144595,0.781192],"extended":false,"handId":131,"id":1311,"length":50.8594,"mcpPosition":[145.35,114.37,-26.7772],"pipPosition":[115.041,101.518,-44.0028],"stabilizedTipPosition":[99.173,101.202,-15.5109],"timeVisible":14.0399,"tipPosition":[101.541,98.0389,-17.3269],"tipVelocity":[-8.24418,10.4097,6.38246],"tool":false,"touchDistance":0.333333,"touchZone":"none","type":1,"width":18.2543},{"bases":[[[0.187599,-0.982243,-0.0020958],[0.978062,0.186603,0.0925927],[-0.0905574,-0.0194201,0.995702]],[[0.181832,-0.98164,0.0576142],[0.355988,0.0110974,-0.934425],[0.91663,0.190418,0.35147]],[[0.181832,-0.98164,0.0576142],[-0.848086,-0.186208,-0.496061],[0.497681,0.0413377,-0.866374]],[[0.181832,-0.98164,0.0576142],[-0.969081,-0.168951,0.179824],[-0.166788,-0.0885305,-0.98201]]],"btipPosition":[105.74,89.0362,-3.00353],"carpPosition":[147.878,95.3506,35.9699],"dipPosition":[103.03,87.5974,-18.9633],"direction":[-0.497681,-0.0413377,0.866374],"extended":false,"handId":131,"id":1312,"length":57.9502,"mcpPosition":[153.48,96.5518,-25.6188],"pipPosition":[115.269,88.6141,-40.2701],"stabilizedTipPosition":[103.686,90.4475,-5.71265],"timeVisible":14.0399,"tipPosition":[106.712,89.0861,-5.17584],"tipVelocity":[-14.2144,5.22406,6.24478],"tool":false,"touchDistance":0.333333,"touchZone":"none","type":2,"width":17.9281},{"bases":[[[0.0979605,-0.985649,0.137479],[0.985581,0.115235,0.1239],[-0.137964,0.123359,0.982725]],[[0.0895113,-0.976478,0.196159],[0.371675,-0.149974,-0.916169],[0.924038,0.154915,0.349508]],[[0.0895113,-0.976478,0.196159],[-0.857345,-0.175779,-0.483799],[0.5069,-0.124871,-0.852912]],[[0.0895113,-0.976478,0.196159],[-0.973538,-0.0442011,0.224212],[-0.210267,-0.211038,-0.954594]]],"btipPosition":[113.968,78.4328,3.07497],"carpPosition":[150.758,84.8679,35.2969],"dipPosition":[110.57,75.0227,-12.3501],"direction":[-0.5069,0.124871,0.852912],"extended":false,"handId":131,"id":1313,"length":55.7206,"mcpPosition":[158.42,78.0171,-19.2788],"pipPosition":[122.714,72.0311,-32.7841],"stabilizedTipPosition":[113.929,79.1364,0.586193],"timeVisible":14.0399,"tipPosition":[115.49,78.0747,1.91408],"tipVelocity":[-17.4395,1.92423,5.1863],"tool":false,"touchDistance":0.333333,"touchZone":"none","type":3,"width":17.0597},{"bases":[[[-0.0828679,-0.970147,0.22792],[0.972733,-0.0290291,0.230106],[-0.21662,0.240774,0.946099]],[[-0.07964,-0.973618,0.213837],[0.405961,-0.227601,-0.885095],[0.910414,0.0163206,0.413377]],[[-0.07964,-0.973618,0.213837],[-0.812254,-0.0609692,-0.580108],[0.577841,-0.21989,-0.78597]],[[-0.07964,-0.973618,0.213837],[-0.982687,0.112682,0.147066],[-0.167281,-0.198422,-0.965736]]],"btipPosition":[123.643,66.4752,2.57155],"carpPosition":[147.629,72.6746,36.1587],"dipPosition":[121.15,63.5173,-11.8248],"direction":[-0.577841,0.21989,0.78597],"extended":false,"handId":131,"id":1314,"length":43.6839,"mcpPosition":[158.765,60.2969,-12.4786],"pipPosition":[130.924,59.7978,-25.1197],"stabilizedTipPosition":[125.76,66.7244,-0.481921],"timeVisible":14.0399,"tipPosition":[124.279,66.265,0.956783],"tipVelocity":[-20.5391,8.54435,5.04282],"tool":false,"touchDistance":0.333333,"touchZone":"none","type":4,"width":15.1538}],"r":[[0.951299,-0.301819,0.0627281],[0.0881556,0.0713638,-0.993547],[0.295395,0.95069,0.0944954]],"s":1.80125,"t":[1.27539,-41.0957,67.8679],"timestamp":8216243737},{"currentFrameRate":113.626,"devices":[],"gestures":[],"hands":[{"armBasis":[[0.27446,-0.879401,-0.389006],[0.944941,0.321623,-0.0603775],[0.178209,-0.351016,0.919255]],"armWidth":59.0231,"confidence":1,"direction":[0.237822,0.0396207,-0.9705],"elbow":[181.793,-3.05967,281.68],"grabAngle":3.14159,"grabStrength":1,"id":131,"palmNormal":[-0.915578,-0.324438,-0.237608],"palmPosition":[145.413,91.8809,-4.7599],"palmVelocity":[-13.5466,-0.574701,7.00769],"palmWidth":80.6694,"pinchDistance":53.1972,"pinchStrength":0,"r":[[0.950603,-0.304137,0.0620811],[0.0875329,0.0707658,-0.993645],[0.297811,0.949996,0.0938922]],"s":1.80029,"sphereCenter":[113.276,101.311,-28.7016],"sphereRadius":39.709,"stabilizedPalmPosition":[145.263,93.6411,-3.84103],"t":[1.1402,-41.1372,67.9219],"timeVisible":14.0486,"type":"right","wrist":[139.134,80.9649,61.6338]}],"id":163485,"interactionBox":{"center":[0,200,0],"size":[235.247,235.247,147.751]},"pointables":[{"bases":[[[0.995814,-0.0823793,0.0395979],[0.0556663,0.890223,0.452112],[-0.0724955,-0.448015,0.891082]],[[0.985585,-0.121446,0.117781],[0.00696233,0.724718,0.68901],[-0.169035,-0.678259,0.715117]],[[0.985585,-0.121446,0.117781],[0.0530983,0.883071,0.466226],[-0.16063,-0.453252,0.87679]],[[0.985585,-0.121446,0.117781],[0.0786296,0.94526,0.316705],[-0.149796,-0.302878,0.941183]]],"btipPosition":[137.29,155.012,-34.0271],"carpPosition":[122.041,105.499,42.5251],"dipPosition":[134.258,148.881,-14.9771],"direction":[0.16063,0.453252,-0.87679],"extended":true,"handId":131,"id":1310,"length":45.0726,"mcpPosition":[122.041,105.499,42.5251],"pipPosition":[129.522,135.516,10.8771],"stabilizedTipPosition":[136.322,156.936,-27.5244],"timeVisible":14.0486,"tipPosition":[136.158,158.061,-27.2347],"tipVelocity":[-1.71089,-5.77066,5.44214],"tool":false,"touchDistance":0.147361,"touchZone":"hovering","type":0,"width":19.1104},{"bases":[[[0.359608,-0.925008,-0.122647],[0.932149,0.350181,0.0920402],[-0.0421894,-0.147423,0.988173]],[[0.341906,-0.934968,0.0945305],[0.467458,0.0819492,-0.880209],[0.81522,0.345137,0.465077]],[[0.341906,-0.934968,0.0945305],[-0.71727,-0.324633,-0.616552],[0.607144,0.142999,-0.781618]],[[0.341906,-0.934968,0.0945305],[-0.937364,-0.346453,-0.0363124],[0.0667014,-0.0761941,-0.994859]]],"btipPosition":[101.272,99.6702,-12.9651],"carpPosition":[142.488,104.742,37.7296],"dipPosition":[102.258,98.5444,-27.6656],"direction":[-0.607144,-0.142999,0.781618],"extended":false,"handId":131,"id":1311,"length":50.8594,"mcpPosition":[145.24,114.357,-26.7239],"pipPosition":[114.949,101.534,-44.0042],"stabilizedTipPosition":[99.1868,101.191,-15.5159],"timeVisible":14.0486,"tipPosition":[101.419,98.0918,-17.223],"tipVelocity":[-10.4469,6.62779,0.746427],"tool":false,"touchDistance":0.333333,"touchZone":"none","type":1,"width":18.2543},{"bases":[[[0.186389,-0.982474,-0.0018949],[0.978373,0.185434,0.0916531],[-0.0896954,-0.018937,0.995789]],[[0.180675,-0.981842,0.05782],[0.357104,0.0107103,-0.934003],[0.916424,0.189399,0.352555]],[[0.180675,-0.981842,0.05782],[-0.848248,-0.185308,-0.496122],[0.497828,0.0405912,-0.866326]],[[0.180675,-0.981842,0.05782],[-0.969414,-0.167843,0.17907],[-0.166113,-0.0884049,-0.982136]]],"btipPosition":[105.603,89.0724,-2.99529],"carpPosition":[147.8,95.3579,36.0279],"dipPosition":[102.903,87.6357,-18.9571],"direction":[-0.497828,-0.0405912,0.866326],"extended":false,"handId":131,"id":1312,"length":57.9502,"mcpPosition":[153.348,96.5292,-25.5662],"pipPosition":[115.146,88.6339,-40.2627],"stabilizedTipPosition":[103.693,90.438,-5.71793],"timeVisible":14.0486,"tipPosition":[106.58,89.1263,-5.08847],"tipVelocity":[-15.3983,4.18257,0.886267],"tool":false,"touchDistance":0.333333,"touchZone":"none","type":2,"width":17.9281},{"bases":[[[0.0968703,-0.985717,0.137761],[0.985832,0.114069,0.12298],[-0.136938,0.123896,0.982801]],[[0.0884846,-0.976514,0.196445],[0.372762,-0.150425,-0.915653],[0.923699,0.154249,0.350697]],[[0.0884846,-0.976514,0.196445],[-0.857343,-0.175065,-0.484062],[0.507084,-0.125589,-0.852698]],[[0.0884846,-0.976514,0.196445],[-0.973803,-0.0433324,0.223227],[-0.209472,-0.211051,-0.954766]]],"btipPosition":[113.815,78.4497,3.08185],"carpPosition":[150.666,84.8714,35.3563],"dipPosition":[110.43,75.0394,-12.346],"direction":[-0.507084,0.125589,0.852698],"extended":false,"handId":131,"id":1313,"length":55.7206,"mcpPosition":[158.271,77.9909,-19.2236],"pipPosition":[122.579,72.0306,-32.7749],"stabilizedTipPosition":[113.921,79.1224,0.576143],"timeVisible":14.0486,"tipPosition":[115.346,78.1064,1.99217],"tipVelocity":[-17.0975,1.92063,0.712617],"tool":false,"touchDistance":0.333333,"touchZone":"none","type":3,"width":17.0597},{"bases":[[[-0.0838584,-0.969959,0.228357],[0.9729,-0.03014,0.229252],[-0.215482,0.241393,0.946201]],[[-0.0812138,-0.972842,0.216755],[0.406445,-0.230895,-0.884019],[0.910059,0.0163043,0.414158]],[[-0.0812138,-0.972842,0.216755],[-0.811945,-0.0615523,-0.58048],[0.578057,-0.223136,-0.784895]],[[-0.0812138,-0.972842,0.216755],[-0.982639,0.114549,0.145945],[-0.16681,-0.201139,-0.965255]]],"btipPosition":[123.479,66.5469,2.58385],"carpPosition":[147.523,72.6823,36.2254],"dipPosition":[120.992,63.5485,-11.8054],"direction":[-0.578057,0.223136,0.784895],"extended":false,"handId":131,"id":1314,"length":43.6839,"mcpPosition":[158.6,60.2727,-12.4171],"pipPosition":[130.77,59.7741,-25.0821],"stabilizedTipPosition":[125.722,66.7127,-0.485204],"timeVisible":14.0486,"tipPosition":[124.127,66.2858,1.03643],"tipVelocit