{"frames":63,"data":[{"currentFrameRate":112.756,"devices":[],"gestures":[],"hands":[{"armBasis":[[0.393428,-0.825359,-0.404965],[0.914067,0.398348,0.0761534],[0.0984631,-0.400126,0.911156]],"armWidth":51.6826,"confidence":1,"direction":[0.515383,0.434958,-0.738371],"elbow":[124.971,-2.31665,293.221],"grabAngle":0.788028,"grabStrength":0,"id":93,"palmNormal":[-0.755416,-0.176239,-0.631099],"palmPosition":[124.678,120.85,37.1865],"palmVelocity":[-53.8962,28.3869,-33.0703],"palmWidth":76.2329,"pinchDistance":71.5958,"pinchStrength":0,"r":[[0.629985,-0.757243,0.172344],[0.723088,0.6529,0.225533],[-0.283307,-0.0174626,0.95887]],"s":1.29916,"sphereCenter":[119.632,98.5068,-15.576],"sphereRadius":61.6039,"stabilizedPalmPosition":[123.607,121.413,39.083],"t":[20.9399,-14.6184,122.473],"timeVisible":10.5537,"type":"right","wrist":[102.698,88.196,87.108]}],"id":119761,"interactionBox":{"center":[0,200,0],"size":[235.247,235.247,147.751]},"pointables":[{"bases":[[[0.939055,-0.112823,0.324725],[-0.188948,0.61973,0.761731],[-0.287183,-0.776663,0.560642]],[[0.958531,0.284925,0.00595524],[-0.232119,0.768419,0.596366],[0.165344,-0.573018,0.802691]],[[0.958531,0.284925,0.00595524],[-0.264538,0.881783,0.390486],[0.106008,-0.375868,0.92059]],[[0.958531,0.284925,0.00595524],[-0.278825,0.933276,0.226392],[0.058947,-0.218664,0.974018]]],"btipPosition":[77.4989,153.78,-6.64834],"carpPosition":[88.7016,114.419,73.4426],"dipPosition":[78.6834,149.387,12.9235],"direction":[-0.106008,0.375868,-0.92059],"extended":false,"handId":93,"id":930,"length":44.7461,"mcpPosition":[88.7016,114.419,73.4426],"pipPosition":[81.7866,138.383,39.8726],"stabilizedTipPosition":[80.1119,149.228,-1.04104],"timeVisible":10.5537,"tipPosition":[80.6853,151.471,-2.84823],"tipVelocity":[-63.4747,30.9842,-11.6553],"tool":false,"touchDistance":0.253489,"touchZone":"hovering","type":0,"width":16.187},{"bases":[[[0.485421,-0.797469,-0.358342],[0.812347,0.259889,0.522063],[-0.3232,-0.544519,0.773977]],[[0.444041,-0.855975,-0.264828],[0.735214,0.179138,0.653736],[-0.512141,-0.48499,0.708869]],[[0.444041,-0.855975,-0.264828],[0.847541,0.305366,0.434081],[-0.290693,-0.417202,0.861069]],[[0.444041,-0.855975,-0.264828],[0.892834,0.397849,0.211103],[-0.0753372,-0.330185,0.940905]]],"btipPosition":[154.382,180.193,-29.9704],"carpPosition":[108.432,115.239,75.5553],"dipPosition":[153.277,175.349,-16.1679],"direction":[0.290693,0.417202,-0.861069],"extended":true,"handId":93,"id":931,"length":50.491,"mcpPosition":[128.353,148.801,27.849],"pipPosition":[147.244,166.691,1.70119],"stabilizedTipPosition":[156.016,177.25,-26.2034],"timeVisible":10.5537,"tipPosition":[154.18,178.13,-27.1608],"tipVelocity":[-102.37,72.4204,-19.21],"tool":false,"touchDistance":0.147168,"touchZone":"hovering","type":1,"width":15.4618},{"bases":[[[0.291647,-0.896246,-0.334194],[0.875425,0.109308,0.470831],[-0.38545,-0.429878,0.816476]],[[0.243139,-0.941467,-0.233503],[0.836679,0.0817602,0.541556],[-0.490766,-0.32704,0.807585]],[[0.243139,-0.941467,-0.233503],[0.947896,0.179525,0.263182],[-0.205858,-0.285326,0.936062]],[[0.243139,-0.941467,-0.233503],[0.964397,0.260445,-0.045898],[0.104026,-0.21403,0.971272]]],"btipPosition":[160.892,156.821,-47.4102],"carpPosition":[114.704,107.74,72.2609],"dipPosition":[162.57,153.368,-31.7393],"direction":[0.205858,0.285326,-0.936062],"extended":true,"handId":93,"id":932,"length":57.5304,"mcpPosition":[137.234,132.867,24.5356],"pipPosition":[157.544,146.401,-8.8854],"stabilizedTipPosition":[163.44,154.304,-42.8594],"timeVisible":10.5537,"tipPosition":[161.344,156.717,-43.9201],"tipVelocity":[-85.1599,85.3496,-23.7882],"tool":false,"touchDistance":0.231311,"touchZone":"hovering","type":2,"width":15.1855},{"bases":[[[0.164918,-0.95541,-0.244936],[0.881292,0.0312366,0.471539],[-0.442862,-0.293625,0.847147]],[[0.147355,-0.966229,-0.211395],[0.92333,0.0577535,0.37964],[-0.354611,-0.251129,0.900658]],[[0.147355,-0.966229,-0.211395],[0.985015,0.162723,-0.057149],[0.0896178,-0.199806,0.975729]],[[0.147355,-0.966229,-0.211395],[0.870373,0.228196,-0.436322],[0.469827,-0.119698,0.874606]]],"btipPosition":[145.793,130.654,-47.6144],"carpPosition":[118.616,98.938,68.632],"dipPosition":[153.329,128.733,-33.5843],"direction":[-0.0896178,0.199806,-0.975729],"extended":true,"handId":93,"id":933,"length":55.3171,"mcpPosition":[141.858,114.348,24.1731],"pipPosition":[155.461,123.981,-10.3771],"stabilizedTipPosition":[149.482,128.188,-42.7672],"timeVisible":10.5537,"tipPosition":[146.226,130.303,-44.842],"tipVelocity":[-69.8757,88.7688,-37.3081],"tool":false,"touchDistance":0.201235,"touchZone":"hovering","type":3,"width":14.45},{"bases":[[[-0.0353443,-0.974913,-0.219764],[0.853603,-0.143809,0.500681],[-0.519724,-0.169895,0.837271]],[[-0.0330718,-0.97416,-0.223423],[0.983663,-0.0713044,0.165294],[-0.176954,-0.214306,0.960604]],[[-0.0330718,-0.97416,-0.223423],[0.914305,0.0607998,-0.400436],[0.403673,-0.21752,0.888669]],[[-0.0330718,-0.97416,-0.223423],[0.741551,0.125958,-0.658967],[0.670081,-0.187472,0.718224]]],"btipPosition":[130.829,109.377,-31.6303],"carpPosition":[116.904,88.19,63.7603],"dipPosition":[140.746,106.603,-21.0011],"direction":[-0.403673,0.21752,-0.888669],"extended":true,"handId":93,"id":934,"length":43.3675,"mcpPosition":[142.153,96.4437,23.0848],"pipPosition":[147.525,102.95,-6.07787],"stabilizedTipPosition":[133.429,107.151,-25.7982],"timeVisible":10.5537,"tipPosition":[129.161,108.901,-27.5714],"tipVelocity":[-37.0213,68.0912,-48.2847],"tool":false,"touchDistance":-0.248607,"touchZone":"touching","type":4,"width":12.8356}],"r":[[0.629985,-0.757243,0.172344],[0.723088,0.6529,0.225533],[-0.283307,-0.0174626,0.95887]],"s":1.29916,"t":[20.9399,-14.6184,122.473],"timestamp":7829591284},{"currentFrameRate":112.851,"devices":[],"gestures":[],"hands":[{"armBasis":[[0.392556,-0.824245,-0.408068],[0.913981,0.399127,0.0730527],[0.102658,-0.401644,0.910024]],"armWidth":51.6826,"confidence":1,"direction":[0.51335,0.440724,-0.736365],"elbow":[125.584,-2.6151,292.551],"grabAngle":0.787309,"grabStrength":0,"id":93,"palmNormal":[-0.756942,-0.171771,-0.630502],"palmPosition":[124.188,121.232,36.9373],"palmVelocity":[-56.3519,43.9976,-28.6471],"palmWidth":76.2329,"pinchDistance":71.4858,"pinchStrength":0,"r":[[0.629069,-0.759122,0.167348],[0.724461,0.650573,0.22784],[-0.281831,-0.02209,0.95921]],"s":1.29809,"sphereCenter":[118.915,99.8221,-15.7666],"sphereRadius":61.2563,"stabilizedPalmPosition":[123.616,121.41,39.052],"t":[20.4794,-14.32,122.229],"timeVisible":10.5624,"type":"right","wrist":[102.361,88.241,86.6941]}],"id":119762,"interactionBox":{"center":[0,200,0],"size":[235.247,235.247,147.751]},"pointables":[{"bases":[[[0.939916,-0.114897,0.321491],[-0.187257,0.613887,0.766863],[-0.28547,-0.780988,0.555486]],[[0.958229,0.285955,0.00507373],[-0.231815,0.766172,0.599368],[0.167505,-0.575509,0.800457]],[[0.958229,0.285955,0.00507373],[-0.264734,0.880123,0.39408],[0.108224,-0.378963,0.919062]],[[0.958229,0.285955,0.00507373],[-0.279546,0.932707,0.227841],[0.06042,-0.219742,0.973685]]],"btipPosition":[76.9182,154.092,-6.71151],"carpPosition":[88.3057,114.514,73.2346],"dipPosition":[78.1322,149.676,12.8536],"direction":[-0.108224,0.378963,-0.919062],"extended":false,"handId":93,"id":930,"length":44.7461,"mcpPosition":[88.3057,114.514,73.2346],"pipPosition":[81.3004,138.582,39.7581],"stabilizedTipPosition":[80.0192,149.351,-1.07828],"timeVisible":10.5624,"tipPosition":[80.0084,152.162,-2.73989],"tipVelocity":[-65.9903,35.2132,-7.43996],"tool":false,"touchDistance":0.252411,"touchZone":"hovering","type":0,"width":16.187},{"bases":[[[0.484816,-0.794548,-0.365577],[0.813566,0.256264,0.521957],[-0.321036,-0.550474,0.770658]],[[0.445091,-0.852082,-0.275411],[0.739285,0.176089,0.649962],[-0.505324,-0.492899,0.708307]],[[0.445091,-0.852082,-0.275411],[0.849743,0.304844,0.430124],[-0.282543,-0.425473,0.859734]],[[0.445091,-0.852082,-0.275411],[0.892935,0.399114,0.208269],[-0.0675419,-0.338623,0.938495]]],"btipPosition":[153.323,181.234,-29.9337],"carpPosition":[108.041,115.325,75.3037],"dipPosition":[152.332,176.266,-16.1666],"direction":[0.282543,0.425473,-0.859734],"extended":true,"handId":93,"id":931,"length":50.491,"mcpPosition":[127.829,149.255,27.8019],"pipPosition":[146.468,167.437,1.67484],"stabilizedTipPosition":[155.727,177.531,-26.2593],"timeVisible":10.5624,"tipPosition":[153.495,179.036,-27.0428],"tipVelocity":[-118.774,116.415,3.2857],"tool":false,"touchDistance":0.159952,"touchZone":"hovering","type":1,"width":15.4618},{"bases":[[[0.291141,-0.893581,-0.341686],[0.876572,0.106099,0.46943],[-0.383222,-0.436183,0.814178]],[[0.243818,-0.938863,-0.243084],[0.838053,0.0778223,0.54001],[-0.488078,-0.335381,0.805791]],[[0.243818,-0.938863,-0.243084],[0.94822,0.178171,0.262934],[-0.203549,-0.294605,0.933689]],[[0.243818,-0.938863,-0.243084],[0.964199,0.261616,-0.0433296],[0.104275,-0.223816,0.969037]]],"btipPosition":[160.193,158.033,-47.4318],"carpPosition":[114.307,107.854,71.9369],"dipPosition":[161.876,154.422,-31.7969],"direction":[0.203549,0.294605,-0.933689],"extended":true,"handId":93,"id":932,"length":57.5304,"mcpPosition":[136.707,133.35,24.3459],"pipPosition":[156.906,147.229,-9.0009],"stabilizedTipPosition":[163.142,154.606,-42.961],"timeVisible":10.5624,"tipPosition":[160.634,157.719,-43.9868],"tipVelocity":[-80.1865,135.23,-3.42711],"tool":false,"touchDistance":0.236676,"touchZone":"hovering","type":2,"width":15.1855},{"bases":[[[0.16466,-0.953468,-0.252558],[0.882469,0.0280273,0.469534],[-0.440607,-0.300188,0.846022]],[[0.147743,-0.96422,-0.22012],[0.924487,0.0555572,0.377143],[-0.35142,-0.259218,0.899617]],[[0.147743,-0.96422,-0.22012],[0.984919,0.1637,-0.0560071],[0.0900367,-0.208526,0.973864]],[[0.147743,-0.96422,-0.22012],[0.872193,0.231958,-0.430669],[0.466318,-0.128359,0.875255]]],"btipPosition":[145.196,131.798,-47.8817],"carpPosition":[118.214,99.0814,68.2318],"dipPosition":[152.676,129.739,-33.8411],"direction":[-0.0900367,0.208526,-0.973864],"extended":true,"handId":93,"id":933,"length":55.3171,"mcpPosition":[141.337,114.836,23.8319],"pipPosition":[154.818,124.779,-10.6784],"stabilizedTipPosition":[149.26,128.46,-42.9306],"timeVisible":10.5624,"tipPosition":[145.538,131.313,-45.0677],"tipVelocity":[-70.0938,127.93,-30.4601],"tool":false,"touchDistance":0.202643,"touchZone":"hovering","type":3,"width":14.45},{"bases":[[[-0.0355301,-0.97324,-0.227028],[0.854921,-0.147245,0.497423],[-0.517541,-0.176418,0.837274]],[[-0.0336564,-0.972595,-0.230058],[0.983069,-0.0737008,0.16776],[-0.180118,-0.220516,0.958608]],[[-0.0336564,-0.972595,-0.230058],[0.917534,0.0611903,-0.39292],[0.39623,-0.22431,0.89033]],[[-0.0336564,-0.972595,-0.230058],[0.738113,0.131008,-0.661835],[0.673837,-0.192084,0.713476]]],"btipPosition":[130.478,110.245,-32.0044],"carpPosition":[116.493,88.3699,63.2834],"dipPosition":[140.45,107.402,-21.4455],"direction":[-0.39623,0.22431,-0.89033],"extended":true,"handId":93,"id":934,"length":43.3675,"mcpPosition":[141.636,96.9405,22.6078],"pipPosition":[147.104,103.635,-6.49437],"stabilizedTipPosition":[133.362,107.402,-26.1857],"timeVisible":10.5624,"tipPosition":[128.6,109.771,-27.9544],"tipVelocity":[-38.8968,97.9492,-44.875],"tool":false,"touchDistance":-0.255111,"touchZone":"touching","type":4,"width":12.8356}],"r":[[0.629069,-0.759122,0.167348],[0.724461,0.650573,0.22784],[-0.281831,-0.02209,0.95921]],"s":1.29809,"t":[20.4794,-14.32,122.229],"timestamp":7829599981},{"currentFrameRate":112.892,"devices":[],"gestures":[],"hands":[{"armBasis":[[0.396439,-0.820521,-0.411802],[0.911741,0.404423,0.0719086],[0.10754,-0.403964,0.908432]],"armWidth":51.6826,"confidence":1,"direction":[0.508073,0.448314,-0.735443],"elbow":[126.521,-3.02883,291.939],"grabAngle":0.788498,"grabStrength":0,"id":93,"palmNormal":[-0.758054,-0.172634,-0.628929],"palmPosition":[123.651,121.752,36.8005],"palmVelocity":[-61.0632,59.1848,-15.5679],"palmWidth":76.2329,"pinchDistance":71.3099,"pinchStrength":0,"r":[[0.629377,-0.760028,0.161994],[0.724917,0.649317,0.229963],[-0.279964,-0.0273015,0.959622]],"s":1.29701,"sphereCenter":[118.362,101.319,-15.6585],"sphereRadius":60.7346,"stabilizedPalmPosition":[123.616,121.416,39.0104],"t":[19.9809,-13.9107,122.039],"timeVisible":10.5712,"type":"right","wrist":[102.194,88.3521,86.4424]}],"id":119763,"interactionBox":{"center":[0,200,0],"size":[235.247,235.247,147.751]},"pointables":[{"bases":[[[0.941714,-0.111032,0.317563],[-0.188367,0.608086,0.7712],[-0.278734,-0.786068,0.551728]],[[0.956489,0.291748,0.0035832],[-0.235254,0.763894,0.600934],[0.172584,-0.575629,0.799291]],[[0.956489,0.291748,0.0035832],[-0.269332,0.878142,0.395382],[0.112205,-0.379144,0.91851]],[[0.956489,0.291748,0.0035832],[-0.284987,0.93155,0.225827],[0.0625466,-0.217022,0.974161]]],"btipPosition":[76.178,154.127,-6.71132],"carpPosition":[87.9373,114.594,73.1794],"dipPosition":[77.4348,149.767,12.8633],"direction":[-0.112205,0.379144,-0.91851],"extended":false,"handId":93,"id":930,"length":44.7461,"mcpPosition":[87.9373,114.594,73.1794],"pipPosition":[80.7195,138.668,39.7516],"stabilizedTipPosition":[79.8897,149.488,-1.11949],"timeVisible":10.5712,"tipPosition":[79.0609,152.662,-2.52671],"tipVelocity":[-83.1124,5.50737,0.271312],"tool":false,"touchDistance":0.252451,"touchZone":"hovering","type":0,"width":16.187},{"bases":[[[0.488421,-0.789324,-0.372038],[0.81378,0.258127,0.520703],[-0.31497,-0.55708,0.768411]],[[0.450753,-0.845886,-0.285129],[0.742683,0.178174,0.645504],[-0.49522,-0.502724,0.708538]],[[0.450753,-0.845886,-0.285129],[0.850224,0.309537,0.425801],[-0.271921,-0.434355,0.858717]],[[0.450753,-0.845886,-0.285129],[0.890762,0.405484,0.205243],[-0.0579969,-0.346497,0.936257]]],"btipPosition":[151.849,182.492,-29.8678],"carpPosition":[107.674,115.515,75.1856],"dipPosition":[150.998,177.41,-16.1335],"direction":[0.271921,0.434355,-0.858717],"extended":true,"handId":93,"id":931,"length":50.491,"mcpPosition":[127.088,149.852,27.8224],"pipPosition":[145.355,168.396,1.68679],"stabilizedTipPosition":[155.189,178.032,-26.3187],"timeVisible":10.5712,"tipPosition":[152.363,180.148,-26.9237],"tipVelocity":[-164.056,140.232,6.63833],"tool":false,"touchDistance":0.180876,"touchZone":"hovering","type":1,"width":15.4618},{"bases":[[[0.295443,-0.889692,-0.348082],[0.877526,0.108674,0.467053],[-0.377706,-0.443439,0.812834]],[[0.249675,-0.935092,-0.251527],[0.838973,0.0791937,0.53838],[-0.483516,-0.345445,0.804289]],[[0.249675,-0.935092,-0.251527],[0.947483,0.182306,0.262757],[-0.199847,-0.303922,0.9315]],[[0.249675,-0.935092,-0.251527],[0.962569,0.267963,-0.0407135],[0.105471,-0.231947,0.966993]]],"btipPosition":[159.24,159.481,-47.3893],"carpPosition":[113.974,108.102,71.7522],"dipPosition":[160.941,155.739,-31.7874],"direction":[0.199847,0.303922,-0.9315],"extended":true,"handId":93,"id":932,"length":57.5304,"mcpPosition":[136.052,134.023,24.2398],"pipPosition":[156.062,148.319,-9.04487],"stabilizedTipPosition":[162.683,155.131,-43.0709],"timeVisible":10.5712,"tipPosition":[159.592,158.946,-44.0226],"tipVelocity":[-108.013,161.342,3.96706],"tool":false,"touchDistance":0.2463,"touchZone":"hovering","type":2,"width":15.1855},{"bases":[[[0.169643,-0.950894,-0.258885],[0.883904,0.0306401,0.466664],[-0.435816,-0.307995,0.845697]],[[0.153394,-0.961644,-0.227403],[0.926123,0.0596474,0.372477],[-0.344626,-0.267738,0.89975]],[[0.153394,-0.961644,-0.227403],[0.983536,0.170827,-0.0589514],[0.0955366,-0.214616,0.972015]],[[0.153394,-0.961644,-0.227403],[0.870153,0.240508,-0.430104],[0.468299,-0.1319,0.87367]]],"btipPosition":[144.23,133.032,-48.0514],"carpPosition":[117.922,99.3768,67.9807],"dipPosition":[151.742,130.916,-34.0363],"direction":[-0.0955366,0.214616,-0.972015],"extended":true,"handId":93,"id":933,"length":55.3171,"mcpPosition":[140.794,115.541,23.5978],"pipPosition":[154.014,125.811,-10.9175],"stabilizedTipPosition":[148.902,128.903,-43.1361],"timeVisible":10.5712,"tipPosition":[144.663,132.459,-45.2121],"tipVelocity":[-109.141,138.902,-19.9789],"tool":false,"touchDistance":0.209807,"touchZone":"hovering","type":3,"width":14.45},{"bases":[[[-0.0303326,-0.972054,-0.232788],[0.85753,-0.144964,0.493587],[-0.513539,-0.184651,0.837963]],[[-0.0289278,-0.971546,-0.23508],[0.983369,-0.0698461,0.167654],[-0.179303,-0.22632,0.957408]],[[-0.0289278,-0.971546,-0.23508],[0.918425,0.0669914,-0.389882],[0.394536,-0.227181,0.890354]],[[-0.0289278,-0.971546,-0.23508],[0.729374,0.140296,-0.669574],[0.683503,-0.19083,0.704562]]],"btipPosition":[129.901,111.165,-32.1797],"carpPosition":[116.25,88.6849,62.9735],"dipPosition":[140.017,108.341,-21.7527],"direction":[-0.394536,0.227181,-0.890354],"extended":true,"handId":93,"id":934,"length":43.3675,"mcpPosition":[141.199,97.6554,22.2645],"pipPosition":[146.642,104.526,-6.80119],"stabilizedTipPosition":[133.211,107.816,-26.6638],"timeVisible":10.5712,"tipPosition":[127.955,110.708,-28.1913],"tipVelocity":[-61.8877,105.283,-23.4034],"tool":false,"touchDistance":-0.259031,"touchZone":"touching","type":4,"width":12.8356}],"r":[[0.629377,-0.760028,0.161994],[0.724917,0.649317,0.229963],[-0.279964,-0.0273015,0.959622]],"s":1.29701,"t":[19.9809,-13.9107,122.039],"timestamp":7829608768},{"currentFrameRate":113.029,"devices":[],"gestures":[],"hands":[{"armBasis":[[0.408567,-0.812765,-0.415314],[0.905558,0.417888,0.0730441],[0.114187,-0.405934,0.906741]],"armWidth":51.6826,"confidence":1,"direction":[0.501639,0.459321,-0.733064],"elbow":[127.935,-3.3697,291.358],"grabAngle":0.791231,"grabStrength":0,"id":93,"palmNormal":[-0.755173,-0.18085,-0.630085],"palmPosition":[123.073,122.404,36.7666],"palmVelocity":[-67.1153,75.6706,-3.93993],"palmWidth":76.2329,"pinchDistance":71.0782,"pinchStrength":0,"r":[[0.631857,-0.75901,0.157035],[0.723338,0.650231,0.232341],[-0.278458,-0.033217,0.959874]],"s":1.29583,"sphereCenter":[118.173,102.77,-15.445],"sphereRadius":60.2423,"stabilizedPalmPosition":[123.603,121.44,38.9571],"t":[19.4427,-13.3803,121.927],"timeVisible":10.5798,"type":"right","wrist":[102.104,88.457,86.2436]}],"id":119764,"interactionBox":{"center":[0,200,0],"size":[235.247,235.247,147.751]},"pointables":[{"bases":[[[0.943139,-0.0985655,0.317448],[-0.19766,0.601523,0.774016],[-0.267244,-0.792751,0.547838]],[[0.952349,0.304946,0.00621318],[-0.247212,0.759793,0.601332],[0.178653,-0.574215,0.798975]],[[0.952349,0.304946,0.00621318],[-0.282587,0.87449,0.394222],[0.114783,-0.377193,0.918994]],[[0.952349,0.304946,0.00621318],[-0.298765,0.928558,0.220271],[0.0614014,-0.211631,0.975419]]],"btipPosition":[75.3904,153.851,-6.82207],"carpPosition":[87.4559,114.542,73.0949],"dipPosition":[76.6242,149.599,12.7779],"direction":[-0.114783,0.377193,-0.918994],"extended":false,"handId":93,"id":930,"length":44.7461,"mcpPosition":[87.4559,114.542,73.0949],"pipPosition":[79.9844,138.557,39.6804],"stabilizedTipPosition":[79.7158,149.628,-1.16879],"timeVisible":10.5798,"tipPosition":[77.9688,152.838,-2.42847],"tipVelocity":[-92.0891,-29.2059,-12.1867],"tool":false,"touchDistance":0.250702,"touchZone":"hovering","type":0,"width":16.187},{"bases":[[[0.500221,-0.780198,-0.375592],[0.809665,0.267678,0.522294],[-0.306956,-0.565366,0.765597]],[[0.464542,-0.836165,-0.291599],[0.741661,0.187436,0.644055],[-0.48388,-0.515458,0.707223]],[[0.464542,-0.836165,-0.291599],[0.846278,0.322207,0.42426],[-0.260796,-0.44386,0.857306]],[[0.464542,-0.836165,-0.291599],[0.884197,0.419759,0.204935],[-0.0489581,-0.353031,0.93433]]],"btipPosition":[150.075,183.997,-29.6597],"carpPosition":[107.176,115.746,75.1143],"dipPosition":[149.357,178.819,-15.9536],"direction":[0.260796,0.44386,-0.857306],"extended":true,"handId":93,"id":931,"length":50.491,"mcpPosition":[126.096,150.594,27.9245],"pipPosition":[143.945,169.607,1.8374],"stabilizedTipPosition":[154.255,178.876,-26.352],"timeVisible":10.5798,"tipPosition":[150.917,181.552,-26.6614],"tipVelocity":[-202.461,172.226,23.4205],"tool":false,"touchDistance":0.208803,"touchZone":"hovering","type":1,"width":15.4618},{"bases":[[[0.308745,-0.883533,-0.352202],[0.875641,0.119445,0.467959],[-0.371388,-0.452882,0.810536]],[[0.264445,-0.929358,-0.257611],[0.836941,0.088436,0.540101],[-0.479165,-0.358432,0.801204]],[[0.264445,-0.929358,-0.257611],[0.943929,0.194679,0.266643],[-0.197655,-0.313678,0.928729]],[[0.264445,-0.929358,-0.257611],[0.958774,0.282161,-0.0337186],[0.104024,-0.238074,0.96566]]],"btipPosition":[158.273,161.25,-47.142],"carpPosition":[113.587,108.445,71.6483],"dipPosition":[159.951,157.409,-31.5616],"direction":[0.197655,0.313678,-0.928729],"extended":true,"handId":93,"id":932,"length":57.5304,"mcpPosition":[135.296,134.917,24.2702],"pipPosition":[155.126,149.75,-8.88676],"stabilizedTipPosition":[162.023,155.99,-43.1509],"timeVisible":10.5798,"tipPosition":[158.491,160.511,-43.8571],"tipVelocity":[-112.916,202.785,28.1443],"tool":false,"touchDistance":0.26116,"touchZone":"hovering","type":2,"width":15.1855},{"bases":[[[0.183833,-0.947022,-0.263354],[0.883177,0.0415178,0.467199],[-0.431514,-0.318475,0.84402]],[[0.168148,-0.957893,-0.232738],[0.925731,0.0723116,0.371205],[-0.338745,-0.277871,0.89891]],[[0.168148,-0.957893,-0.232738],[0.980789,0.186256,-0.0579827],[0.09889,-0.218517,0.970809]],[[0.168148,-0.957893,-0.232738],[0.866348,0.256239,-0.428698],[0.470284,-0.129547,0.872955]]],"btipPosition":[143.41,134.445,-48.035],"carpPosition":[117.665,99.7967,67.8369],"dipPosition":[150.954,132.367,-34.0313],"direction":[-0.09889,0.218517,-0.970809],"extended":true,"handId":93,"id":933,"length":55.3171,"mcpPosition":[140.311,116.511,23.542],"pipPosition":[153.306,127.17,-10.9411],"stabilizedTipPosition":[148.414,129.56,-43.3539],"timeVisible":10.5798,"tipPosition":[143.964,133.815,-45.1817],"tipVelocity":[-94.3667,165.193,1.60777],"tool":false,"touchDistance":0.221164,"touchZone":"hovering","type":3,"width":14.45},{"bases":[[[-0.0158158,-0.971271,-0.237448],[0.859402,-0.134585,0.49327],[-0.511056,-0.196262,0.836841]],[[-0.0145198,-0.970771,-0.23957],[0.983684,-0.0568363,0.17069],[-0.179317,-0.233183,0.955757]],[[-0.0145198,-0.970771,-0.23957],[0.918642,0.0816563,-0.38656],[0.394824,-0.225692,0.890605]],[[-0.0145198,-0.970771,-0.23957],[0.718775,0.156424,-0.677417],[0.695091,-0.182033,0.695495]]],"btipPosition":[129.509,112.203,-32.1408],"carpPosition":[116.154,89.1053,62.7779],"dipPosition":[139.796,109.509,-21.848],"direction":[-0.394824,0.225692,-0.890605],"extended":true,"handId":93,"id":934,"length":43.3675,"mcpPosition":[140.982,98.6399,22.1233],"pipPosition":[146.426,105.719,-6.89226],"stabilizedTipPosition":[132.989,108.441,-27.1798],"timeVisible":10.5798,"tipPosition":[127.594,111.735,-28.2855],"tipVelocity":[-41.0192,123.986,0.932942],"tool":false,"touchDistance":-0.259645,"touchZone":"touching","type":4,"width":12.8356}],"r":[[0.631857,-0.75901,0.157035],[0.723338,0.650231,0.232341],[-0.278458,-0.033217,0.959874]],"s":1.29583,"t":[19.4427,-13.3803,121.927],"timestamp":7829617378},{"currentFrameRate":113.125,"devices":[],"gestures":[],"hands":[{"armBasis":[[0.430137,-0.799845,-0.418606],[0.894468,0.440314,0.0777842],[0.122103,-0.407888,0.904831]],"armWidth":51.6826,"confidence":1,"direction":[0.492263,0.471773,-0.73151],"elbow":[129.881,-3.49599,290.839],"grabAngle":0.7953,"grabStrength":0,"id":93,"palmNormal":[-0.748196,-0.200143,-0.63257],"palmPosition":[122.519,123.28,36.7647],"palmVelocity":[-63.9384,100.993,-0.224313],"palmWidth":76.2329,"pinchDistance":70.7401,"pinchStrength":0,"r":[[0.637581,-0.754928,0.153542],[0.718594,0.654629,0.234697],[-0.277692,-0.039304,0.959866]],"s":1.29392,"sphereCenter":[118.168,103.492,-15.4491],"sphereRadius":60.2091,"stabilizedPalmPosition":[123.569,121.499,38.8866],"t":[18.8964,-12.6772,121.87],"timeVisible":10.5885,"type":"right","wrist":[102.26,88.7725,86.1565]}],"id":119765,"interactionBox":{"center":[0,200,0],"size":[235.247,235.247,147.751]},"pointables":[{"bases":[[[0.944264,-0.0744687,0.320655],[-0.215511,0.596471,0.773161],[-0.248837,-0.799173,0.547177]],[[0.945062,0.326693,0.0113928],[-0.268086,0.75464,0.598873],[0.18705,-0.569026,0.800763]],[[0.945062,0.326693,0.0113928],[-0.305421,0.870031,0.386993],[0.116516,-0.369212,0.922012]],[[0.945062,0.326693,0.0113928],[-0.321855,0.923842,0.207184],[0.0571603,-0.199468,0.978236]]],"btipPosition":[74.6083,153.136,-7.16156],"carpPosition":[86.9905,114.522,72.9752],"dipPosition":[75.7569,149.128,12.495],"direction":[-0.116516,0.369212,-0.922012],"extended":false,"handId":93,"id":930,"length":44.7461,"mcpPosition":[86.9905,114.522,72.9752],"pipPosition":[79.1677,138.32,39.4858],"stabilizedTipPosition":[79.4762,149.756,-1.2416],"timeVisible":10.5885,"tipPosition":[76.7238,152.537,-2.59311],"tipVelocity":[-92.4378,-75.9237,-37.6431],"tool":false,"touchDistance":0.246453,"touchZone":"hovering","type":0,"width":16.187},{"bases":[[[0.521173,-0.767302,-0.373665],[0.800825,0.288306,0.524937],[-0.295056,-0.572824,0.764732]],[[0.486942,-0.823725,-0.290456],[0.736355,0.208306,0.643731],[-0.469753,-0.527338,0.707987]],[[0.486942,-0.823725,-0.290456],[0.837654,0.346211,0.422461],[-0.247433,-0.449016,0.858581]],[[0.486942,-0.823725,-0.290456],[0.872552,0.443827,0.204133],[-0.0392378,-0.352839,0.934861]]],"btipPosition":[147.891,185.481,-29.7225],"carpPosition":[106.667,116.228,75.0606],"dipPosition":[147.316,180.306,-16.0086],"direction":[0.247433,0.449016,-0.858581],"extended":true,"handId":93,"id":931,"length":50.491,"mcpPosition":[124.853,151.536,27.9242],"pipPosition":[142.181,170.987,1.80885],"stabilizedTipPosition":[152.694,180.177,-26.404],"timeVisible":10.5885,"tipPosition":[149.038,183.126,-26.5869],"tipVelocity":[-248.014,171.199,-7.03432],"tool":false,"touchDistance":0.233057,"touchZone":"hovering","type":1,"width":15.4618},{"bases":[[[0.33231,-0.87547,-0.350889],[0.870734,0.141787,0.47087],[-0.362481,-0.462006,0.809419]],[[0.289222,-0.922068,-0.257178],[0.832853,0.109936,0.542467],[-0.471918,-0.371085,0.799743]],[[0.289222,-0.922068,-0.257178],[0.937667,0.218805,0.27001],[-0.192696,-0.31924,0.927876]],[[0.289222,-0.922068,-0.257178],[0.951633,0.306043,-0.0270604],[0.103659,-0.236913,0.965985]]],"btipPosition":[157.023,163.071,-47.0305],"carpPosition":[113.273,109.091,71.6185],"dipPosition":[158.696,159.248,-31.4449],"direction":[0.192696,0.31924,-0.927876],"extended":true,"handId":93,"id":932,"length":57.5304,"mcpPosition":[134.461,136.097,24.3057],"pipPosition":[153.991,151.454,-8.79085],"stabilizedTipPosition":[161.057,157.288,-43.2126],"timeVisible":10.5885,"tipPosition":[157.229,162.257,-43.7494],"tipVelocity":[-144.259,210.433,12.9969],"tool":false,"touchDistance":0.27392,"touchZone":"hovering","type":2,"width":15.1855},{"bases":[[[0.208754,-0.942096,-0.262443],[0.880252,0.0640767,0.47016],[-0.426119,-0.329164,0.842659]],[[0.193531,-0.953163,-0.232433],[0.923508,0.0970138,0.371107],[-0.331177,-0.286475,0.89903]],[[0.193531,-0.953163,-0.232433],[0.975724,0.211746,-0.0559086],[0.102507,-0.215971,0.971004]],[[0.193531,-0.953163,-0.232433],[0.859887,0.278861,-0.427586],[0.472376,-0.117115,0.873582]]],"btipPosition":[142.634,135.829,-47.9962],"carpPosition":[117.583,100.549,67.8235],"dipPosition":[150.212,133.95,-33.9824],"direction":[-0.102507,0.215971,-0.971004],"extended":true,"handId":93,"id":933,"length":55.3171,"mcpPosition":[139.946,117.824,23.6],"pipPosition":[152.65,128.814,-10.8877],"stabilizedTipPosition":[147.798,130.451,-43.5706],"timeVisible":10.5885,"tipPosition":[143.401,135.203,-45.112],"tipVelocity":[-88.53,164.811,4.73659],"tool":false,"touchDistance":0.231551,"touchZone":"hovering","type":3,"width":14.45},{"bases":[[[0.00970065,-0.971412,-0.237203],[0.860877,-0.112568,0.496204],[-0.50872,-0.209016,0.835174]],[[0.0120721,-0.970427,-0.241093],[0.984023,-0.0313019,0.175266],[-0.177629,-0.239357,0.954545]],[[0.0120721,-0.970427,-0.241093],[0.918199,0.10623,-0.381609],[0.395935,-0.216765,0.892328]],[[0.0120721,-0.970427,-0.241093],[0.707225,0.178737,-0.684022],[0.706885,-0.16225,0.688468]]],"btipPosition":[129.358,113.284,-31.9632],"carpPosition":[116.361,89.8217,62.7627],"dipPosition":[139.819,110.883,-21.7744],"direction":[-0.395935,0.216765,-0.892328],"extended":true,"handId":93,"id":934,"length":43.3675,"mcpPosition":[141.076,99.9759,22.1891],"pipPosition":[146.468,107.243,-6.7897],"stabilizedTipPosition":[132.739,109.318,-27.6784],"timeVisible":10.5885,"tipPosition":[127.57,112.715,-28.2816],"tipVelocity":[-12.7665,132.38,17.7225],"tool":false,"touchDistance":-0.257918,"touchZone":"touching","type":4,"width":12.8356}],"r":[[0.637581,-0.754928,0.153542],[0.718594,0.654629,0.234697],[-0.277692,-0.039304,0.959866]],"s":1.29392,"t":[18.8964,-12.6772,121.87],"timestamp":7829626051},{"currentFrameRate":113.128,"devices":[],"gestures":[],"hands":[{"armBasis":[[0.456727,-0.783455,-0.421425],[0.879884,0.467679,0.0841446],[0.131168,-0.409236,0.902951]],"armWidth":51.6826,"confidence":1,"direction":[0.482198,0.487192,-0.728099],"elbow":[132.087,-3.40298,290.291],"grabAngle":0.799046,"grabStrength":0,"id":93,"palmNormal":[-0.737471,-0.222883,-0.637542],"palmPosition":[121.896,124.363,36.8091],"palmVelocity":[-70.4396,122.64,5.03005],"palmWidth":76.2329,"pinchDistance":70.4015,"pinchStrength":0,"r":[[0.646582,-0.74764,0.151546],[0.710373,0.662512,0.237588],[-0.278031,-0.045966,0.959472]],"s":1.29155,"sphereCenter":[118.564,104.448,-15.3623],"sphereRadius":60.1146,"stabilizedPalmPosition":[123.493,121.628,38.7932],"t":[18.312,-11.7838,121.863],"timeVisible":10.5973,"type":"right","wrist":[102.416,89.1705,86.0338]}],"id":119766,"interactionBox":{"center":[0,200,0],"size":[235.247,235.247,147.751]},"pointables":[{"bases":[[[0.943995,-0.0453541,0.326829],[-0.238954,0.58909,0.771929],[-0.227542,-0.806794,0.54526]],[[0.935463,0.352841,0.0203096],[-0.294533,0.746535,0.596604],[0.195345,-0.564083,0.802279]],[[0.935463,0.352841,0.0203096],[-0.333903,0.863496,0.378],[0.115837,-0.360386,0.925583]],[[0.935463,0.352841,0.0203096],[-0.350086,0.917212,0.190166],[0.0484702,-0.185003,0.981542]]],"btipPosition":[73.8852,152.348,-7.58873],"carpPosition":[86.4198,114.49,72.7824],"dipPosition":[74.8592,148.631,12.1343],"direction":[-0.115837,0.360386,-0.925583],"extended":false,"handId":93,"id":930,"length":44.7461,"mcpPosition":[86.4198,114.49,72.7824],"pipPosition":[78.2501,138.081,39.2296],"stabilizedTipPosition":[79.1702,149.855,-1.34485],"timeVisible":10.5973,"tipPosition":[75.4237,152.181,-2.84714],"tipVelocity":[-86.3924,-81.6533,-46.62],"tool":false,"touchDistance":0.240465,"touchZone":"hovering","type":0,"width":16.187},{"bases":[[[0.547135,-0.750586,-0.37049],[0.788048,0.312692,0.530287],[-0.282177,-0.582103,0.762583]],[[0.514024,-0.808235,-0.287291],[0.726271,0.231874,0.647121],[-0.45641,-0.541286,0.706186]],[[0.514024,-0.808235,-0.287291],[0.824247,0.372678,0.426295],[-0.23748,-0.455924,0.857751]],[[0.514024,-0.808235,-0.287291],[0.857045,0.470098,0.210907],[-0.0354076,-0.354632,0.934335]]],"btipPosition":[145.695,187.313,-29.5616],"carpPosition":[106.019,116.803,74.9976],"dipPosition":[145.176,182.11,-15.8555],"direction":[0.23748,0.455924,-0.857751],"extended":true,"handId":93,"id":931,"length":50.491,"mcpPosition":[123.412,152.683,27.9937],"pipPosition":[140.248,172.649,1.9448],"stabilizedTipPosition":[150.444,182.055,-26.4056],"timeVisible":10.5973,"tipPosition":[146.953,185.045,-26.3471],"tipVelocity":[-247.078,206.583,18.0103],"tool":false,"touchDistance":0.257338,"touchZone":"hovering","type":1,"width":15.4618},{"bases":[[[0.361569,-0.864565,-0.348993],[0.862816,0.168439,0.476631],[-0.353294,-0.473451,0.806863]],[[0.319489,-0.912376,-0.255923],[0.8254,0.13529,0.548099],[-0.465448,-0.38635,0.796298]],[[0.319489,-0.912376,-0.255923],[0.928341,0.247208,0.277616],[-0.190024,-0.326279,0.925977]],[[0.319489,-0.912376,-0.255923],[0.942381,0.334204,-0.0150022],[0.0992182,-0.236384,0.966581]]],"btipPosition":[155.818,165.32,-46.7237],"carpPosition":[112.866,109.876,71.5966],"dipPosition":[157.419,161.506,-31.1284],"direction":[0.190024,0.326279,-0.925977],"extended":true,"handId":93,"id":932,"length":57.5304,"mcpPosition":[133.517,137.551,24.4332],"pipPosition":[152.779,153.54,-8.52075],"stabilizedTipPosition":[159.737,159.226,-43.1921],"timeVisible":10.5973,"tipPosition":[155.912,164.441,-43.4594],"tipVelocity":[-138.259,254.793,34.9816],"tool":false,"touchDistance":0.28926,"touchZone":"hovering","type":2,"width":15.1855},{"bases":[[[0.239559,-0.935035,-0.261383],[0.874742,0.0910609,0.475957],[-0.421235,-0.342663,0.839728]],[[0.224421,-0.946634,-0.231342],[0.919047,0.126667,0.37324],[-0.324019,-0.296377,0.898428]],[[0.224421,-0.946634,-0.231342],[0.968742,0.24247,-0.0524103],[0.105707,-0.212349,0.97146]],[[0.224421,-0.946634,-0.231342],[0.851085,0.306027,-0.426617],[0.474647,-0.10115,0.874345]]],"btipPosition":[141.871,137.5,-47.8388],"carpPosition":[117.463,101.474,67.8271],"dipPosition":[149.486,135.877,-33.8128],"direction":[-0.105707,0.212349,-0.97146],"extended":true,"handId":93,"id":933,"length":55.3171,"mcpPosition":[139.57,119.457,23.7575],"pipPosition":[152,130.826,-10.7072],"stabilizedTipPosition":[147.023,131.69,-43.764],"timeVisible":10.5973,"tipPosition":[142.949,136.975,-44.9185],"tipVelocity":[-85.3929,195.771,18.1375],"tool":false,"touchDistance":0.245402,"touchZone":"hovering","type":3,"width":14.45},{"bases":[[[0.0413479,-0.970516,-0.237462],[0.860678,-0.0861133,0.501814],[-0.507467,-0.225127,0.831742]],[[0.0450422,-0.968851,-0.243512],[0.983524,0.000287284,0.180778],[-0.175077,-0.247643,0.952901]],[[0.0450422,-0.968851,-0.243512],[0.916712,0.136957,-0.375342],[0.397001,-0.206324,0.894327]],[[0.0450422,-0.968851,-0.243512],[0.694032,0.205676,-0.68994],[0.718534,-0.137929,0.681678]]],"btipPosition":[129.276,114.678,-31.6875],"carpPosition":[116.608,90.7165,62.7548],"dipPosition":[139.91,112.636,-21.5992],"direction":[-0.397001,0.206324,-0.894327],"extended":true,"handId":93,"id":934,"length":43.3675,"mcpPosition":[141.262,101.653,22.3479],"pipPosition":[146.577,109.172,-6.58095],"stabilizedTipPosition":[132.466,110.632,-28.1321],"timeVisible":10.5973,"tipPosition":[127.762,113.999,-28.2245],"tipVelocity":[-4.77143,167.124,28.5862],"tool":false,"touchDistance":-0.255626,"touchZone":"touching","type":4,"width":12.8356}],"r":[[0.646582,-0.74764,0.151546],[0.710373,0.662512,0.237588],[-0.278031,-0.045966,0.959472]],"s":1.29155,"t":[18.312,-11.7838,121.863],"timestamp":7829634886},{"currentFrameRate":113.362,"devices":[],"gestures":[],"hands":[{"armBasis":[[0.481925,-0.765937,-0.425545],[0.86486,0.493739,0.0907657],[0.140588,-0.411779,0.900374]],"armWidth":51.6826,"confidence":1,"direction":[0.474407,0.505537,-0.720673],"elbow":[134.269,-3.46757,289.443],"grabAngle":0.798996,"grabStrength":0,"id":93,"palmNormal":[-0.72482,-0.240272,-0.645682],"palmPosition":[121.308,125.748,36.9369],"palmVelocity":[-69.8773,164.566,15.1831],"palmWidth":76.2329,"pinchDistance":70.0668,"pinchStrength":0,"r":[[0.657751,-0.738091,0.150285],[0.699377,0.67253,0.242024],[-0.279707,-0.0540852,0.958561]],"s":1.28895,"sphereCenter":[119.367,106.015,-15.2388],"sphereRadius":59.9829,"stabilizedPalmPosition":[123.36,121.879,38.68],"t":[17.7258,-10.6447,121.924],"timeVisible":10.6057,"type":"right","wrist":[102.466,89.6813,85.7694]}],"id":119767,"interactionBox":{"center":[0,200,0],"size":[235.247,235.247,147.751]},"pointables":[{"bases":[[[0.941898,-0.0199042,0.335309],[-0.263049,0.577072,0.773171],[-0.208887,-0.816451,0.538307]],[[0.925827,0.37641,0.0340441],[-0.320775,0.734948,0.597457],[0.199868,-0.564063,0.801178]],[[0.925827,0.37641,0.0340441],[-0.361429,0.855427,0.370963],[0.110512,-0.355753,0.928023]],[[0.925827,0.37641,0.0340441],[-0.376282,0.909558,0.176398],[0.035433,-0.176124,0.98373]]],"btipPosition":[73.5023,152.167,-7.92089],"carpPosition":[85.8083,114.623,72.5196],"dipPosition":[74.2143,148.628,11.8461],"direction":[-0.110512,0.355753,-0.928023],"extended":false,"handId":93,"id":930,"length":44.7461,"mcpPosition":[85.8083,114.623,72.5196],"pipPosition":[77.4494,138.213,39.0129],"stabilizedTipPosition":[78.8981,149.929,-1.44518],"timeVisible":10.6057,"tipPosition":[74.3755,152.401,-3.00002],"tipVelocity":[-52.6567,-16.6996,-38.2661],"tool":false,"touchDistance":0.235098,"touchZone":"hovering","type":0,"width":16.187},{"bases":[[[0.572136,-0.73203,-0.369856],[0.773733,0.33218,0.539439],[-0.272026,-0.594802,0.756447]],[[0.539281,-0.792187,-0.285687],[0.713565,0.249697,0.654581],[-0.447215,-0.556859,0.699933]],[[0.539281,-0.792187,-0.285687],[0.809072,0.393275,0.436736],[-0.233623,-0.466664,0.853021]],[[0.539281,-0.792187,-0.285687],[0.841167,0.490538,0.22762],[-0.040177,-0.363061,0.930899]]],"btipPosition":[144.012,189.705,-28.8712],"carpPosition":[105.311,117.492,74.9305],"dipPosition":[143.423,184.379,-15.2156],"direction":[0.233623,0.466664,-0.853021],"extended":true,"handId":93,"id":931,"length":50.491,"mcpPosition":[122.078,154.154,28.3048],"pipPosition":[138.575,174.695,2.48655],"stabilizedTipPosition":[147.99,184.456,-26.1533],"timeVisible":10.6057,"tipPosition":[145.147,187.534,-25.6223],"tipVelocity":[-201.914,280.889,80.6462],"tool":false,"touchDistance":0.283941,"touchZone":"hovering","type":1,"width":15.4618},{"bases":[[[0.389782,-0.85149,-0.350762],[0.85316,0.1905,0.485621],[-0.346681,-0.488543,0.800711]],[[0.348471,-0.90088,-0.258811],[0.815711,0.155457,0.557179],[-0.461717,-0.405276,0.78903]],[[0.348471,-0.90088,-0.258811],[0.91717,0.270779,0.292367],[-0.193307,-0.339255,0.920618]],[[0.348471,-0.90088,-0.258811],[0.933393,0.358769,0.00793365],[0.0857061,-0.244337,0.965895]]],"btipPosition":[155.097,168.342,-45.966],"carpPosition":[112.388,110.789,71.5521],"dipPosition":[156.479,164.4,-30.3818],"direction":[0.193307,0.339255,-0.920618],"extended":true,"handId":93,"id":932,"length":57.5304,"mcpPosition":[132.652,139.345,24.7483],"pipPosition":[151.76,156.117,-7.90492],"stabilizedTipPosition":[158.248,162.054,-42.9129],"timeVisible":10.6057,"tipPosition":[154.882,167.3,-42.7641],"tipVelocity":[-91.6755,355.649,89.7311],"tool":false,"touchDistance":0.309912,"touchZone":"hovering","type":2,"width":15.1855},{"bases":[[[0.269085,-0.926024,-0.264711],[0.867342,0.113507,0.484597],[-0.418702,-0.359993,0.833723]],[[0.253989,-0.938268,-0.234825],[0.912445,0.151905,0.379959],[-0.320833,-0.31077,0.8947]],[[0.253989,-0.938268,-0.234825],[0.961801,0.270646,-0.0410983],[0.102116,-0.215416,0.971169]],[[0.253989,-0.938268,-0.234825],[0.844253,0.333533,-0.419515],[0.471939,-0.091699,0.876849]]],"btipPosition":[141.544,139.956,-47.4655],"carpPosition":[117.262,102.547,67.7755],"dipPosition":[149.114,138.485,-33.3993],"direction":[-0.102116,0.215416,-0.971169],"extended":true,"handId":93,"id":933,"length":55.3171,"mcpPosition":[139.236,121.44,24.021],"pipPosition":[151.543,133.361,-10.3006],"stabilizedTipPosition":[146.143,133.557,-43.8738],"timeVisible":10.6057,"tipPosition":[142.733,139.477,-44.5129],"tipVelocity":[-40.13,295.979,45.4532],"tool":false,"touchDistance":0.267698,"touchZone":"hovering","type":3,"width":14.45},{"bases":[[[0.0717828,-0.967406,-0.242844],[0.858214,-0.0641585,0.509266],[-0.508248,-0.244969,0.825636]],[[0.0774106,-0.964632,-0.251978],[0.981802,0.0297952,0.187557],[-0.173416,-0.261912,0.949384]],[[0.0774106,-0.964632,-0.251978],[0.91606,0.168568,-0.363894],[0.393499,-0.202658,0.896709]],[[0.0774106,-0.964632,-0.251978],[0.682196,0.235556,-0.692186],[0.72706,-0.118316,0.676303]]],"btipPosition":[129.355,116.807,-31.3679],"carpPosition":[116.767,91.801,62.6314],"dipPosition":[140.115,115.056,-21.3591],"direction":[-0.393499,0.202658,-0.896709],"extended":true,"handId":93,"id":934,"length":43.3675,"mcpPosition":[141.458,103.702,22.5212],"pipPosition":[146.723,111.653,-6.30086],"stabilizedTipPosition":[132.21,112.95,-28.5071],"timeVisible":10.6057,"tipPosition":[128.132,115.971,-28.1167],"tipVelocity":[12.8161,261.002,35.8047],"tool":false,"touchDistance":-0.255803,"touchZone":"touching","type":4,"width":12.8356}],"r":[[0.657751,-0.738091,0.150285],[0.699377,0.67253,0.242024],[-0.279707,-0.0540852,0.958561]],"s":1.28895,"t":[17.7258,-10.6447,121.924],"timestamp":782964330