{"frames":72,"data":[{"currentFrameRate":114.432,"devices":[],"gestures":[],"hands":[{"armBasis":[[0.866824,0.416367,-0.274327],[-0.0780808,0.656741,0.750063],[0.492464,-0.628753,0.601789]],"armWidth":53.9175,"confidence":1,"direction":[-0.451697,0.494733,-0.742435],"elbow":[168.073,55.9749,267.572],"grabAngle":1.32806,"grabStrength":0.0450567,"id":92,"palmNormal":[0.170252,-0.769075,-0.616067],"palmPosition":[16.0242,233.187,76.7327],"palmVelocity":[-16.1339,-5.90014,2.36198],"palmWidth":79.7196,"pinchDistance":31.451,"pinchStrength":0.704255,"r":[[0.856678,0.513858,-0.0453096],[-0.515729,0.85508,-0.0535011],[0.0112513,0.0692007,0.997539]],"s":0.736136,"sphereCenter":[12.8178,200.954,30.6043],"sphereRadius":55.3313,"stabilizedPalmPosition":[18.0443,235.446,77.3012],"t":[-146.889,68.3348,155.735],"timeVisible":4.00503,"type":"right","wrist":[51.5774,204.711,125.215]}],"id":116428,"interactionBox":{"center":[0,200,0],"size":[235.247,235.247,147.751]},"pointables":[{"bases":[[[0.111991,0.947261,0.300259],[-0.604677,-0.174817,0.777049],[0.788558,-0.268582,0.553209]],[[-0.256764,0.966314,0.0175904],[-0.799276,-0.222542,0.558241],[0.54335,0.129277,0.829493]],[[-0.256764,0.966314,0.0175904],[-0.881921,-0.241707,0.404712],[0.395331,0.0884024,0.914275]],[[-0.256764,0.966314,0.0175904],[-0.958237,-0.256905,0.125628],[0.125915,0.0154011,0.991921]]],"btipPosition":[-14.9831,187.809,29.7565],"carpPosition":[23.6901,196.526,115.402],"dipPosition":[-12.3082,188.136,50.8286],"direction":[-0.395331,-0.0884024,-0.914275],"extended":false,"handId":92,"id":920,"length":47.3066,"mcpPosition":[23.6901,196.526,115.402],"pipPosition":[-0.0730692,190.872,79.1244],"stabilizedTipPosition":[-11.6078,190.99,33.7653],"timeVisible":4.00503,"tipPosition":[-8.29114,190.559,32.0412],"tipVelocity":[-39.8659,-28.1744,28.9402],"tool":false,"touchDistance":0.252491,"touchZone":"hovering","type":0,"width":16.8683},{"bases":[[[0.787503,0.481998,-0.38408],[-0.256235,0.822834,0.507235],[0.560521,-0.301034,0.771489]],[[0.8134,0.467055,-0.346756],[-0.414396,0.883587,0.21806],[0.408235,-0.0336756,0.912256]],[[0.8134,0.467055,-0.346756],[-0.566219,0.499072,-0.65599],[-0.133327,0.729922,0.670401]],[[0.8134,0.467055,-0.346756],[-0.39603,0.00800482,-0.918203],[-0.426075,0.884192,0.191479]]],"btipPosition":[-19.7892,208.189,14.1546],"carpPosition":[22.7273,217.199,117.136],"dipPosition":[-26.3971,221.902,17.1242],"direction":[0.133327,-0.729922,-0.670401],"extended":false,"handId":92,"id":921,"length":53.3803,"mcpPosition":[-13.4021,236.603,67.4083],"pipPosition":[-29.3223,237.916,31.8326],"stabilizedTipPosition":[-13.138,206.062,24.6465],"timeVisible":4.00503,"tipPosition":[-18.0663,206.644,19.5346],"tipVelocity":[-83.3981,65.2889,-83.5809],"tool":false,"touchDistance":0.147792,"touchZone":"hovering","type":1,"width":16.1126},{"bases":[[[0.888057,0.289513,-0.357124],[-0.107041,0.885667,0.451815],[0.447099,-0.36301,0.817512]],[[0.851921,0.315992,-0.417589],[-0.167326,0.919879,0.354717],[0.496219,-0.232318,0.836538]],[[0.851921,0.315992,-0.417589],[-0.35782,0.933492,-0.0236082],[0.382356,0.169534,0.908329]],[[0.851921,0.315992,-0.417589],[-0.453743,0.843522,-0.287382],[0.261435,0.434305,0.861993]]],"btipPosition":[-32.9088,244.295,-11.3257],"carpPosition":[30.4602,223.726,113.395],"dipPosition":[-28.4493,251.703,3.37793],"direction":[-0.382356,-0.169534,-0.908329],"extended":true,"handId":92,"id":922,"length":60.8225,"mcpPosition":[3.13067,245.915,63.424],"pipPosition":[-18.5799,256.079,26.8238],"stabilizedTipPosition":[-31.8578,246.877,-7.76145],"timeVisible":4.00503,"tipPosition":[-32.3625,245.85,-7.80921],"tipVelocity":[-2.24734,-50.0253,-5.38293],"tool":false,"touchDistance":-0.295979,"touchZone":"touching","type":2,"width":15.8248},{"bases":[[[0.949697,0.165343,-0.265964],[-0.0290129,0.892065,0.450975],[0.311823,-0.420574,0.851988]],[[0.902319,0.217497,-0.372176],[-0.124787,0.958206,0.257429],[0.412611,-0.18584,0.891748]],[[0.902319,0.217497,-0.372176],[-0.307612,0.929722,-0.202465],[0.301985,0.297174,0.90581]],[[0.902319,0.217497,-0.372176],[-0.385605,0.793186,-0.471344],[0.192689,0.568816,0.799574]]],"btipPosition":[-5.14268,241.285,-9.92226],"carpPosition":[39.566,227.786,109.339],"dipPosition":[-1.87474,250.932,3.63827],"direction":[-0.301985,-0.297174,-0.90581],"extended":true,"handId":92,"id":923,"length":58.4825,"mcpPosition":[22.4527,250.868,62.5812],"pipPosition":[5.7188,258.405,26.4153],"stabilizedTipPosition":[-4.24433,244.259,-6.74612],"timeVisible":4.00503,"tipPosition":[-5.67026,249.306,-7.49442],"tipVelocity":[-8.0856,-41.6269,0.203934],"tool":false,"touchDistance":-0.252825,"touchZone":"touching","type":3,"width":15.0583},{"bases":[[[0.971056,-0.0341278,-0.236402],[0.146716,0.866237,0.477606],[0.188481,-0.498466,0.846172]],[[0.934638,0.0367135,-0.3537],[0.0119895,0.990837,0.134529],[0.355398,-0.129977,0.925634]],[[0.934638,0.0367135,-0.3537],[-0.217704,0.845543,-0.487506],[0.281171,0.532644,0.798269]],[[0.934638,0.0367135,-0.3537],[-0.311613,0.563749,-0.764908],[0.171316,0.82513,0.538342]]],"btipPosition":[22.0705,233.078,8.79457],"carpPosition":[50.725,225.949,104.087],"dipPosition":[24.7509,245.988,17.2175],"direction":[-0.281171,-0.532644,-0.798269],"extended":false,"handId":92,"id":924,"length":45.8492,"mcpPosition":[41.1496,251.273,61.0989],"pipPosition":[29.7428,255.444,31.3898],"stabilizedTipPosition":[22.9047,238.696,10.0876],"timeVisible":4.00503,"tipPosition":[21.4206,241.244,8.67476],"tipVelocity":[-4.72238,-52.1998,20.5273],"tool":false,"touchDistance":0.344667,"touchZone":"hovering","type":4,"width":13.3759}],"r":[[0.856678,0.513858,-0.0453096],[-0.515729,0.85508,-0.0535011],[0.0112513,0.0692007,0.997539]],"s":0.736136,"t":[-146.889,68.3348,155.735],"timestamp":7800202029},{"currentFrameRate":113.706,"devices":[],"gestures":[],"hands":[{"armBasis":[[0.866694,0.416917,-0.273902],[-0.0788299,0.656645,0.750069],[0.492573,-0.628489,0.601975]],"armWidth":53.9175,"confidence":1,"direction":[-0.45137,0.494709,-0.74265],"elbow":[167.988,55.9642,267.595],"grabAngle":1.32348,"grabStrength":0.0492483,"id":92,"palmNormal":[0.170909,-0.768917,-0.616082],"palmPosition":[15.9328,233.108,76.6934],"palmVelocity":[-9.10035,-7.84296,-3.91167],"palmWidth":79.7196,"pinchDistance":33.0335,"pinchStrength":0.660244,"r":[[0.856179,0.514677,-0.0454351],[-0.516565,0.854522,-0.0543391],[0.0108582,0.0699942,0.997488]],"s":0.732051,"sphereCenter":[13.7156,200.94,30.0617],"sphereRadius":55.6827,"stabilizedPalmPosition":[17.9771,235.372,77.2818],"t":[-146.993,68.2502,155.712],"timeVisible":4.01507,"type":"right","wrist":[51.4662,204.637,125.194]}],"id":116429,"interactionBox":{"center":[0,200,0],"size":[235.247,235.247,147.751]},"pointables":[{"bases":[[[0.111484,0.947247,0.30049],[-0.605131,-0.175144,0.776621],[0.788281,-0.268416,0.553683]],[[-0.256669,0.966333,0.0179354],[-0.797547,-0.222246,0.560826],[0.545931,0.129642,0.827739]],[[-0.256669,0.966333,0.0179354],[-0.880967,-0.241546,0.406881],[0.397515,0.0886332,0.913305]],[[-0.256669,0.966333,0.0179354],[-0.957487,-0.25676,0.131503],[0.131681,0.0165799,0.991153]]],"btipPosition":[-15.3909,187.678,29.8391],"carpPosition":[23.5853,196.443,115.362],"dipPosition":[-12.5935,188.03,50.8949],"direction":[-0.397515,-0.0886332,-0.913305],"extended":false,"handId":92,"id":920,"length":47.3066,"mcpPosition":[23.5853,196.443,115.362],"pipPosition":[-0.290782,190.774,79.1608],"stabilizedTipPosition":[-11.7485,190.846,33.8064],"timeVisible":4.01507,"tipPosition":[-8.49101,190.416,32.0429],"tipVelocity":[-37.8064,-12.4571,7.86038],"tool":false,"touchDistance":0.253806,"touchZone":"hovering","type":0,"width":16.8683},{"bases":[[[0.787598,0.48232,-0.383481],[-0.256838,0.822666,0.507203],[0.560111,-0.30098,0.771808]],[[0.815399,0.466178,-0.343223],[-0.407625,0.883345,0.231394],[0.411055,-0.048772,0.910305]],[[0.815399,0.466178,-0.343223],[-0.567782,0.528384,-0.631216],[-0.112906,0.709569,0.695532]],[[0.815399,0.466178,-0.343223],[-0.41019,0.0468991,-0.910794],[-0.408495,0.883447,0.229463]]],"btipPosition":[-20.7062,209.149,13.0321],"carpPosition":[22.6146,217.116,117.099],"dipPosition":[-27.0415,222.85,16.5908],"direction":[0.112906,-0.709569,-0.695532],"extended":false,"handId":92,"id":921,"length":53.3803,"mcpPosition":[-13.4885,236.516,67.3502],"pipPosition":[-29.5186,238.418,31.8506],"stabilizedTipPosition":[-13.4927,206.307,24.2223],"timeVisible":4.01507,"tipPosition":[-18.5034,207.118,18.925],"tipVelocity":[-85.0796,95.3449,-98.2952],"tool":false,"touchDistance":0.131342,"touchZone":"hovering","type":1,"width":16.1126},{"bases":[[[0.888197,0.289863,-0.356491],[-0.107628,0.885557,0.451891],[0.446679,-0.363,0.817746]],[[0.852712,0.315927,-0.41602],[-0.167513,0.919706,0.355078],[0.494795,-0.23309,0.837166]],[[0.852712,0.315927,-0.41602],[-0.358358,0.933227,-0.0258265],[0.380082,0.171106,0.908989]],[[0.852712,0.315927,-0.41602],[-0.45412,0.841924,-0.291445],[0.258182,0.437441,0.861387]]],"btipPosition":[-32.8191,244.154,-11.4055],"carpPosition":[30.3477,223.645,113.364],"dipPosition":[-28.4151,251.616,3.28777],"direction":[-0.380082,-0.171107,-0.908989],"extended":true,"handId":92,"id":922,"length":60.8225,"mcpPosition":[3.0439,245.834,63.3784],"pipPosition":[-18.6044,256.032,26.7506],"stabilizedTipPosition":[-31.842,246.57,-7.84225],"timeVisible":4.01507,"tipPosition":[-32.3973,245.771,-7.87947],"tipVelocity":[7.66494,-12.8219,-8.18721],"tool":false,"touchDistance":-0.295948,"touchZone":"touching","type":2,"width":15.8248},{"bases":[[[0.949818,0.165698,-0.265312],[-0.0296014,0.89198,0.451104],[0.3114,-0.420613,0.852124]],[[0.902717,0.217647,-0.371123],[-0.125167,0.958149,0.257455],[0.411625,-0.185957,0.89218]],[[0.902717,0.217647,-0.371123],[-0.308272,0.928934,-0.205061],[0.300118,0.299518,0.905659]],[[0.902717,0.217647,-0.371123],[-0.385981,0.790747,-0.475119],[0.190056,0.572144,0.797828]]],"btipPosition":[-5.09892,241.1,-9.93843],"carpPosition":[39.4549,227.71,109.315],"dipPosition":[-1.87563,250.803,3.59248],"direction":[-0.300118,-0.299518,-0.905659],"extended":true,"handId":92,"id":923,"length":58.4825,"mcpPosition":[22.3649,250.793,62.5491],"pipPosition":[5.67096,258.335,26.3657],"stabilizedTipPosition":[-4.28111,243.958,-6.77217],"timeVisible":4.01507,"tipPosition":[-5.70004,249.185,-7.53923],"tipVelocity":[3.33525,-17.1272,-2.28916],"tool":false,"touchDistance":-0.253208,"touchZone":"touching","type":3,"width":15.0583},{"bases":[[[0.971222,-0.0337712,-0.235768],[0.146119,0.866206,0.477846],[0.188086,-0.498545,0.846213]],[[0.935,0.0368606,-0.352728],[0.0109069,0.991125,0.132486],[0.354481,-0.127721,0.926299]],[[0.935,0.0368606,-0.352728],[-0.219952,0.840469,-0.495211],[0.278203,0.540605,0.793945]],[[0.935,0.0368606,-0.352728],[-0.313472,0.551051,-0.773355],[0.165865,0.833657,0.526787]]],"btipPosition":[22.1509,232.663,9.01103],"carpPosition":[50.618,225.877,104.069],"dipPosition":[24.746,245.706,17.2532],"direction":[-0.278203,-0.540605,-0.793945],"extended":false,"handId":92,"id":924,"length":45.8492,"mcpPosition":[41.0626,251.205,61.0791],"pipPosition":[29.6852,255.304,31.3487],"stabilizedTipPosition":[22.8849,238.313,10.191],"timeVisible":4.01507,"tipPosition":[21.4069,241.036,8.6988],"tipVelocity":[6.05412,-38.2837,17.4167],"tool":false,"touchDistance":0.346157,"touchZone":"hovering","type":4,"width":13.3759}],"r":[[0.856179,0.514677,-0.0454351],[-0.516565,0.854522,-0.0543391],[0.0108582,0.0699942,0.997488]],"s":0.732051,"t":[-146.993,68.2502,155.712],"timestamp":7800212070},{"currentFrameRate":114.69,"devices":[],"gestures":[],"hands":[{"armBasis":[[0.86651,0.417715,-0.273266],[-0.0795486,0.656016,0.750543],[0.492781,-0.628615,0.601673]],"armWidth":53.9175,"confidence":1,"direction":[-0.450771,0.494003,-0.743483],"elbow":[167.915,55.9446,267.554],"grabAngle":1.31279,"grabStrength":0.0531634,"id":92,"palmNormal":[0.172252,-0.76911,-0.615467],"palmPosition":[15.8476,233.077,76.6739],"palmVelocity":[-12.1231,-4.51537,-2.78304],"palmWidth":79.7196,"pinchDistance":35.2379,"pinchStrength":0.598937,"r":[[0.855717,0.515451,-0.0453693],[-0.517342,0.853995,-0.0552299],[0.0102768,0.0707326,0.997442]],"s":0.728029,"sphereCenter":[14.8992,200.822,29.3852],"sphereRadius":56.2846,"stabilizedPalmPosition":[17.9305,235.321,77.2685],"t":[-147.088,68.192,155.691],"timeVisible":4.0221,"type":"right","wrist":[51.3448,204.648,125.224]}],"id":116430,"interactionBox":{"center":[0,200,0],"size":[235.247,235.247,147.751]},"pointables":[{"bases":[[[0.110418,0.947481,0.300146],[-0.606002,-0.17518,0.775934],[0.787762,-0.267566,0.554833]],[[-0.256541,0.966369,0.0178158],[-0.795941,-0.221683,0.563324],[0.548329,0.130336,0.826044]],[[-0.256541,0.966369,0.0178158],[-0.880349,-0.241235,0.408401],[0.398964,0.0890876,0.912629]],[[-0.256541,0.966369,0.0178158],[-0.956817,-0.256526,0.136733],[0.136705,0.0180313,0.990448]]],"btipPosition":[-15.7559,187.597,29.9583],"carpPosition":[23.4767,196.437,115.371],"dipPosition":[-12.8518,187.98,50.9991],"direction":[-0.398964,-0.0890876,-0.912629],"extended":false,"handId":92,"id":920,"length":47.3066,"mcpPosition":[23.4767,196.437,115.371],"pipPosition":[-0.504244,190.737,79.244],"stabilizedTipPosition":[-11.8537,190.746,33.8376],"timeVisible":4.0221,"tipPosition":[-8.64788,190.279,32.0813],"tipVelocity":[-48.4195,-10.5974,16.4525],"tool":false,"touchDistance":0.255735,"touchZone":"hovering","type":0,"width":16.8683},{"bases":[[[0.787743,0.482688,-0.382718],[-0.25808,0.822741,0.50645],[0.559335,-0.300181,0.772681]],[[0.817685,0.465213,-0.33907],[-0.398906,0.882562,0.248916],[0.415049,-0.0682778,0.907234]],[[0.817685,0.465213,-0.33907],[-0.569533,0.56801,-0.594135],[-0.083804,0.678927,0.729408]],[[0.817685,0.465213,-0.33907],[-0.429609,0.10108,-0.89734],[-0.383181,0.879409,0.282511]]],"btipPosition":[-21.9687,210.587,11.5268],"carpPosition":[22.4889,217.11,117.096],"dipPosition":[-27.9114,224.226,15.9082],"direction":[0.083804,-0.678927,-0.729408],"extended":false,"handId":92,"id":921,"length":53.3803,"mcpPosition":[-13.5641,236.458,67.2911],"pipPosition":[-29.75,239.121,31.9113],"stabilizedTipPosition":[-13.829,206.56,23.823],"timeVisible":4.0221,"tipPosition":[-19.1219,207.898,18.0543],"tipVelocity":[-166.694,202.43,-187.149],"tool":false,"touchDistance":0.128147,"touchZone":"hovering","type":1,"width":16.1126},{"bases":[[[0.888446,0.290318,-0.355499],[-0.108844,0.885711,0.451297],[0.445889,-0.362259,0.818506]],[[0.853778,0.31582,-0.413909],[-0.168238,0.919709,0.354726],[0.492706,-0.233222,0.838361]],[[0.853778,0.31582,-0.413909],[-0.359033,0.932881,-0.028781],[0.377038,0.17318,0.909863]],[[0.853778,0.31582,-0.413909],[-0.454422,0.840034,-0.296384],[0.254094,0.441136,0.860718]]],"btipPosition":[-32.6567,243.995,-11.5116],"carpPosition":[30.2222,223.643,113.368],"dipPosition":[-28.3224,251.52,3.1703],"direction":[-0.377038,-0.17318,-0.909863],"extended":true,"handId":92,"id":922,"length":60.8225,"mcpPosition":[2.96663,245.786,63.3357],"pipPosition":[-18.5903,255.99,26.6557],"stabilizedTipPosition":[-31.8034,246.391,-7.90421],"timeVisible":4.0221,"tipPosition":[-32.3764,245.661,-7.96905],"tipVelocity":[20.8129,-20.4948,-15.4557],"tool":false,"touchDistance":-0.296316,"touchZone":"touching","type":2,"width":15.8248},{"bases":[[[0.950039,0.166244,-0.264177],[-0.0308211,0.89219,0.450607],[0.310607,-0.419952,0.852739]],[[0.903389,0.217779,-0.369406],[-0.125916,0.958185,0.256956],[0.409919,-0.185617,0.893036]],[[0.903389,0.217779,-0.369406],[-0.308741,0.928158,-0.207848],[0.297602,0.301818,0.905726]],[[0.903389,0.217779,-0.369406],[-0.385975,0.788296,-0.47918],[0.186845,0.575467,0.796195]]],"btipPosition":[-4.99178,240.938,-9.96752],"carpPosition":[39.3316,227.711,109.328],"dipPosition":[-1.82294,250.697,3.53569],"direction":[-0.297602,-0.301818,-0.905726],"extended":true,"handId":92,"id":923,"length":58.4825,"mcpPosition":[22.2851,250.759,62.5287],"pipPosition":[5.66039,258.287,26.3106],"stabilizedTipPosition":[-4.27691,243.778,-6.7929],"timeVisible":4.0221,"tipPosition":[-5.67908,249.055,-7.58985],"tipVelocity":[13.4546,-21.2418,-5.04213],"tool":false,"touchDistance":-0.253799,"touchZone":"touching","type":3,"width":15.0583},{"bases":[[[0.971548,-0.0331944,-0.234504],[0.144883,0.866556,0.477588],[0.187357,-0.497975,0.84671]],[[0.93562,0.03705,-0.351059],[0.00986857,0.991343,0.130925],[0.35287,-0.125961,0.927155]],[[0.93562,0.03705,-0.351059],[-0.220971,0.837013,-0.500581],[0.275294,0.545927,0.791313]],[[0.93562,0.03705,-0.351059],[-0.313902,0.542272,-0.779363],[0.161494,0.839385,0.518991]]],"btipPosition":[22.2444,232.4,9.15567],"carpPosition":[50.5027,225.884,104.098],"dipPosition":[24.7712,245.534,17.2758],"direction":[-0.275294,-0.545927,-0.791313],"extended":false,"handId":92,"id":924,"length":45.8492,"mcpPosition":[40.9844,251.183,61.0825],"pipPosition":[29.6587,255.226,31.3246],"stabilizedTipPosition":[22.8799,238.068,10.2615],"timeVisible":4.0221,"tipPosition":[21.4253,240.888,8.71843],"tipVelocity":[11.0631,-34.3731,16.58],"tool":false,"touchDistance":0.346623,"touchZone":"hovering","type":4,"width":13.3759}],"r":[[0.855717,0.515451,-0.0453693],[-0.517342,0.853995,-0.0552299],[0.0102768,0.0707326,0.997442]],"s":0.728029,"t":[-147.088,68.192,155.691],"timestamp":7800219102},{"currentFrameRate":113.46,"devices":[],"gestures":[],"hands":[{"armBasis":[[0.866571,0.417636,-0.273194],[-0.0793086,0.655713,0.750834],[0.492712,-0.628984,0.601344]],"armWidth":53.9175,"confidence":1,"direction":[-0.448388,0.492595,-0.745854],"elbow":[167.794,55.8527,267.542],"grabAngle":1.29374,"grabStrength":0.0573983,"id":92,"palmNormal":[0.173187,-0.770747,-0.613151],"palmPosition":[15.8731,233.001,76.6058],"palmVelocity":[2.34024,-6.95972,-6.22977],"palmWidth":79.7196,"pinchDistance":38.7228,"pinchStrength":0.502016,"r":[[0.855461,0.515898,-0.045118],[-0.517784,0.853635,-0.0566266],[0.00930075,0.0718033,0.997375]],"s":0.724574,"sphereCenter":[16.7983,200.433,28.3501],"sphereRadius":57.3433,"stabilizedPalmPosition":[17.8735,235.257,77.2502],"t":[-147.122,68.1249,155.647],"timeVisible":4.03302,"type":"right","wrist":[51.2394,204.643,125.29]}],"id":116431,"interactionBox":{"center":[0,200,0],"size":[235.247,235.247,147.751]},"pointables":[{"bases":[[[0.110464,0.948108,0.298142],[-0.608186,-0.172772,0.774764],[0.786071,-0.266909,0.557541]],[[-0.255145,0.966782,0.0153046],[-0.794815,-0.218722,0.566065],[0.550608,0.132264,0.824219]],[[-0.255145,0.966782,0.0153046],[-0.880039,-0.238752,0.410522],[0.400539,0.0912742,0.911722]],[[-0.255145,0.966782,0.0153046],[-0.956072,-0.254618,0.145246],[0.144318,0.0224265,0.989277]]],"btipPosition":[-16.1741,187.362,30.1313],"carpPosition":[23.3687,196.448,115.411],"dipPosition":[-13.1082,187.839,51.1473],"direction":[-0.400539,-0.0912742,-0.911722],"extended":false,"handId":92,"id":920,"length":47.3066,"mcpPosition":[23.3687,196.448,115.411],"pipPosition":[-0.711937,190.664,79.3641],"stabilizedTipPosition":[-12.0231,190.593,33.8904],"timeVisible":4.03302,"tipPosition":[-8.77674,190.027,32.1511],"tipVelocity":[-34.8787,-19.4822,15.3189],"tool":false,"touchDistance":0.258523,"touchZone":"hovering","type":0,"width":16.8683},{"bases":[[[0.789166,0.481073,-0.381818],[-0.258682,0.82419,0.503781],[0.557046,-0.298798,0.774868]],[[0.821699,0.461936,-0.333805],[-0.385808,0.881949,0.270775],[0.41948,-0.0937111,0.902915]],[[0.821699,0.461936,-0.333805],[-0.568716,0.626519,-0.532951],[-0.0370539,0.627765,0.77752]],[[0.821699,0.461936,-0.333805],[-0.458721,0.188483,-0.86836],[-0.33821,0.866654,0.366776]]],"btipPosition":[-23.8114,212.826,9.17959],"carpPosition":[22.3946,217.126,117.083],"dipPosition":[-29.0566,226.267,14.8679],"direction":[0.0370539,-0.627765,-0.77752],"extended":false,"handId":92,"id":921,"length":53.3803,"mcpPosition":[-13.5109,236.385,67.1378],"pipPosition":[-29.8696,240.04,31.9265],"stabilizedTipPosition":[-14.5799,207.188,22.928],"timeVisible":4.03302,"tipPosition":[-20.142,209.307,16.5036],"tipVelocity":[-154.015,200.818,-187.372],"tool":false,"touchDistance":0.110815,"touchZone":"hovering","type":1,"width":16.1126},{"bases":[[[0.889628,0.288681,-0.353871],[-0.109247,0.886895,0.448867],[0.443426,-0.360666,0.820545]],[[0.856059,0.313453,-0.410987],[-0.167554,0.920485,0.353035],[0.488967,-0.233357,0.840509]],[[0.856059,0.313453,-0.410987],[-0.357796,0.933198,-0.0335312],[0.373021,0.175754,0.911025]],[[0.856059,0.313453,-0.410987],[-0.452686,0.83845,-0.303443],[0.249476,0.445813,0.859658]]],"btipPosition":[-32.2389,243.758,-11.75],"carpPosition":[30.1433,223.643,113.36],"dipPosition":[-27.9834,251.363,2.91385],"direction":[-0.373021,-0.175754,-0.911025],"extended":true,"handId":92,"id":922,"length":60.8225,"mcpPosition":[3.03834,245.689,63.2033],"pipPosition":[-18.355,255.899,26.4293],"stabilizedTipPosition":[-31.6479,246.138,-8.03965],"timeVisible":4.03302,"tipPosition":[-32.1098,245.423,-8.19511],"tipVelocity":[36.5865,-20.0597,-22.2039],"tool":false,"touchDistance":-0.298656,"touchZone":"touching","type":2,"width":15.8248},{"bases":[[[0.950873,0.164775,-0.262088],[-0.0312167,0.893305,0.448366],[0.308004,-0.418158,0.854563]],[[0.905114,0.215567,-0.366469],[-0.124956,0.958743,0.255338],[0.406392,-0.185318,0.894708]],[[0.905114,0.215567,-0.366469],[-0.306958,0.927713,-0.212426],[0.294186,0.30476,0.905856]],[[0.905114,0.215567,-0.366469],[-0.38386,0.784931,-0.486349],[0.182812,0.580874,0.793199]]],"btipPosition":[-4.61634,240.644,-10.0817],"carpPosition":[39.2668,227.694,109.334],"dipPosition":[-1.51591,250.495,3.37073],"direction":[-0.294186,-0.30476,-0.905856],"extended":true,"handId":92,"id":923,"length":58.4825,"mcpPosition":[22.3632,250.643,62.4348],"pipPosition":[5.88153,258.159,26.1489],"stabilizedTipPosition":[-4.15803,243.502,-6.85485],"timeVisible":4.03302,"tipPosition":[-5.40785,248.751,-7.74691],"tipVelocity":[32.9315,-24.9634,-11.5212],"tool":false,"touchDistance":-0.255896,"touchZone":"touching","type":3,"width":15.0583},{"bases":[[[0.972129,-0.0346097,-0.231876],[0.144394,0.867582,0.475869],[0.184702,-0.496088,0.8484]],[[0.937179,0.0344323,-0.347145],[0.0105592,0.991861,0.126886],[0.348689,-0.122581,0.929188]],[[0.937179,0.0344323,-0.347145],[-0.219527,0.831585,-0.51017],[0.271114,0.554329,0.786903]],[[0.937179,0.0344323,-0.347145],[-0.311876,0.528549,-0.789538],[0.156297,0.848204,0.506083]]],"btipPosition":[22.6164,231.869,9.32481],"carpPosition":[50.45,225.844,104.138],"dipPosition":[25.0618,245.14,17.243],"direction":[-0.271114,-0.554329,-0.786903],"extended":false,"handId":92,"id":924,"length":45.8492,"mcpPosition":[41.0666,251.047,61.0367],"pipPosition":[29.8751,254.982,31.2135],"stabilizedTipPosition":[22.9175,237.672,10.3728],"timeVisible":4.03302,"tipPosition":[21.6708,240.512,8.70349],"tipVelocity":[32.3382,-45.7437,11.2323],"tool":false,"touchDistance":0.347135,"touchZone":"hovering","type":4,"width":13.3759}],"r":[[0.855461,0.515898,-0.045118],[-0.517784,0.853635,-0.0566266],[0.00930075,0.0718033,0.997375]],"s":0.724574,"t":[-147.122,68.1249,155.647],"timestamp":7800230025},{"currentFrameRate":114.878,"devices":[],"gestures":[],"hands":[{"armBasis":[[0.866386,0.419495,-0.270922],[-0.0815853,0.654139,0.751962],[0.492665,-0.629386,0.600961]],"armWidth":53.9175,"confidence":1,"direction":[-0.445347,0.488679,-0.750239],"elbow":[167.729,55.8406,267.569],"grabAngle":1.27474,"grabStrength":0.0527066,"id":92,"palmNormal":[0.178189,-0.772786,-0.609139],"palmPosition":[16.0054,232.855,76.4676],"palmVelocity":[21.0716,-23.1452,-22.0268],"palmWidth":79.7196,"pinchDistance":41.6419,"pinchStrength":0.420832,"r":[[0.855082,0.516589,-0.0443901],[-0.51844,0.853077,-0.0589861],[0.00739662,0.0734516,0.997271]],"s":0.723517,"sphereCenter":[18.5893,199.888,27.4749],"sphereRadius":58.345,"stabilizedPalmPosition":[17.8456,235.221,77.2385],"t":[-147.073,68.0187,155.556],"timeVisible":4.0393,"type":"right","wrist":[51.1863,204.726,125.408]}],"id":116432,"interactionBox":{"center":[0,200,0],"size":[235.247,235.247,147.751]},"pointables":[{"bases":[[[0.106804,0.949514,0.294986],[-0.61205,-0.171025,0.772104],[0.783573,-0.263011,0.562884]],[[-0.257516,0.966223,0.00988922],[-0.794935,-0.217661,0.566305],[0.54933,0.137971,0.824136]],[[-0.257516,0.966223,0.00988922],[-0.879709,-0.238668,0.411279],[0.399747,0.0972112,0.911456]],[[-0.257516,0.966223,0.00988922],[-0.954778,-0.256013,0.151181],[0.148606,0.0294895,0.988457]]],"btipPosition":[-16.1872,186.803,30.2072],"carpPosition":[23.3663,196.473,115.458],"dipPosition":[-13.0302,187.43,51.2057],"direction":[-0.399747,-0.0972112,-0.911456],"extended":false,"handId":92,"id":920,"length":47.3066,"mcpPosition":[23.3663,196.473,115.458],"pipPosition":[-0.658456,190.438,79.4143],"stabilizedTipPosition":[-12.1234,190.486,33.9239],"timeVisible":4.0393,"tipPosition":[-8.5437,189.565,32.1473],"tipVelocity":[1.24855,-83.5738,11.4494],"tool":false,"touchDistance":0.259721,"touchZone":"hovering","type":0,"width":16.8683},{"bases":[[[0.790217,0.481263,-0.379397],[-0.263197,0.825612,0.499092],[0.55343,-0.294535,0.779079]],[[0.824055,0.461402,-0.328697],[-0.379798,0.880469,0.283774],[0.420341,-0.109007,0.900795]],[[0.824055,0.461402,-0.328697],[-0.566508,0.670018,-0.479733],[-0.00111689,0.581536,0.81352]],[[0.824055,0.461402,-0.328697],[-0.476445,0.250562,-0.842745],[-0.306485,0.851074,0.42631]]],"btipPosition":[-24.9481,214.432,7.23704],"carpPosition":[22.3388,217.154,117.043],"dipPosition":[-29.7013,227.632,13.8486],"direction":[0.00111689,-0.581536,-0.81352],"extended":false,"handId":92,"id":921,"length":53.3803,"mcpPosition":[-13.3336,236.139,66.8257],"pipPosition":[-29.7258,240.39,31.697],"stabilizedTipPosition":[-15.0821,207.639,22.3071],"timeVisible":4.0393,"tipPosition":[-20.6359,210.2,15.0853],"tipVelocity":[-163.11,247.139,-275.729],"tool":false,"touchDistance":0.0839802,"touchZone":"hovering","type":1,"width":16.1126},{"bases":[[[0.890935,0.289201,-0.35014],[-0.113598,0.888422,0.444749],[0.439693,-0.356467,0.824379]],[[0.858133,0.313335,-0.406729],[-0.169792,0.920802,0.351133],[0.484539,-0.23226,0.843373]],[[0.858133,0.313335,-0.406729],[-0.356925,0.933518,-0.0338925],[0.369069,0.174256,0.91292]],[[0.858133,0.313335,-0.406729],[-0.450662,0.839229,-0.304301],[0.24599,0.444428,0.861378]]],"btipPosition":[-31.7049,243.546,-12.2118],"carpPosition":[30.0939,223.674,113.336],"dipPosition":[-27.5089,251.127,2.4813],"direction":[-0.369069,-0.174256,-0.91292],"extended":true,"handId":92,"id":922,"length":60.8225,"mcpPosition":[3.21711,245.463,62.9449],"pipPosition":[-17.9825,255.625,26.0456],"stabilizedTipPosition":[-31.4962,245.996,-8.17211],"timeVisible":4.0393,"tipPosition":[-31.5197,244.85,-8.64752],"tipVelocity":[82.9208,-34.5945,-72.5325],"tool":false,"touchDistance":-0.303951,"touchZone":"touching","type":2,"width":15.8248},{"bases":[[[0.95194,0.16579,-0.257533],[-0.0355797,0.894998,0.444649],[0.30421,-0.414117,0.857883]],[[0.907061,0.215685,-0.361554],[-0.126464,0.958726,0.254658],[0.401557,-0.185267,0.896899]],[[0.907061,0.215685,-0.361554],[-0.305463,0.928156,-0.212649],[0.289713,0.303327,0.907777]],[[0.907061,0.215685,-0.361554],[-0.381613,0.783919,-0.489737],[0.1778,0.582195,0.79337]]],"btipPosition":[-4.0507,240.468,-10.394],"carpPosition":[39.2307,227.728,109.344],"dipPosition":[-1.03527,250.342,3.06134],"direction":[-0.289713,-0.303327,-0.907777],"extended":true,"handId":92,"id":923,"length":58.4825,"mcpPosition":[22.5353,250.456,62.2626],"pipPosition":[6.24969,257.969,25.8878],"stabilizedTipPosition":[-4.00199,243.353,-6.94144],"timeVisible":4.0393,"tipPosition":[-4.81314,248.103,-8.04471],"tipVelocity":[87.0266,-27.1925,-49.6602],"tool":false,"touchDistance":-0.26109,"touchZone":"touching","type":3,"width":15.0583},{"bases":[[[0.973457,-0.0334277,-0.226417],[0.139932,0.869763,0.473214],[0.18111,-0.492336,0.851354]],[[0.939601,0.0341252,-0.340567],[0.00827748,0.992461,0.122283],[0.342172,-0.117716,0.932234]],[[0.939601,0.0341252,-0.340567],[-0.218179,0.826375,-0.519137],[0.26372,0.562086,0.783908]],[[0.939601,0.0341252,-0.340567],[-0.308127,0.51756,-0.798241],[0.149024,0.854966,0.496815]]],"btipPosition":[23.2491,231.317,9.35373],"carpPosition":[50.4461,225.883,104.216],"dipPosition":[25.5808,244.694,17.1269],"direction":[-0.26372,-0.562086,-0.783908],"extended":false,"handId":92,"id":924,"length":45.8492,"mcpPosition":[41.2451,250.895,60.9652],"pipPosition":[30.2628,254.673,31.0442],"stabilizedTipPosition":[22.9862,237.412,10.4337],"timeVisible":4.0393,"tipPosition":[22.1812,240.033,8.60413],"tipVelocity":[96.6691,-84.117,-0.707626],"tool":false,"touchDistance":0.345688,"touchZone":"hovering","type":4,"width":13.3759}],"r":[[0.855082,0.516589,-0.0443901],[-0.51844,0.853077,-0.0589861],[0.00739662,0.0734516,0.997271]],"s":0.723517,"t":[-147.073,68.0187,155.556],"timestamp":7800236300},{"currentFrameRate":114.645,"devices":[],"gestures":[],"hands":[{"armBasis":[[0.866282,0.42019,-0.270177],[-0.0828579,0.654201,0.751768],[0.492635,-0.628857,0.601539]],"armWidth":53.9175,"confidence":1,"direction":[-0.439076,0.486261,-0.755489],"elbow":[167.612,55.8896,267.794],"grabAngle":1.23848,"grabStrength":0.0490782,"id":92,"palmNormal":[0.180749,-0.77588,-0.604433],"palmPosition":[16.2411,232.649,76.2366],"palmVelocity":[25.8398,-22.6552,-25.3254],"palmWidth":79.7196,"pinchDistance":46.729,"pinchStrength":0.279354,"r":[[0.855058,0.516739,-0.0430812],[-0.518512,0.852794,-0.0623554],[0.00451796,0.0756556,0.997124]],"s":0.725911,"sphereCenter":[21.7784,198.895,25.7093],"sphereRadius":60.4156,"stabilizedPalmPosition":[17.814,235.17,77.2188],"t":[-146.931,67.8623,155.394],"timeVisible":4.04842,"type":"right","wrist":[51.0761,204.65,125.496]}],"id":116433,"interactionBox":{"center":[0,200,0],"size":[235.247,235.247,147.751]},"pointables":[{"bases":[[[0.106798,0.950595,0.291484],[-0.617762,-0.166269,0.768587],[0.779079,-0.262151,0.569484]],[[-0.255481,0.966807,0.00380433],[-0.796124,-0.212607,0.566555],[0.548558,0.141715,0.824015]],[[-0.255481,0.966807,0.00380433],[-0.880676,-0.234341,0.411697],[0.398923,0.10183,0.911313]],[[-0.255481,0.966807,0.00380433],[-0.954251,-0.252791,0.15969],[0.155351,0.0371674,0.98716]]],"btipPosition":[-16.3847,186.286,30.2256],"carpPosition":[23.2528,196.425,115.439],"dipPosition":[-13.0844,187.076,51.1965],"direction":[-0.398923,-0.10183,-0.911313],"extended":false,"handId":92,"id":920,"length":47.3066,"mcpPosition":[23.2528,196.425,115.439],"pipPosition":[-0.738154,190.227,79.4007],"stabilizedTipPosition":[-12.2768,190.31,33.9732],"timeVisible":4.04842,"tipPosition":[-8.41031,189.097,32.0712],"tipVelocity":[-18.0372,-52.5851,1.32188],"tool":false,"touchDistance":0.259922,"touchZone":"hovering","type":0,"width":16.8683},{"bases":[[[0.793866,0.477883,-0.376039],[-0.264877,0.828393,0.493564],[0.547374,-0.292219,0.784213]],[[0.830071,0.456364,-0.320491],[-0.366193,0.879504,0.303933],[0.420577,-0.134925,0.897168]],[[0.830071,0.456364,-0.320491],[-0.553816,0.741963,-0.377861],[0.0653498,0.491145,0.868623]],[[0.830071,0.456364,-0.320491],[-0.50558,0.373351,-0.777816],[-0.235312,0.807676,0.540636]]],"btipPosition":[-27.2089,217.912,3.94722],"carpPosition":[22.2589,217.116,116.924],"dipPosition":[-30.8583,230.438,12.3318],"direction":[-0.0653498,-0.491145,-0.868623],"extended":false,"handId":92,"id":921,"length":53.3803,"mcpPosition":[-13.0231,235.952,66.3765],"pipPosition":[-29.4246,241.213,31.3892],"stabilizedTipPosition":[-16.2696,208.843,20.8022],"timeVisible":4.04842,"tipPosition":[-22.0674,212.599,12.4532],"tipVelocity":[-220.037,364.494,-315.975],"tool":false,"touchDistance":0.0910713,"touchZone":"hovering","type":1,"width":16.1126},{"bases":[[[0.893964,0.28574,-0.345225],[-0.114769,0.890643,0.439982],[0.433193,-0.353707,0.828997]],[[0.862785,0.308896,-0.400231],[-0.16781,0.921734,0.349637],[0.476908,-0.234499,0.847094]],[[0.862785,0.308896,-0.400231],[-0.351141,0.935675,-0.0348139],[0.363732,0.170575,0.915753]],[[0.862785,0.308896,-0.400231],[-0.443862,0.841818,-0.307131],[0.24205,0.442636,0.863415]]],"btipPosition":[-30.8091,243.53,-12.8582],"carpPosition":[30.0536,223.602,113.243],"dipPosition":[-26.6803,251.08,1.86972],"direction":[-0.363732,-0.170575,-0.915753],"extended":true,"handId":92,"id":922,"length":60.8225,"mcpPosition":[3.57413,245.223,62.5693],"pipPosition":[-17.2916,255.483,25.5072],"stabilizedTipPosition":[-31.1281,245.832,-8.46415],"timeVisible":4.04842,"tipPosition":[-30.6418,244.391,-9.26581],"tipVelocity":[96.5198,-2.5891,-69.9846],"tool":false,"touchDistance":-0.311464,"touchZone":"touching","type":2,"width":15.8248},{"bases":[[[0.95406,0.162616,-0.251647],[-0.0367385,0.897052,0.440395],[0.297356,-0.410918,0.861815]],[[0.910836,0.211363,-0.354547],[-0.122566,0.9587,0.256654],[0.394152,-0.190315,0.899124]],[[0.910836,0.211363,-0.354547],[-0.297408,0.931678,-0.208625],[0.286228,0.295468,0.911467]],[[0.910836,0.211363,-0.354547],[-0.373672,0.787117,-0.49073],[0.175348,0.579459,0.795915]]],"btipPosition":[-3.24918,240.633,-10.8838],"carpPosition":[39.2266,227.62,109.296],"dipPosition":[-0.27533,250.46,2.6147],"direction":[-0.286228,-0.295468,-0.911467],"extended":true,"handId":92,"id":923,"length":58.4825,"mcpPosition":[22.9073,250.171,61.999],"pipPosition":[6.922,257.89,25.5339],"stabilizedTipPosition":[-3.62678,243.233,-7.16019],"timeVisible":4.04842,"tipPosition":[-3.89557,247.354,-8.45411],"tipVelocity":[86.8276,16.8619,-52.6124],"tool":false,"touchDistance":-0.269088,"touchZone":"touching","type":3,"width":15.0583},{"bases":[[[0.974931,-0.0365056,-0.219494],[0.138516,0.871573,0.470291],[0.174137,-0.488905,0.85478]],[[0.942796,0.0293497,-0.332076],[0.0100404,0.993165,0.116284],[0.33322,-0.112966,0.936057]],[[0.942796,0.0293497,-0.332076],[-0.213231,0.818795,-0.533017],[0.256259,0.573335,0.778215]],[[0.942796,0.0293497,-0.332076],[-0.301289,0.501379,-0.811076],[0.142691,0.86473,0.481541]]],"btipPosition":[24.1495,230.482,9.43558],"carpPosition":[50.4733,225.727,104.255],"dipPosition":[26.382,244.012,16.9698],"direction":[-0.256259,-0.573335,-0.778215],"extended":false,"handId":92,"id":924,"length":45.8492,"mcpPosition":[41.6266,250.565,60.8297],"pipPosition":[30.9316,254.191,30.786],"stabilizedTipPosition":[23.1923,236.943,10.524],"timeVisible":4.04842,"tipPosition":[22.9486,239.356,8.45821],"tipVelocity":[96.2125,-87.6635,2.94827],"tool":false,"touchDistance":0.344856,"touchZone":"hovering","type":4,"width":13.3759}],"r":[[0.855058,0.516739,-0.0430812],[-0.518512,0.852794,-0.0623554],[0.00451796,0.0756556,0.997124]],"s":0.725911,"t":[-146.931,67.8623,155.394],"timestamp":7800245421},{"currentFrameRate":114.908,"devices":[],"gestures":[],"hands":[{"armBasis":[[0.866352,0.420837,-0.268943],[-0.0845288,0.65428,0.751513],[0.492229,-0.628342,0.60241]],"armWidth":53.9175,"confidence":1,"direction":[-0.431359,0.483929,-0.761408],"elbow":[167.431,56.0904,268.174],"grabAngle":1.165,"grabStrength":0.0588106,"id":92,"palmNormal":[0.183508,-0.779257,-0.599235],"palmPosition":[16.5835,232.606,76.0449],"palmVelocity":[41.4825,-5.15309,-23.2257],"palmWidth":79.7196,"pinchDistance":55.427,"pinchStrength":0.0374514,"r":[[0.855404,0.516328,-0.0410977],[-0.517961,0.852798,-0.0667195],[0.000598867,0.0783592,0.996925]],"s":0.734541,"sphereCenter":[27.4759,196.951,22.6158],"sphereRadius":64.664,"stabilizedPalmPosition":[17.7926,235.126,77.1983],"t":[-146.689,67.7629,155.218],"timeVisible":4.05667,"type":"right","wrist":[50.9906,204.729,125.67]}],"id":116434,"interactionBox":{"center":[0,200,0],"size":[235.247,235.247,147.751]},"pointables":[{"bases":[[[0.107139,0.951658,0.28787],[-0.624614,-0.160843,0.76419],[0.773549,-0.261682,0.577186]],[[-0.252831,0.967506,-0.00301677],[-0.797791,-0.206714,0.566391],[0.547363,0.145608,0.824131]],[[-0.252831,0.967506,-0.00301677],[-0.882185,-0.229252,0.411332],[0.397274,0.106659,0.911481]],[[-0.252831,0.967506,-0.00301677],[-0.953671,-0.248687,0.169311],[0.163059,0.045684,0.985558]]],"btipPosition":[-16.5345,185.91,30.2853],"carpPosition":[23.1634,196.549,115.475],"dipPosition":[-13.0705,186.88,51.2222],"direction":[-0.397274,-0.106659,-0.911481],"extended":false,"handId":92,"id":920,"length":47.3066,"mcpPosition":[23.1634,196.549,115.475],"pipPosition":[-0.775314,190.181,79.4316],"stabilizedTipPosition":[-12.4151,190.143,34.0182],"timeVisible":4.05667,"tipPosition":[-8.20061,188.785,32.0341],"tipVelocity":[-13.5947,-40.584,6.29113],"tool":false,"touchDistance":0.260787,"touchZone":"hovering","type":0,"width":16.8683},{"bases":[[[0.798354,0.47381,-0.371665],[-0.266558,0.831485,0.487422],[0.539979,-0.290065,0.790117]],[[0.837022,0.450436,-0.310646],[-0.351457,0.87772,0.325708],[0.419371,-0.163446,0.89298]],[[0.837022,0.450436,-0.310646],[-0.521061,0.829445,-0.201284],[0.166998,0.330345,0.928969]],[[0.837022,0.450436,-0.310646],[-0.542937,0.613249,-0.573712],[-0.0679174,0.648871,0.757861]]],"btipPosition":[-31.5529,225.009,-1.03299],"carpPosition":[22.2175,217.25,116.854],"dipPosition":[-32.6062,235.073,10.7205],"direction":[-0.166998,-0.330345,-0.928969],"extended":true,"handId":92,"id":921,"length":53.3803,"mcpPosition":[-12.588,235.946,65.9259],"pipPosition":[-28.9423,242.32,31.1019],"stabilizedTipPosition":[-19.0544,212.158,17.3706],"timeVisible":4.05667,"tipPosition":[-25.082,217.799,8.27269],"tipVelocity":[-453.952,791.287,-509.494],"tool":false,"touchDistance":0.226109,"touchZone":"hovering","type":1,"width":16.1126},{"bases":[[[0.897633,0.281528,-0.339112],[-0.11583,0.893047,0.434799],[0.425251,-0.35101,0.834238]],[[0.86839,0.303544,-0.392121],[-0.166357,0.92326,0.346288],[0.467144,-0.235481,0.852247]],[[0.86839,0.303544,-0.392121],[-0.347825,0.936461,-0.0453708],[0.353434,0.175789,0.918794]],[[0.86839,0.303544,-0.392121],[-0.439237,0.837856,-0.324143],[0.230149,0.453717,0.860914]]],"btipPosition":[-29.4199,243.178,-13.4755],"carpPosition":[30.0613,223.696,113.207],"dipPosition":[-25.494,250.917,1.20976],"direction":[-0.353434,-0.175789,-0.918794],"extended":true,"handId":92,"id":922,"length":60.8225,"mcpPosition":[4.06732,245.152,62.2133],"pipPosition":[-16.3712,255.455,24.9257],"stabilizedTipPosition":[-30.492,245.619,-8.86212],"timeVisible":4.05667,"tipPosition":[-29.5354,244.091,-9.90285],"tipVelocity":[162.652,-37.3658,-75.9758],"tool":false,"touchDistance":-0.318058,"touchZone":"touching","type":2,"width":15.8248},{"bases":[[[0.956589,0.158677,-0.244456],[-0.0377867,0.899235,0.435832],[0.28898,-0.407675,0.866194]],[[0.915665,0.205811,-0.345253],[-0.118586,0.959055,0.257198],[0.384051,-0.194565,0.902579]],[[0.915665,0.205811,-0.345253],[-0.288847,0.934252,-0.209144],[0.279509,0.291231,0.914909]],[[0.915665,0.205811,-0.345253],[-0.364093,0.788594,-0.495536],[0.170278,0.579449,0.797022]]],"btipPosition":[-2.073,240.782,-11.3475],"carpPosition":[39.2785,227.668,109.318],"dipPosition":[0.814858,250.609,2.16974],"direction":[-0.279509,-0.291231,-0.914909],"extended":true,"handId":92,"id":923,"length":58.4825,"mcpPosition":[23.4189,250.042,61.7807],"pipPosition":[7.84324,257.933,25.1755],"stabilizedTipPosition":[-3.02326,243.181,-7.45361],"timeVisible":4.05667,"tipPosition":[-2.75618,246.83,-8.85666],"tipVelocity":[140.102,18.1116,-55.6594],"tool":false,"touchDistance":-0.276941,"touchZone":"touching","type":3,"width":15.0583},{"bases":[[[0.976612,-0.0403486,-0.21119],[0.137138,0.873394,0.467307],[0.165597,-0.485339,0.858501]],[[0.946953,0.022826,-0.320559],[0.0118271,0.994323,0.105741],[0.321153,-0.103923,0.941308]],[[0.946953,0.022826,-0.320559],[-0.207143,0.805975,-0.554524],[0.245705,0.59151,0.767949]],[[0.946953,0.022826,-0.320559],[-0.292158,0.476669,-0.829114],[0.133875,0.878786,0.458052]]],"btipPosition":[25.3838,229.46,9.75267],"carpPosition":[50.5611,225.719,104.38],"dipPosition":[27.4784,243.21,16.9194],"direction":[-0.245705,-0.59151,-0.767949],"extended":false,"handId":92,"id":924,"length":45.8492,"mcpPosition":[42.1483,250.376,60.7655],"pipPosition":[31.8406,253.711,30.5533],"stabilizedTipPosition":[23.5419,236.378,10.6387],"timeVisible":4.05667,"tipPosition":[23.9698,238.667,8.44336],"tipVelocity":[145.7,-117.66,28.1755],"tool":false,"touchDistance":0.347192,"touchZone":"hovering","type":4,"w